{
  "field" : "golden",
  "symmetry" : "icosahedral",
  "orientations" : [ [ 1.0, 0.0, 0.0, 0.0, 0.0, 1.0, 0.0, 0.0, 0.0, 0.0, 1.0, 0.0, 0.0, 0.0, 0.0, 1.0 ], [ 0.0, 0.0, 1.0, 0.0, 1.0, 0.0, 0.0, 0.0, 0.0, 1.0, 0.0, 0.0, 0.0, 0.0, 0.0, 1.0 ], [ 0.0, 1.0, 0.0, 0.0, 0.0, 0.0, 1.0, 0.0, 1.0, 0.0, 0.0, 0.0, 0.0, 0.0, 0.0, 1.0 ], [ 0.809017, 0.309017, 0.5, 0.0, 0.309017, 0.5, -0.809017, 0.0, -0.5, 0.809017, 0.309017, 0.0, 0.0, 0.0, 0.0, 1.0 ], [ -0.5, 0.809017, 0.309017, 0.0, 0.809017, 0.309017, 0.5, 0.0, 0.309017, 0.5, -0.809017, 0.0, 0.0, 0.0, 0.0, 1.0 ], [ 0.309017, 0.5, -0.809017, 0.0, -0.5, 0.809017, 0.309017, 0.0, 0.809017, 0.309017, 0.5, 0.0, 0.0, 0.0, 0.0, 1.0 ], [ 0.5, 0.809017, 0.309017, 0.0, 0.809017, -0.309017, -0.5, 0.0, -0.309017, 0.5, -0.809017, 0.0, 0.0, 0.0, 0.0, 1.0 ], [ -0.309017, 0.5, -0.809017, 0.0, 0.5, 0.809017, 0.309017, 0.0, 0.809017, -0.309017, -0.5, 0.0, 0.0, 0.0, 0.0, 1.0 ], [ 0.809017, -0.309017, -0.5, 0.0, -0.309017, 0.5, -0.809017, 0.0, 0.5, 0.809017, 0.309017, 0.0, 0.0, 0.0, 0.0, 1.0 ], [ 0.5, 0.809017, -0.309017, 0.0, 0.809017, -0.309017, 0.5, 0.0, 0.309017, -0.5, -0.809017, 0.0, 0.0, 0.0, 0.0, 1.0 ], [ 0.309017, -0.5, -0.809017, 0.0, 0.5, 0.809017, -0.309017, 0.0, 0.809017, -0.309017, 0.5, 0.0, 0.0, 0.0, 0.0, 1.0 ], [ 0.809017, -0.309017, 0.5, 0.0, 0.309017, -0.5, -0.809017, 0.0, 0.5, 0.809017, -0.309017, 0.0, 0.0, 0.0, 0.0, 1.0 ], [ 0.809017, 0.309017, -0.5, 0.0, 0.309017, 0.5, 0.809017, 0.0, 0.5, -0.809017, 0.309017, 0.0, 0.0, 0.0, 0.0, 1.0 ], [ 0.5, -0.809017, 0.309017, 0.0, 0.809017, 0.309017, -0.5, 0.0, 0.309017, 0.5, 0.809017, 0.0, 0.0, 0.0, 0.0, 1.0 ], [ 0.309017, 0.5, 0.809017, 0.0, 0.5, -0.809017, 0.309017, 0.0, 0.809017, 0.309017, -0.5, 0.0, 0.0, 0.0, 0.0, 1.0 ], [ 1.0, 0.0, 0.0, 0.0, 0.0, -1.0, 0.0, 0.0, 0.0, 0.0, -1.0, 0.0, 0.0, 0.0, 0.0, 1.0 ], [ 0.0, 0.0, 1.0, 0.0, -1.0, 0.0, 0.0, 0.0, 0.0, -1.0, 0.0, 0.0, 0.0, 0.0, 0.0, 1.0 ], [ 0.0, 1.0, 0.0, 0.0, 0.0, 0.0, -1.0, 0.0, -1.0, 0.0, 0.0, 0.0, 0.0, 0.0, 0.0, 1.0 ], [ 0.809017, 0.309017, 0.5, 0.0, -0.309017, -0.5, 0.809017, 0.0, 0.5, -0.809017, -0.309017, 0.0, 0.0, 0.0, 0.0, 1.0 ], [ -0.5, 0.809017, 0.309017, 0.0, -0.809017, -0.309017, -0.5, 0.0, -0.309017, -0.5, 0.809017, 0.0, 0.0, 0.0, 0.0, 1.0 ], [ 0.309017, 0.5, -0.809017, 0.0, 0.5, -0.809017, -0.309017, 0.0, -0.809017, -0.309017, -0.5, 0.0, 0.0, 0.0, 0.0, 1.0 ], [ 0.5, 0.809017, 0.309017, 0.0, -0.809017, 0.309017, 0.5, 0.0, 0.309017, -0.5, 0.809017, 0.0, 0.0, 0.0, 0.0, 1.0 ], [ -0.309017, 0.5, -0.809017, 0.0, -0.5, -0.809017, -0.309017, 0.0, -0.809017, 0.309017, 0.5, 0.0, 0.0, 0.0, 0.0, 1.0 ], [ 0.809017, -0.309017, -0.5, 0.0, 0.309017, -0.5, 0.809017, 0.0, -0.5, -0.809017, -0.309017, 0.0, 0.0, 0.0, 0.0, 1.0 ], [ 0.5, 0.809017, -0.309017, 0.0, -0.809017, 0.309017, -0.5, 0.0, -0.309017, 0.5, 0.809017, 0.0, 0.0, 0.0, 0.0, 1.0 ], [ 0.309017, -0.5, -0.809017, 0.0, -0.5, -0.809017, 0.309017, 0.0, -0.809017, 0.309017, -0.5, 0.0, 0.0, 0.0, 0.0, 1.0 ], [ 0.809017, -0.309017, 0.5, 0.0, -0.309017, 0.5, 0.809017, 0.0, -0.5, -0.809017, 0.309017, 0.0, 0.0, 0.0, 0.0, 1.0 ], [ 0.809017, 0.309017, -0.5, 0.0, -0.309017, -0.5, -0.809017, 0.0, -0.5, 0.809017, -0.309017, 0.0, 0.0, 0.0, 0.0, 1.0 ], [ 0.5, -0.809017, 0.309017, 0.0, -0.809017, -0.309017, 0.5, 0.0, -0.309017, -0.5, -0.809017, 0.0, 0.0, 0.0, 0.0, 1.0 ], [ 0.309017, 0.5, 0.809017, 0.0, -0.5, 0.809017, -0.309017, 0.0, -0.809017, -0.309017, 0.5, 0.0, 0.0, 0.0, 0.0, 1.0 ], [ -1.0, 0.0, 0.0, 0.0, 0.0, -1.0, 0.0, 0.0, 0.0, 0.0, 1.0, 0.0, 0.0, 0.0, 0.0, 1.0 ], [ 0.0, 0.0, -1.0, 0.0, -1.0, 0.0, 0.0, 0.0, 0.0, 1.0, 0.0, 0.0, 0.0, 0.0, 0.0, 1.0 ], [ 0.0, -1.0, 0.0, 0.0, 0.0, 0.0, -1.0, 0.0, 1.0, 0.0, 0.0, 0.0, 0.0, 0.0, 0.0, 1.0 ], [ -0.809017, -0.309017, -0.5, 0.0, -0.309017, -0.5, 0.809017, 0.0, -0.5, 0.809017, 0.309017, 0.0, 0.0, 0.0, 0.0, 1.0 ], [ 0.5, -0.809017, -0.309017, 0.0, -0.809017, -0.309017, -0.5, 0.0, 0.309017, 0.5, -0.809017, 0.0, 0.0, 0.0, 0.0, 1.0 ], [ -0.309017, -0.5, 0.809017, 0.0, 0.5, -0.809017, -0.309017, 0.0, 0.809017, 0.309017, 0.5, 0.0, 0.0, 0.0, 0.0, 1.0 ], [ -0.5, -0.809017, -0.309017, 0.0, -0.809017, 0.309017, 0.5, 0.0, -0.309017, 0.5, -0.809017, 0.0, 0.0, 0.0, 0.0, 1.0 ], [ 0.309017, -0.5, 0.809017, 0.0, -0.5, -0.809017, -0.309017, 0.0, 0.809017, -0.309017, -0.5, 0.0, 0.0, 0.0, 0.0, 1.0 ], [ -0.809017, 0.309017, 0.5, 0.0, 0.309017, -0.5, 0.809017, 0.0, 0.5, 0.809017, 0.309017, 0.0, 0.0, 0.0, 0.0, 1.0 ], [ -0.5, -0.809017, 0.309017, 0.0, -0.809017, 0.309017, -0.5, 0.0, 0.309017, -0.5, -0.809017, 0.0, 0.0, 0.0, 0.0, 1.0 ], [ -0.309017, 0.5, 0.809017, 0.0, -0.5, -0.809017, 0.309017, 0.0, 0.809017, -0.309017, 0.5, 0.0, 0.0, 0.0, 0.0, 1.0 ], [ -0.809017, 0.309017, -0.5, 0.0, -0.309017, 0.5, 0.809017, 0.0, 0.5, 0.809017, -0.309017, 0.0, 0.0, 0.0, 0.0, 1.0 ], [ -0.809017, -0.309017, 0.5, 0.0, -0.309017, -0.5, -0.809017, 0.0, 0.5, -0.809017, 0.309017, 0.0, 0.0, 0.0, 0.0, 1.0 ], [ -0.5, 0.809017, -0.309017, 0.0, -0.809017, -0.309017, 0.5, 0.0, 0.309017, 0.5, 0.809017, 0.0, 0.0, 0.0, 0.0, 1.0 ], [ -0.309017, -0.5, -0.809017, 0.0, -0.5, 0.809017, -0.309017, 0.0, 0.809017, 0.309017, -0.5, 0.0, 0.0, 0.0, 0.0, 1.0 ], [ -1.0, 0.0, 0.0, 0.0, 0.0, 1.0, 0.0, 0.0, 0.0, 0.0, -1.0, 0.0, 0.0, 0.0, 0.0, 1.0 ], [ 0.0, 0.0, -1.0, 0.0, 1.0, 0.0, 0.0, 0.0, 0.0, -1.0, 0.0, 0.0, 0.0, 0.0, 0.0, 1.0 ], [ 0.0, -1.0, 0.0, 0.0, 0.0, 0.0, 1.0, 0.0, -1.0, 0.0, 0.0, 0.0, 0.0, 0.0, 0.0, 1.0 ], [ -0.809017, -0.309017, -0.5, 0.0, 0.309017, 0.5, -0.809017, 0.0, 0.5, -0.809017, -0.309017, 0.0, 0.0, 0.0, 0.0, 1.0 ], [ 0.5, -0.809017, -0.309017, 0.0, 0.809017, 0.309017, 0.5, 0.0, -0.309017, -0.5, 0.809017, 0.0, 0.0, 0.0, 0.0, 1.0 ], [ -0.309017, -0.5, 0.809017, 0.0, -0.5, 0.809017, 0.309017, 0.0, -0.809017, -0.309017, -0.5, 0.0, 0.0, 0.0, 0.0, 1.0 ], [ -0.5, -0.809017, -0.309017, 0.0, 0.809017, -0.309017, -0.5, 0.0, 0.309017, -0.5, 0.809017, 0.0, 0.0, 0.0, 0.0, 1.0 ], [ 0.309017, -0.5, 0.809017, 0.0, 0.5, 0.809017, 0.309017, 0.0, -0.809017, 0.309017, 0.5, 0.0, 0.0, 0.0, 0.0, 1.0 ], [ -0.809017, 0.309017, 0.5, 0.0, -0.309017, 0.5, -0.809017, 0.0, -0.5, -0.809017, -0.309017, 0.0, 0.0, 0.0, 0.0, 1.0 ], [ -0.5, -0.809017, 0.309017, 0.0, 0.809017, -0.309017, 0.5, 0.0, -0.309017, 0.5, 0.809017, 0.0, 0.0, 0.0, 0.0, 1.0 ], [ -0.309017, 0.5, 0.809017, 0.0, 0.5, 0.809017, -0.309017, 0.0, -0.809017, 0.309017, -0.5, 0.0, 0.0, 0.0, 0.0, 1.0 ], [ -0.809017, 0.309017, -0.5, 0.0, 0.309017, -0.5, -0.809017, 0.0, -0.5, -0.809017, 0.309017, 0.0, 0.0, 0.0, 0.0, 1.0 ], [ -0.809017, -0.309017, 0.5, 0.0, 0.309017, 0.5, 0.809017, 0.0, -0.5, 0.809017, -0.309017, 0.0, 0.0, 0.0, 0.0, 1.0 ], [ -0.5, 0.809017, -0.309017, 0.0, 0.809017, 0.309017, -0.5, 0.0, -0.309017, -0.5, -0.809017, 0.0, 0.0, 0.0, 0.0, 1.0 ], [ -0.309017, -0.5, -0.809017, 0.0, 0.5, -0.809017, 0.309017, 0.0, -0.809017, -0.309017, 0.5, 0.0, 0.0, 0.0, 0.0, 1.0 ] ],
  "lights" : {
    "backgroundColor" : "#AFC8DC",
    "ambientColor" : "#292929",
    "directionalLights" : [ {
      "direction" : {
        "x" : 1.0,
        "y" : -1.0,
        "z" : -1.0
      },
      "color" : "#EBEBE4"
    }, {
      "direction" : {
        "x" : -1.0,
        "y" : 0.0,
        "z" : 0.0
      },
      "color" : "#E4E4EB"
    }, {
      "direction" : {
        "x" : 0.0,
        "y" : 0.0,
        "z" : -1.0
      },
      "color" : "#1E1E1E"
    } ]
  },
  "camera" : {
    "width" : 130.36937,
    "stereo" : false,
    "viewDistance" : 289.70972,
    "nearClipDistance" : 0.7242743,
    "farClipDistance" : 579.41943,
    "lookAtPoint" : {
      "x" : 0.0,
      "y" : 0.0,
      "z" : 0.0
    },
    "fieldOfView" : 0.44262886,
    "perspective" : false,
    "lookDirection" : {
      "x" : -0.12110627,
      "y" : 0.20086552,
      "z" : 0.9721011
    },
    "upDirection" : {
      "x" : 0.79783106,
      "y" : 0.6023538,
      "z" : -0.025070745
    },
    "position" : {
      "x" : 35.085663,
      "y" : -58.19269,
      "z" : -281.62714
    }
  },
  "embedding" : [ 1.0, 0.0, 0.0, 0.0, 0.0, 1.0, 0.0, 0.0, 0.0, 0.0, 1.0, 0.0, 0.0, 0.0, 0.0, 1.0 ],
  "shapes" : [ {
    "id" : "435e7a1e-8c08-40c1-9853-1a2bae2b9c7a",
    "vertices" : [ {
      "x" : -11.09017,
      "y" : 11.09017,
      "z" : -24.798374
    }, {
      "x" : -9.472136,
      "y" : 15.326238,
      "z" : -24.798374
    }, {
      "x" : -4.236068,
      "y" : 13.708204,
      "z" : -29.034441
    }, {
      "x" : -9.472136,
      "y" : 0.0,
      "z" : -29.034441
    }, {
      "x" : -15.326238,
      "y" : 0.0,
      "z" : -24.798374
    } ],
    "faces" : [ {
      "vertices" : [ 0, 1, 2 ]
    }, {
      "vertices" : [ 0, 2, 3 ]
    }, {
      "vertices" : [ 0, 3, 4 ]
    }, {
      "vertices" : [ 0, 4, 3 ]
    }, {
      "vertices" : [ 0, 3, 2 ]
    }, {
      "vertices" : [ 0, 2, 1 ]
    } ]
  }, {
    "id" : "92ead6c1-6504-4043-b245-65428c275648",
    "vertices" : [ {
      "x" : 13.708204,
      "y" : -29.034441,
      "z" : -4.236068
    }, {
      "x" : 11.09017,
      "y" : -29.034441,
      "z" : 0.0
    }, {
      "x" : 15.326238,
      "y" : -27.416409,
      "z" : -2.618034
    } ],
    "faces" : [ {
      "vertices" : [ 0, 1, 2 ]
    }, {
      "vertices" : [ 0, 2, 1 ]
    } ]
  }, {
    "id" : "459390a4-e724-4970-a283-f150488df2e3",
    "vertices" : [ {
      "x" : -24.798374,
      "y" : -17.944271,
      "z" : -6.854102
    }, {
      "x" : -22.18034,
      "y" : -20.562305,
      "z" : -4.236068
    }, {
      "x" : -22.18034,
      "y" : -17.944271,
      "z" : -11.09017
    } ],
    "faces" : [ {
      "vertices" : [ 0, 1, 2 ]
    }, {
      "vertices" : [ 0, 2, 1 ]
    } ]
  }, {
    "id" : "69248485-fc63-4305-b03b-aa70dbcad065",
    "vertices" : [ {
      "x" : 4.236068,
      "y" : 13.708204,
      "z" : 29.034441
    }, {
      "x" : 6.854102,
      "y" : 6.854102,
      "z" : 29.034441
    }, {
      "x" : 2.618034,
      "y" : 6.854102,
      "z" : 30.652475
    } ],
    "faces" : [ {
      "vertices" : [ 0, 1, 2 ]
    }, {
      "vertices" : [ 0, 2, 1 ]
    } ]
  }, {
    "id" : "ae565c5d-23e7-4e10-9608-b51f716a6119",
    "vertices" : [ {
      "x" : 15.326238,
      "y" : 0.0,
      "z" : -24.798374
    }, {
      "x" : 20.562305,
      "y" : -4.236068,
      "z" : -22.18034
    }, {
      "x" : 22.18034,
      "y" : 0.0,
      "z" : -22.18034
    } ],
    "faces" : [ {
      "vertices" : [ 0, 1, 2 ]
    }, {
      "vertices" : [ 0, 2, 1 ]
    } ]
  }, {
    "id" : "25d1e8e6-971d-4f53-95a8-db503cf91703",
    "vertices" : [ {
      "x" : 11.09017,
      "y" : 29.034441,
      "z" : 0.0
    }, {
      "x" : 13.708204,
      "y" : 29.034441,
      "z" : -4.236068
    }, {
      "x" : 15.326238,
      "y" : 27.416409,
      "z" : 2.618034
    } ],
    "faces" : [ {
      "vertices" : [ 0, 1, 2 ]
    }, {
      "vertices" : [ 0, 2, 1 ]
    } ]
  }, {
    "id" : "1fb0d463-4ebe-4165-91dd-a084e4aec55f",
    "vertices" : [ {
      "x" : 29.034441,
      "y" : 11.09017,
      "z" : -4.236068
    }, {
      "x" : 26.416409,
      "y" : 13.708204,
      "z" : -6.854102
    }, {
      "x" : 29.034441,
      "y" : 6.854102,
      "z" : -6.854102
    } ],
    "faces" : [ {
      "vertices" : [ 0, 1, 2 ]
    }, {
      "vertices" : [ 0, 2, 1 ]
    } ]
  }, {
    "id" : "a4b0f167-8271-43f4-b1ed-68bbeafba755",
    "vertices" : [ {
      "x" : 17.944271,
      "y" : -22.18034,
      "z" : -6.854102
    }, {
      "x" : 15.326238,
      "y" : -24.798374,
      "z" : -9.472136
    }, {
      "x" : 17.944271,
      "y" : -22.18034,
      "z" : -15.326238
    }, {
      "x" : 26.416409,
      "y" : -13.708204,
      "z" : -6.854102
    }, {
      "x" : 24.798374,
      "y" : -15.326238,
      "z" : 0.0
    } ],
    "faces" : [ {
      "vertices" : [ 0, 1, 2 ]
    }, {
      "vertices" : [ 0, 2, 3 ]
    }, {
      "vertices" : [ 0, 3, 4 ]
    }, {
      "vertices" : [ 0, 4, 3 ]
    }, {
      "vertices" : [ 0, 3, 2 ]
    }, {
      "vertices" : [ 0, 2, 1 ]
    } ]
  }, {
    "id" : "1b9cf3c4-8806-46ba-b57d-9d15fffd4b99",
    "vertices" : [ {
      "x" : -15.326238,
      "y" : 0.0,
      "z" : -24.798374
    }, {
      "x" : -9.472136,
      "y" : 0.0,
      "z" : -29.034441
    }, {
      "x" : -11.09017,
      "y" : 4.236068,
      "z" : -29.034441
    } ],
    "faces" : [ {
      "vertices" : [ 0, 1, 2 ]
    }, {
      "vertices" : [ 0, 2, 1 ]
    } ]
  }, {
    "id" : "c0738d2f-fc03-4006-b9f1-2b65265a258f",
    "vertices" : [ {
      "x" : 17.944271,
      "y" : -22.18034,
      "z" : 15.326238
    }, {
      "x" : 11.09017,
      "y" : -22.18034,
      "z" : 17.944271
    }, {
      "x" : 13.708204,
      "y" : -19.562305,
      "z" : 20.562305
    } ],
    "faces" : [ {
      "vertices" : [ 0, 1, 2 ]
    }, {
      "vertices" : [ 0, 2, 1 ]
    } ]
  }, {
    "id" : "7970fcd3-f4e5-4d94-b234-23f6f31db2a9",
    "vertices" : [ {
      "x" : -15.326238,
      "y" : 24.798374,
      "z" : 9.472136
    }, {
      "x" : -17.944271,
      "y" : 22.18034,
      "z" : 15.326238
    }, {
      "x" : -19.562305,
      "y" : 20.562305,
      "z" : 13.708204
    } ],
    "faces" : [ {
      "vertices" : [ 0, 1, 2 ]
    }, {
      "vertices" : [ 0, 2, 1 ]
    } ]
  }, {
    "id" : "d21e3525-9f23-416d-b481-afde26740abf",
    "vertices" : [ {
      "x" : -11.09017,
      "y" : 29.034441,
      "z" : 5.236068
    }, {
      "x" : -11.09017,
      "y" : 29.034441,
      "z" : 0.0
    }, {
      "x" : -22.18034,
      "y" : 17.944271,
      "z" : 11.09017
    }, {
      "x" : -19.562305,
      "y" : 20.562305,
      "z" : 13.708204
    } ],
    "faces" : [ {
      "vertices" : [ 0, 1, 2 ]
    }, {
      "vertices" : [ 0, 2, 3 ]
    }, {
      "vertices" : [ 0, 3, 2 ]
    }, {
      "vertices" : [ 0, 2, 1 ]
    } ]
  }, {
    "id" : "252554c6-f9d4-45b6-9748-02a0c692bad7",
    "vertices" : [ {
      "x" : 6.854102,
      "y" : -17.944271,
      "z" : -22.18034
    }, {
      "x" : 9.472136,
      "y" : -15.326238,
      "z" : -24.798374
    }, {
      "x" : 15.326238,
      "y" : -17.944271,
      "z" : -22.18034
    }, {
      "x" : 6.854102,
      "y" : -26.416409,
      "z" : -13.708204
    }, {
      "x" : 0.0,
      "y" : -24.798374,
      "z" : -15.326238
    } ],
    "faces" : [ {
      "vertices" : [ 0, 1, 2 ]
    }, {
      "vertices" : [ 0, 2, 3 ]
    }, {
      "vertices" : [ 0, 3, 4 ]
    }, {
      "vertices" : [ 0, 4, 3 ]
    }, {
      "vertices" : [ 0, 3, 2 ]
    }, {
      "vertices" : [ 0, 2, 1 ]
    } ]
  }, {
    "id" : "fa1c3ebd-6490-4363-ac85-79211e0bb785",
    "vertices" : [ {
      "x" : -19.562305,
      "y" : 20.562305,
      "z" : 13.708204
    }, {
      "x" : -17.944271,
      "y" : 17.944271,
      "z" : 17.944271
    }, {
      "x" : -6.854102,
      "y" : 29.034441,
      "z" : 6.854102
    }, {
      "x" : -11.09017,
      "y" : 29.034441,
      "z" : 5.236068
    } ],
    "faces" : [ {
      "vertices" : [ 0, 1, 2 ]
    }, {
      "vertices" : [ 0, 2, 3 ]
    }, {
      "vertices" : [ 0, 3, 2 ]
    }, {
      "vertices" : [ 0, 2, 1 ]
    } ]
  }, {
    "id" : "09950ab3-6e95-46f3-860c-3fef71fea819",
    "vertices" : [ {
      "x" : 0.0,
      "y" : -24.798374,
      "z" : 15.326238
    }, {
      "x" : 4.236068,
      "y" : -22.18034,
      "z" : 20.562305
    }, {
      "x" : 6.854102,
      "y" : -24.798374,
      "z" : 17.944271
    } ],
    "faces" : [ {
      "vertices" : [ 0, 1, 2 ]
    }, {
      "vertices" : [ 0, 2, 1 ]
    } ]
  }, {
    "id" : "2a50186c-dc38-426e-a0bf-2c47243d08a5",
    "vertices" : [ {
      "x" : -29.034441,
      "y" : 4.236068,
      "z" : 13.708204
    }, {
      "x" : -29.034441,
      "y" : 0.0,
      "z" : 11.09017
    }, {
      "x" : -29.034441,
      "y" : 5.236068,
      "z" : 11.09017
    } ],
    "faces" : [ {
      "vertices" : [ 0, 1, 2 ]
    }, {
      "vertices" : [ 0, 2, 1 ]
    } ]
  }, {
    "id" : "95ad0602-d43e-43e9-87b4-d7cc53276361",
    "vertices" : [ {
      "x" : -15.326238,
      "y" : 24.798374,
      "z" : 9.472136
    }, {
      "x" : -13.708204,
      "y" : 29.034441,
      "z" : 4.236068
    }, {
      "x" : -11.09017,
      "y" : 29.034441,
      "z" : 5.236068
    } ],
    "faces" : [ {
      "vertices" : [ 0, 1, 2 ]
    }, {
      "vertices" : [ 0, 2, 1 ]
    } ]
  }, {
    "id" : "70c296dd-b032-42ab-83c3-d3e990771cd8",
    "vertices" : [ {
      "x" : -17.944271,
      "y" : -17.944271,
      "z" : -17.944271
    }, {
      "x" : -22.18034,
      "y" : -15.326238,
      "z" : -17.944271
    }, {
      "x" : -19.562305,
      "y" : -20.562305,
      "z" : -13.708204
    } ],
    "faces" : [ {
      "vertices" : [ 0, 1, 2 ]
    }, {
      "vertices" : [ 0, 2, 1 ]
    } ]
  }, {
    "id" : "c7dd7afb-e483-4b35-8874-1d9a669f2b71",
    "vertices" : [ {
      "x" : 22.18034,
      "y" : 0.0,
      "z" : 22.18034
    }, {
      "x" : 20.562305,
      "y" : 4.236068,
      "z" : 22.18034
    }, {
      "x" : 24.798374,
      "y" : 0.0,
      "z" : 17.944271
    } ],
    "faces" : [ {
      "vertices" : [ 0, 1, 2 ]
    }, {
      "vertices" : [ 0, 2, 1 ]
    } ]
  }, {
    "id" : "9b1807e1-e90e-4151-9cf1-738cbcad3d22",
    "vertices" : [ {
      "x" : 15.326238,
      "y" : 0.0,
      "z" : -24.798374
    }, {
      "x" : 13.708204,
      "y" : -6.854102,
      "z" : -26.416409
    }, {
      "x" : 11.09017,
      "y" : -4.236068,
      "z" : -29.034441
    } ],
    "faces" : [ {
      "vertices" : [ 0, 1, 2 ]
    }, {
      "vertices" : [ 0, 2, 1 ]
    } ]
  }, {
    "id" : "42063c8d-8fb2-44c7-b0bf-818ed278b892",
    "vertices" : [ {
      "x" : -24.798374,
      "y" : 9.472136,
      "z" : 15.326238
    }, {
      "x" : -22.18034,
      "y" : 15.326238,
      "z" : 17.944271
    }, {
      "x" : -20.562305,
      "y" : 13.708204,
      "z" : 19.562305
    } ],
    "faces" : [ {
      "vertices" : [ 0, 1, 2 ]
    }, {
      "vertices" : [ 0, 2, 1 ]
    } ]
  }, {
    "id" : "302e6b58-f775-4cb2-ae95-242ed3d061bb",
    "vertices" : [ {
      "x" : 24.798374,
      "y" : 15.326238,
      "z" : 0.0
    }, {
      "x" : 22.18034,
      "y" : 20.562305,
      "z" : -4.236068
    }, {
      "x" : 24.798374,
      "y" : 17.944271,
      "z" : -6.854102
    } ],
    "faces" : [ {
      "vertices" : [ 0, 1, 2 ]
    }, {
      "vertices" : [ 0, 2, 1 ]
    } ]
  }, {
    "id" : "a82252b7-ca15-438a-9f8c-add8dbf9a115",
    "vertices" : [ {
      "x" : -6.854102,
      "y" : -31.652475,
      "z" : 0.0
    }, {
      "x" : -6.854102,
      "y" : -29.034441,
      "z" : -6.854102
    }, {
      "x" : -11.09017,
      "y" : -29.034441,
      "z" : -5.236068
    } ],
    "faces" : [ {
      "vertices" : [ 0, 1, 2 ]
    }, {
      "vertices" : [ 0, 2, 1 ]
    } ]
  }, {
    "id" : "d6b2bbeb-3465-481c-a25a-981d2a69251c",
    "vertices" : [ {
      "x" : 17.944271,
      "y" : 17.944271,
      "z" : -17.944271
    }, {
      "x" : 22.18034,
      "y" : 15.326238,
      "z" : -17.944271
    }, {
      "x" : 19.562305,
      "y" : 20.562305,
      "z" : -13.708204
    } ],
    "faces" : [ {
      "vertices" : [ 0, 1, 2 ]
    }, {
      "vertices" : [ 0, 2, 1 ]
    } ]
  }, {
    "id" : "08921fb6-168d-44a4-bb25-1e87460e1a2a",
    "vertices" : [ {
      "x" : -2.618034,
      "y" : -6.854102,
      "z" : 30.652475
    }, {
      "x" : 0.0,
      "y" : -11.09017,
      "z" : 29.034441
    }, {
      "x" : 6.854102,
      "y" : 6.854102,
      "z" : 29.034441
    }, {
      "x" : 2.618034,
      "y" : 6.854102,
      "z" : 30.652475
    } ],
    "faces" : [ {
      "vertices" : [ 0, 1, 2 ]
    }, {
      "vertices" : [ 0, 2, 3 ]
    }, {
      "vertices" : [ 0, 3, 2 ]
    }, {
      "vertices" : [ 0, 2, 1 ]
    } ]
  }, {
    "id" : "c1c7077e-e0e3-4eb6-9dc1-418ad98adc84",
    "vertices" : [ {
      "x" : 0.0,
      "y" : 24.798374,
      "z" : -15.326238
    }, {
      "x" : 4.236068,
      "y" : 22.18034,
      "z" : -20.562305
    }, {
      "x" : 6.854102,
      "y" : 24.798374,
      "z" : -17.944271
    } ],
    "faces" : [ {
      "vertices" : [ 0, 1, 2 ]
    }, {
      "vertices" : [ 0, 2, 1 ]
    } ]
  }, {
    "id" : "75ea3437-5250-467d-94f1-d9e580274073",
    "vertices" : [ {
      "x" : -17.944271,
      "y" : 11.09017,
      "z" : 22.18034
    }, {
      "x" : -22.18034,
      "y" : 0.0,
      "z" : 22.18034
    }, {
      "x" : -24.798374,
      "y" : 0.0,
      "z" : 17.944271
    }, {
      "x" : -22.18034,
      "y" : 6.854102,
      "z" : 17.944271
    } ],
    "faces" : [ {
      "vertices" : [ 0, 1, 2 ]
    }, {
      "vertices" : [ 0, 2, 3 ]
    }, {
      "vertices" : [ 0, 3, 2 ]
    }, {
      "vertices" : [ 0, 2, 1 ]
    } ]
  }, {
    "id" : "82b258f6-7e6f-4dcb-b935-0b3872dc4764",
    "vertices" : [ {
      "x" : 24.798374,
      "y" : 17.944271,
      "z" : -6.854102
    }, {
      "x" : 22.18034,
      "y" : 20.562305,
      "z" : -4.236068
    }, {
      "x" : 22.18034,
      "y" : 17.944271,
      "z" : -11.09017
    } ],
    "faces" : [ {
      "vertices" : [ 0, 1, 2 ]
    }, {
      "vertices" : [ 0, 2, 1 ]
    } ]
  }, {
    "id" : "29dd1ec0-0d1b-4584-ad15-819258c4e388",
    "vertices" : [ {
      "x" : 22.18034,
      "y" : -15.326238,
      "z" : -17.944271
    }, {
      "x" : 17.944271,
      "y" : -17.944271,
      "z" : -17.944271
    }, {
      "x" : 22.18034,
      "y" : -16.326239,
      "z" : -15.326238
    } ],
    "faces" : [ {
      "vertices" : [ 0, 1, 2 ]
    }, {
      "vertices" : [ 0, 2, 1 ]
    } ]
  }, {
    "id" : "248c2e3c-5284-4db0-b3d2-b94b2347083a",
    "vertices" : [ {
      "x" : -11.09017,
      "y" : -22.18034,
      "z" : -17.944271
    }, {
      "x" : 0.0,
      "y" : -22.18034,
      "z" : -22.18034
    }, {
      "x" : 0.0,
      "y" : -17.944271,
      "z" : -24.798374
    }, {
      "x" : -6.854102,
      "y" : -17.944271,
      "z" : -22.18034
    } ],
    "faces" : [ {
      "vertices" : [ 0, 1, 2 ]
    }, {
      "vertices" : [ 0, 2, 3 ]
    }, {
      "vertices" : [ 0, 3, 2 ]
    }, {
      "vertices" : [ 0, 2, 1 ]
    } ]
  }, {
    "id" : "961e6486-ccf1-4a9c-b994-808350f6b45f",
    "vertices" : [ {
      "x" : 0.0,
      "y" : 24.798374,
      "z" : -15.326238
    }, {
      "x" : 0.0,
      "y" : 29.034441,
      "z" : -9.472136
    }, {
      "x" : 4.236068,
      "y" : 29.034441,
      "z" : -11.09017
    } ],
    "faces" : [ {
      "vertices" : [ 0, 1, 2 ]
    }, {
      "vertices" : [ 0, 2, 1 ]
    } ]
  }, {
    "id" : "b79922ad-a63c-457b-811e-11a3590fccde",
    "vertices" : [ {
      "x" : 0.0,
      "y" : 0.0,
      "z" : 30.652475
    }, {
      "x" : 0.0,
      "y" : -6.854102,
      "z" : 31.652475
    }, {
      "x" : -2.618034,
      "y" : -6.854102,
      "z" : 30.652475
    } ],
    "faces" : [ {
      "vertices" : [ 0, 1, 2 ]
    }, {
      "vertices" : [ 0, 2, 1 ]
    } ]
  }, {
    "id" : "06b16308-9df3-4ab8-bb5b-e3636e0ba1e4",
    "vertices" : [ {
      "x" : 15.326238,
      "y" : 0.0,
      "z" : -24.798374
    }, {
      "x" : 20.562305,
      "y" : 4.236068,
      "z" : -22.18034
    }, {
      "x" : 22.18034,
      "y" : 0.0,
      "z" : -22.18034
    } ],
    "faces" : [ {
      "vertices" : [ 0, 1, 2 ]
    }, {
      "vertices" : [ 0, 2, 1 ]
    } ]
  }, {
    "id" : "78e09ab3-f304-4d68-aba3-7bbb7e539501",
    "vertices" : [ {
      "x" : 17.944271,
      "y" : -17.944271,
      "z" : -17.944271
    }, {
      "x" : 22.18034,
      "y" : -15.326238,
      "z" : -17.944271
    }, {
      "x" : 16.326239,
      "y" : -15.326238,
      "z" : -22.18034
    } ],
    "faces" : [ {
      "vertices" : [ 0, 1, 2 ]
    }, {
      "vertices" : [ 0, 2, 1 ]
    } ]
  }, {
    "id" : "cda39911-c8fe-4a7b-bd20-de9ccc62d12e",
    "vertices" : [ {
      "x" : -11.09017,
      "y" : -4.236068,
      "z" : 29.034441
    }, {
      "x" : -9.472136,
      "y" : 0.0,
      "z" : 29.034441
    }, {
      "x" : -6.854102,
      "y" : -6.854102,
      "z" : 29.034441
    } ],
    "faces" : [ {
      "vertices" : [ 0, 1, 2 ]
    }, {
      "vertices" : [ 0, 2, 1 ]
    } ]
  }, {
    "id" : "fecdd799-ffb4-486b-96b2-5eb8092e82f4",
    "vertices" : [ {
      "x" : 11.09017,
      "y" : 4.236068,
      "z" : -29.034441
    }, {
      "x" : 13.708204,
      "y" : 6.854102,
      "z" : -26.416409
    }, {
      "x" : 6.854102,
      "y" : 6.854102,
      "z" : -29.034441
    } ],
    "faces" : [ {
      "vertices" : [ 0, 1, 2 ]
    }, {
      "vertices" : [ 0, 2, 1 ]
    } ]
  }, {
    "id" : "d787897e-88e4-479e-adf4-7d617ef17ee2",
    "vertices" : [ {
      "x" : 0.0,
      "y" : 24.798374,
      "z" : 15.326238
    }, {
      "x" : 4.236068,
      "y" : 22.18034,
      "z" : 20.562305
    }, {
      "x" : 6.854102,
      "y" : 24.798374,
      "z" : 17.944271
    } ],
    "faces" : [ {
      "vertices" : [ 0, 1, 2 ]
    }, {
      "vertices" : [ 0, 2, 1 ]
    } ]
  }, {
    "id" : "8404cece-9efc-42c4-bc59-c13698bc8be1",
    "vertices" : [ {
      "x" : 17.944271,
      "y" : -24.798374,
      "z" : 0.0
    }, {
      "x" : 24.798374,
      "y" : -17.944271,
      "z" : -6.854102
    }, {
      "x" : 22.18034,
      "y" : -17.944271,
      "z" : -11.09017
    }, {
      "x" : 17.944271,
      "y" : -22.18034,
      "z" : -6.854102
    } ],
    "faces" : [ {
      "vertices" : [ 0, 1, 2 ]
    }, {
      "vertices" : [ 0, 2, 3 ]
    }, {
      "vertices" : [ 0, 3, 2 ]
    }, {
      "vertices" : [ 0, 2, 1 ]
    } ]
  }, {
    "id" : "1a8220b0-1798-4a10-b2b5-db2100a0aa96",
    "vertices" : [ {
      "x" : 17.944271,
      "y" : -6.854102,
      "z" : 24.798374
    }, {
      "x" : 20.562305,
      "y" : -4.236068,
      "z" : 22.18034
    }, {
      "x" : 17.944271,
      "y" : -11.09017,
      "z" : 22.18034
    } ],
    "faces" : [ {
      "vertices" : [ 0, 1, 2 ]
    }, {
      "vertices" : [ 0, 2, 1 ]
    } ]
  }, {
    "id" : "9c02524f-86c1-4ade-ab8c-aa60f930c43f",
    "vertices" : [ {
      "x" : 6.854102,
      "y" : 24.798374,
      "z" : -17.944271
    }, {
      "x" : 4.236068,
      "y" : 22.18034,
      "z" : -20.562305
    }, {
      "x" : 11.09017,
      "y" : 22.18034,
      "z" : -17.944271
    } ],
    "faces" : [ {
      "vertices" : [ 0, 1, 2 ]
    }, {
      "vertices" : [ 0, 2, 1 ]
    } ]
  }, {
    "id" : "0de0e682-9dd1-440f-b028-7165db7ab971",
    "vertices" : [ {
      "x" : -22.18034,
      "y" : -15.326238,
      "z" : -17.944271
    }, {
      "x" : -22.18034,
      "y" : -17.944271,
      "z" : -11.09017
    }, {
      "x" : -19.562305,
      "y" : -20.562305,
      "z" : -13.708204
    } ],
    "faces" : [ {
      "vertices" : [ 0, 1, 2 ]
    }, {
      "vertices" : [ 0, 2, 1 ]
    } ]
  }, {
    "id" : "e65350c1-fc13-4648-a88a-c5d82266c1e4",
    "vertices" : [ {
      "x" : 30.652475,
      "y" : 2.618034,
      "z" : 6.854102
    }, {
      "x" : 29.034441,
      "y" : 0.0,
      "z" : 11.09017
    }, {
      "x" : 29.034441,
      "y" : -6.854102,
      "z" : -6.854102
    }, {
      "x" : 30.652475,
      "y" : -2.618034,
      "z" : -6.854102
    } ],
    "faces" : [ {
      "vertices" : [ 0, 1, 2 ]
    }, {
      "vertices" : [ 0, 2, 3 ]
    }, {
      "vertices" : [ 0, 3, 2 ]
    }, {
      "vertices" : [ 0, 2, 1 ]
    } ]
  }, {
    "id" : "07102739-36a9-41da-8310-34d82f1efc85",
    "vertices" : [ {
      "x" : 17.944271,
      "y" : -22.18034,
      "z" : -15.326238
    }, {
      "x" : 22.18034,
      "y" : -17.944271,
      "z" : -11.09017
    }, {
      "x" : 22.18034,
      "y" : -16.326239,
      "z" : -15.326238
    } ],
    "faces" : [ {
      "vertices" : [ 0, 1, 2 ]
    }, {
      "vertices" : [ 0, 2, 1 ]
    } ]
  }, {
    "id" : "29e4e485-1f9b-403f-abd8-78f324505b78",
    "vertices" : [ {
      "x" : -30.652475,
      "y" : 0.0,
      "z" : 0.0
    }, {
      "x" : -31.652475,
      "y" : 0.0,
      "z" : -6.854102
    }, {
      "x" : -30.652475,
      "y" : 2.618034,
      "z" : -6.854102
    } ],
    "faces" : [ {
      "vertices" : [ 0, 1, 2 ]
    }, {
      "vertices" : [ 0, 2, 1 ]
    } ]
  }, {
    "id" : "d7addf9c-4fb5-4366-9194-2ffd49ee7cb1",
    "vertices" : [ {
      "x" : 19.562305,
      "y" : -20.562305,
      "z" : 13.708204
    }, {
      "x" : 17.944271,
      "y" : -17.944271,
      "z" : 17.944271
    }, {
      "x" : 6.854102,
      "y" : -29.034441,
      "z" : 6.854102
    }, {
      "x" : 11.09017,
      "y" : -29.034441,
      "z" : 5.236068
    } ],
    "faces" : [ {
      "vertices" : [ 0, 1, 2 ]
    }, {
      "vertices" : [ 0, 2, 3 ]
    }, {
      "vertices" : [ 0, 3, 2 ]
    }, {
      "vertices" : [ 0, 2, 1 ]
    } ]
  }, {
    "id" : "ce40a43c-2874-409d-96ed-8229d13c83ba",
    "vertices" : [ {
      "x" : -17.944271,
      "y" : -17.944271,
      "z" : -17.944271
    }, {
      "x" : -15.326238,
      "y" : -17.944271,
      "z" : -22.18034
    }, {
      "x" : -20.562305,
      "y" : -13.708204,
      "z" : -19.562305
    } ],
    "faces" : [ {
      "vertices" : [ 0, 1, 2 ]
    }, {
      "vertices" : [ 0, 2, 1 ]
    } ]
  }, {
    "id" : "bdc53cc0-0792-4a32-86d3-f984f9930509",
    "vertices" : [ {
      "x" : 11.09017,
      "y" : -11.09017,
      "z" : -24.798374
    }, {
      "x" : 9.472136,
      "y" : -15.326238,
      "z" : -24.798374
    }, {
      "x" : 4.236068,
      "y" : -13.708204,
      "z" : -29.034441
    }, {
      "x" : 9.472136,
      "y" : 0.0,
      "z" : -29.034441
    }, {
      "x" : 15.326238,
      "y" : 0.0,
      "z" : -24.798374
    } ],
    "faces" : [ {
      "vertices" : [ 0, 1, 2 ]
    }, {
      "vertices" : [ 0, 2, 3 ]
    }, {
      "vertices" : [ 0, 3, 4 ]
    }, {
      "vertices" : [ 0, 4, 3 ]
    }, {
      "vertices" : [ 0, 3, 2 ]
    }, {
      "vertices" : [ 0, 2, 1 ]
    } ]
  }, {
    "id" : "5351dc77-c8d6-4bfb-a6a2-be044ded1301",
    "vertices" : [ {
      "x" : -17.944271,
      "y" : 22.18034,
      "z" : 15.326238
    }, {
      "x" : -11.09017,
      "y" : 22.18034,
      "z" : 17.944271
    }, {
      "x" : -13.708204,
      "y" : 19.562305,
      "z" : 20.562305
    } ],
    "faces" : [ {
      "vertices" : [ 0, 1, 2 ]
    }, {
      "vertices" : [ 0, 2, 1 ]
    } ]
  }, {
    "id" : "4176ddc0-5a04-49b6-b6a6-3ed7ad3d5485",
    "vertices" : [ {
      "x" : 29.034441,
      "y" : 6.854102,
      "z" : -6.854102
    }, {
      "x" : 24.798374,
      "y" : 17.944271,
      "z" : -6.854102
    }, {
      "x" : 22.18034,
      "y" : 17.944271,
      "z" : -11.09017
    }, {
      "x" : 24.798374,
      "y" : 11.09017,
      "z" : -11.09017
    } ],
    "faces" : [ {
      "vertices" : [ 0, 1, 2 ]
    }, {
      "vertices" : [ 0, 2, 3 ]
    }, {
      "vertices" : [ 0, 3, 2 ]
    }, {
      "vertices" : [ 0, 2, 1 ]
    } ]
  }, {
    "id" : "7c944dda-4bb8-4660-a069-c329e4874cd7",
    "vertices" : [ {
      "x" : 17.944271,
      "y" : -22.18034,
      "z" : 15.326238
    }, {
      "x" : 17.944271,
      "y" : -17.944271,
      "z" : 17.944271
    }, {
      "x" : 19.562305,
      "y" : -20.562305,
      "z" : 13.708204
    } ],
    "faces" : [ {
      "vertices" : [ 0, 1, 2 ]
    }, {
      "vertices" : [ 0, 2, 1 ]
    } ]
  }, {
    "id" : "71a77ee2-3667-4821-b201-8c92d432a391",
    "vertices" : [ {
      "x" : -6.854102,
      "y" : 30.652475,
      "z" : -2.618034
    }, {
      "x" : -11.09017,
      "y" : 29.034441,
      "z" : 0.0
    }, {
      "x" : 6.854102,
      "y" : 29.034441,
      "z" : 6.854102
    }, {
      "x" : 6.854102,
      "y" : 30.652475,
      "z" : 2.618034
    } ],
    "faces" : [ {
      "vertices" : [ 0, 1, 2 ]
    }, {
      "vertices" : [ 0, 2, 3 ]
    }, {
      "vertices" : [ 0, 3, 2 ]
    }, {
      "vertices" : [ 0, 2, 1 ]
    } ]
  }, {
    "id" : "09e3d09f-cad5-4681-9c36-b286775a3429",
    "vertices" : [ {
      "x" : 0.0,
      "y" : 11.09017,
      "z" : -29.034441
    }, {
      "x" : -4.236068,
      "y" : 13.708204,
      "z" : -29.034441
    }, {
      "x" : -2.618034,
      "y" : 6.854102,
      "z" : -30.652475
    } ],
    "faces" : [ {
      "vertices" : [ 0, 1, 2 ]
    }, {
      "vertices" : [ 0, 2, 1 ]
    } ]
  }, {
    "id" : "bff2c873-708d-4af1-9329-88e1a09b662f",
    "vertices" : [ {
      "x" : 13.708204,
      "y" : -29.034441,
      "z" : 4.236068
    }, {
      "x" : 11.09017,
      "y" : -29.034441,
      "z" : 0.0
    }, {
      "x" : 11.09017,
      "y" : -29.034441,
      "z" : 5.236068
    } ],
    "faces" : [ {
      "vertices" : [ 0, 1, 2 ]
    }, {
      "vertices" : [ 0, 2, 1 ]
    } ]
  }, {
    "id" : "d693ca73-65ed-4379-a042-c3968155e989",
    "vertices" : [ {
      "x" : 29.034441,
      "y" : -11.09017,
      "z" : -4.236068
    }, {
      "x" : 29.034441,
      "y" : -9.472136,
      "z" : 0.0
    }, {
      "x" : 29.034441,
      "y" : -6.854102,
      "z" : -6.854102
    } ],
    "faces" : [ {
      "vertices" : [ 0, 1, 2 ]
    }, {
      "vertices" : [ 0, 2, 1 ]
    } ]
  }, {
    "id" : "e564581d-417d-45b7-b6e4-3e7230cf1f4f",
    "vertices" : [ {
      "x" : 13.708204,
      "y" : -19.562305,
      "z" : 20.562305
    }, {
      "x" : 17.944271,
      "y" : -17.944271,
      "z" : 17.944271
    }, {
      "x" : 6.854102,
      "y" : -6.854102,
      "z" : 29.034441
    }, {
      "x" : 5.236068,
      "y" : -11.09017,
      "z" : 29.034441
    } ],
    "faces" : [ {
      "vertices" : [ 0, 1, 2 ]
    }, {
      "vertices" : [ 0, 2, 3 ]
    }, {
      "vertices" : [ 0, 3, 2 ]
    }, {
      "vertices" : [ 0, 2, 1 ]
    } ]
  }, {
    "id" : "7c8af999-0ba3-4109-b3da-46059adc7160",
    "vertices" : [ {
      "x" : -11.09017,
      "y" : -29.034441,
      "z" : 0.0
    }, {
      "x" : -6.854102,
      "y" : -31.652475,
      "z" : 0.0
    }, {
      "x" : -11.09017,
      "y" : -29.034441,
      "z" : -5.236068
    } ],
    "faces" : [ {
      "vertices" : [ 0, 1, 2 ]
    }, {
      "vertices" : [ 0, 2, 1 ]
    } ]
  }, {
    "id" : "f8d8280f-6bbe-4fc7-920b-441d9bd53820",
    "vertices" : [ {
      "x" : 15.326238,
      "y" : 0.0,
      "z" : -24.798374
    }, {
      "x" : 13.708204,
      "y" : -6.854102,
      "z" : -26.416409
    }, {
      "x" : 17.944271,
      "y" : -6.854102,
      "z" : -24.798374
    } ],
    "faces" : [ {
      "vertices" : [ 0, 1, 2 ]
    }, {
      "vertices" : [ 0, 2, 1 ]
    } ]
  }, {
    "id" : "61f11d23-fdbc-42b0-885d-be51d71c7b23",
    "vertices" : [ {
      "x" : -15.326238,
      "y" : -27.416409,
      "z" : 2.618034
    }, {
      "x" : -11.09017,
      "y" : -29.034441,
      "z" : 0.0
    }, {
      "x" : -11.09017,
      "y" : -22.18034,
      "z" : 17.944271
    }, {
      "x" : -15.326238,
      "y" : -22.18034,
      "z" : 16.326239
    } ],
    "faces" : [ {
      "vertices" : [ 0, 1, 2 ]
    }, {
      "vertices" : [ 0, 2, 3 ]
    }, {
      "vertices" : [ 0, 3, 2 ]
    }, {
      "vertices" : [ 0, 2, 1 ]
    } ]
  }, {
    "id" : "c2d6bfc0-11a4-4be6-8043-9e98b8b28181",
    "vertices" : [ {
      "x" : 15.326238,
      "y" : -24.798374,
      "z" : 9.472136
    }, {
      "x" : 17.944271,
      "y" : -22.18034,
      "z" : 15.326238
    }, {
      "x" : 19.562305,
      "y" : -20.562305,
      "z" : 13.708204
    } ],
    "faces" : [ {
      "vertices" : [ 0, 1, 2 ]
    }, {
      "vertices" : [ 0, 2, 1 ]
    } ]
  }, {
    "id" : "7e88f7ee-95e8-47dc-9a49-cb00e19400a7",
    "vertices" : [ {
      "x" : 11.09017,
      "y" : 11.09017,
      "z" : 24.798374
    }, {
      "x" : 9.472136,
      "y" : 15.326238,
      "z" : 24.798374
    }, {
      "x" : 4.236068,
      "y" : 13.708204,
      "z" : 29.034441
    }, {
      "x" : 9.472136,
      "y" : 0.0,
      "z" : 29.034441
    }, {
      "x" : 15.326238,
      "y" : 0.0,
      "z" : 24.798374
    } ],
    "faces" : [ {
      "vertices" : [ 0, 1, 2 ]
    }, {
      "vertices" : [ 0, 2, 3 ]
    }, {
      "vertices" : [ 0, 3, 4 ]
    }, {
      "vertices" : [ 0, 4, 3 ]
    }, {
      "vertices" : [ 0, 3, 2 ]
    }, {
      "vertices" : [ 0, 2, 1 ]
    } ]
  }, {
    "id" : "77aaf665-ca9f-4611-9d42-792be9c0ea7b",
    "vertices" : [ {
      "x" : 0.0,
      "y" : 24.798374,
      "z" : -15.326238
    }, {
      "x" : -4.236068,
      "y" : 22.18034,
      "z" : -20.562305
    }, {
      "x" : -6.854102,
      "y" : 24.798374,
      "z" : -17.944271
    } ],
    "faces" : [ {
      "vertices" : [ 0, 1, 2 ]
    }, {
      "vertices" : [ 0, 2, 1 ]
    } ]
  }, {
    "id" : "2a17376f-0554-4298-a763-299676c368fc",
    "vertices" : [ {
      "x" : -15.326238,
      "y" : 0.0,
      "z" : 24.798374
    }, {
      "x" : -13.708204,
      "y" : 6.854102,
      "z" : 26.416409
    }, {
      "x" : -11.09017,
      "y" : 4.236068,
      "z" : 29.034441
    } ],
    "faces" : [ {
      "vertices" : [ 0, 1, 2 ]
    }, {
      "vertices" : [ 0, 2, 1 ]
    } ]
  }, {
    "id" : "db8b02da-f679-4cb8-9379-cb46b9cf33c2",
    "vertices" : [ {
      "x" : 13.708204,
      "y" : 29.034441,
      "z" : -4.236068
    }, {
      "x" : 11.09017,
      "y" : 29.034441,
      "z" : 0.0
    }, {
      "x" : 11.09017,
      "y" : 29.034441,
      "z" : -5.236068
    } ],
    "faces" : [ {
      "vertices" : [ 0, 1, 2 ]
    }, {
      "vertices" : [ 0, 2, 1 ]
    } ]
  }, {
    "id" : "7ecfc756-9537-4a5e-81e3-feb17c8704a3",
    "vertices" : [ {
      "x" : -5.236068,
      "y" : 11.09017,
      "z" : 29.034441
    }, {
      "x" : 0.0,
      "y" : 11.09017,
      "z" : 29.034441
    }, {
      "x" : -11.09017,
      "y" : 22.18034,
      "z" : 17.944271
    }, {
      "x" : -13.708204,
      "y" : 19.562305,
      "z" : 20.562305
    } ],
    "faces" : [ {
      "vertices" : [ 0, 1, 2 ]
    }, {
      "vertices" : [ 0, 2, 3 ]
    }, {
      "vertices" : [ 0, 3, 2 ]
    }, {
      "vertices" : [ 0, 2, 1 ]
    } ]
  }, {
    "id" : "deaa7c21-f4d8-4e9f-a83c-683e586c7aee",
    "vertices" : [ {
      "x" : -24.798374,
      "y" : -15.326238,
      "z" : 0.0
    }, {
      "x" : -22.18034,
      "y" : -20.562305,
      "z" : -4.236068
    }, {
      "x" : -22.18034,
      "y" : -22.18034,
      "z" : 0.0
    } ],
    "faces" : [ {
      "vertices" : [ 0, 1, 2 ]
    }, {
      "vertices" : [ 0, 2, 1 ]
    } ]
  }, {
    "id" : "0d857497-20bf-4f67-a107-505731ac961c",
    "vertices" : [ {
      "x" : 17.944271,
      "y" : -17.944271,
      "z" : 17.944271
    }, {
      "x" : 17.944271,
      "y" : -22.18034,
      "z" : 15.326238
    }, {
      "x" : 13.708204,
      "y" : -19.562305,
      "z" : 20.562305
    } ],
    "faces" : [ {
      "vertices" : [ 0, 1, 2 ]
    }, {
      "vertices" : [ 0, 2, 1 ]
    } ]
  }, {
    "id" : "e5429088-ca63-4269-8b9b-3aa57bb9decc",
    "vertices" : [ {
      "x" : -17.944271,
      "y" : 22.18034,
      "z" : -15.326238
    }, {
      "x" : -17.944271,
      "y" : 17.944271,
      "z" : -17.944271
    }, {
      "x" : -15.326238,
      "y" : 22.18034,
      "z" : -16.326239
    } ],
    "faces" : [ {
      "vertices" : [ 0, 1, 2 ]
    }, {
      "vertices" : [ 0, 2, 1 ]
    } ]
  }, {
    "id" : "e1bf65cc-0b30-424d-84f2-4aa5a7f8b0d8",
    "vertices" : [ {
      "x" : 17.944271,
      "y" : 6.854102,
      "z" : 24.798374
    }, {
      "x" : 13.708204,
      "y" : 6.854102,
      "z" : 26.416409
    }, {
      "x" : 17.944271,
      "y" : 11.09017,
      "z" : 22.18034
    } ],
    "faces" : [ {
      "vertices" : [ 0, 1, 2 ]
    }, {
      "vertices" : [ 0, 2, 1 ]
    } ]
  }, {
    "id" : "d7137d96-dad4-41ad-9391-7550d3c6ff51",
    "vertices" : [ {
      "x" : 11.09017,
      "y" : -24.798374,
      "z" : 11.09017
    }, {
      "x" : 15.326238,
      "y" : -24.798374,
      "z" : 9.472136
    }, {
      "x" : 17.944271,
      "y" : -22.18034,
      "z" : 15.326238
    }, {
      "x" : 4.236068,
      "y" : -22.18034,
      "z" : 20.562305
    }, {
      "x" : 0.0,
      "y" : -24.798374,
      "z" : 15.326238
    } ],
    "faces" : [ {
      "vertices" : [ 0, 1, 2 ]
    }, {
      "vertices" : [ 0, 2, 3 ]
    }, {
      "vertices" : [ 0, 3, 4 ]
    }, {
      "vertices" : [ 0, 4, 3 ]
    }, {
      "vertices" : [ 0, 3, 2 ]
    }, {
      "vertices" : [ 0, 2, 1 ]
    } ]
  }, {
    "id" : "b2b9d20f-f384-48b6-b4a2-3b507f75e425",
    "vertices" : [ {
      "x" : 15.326238,
      "y" : 0.0,
      "z" : -24.798374
    }, {
      "x" : 13.708204,
      "y" : 6.854102,
      "z" : -26.416409
    }, {
      "x" : 17.944271,
      "y" : 6.854102,
      "z" : -24.798374
