{
  "field" : "golden",
  "symmetry" : "icosahedral",
  "orientations" : [ [ 1.0, 0.0, 0.0, 0.0, 0.0, 1.0, 0.0, 0.0, 0.0, 0.0, 1.0, 0.0, 0.0, 0.0, 0.0, 1.0 ], [ 0.0, 0.0, 1.0, 0.0, 1.0, 0.0, 0.0, 0.0, 0.0, 1.0, 0.0, 0.0, 0.0, 0.0, 0.0, 1.0 ], [ 0.0, 1.0, 0.0, 0.0, 0.0, 0.0, 1.0, 0.0, 1.0, 0.0, 0.0, 0.0, 0.0, 0.0, 0.0, 1.0 ], [ 0.809017, 0.309017, 0.5, 0.0, 0.309017, 0.5, -0.809017, 0.0, -0.5, 0.809017, 0.309017, 0.0, 0.0, 0.0, 0.0, 1.0 ], [ -0.5, 0.809017, 0.309017, 0.0, 0.809017, 0.309017, 0.5, 0.0, 0.309017, 0.5, -0.809017, 0.0, 0.0, 0.0, 0.0, 1.0 ], [ 0.309017, 0.5, -0.809017, 0.0, -0.5, 0.809017, 0.309017, 0.0, 0.809017, 0.309017, 0.5, 0.0, 0.0, 0.0, 0.0, 1.0 ], [ 0.5, 0.809017, 0.309017, 0.0, 0.809017, -0.309017, -0.5, 0.0, -0.309017, 0.5, -0.809017, 0.0, 0.0, 0.0, 0.0, 1.0 ], [ -0.309017, 0.5, -0.809017, 0.0, 0.5, 0.809017, 0.309017, 0.0, 0.809017, -0.309017, -0.5, 0.0, 0.0, 0.0, 0.0, 1.0 ], [ 0.809017, -0.309017, -0.5, 0.0, -0.309017, 0.5, -0.809017, 0.0, 0.5, 0.809017, 0.309017, 0.0, 0.0, 0.0, 0.0, 1.0 ], [ 0.5, 0.809017, -0.309017, 0.0, 0.809017, -0.309017, 0.5, 0.0, 0.309017, -0.5, -0.809017, 0.0, 0.0, 0.0, 0.0, 1.0 ], [ 0.309017, -0.5, -0.809017, 0.0, 0.5, 0.809017, -0.309017, 0.0, 0.809017, -0.309017, 0.5, 0.0, 0.0, 0.0, 0.0, 1.0 ], [ 0.809017, -0.309017, 0.5, 0.0, 0.309017, -0.5, -0.809017, 0.0, 0.5, 0.809017, -0.309017, 0.0, 0.0, 0.0, 0.0, 1.0 ], [ 0.809017, 0.309017, -0.5, 0.0, 0.309017, 0.5, 0.809017, 0.0, 0.5, -0.809017, 0.309017, 0.0, 0.0, 0.0, 0.0, 1.0 ], [ 0.5, -0.809017, 0.309017, 0.0, 0.809017, 0.309017, -0.5, 0.0, 0.309017, 0.5, 0.809017, 0.0, 0.0, 0.0, 0.0, 1.0 ], [ 0.309017, 0.5, 0.809017, 0.0, 0.5, -0.809017, 0.309017, 0.0, 0.809017, 0.309017, -0.5, 0.0, 0.0, 0.0, 0.0, 1.0 ], [ 1.0, 0.0, 0.0, 0.0, 0.0, -1.0, 0.0, 0.0, 0.0, 0.0, -1.0, 0.0, 0.0, 0.0, 0.0, 1.0 ], [ 0.0, 0.0, 1.0, 0.0, -1.0, 0.0, 0.0, 0.0, 0.0, -1.0, 0.0, 0.0, 0.0, 0.0, 0.0, 1.0 ], [ 0.0, 1.0, 0.0, 0.0, 0.0, 0.0, -1.0, 0.0, -1.0, 0.0, 0.0, 0.0, 0.0, 0.0, 0.0, 1.0 ], [ 0.809017, 0.309017, 0.5, 0.0, -0.309017, -0.5, 0.809017, 0.0, 0.5, -0.809017, -0.309017, 0.0, 0.0, 0.0, 0.0, 1.0 ], [ -0.5, 0.809017, 0.309017, 0.0, -0.809017, -0.309017, -0.5, 0.0, -0.309017, -0.5, 0.809017, 0.0, 0.0, 0.0, 0.0, 1.0 ], [ 0.309017, 0.5, -0.809017, 0.0, 0.5, -0.809017, -0.309017, 0.0, -0.809017, -0.309017, -0.5, 0.0, 0.0, 0.0, 0.0, 1.0 ], [ 0.5, 0.809017, 0.309017, 0.0, -0.809017, 0.309017, 0.5, 0.0, 0.309017, -0.5, 0.809017, 0.0, 0.0, 0.0, 0.0, 1.0 ], [ -0.309017, 0.5, -0.809017, 0.0, -0.5, -0.809017, -0.309017, 0.0, -0.809017, 0.309017, 0.5, 0.0, 0.0, 0.0, 0.0, 1.0 ], [ 0.809017, -0.309017, -0.5, 0.0, 0.309017, -0.5, 0.809017, 0.0, -0.5, -0.809017, -0.309017, 0.0, 0.0, 0.0, 0.0, 1.0 ], [ 0.5, 0.809017, -0.309017, 0.0, -0.809017, 0.309017, -0.5, 0.0, -0.309017, 0.5, 0.809017, 0.0, 0.0, 0.0, 0.0, 1.0 ], [ 0.309017, -0.5, -0.809017, 0.0, -0.5, -0.809017, 0.309017, 0.0, -0.809017, 0.309017, -0.5, 0.0, 0.0, 0.0, 0.0, 1.0 ], [ 0.809017, -0.309017, 0.5, 0.0, -0.309017, 0.5, 0.809017, 0.0, -0.5, -0.809017, 0.309017, 0.0, 0.0, 0.0, 0.0, 1.0 ], [ 0.809017, 0.309017, -0.5, 0.0, -0.309017, -0.5, -0.809017, 0.0, -0.5, 0.809017, -0.309017, 0.0, 0.0, 0.0, 0.0, 1.0 ], [ 0.5, -0.809017, 0.309017, 0.0, -0.809017, -0.309017, 0.5, 0.0, -0.309017, -0.5, -0.809017, 0.0, 0.0, 0.0, 0.0, 1.0 ], [ 0.309017, 0.5, 0.809017, 0.0, -0.5, 0.809017, -0.309017, 0.0, -0.809017, -0.309017, 0.5, 0.0, 0.0, 0.0, 0.0, 1.0 ], [ -1.0, 0.0, 0.0, 0.0, 0.0, -1.0, 0.0, 0.0, 0.0, 0.0, 1.0, 0.0, 0.0, 0.0, 0.0, 1.0 ], [ 0.0, 0.0, -1.0, 0.0, -1.0, 0.0, 0.0, 0.0, 0.0, 1.0, 0.0, 0.0, 0.0, 0.0, 0.0, 1.0 ], [ 0.0, -1.0, 0.0, 0.0, 0.0, 0.0, -1.0, 0.0, 1.0, 0.0, 0.0, 0.0, 0.0, 0.0, 0.0, 1.0 ], [ -0.809017, -0.309017, -0.5, 0.0, -0.309017, -0.5, 0.809017, 0.0, -0.5, 0.809017, 0.309017, 0.0, 0.0, 0.0, 0.0, 1.0 ], [ 0.5, -0.809017, -0.309017, 0.0, -0.809017, -0.309017, -0.5, 0.0, 0.309017, 0.5, -0.809017, 0.0, 0.0, 0.0, 0.0, 1.0 ], [ -0.309017, -0.5, 0.809017, 0.0, 0.5, -0.809017, -0.309017, 0.0, 0.809017, 0.309017, 0.5, 0.0, 0.0, 0.0, 0.0, 1.0 ], [ -0.5, -0.809017, -0.309017, 0.0, -0.809017, 0.309017, 0.5, 0.0, -0.309017, 0.5, -0.809017, 0.0, 0.0, 0.0, 0.0, 1.0 ], [ 0.309017, -0.5, 0.809017, 0.0, -0.5, -0.809017, -0.309017, 0.0, 0.809017, -0.309017, -0.5, 0.0, 0.0, 0.0, 0.0, 1.0 ], [ -0.809017, 0.309017, 0.5, 0.0, 0.309017, -0.5, 0.809017, 0.0, 0.5, 0.809017, 0.309017, 0.0, 0.0, 0.0, 0.0, 1.0 ], [ -0.5, -0.809017, 0.309017, 0.0, -0.809017, 0.309017, -0.5, 0.0, 0.309017, -0.5, -0.809017, 0.0, 0.0, 0.0, 0.0, 1.0 ], [ -0.309017, 0.5, 0.809017, 0.0, -0.5, -0.809017, 0.309017, 0.0, 0.809017, -0.309017, 0.5, 0.0, 0.0, 0.0, 0.0, 1.0 ], [ -0.809017, 0.309017, -0.5, 0.0, -0.309017, 0.5, 0.809017, 0.0, 0.5, 0.809017, -0.309017, 0.0, 0.0, 0.0, 0.0, 1.0 ], [ -0.809017, -0.309017, 0.5, 0.0, -0.309017, -0.5, -0.809017, 0.0, 0.5, -0.809017, 0.309017, 0.0, 0.0, 0.0, 0.0, 1.0 ], [ -0.5, 0.809017, -0.309017, 0.0, -0.809017, -0.309017, 0.5, 0.0, 0.309017, 0.5, 0.809017, 0.0, 0.0, 0.0, 0.0, 1.0 ], [ -0.309017, -0.5, -0.809017, 0.0, -0.5, 0.809017, -0.309017, 0.0, 0.809017, 0.309017, -0.5, 0.0, 0.0, 0.0, 0.0, 1.0 ], [ -1.0, 0.0, 0.0, 0.0, 0.0, 1.0, 0.0, 0.0, 0.0, 0.0, -1.0, 0.0, 0.0, 0.0, 0.0, 1.0 ], [ 0.0, 0.0, -1.0, 0.0, 1.0, 0.0, 0.0, 0.0, 0.0, -1.0, 0.0, 0.0, 0.0, 0.0, 0.0, 1.0 ], [ 0.0, -1.0, 0.0, 0.0, 0.0, 0.0, 1.0, 0.0, -1.0, 0.0, 0.0, 0.0, 0.0, 0.0, 0.0, 1.0 ], [ -0.809017, -0.309017, -0.5, 0.0, 0.309017, 0.5, -0.809017, 0.0, 0.5, -0.809017, -0.309017, 0.0, 0.0, 0.0, 0.0, 1.0 ], [ 0.5, -0.809017, -0.309017, 0.0, 0.809017, 0.309017, 0.5, 0.0, -0.309017, -0.5, 0.809017, 0.0, 0.0, 0.0, 0.0, 1.0 ], [ -0.309017, -0.5, 0.809017, 0.0, -0.5, 0.809017, 0.309017, 0.0, -0.809017, -0.309017, -0.5, 0.0, 0.0, 0.0, 0.0, 1.0 ], [ -0.5, -0.809017, -0.309017, 0.0, 0.809017, -0.309017, -0.5, 0.0, 0.309017, -0.5, 0.809017, 0.0, 0.0, 0.0, 0.0, 1.0 ], [ 0.309017, -0.5, 0.809017, 0.0, 0.5, 0.809017, 0.309017, 0.0, -0.809017, 0.309017, 0.5, 0.0, 0.0, 0.0, 0.0, 1.0 ], [ -0.809017, 0.309017, 0.5, 0.0, -0.309017, 0.5, -0.809017, 0.0, -0.5, -0.809017, -0.309017, 0.0, 0.0, 0.0, 0.0, 1.0 ], [ -0.5, -0.809017, 0.309017, 0.0, 0.809017, -0.309017, 0.5, 0.0, -0.309017, 0.5, 0.809017, 0.0, 0.0, 0.0, 0.0, 1.0 ], [ -0.309017, 0.5, 0.809017, 0.0, 0.5, 0.809017, -0.309017, 0.0, -0.809017, 0.309017, -0.5, 0.0, 0.0, 0.0, 0.0, 1.0 ], [ -0.809017, 0.309017, -0.5, 0.0, 0.309017, -0.5, -0.809017, 0.0, -0.5, -0.809017, 0.309017, 0.0, 0.0, 0.0, 0.0, 1.0 ], [ -0.809017, -0.309017, 0.5, 0.0, 0.309017, 0.5, 0.809017, 0.0, -0.5, 0.809017, -0.309017, 0.0, 0.0, 0.0, 0.0, 1.0 ], [ -0.5, 0.809017, -0.309017, 0.0, 0.809017, 0.309017, -0.5, 0.0, -0.309017, -0.5, -0.809017, 0.0, 0.0, 0.0, 0.0, 1.0 ], [ -0.309017, -0.5, -0.809017, 0.0, 0.5, -0.809017, 0.309017, 0.0, -0.809017, -0.309017, 0.5, 0.0, 0.0, 0.0, 0.0, 1.0 ] ],
  "lights" : {
    "ambientColor" : "#292929",
    "backgroundColor" : "#CCCCCC",
    "directionalLights" : [ {
      "direction" : {
        "x" : 1.0,
        "y" : -1.0,
        "z" : -1.0
      },
      "color" : "#EBEBE4"
    }, {
      "direction" : {
        "x" : -1.0,
        "y" : 0.0,
        "z" : 0.0
      },
      "color" : "#E4E4EB"
    }, {
      "direction" : {
        "x" : 0.0,
        "y" : 0.0,
        "z" : -1.0
      },
      "color" : "#1E1E1E"
    } ]
  },
  "camera" : {
    "width" : 130.36931,
    "stereo" : false,
    "lookDirection" : {
      "x" : 0.309017,
      "y" : 0.5,
      "z" : -0.809017
    },
    "upDirection" : {
      "x" : 0.21850799,
      "y" : 0.7905694,
      "z" : 0.5720614
    },
    "lookAtPoint" : {
      "x" : 0.0,
      "y" : 0.0,
      "z" : 0.0
    },
    "viewDistance" : 289.70972,
    "nearClipDistance" : 0.7242749,
    "farClipDistance" : 579.418,
    "fieldOfView" : 0.44262868,
    "perspective" : false,
    "position" : {
      "x" : -89.52523,
      "y" : -144.85486,
      "z" : 234.38008
    }
  },
  "embedding" : [ 1.0, 0.0, 0.0, 0.0, 0.0, 1.0, 0.0, 0.0, 0.0, 0.0, 1.0, 0.0, 0.0, 0.0, 0.0, 1.0 ],
  "shapes" : [ {
    "id" : "04da26fc-3668-4924-a081-cc2fad42b654",
    "vertices" : [ {
      "x" : 1.0,
      "y" : 0.309017,
      "z" : 0.19098301
    }, {
      "x" : 1.0,
      "y" : -0.309017,
      "z" : 0.19098301
    }, {
      "x" : 7.472136,
      "y" : -0.309017,
      "z" : 0.19098301
    }, {
      "x" : 7.472136,
      "y" : 0.309017,
      "z" : 0.19098301
    }, {
      "x" : 7.472136,
      "y" : -0.309017,
      "z" : -0.19098301
    }, {
      "x" : 7.472136,
      "y" : 0.309017,
      "z" : -0.19098301
    }, {
      "x" : 8.09017,
      "y" : 0.0,
      "z" : 0.0
    }, {
      "x" : 0.38196602,
      "y" : 0.0,
      "z" : 0.0
    }, {
      "x" : 1.0,
      "y" : 0.309017,
      "z" : -0.19098301
    }, {
      "x" : 1.0,
      "y" : -0.309017,
      "z" : -0.19098301
    }, {
      "x" : 8.472136,
      "y" : 0.0,
      "z" : 0.0
    } ],
    "faces" : [ {
      "vertices" : [ 1, 9, 4 ]
    }, {
      "vertices" : [ 1, 4, 2 ]
    }, {
      "vertices" : [ 0, 3, 5 ]
    }, {
      "vertices" : [ 0, 5, 8 ]
    }, {
      "vertices" : [ 1, 7, 9 ]
    }, {
      "vertices" : [ 0, 1, 2 ]
    }, {
      "vertices" : [ 0, 2, 3 ]
    }, {
      "vertices" : [ 7, 8, 9 ]
    }, {
      "vertices" : [ 0, 7, 1 ]
    }, {
      "vertices" : [ 4, 9, 8 ]
    }, {
      "vertices" : [ 4, 8, 5 ]
    }, {
      "vertices" : [ 2, 6, 3 ]
    }, {
      "vertices" : [ 2, 4, 6 ]
    }, {
      "vertices" : [ 3, 6, 5 ]
    }, {
      "vertices" : [ 4, 5, 6 ]
    }, {
      "vertices" : [ 0, 8, 7 ]
    } ]
  }, {
    "id" : "e4e59688-e86e-4d3f-805e-8fba7328845b",
    "vertices" : [ {
      "x" : 29.034441,
      "y" : -5.854102,
      "z" : 7.472136
    }, {
      "x" : 22.18034,
      "y" : -8.472136,
      "z" : 3.236068
    }, {
      "x" : 29.034441,
      "y" : -9.344814,
      "z" : -1.6666666
    }, {
      "x" : 35.888542,
      "y" : -6.72678,
      "z" : 2.5694013
    } ],
    "faces" : [ {
      "vertices" : [ 0, 1, 2 ]
    }, {
      "vertices" : [ 0, 2, 3 ]
    }, {
      "vertices" : [ 0, 3, 2 ]
    }, {
      "vertices" : [ 0, 2, 1 ]
    } ]
  }, {
    "id" : "ef21db35-11bb-46f3-ab6b-417fe9fc921a",
    "vertices" : [ {
      "x" : 0.309017,
      "y" : -0.309017,
      "z" : -0.309017
    }, {
      "x" : 0.5,
      "y" : 0.0,
      "z" : -0.19098301
    }, {
      "x" : 0.5,
      "y" : 0.0,
      "z" : 0.19098301
    }, {
      "x" : 0.309017,
      "y" : -0.309017,
      "z" : 0.309017
    }, {
      "x" : 0.19098301,
      "y" : -0.5,
      "z" : 0.0
    }, {
      "x" : 0.0,
      "y" : 0.19098301,
      "z" : 0.5
    }, {
      "x" : 0.0,
      "y" : -0.19098301,
      "z" : 0.5
    }, {
      "x" : 0.309017,
      "y" : 0.309017,
      "z" : 0.309017
    }, {
      "x" : -0.309017,
      "y" : -0.309017,
      "z" : 0.309017
    }, {
      "x" : -0.309017,
      "y" : 0.309017,
      "z" : 0.309017
    }, {
      "x" : -0.5,
      "y" : 0.0,
      "z" : 0.19098301
    }, {
      "x" : 0.0,
      "y" : -0.19098301,
      "z" : -0.5
    }, {
      "x" : 0.0,
      "y" : 0.19098301,
      "z" : -0.5
    }, {
      "x" : 0.309017,
      "y" : 0.309017,
      "z" : -0.309017
    }, {
      "x" : -0.309017,
      "y" : -0.309017,
      "z" : -0.309017
    }, {
      "x" : -0.19098301,
      "y" : -0.5,
      "z" : 0.0
    }, {
      "x" : -0.5,
      "y" : 0.0,
      "z" : -0.19098301
    }, {
      "x" : 0.19098301,
      "y" : 0.5,
      "z" : 0.0
    }, {
      "x" : -0.309017,
      "y" : 0.309017,
      "z" : -0.309017
    }, {
      "x" : 0.0,
      "y" : 0.0,
      "z" : 0.0
    }, {
      "x" : -0.19098301,
      "y" : 0.5,
      "z" : 0.0
    } ],
    "faces" : [ {
      "vertices" : [ 12, 18, 20 ]
    }, {
      "vertices" : [ 12, 20, 17 ]
    }, {
      "vertices" : [ 12, 17, 13 ]
    }, {
      "vertices" : [ 3, 6, 8 ]
    }, {
      "vertices" : [ 3, 8, 15 ]
    }, {
      "vertices" : [ 3, 15, 4 ]
    }, {
      "vertices" : [ 0, 11, 12 ]
    }, {
      "vertices" : [ 0, 12, 13 ]
    }, {
      "vertices" : [ 0, 13, 1 ]
    }, {
      "vertices" : [ 5, 9, 10 ]
    }, {
      "vertices" : [ 5, 10, 8 ]
    }, {
      "vertices" : [ 5, 8, 6 ]
    }, {
      "vertices" : [ 2, 7, 5 ]
    }, {
      "vertices" : [ 2, 5, 6 ]
    }, {
      "vertices" : [ 2, 6, 3 ]
    }, {
      "vertices" : [ 11, 14, 16 ]
    }, {
      "vertices" : [ 11, 16, 18 ]
    }, {
      "vertices" : [ 11, 18, 12 ]
    }, {
      "vertices" : [ 1, 13, 17 ]
    }, {
      "vertices" : [ 1, 17, 7 ]
    }, {
      "vertices" : [ 1, 7, 2 ]
    }, {
      "vertices" : [ 9, 20, 18 ]
    }, {
      "vertices" : [ 9, 18, 16 ]
    }, {
      "vertices" : [ 9, 16, 10 ]
    }, {
      "vertices" : [ 0, 1, 2 ]
    }, {
      "vertices" : [ 0, 2, 3 ]
    }, {
      "vertices" : [ 0, 3, 4 ]
    }, {
      "vertices" : [ 5, 7, 17 ]
    }, {
      "vertices" : [ 5, 17, 20 ]
    }, {
      "vertices" : [ 5, 20, 9 ]
    }, {
      "vertices" : [ 0, 4, 15 ]
    }, {
      "vertices" : [ 0, 15, 14 ]
    }, {
      "vertices" : [ 0, 14, 11 ]
    }, {
      "vertices" : [ 8, 10, 16 ]
    }, {
      "vertices" : [ 8, 16, 14 ]
    }, {
      "vertices" : [ 8, 14, 15 ]
    } ]
  }, {
    "id" : "09028fb4-daea-4a1c-bed2-0dea39cdb2e7",
    "vertices" : [ {
      "x" : -2.312929,
      "y" : -7.288106,
      "z" : -1.8390433
    }, {
      "x" : -2.2129288,
      "y" : -7.188106,
      "z" : -2.2390432
    }, {
      "x" : -0.30510515,
      "y" : -0.43867394,
      "z" : -0.4456574
    }, {
      "x" : -0.40510514,
      "y" : -0.53867394,
      "z" : -0.04565741
    }, {
      "x" : -2.512929,
      "y" : -6.9547725,
      "z" : -2.3723767
    }, {
      "x" : -2.6129289,
      "y" : -7.054773,
      "z" : -1.9723766
    }, {
      "x" : -0.10510514,
      "y" : -0.7720073,
      "z" : 0.08767592
    }, {
      "x" : -0.005105143,
      "y" : -0.67200726,
      "z" : -0.31232408
    } ],
    "faces" : [ {
      "vertices" : [ 2, 3, 6 ]
    }, {
      "vertices" : [ 2, 6, 7 ]
    }, {
      "vertices" : [ 0, 5, 4 ]
    }, {
      "vertices" : [ 0, 4, 1 ]
    }, {
      "vertices" : [ 2, 4, 5 ]
    }, {
      "vertices" : [ 2, 5, 3 ]
    }, {
      "vertices" : [ 0, 6, 3 ]
    }, {
      "vertices" : [ 0, 3, 5 ]
    }, {
      "vertices" : [ 0, 1, 7 ]
    }, {
      "vertices" : [ 0, 7, 6 ]
    }, {
      "vertices" : [ 1, 4, 2 ]
    }, {
      "vertices" : [ 1, 2, 7 ]
    } ]
  }, {
    "id" : "adcc2c7c-4e58-4912-aaf0-4561575f7b79",
    "vertices" : [ {
      "x" : 1.0,
      "y" : 11.8355255,
      "z" : -20.228973
    }, {
      "x" : 7.854102,
      "y" : 10.962848,
      "z" : -25.131708
    }, {
      "x" : 10.472136,
      "y" : 18.689629,
      "z" : -22.847006
    }, {
      "x" : 3.618034,
      "y" : 19.562305,
      "z" : -17.944271
    } ],
    "faces" : [ {
      "vertices" : [ 0, 1, 2 ]
    }, {
      "vertices" : [ 0, 2, 3 ]
    }, {
      "vertices" : [ 0, 3, 2 ]
    }, {
      "vertices" : [ 0, 2, 1 ]
    } ]
  }, {
    "id" : "35fdd5bc-bffe-45d7-b9f3-016743c28eb0",
    "vertices" : [ {
      "x" : 10.09017,
      "y" : -24.798374,
      "z" : -1.0
    }, {
      "x" : 7.472136,
      "y" : -32.525154,
      "z" : -3.2847006
    }, {
      "x" : 3.236068,
      "y" : -29.161764,
      "z" : -9.8054695
    }, {
      "x" : 5.854102,
      "y" : -21.434984,
      "z" : -7.5207686
    } ],
    "faces" : [ {
      "vertices" : [ 0, 1, 2 ]
    }, {
      "vertices" : [ 0, 2, 3 ]
    }, {
      "vertices" : [ 0, 3, 2 ]
    }, {
      "vertices" : [ 0, 2, 1 ]
    } ]
  }, {
    "id" : "0496ab5f-b239-427e-aba6-d15776e0c6d0",
    "vertices" : [ {
      "x" : 2.618034,
      "y" : 4.236068,
      "z" : -6.854102
    }, {
      "x" : 5.236068,
      "y" : 11.962848,
      "z" : -4.5694013
    }, {
      "x" : 1.0,
      "y" : 15.326238,
      "z" : -11.09017
    }, {
      "x" : -1.618034,
      "y" : 7.5994577,
      "z" : -13.37487
    } ],
    "faces" : [ {
      "vertices" : [ 0, 1, 2 ]
    }, {
      "vertices" : [ 0, 2, 3 ]
    }, {
      "vertices" : [ 0, 3, 2 ]
    }, {
      "vertices" : [ 0, 2, 1 ]
    } ]
  }, {
    "id" : "6797118f-9e08-42aa-85cd-f9833394b709",
    "vertices" : [ {
      "x" : -10.472136,
      "y" : -18.689629,
      "z" : 22.847006
    }, {
      "x" : -14.708204,
      "y" : -15.326238,
      "z" : 16.326239
    }, {
      "x" : -21.562305,
      "y" : -17.944271,
      "z" : 12.09017
    }, {
      "x" : -17.326239,
      "y" : -21.307661,
      "z" : 18.610939
    } ],
    "faces" : [ {
      "vertices" : [ 0, 1, 2 ]
    }, {
      "vertices" : [ 0, 2, 3 ]
    }, {
      "vertices" : [ 0, 3, 2 ]
    }, {
      "vertices" : [ 0, 2, 1 ]
    } ]
  }, {
    "id" : "92913978-de70-41a4-bbab-1222a1fd0732",
    "vertices" : [ {
      "x" : -27.416409,
      "y" : 1.745356,
      "z" : 15.041537
    }, {
      "x" : -30.034441,
      "y" : -5.981424,
      "z" : 12.756837
    }, {
      "x" : -25.798374,
      "y" : -12.8355255,
      "z" : 10.138803
    }, {
      "x" : -23.18034,
      "y" : -5.108746,
      "z" : 12.423503
    } ],
    "faces" : [ {
      "vertices" : [ 0, 1, 2 ]
    }, {
      "vertices" : [ 0, 2, 3 ]
    }, {
      "vertices" : [ 0, 3, 2 ]
    }, {
      "vertices" : [ 0, 2, 1 ]
    } ]
  }, {
    "id" : "a34f7541-1c30-4e10-8495-8c7efba27168",
    "vertices" : [ {
      "x" : -8.472136,
      "y" : 4.981424,
      "z" : -17.610939
    }, {
      "x" : -12.708204,
      "y" : 11.8355255,
      "z" : -14.992905
    }, {
      "x" : -5.854102,
      "y" : 14.45356,
      "z" : -10.756837
    }, {
      "x" : -1.618034,
      "y" : 7.5994577,
      "z" : -13.37487
    } ],
    "faces" : [ {
      "vertices" : [ 0, 1, 2 ]
    }, {
      "vertices" : [ 0, 2, 3 ]
    }, {
      "vertices" : [ 0, 3, 2 ]
    }, {
      "vertices" : [ 0, 2, 1 ]
    } ]
  }, {
    "id" : "9dc73f7d-2144-49e9-ac5e-f93000737a4b",
    "vertices" : [ {
      "x" : -5.236068,
      "y" : -17.198915,
      "z" : -9.138803
    }, {
      "x" : 1.618034,
      "y" : -14.580882,
      "z" : -4.9027348
    }, {
      "x" : -1.0,
      "y" : -18.81695,
      "z" : 1.9513674
    }, {
      "x" : -7.854102,
      "y" : -21.434984,
      "z" : -2.2847006
    } ],
    "faces" : [ {
      "vertices" : [ 0, 1, 2 ]
    }, {
      "vertices" : [ 0, 2, 3 ]
    }, {
      "vertices" : [ 0, 3, 2 ]
    }, {
      "vertices" : [ 0, 2, 1 ]
    } ]
  }, {
    "id" : "a24a938e-e2a3-4de5-8570-97fd4cf904a9",
    "vertices" : [ {
      "x" : -0.618034,
      "y" : 29.90712,
      "z" : -6.187435
    }, {
      "x" : 2.0,
      "y" : 34.14319,
      "z" : -13.041537
    }, {
      "x" : -2.236068,
      "y" : 40.99729,
      "z" : -10.423503
    }, {
      "x" : -4.854102,
      "y" : 36.761223,
      "z" : -3.5694013
    } ],
    "faces" : [ {
      "vertices" : [ 0, 1, 2 ]
    }, {
      "vertices" : [ 0, 2, 3 ]
    }, {
      "vertices" : [ 0, 3, 2 ]
    }, {
      "vertices" : [ 0, 2, 1 ]
    } ]
  }, {
    "id" : "a2404981-79ea-4fad-a1dc-35eccd7dcf7a",
    "vertices" : [ {
      "x" : -20.562305,
      "y" : -9.599458,
      "z" : -17.277605
    }, {
      "x" : -27.416409,
      "y" : -8.72678,
      "z" : -12.37487
    }, {
      "x" : -31.652475,
      "y" : -5.36339,
      "z" : -18.89564
    }, {
      "x" : -24.798374,
      "y" : -6.236068,
      "z" : -23.798374
    } ],
    "faces" : [ {
      "vertices" : [ 0, 1, 2 ]
    }, {
      "vertices" : [ 0, 2, 3 ]
    }, {
      "vertices" : [ 0, 3, 2 ]
    }, {
      "vertices" : [ 0, 2, 1 ]
    } ]
  }, {
    "id" : "e8457457-1b3f-40d6-a90a-0824ec04c187",
    "vertices" : [ {
      "x" : -22.18034,
      "y" : 8.472136,
      "z" : -3.236068
    }, {
      "x" : -17.944271,
      "y" : 1.618034,
      "z" : -5.854102
    }, {
      "x" : -24.798374,
      "y" : -1.0,
      "z" : -10.09017
    }, {
      "x" : -29.034441,
      "y" : 5.854102,
      "z" : -7.472136
    } ],
    "faces" : [ {
      "vertices" : [ 0, 1, 2 ]
    }, {
      "vertices" : [ 0, 2, 3 ]
    }, {
      "vertices" : [ 0, 3, 2 ]
    }, {
      "vertices" : [ 0, 2, 1 ]
    } ]
  }, {
    "id" : "cb5f38ed-487c-4eb5-917e-382a82aec12f",
    "vertices" : [ {
      "x" : 17.944271,
      "y" : -5.108746,
      "z" : -3.2847006
    }, {
      "x" : 20.562305,
      "y" : -0.872678,
      "z" : -10.138803
    }, {
      "x" : 27.416409,
      "y" : -1.745356,
      "z" : -15.041537
    }, {
      "x" : 24.798374,
      "y" : -5.981424,
      "z" : -8.187435
    } ],
    "faces" : [ {
      "vertices" : [ 0, 1, 2 ]
    }, {
      "vertices" : [ 0, 2, 3 ]
    }, {
      "vertices" : [ 0, 3, 2 ]
    }, {
      "vertices" : [ 0, 2, 1 ]
    } ]
  }, {
    "id" : "d5df47bd-f530-4fbf-bba1-6ac55270b9ea",
    "vertices" : [ {
      "x" : 22.18034,
      "y" : -8.472136,
      "z" : 3.236068
    }, {
      "x" : 26.416409,
      "y" : -11.8355255,
      "z" : 9.756837
    }, {
      "x" : 33.27051,
      "y" : -9.217492,
      "z" : 13.992905
    }, {
      "x" : 29.034441,
      "y" : -5.854102,
      "z" : 7.472136
    } ],
    "faces" : [ {
      "vertices" : [ 0, 1, 2 ]
    }, {
      "vertices" : [ 0, 2, 3 ]
    }, {
      "vertices" : [ 0, 3, 2 ]
    }, {
      "vertices" : [ 0, 2, 1 ]
    } ]
  }, {
    "id" : "c4bb4d7a-2b87-4bb0-ae52-382fd1df3f8c",
    "vertices" : [ {
      "x" : 0.0,
      "y" : 0.0,
      "z" : 0.0
    }, {
      "x" : 6.854102,
      "y" : 2.618034,
      "z" : 4.236068
    }, {
      "x" : 11.09017,
      "y" : -0.74535596,
      "z" : 10.756837
    }, {
      "x" : 4.236068,
      "y" : -3.36339,
      "z" : 6.5207686
    } ],
    "faces" : [ {
      "vertices" : [ 0, 1, 2 ]
    }, {
      "vertices" : [ 0, 2, 3 ]
    }, {
      "vertices" : [ 0, 3, 2 ]
    }, {
      "vertices" : [ 0, 2, 1 ]
    } ]
  }, {
    "id" : "9290a711-4994-4836-9946-c2922d161f10",
    "vertices" : [ {
      "x" : -2.0,
      "y" : -34.14319,
      "z" : 13.041537
    }, {
      "x" : 2.236068,
      "y" : -40.99729,
      "z" : 10.423503
    }, {
      "x" : 6.472136,
      "y" : -44.36068,
      "z" : 16.944271
    }, {
      "x" : 2.236068,
      "y" : -37.506577,
      "z" : 19.562305
    } ],
    "faces" : [ {
      "vertices" : [ 0, 1, 2 ]
    }, {
      "vertices" : [ 0, 2, 3 ]
    }, {
      "vertices" : [ 0, 3, 2 ]
    }, {
      "vertices" : [ 0, 2, 1 ]
    } ]
  }, {
    "id" : "2f3ef155-393c-4155-ae66-88ff83659624",
    "vertices" : [ {
      "x" : 4.236068,
      "y" : -6.854102,
      "z" : -2.618034
    }, {
      "x" : 1.618034,
      "y" : -14.580882,
      "z" : -4.9027348
    }, {
      "x" : 8.472136,
      "y" : -15.45356,
      "z" : -9.8054695
    }, {
      "x" : 11.09017,
      "y" : -7.72678,
      "z" : -7.5207686
    } ],
    "faces" : [ {
      "vertices" : [ 0, 1, 2 ]
    }, {
      "vertices" : [ 0, 2, 3 ]
    }, {
      "vertices" : [ 0, 3, 2 ]
    }, {
      "vertices" : [ 0, 2, 1 ]
    } ]
  }, {
    "id" : "d595f90d-f417-4b36-8b11-c4ee6b3704fd",
    "vertices" : [ {
      "x" : -3.618034,
      "y" : -26.54373,
      "z" : -0.33333334
    }, {
      "x" : -1.0,
      "y" : -22.307661,
      "z" : -7.187435
    }, {
      "x" : 3.236068,
      "y" : -29.161764,
      "z" : -9.8054695
    }, {
      "x" : 0.618034,
      "y" : -33.39783,
      "z" : -2.9513674
    } ],
    "faces" : [ {
      "vertices" : [ 0, 1, 2 ]
    }, {
      "vertices" : [ 0, 2, 3 ]
    }, {
      "vertices" : [ 0, 3, 2 ]
    }, {
      "vertices" : [ 0, 2, 1 ]
    } ]
  }, {
    "id" : "17be9525-1ede-4b2b-998b-e42b221bd4a0",
    "vertices" : [ {
      "x" : -33.27051,
      "y" : 9.217492,
      "z" : -13.992905
    }, {
      "x" : -40.12461,
      "y" : 10.09017,
      "z" : -9.09017
    }, {
      "x" : -44.36068,
      "y" : 16.944271,
      "z" : -6.472136
    }, {
      "x" : -37.506577,
      "y" : 16.071594,
      "z" : -11.37487
    } ],
    "faces" : [ {
      "vertices" : [ 0, 1, 2 ]
    }, {
      "vertices" : [ 0, 2, 3 ]
    }, {
      "vertices" : [ 0, 3, 2 ]
    }, {
      "vertices" : [ 0, 2, 1 ]
    } ]
  }, {
    "id" : "af0f16af-33a3-4ab2-a7e1-afb3bbacfc55",
    "vertices" : [ {
      "x" : 3.236068,
      "y" : -22.18034,
      "z" : 8.472136
    }, {
      "x" : 5.854102,
      "y" : -17.944271,
      "z" : 1.618034
    }, {
      "x" : 10.09017,
      "y" : -24.798374,
      "z" : -1.0
    }, {
      "x" : 7.472136,
      "y" : -29.034441,
      "z" : 5.854102
    } ],
    "faces" : [ {
      "vertices" : [ 0, 1, 2 ]
    }, {
      "vertices" : [ 0, 2, 3 ]
    }, {
      "vertices" : [ 0, 3, 2 ]
    }, {
      "vertices" : [ 0, 2, 1 ]
    } ]
  }, {
    "id" : "c7da3b46-d824-46c0-b56f-470e46d1ad70",
    "vertices" : [ {
      "x" : 7.854102,
      "y" : 21.434984,
      "z" : 2.2847006
    }, {
      "x" : 1.0,
      "y" : 18.81695,
      "z" : -1.9513674
    }, {
      "x" : 5.236068,
      "y" : 11.962848,
      "z" : -4.5694013
    }, {
      "x" : 12.09017,
      "y" : 14.580882,
      "z" : -0.33333334
    } ],
    "faces" : [ {
      "vertices" : [ 0, 1, 2 ]
    }, {
      "vertices" : [ 0, 2, 3 ]
    }, {
      "vertices" : [ 0, 3, 2 ]
    }, {
      "vertices" : [ 0, 2, 1 ]
    } ]
  }, {
    "id" : "f31b43ae-477e-4257-b9a1-2670ee106075",
    "vertices" : [ {
      "x" : -29.034441,
      "y" : 5.854102,
      "z" : -7.472136
    }, {
      "x" : -35.888542,
      "y" : 6.72678,
      "z" : -2.5694013
    }, {
      "x" : -40.12461,
      "y" : 10.09017,
      "z" : -9.09017
    }, {
      "x" : -33.27051,
      "y" : 9.217492,
      "z" : -13.992905
    } ],
    "faces" : [ {
      "vertices" : [ 0, 1, 2 ]
    }, {
      "vertices" : [ 0, 2, 3 ]
    }, {
      "vertices" : [ 0, 3, 2 ]
    }, {
      "vertices" : [ 0, 2, 1 ]
    } ]
  }, {
    "id" : "d0a2e0df-0333-4f25-96ac-037c56447481",
    "vertices" : [ {
      "x" : -11.09017,
      "y" : 0.74535596,
      "z" : -10.756837
    }, {
      "x" : -17.944271,
      "y" : -1.872678,
      "z" : -14.992905
    }, {
      "x" : -22.18034,
      "y" : 1.4907119,
      "z" : -21.513674
    }, {
      "x" : -15.326238,
      "y" : 4.108746,
      "z" : -17.277605
    } ],
    "faces" : [ {
      "vertices" : [ 0, 1, 2 ]
    }, {
      "vertices" : [ 0, 2, 3 ]
    }, {
      "vertices" : [ 0, 3, 2 ]
    }, {
      "vertices" : [ 0, 2, 1 ]
    } ]
  }, {
    "id" : "731e6cbb-5b1b-49f8-9dfd-196314473136",
    "vertices" : [ {
      "x" : 28.416409,
      "y" : 17.071594,
      "z" : -16.992905
    }, {
      "x" : 31.034441,
      "y" : 24.798374,
      "z" : -14.708204
    }, {
      "x" : 37.888542,
      "y" : 27.416409,
      "z" : -10.472136
    }, {
      "x" : 35.27051,
      "y" : 19.689629,
      "z" : -12.756837
    } ],
    "faces" : [ {
      "vertices" : [ 0, 1, 2 ]
    }, {
      "vertices" : [ 0, 2, 3 ]
    }, {
      "vertices" : [ 0, 3, 2 ]
    }, {
      "vertices" : [ 0, 2, 1 ]
    } ]
  }, {
    "id" : "82de3af5-017b-4f72-a12f-ac1c0f65c4ba",
    "vertices" : [ {
      "x" : 26.416409,
      "y" : -11.8355255,
      "z" : 9.756837
    }, {
      "x" : 30.652475,
      "y" : -18.689629,
      "z" : 7.1388025
    }, {
      "x" : 37.506577,
      "y" : -16.071594,
      "z" : 11.37487
    }, {
      "x" : 33.27051,
      "y" : -9.217492,
      "z" : 13.992905
    } ],
    "faces" : [ {
      "vertices" : [ 0, 1, 2 ]
    }, {
      "vertices" : [ 0, 2, 3 ]
    }, {
      "vertices" : [ 0, 3, 2 ]
    }, {
      "vertices" : [ 0, 2, 1 ]
    } ]
  }, {
    "id" : "d2ca6673-5173-431b-8e55-da63f1067c83",
    "vertices" : [ {
      "x" : -12.09017,
      "y" : -14.580882,
      "z" : 0.33333334
    }, {
      "x" : -14.708204,
      "y" : -22.307661,
      "z" : -1.9513674
    }, {
      "x" : -12.09017,
      "y" : -18.071594,
      "z" : -8.8054695
    }, {
      "x" : -9.472136,
      "y" : -10.344814,
      "z" : -6.5207686
    } ],
    "faces" : [ {
      "vertices" : [ 0, 1, 2 ]
    }, {
      "vertices" : [ 0, 2, 3 ]
    }, {
      "vertices" : [ 0, 3, 2 ]
    }, {
      "vertices" : [ 0, 2, 1 ]
    } ]
  }, {
    "id" : "95d3deaa-c34e-434b-aa65-3918f909f19f",
    "vertices" : [ {
      "x" : 12.09017,
      "y" : 14.580882,
      "z" : -0.33333334
    }, {
      "x" : 5.236068,
      "y" : 11.962848,
      "z" : -4.5694013
    }, {
      "x" : 12.09017,
      "y" : 11.09017,
      "z" : -9.472136
    }, {
      "x" : 18.944271,
      "y" : 13.708204,
      "z" : -5.236068
    } ],
    "faces" : [ {
      "vertices" : [ 0, 1, 2 ]
    }, {
      "vertices" : [ 0, 2, 3 ]
    }, {
      "vertices" : [ 0, 3, 2 ]
    }, {
      "vertices" : [ 0, 2, 1 ]
    } ]
  }, {
    "id" : "ea52239c-bbd3-476b-9c1c-21b856f4b044",
    "vertices" : [ {
      "x" : 38.506577,
      "y" : 1.0,
      "z" : 4.854102
    }, {
      "x" : 35.888542,
      "y" : -6.72678,
      "z" : 2.5694013
    }, {
      "x" : 38.506577,
      "y" : -2.490712,
      "z" : -4.284701
    }, {
      "x" : 41.12461,
      "y" : 5.236068,
      "z" : -2.0
    } ],
    "faces" : [ {
      "vertices" : [ 0, 1, 2 ]
    }, {
      "vertices" : [ 0, 2, 3 ]
    }, {
      "vertices" : [ 0, 3, 2 ]
    }, {
      "vertices" : [ 0, 2, 1 ]
    } ]
  }, {
    "id" : "574b3882-4cbb-4796-b3e4-28bcd86d8931",
    "vertices" : [ {
      "x" : -8.854102,
      "y" : -36.761223,
      "z" : 8.8054695
    }, {
      "x" : -13.09017,
      "y" : -33.39783,
      "z" : 2.2847006
    }, {
      "x" : -10.472136,
      "y" : -29.161764,
      "z" : -4.5694013
    }, {
      "x" : -6.236068,
      "y" : -32.525154,
      "z" : 1.9513674
    } ],
    "faces" : [ {
      "vertices" : [ 0, 1, 2 ]
    }, {
      "vertices" : [ 0, 2, 3 ]
    }, {
      "vertices" : [ 0, 3, 2 ]
    }, {
      "vertices" : [ 0, 2, 1 ]
    } ]
  }, {
    "id" : "1888e783-cd8b-4c47-8d07-bd353a14b9ae",
    "vertices" : [ {
      "x" : -15.326238,
      "y" : 7.5994577,
      "z" : -8.138803
    }, {
      "x" : -19.562305,
      "y" : 10.962848,
      "z" : -14.659572
    }, {
      "x" : -16.944271,
      "y" : 15.1989155,
      "z" : -21.513674
    }, {
      "x" : -12.708204,
      "y" : 11.8355255,
      "z" : -14.992905
    } ],
    "faces" : [ {
      "vertices" : [ 0, 1, 2 ]
    }, {
      "vertices" : [ 0, 2, 3 ]
    }, {
      "vertices" : [ 0, 3, 2 ]
    }, {
      "vertices" : [ 0, 2, 1 ]
    } ]
  }, {
    "id" : "26a32d81-46bf-4d28-9fc7-13ec66e9dd09",
    "vertices" : [ {
      "x" : -16.326239,
      "y" : -9.472136,
      "z" : -1.618034
    }, {
      "x" : -9.472136,
      "y" : -10.344814,
      "z" : -6.5207686
    }, {
      "x" : -16.326239,
      "y" : -12.962848,
      "z" : -10.756837
    }, {
      "x" : -23.18034,
      "y" : -12.09017,
      "z" : -5.854102
    } ],
    "faces" : [ {
      "vertices" : [ 0, 1, 2 ]
    }, {
      "vertices" : [ 0, 2, 3 ]
    }, {
      "vertices" : [ 0, 3, 2 ]
    }, {
      "vertices" : [ 0, 2, 1 ]
    } ]
  }, {
    "id" : "ee1513c2-ad3f-42ad-9d69-e152aa9562a6",
    "vertices" : [ {
      "x" : 22.18034,
      "y" : -15.45356,
      "z" : -15.041537
    }, {
      "x" : 24.798374,
      "y" : -11.217492,
      "z" : -21.89564
    }, {
      "x" : 31.652475,
      "y" : -8.599458,
      "z" : -17.65957
    }, {
      "x" : 29.034441,
      "y" : -12.8355255,
      "z" : -10.8054695
    } ],
    "faces" : [ {
      "vertices" : [ 0, 1, 2 ]
    }, {
      "vertices" : [ 0, 2, 3 ]
    }, {
      "vertices" : [ 0, 3, 2 ]
    }, {
      "vertices" : [ 0, 2, 1 ]
    } ]
  }, {
    "id" : "adef6358-c627-4c41-b2ce-f8a877f4d83c",
    "vertices" : [ {
      "x" : 17.326239,
      "y" : 28.289085,
      "z" : -0.33333334
    }, {
      "x" : 21.562305,
      "y" : 21.434984,
      "z" : -2.9513674
    }, {
      "x" : 24.18034,
      "y" : 25.671051,
      "z" : -9.8054695
    }, {
      "x" : 19.944271,
      "y" : 32.525154,
      "z" : -7.187435
    } ],
    "faces" : [ {
      "vertices" : [ 0, 1, 2 ]
    }, {
      "vertices" : [ 0, 2, 3 ]
    }, {
      "vertices" : [ 0, 3, 2 ]
    }, {
      "vertices" : [ 0, 2, 1 ]
    } ]
  }, {
    "id" : "08a716e2-d231-423a-bdc6-5479ac8a6228",
    "vertices" : [ {
      "x" : 27.416409,
      "y" : 8.72678,
      "z" : 12.37487
    }, {
      "x" : 31.652475,
      "y" : 1.872678,
      "z" : 9.756837
    }, {
      "x" : 38.506577,
      "y" : 1.0,
      "z" : 4.854102
    }, {
      "x" : 34.27051,
      "y" : 7.854102,
      "z" : 7.472136
    } ],
    "faces" : [ {
      "vertices" : [ 0, 1, 2 ]
    }, {
      "vertices" : [ 0, 2, 3 ]
    }, {
      "vertices" : [ 0, 3, 2 ]
    }, {
      "vertices" : [ 0, 2, 1 ]
    } ]
  }, {
    "id" : "1222bbcd-b98e-40ff-be3a-0e7e896006ae",
    "vertices" : [ {
      "x" : 2.618034,
      "y" : 4.236068,
      "z" : -6.854102
    }, {
      "x" : 9.472136,
      "y" : 3.36339,
      "z" : -11.756837
    }, {
      "x" : 5.236068,
      "y" : 6.72678,
      "z" : -18.277605
    }, {
      "x" : -1.618034,
      "y" : 7.5994577,
      "z" : -13.37487
    } ],
    "faces" : [ {
      "vertices" : [ 0, 1, 2 ]
    }, {
      "vertices" : [ 0, 2, 3 ]
    }, {
      "vertices" : [ 0, 3, 2 ]
    }, {
      "vertices" : [ 0, 2, 1 ]
    } ]
  }, {
    "id" : "efcc2c0c-79cd-47e6-bf8e-d3cfd8155b6a",
    "vertices" : [ {
      "x" : -8.472136,
      "y" : 15.45356,
      "z" : 9.8054695
    }, {
      "x" : -11.09017,
      "y" : 11.217492,
      "z" : 16.65957
    }, {
      "x" : -4.236068,
      "y" : 13.8355255,
      "z" : 20.89564
    }, {
      "x" : -1.618034,
      "y" : 18.071594,
      "z" : 14.041537
    } ],
    "faces" : [ {
      "vertices" : [ 0, 1, 2 ]
    }, {
      "vertices" : [ 0, 2, 3 ]
    }, {
      "vertices" : [ 0, 3, 2 ]
    }, {
      "vertices" : [ 0, 2, 1 ]
    } ]
  }, {
    "id" : "7b957f99-e697-41d8-9eed-6ea8fc29ffc1",
    "vertices" : [ {
      "x" : 33.27051,
      "y" : -16.198915,
      "z" : -4.284701
    }, {
      "x" : 40.12461,
      "y" : -13.580882,
      "z" : -0.048632678
    }, {
      "x" : 44.36068,
      "y" : -16.944271,
      "z" : 6.472136
    }, {
      "x" : 37.506577,
      "y" : -19.562305,
      "z" : 2.236068
    } ],
    "faces" : [ {
      "vertices" : [ 0, 1, 2 ]
    }, {
      "vertices" : [ 0, 2, 3 ]
    }, {
      "vertices" : [ 0, 3, 2 ]
    }, {
      "vertices" : [ 0, 2, 1 ]
    } ]
  }, {
    "id" : "5f3da127-1679-494c-b487-897be750bcac",
    "vertices" : [ {
      "x" : 15.326238,
      "y" : -11.09017,
      "z" : -1.0
    }, {
      "x" : 11.09017,
      "y" : -7.72678,
      "z" : -7.5207686
    }, {
      "x" : 15.326238,
      "y" : -14.580882,
      "z" : -10.138803
    }, {
      "x" : 19.562305,
      "y" : -17.944271,
      "z" : -3.618034
    } ],
    "faces" : [ {
      "vertices" : [ 0, 1, 2 ]
    }, {
      "vertices" : [ 0, 2, 3 ]
    }, {
      "vertices" : [ 0, 3, 2 ]
    }, {
      "vertices" : [ 0, 2, 1 ]
    } ]
  }, {
    "id" : "9397fadf-0d50-478e-b19a-d2709ecb3cef",
    "vertices" : [ {
      "x" : -10.472136,
      "y" : -18.689629,
      "z" : 22.847006
    }, {
      "x" : -7.854102,
      "y" : -14.45356,
      "z" : 15.992905
    }, {
      "x" : -12.09017,
      "y" : -11.09017,
      "z" : 9.472136
    }, {
      "x" : -14.708204,
      "y" : -15.326238,
      "z" : 16.326239
    } ],
    "faces" : [ {
      "vertices" : [ 0, 1, 2 ]
    }, {
      "vertices" : [ 0, 2, 3 ]
    }, {
      "vertices" : [ 0, 3, 2 ]
    }, {
      "vertices" : [ 0, 2, 1 ]
    } ]
  }, {
    "id" : "6b52b812-a95d-414e-b49f-2ca90aadf154",
    "vertices" : [ {
      "x" : 6.854102,
      "y" : -0.872678,
      "z" : -4.9027348
    }, {
      "x" : 11.09017,
      "y" : -7.72678,
      "z" : -7.5207686
    }, {
      "x" : 13.708204,
      "y" : -3.490712,
      "z" : -14.37487
    }, {
      "x" : 9.472136,
      "y" : 3.36339,
      "z" : -11.756837
    } ],
    "faces" : [ {
      "vertices" : [ 0, 1, 2 ]
    }, {
      "vertices" : [ 0, 2, 3 ]
    }, {
      "vertices" : [ 0, 3, 2 ]
    }, {
      "vertices" : [ 0, 2, 1 ]
    } ]
  }, {
    "id" : "48f65c59-e4e0-4110-a6ec-915c1a0671b9",
    "vertices" : [ {
      "x" : 15.326238,
      "y" : -7.5994577,
      "z" : 8.138803
    }, {
      "x" : 22.18034,
      "y" : -8.472136,
      "z" : 3.236068
    }, {
      "x" : 15.326238,
      "y" : -11.09017,
      "z" : -1.0
    }, {
      "x" : 8.472136,
      "y" : -10.217492,
      "z" : 3.9027348
    } ],
    "faces" : [ {
      "vertices" : [ 0, 1, 2 ]
    }, {
      "vertices" : [ 0, 2, 3 ]
    }, {
      "vertices" : [ 0, 3, 2 ]
    }, {
      "vertices" : [ 0, 2, 1 ]
    } ]
  }, {
    "id" : "0876ac7a-1a40-4633-8b62-ed337a761f3f",
    "vertices" : [ {
      "x" : 16.326239,
      "y" : 5.981424,
      "z" : -7.5207686
    }, {
      "x" : 9.472136,
      "y" : 3.36339,
      "z" : -11.756837
    }, {
      "x" : 16.326239,
      "y" : 2.490712,
      "z" : -16.65957
    }, {
      "x" : 23.18034,
      "y" : 5.108746,
      "z" : -12.423503
    } ],
    "faces" : [ {
      "vertices" : [ 0, 1, 2 ]
    }, {
      "vertices" : [ 0, 2, 3 ]
    }, {
      "vertices" : [ 0, 3, 2 ]
    }, {
      "vertices" : [ 0, 2, 1 ]
    } ]
  }, {
    "id" : "14194316-bc1a-4a69-adc8-c8a2f7c49840",
    "vertices" : [ {
      "x" : 26.416409,
      "y" : -11.8355255,
      "z" : 9.756837
    }, {
      "x" : 30.652475,
      "y" : -18.689629,
      "z" : 7.1388025
    }, {
      "x" : 26.416409,
      "y" : -15.326238,
      "z" : 0.618034
    }, {
      "x" : 22.18034,
      "y" : -8.472136,
      "z" : 3.236068
    } ],
    "faces" : [ {
      "vertices" : [ 0, 1, 2 ]
    }, {
      "vertices" : [ 0, 2, 3 ]
    }, {
      "vertices" : [ 0, 3, 2 ]
    }, {
      "vertices" : [ 0, 2, 1 ]
    } ]
  }, {
    "id" : "18c749df-0aee-426c-8147-4a8ad93da351",
    "vertices" : [ {
      "x" : -3.618034,
      "y" : -19.562305,
      "z" : 17.944271
    }, {
      "x" : 0.618034,
      "y" : -26.416409,
      "z" : 15.326238
    }, {
      "x" : 3.236068,
      "y" : -22.18034,
      "z" : 8.472136
    }, {
      "x" : -1.0,
      "y" : -15.326238,
      "z" : 11.09017
    } ],
    "faces" : [ {
      "vertices" : [ 0, 1, 2 ]
    }, {
      "vertices" : [ 0, 2, 3 ]
    }, {
      "vertices" : [ 0, 3, 2 ]
    }, {
      "vertices" : [ 0, 2, 1 ]
    } ]
  }, {
    "id" : "f04951ab-8f4c-42a1-be7a-f45987dade05",
    "vertices" : [ {
      "x" : 13.708204,
      "y" : 6.981424,
      "z" : 13.041537
    }, {
      "x" : 9.472136,
      "y" : 13.8355255,
      "z" : 15.659572
    }, {
      "x" : 6.854102,
      "y" : 9.599458,
      "z" : 22.513674
    }, {
      "x" : 11.09017,
      "y" : 2.745356,
      "z" : 19.89564
    } ],
    "faces" : [ {
      "vertices" : [ 0, 1, 2 ]
    }, {
      "vertices" : [ 0, 2, 3 ]
    }, {
      "vertices" : [ 0, 3, 2 ]
    }, {
      "vertices" : [ 0, 2, 1 ]
    } ]
  }, {
    "id" : "d5d639af-3e13-40c2-995f-c5cdd4af26e0",
    "vertices" : [ {
      "x" : -17.944271,
      "y" : -1.872678,
      "z" : -14.992905
    }, {
      "x" : -22.18034,
      "y" : 1.4907119,
      "z" : -21.513674
    }, {
      "x" : -24.798374,
      "y" : -6.236068,
      "z" : -23.798374
    }, {
      "x" : -20.562305,
      "y" : -9.599458,
      "z" : -17.277605
    } ],
    "faces" : [ {
      "vertices" : [ 0, 1, 2 ]
    }, {
      "vertices" : [ 0, 2, 3 ]
    }, {
      "vertices" : [ 0, 3, 2 ]
    }, {
      "vertices" : [ 0, 2, 1 ]
    } ]
  }, {
    "id" : "defe7830-bdae-407d-ba7d-973e3e385c27",
    "vertices" : [ {
      "x" : -25.798374,
      "y" : -12.8355255,
      "z" : 10.138803
    }, {
      "x" : -32.652477,
      "y" : -15.45356,
      "z" : 5.9027348
    }, {
      "x" : -35.27051,
      "y" : -19.689629,
      "z" : 12.756837
    }, {
      "x" : -28.416409,
      "y" : -17.071594,
      "z" : 16.992905
    } ],
    "faces" : [ {
      "vertices" : [ 0, 1, 2 ]
    }, {
      "vertices" : [ 0, 2, 3 ]
    }, {
      "vertices" : [ 0, 3, 2 ]
    }, {
      "vertices" : [ 0, 2, 1 ]
    } ]
  }, {
    "id" : "560c1186-d10b-40eb-a2fd-1816809e8aef",
    "vertices" : [ {
      "x" : 10.09017,
      "y" : -17.81695,
      "z" : 17.277605
    }, {
      "x" : 5.854102,
      "y" : -14.45356,
      "z" : 10.756837
    }, {
      "x" : 3.236068,
      "y" : -22.18034,
      "z" : 8.472136
    }, {
      "x" : 7.472136,
