{
  "field" : "golden",
  "symmetry" : "icosahedral",
  "orientations" : [ [ 1.0, 0.0, 0.0, 0.0, 0.0, 1.0, 0.0, 0.0, 0.0, 0.0, 1.0, 0.0, 0.0, 0.0, 0.0, 1.0 ], [ 0.0, 0.0, 1.0, 0.0, 1.0, 0.0, 0.0, 0.0, 0.0, 1.0, 0.0, 0.0, 0.0, 0.0, 0.0, 1.0 ], [ 0.0, 1.0, 0.0, 0.0, 0.0, 0.0, 1.0, 0.0, 1.0, 0.0, 0.0, 0.0, 0.0, 0.0, 0.0, 1.0 ], [ 0.809017, 0.309017, 0.5, 0.0, 0.309017, 0.5, -0.809017, 0.0, -0.5, 0.809017, 0.309017, 0.0, 0.0, 0.0, 0.0, 1.0 ], [ -0.5, 0.809017, 0.309017, 0.0, 0.809017, 0.309017, 0.5, 0.0, 0.309017, 0.5, -0.809017, 0.0, 0.0, 0.0, 0.0, 1.0 ], [ 0.309017, 0.5, -0.809017, 0.0, -0.5, 0.809017, 0.309017, 0.0, 0.809017, 0.309017, 0.5, 0.0, 0.0, 0.0, 0.0, 1.0 ], [ 0.5, 0.809017, 0.309017, 0.0, 0.809017, -0.309017, -0.5, 0.0, -0.309017, 0.5, -0.809017, 0.0, 0.0, 0.0, 0.0, 1.0 ], [ -0.309017, 0.5, -0.809017, 0.0, 0.5, 0.809017, 0.309017, 0.0, 0.809017, -0.309017, -0.5, 0.0, 0.0, 0.0, 0.0, 1.0 ], [ 0.809017, -0.309017, -0.5, 0.0, -0.309017, 0.5, -0.809017, 0.0, 0.5, 0.809017, 0.309017, 0.0, 0.0, 0.0, 0.0, 1.0 ], [ 0.5, 0.809017, -0.309017, 0.0, 0.809017, -0.309017, 0.5, 0.0, 0.309017, -0.5, -0.809017, 0.0, 0.0, 0.0, 0.0, 1.0 ], [ 0.309017, -0.5, -0.809017, 0.0, 0.5, 0.809017, -0.309017, 0.0, 0.809017, -0.309017, 0.5, 0.0, 0.0, 0.0, 0.0, 1.0 ], [ 0.809017, -0.309017, 0.5, 0.0, 0.309017, -0.5, -0.809017, 0.0, 0.5, 0.809017, -0.309017, 0.0, 0.0, 0.0, 0.0, 1.0 ], [ 0.809017, 0.309017, -0.5, 0.0, 0.309017, 0.5, 0.809017, 0.0, 0.5, -0.809017, 0.309017, 0.0, 0.0, 0.0, 0.0, 1.0 ], [ 0.5, -0.809017, 0.309017, 0.0, 0.809017, 0.309017, -0.5, 0.0, 0.309017, 0.5, 0.809017, 0.0, 0.0, 0.0, 0.0, 1.0 ], [ 0.309017, 0.5, 0.809017, 0.0, 0.5, -0.809017, 0.309017, 0.0, 0.809017, 0.309017, -0.5, 0.0, 0.0, 0.0, 0.0, 1.0 ], [ 1.0, 0.0, 0.0, 0.0, 0.0, -1.0, 0.0, 0.0, 0.0, 0.0, -1.0, 0.0, 0.0, 0.0, 0.0, 1.0 ], [ 0.0, 0.0, 1.0, 0.0, -1.0, 0.0, 0.0, 0.0, 0.0, -1.0, 0.0, 0.0, 0.0, 0.0, 0.0, 1.0 ], [ 0.0, 1.0, 0.0, 0.0, 0.0, 0.0, -1.0, 0.0, -1.0, 0.0, 0.0, 0.0, 0.0, 0.0, 0.0, 1.0 ], [ 0.809017, 0.309017, 0.5, 0.0, -0.309017, -0.5, 0.809017, 0.0, 0.5, -0.809017, -0.309017, 0.0, 0.0, 0.0, 0.0, 1.0 ], [ -0.5, 0.809017, 0.309017, 0.0, -0.809017, -0.309017, -0.5, 0.0, -0.309017, -0.5, 0.809017, 0.0, 0.0, 0.0, 0.0, 1.0 ], [ 0.309017, 0.5, -0.809017, 0.0, 0.5, -0.809017, -0.309017, 0.0, -0.809017, -0.309017, -0.5, 0.0, 0.0, 0.0, 0.0, 1.0 ], [ 0.5, 0.809017, 0.309017, 0.0, -0.809017, 0.309017, 0.5, 0.0, 0.309017, -0.5, 0.809017, 0.0, 0.0, 0.0, 0.0, 1.0 ], [ -0.309017, 0.5, -0.809017, 0.0, -0.5, -0.809017, -0.309017, 0.0, -0.809017, 0.309017, 0.5, 0.0, 0.0, 0.0, 0.0, 1.0 ], [ 0.809017, -0.309017, -0.5, 0.0, 0.309017, -0.5, 0.809017, 0.0, -0.5, -0.809017, -0.309017, 0.0, 0.0, 0.0, 0.0, 1.0 ], [ 0.5, 0.809017, -0.309017, 0.0, -0.809017, 0.309017, -0.5, 0.0, -0.309017, 0.5, 0.809017, 0.0, 0.0, 0.0, 0.0, 1.0 ], [ 0.309017, -0.5, -0.809017, 0.0, -0.5, -0.809017, 0.309017, 0.0, -0.809017, 0.309017, -0.5, 0.0, 0.0, 0.0, 0.0, 1.0 ], [ 0.809017, -0.309017, 0.5, 0.0, -0.309017, 0.5, 0.809017, 0.0, -0.5, -0.809017, 0.309017, 0.0, 0.0, 0.0, 0.0, 1.0 ], [ 0.809017, 0.309017, -0.5, 0.0, -0.309017, -0.5, -0.809017, 0.0, -0.5, 0.809017, -0.309017, 0.0, 0.0, 0.0, 0.0, 1.0 ], [ 0.5, -0.809017, 0.309017, 0.0, -0.809017, -0.309017, 0.5, 0.0, -0.309017, -0.5, -0.809017, 0.0, 0.0, 0.0, 0.0, 1.0 ], [ 0.309017, 0.5, 0.809017, 0.0, -0.5, 0.809017, -0.309017, 0.0, -0.809017, -0.309017, 0.5, 0.0, 0.0, 0.0, 0.0, 1.0 ], [ -1.0, 0.0, 0.0, 0.0, 0.0, -1.0, 0.0, 0.0, 0.0, 0.0, 1.0, 0.0, 0.0, 0.0, 0.0, 1.0 ], [ 0.0, 0.0, -1.0, 0.0, -1.0, 0.0, 0.0, 0.0, 0.0, 1.0, 0.0, 0.0, 0.0, 0.0, 0.0, 1.0 ], [ 0.0, -1.0, 0.0, 0.0, 0.0, 0.0, -1.0, 0.0, 1.0, 0.0, 0.0, 0.0, 0.0, 0.0, 0.0, 1.0 ], [ -0.809017, -0.309017, -0.5, 0.0, -0.309017, -0.5, 0.809017, 0.0, -0.5, 0.809017, 0.309017, 0.0, 0.0, 0.0, 0.0, 1.0 ], [ 0.5, -0.809017, -0.309017, 0.0, -0.809017, -0.309017, -0.5, 0.0, 0.309017, 0.5, -0.809017, 0.0, 0.0, 0.0, 0.0, 1.0 ], [ -0.309017, -0.5, 0.809017, 0.0, 0.5, -0.809017, -0.309017, 0.0, 0.809017, 0.309017, 0.5, 0.0, 0.0, 0.0, 0.0, 1.0 ], [ -0.5, -0.809017, -0.309017, 0.0, -0.809017, 0.309017, 0.5, 0.0, -0.309017, 0.5, -0.809017, 0.0, 0.0, 0.0, 0.0, 1.0 ], [ 0.309017, -0.5, 0.809017, 0.0, -0.5, -0.809017, -0.309017, 0.0, 0.809017, -0.309017, -0.5, 0.0, 0.0, 0.0, 0.0, 1.0 ], [ -0.809017, 0.309017, 0.5, 0.0, 0.309017, -0.5, 0.809017, 0.0, 0.5, 0.809017, 0.309017, 0.0, 0.0, 0.0, 0.0, 1.0 ], [ -0.5, -0.809017, 0.309017, 0.0, -0.809017, 0.309017, -0.5, 0.0, 0.309017, -0.5, -0.809017, 0.0, 0.0, 0.0, 0.0, 1.0 ], [ -0.309017, 0.5, 0.809017, 0.0, -0.5, -0.809017, 0.309017, 0.0, 0.809017, -0.309017, 0.5, 0.0, 0.0, 0.0, 0.0, 1.0 ], [ -0.809017, 0.309017, -0.5, 0.0, -0.309017, 0.5, 0.809017, 0.0, 0.5, 0.809017, -0.309017, 0.0, 0.0, 0.0, 0.0, 1.0 ], [ -0.809017, -0.309017, 0.5, 0.0, -0.309017, -0.5, -0.809017, 0.0, 0.5, -0.809017, 0.309017, 0.0, 0.0, 0.0, 0.0, 1.0 ], [ -0.5, 0.809017, -0.309017, 0.0, -0.809017, -0.309017, 0.5, 0.0, 0.309017, 0.5, 0.809017, 0.0, 0.0, 0.0, 0.0, 1.0 ], [ -0.309017, -0.5, -0.809017, 0.0, -0.5, 0.809017, -0.309017, 0.0, 0.809017, 0.309017, -0.5, 0.0, 0.0, 0.0, 0.0, 1.0 ], [ -1.0, 0.0, 0.0, 0.0, 0.0, 1.0, 0.0, 0.0, 0.0, 0.0, -1.0, 0.0, 0.0, 0.0, 0.0, 1.0 ], [ 0.0, 0.0, -1.0, 0.0, 1.0, 0.0, 0.0, 0.0, 0.0, -1.0, 0.0, 0.0, 0.0, 0.0, 0.0, 1.0 ], [ 0.0, -1.0, 0.0, 0.0, 0.0, 0.0, 1.0, 0.0, -1.0, 0.0, 0.0, 0.0, 0.0, 0.0, 0.0, 1.0 ], [ -0.809017, -0.309017, -0.5, 0.0, 0.309017, 0.5, -0.809017, 0.0, 0.5, -0.809017, -0.309017, 0.0, 0.0, 0.0, 0.0, 1.0 ], [ 0.5, -0.809017, -0.309017, 0.0, 0.809017, 0.309017, 0.5, 0.0, -0.309017, -0.5, 0.809017, 0.0, 0.0, 0.0, 0.0, 1.0 ], [ -0.309017, -0.5, 0.809017, 0.0, -0.5, 0.809017, 0.309017, 0.0, -0.809017, -0.309017, -0.5, 0.0, 0.0, 0.0, 0.0, 1.0 ], [ -0.5, -0.809017, -0.309017, 0.0, 0.809017, -0.309017, -0.5, 0.0, 0.309017, -0.5, 0.809017, 0.0, 0.0, 0.0, 0.0, 1.0 ], [ 0.309017, -0.5, 0.809017, 0.0, 0.5, 0.809017, 0.309017, 0.0, -0.809017, 0.309017, 0.5, 0.0, 0.0, 0.0, 0.0, 1.0 ], [ -0.809017, 0.309017, 0.5, 0.0, -0.309017, 0.5, -0.809017, 0.0, -0.5, -0.809017, -0.309017, 0.0, 0.0, 0.0, 0.0, 1.0 ], [ -0.5, -0.809017, 0.309017, 0.0, 0.809017, -0.309017, 0.5, 0.0, -0.309017, 0.5, 0.809017, 0.0, 0.0, 0.0, 0.0, 1.0 ], [ -0.309017, 0.5, 0.809017, 0.0, 0.5, 0.809017, -0.309017, 0.0, -0.809017, 0.309017, -0.5, 0.0, 0.0, 0.0, 0.0, 1.0 ], [ -0.809017, 0.309017, -0.5, 0.0, 0.309017, -0.5, -0.809017, 0.0, -0.5, -0.809017, 0.309017, 0.0, 0.0, 0.0, 0.0, 1.0 ], [ -0.809017, -0.309017, 0.5, 0.0, 0.309017, 0.5, 0.809017, 0.0, -0.5, 0.809017, -0.309017, 0.0, 0.0, 0.0, 0.0, 1.0 ], [ -0.5, 0.809017, -0.309017, 0.0, 0.809017, 0.309017, -0.5, 0.0, -0.309017, -0.5, -0.809017, 0.0, 0.0, 0.0, 0.0, 1.0 ], [ -0.309017, -0.5, -0.809017, 0.0, 0.5, -0.809017, 0.309017, 0.0, -0.809017, -0.309017, 0.5, 0.0, 0.0, 0.0, 0.0, 1.0 ] ],
  "lights" : {
    "ambientColor" : "#292929",
    "backgroundColor" : "#BFDEFF",
    "directionalLights" : [ {
      "direction" : {
        "x" : 1.0,
        "y" : -1.0,
        "z" : -1.0
      },
      "color" : "#EBEBE4"
    }, {
      "direction" : {
        "x" : -1.0,
        "y" : 0.0,
        "z" : 0.0
      },
      "color" : "#E4E4EB"
    }, {
      "direction" : {
        "x" : 0.0,
        "y" : 0.0,
        "z" : -1.0
      },
      "color" : "#1E1E1E"
    } ]
  },
  "camera" : {
    "width" : 53.004356,
    "stereo" : false,
    "lookDirection" : {
      "x" : 0.0,
      "y" : 0.0,
      "z" : -1.0
    },
    "upDirection" : {
      "x" : 0.0,
      "y" : 1.0,
      "z" : 0.0
    },
    "lookAtPoint" : {
      "x" : 0.0,
      "y" : 0.0,
      "z" : 0.0
    },
    "perspective" : false,
    "viewDistance" : 117.787186,
    "nearClipDistance" : 0.29446813,
    "farClipDistance" : 235.57495,
    "fieldOfView" : 0.44262987,
    "position" : {
      "x" : 0.0,
      "y" : 0.0,
      "z" : 117.787186
    }
  },
  "embedding" : [ 1.0, 0.0, 0.0, 0.0, 0.0, 1.0, 0.0, 0.0, 0.0, 0.0, 1.0, 0.0, 0.0, 0.0, 0.0, 1.0 ],
  "shapes" : [ {
    "id" : "3f26e18a-1684-4138-9997-b5a47f047403",
    "vertices" : [ {
      "x" : 3.7888544,
      "y" : -7.5777087,
      "z" : 0.0
    }, {
      "x" : 0.0,
      "y" : 0.0,
      "z" : -8.472136
    }, {
      "x" : 7.5777087,
      "y" : 3.7888544,
      "z" : 0.0
    } ],
    "faces" : [ {
      "vertices" : [ 0, 1, 2 ]
    }, {
      "vertices" : [ 0, 2, 1 ]
    } ]
  }, {
    "id" : "77fa8c24-ad73-43d0-b89e-e2ca51ed6424",
    "vertices" : [ {
      "x" : -3.6558928,
      "y" : 17.327866,
      "z" : -6.2741594
    }, {
      "x" : -4.055893,
      "y" : 17.227865,
      "z" : -6.1741595
    }, {
      "x" : -0.4057971,
      "y" : 0.442029,
      "z" : -0.32608697
    }, {
      "x" : -0.0057971017,
      "y" : 0.54202896,
      "z" : -0.42608696
    }, {
      "x" : -4.189226,
      "y" : 16.994532,
      "z" : -6.4741592
    }, {
      "x" : -3.7892263,
      "y" : 17.094532,
      "z" : -6.574159
    }, {
      "x" : 0.12753624,
      "y" : 0.7753623,
      "z" : -0.12608695
    }, {
      "x" : -0.27246377,
      "y" : 0.67536235,
      "z" : -0.026086956
    } ],
    "faces" : [ {
      "vertices" : [ 2, 3, 6 ]
    }, {
      "vertices" : [ 2, 6, 7 ]
    }, {
      "vertices" : [ 0, 5, 4 ]
    }, {
      "vertices" : [ 0, 4, 1 ]
    }, {
      "vertices" : [ 2, 4, 5 ]
    }, {
      "vertices" : [ 2, 5, 3 ]
    }, {
      "vertices" : [ 0, 6, 3 ]
    }, {
      "vertices" : [ 0, 3, 5 ]
    }, {
      "vertices" : [ 0, 1, 7 ]
    }, {
      "vertices" : [ 0, 7, 6 ]
    }, {
      "vertices" : [ 1, 4, 2 ]
    }, {
      "vertices" : [ 1, 2, 7 ]
    } ]
  }, {
    "id" : "a9e10d4f-887c-418c-a746-5bb27b1b8050",
    "vertices" : [ {
      "x" : 17.635256,
      "y" : 6.736068,
      "z" : -2.572949
    }, {
      "x" : 17.253288,
      "y" : 6.2811527,
      "z" : -2.381966
    }, {
      "x" : 17.09017,
      "y" : 6.545085,
      "z" : -2.809017
    }, {
      "x" : 17.017221,
      "y" : 6.809017,
      "z" : -2.618034
    }, {
      "x" : 0.85410196,
      "y" : 0.309017,
      "z" : 0.19098301
    }, {
      "x" : 0.690983,
      "y" : 0.572949,
      "z" : -0.23606798
    }, {
      "x" : 0.309017,
      "y" : 0.11803399,
      "z" : -0.045084972
    }, {
      "x" : 0.76393205,
      "y" : 0.309017,
      "z" : -0.42705098
    }, {
      "x" : 0.927051,
      "y" : 0.045084972,
      "z" : 0.0
    }, {
      "x" : 17.18034,
      "y" : 6.545085,
      "z" : -2.190983
    }, {
      "x" : 17.944271,
      "y" : 6.854102,
      "z" : -2.618034
    } ],
    "faces" : [ {
      "vertices" : [ 2, 7, 5 ]
    }, {
      "vertices" : [ 2, 5, 3 ]
    }, {
      "vertices" : [ 1, 8, 7 ]
    }, {
      "vertices" : [ 1, 7, 2 ]
    }, {
      "vertices" : [ 4, 6, 8 ]
    }, {
      "vertices" : [ 5, 7, 6 ]
    }, {
      "vertices" : [ 0, 1, 2 ]
    }, {
      "vertices" : [ 0, 2, 3 ]
    }, {
      "vertices" : [ 6, 7, 8 ]
    }, {
      "vertices" : [ 3, 5, 4 ]
    }, {
      "vertices" : [ 3, 4, 9 ]
    }, {
      "vertices" : [ 1, 9, 4 ]
    }, {
      "vertices" : [ 1, 4, 8 ]
    }, {
      "vertices" : [ 0, 9, 1 ]
    }, {
      "vertices" : [ 0, 3, 9 ]
    }, {
      "vertices" : [ 4, 5, 6 ]
    } ]
  }, {
    "id" : "bf2d3e7d-4a86-4f51-90bf-3109b2088723",
    "vertices" : [ {
      "x" : 5.0771127,
      "y" : -12.692781,
      "z" : 1.0154225
    }, {
      "x" : 6.092535,
      "y" : -12.18507,
      "z" : 1.5231338
    }, {
      "x" : 5.0771127,
      "y" : -11.677359,
      "z" : 5.0771127
    } ],
    "faces" : [ {
      "vertices" : [ 0, 1, 2 ]
    }, {
      "vertices" : [ 0, 2, 1 ]
    } ]
  }, {
    "id" : "60bef520-6cba-4094-97c7-8db811d4f3e3",
    "vertices" : [ {
      "x" : -5.6207404,
      "y" : -7.2592587,
      "z" : -16.357035
    }, {
      "x" : -6.02074,
      "y" : -7.1592584,
      "z" : -16.257036
    }, {
      "x" : -0.47179487,
      "y" : -0.35641026,
      "z" : -0.3974359
    }, {
      "x" : -0.071794875,
      "y" : -0.45641026,
      "z" : -0.4974359
    }, {
      "x" : -6.1540737,
      "y" : -7.4592586,
      "z" : -16.023703
    }, {
      "x" : -5.7540736,
      "y" : -7.5592585,
      "z" : -16.123703
    }, {
      "x" : 0.06153846,
      "y" : -0.15641026,
      "z" : -0.7307692
    }, {
      "x" : -0.33846155,
      "y" : -0.056410257,
      "z" : -0.63076925
    } ],
    "faces" : [ {
      "vertices" : [ 2, 3, 6 ]
    }, {
      "vertices" : [ 2, 6, 7 ]
    }, {
      "vertices" : [ 0, 5, 4 ]
    }, {
      "vertices" : [ 0, 4, 1 ]
    }, {
      "vertices" : [ 2, 4, 5 ]
    }, {
      "vertices" : [ 2, 5, 3 ]
    }, {
      "vertices" : [ 0, 6, 3 ]
    }, {
      "vertices" : [ 0, 3, 5 ]
    }, {
      "vertices" : [ 0, 1, 7 ]
    }, {
      "vertices" : [ 0, 7, 6 ]
    }, {
      "vertices" : [ 1, 4, 2 ]
    }, {
      "vertices" : [ 1, 2, 7 ]
    } ]
  }, {
    "id" : "4f156e2c-5528-400a-9a65-02d3cd2d47fb",
    "vertices" : [ {
      "x" : 3.137828,
      "y" : -3.137828,
      "z" : 7.217005
    }, {
      "x" : 3.7653937,
      "y" : -3.7653937,
      "z" : 6.589439
    }, {
      "x" : 5.648091,
      "y" : -2.8240454,
      "z" : 5.648091
    }, {
      "x" : 3.7653937,
      "y" : -0.94134843,
      "z" : 7.5307875
    } ],
    "faces" : [ {
      "vertices" : [ 0, 1, 2 ]
    }, {
      "vertices" : [ 0, 2, 3 ]
    }, {
      "vertices" : [ 0, 3, 2 ]
    }, {
      "vertices" : [ 0, 2, 1 ]
    } ]
  }, {
    "id" : "aa9862ed-c1ff-422c-b3bb-0ead39b12b8e",
    "vertices" : [ {
      "x" : 0.0,
      "y" : -6.130495,
      "z" : 12.26099
    }, {
      "x" : -13.708204,
      "y" : 0.0,
      "z" : 0.0
    }, {
      "x" : 0.0,
      "y" : 12.26099,
      "z" : 6.130495
    } ],
    "faces" : [ {
      "vertices" : [ 0, 1, 2 ]
    }, {
      "vertices" : [ 0, 2, 1 ]
    } ]
  }, {
    "id" : "bafa142c-b5e4-4b97-8d68-fa526f6d8cbf",
    "vertices" : [ {
      "x" : -3.137828,
      "y" : -7.217005,
      "z" : -3.137828
    }, {
      "x" : -0.94134843,
      "y" : -7.5307875,
      "z" : -3.7653937
    }, {
      "x" : -0.6275656,
      "y" : -7.84457,
      "z" : -3.137828
    } ],
    "faces" : [ {
      "vertices" : [ 0, 1, 2 ]
    }, {
      "vertices" : [ 0, 2, 1 ]
    } ]
  }, {
    "id" : "de3127b0-f6c2-408c-bcb8-1e19754ad0ac",
    "vertices" : [ {
      "x" : -11.333311,
      "y" : 11.066645,
      "z" : 9.930415
    }, {
      "x" : -11.433311,
      "y" : 11.166645,
      "z" : 9.530416
    }, {
      "x" : -0.3440476,
      "y" : 0.61071426,
      "z" : 0.22380953
    }, {
      "x" : -0.24404761,
      "y" : 0.5107143,
      "z" : 0.6238095
    }, {
      "x" : -11.199978,
      "y" : 11.466644,
      "z" : 9.663749
    }, {
      "x" : -11.0999775,
      "y" : 11.366645,
      "z" : 10.063749
    }, {
      "x" : -0.47738096,
      "y" : 0.21071428,
      "z" : 0.4904762
    }, {
      "x" : -0.57738096,
      "y" : 0.31071427,
      "z" : 0.09047619
    } ],
    "faces" : [ {
      "vertices" : [ 2, 3, 6 ]
    }, {
      "vertices" : [ 2, 6, 7 ]
    }, {
      "vertices" : [ 0, 5, 4 ]
    }, {
      "vertices" : [ 0, 4, 1 ]
    }, {
      "vertices" : [ 2, 4, 5 ]
    }, {
      "vertices" : [ 2, 5, 3 ]
    }, {
      "vertices" : [ 0, 6, 3 ]
    }, {
      "vertices" : [ 0, 3, 5 ]
    }, {
      "vertices" : [ 0, 1, 7 ]
    }, {
      "vertices" : [ 0, 7, 6 ]
    }, {
      "vertices" : [ 1, 4, 2 ]
    }, {
      "vertices" : [ 1, 2, 7 ]
    } ]
  }, {
    "id" : "cb737319-a759-48cd-8dce-7ce31b14952f",
    "vertices" : [ {
      "x" : -7.217005,
      "y" : 3.137828,
      "z" : -3.137828
    }, {
      "x" : -7.84457,
      "y" : 0.6275656,
      "z" : -3.137828
    }, {
      "x" : -7.84457,
      "y" : 3.137828,
      "z" : -0.6275656
    } ],
    "faces" : [ {
      "vertices" : [ 0, 1, 2 ]
    }, {
      "vertices" : [ 0, 2, 1 ]
    } ]
  }, {
    "id" : "bd8a2dba-b822-4e7d-9f6b-2e9cd1844a22",
    "vertices" : [ {
      "x" : -0.94134843,
      "y" : -3.7653937,
      "z" : -7.5307875
    }, {
      "x" : 0.94134843,
      "y" : -3.7653937,
      "z" : -7.5307875
    }, {
      "x" : 2.8240454,
      "y" : -5.648091,
      "z" : -5.648091
    }, {
      "x" : 0.94134843,
      "y" : -7.5307875,
      "z" : -3.7653937
    }, {
      "x" : -0.94134843,
      "y" : -7.5307875,
      "z" : -3.7653937
    }, {
      "x" : -2.8240454,
      "y" : -5.648091,
      "z" : -5.648091
    } ],
    "faces" : [ {
      "vertices" : [ 0, 1, 2 ]
    }, {
      "vertices" : [ 0, 2, 3 ]
    }, {
      "vertices" : [ 0, 3, 4 ]
    }, {
      "vertices" : [ 0, 4, 5 ]
    }, {
      "vertices" : [ 0, 5, 4 ]
    }, {
      "vertices" : [ 0, 4, 3 ]
    }, {
      "vertices" : [ 0, 3, 2 ]
    }, {
      "vertices" : [ 0, 2, 1 ]
    } ]
  }, {
    "id" : "7194962f-099b-4515-b997-8d6c5c684d8f",
    "vertices" : [ {
      "x" : 6.130495,
      "y" : -12.26099,
      "z" : 0.0
    }, {
      "x" : 0.0,
      "y" : 0.0,
      "z" : 13.708204
    }, {
      "x" : -12.26099,
      "y" : -6.130495,
      "z" : 0.0
    } ],
    "faces" : [ {
      "vertices" : [ 0, 1, 2 ]
    }, {
      "vertices" : [ 0, 2, 1 ]
    } ]
  }, {
    "id" : "d4bcad1f-d54e-4126-85f6-2c33c2bfef0d",
    "vertices" : [ {
      "x" : 10.088603,
      "y" : -10.421936,
      "z" : 11.82507
    }, {
      "x" : 10.188603,
      "y" : -10.021936,
      "z" : 11.92507
    }, {
      "x" : 0.5733333,
      "y" : -0.24,
      "z" : 0.36
    }, {
      "x" : 0.47333333,
      "y" : -0.64,
      "z" : 0.26
    }, {
      "x" : 10.488603,
      "y" : -10.15527,
      "z" : 11.691737
    }, {
      "x" : 10.388603,
      "y" : -10.55527,
      "z" : 11.591737
    }, {
      "x" : 0.17333333,
      "y" : -0.50666666,
      "z" : 0.49333334
    }, {
      "x" : 0.27333334,
      "y" : -0.10666667,
      "z" : 0.5933333
    } ],
    "faces" : [ {
      "vertices" : [ 2, 3, 6 ]
    }, {
      "vertices" : [ 2, 6, 7 ]
    }, {
      "vertices" : [ 0, 5, 4 ]
    }, {
      "vertices" : [ 0, 4, 1 ]
    }, {
      "vertices" : [ 2, 4, 5 ]
    }, {
      "vertices" : [ 2, 5, 3 ]
    }, {
      "vertices" : [ 0, 6, 3 ]
    }, {
      "vertices" : [ 0, 3, 5 ]
    }, {
      "vertices" : [ 0, 1, 7 ]
    }, {
      "vertices" : [ 0, 7, 6 ]
    }, {
      "vertices" : [ 1, 4, 2 ]
    }, {
      "vertices" : [ 1, 2, 7 ]
    } ]
  }, {
    "id" : "ecb82ddd-e8fc-49cc-bf17-1ff47df50861",
    "vertices" : [ {
      "x" : -3.7653937,
      "y" : -0.94134843,
      "z" : 7.5307875
    }, {
      "x" : -3.137828,
      "y" : -0.6275656,
      "z" : 7.84457
    }, {
      "x" : -3.137828,
      "y" : 0.6275656,
      "z" : 7.84457
    }, {
      "x" : -3.7653937,
      "y" : 0.94134843,
      "z" : 7.5307875
    } ],
    "faces" : [ {
      "vertices" : [ 0, 1, 2 ]
    }, {
      "vertices" : [ 0, 2, 3 ]
    }, {
      "vertices" : [ 0, 3, 2 ]
    }, {
      "vertices" : [ 0, 2, 1 ]
    } ]
  }, {
    "id" : "f1ffcc67-527e-4871-80e3-716c6c8ed76f",
    "vertices" : [ {
      "x" : 0.0,
      "y" : 0.0,
      "z" : -13.708204
    }, {
      "x" : 0.0,
      "y" : -13.708204,
      "z" : 0.0
    }, {
      "x" : -13.708204,
      "y" : 0.0,
      "z" : 0.0
    } ],
    "faces" : [ {
      "vertices" : [ 0, 1, 2 ]
    }, {
      "vertices" : [ 0, 2, 1 ]
    } ]
  }, {
    "id" : "15e63c2b-bb6f-481d-948a-4e752a99e055",
    "vertices" : [ {
      "x" : -3.137828,
      "y" : 0.6275656,
      "z" : -7.84457
    }, {
      "x" : -0.6275656,
      "y" : 3.137828,
      "z" : -7.84457
    }, {
      "x" : 0.0,
      "y" : 0.0,
      "z" : -8.472136
    } ],
    "faces" : [ {
      "vertices" : [ 0, 1, 2 ]
    }, {
      "vertices" : [ 0, 2, 1 ]
    } ]
  }, {
    "id" : "816837ba-77f3-4641-9d93-b789381d3908",
    "vertices" : [ {
      "x" : -17.227865,
      "y" : 4.055893,
      "z" : -6.1741595
    }, {
      "x" : -17.327866,
      "y" : 3.6558928,
      "z" : -6.2741594
    }, {
      "x" : -0.54202896,
      "y" : 0.0057971017,
      "z" : -0.42608696
    }, {
      "x" : -0.442029,
      "y" : 0.4057971,
      "z" : -0.32608697
    }, {
      "x" : -17.094532,
      "y" : 3.7892263,
      "z" : -6.574159
    }, {
      "x" : -16.994532,
      "y" : 4.189226,
      "z" : -6.4741592
    }, {
      "x" : -0.67536235,
      "y" : 0.27246377,
      "z" : -0.026086956
    }, {
      "x" : -0.7753623,
      "y" : -0.12753624,
      "z" : -0.12608695
    } ],
    "faces" : [ {
      "vertices" : [ 2, 3, 6 ]
    }, {
      "vertices" : [ 2, 6, 7 ]
    }, {
      "vertices" : [ 0, 5, 4 ]
    }, {
      "vertices" : [ 0, 4, 1 ]
    }, {
      "vertices" : [ 2, 4, 5 ]
    }, {
      "vertices" : [ 2, 5, 3 ]
    }, {
      "vertices" : [ 0, 6, 3 ]
    }, {
      "vertices" : [ 0, 3, 5 ]
    }, {
      "vertices" : [ 0, 1, 7 ]
    }, {
      "vertices" : [ 0, 7, 6 ]
    }, {
      "vertices" : [ 1, 4, 2 ]
    }, {
      "vertices" : [ 1, 2, 7 ]
    } ]
  }, {
    "id" : "68d93a91-5f53-44e0-b8a7-9c96bcab2fa7",
    "vertices" : [ {
      "x" : -0.6275656,
      "y" : 7.84457,
      "z" : -3.137828
    }, {
      "x" : -3.137828,
      "y" : 7.217005,
      "z" : -3.137828
    }, {
      "x" : -3.137828,
      "y" : 7.84457,
      "z" : -0.6275656
    } ],
    "faces" : [ {
      "vertices" : [ 0, 1, 2 ]
    }, {
      "vertices" : [ 0, 2, 1 ]
    } ]
  }, {
    "id" : "2a2e5698-2c81-4974-8d02-d4a4d8570a38",
    "vertices" : [ {
      "x" : -3.7653937,
      "y" : -7.5307875,
      "z" : 0.94134843
    }, {
      "x" : -5.648091,
      "y" : -5.648091,
      "z" : 2.8240454
    }, {
      "x" : -7.5307875,
      "y" : -3.7653937,
      "z" : 0.94134843
    }, {
      "x" : -7.5307875,
      "y" : -3.7653937,
      "z" : -0.94134843
    }, {
      "x" : -5.648091,
      "y" : -5.648091,
      "z" : -2.8240454
    }, {
      "x" : -3.7653937,
      "y" : -7.5307875,
      "z" : -0.94134843
    } ],
    "faces" : [ {
      "vertices" : [ 0, 1, 2 ]
    }, {
      "vertices" : [ 0, 2, 3 ]
    }, {
      "vertices" : [ 0, 3, 4 ]
    }, {
      "vertices" : [ 0, 4, 5 ]
    }, {
      "vertices" : [ 0, 5, 4 ]
    }, {
      "vertices" : [ 0, 4, 3 ]
    }, {
      "vertices" : [ 0, 3, 2 ]
    }, {
      "vertices" : [ 0, 2, 1 ]
    } ]
  }, {
    "id" : "ac696ff3-ef16-4115-ac9f-12890555518f",
    "vertices" : [ {
      "x" : -0.309017,
      "y" : -0.19098301,
      "z" : 0.0
    }, {
      "x" : -0.309017,
      "y" : 0.19098301,
      "z" : 0.0
    }, {
      "x" : -0.19098301,
      "y" : 0.0,
      "z" : -0.309017
    }, {
      "x" : -0.19098301,
      "y" : 0.0,
      "z" : 0.309017
    }, {
      "x" : 0.0,
      "y" : -0.309017,
      "z" : -0.19098301
    }, {
      "x" : 0.0,
      "y" : -0.309017,
      "z" : 0.19098301
    }, {
      "x" : 0.0,
      "y" : 0.309017,
      "z" : -0.19098301
    }, {
      "x" : 0.0,
      "y" : 0.309017,
      "z" : 0.19098301
    }, {
      "x" : 0.19098301,
      "y" : 0.0,
      "z" : -0.309017
    }, {
      "x" : 0.19098301,
      "y" : 0.0,
      "z" : 0.309017
    }, {
      "x" : 0.309017,
      "y" : -0.19098301,
      "z" : 0.0
    }, {
      "x" : 0.309017,
      "y" : 0.19098301,
      "z" : 0.0
    } ],
    "faces" : [ {
      "vertices" : [ 0, 1, 2 ]
    }, {
      "vertices" : [ 0, 3, 1 ]
    }, {
      "vertices" : [ 0, 2, 4 ]
    }, {
      "vertices" : [ 0, 5, 3 ]
    }, {
      "vertices" : [ 0, 4, 5 ]
    }, {
      "vertices" : [ 1, 6, 2 ]
    }, {
      "vertices" : [ 1, 3, 7 ]
    }, {
      "vertices" : [ 1, 7, 6 ]
    }, {
      "vertices" : [ 2, 8, 4 ]
    }, {
      "vertices" : [ 2, 6, 8 ]
    }, {
      "vertices" : [ 3, 5, 9 ]
    }, {
      "vertices" : [ 3, 9, 7 ]
    }, {
      "vertices" : [ 4, 10, 5 ]
    }, {
      "vertices" : [ 4, 8, 10 ]
    }, {
      "vertices" : [ 5, 10, 9 ]
    }, {
      "vertices" : [ 6, 7, 11 ]
    }, {
      "vertices" : [ 6, 11, 8 ]
    }, {
      "vertices" : [ 7, 9, 11 ]
    }, {
      "vertices" : [ 8, 11, 10 ]
    }, {
      "vertices" : [ 9, 10, 11 ]
    } ]
  }, {
    "id" : "98a28e4e-77ef-4dff-8fb2-05e124bb9509",
    "vertices" : [ {
      "x" : 4.3094015,
      "y" : -4.1427345,
      "z" : -17.804272
    }, {
      "x" : 4.209401,
      "y" : -4.5427346,
      "z" : -17.704271
    }, {
      "x" : 0.26,
      "y" : -0.42666668,
      "z" : -0.47333333
    }, {
      "x" : 0.36,
      "y" : -0.026666667,
      "z" : -0.5733333
    }, {
      "x" : 4.5094013,
      "y" : -4.676068,
      "z" : -17.470938
    }, {
      "x" : 4.609401,
      "y" : -4.276068,
      "z" : -17.570938
    }, {
      "x" : 0.06,
      "y" : 0.10666667,
      "z" : -0.8066667
    }, {
      "x" : -0.04,
      "y" : -0.29333332,
      "z" : -0.70666665
    } ],
    "faces" : [ {
      "vertices" : [ 2, 3, 6 ]
    }, {
      "vertices" : [ 2, 6, 7 ]
    }, {
      "vertices" : [ 0, 5, 4 ]
    }, {
      "vertices" : [ 0, 4, 1 ]
    }, {
      "vertices" : [ 2, 4, 5 ]
    }, {
      "vertices" : [ 2, 5, 3 ]
    }, {
      "vertices" : [ 0, 6, 3 ]
    }, {
      "vertices" : [ 0, 3, 5 ]
    }, {
      "vertices" : [ 0, 1, 7 ]
    }, {
      "vertices" : [ 0, 7, 6 ]
    }, {
      "vertices" : [ 1, 4, 2 ]
    }, {
      "vertices" : [ 1, 2, 7 ]
    } ]
  }, {
    "id" : "4c373dfc-f4f2-4119-af5e-d3a9b4487b2a",
    "vertices" : [ {
      "x" : -0.94134843,
      "y" : -7.5307875,
      "z" : 3.7653937
    }, {
      "x" : -2.8240454,
      "y" : -5.648091,
      "z" : 5.648091
    }, {
      "x" : -3.7653937,
      "y" : -6.589439,
      "z" : 3.7653937
    }, {
      "x" : -3.137828,
      "y" : -7.217005,
      "z" : 3.137828
    } ],
    "faces" : [ {
      "vertices" : [ 0, 1, 2 ]
    }, {
      "vertices" : [ 0, 2, 3 ]
    }, {
      "vertices" : [ 0, 3, 2 ]
    }, {
      "vertices" : [ 0, 2, 1 ]
    } ]
  }, {
    "id" : "1404a360-6c5d-4ccf-95b0-d358569e4d16",
    "vertices" : [ {
      "x" : -12.692781,
      "y" : -5.0771127,
      "z" : -1.0154225
    }, {
      "x" : -12.692781,
      "y" : -5.0771127,
      "z" : 1.0154225
    }, {
      "x" : -13.708204,
      "y" : 0.0,
      "z" : 0.0
    } ],
    "faces" : [ {
      "vertices" : [ 0, 1, 2 ]
    }, {
      "vertices" : [ 0, 2, 1 ]
    } ]
  }, {
    "id" : "9ae0e811-ac87-4eaf-bc50-0afb7ac11301",
    "vertices" : [ {
      "x" : -1.5231338,
      "y" : -6.092535,
      "z" : -12.18507
    }, {
      "x" : -5.0771127,
      "y" : -5.0771127,
      "z" : -11.677359
    }, {
      "x" : -1.0154225,
      "y" : -5.0771127,
      "z" : -12.692781
    } ],
    "faces" : [ {
      "vertices" : [ 0, 1, 2 ]
    }, {
      "vertices" : [ 0, 2, 1 ]
    } ]
  }, {
    "id" : "e0b2ef1b-f96c-4a37-9990-cfbe577d7677",
    "vertices" : [ {
      "x" : 3.137828,
      "y" : 3.137828,
      "z" : 7.217005
    }, {
      "x" : 0.6275656,
      "y" : 3.137828,
      "z" : 7.84457
    }, {
      "x" : 3.137828,
      "y" : 0.6275656,
      "z" : 7.84457
    } ],
    "faces" : [ {
      "vertices" : [ 0, 1, 2 ]
    }, {
      "vertices" : [ 0, 2, 1 ]
    } ]
  }, {
    "id" : "0bca8c9a-5aee-4337-8b56-a389cd102300",
    "vertices" : [ {
      "x" : -12.692781,
      "y" : 1.0154225,
      "z" : -5.0771127
    }, {
      "x" : -12.692781,
      "y" : -1.0154225,
      "z" : -5.0771127
    }, {
      "x" : -13.708204,
      "y" : 0.0,
      "z" : 0.0
    } ],
    "faces" : [ {
      "vertices" : [ 0, 1, 2 ]
    }, {
      "vertices" : [ 0, 2, 1 ]
    } ]
  }, {
    "id" : "ed7cd2e4-c5dc-4688-88f7-370f31b4f70e",
    "vertices" : [ {
      "x" : 7.1592584,
      "y" : 6.02074,
      "z" : -16.257036
    }, {
      "x" : 7.2592587,
      "y" : 5.6207404,
      "z" : -16.357035
    }, {
      "x" : 0.45641026,
      "y" : 0.071794875,
      "z" : -0.4974359
    }, {
      "x" : 0.35641026,
      "y" : 0.47179487,
      "z" : -0.3974359
    }, {
      "x" : 7.5592585,
      "y" : 5.7540736,
      "z" : -16.123703
    }, {
      "x" : 7.4592586,
      "y" : 6.1540737,
      "z" : -16.023703
    }, {
      "x" : 0.056410257,
      "y" : 0.33846155,
      "z" : -0.63076925
    }, {
      "x" : 0.15641026,
      "y" : -0.06153846,
      "z" : -0.7307692
    } ],
    "faces" : [ {
      "vertices" : [ 2, 3, 6 ]
    }, {
      "vertices" : [ 2, 6, 7 ]
    }, {
      "vertices" : [ 0, 5, 4 ]
    }, {
      "vertices" : [ 0, 4, 1 ]
    }, {
      "vertices" : [ 2, 4, 5 ]
    }, {
      "vertices" : [ 2, 5, 3 ]
    }, {
      "vertices" : [ 0, 6, 3 ]
    }, {
      "vertices" : [ 0, 3, 5 ]
    }, {
      "vertices" : [ 0, 1, 7 ]
    }, {
      "vertices" : [ 0, 7, 6 ]
    }, {
      "vertices" : [ 1, 4, 2 ]
    }, {
      "vertices" : [ 1, 2, 7 ]
    } ]
  }, {
    "id" : "290e29be-3b03-4819-887f-662b0234f927",
    "vertices" : [ {
      "x" : 0.0,
      "y" : -3.7888544,
      "z" : 7.5777087
    }, {
      "x" : -8.472136,
      "y" : 0.0,
      "z" : 0.0
    }, {
      "x" : 0.0,
      "y" : 7.5777087,
      "z" : 3.7888544
    } ],
    "faces" : [ {
      "vertices" : [ 0, 1, 2 ]
    }, {
      "vertices" : [ 0, 2, 1 ]
    } ]
  }, {
    "id" : "a8d1f43a-a1c9-4334-90ce-d41c5b78a515",
    "vertices" : [ {
      "x" : 3.137828,
      "y" : 0.6275656,
      "z" : -7.84457
    }, {
      "x" : 0.0,
      "y" : 0.0,
      "z" : -8.472136
    }, {
      "x" : 0.6275656,
      "y" : 3.137828,
      "z" : -7.84457
    } ],
    "faces" : [ {
      "vertices" : [ 0, 1, 2 ]
    }, {
      "vertices" : [ 0, 2, 1 ]
    } ]
  }, {
    "id" : "8ad800f3-578c-4384-b93a-7b5ed0bb7d10",
    "vertices" : [ {
      "x" : 11.09017,
      "y" : 0.0,
      "z" : -4.236068
    }, {
      "x" : 10.781153,
      "y" : 0.0,
      "z" : -4.118034
    }, {
      "x" : 10.376644,
      "y" : -0.1545085,
      "z" : -3.677051
    }, {
      "x" : 10.185661,
      "y" : -0.1545085,
      "z" : -4.177051
    }, {
      "x" : 0.9045085,
      "y" : -0.1545085,
      "z" : -0.059016995
    }, {
      "x" : 0.809017,
      "y" : 0.309017,
      "z" : -0.309017
    }, {
      "x" : 0.309017,
      "y" : 0.0,
      "z" : -0.11803399
    }, {
      "x" : 10.281153,
      "y" : 0.309017,
      "z" : -3.927051
    }, {
      "x" : 0.7135255,
      "y" : -0.1545085,
      "z" : -0.559017
    } ],
    "faces" : [ {
      "vertices" : [ 2, 4, 8 ]
    }, {
      "vertices" : [ 2, 8, 3 ]
    }, {
      "vertices" : [ 2, 7, 5 ]
    }, {
      "vertices" : [ 2, 5, 4 ]
    }, {
      "vertices" : [ 4, 6, 8 ]
    }, {
      "vertices" : [ 5, 8, 6 ]
    }, {
      "vertices" : [ 1, 2, 3 ]
    }, {
      "vertices" : [ 3, 8, 5 ]
    }, {
      "vertices" : [ 3, 5, 7 ]
    }, {
      "vertices" : [ 1, 7, 2 ]
    }, {
      "vertices" : [ 1, 3, 7 ]
    }, {
      "vertices" : [ 4, 5, 6 ]
    } ]
  }, {
    "id" : "044a4828-cf5b-42fb-b4a3-423f69592d0f",
    "vertices" : [ {
      "x" : 3.137828,
      "y" : 3.137828,
      "z" : -7.217005
    }, {
      "x" : 3.7653937,
      "y" : 0.94134843,
      "z" : -7.5307875
    }, {
      "x" : 3.137828,
      "y" : 0.6275656,
      "z" : -7.84457
    } ],
    "faces" : [ {
      "vertices" : [ 0, 1, 2 ]
    }, {
      "vertices" : [ 0, 2, 1 ]
    } ]
  }, {
    "id" : "175d9e7f-4630-4cc8-98a1-de67441f8791",
    "vertices" : [ {
      "x" : -12.26099,
      "y" : 0.0,
      "z" : 6.130495
    }, {
      "x" : 0.0,
      "y" : -13.708204,
      "z" : 0.0
    }, {
      "x" : 6.130495,
      "y" : 0.0,
      "z" : 12.26099
    } ],
    "faces" : [ {
      "vertices" : [ 0, 1, 2 ]
    }, {
      "vertices" : [ 0, 2, 1 ]
    } ]
  }, {
    "id" : "61a2b62e-d5c2-41f7-a73d-4fc33f41cb36",
    "vertices" : [ {
      "x" : 5.0771127,
      "y" : 1.0154225,
      "z" : -12.692781
    }, {
      "x" : 0.0,
      "y" : 0.0,
      "z" : -13.708204
    }, {
      "x" : 1.0154225,
      "y" : 5.0771127,
      "z" : -12.692781
    } ],
    "faces" : [ {
      "vertices" : [ 0, 1, 2 ]
    }, {
      "vertices" : [ 0, 2, 1 ]
    } ]
  }, {
    "id" : "25ecdb09-a66e-4152-9488-ae31a7a6998f",
    "vertices" : [ {
      "x" : -3.7888544,
      "y" : 7.5777087,
      "z" : 0.0
    }, {
      "x" : 0.0,
      "y" : 0.0,
      "z" : 8.472136
    }, {
      "x" : -7.5777087,
      "y" : -3.7888544,
      "z" : 0.0
    } ],
    "faces" : [ {
      "vertices" : [ 0, 1, 2 ]
    }, {
      "vertices" : [ 0, 2, 1 ]
    } ]
  }, {
    "id" : "52c20dd7-6515-48a3-a406-85da4e5cb52e",
    "vertices" : [ {
      "x" : -12.26099,
      "y" : 0.0,
      "z" : -6.130495
    }, {
      "x" : 0.0,
      "y" : -13.708204,
      "z" : 0.0
    }, {
      "x" : -6.130495,
      "y" : 0.0,
      "z" : 12.26099
    } ],
    "faces" : [ {
      "vertices" : [ 0, 1, 2 ]
    }, {
      "vertices" : [ 0, 2, 1 ]
    } ]
  }, {
    "id" : "cc89a635-a003-4a62-97e6-f385996237f5",
    "vertices" : [ {
      "x" : 6.092535,
      "y" : -12.18507,
      "z" : -1.5231338
    }, {
      "x" : 5.0771127,
      "y" : -11.677359,
      "z" : -5.0771127
    }, {
      "x" : 6.092535,
      "y" : -10.661937,
      "z" : -6.092535
    }, {
      "x" : 9.138803,
      "y" : -9.138803,
      "z" : -4.5694013
    } ],
    "faces" : [ {
      "vertices" : [ 0, 1, 2 ]
    }, {
      "vertices" : [ 0, 2, 3 ]
    }, {
      "vertices" : [ 0, 3, 2 ]
    }, {
      "vertices" : [ 0, 2, 1 ]
    } ]
  }, {
    "id" : "6fbfaaa2-2473-46d4-bd7a-e4e20507e7e7",
    "vertices" : [ {
      "x" : 0.0,
      "y" : 3.7888544,
      "z" : 7.5777087
    }, {
      "x" : 8.472136,
      "y" : 0.0,
      "z" : 0.0
    }, {
      "x" : 0.0,
      "y" : 7.5777087,
      "z" : -3.7888544
    } ],
    "faces" : [ {
      "vertices" : [ 0, 1, 2 ]
    }, {
      "vertices" : [ 0, 2, 1 ]
    } ]
  }, {
    "id" : "5c8e407b-e334-4a24-bd00-4f5bfcdd9818",
    "vertices" : [ {
      "x" : 0.6275656,
      "y" : 7.84457,
      "z" : 3.137828
    }, {
      "x" : -0.6275656,
      "y" : 7.84457,
      "z" : 3.137828
    }, {
      "x" : -0.94134843,
      "y" : 7.5307875,
      "z" : 3.7653937
    }, {
      "x" : 0.94134843,
      "y" : 7.5307875,
      "z" : 3.7653937
    } ],
    "faces" : [ {
      "vertices" : [ 0, 1, 2 ]
    }, {
      "vertices" : [ 0, 2, 3 ]
    }, {
      "vertices" : [ 0, 3, 2 ]
    }, {
      "vertices" : [ 0, 2, 1 ]
    } ]
  }, {
    "id" : "88baf597-38fe-471b-bb17-4fadc53e47da",
    "vertices" : [ {
      "x" : 3.137828,
      "y" : 0.6275656,
      "z" : 7.84457
    }, {
      "x" : 0.6275656,
      "y" : 3.137828,
      "z" : 7.84457
    }, {
      "x" : 0.0,
      "y" : 0.0,
      "z" : 8.472136
    } ],
    "faces" : [ {
      "vertices" : [ 0, 1, 2 ]
    }, {
      "vertices" : [ 0, 2, 1 ]
    } ]
  }, {
    "id" : "47ca456b-be84-4495-bb04-96c44c31d361",
    "vertices" : [ {
      "x" : -6.092535,
      "y" : -12.18507,
      "z" : -1.5231338
    }, {
      "x" : -5.0771127,
      "y" : -11.677359,
      "z" : -5.0771127
    }, {
      "x" : -5.0771127,
      "y" : -12.692781,
      "z" : -1.0154225
    } ],
    "faces" : [ {
      "vertices" : [ 0, 1, 2 ]
    }, {
      "vertices" : [ 0, 2, 1 ]
    } ]
  }, {
    "id" : "64868355-2d66-49dd-b98b-0511141f8020",
    "vertices" : [ {
      "x" : -1.0154225,
      "y" : 5.0771127,
      "z" : 12.692781
    }, {
      "x" : -5.0771127,
      "y" : 1.0154225,
      "z" : 12.692781
    }, {
      "x" : 0.0,
      "y" : 0.0,
      "z" : 13.708204
    } ],
    "faces" : [ {
      "vertices" : [ 0, 1, 2 ]
    }, {
      "vertices" : [ 0, 2, 1 ]
    } ]
  }, {
    "id" : "8a2bdc0a-bf75-48b3-9c7d-c484824e6549",
    "vertices" : [ {
      "x" : 0.0,
      "y" : -6.130495,
      "z" : 12.26099
    }, {
      "x" : 13.708204,
      "y" : 0.0,
      "z" : 0.0
    }, {
      "x" : 0.0,
      "y" : 12.26099,
      "z" : 6.130495
    } ],
    "faces" : [ {
      "vertices" : [ 0, 1, 2 ]
    }, {
      "vertices" : [ 0, 2, 1 ]
    } ]
  }, {
    "id" : "13c49e10-36d3-4310-9b4f-059d3cf5bd6f",
    "vertices" : [ {
      "x" : 7.5777087,
      "y" : 0.0,
      "z" : -3.7888544
    }, {
      "x" : 0.0,
      "y" : 8.472136,
      "z" : 0.0
    }, {
      "x" : 3.7888544,
      "y" : 0.0,
      "z" : 7.5777087
    } ],
    "faces" : [ {
      "vertices" : [ 0, 1, 2 ]
    }, {
      "vertices" : [ 0, 2, 1 ]
    } ]
  }, {
    "id" : "f8d9f0ea-d9da-446e-ade1-940d491f2b99",
    "vertices" : [ {
      "x" : -3.7653937,
      "y" : -0.94134843,
      "z" : -7.5307875
    }, {
      "x" : -3.137828,
      "y" : -3.137828,
      "z" : -7.217005
    }, {
      "x" : -3.7653937,
      "y" : -3.7653937,
      "z" : -6.589439
    }, {
      "x" : -5.648091,
      "y" : -2.8240454,
      "z" : -5.648091
    } ],
    "faces" : [ {
      "vertices" : [ 0, 1, 2 ]
    }, {
      "vertices" : [ 0, 2, 3 ]
    }, {
      "vertices" : [ 0, 3, 2 ]
    }, {
      "vertices" : [ 0, 2, 1 ]
    } ]
  }, {
    "id" : "a0f49e16-aa79-4aa6-8c01-97b79ffa89d3",
    "vertices" : [ {
      "x" : 3.137828,
      "y" : -0.6275656,
      "z" : -7.84457
    }, {
      "x" : 0.0,
      "y" : 0.0,
      "z" : -8.472136
    }, {
      "x" : 3.137828,
      "y" : 0.6275656,
      "z" : -7.84457
    } ],
    "faces" : [ {
      "vertices" : [ 0, 1, 2 ]
    }, {
      "vertices" : [ 0, 2, 1 ]
    } ]
  }, {
    "id" : "b291482d-8b48-48df-b317-d713127e2359",
    "vertices" : [ {
      "x" : -12.18507,
      "y" : -1.5231338,
      "z" : -6.092535
    }, {
      "x" : -12.692781,
      "y" : -1.0154225,
      "z" : -5.0771127
    }, {
      "x" : -12.692781,
      "y" : 1.0154225,
      "z" : -5.0771127
    }, {
      "x" : -12.18507,
      "y" : 1.5231338,
      "z" : -6.092535
    } ],
    "faces" : [ {
      "vertices" : [ 0, 1, 2 ]
    }, {
      "vertices" : [ 0, 2, 3 ]
    }, {
      "vertices" : [ 0, 3, 2 ]
    }, {
      "vertices" : [ 0, 2, 1 ]
    } ]
  }, {
    "id" : "6a9b764a-ea2f-4642-bfe3-97d013c2cc6b",
    "vertices" : [ {
      "x" : -1.5231338,
      "y" : -12.18507,
      "z" : 6.092535
    }, {
      "x" : -5.0771127,
      "y" : -11.677359,
      "z" : 5.0771127
    }, {
      "x" : -1.0154225,
      "y" : -12.692781,
      "z" : 5.0771127
    } ],
    "faces" : [ {
      "vertices" : [ 0, 1, 2 ]
    }, {
      "vertices" : [ 0, 2, 1 ]
    } ]
  }, {
    "id" : "95d39f52-9b73-45c9-b44c-c8974c1a6989",
    "vertices" : [ {
      "x" : 0.0,
      "y" : 3.7888544,
      "z" : -7.5777087
    }, {
      "x" : -8.472136,
      "y" : 0.0,
      "z" : 0.0
    }, {
      "x" : 0.0,
      "y" : -7.5777087,
      "z" : -3.7888544
    } ],
    "faces" : [ {
      "vertices" : [ 0, 1, 2 ]
    }, {
      "vertices" : [ 0, 2, 1 ]
    } ]
  }, {
    "id" : "83f23475-0a76-4725-ac85-416713d36a12",
    "vertices" : [ {
      "x" : -12.26099,
      "y" : 0.0,
      "z" : -6.130495
    }, {
      "x" : 0.0,
      "y" : -13.708204,
      "z" : 0.0
    }, {
      "x" : 6.130495,
      "y" : 0.0,
      "z" : -12.26099
    } ],
    "faces" : [ {
      "vertices" : [ 0, 1, 2 ]
    }, {
      "vertices" : [ 0, 2, 1 ]
    } ]
  }, {
    "id" : "ce18b8d3-ca3a-4805-8098-05cb951b1439",
    "vertices" : [ {
      "x" : 12.18507,
      "y" : -6.092535,
      "z" : -1.5231338
    }, {
      "x" : 12.692781,
      "y" : -5.0771127,
      "z" : -1.0154225
    }, {
      "x" : 12.692781,
      "y" : -5.0771127,
      "z" : 1.0154225
    }, {
      "x" : 12.18507,
      "y" : -6.092535,
      "z" : 1.5231338
    } ],
    "faces" : [ {
      "vertices" : [ 0, 1, 2 ]
    }, {
      "vertices" : [ 0, 2, 3 ]
    }, {
      "vertices" : [ 0, 3, 2 ]
    }, {
      "vertices" : [ 0, 2, 1 ]
    } ]
  }, {
    "id" : "b502818d-9007-4d32-9ee6-b1c22ea0c519",
    "vertices" : [ {
      "x" : 0.0,
      "y" : 0.0,
      "z" : -8.472136
    }, {
      "x" : 0.0,
      "y" : 8.472136,
      "z" : 0.0
    }, {
      "x" : -8.472136,
      "y" : 0.0,
      "z" : 0.0
    } ],
    "faces" : [ {
      "vertices" : [ 0, 1, 2 ]
    }, {
      "vertices" : [ 0, 2, 1 ]
    } ]
  }, {
    "id" : "becfa807-eb28-4e85-acae-62de3e84a364",
    "vertices" : [ {
      "x" : 5.0771127,
      "y" : -1.0154225,
      "z" : -12.692781
    }, {
      "x" : 5.0771127,
      "y" : -5.0771127,
      "z" : -11.677359
    }, {
      "x" : 1.0154225,
      "y" : -5.0771127,
      "z" : -12.692781
    } ],
    "faces" : [ {
      "vertices" : [ 0, 1, 2 ]
    }, {
      "vertices" : [ 0, 2, 1 ]
    } ]
  }, {
    "id" : "0aafa08e-7810-4c31-a3c4-9ecf28575178",
    "vertices" : [ {
      "x" : -1.5231338,
