{
  "field" : "golden",
  "symmetry" : "icosahedral",
  "orientations" : [ [ 1.0, 0.0, 0.0, 0.0, 0.0, 1.0, 0.0, 0.0, 0.0, 0.0, 1.0, 0.0, 0.0, 0.0, 0.0, 1.0 ], [ 0.0, 0.0, 1.0, 0.0, 1.0, 0.0, 0.0, 0.0, 0.0, 1.0, 0.0, 0.0, 0.0, 0.0, 0.0, 1.0 ], [ 0.0, 1.0, 0.0, 0.0, 0.0, 0.0, 1.0, 0.0, 1.0, 0.0, 0.0, 0.0, 0.0, 0.0, 0.0, 1.0 ], [ 0.809017, 0.309017, 0.5, 0.0, 0.309017, 0.5, -0.809017, 0.0, -0.5, 0.809017, 0.309017, 0.0, 0.0, 0.0, 0.0, 1.0 ], [ -0.5, 0.809017, 0.309017, 0.0, 0.809017, 0.309017, 0.5, 0.0, 0.309017, 0.5, -0.809017, 0.0, 0.0, 0.0, 0.0, 1.0 ], [ 0.309017, 0.5, -0.809017, 0.0, -0.5, 0.809017, 0.309017, 0.0, 0.809017, 0.309017, 0.5, 0.0, 0.0, 0.0, 0.0, 1.0 ], [ 0.5, 0.809017, 0.309017, 0.0, 0.809017, -0.309017, -0.5, 0.0, -0.309017, 0.5, -0.809017, 0.0, 0.0, 0.0, 0.0, 1.0 ], [ -0.309017, 0.5, -0.809017, 0.0, 0.5, 0.809017, 0.309017, 0.0, 0.809017, -0.309017, -0.5, 0.0, 0.0, 0.0, 0.0, 1.0 ], [ 0.809017, -0.309017, -0.5, 0.0, -0.309017, 0.5, -0.809017, 0.0, 0.5, 0.809017, 0.309017, 0.0, 0.0, 0.0, 0.0, 1.0 ], [ 0.5, 0.809017, -0.309017, 0.0, 0.809017, -0.309017, 0.5, 0.0, 0.309017, -0.5, -0.809017, 0.0, 0.0, 0.0, 0.0, 1.0 ], [ 0.309017, -0.5, -0.809017, 0.0, 0.5, 0.809017, -0.309017, 0.0, 0.809017, -0.309017, 0.5, 0.0, 0.0, 0.0, 0.0, 1.0 ], [ 0.809017, -0.309017, 0.5, 0.0, 0.309017, -0.5, -0.809017, 0.0, 0.5, 0.809017, -0.309017, 0.0, 0.0, 0.0, 0.0, 1.0 ], [ 0.809017, 0.309017, -0.5, 0.0, 0.309017, 0.5, 0.809017, 0.0, 0.5, -0.809017, 0.309017, 0.0, 0.0, 0.0, 0.0, 1.0 ], [ 0.5, -0.809017, 0.309017, 0.0, 0.809017, 0.309017, -0.5, 0.0, 0.309017, 0.5, 0.809017, 0.0, 0.0, 0.0, 0.0, 1.0 ], [ 0.309017, 0.5, 0.809017, 0.0, 0.5, -0.809017, 0.309017, 0.0, 0.809017, 0.309017, -0.5, 0.0, 0.0, 0.0, 0.0, 1.0 ], [ 1.0, 0.0, 0.0, 0.0, 0.0, -1.0, 0.0, 0.0, 0.0, 0.0, -1.0, 0.0, 0.0, 0.0, 0.0, 1.0 ], [ 0.0, 0.0, 1.0, 0.0, -1.0, 0.0, 0.0, 0.0, 0.0, -1.0, 0.0, 0.0, 0.0, 0.0, 0.0, 1.0 ], [ 0.0, 1.0, 0.0, 0.0, 0.0, 0.0, -1.0, 0.0, -1.0, 0.0, 0.0, 0.0, 0.0, 0.0, 0.0, 1.0 ], [ 0.809017, 0.309017, 0.5, 0.0, -0.309017, -0.5, 0.809017, 0.0, 0.5, -0.809017, -0.309017, 0.0, 0.0, 0.0, 0.0, 1.0 ], [ -0.5, 0.809017, 0.309017, 0.0, -0.809017, -0.309017, -0.5, 0.0, -0.309017, -0.5, 0.809017, 0.0, 0.0, 0.0, 0.0, 1.0 ], [ 0.309017, 0.5, -0.809017, 0.0, 0.5, -0.809017, -0.309017, 0.0, -0.809017, -0.309017, -0.5, 0.0, 0.0, 0.0, 0.0, 1.0 ], [ 0.5, 0.809017, 0.309017, 0.0, -0.809017, 0.309017, 0.5, 0.0, 0.309017, -0.5, 0.809017, 0.0, 0.0, 0.0, 0.0, 1.0 ], [ -0.309017, 0.5, -0.809017, 0.0, -0.5, -0.809017, -0.309017, 0.0, -0.809017, 0.309017, 0.5, 0.0, 0.0, 0.0, 0.0, 1.0 ], [ 0.809017, -0.309017, -0.5, 0.0, 0.309017, -0.5, 0.809017, 0.0, -0.5, -0.809017, -0.309017, 0.0, 0.0, 0.0, 0.0, 1.0 ], [ 0.5, 0.809017, -0.309017, 0.0, -0.809017, 0.309017, -0.5, 0.0, -0.309017, 0.5, 0.809017, 0.0, 0.0, 0.0, 0.0, 1.0 ], [ 0.309017, -0.5, -0.809017, 0.0, -0.5, -0.809017, 0.309017, 0.0, -0.809017, 0.309017, -0.5, 0.0, 0.0, 0.0, 0.0, 1.0 ], [ 0.809017, -0.309017, 0.5, 0.0, -0.309017, 0.5, 0.809017, 0.0, -0.5, -0.809017, 0.309017, 0.0, 0.0, 0.0, 0.0, 1.0 ], [ 0.809017, 0.309017, -0.5, 0.0, -0.309017, -0.5, -0.809017, 0.0, -0.5, 0.809017, -0.309017, 0.0, 0.0, 0.0, 0.0, 1.0 ], [ 0.5, -0.809017, 0.309017, 0.0, -0.809017, -0.309017, 0.5, 0.0, -0.309017, -0.5, -0.809017, 0.0, 0.0, 0.0, 0.0, 1.0 ], [ 0.309017, 0.5, 0.809017, 0.0, -0.5, 0.809017, -0.309017, 0.0, -0.809017, -0.309017, 0.5, 0.0, 0.0, 0.0, 0.0, 1.0 ], [ -1.0, 0.0, 0.0, 0.0, 0.0, -1.0, 0.0, 0.0, 0.0, 0.0, 1.0, 0.0, 0.0, 0.0, 0.0, 1.0 ], [ 0.0, 0.0, -1.0, 0.0, -1.0, 0.0, 0.0, 0.0, 0.0, 1.0, 0.0, 0.0, 0.0, 0.0, 0.0, 1.0 ], [ 0.0, -1.0, 0.0, 0.0, 0.0, 0.0, -1.0, 0.0, 1.0, 0.0, 0.0, 0.0, 0.0, 0.0, 0.0, 1.0 ], [ -0.809017, -0.309017, -0.5, 0.0, -0.309017, -0.5, 0.809017, 0.0, -0.5, 0.809017, 0.309017, 0.0, 0.0, 0.0, 0.0, 1.0 ], [ 0.5, -0.809017, -0.309017, 0.0, -0.809017, -0.309017, -0.5, 0.0, 0.309017, 0.5, -0.809017, 0.0, 0.0, 0.0, 0.0, 1.0 ], [ -0.309017, -0.5, 0.809017, 0.0, 0.5, -0.809017, -0.309017, 0.0, 0.809017, 0.309017, 0.5, 0.0, 0.0, 0.0, 0.0, 1.0 ], [ -0.5, -0.809017, -0.309017, 0.0, -0.809017, 0.309017, 0.5, 0.0, -0.309017, 0.5, -0.809017, 0.0, 0.0, 0.0, 0.0, 1.0 ], [ 0.309017, -0.5, 0.809017, 0.0, -0.5, -0.809017, -0.309017, 0.0, 0.809017, -0.309017, -0.5, 0.0, 0.0, 0.0, 0.0, 1.0 ], [ -0.809017, 0.309017, 0.5, 0.0, 0.309017, -0.5, 0.809017, 0.0, 0.5, 0.809017, 0.309017, 0.0, 0.0, 0.0, 0.0, 1.0 ], [ -0.5, -0.809017, 0.309017, 0.0, -0.809017, 0.309017, -0.5, 0.0, 0.309017, -0.5, -0.809017, 0.0, 0.0, 0.0, 0.0, 1.0 ], [ -0.309017, 0.5, 0.809017, 0.0, -0.5, -0.809017, 0.309017, 0.0, 0.809017, -0.309017, 0.5, 0.0, 0.0, 0.0, 0.0, 1.0 ], [ -0.809017, 0.309017, -0.5, 0.0, -0.309017, 0.5, 0.809017, 0.0, 0.5, 0.809017, -0.309017, 0.0, 0.0, 0.0, 0.0, 1.0 ], [ -0.809017, -0.309017, 0.5, 0.0, -0.309017, -0.5, -0.809017, 0.0, 0.5, -0.809017, 0.309017, 0.0, 0.0, 0.0, 0.0, 1.0 ], [ -0.5, 0.809017, -0.309017, 0.0, -0.809017, -0.309017, 0.5, 0.0, 0.309017, 0.5, 0.809017, 0.0, 0.0, 0.0, 0.0, 1.0 ], [ -0.309017, -0.5, -0.809017, 0.0, -0.5, 0.809017, -0.309017, 0.0, 0.809017, 0.309017, -0.5, 0.0, 0.0, 0.0, 0.0, 1.0 ], [ -1.0, 0.0, 0.0, 0.0, 0.0, 1.0, 0.0, 0.0, 0.0, 0.0, -1.0, 0.0, 0.0, 0.0, 0.0, 1.0 ], [ 0.0, 0.0, -1.0, 0.0, 1.0, 0.0, 0.0, 0.0, 0.0, -1.0, 0.0, 0.0, 0.0, 0.0, 0.0, 1.0 ], [ 0.0, -1.0, 0.0, 0.0, 0.0, 0.0, 1.0, 0.0, -1.0, 0.0, 0.0, 0.0, 0.0, 0.0, 0.0, 1.0 ], [ -0.809017, -0.309017, -0.5, 0.0, 0.309017, 0.5, -0.809017, 0.0, 0.5, -0.809017, -0.309017, 0.0, 0.0, 0.0, 0.0, 1.0 ], [ 0.5, -0.809017, -0.309017, 0.0, 0.809017, 0.309017, 0.5, 0.0, -0.309017, -0.5, 0.809017, 0.0, 0.0, 0.0, 0.0, 1.0 ], [ -0.309017, -0.5, 0.809017, 0.0, -0.5, 0.809017, 0.309017, 0.0, -0.809017, -0.309017, -0.5, 0.0, 0.0, 0.0, 0.0, 1.0 ], [ -0.5, -0.809017, -0.309017, 0.0, 0.809017, -0.309017, -0.5, 0.0, 0.309017, -0.5, 0.809017, 0.0, 0.0, 0.0, 0.0, 1.0 ], [ 0.309017, -0.5, 0.809017, 0.0, 0.5, 0.809017, 0.309017, 0.0, -0.809017, 0.309017, 0.5, 0.0, 0.0, 0.0, 0.0, 1.0 ], [ -0.809017, 0.309017, 0.5, 0.0, -0.309017, 0.5, -0.809017, 0.0, -0.5, -0.809017, -0.309017, 0.0, 0.0, 0.0, 0.0, 1.0 ], [ -0.5, -0.809017, 0.309017, 0.0, 0.809017, -0.309017, 0.5, 0.0, -0.309017, 0.5, 0.809017, 0.0, 0.0, 0.0, 0.0, 1.0 ], [ -0.309017, 0.5, 0.809017, 0.0, 0.5, 0.809017, -0.309017, 0.0, -0.809017, 0.309017, -0.5, 0.0, 0.0, 0.0, 0.0, 1.0 ], [ -0.809017, 0.309017, -0.5, 0.0, 0.309017, -0.5, -0.809017, 0.0, -0.5, -0.809017, 0.309017, 0.0, 0.0, 0.0, 0.0, 1.0 ], [ -0.809017, -0.309017, 0.5, 0.0, 0.309017, 0.5, 0.809017, 0.0, -0.5, 0.809017, -0.309017, 0.0, 0.0, 0.0, 0.0, 1.0 ], [ -0.5, 0.809017, -0.309017, 0.0, 0.809017, 0.309017, -0.5, 0.0, -0.309017, -0.5, -0.809017, 0.0, 0.0, 0.0, 0.0, 1.0 ], [ -0.309017, -0.5, -0.809017, 0.0, 0.5, -0.809017, 0.309017, 0.0, -0.809017, -0.309017, 0.5, 0.0, 0.0, 0.0, 0.0, 1.0 ] ],
  "lights" : {
    "ambientColor" : "#292929",
    "backgroundColor" : "#E0EFFF",
    "directionalLights" : [ {
      "direction" : {
        "x" : 1.0,
        "y" : -1.0,
        "z" : -1.0
      },
      "color" : "#EBEBE4"
    }, {
      "direction" : {
        "x" : -1.0,
        "y" : 0.0,
        "z" : 0.0
      },
      "color" : "#E4E4EB"
    }, {
      "direction" : {
        "x" : 0.0,
        "y" : 0.0,
        "z" : -1.0
      },
      "color" : "#1E1E1E"
    } ]
  },
  "camera" : {
    "lookDirection" : {
      "x" : 0.9444289,
      "y" : -0.23782966,
      "z" : -0.22691749
    },
    "upDirection" : {
      "x" : 0.09177838,
      "y" : 0.8536419,
      "z" : -0.5127117
    },
    "lookAtPoint" : {
      "x" : 0.0,
      "y" : 0.0,
      "z" : 0.0
    },
    "perspective" : false,
    "viewDistance" : 301.533,
    "nearClipDistance" : 0.7538322,
    "farClipDistance" : 603.0641,
    "fieldOfView" : 0.44262946,
    "width" : 135.69003,
    "stereo" : false,
    "position" : {
      "x" : -284.7765,
      "y" : 71.713486,
      "z" : 68.42311
    }
  },
  "embedding" : [ 1.0, 0.0, 0.0, 0.0, 0.0, 1.0, 0.0, 0.0, 0.0, 0.0, 1.0, 0.0, 0.0, 0.0, 0.0, 1.0 ],
  "shapes" : [ {
    "id" : "0bdbf6c4-a05d-4104-978b-753568e1c4ff",
    "vertices" : [ {
      "x" : 9.472136,
      "y" : 4.236068,
      "z" : 4.236068
    }, {
      "x" : 6.854102,
      "y" : 8.472136,
      "z" : 2.618034
    }, {
      "x" : 11.09017,
      "y" : 8.472136,
      "z" : 4.236068
    } ],
    "faces" : [ {
      "vertices" : [ 0, 1, 2 ]
    }, {
      "vertices" : [ 0, 2, 1 ]
    } ]
  }, {
    "id" : "c5d9d4b9-dd60-4e41-8403-2460554c7552",
    "vertices" : [ {
      "x" : -9.472136,
      "y" : -11.09017,
      "z" : 0.0
    }, {
      "x" : -13.708204,
      "y" : -15.326238,
      "z" : 4.236068
    }, {
      "x" : -11.09017,
      "y" : -8.472136,
      "z" : 4.236068
    } ],
    "faces" : [ {
      "vertices" : [ 0, 1, 2 ]
    }, {
      "vertices" : [ 0, 2, 1 ]
    } ]
  }, {
    "id" : "6b3e0c71-b46a-4c00-b106-384ff67c9d4d",
    "vertices" : [ {
      "x" : 8.472136,
      "y" : -2.618034,
      "z" : 6.854102
    }, {
      "x" : 4.236068,
      "y" : -6.854102,
      "z" : 2.618034
    }, {
      "x" : 4.236068,
      "y" : -4.236068,
      "z" : 9.472136
    } ],
    "faces" : [ {
      "vertices" : [ 0, 1, 2 ]
    }, {
      "vertices" : [ 0, 2, 1 ]
    } ]
  }, {
    "id" : "25a4491b-d1a9-48b0-bd35-0ad8a415bb85",
    "vertices" : [ {
      "x" : -4.236068,
      "y" : 11.09017,
      "z" : -8.472136
    }, {
      "x" : -4.236068,
      "y" : 9.472136,
      "z" : -4.236068
    }, {
      "x" : -2.618034,
      "y" : 13.708204,
      "z" : -4.236068
    } ],
    "faces" : [ {
      "vertices" : [ 0, 1, 2 ]
    }, {
      "vertices" : [ 0, 2, 1 ]
    } ]
  }, {
    "id" : "7cef9253-b553-4f12-b83d-55a94e8191f1",
    "vertices" : [ {
      "x" : -8.472136,
      "y" : -2.618034,
      "z" : -6.854102
    }, {
      "x" : -4.236068,
      "y" : -6.854102,
      "z" : -2.618034
    }, {
      "x" : -4.236068,
      "y" : -4.236068,
      "z" : -9.472136
    } ],
    "faces" : [ {
      "vertices" : [ 0, 1, 2 ]
    }, {
      "vertices" : [ 0, 2, 1 ]
    } ]
  }, {
    "id" : "ce485909-a739-4f83-840c-ad73935efe03",
    "vertices" : [ {
      "x" : 0.0,
      "y" : 11.09017,
      "z" : -1.618034
    }, {
      "x" : -4.236068,
      "y" : 9.472136,
      "z" : -4.236068
    }, {
      "x" : -2.618034,
      "y" : 13.708204,
      "z" : -4.236068
    } ],
    "faces" : [ {
      "vertices" : [ 0, 1, 2 ]
    }, {
      "vertices" : [ 0, 2, 1 ]
    } ]
  }, {
    "id" : "738c43ee-c408-45b4-95df-3ce1cb897116",
    "vertices" : [ {
      "x" : -4.236068,
      "y" : 11.09017,
      "z" : -8.472136
    }, {
      "x" : -6.854102,
      "y" : 17.944271,
      "z" : -8.472136
    }, {
      "x" : -4.236068,
      "y" : 13.708204,
      "z" : -15.326238
    } ],
    "faces" : [ {
      "vertices" : [ 0, 1, 2 ]
    }, {
      "vertices" : [ 0, 2, 1 ]
    } ]
  }, {
    "id" : "86edd136-a738-4209-a61c-f9242f315566",
    "vertices" : [ {
      "x" : -8.472136,
      "y" : -2.618034,
      "z" : 6.854102
    }, {
      "x" : -8.472136,
      "y" : 2.618034,
      "z" : 6.854102
    }, {
      "x" : -11.09017,
      "y" : 0.0,
      "z" : 9.472136
    } ],
    "faces" : [ {
      "vertices" : [ 0, 1, 2 ]
    }, {
      "vertices" : [ 0, 2, 1 ]
    } ]
  }, {
    "id" : "6b34d320-d333-4ffe-966d-6b038deb16de",
    "vertices" : [ {
      "x" : -11.09017,
      "y" : 0.0,
      "z" : -9.472136
    }, {
      "x" : -8.472136,
      "y" : 2.618034,
      "z" : -6.854102
    }, {
      "x" : -8.472136,
      "y" : 4.236068,
      "z" : -11.09017
    } ],
    "faces" : [ {
      "vertices" : [ 0, 1, 2 ]
    }, {
      "vertices" : [ 0, 2, 1 ]
    } ]
  }, {
    "id" : "9bc1ad05-0cb2-4332-85eb-54757316a2b9",
    "vertices" : [ {
      "x" : -11.09017,
      "y" : 8.472136,
      "z" : -4.236068
    }, {
      "x" : -17.944271,
      "y" : 8.472136,
      "z" : -6.854102
    }, {
      "x" : -13.708204,
      "y" : 15.326238,
      "z" : -4.236068
    } ],
    "faces" : [ {
      "vertices" : [ 0, 1, 2 ]
    }, {
      "vertices" : [ 0, 2, 1 ]
    } ]
  }, {
    "id" : "6973ea08-8289-45b2-8ff5-04676f8be249",
    "vertices" : [ {
      "x" : -4.236068,
      "y" : -11.09017,
      "z" : 8.472136
    }, {
      "x" : -6.854102,
      "y" : -17.944271,
      "z" : 8.472136
    }, {
      "x" : -4.236068,
      "y" : -13.708204,
      "z" : 15.326238
    } ],
    "faces" : [ {
      "vertices" : [ 0, 1, 2 ]
    }, {
      "vertices" : [ 0, 2, 1 ]
    } ]
  }, {
    "id" : "a941233a-3a36-4365-ad14-6e36048f9dec",
    "vertices" : [ {
      "x" : 4.236068,
      "y" : -2.618034,
      "z" : 13.708204
    }, {
      "x" : 8.472136,
      "y" : -6.854102,
      "z" : 17.944271
    }, {
      "x" : 4.236068,
      "y" : 0.0,
      "z" : 20.562305
    } ],
    "faces" : [ {
      "vertices" : [ 0, 1, 2 ]
    }, {
      "vertices" : [ 0, 2, 1 ]
    } ]
  }, {
    "id" : "bc92a29e-2220-4bc9-af97-a53ed3f097f1",
    "vertices" : [ {
      "x" : 2.618034,
      "y" : 13.708204,
      "z" : 4.236068
    }, {
      "x" : 0.0,
      "y" : 20.562305,
      "z" : 4.236068
    }, {
      "x" : 6.854102,
      "y" : 17.944271,
      "z" : 8.472136
    } ],
    "faces" : [ {
      "vertices" : [ 0, 1, 2 ]
    }, {
      "vertices" : [ 0, 2, 1 ]
    } ]
  }, {
    "id" : "4e6eb1c5-197a-4fc7-8cc3-1216deadebe9",
    "vertices" : [ {
      "x" : -4.236068,
      "y" : 11.09017,
      "z" : 8.472136
    }, {
      "x" : -4.236068,
      "y" : 13.708204,
      "z" : 15.326238
    }, {
      "x" : 0.0,
      "y" : 9.472136,
      "z" : 11.09017
    } ],
    "faces" : [ {
      "vertices" : [ 0, 1, 2 ]
    }, {
      "vertices" : [ 0, 2, 1 ]
    } ]
  }, {
    "id" : "25480c6b-3318-472e-8413-87090562a9cb",
    "vertices" : [ {
      "x" : 35.888542,
      "y" : 0.0,
      "z" : -13.708204
    }, {
      "x" : 35.579525,
      "y" : 0.0,
      "z" : -13.59017
    }, {
      "x" : 35.17502,
      "y" : -0.1545085,
      "z" : -13.149187
    }, {
      "x" : 34.984035,
      "y" : -0.1545085,
      "z" : -13.649187
    }, {
      "x" : 0.9045085,
      "y" : -0.1545085,
      "z" : -0.059016995
    }, {
      "x" : 0.809017,
      "y" : 0.309017,
      "z" : -0.309017
    }, {
      "x" : 0.309017,
      "y" : 0.0,
      "z" : -0.11803399
    }, {
      "x" : 35.079525,
      "y" : 0.309017,
      "z" : -13.399187
    }, {
      "x" : 0.7135255,
      "y" : -0.1545085,
      "z" : -0.559017
    } ],
    "faces" : [ {
      "vertices" : [ 2, 4, 8 ]
    }, {
      "vertices" : [ 2, 8, 3 ]
    }, {
      "vertices" : [ 2, 7, 5 ]
    }, {
      "vertices" : [ 2, 5, 4 ]
    }, {
      "vertices" : [ 4, 6, 8 ]
    }, {
      "vertices" : [ 5, 8, 6 ]
    }, {
      "vertices" : [ 1, 2, 3 ]
    }, {
      "vertices" : [ 3, 8, 5 ]
    }, {
      "vertices" : [ 3, 5, 7 ]
    }, {
      "vertices" : [ 1, 7, 2 ]
    }, {
      "vertices" : [ 1, 3, 7 ]
    }, {
      "vertices" : [ 4, 5, 6 ]
    } ]
  }, {
    "id" : "b28f19b7-601b-44e2-982c-ed3af55dfccd",
    "vertices" : [ {
      "x" : -13.708204,
      "y" : 4.236068,
      "z" : -2.618034
    }, {
      "x" : -20.562305,
      "y" : 4.236068,
      "z" : 0.0
    }, {
      "x" : -17.944271,
      "y" : 8.472136,
      "z" : -6.854102
    } ],
    "faces" : [ {
      "vertices" : [ 0, 1, 2 ]
    }, {
      "vertices" : [ 0, 2, 1 ]
    } ]
  }, {
    "id" : "343d619c-d76f-4a15-aede-664cfa24779b",
    "vertices" : [ {
      "x" : -4.236068,
      "y" : 11.09017,
      "z" : 8.472136
    }, {
      "x" : -4.236068,
      "y" : 13.708204,
      "z" : 15.326238
    }, {
      "x" : -6.854102,
      "y" : 17.944271,
      "z" : 8.472136
    } ],
    "faces" : [ {
      "vertices" : [ 0, 1, 2 ]
    }, {
      "vertices" : [ 0, 2, 1 ]
    } ]
  }, {
    "id" : "1fa74bf8-9fb4-4290-959f-ab43299e0dee",
    "vertices" : [ {
      "x" : -4.236068,
      "y" : -2.618034,
      "z" : 13.708204
    }, {
      "x" : -4.236068,
      "y" : 0.0,
      "z" : 20.562305
    }, {
      "x" : -4.236068,
      "y" : 2.618034,
      "z" : 13.708204
    } ],
    "faces" : [ {
      "vertices" : [ 0, 1, 2 ]
    }, {
      "vertices" : [ 0, 2, 1 ]
    } ]
  }, {
    "id" : "234f550e-0863-410f-a755-ed3379d86a84",
    "vertices" : [ {
      "x" : -4.236068,
      "y" : -2.618034,
      "z" : 13.708204
    }, {
      "x" : -1.618034,
      "y" : 0.0,
      "z" : 11.09017
    }, {
      "x" : -4.236068,
      "y" : 2.618034,
      "z" : 13.708204
    } ],
    "faces" : [ {
      "vertices" : [ 0, 1, 2 ]
    }, {
      "vertices" : [ 0, 2, 1 ]
    } ]
  }, {
    "id" : "06d3fc66-6a8d-46f5-85f9-4c1704123b34",
    "vertices" : [ {
      "x" : -2.618034,
      "y" : 6.854102,
      "z" : 8.472136
    }, {
      "x" : 0.0,
      "y" : 0.0,
      "z" : 8.472136
    }, {
      "x" : -6.854102,
      "y" : 2.618034,
      "z" : 4.236068
    } ],
    "faces" : [ {
      "vertices" : [ 0, 1, 2 ]
    }, {
      "vertices" : [ 0, 2, 1 ]
    } ]
  }, {
    "id" : "ef4fab73-00e8-4e6c-8734-e50ca0e7e278",
    "vertices" : [ {
      "x" : 4.236068,
      "y" : -11.09017,
      "z" : -8.472136
    }, {
      "x" : 6.854102,
      "y" : -17.944271,
      "z" : -8.472136
    }, {
      "x" : 2.618034,
      "y" : -13.708204,
      "z" : -4.236068
    } ],
    "faces" : [ {
      "vertices" : [ 0, 1, 2 ]
    }, {
      "vertices" : [ 0, 2, 1 ]
    } ]
  }, {
    "id" : "6e4e333a-c973-4e60-adf7-d2de3a06946d",
    "vertices" : [ {
      "x" : -4.236068,
      "y" : -4.236068,
      "z" : -9.472136
    }, {
      "x" : -1.618034,
      "y" : 0.0,
      "z" : -11.09017
    }, {
      "x" : -4.236068,
      "y" : -2.618034,
      "z" : -13.708204
    } ],
    "faces" : [ {
      "vertices" : [ 0, 1, 2 ]
    }, {
      "vertices" : [ 0, 2, 1 ]
    } ]
  }, {
    "id" : "3aa84d76-257a-40c0-8ed7-38bad6be27b7",
    "vertices" : [ {
      "x" : 2.618034,
      "y" : 13.708204,
      "z" : -4.236068
    }, {
      "x" : 6.854102,
      "y" : 17.944271,
      "z" : -8.472136
    }, {
      "x" : 0.0,
      "y" : 20.562305,
      "z" : -4.236068
    } ],
    "faces" : [ {
      "vertices" : [ 0, 1, 2 ]
    }, {
      "vertices" : [ 0, 2, 1 ]
    } ]
  }, {
    "id" : "2cf1d694-76a8-4720-b60a-7aa97bbce531",
    "vertices" : [ {
      "x" : -2.618034,
      "y" : 13.708204,
      "z" : -4.236068
    }, {
      "x" : 0.0,
      "y" : 20.562305,
      "z" : -4.236068
    }, {
      "x" : 2.618034,
      "y" : 13.708204,
      "z" : -4.236068
    } ],
    "faces" : [ {
      "vertices" : [ 0, 1, 2 ]
    }, {
      "vertices" : [ 0, 2, 1 ]
    } ]
  }, {
    "id" : "4a1c0dd2-795c-4bf9-8dce-d1216edf860b",
    "vertices" : [ {
      "x" : 11.09017,
      "y" : 8.472136,
      "z" : 4.236068
    }, {
      "x" : 17.944271,
      "y" : 8.472136,
      "z" : 6.854102
    }, {
      "x" : 13.708204,
      "y" : 15.326238,
      "z" : 4.236068
    } ],
    "faces" : [ {
      "vertices" : [ 0, 1, 2 ]
    }, {
      "vertices" : [ 0, 2, 1 ]
    } ]
  }, {
    "id" : "57ac578d-0bff-466b-a10b-07854e684d56",
    "vertices" : [ {
      "x" : 2.618034,
      "y" : -6.854102,
      "z" : 8.472136
    }, {
      "x" : 0.0,
      "y" : 0.0,
      "z" : 8.472136
    }, {
      "x" : 6.854102,
      "y" : -2.618034,
      "z" : 4.236068
    } ],
    "faces" : [ {
      "vertices" : [ 0, 1, 2 ]
    }, {
      "vertices" : [ 0, 2, 1 ]
    } ]
  }, {
    "id" : "e2bffc6e-b21f-40de-a65c-d24a2aa05591",
    "vertices" : [ {
      "x" : 0.0,
      "y" : -9.472136,
      "z" : 11.09017
    }, {
      "x" : -4.236068,
      "y" : -13.708204,
      "z" : 15.326238
    }, {
      "x" : -4.236068,
      "y" : -11.09017,
      "z" : 8.472136
    } ],
    "faces" : [ {
      "vertices" : [ 0, 1, 2 ]
    }, {
      "vertices" : [ 0, 2, 1 ]
    } ]
  }, {
    "id" : "77f26582-3600-4356-be10-be85aad04d23",
    "vertices" : [ {
      "x" : -4.236068,
      "y" : -9.472136,
      "z" : -4.236068
    }, {
      "x" : 0.0,
      "y" : -11.09017,
      "z" : -1.618034
    }, {
      "x" : -2.618034,
      "y" : -13.708204,
      "z" : -4.236068
    } ],
    "faces" : [ {
      "vertices" : [ 0, 1, 2 ]
    }, {
      "vertices" : [ 0, 2, 1 ]
    } ]
  }, {
    "id" : "8d0b847d-ff0b-4b34-b2fa-1a5e2b8d4646",
    "vertices" : [ {
      "x" : 9.472136,
      "y" : -11.09017,
      "z" : 0.0
    }, {
      "x" : 13.708204,
      "y" : -15.326238,
      "z" : -4.236068
    }, {
      "x" : 11.09017,
      "y" : -8.472136,
      "z" : -4.236068
    } ],
    "faces" : [ {
      "vertices" : [ 0, 1, 2 ]
    }, {
      "vertices" : [ 0, 2, 1 ]
    } ]
  }, {
    "id" : "24bdbd36-845b-47da-a4d4-87b185974cbe",
    "vertices" : [ {
      "x" : -4.236068,
      "y" : -4.236068,
      "z" : 9.472136
    }, {
      "x" : -8.472136,
      "y" : -2.618034,
      "z" : 6.854102
    }, {
      "x" : -8.472136,
      "y" : -4.236068,
      "z" : 11.09017
    } ],
    "faces" : [ {
      "vertices" : [ 0, 1, 2 ]
    }, {
      "vertices" : [ 0, 2, 1 ]
    } ]
  }, {
    "id" : "53571d05-60bb-4363-a9b7-133ac51d0651",
    "vertices" : [ {
      "x" : 4.236068,
      "y" : -4.236068,
      "z" : 9.472136
    }, {
      "x" : 1.618034,
      "y" : 0.0,
      "z" : 11.09017
    }, {
      "x" : 4.236068,
      "y" : -2.618034,
      "z" : 13.708204
    } ],
    "faces" : [ {
      "vertices" : [ 0, 1, 2 ]
    }, {
      "vertices" : [ 0, 2, 1 ]
    } ]
  }, {
    "id" : "baf61698-2922-46bb-ad4d-8c4baa26e59e",
    "vertices" : [ {
      "x" : 2.618034,
      "y" : -13.708204,
      "z" : -4.236068
    }, {
      "x" : 0.0,
      "y" : -20.562305,
      "z" : -4.236068
    }, {
      "x" : -2.618034,
      "y" : -13.708204,
      "z" : -4.236068
    } ],
    "faces" : [ {
      "vertices" : [ 0, 1, 2 ]
    }, {
      "vertices" : [ 0, 2, 1 ]
    } ]
  }, {
    "id" : "9ec0e8b2-1ef7-435e-b648-facbef75ded7",
    "vertices" : [ {
      "x" : -9.472136,
      "y" : 4.236068,
      "z" : -4.236068
    }, {
      "x" : -6.854102,
      "y" : -2.618034,
      "z" : -4.236068
    }, {
      "x" : -2.618034,
      "y" : 4.236068,
      "z" : -6.854102
    } ],
    "faces" : [ {
      "vertices" : [ 0, 1, 2 ]
    }, {
      "vertices" : [ 0, 2, 1 ]
    } ]
  }, {
    "id" : "ec7684c7-bed5-43e5-816c-a6b321014278",
    "vertices" : [ {
      "x" : -8.472136,
      "y" : 2.618034,
      "z" : 6.854102
    }, {
      "x" : -4.236068,
      "y" : 4.236068,
      "z" : 9.472136
    }, {
      "x" : -8.472136,
      "y" : 4.236068,
      "z" : 11.09017
    } ],
    "faces" : [ {
      "vertices" : [ 0, 1, 2 ]
    }, {
      "vertices" : [ 0, 2, 1 ]
    } ]
  }, {
    "id" : "84b53033-25f5-4491-9edc-1ca11a306794",
    "vertices" : [ {
      "x" : 6.854102,
      "y" : -8.472136,
      "z" : -2.618034
    }, {
      "x" : 6.854102,
      "y" : -8.472136,
      "z" : 2.618034
    }, {
      "x" : 9.472136,
      "y" : -11.09017,
      "z" : 0.0
    } ],
    "faces" : [ {
      "vertices" : [ 0, 1, 2 ]
    }, {
      "vertices" : [ 0, 2, 1 ]
    } ]
  }, {
    "id" : "eb253c94-a3f6-4d83-b9ce-fb0a1032ce33",
    "vertices" : [ {
      "x" : -9.472136,
      "y" : -4.236068,
      "z" : 4.236068
    }, {
      "x" : -6.854102,
      "y" : -8.472136,
      "z" : 2.618034
    }, {
      "x" : -11.09017,
      "y" : -8.472136,
      "z" : 4.236068
    } ],
    "faces" : [ {
      "vertices" : [ 0, 1, 2 ]
    }, {
      "vertices" : [ 0, 2, 1 ]
    } ]
  }, {
    "id" : "a156dc46-a684-409c-85e1-081d6b27dfa9",
    "vertices" : [ {
      "x" : 8.472136,
      "y" : -2.618034,
      "z" : -6.854102
    }, {
      "x" : 8.472136,
      "y" : 2.618034,
      "z" : -6.854102
    }, {
      "x" : 11.09017,
      "y" : 0.0,
      "z" : -9.472136
    } ],
    "faces" : [ {
      "vertices" : [ 0, 1, 2 ]
    }, {
      "vertices" : [ 0, 2, 1 ]
    } ]
  }, {
    "id" : "3a9f23df-fba5-4a08-afe6-2d4a5b5d9b93",
    "vertices" : [ {
      "x" : 4.236068,
      "y" : -9.472136,
      "z" : -4.236068
    }, {
      "x" : 4.236068,
      "y" : -6.854102,
      "z" : 2.618034
    }, {
      "x" : 6.854102,
      "y" : -2.618034,
      "z" : -4.236068
    } ],
    "faces" : [ {
      "vertices" : [ 0, 1, 2 ]
    }, {
      "vertices" : [ 0, 2, 1 ]
    } ]
  }, {
    "id" : "ee874ce8-34e0-4279-8a56-50c10e64032f",
    "vertices" : [ {
      "x" : -11.09017,
      "y" : 0.0,
      "z" : 9.472136
    }, {
      "x" : -8.472136,
      "y" : -2.618034,
      "z" : 6.854102
    }, {
      "x" : -8.472136,
      "y" : -4.236068,
      "z" : 11.09017
    } ],
    "faces" : [ {
      "vertices" : [ 0, 1, 2 ]
    }, {
      "vertices" : [ 0, 2, 1 ]
    } ]
  }, {
    "id" : "629427e2-8afd-4adb-9dc2-16679f5be1b9",
    "vertices" : [ {
      "x" : 1.618034,
      "y" : 0.0,
      "z" : 11.09017
    }, {
      "x" : 4.236068,
      "y" : 4.236068,
      "z" : 9.472136
    }, {
      "x" : 4.236068,
      "y" : 2.618034,
      "z" : 13.708204
    } ],
    "faces" : [ {
      "vertices" : [ 0, 1, 2 ]
    }, {
      "vertices" : [ 0, 2, 1 ]
    } ]
  }, {
    "id" : "53927a00-178d-451d-8451-7f4a77ede447",
    "vertices" : [ {
      "x" : 8.472136,
      "y" : 4.236068,
      "z" : -11.09017
    }, {
      "x" : 8.472136,
      "y" : 2.618034,
      "z" : -6.854102
    }, {
      "x" : 11.09017,
      "y" : 0.0,
      "z" : -9.472136
    } ],
    "faces" : [ {
      "vertices" : [ 0, 1, 2 ]
    }, {
      "vertices" : [ 0, 2, 1 ]
    } ]
  }, {
    "id" : "3f752e4f-a227-46fa-a188-1ec2f3afaa41",
    "vertices" : [ {
      "x" : 13.708204,
      "y" : 4.236068,
      "z" : -2.618034
    }, {
      "x" : 17.944271,
      "y" : 8.472136,
      "z" : -6.854102
    }, {
      "x" : 20.562305,
      "y" : 4.236068,
      "z" : 0.0
    } ],
    "faces" : [ {
      "vertices" : [ 0, 1, 2 ]
    }, {
      "vertices" : [ 0, 2, 1 ]
    } ]
  }, {
    "id" : "6e0ec255-ab58-4fb9-a602-5589ef5b6e3d",
    "vertices" : [ {
      "x" : -8.472136,
      "y" : 4.236068,
      "z" : -11.09017
    }, {
      "x" : -8.472136,
      "y" : 6.854102,
      "z" : -17.944271
    }, {
      "x" : -15.326238,
      "y" : 4.236068,
      "z" : -13.708204
    } ],
    "faces" : [ {
      "vertices" : [ 0, 1, 2 ]
    }, {
      "vertices" : [ 0, 2, 1 ]
    } ]
  }, {
    "id" : "0c4f06d0-0fba-4d7d-84e6-7eac62c6002a",
    "vertices" : [ {
      "x" : -2.618034,
      "y" : -6.854102,
      "z" : -8.472136
    }, {
      "x" : 0.0,
      "y" : 0.0,
      "z" : -8.472136
    }, {
      "x" : -6.854102,
      "y" : -2.618034,
      "z" : -4.236068
    } ],
    "faces" : [ {
      "vertices" : [ 0, 1, 2 ]
    }, {
      "vertices" : [ 0, 2, 1 ]
    } ]
  }, {
    "id" : "f20c5ef2-de16-432a-a90c-e54b2dbc5a93",
    "vertices" : [ {
      "x" : -6.854102,
      "y" : 8.472136,
      "z" : -2.618034
    }, {
      "x" : -6.854102,
      "y" : 8.472136,
      "z" : 2.618034
    }, {
      "x" : -9.472136,
      "y" : 11.09017,
      "z" : 0.0
    } ],
    "faces" : [ {
      "vertices" : [ 0, 1, 2 ]
    }, {
      "vertices" : [ 0, 2, 1 ]
    } ]
  }, {
    "id" : "555f51ba-0d00-4a87-98e4-1cc2ac0bf647",
    "vertices" : [ {
      "x" : 9.472136,
      "y" : 4.236068,
      "z" : -4.236068
    }, {
      "x" : 2.618034,
      "y" : 4.236068,
      "z" : -6.854102
    }, {
      "x" : 6.854102,
      "y" : -2.618034,
      "z" : -4.236068
    } ],
    "faces" : [ {
      "vertices" : [ 0, 1, 2 ]
    }, {
      "vertices" : [ 0, 2, 1 ]
    } ]
  }, {
    "id" : "f7a033af-9af5-47d8-a425-ad9773d85cbc",
    "vertices" : [ {
      "x" : 0.0,
      "y" : 11.09017,
      "z" : 1.618034
    }, {
      "x" : 4.236068,
      "y" : 9.472136,
      "z" : 4.236068
    }, {
      "x" : 2.618034,
      "y" : 13.708204,
      "z" : 4.236068
    } ],
    "faces" : [ {
      "vertices" : [ 0, 1, 2 ]
    }, {
      "vertices" : [ 0, 2, 1 ]
    } ]
  }, {
    "id" : "910b7b9c-20b3-4d87-95e7-293801390a62",
    "vertices" : [ {
      "x" : -8.472136,
      "y" : 4.236068,
      "z" : 11.09017
    }, {
      "x" : -8.472136,
      "y" : 2.618034,
      "z" : 6.854102
    }, {
      "x" : -11.09017,
      "y" : 0.0,
      "z" : 9.472136
    } ],
    "faces" : [ {
      "vertices" : [ 0, 1, 2 ]
    }, {
      "vertices" : [ 0, 2, 1 ]
    } ]
  }, {
    "id" : "0b50926b-f5c0-41c0-874e-302824e242ef",
    "vertices" : [ {
      "x" : 8.472136,
      "y" : -4.236068,
      "z" : -11.09017
    }, {
      "x" : 8.472136,
      "y" : -6.854102,
      "z" : -17.944271
    }, {
      "x" : 4.236068,
      "y" : -2.618034,
      "z" : -13.708204
    } ],
    "faces" : [ {
      "vertices" : [ 0, 1, 2 ]
    }, {
      "vertices" : [ 0, 2, 1 ]
    } ]
  }, {
    "id" : "8e462803-de38-4d33-aac3-86ae079f1d8f",
    "vertices" : [ {
      "x" : -6.854102,
      "y" : -8.472136,
      "z" : -2.618034
    }, {
      "x" : -2.618034,
      "y" : -4.236068,
      "z" : -6.854102
    }, {
      "x" : -9.472136,
      "y" : -4.236068,
      "z" : -4.236068
    } ],
    "faces" : [ {
      "vertices" : [ 0, 1, 2 ]
    }, {
      "vertices" : [ 0, 2, 1 ]
    } ]
  }, {
    "id" : "1a257b98-bad4-4ef7-b3f2-6fff6d94441b",
    "vertices" : [ {
      "x" : 4.236068,
      "y" : -9.472136,
      "z" : 4.236068
    }, {
      "x" : 0.0,
      "y" : -11.09017,
      "z" : 1.618034
    }, {
      "x" : 2.618034,
      "y" : -13.708204,
      "z" : 4.236068
    } ],
    "faces" : [ {
      "vertices" : [ 0, 1, 2 ]
    }, {
      "vertices" : [ 0, 2, 1 ]
    } ]
  }, {
    "id" : "1c14d67f-9c31-4b44-9954-2ba8ff0d2882",
    "vertices" : [ {
      "x" : -6.854102,
      "y" : 8.472136,
      "z" : 2.618034
    }, {
      "x" : -2.618034,
      "y" : 4.236068,
      "z" : 6.854102
    }, {
      "x" : -9.472136,
      "y" : 4.236068,
      "z" : 4.236068
    } ],
    "faces" : [ {
      "vertices" : [ 0, 1, 2 ]
    }, {
      "vertices" : [ 0, 2, 1 ]
    } ]
  }, {
    "id" : "0ec72d0f-b520-4079-9465-ffe2a94c98a9",
    "vertices" : [ {
      "x" : 2.618034,
      "y" : -13.708204,
      "z" : 4.236068
    }, {
      "x" : 6.854102,
      "y" : -17.944271,
      "z" : 8.472136
    }, {
      "x" : 4.236068,
      "y" : -11.09017,
      "z" : 8.472136
    } ],
    "faces" : [ {
      "vertices" : [ 0, 1, 2 ]
    }, {
      "vertices" : [ 0, 2, 1 ]
    } ]
  }, {
    "id" : "2db3bfbb-2ccf-4926-8205-333934ea68f1",
    "vertices" : [ {
      "x" : -4.236068,
      "y" : -11.09017,
      "z" : -8.472136
    }, {
      "x" : -2.618034,
      "y" : -6.854102,
      "z" : -8.472136
    }, {
      "x" : 0.0,
      "y" : -9.472136,
      "z" : -11.09017
    } ],
    "faces" : [ {
      "vertices" : [ 0, 1, 2 ]
    }, {
      "vertices" : [ 0, 2, 1 ]
    } ]
  }, {
    "id" : "6507325b-0939-4e60-99a0-08059c930bf8",
    "vertices" : [ {
      "x" : 4.236068,
      "y" : -4.236068,
      "z" : -9.472136
    }, {
      "x" : 8.472136,
      "y" : -2.618034,
      "z" : -6.854102
    }, {
      "x" : 8.472136,
      "y" : -4.236068,
      "z" : -11.09017
    } ],
    "faces" : [ {
      "vertices" : [ 0, 1, 2 ]
    }, {
      "vertices" : [ 0, 2, 1 ]
    } ]
  }, {
    "id" : "15737e37-cbf2-4e8f-9f8a-e71a3b044e6b",
    "vertices" : [ {
      "x" : -4.236068,
      "y" : 4.236068,
      "z" : -9.472136
    }, {
      "x" : 2.618034,
      "y" : 4.236068,
      "z" : -6.854102
    }, {
      "x" : -4.236068,
      "y" : 6.854102,
      "z" : -2.618034
    } ],
    "faces" : [ {
      "vertices" : [ 0, 1, 2 ]
    }, {
      "vertices" : [ 0, 2, 1 ]
    } ]
  }, {
    "id" : "662da8f0-eda1-43ff-b024-2239384dc52e",
    "vertices" : [ {
      "x" : 2.618034,
      "y" : 6.854102,
      "z" : -8.472136
    }, {
      "x" : 6.854102,
      "y" : 2.618034,
      "z" : -4.236068
    }, {
      "x" : 4.236068,
      "y" : 9.472136,
      "z" : -4.236068
    } ],
    "faces" : [ {
      "vertices" : [ 0, 1, 2 ]
    }, {
      "vertices" : [ 0, 2, 1 ]
    } ]
  }, {
    "id" : "da3311ce-5c0f-4178-a935-051644e9dba5",
    "vertices" : [ {
      "x" : -2.618034,
      "y" : 6.854102,
      "z" : 8.472136
    }, {
      "x" : -6.854102,
      "y" : 2.618034,
      "z" : 4.236068
    }, {
      "x" : -4.236068,
      "y" : 9.472136,
      "z" : 4.236068
    } ],
    "faces" : [ {
      "vertices" : [ 0, 1, 2 ]
    }, {
      "vertices" : [ 0, 2, 1 ]
    } ]
  }, {
    "id" : "e3a61841-2d62-4e29-8c75-ff33c34d6060",
    "vertices" : [ {
      "x" : -2.618034,
      "y" : 13.708204,
      "z" : 4.236068
    }, {
      "x" : -4.236068,
      "y" : 9.472136,
      "z" : 4.236068
    }, {
      "x" : -4.236068,
      "y" : 11.09017,
      "z" : 8.472136
    } ],
    "faces" : [ {
      "vertices" : [ 0, 1, 2 ]
    }, {
      "vertices" : [ 0, 2, 1 ]
    } ]
  }, {
    "id" : "6f1478aa-c77c-421f-a5cd-14be16b1ac11",
    "vertices" : [ {
      "x" : 0.0,
      "y" : -11.09017,
      "z" : 1.618034
    }, {
      "x" : -4.236068,
      "y" : -6.854102,
      "z" : -2.618034
    }, {
      "x" : -4.236068,
      "y" : -9.472136,
      "z" : 4.236068
    } ],
    "faces" : [ {
      "vertices" : [ 0, 1, 2 ]
    }, {
      "vertices" : [ 0, 2, 1 ]
    } ]
  }, {
    "id" : "23d42c35-9aaa-456b-8dd3-3e19cd248f6a",
    "vertices" : [ {
      "x" : -6.854102,
      "y" : 8.472136,
      "z" : -2.618034
    }, {
      "x" : -2.618034,
      "y" : 4.236068,
      "z" : -6.854102
    }, {
      "x" : 0.0,
      "y" : 8.472136,
      "z" : 0.0
    } ],
    "faces" : [ {
      "vertices" : [ 0, 1, 2 ]
    }, {
      "vertices" : [ 0, 2, 1 ]
    } ]
  }, {
    "id" : "d5c0b7fd-b2af-4047-b85c-c33d322f282f",
    "vertices" : [ {
      "x" : 13.708204,
      "y" : -4.236068,
      "z" : 2.618034
    }, {
      "x" : 17.944271,
      "y" : -8.472136,
      "z" : 6.854102
    }, {
      "x" : 11.09017,
      "y" : -8.472136,
      "z" : 4.236068
    } ],
    "faces" : [ {
      "vertices" : [ 0, 1, 2 ]
    }, {
      "vertices" : [ 0, 2, 1 ]
    } ]
  }, {
    "id" : "58076db3-4dd2-4a16-94ab-be1ae00721b4",
    "vertices" : [ {
      "x" : -11.09017,
      "y" : 0.0,
      "z" : 9.472136
    }, {
      "x" : -15.326238,
      "y" : -4.236068,
      "z" : 13.708204
    }, {
      "x" : -8.472136,
      "y" : -4.236068,
      "z" : 11.09017
    } ],
    "faces" : [ {
      "vertices" : [ 0, 1, 2 ]
    }, {
      "vertices" : [ 0, 2, 1 ]
    } ]
  }, {
    "id" : "cf913b98-fc48-4ce2-8019-90c45a5505ec",
    "vertices" : [ {
      "x" : -8.472136,
      "y" : 4.236068,
      "z" : 11.09017
    }, {
      "x" : -15.326238,
      "y" : 4.236068,
      "z" : 13.708204
    }, {
      "x" : -8.472136,
      "y" : 6.854102,
      "z" : 17.944271
    } ],
    "faces" : [ {
      "vertices" : [ 0, 1, 2 ]
    }, {
      "vertices" : [ 0, 2, 1 ]
    } ]
  }, {
    "id" : "833c086e-21a7-46c1-8672-bdcf4e0cd1cb",
    "vertices" : [ {
      "x" : -8.472136,
      "y" : -4.236068,
      "z" : -11.09017
    }, {
      "x" : -8.472136,
      "y" : -2.618034,
      "z" : -6.854102
    }, {
      "x" : -11.09017,
      "y" : 0.0,
      "z" : -9.472136
    } ],
    "faces" : [ {
      "vertices" : [ 0, 1, 2 ]
    }, {
      "vertices" : [ 0, 2, 1 ]
    } ]
  }, {
    "id" : "66834a5c-2a52-4614-8f8e-f94dccfeed62",
    "vertices" : [ {
      "x" : 4.236068,
      "y" : -4.236068,
      "z" : -9.472136
    }, {
      "x" : 4.236068,
      "y" : -6.854102,
      "z" : -2.618034
    }, {
      "x" : 8.472136,
      "y" : -2.618034,
      "z" : -6.854102
    } ],
    "faces" : [ {
      "vertices" : [ 0, 1, 2 ]
    }, {
      "vertices" : [ 0, 2, 1 ]
    } ]
  }, {
    "id" : "ab403357-b79c-49e7-873e-5ae8df4d28c6",
    "vertices" : [ {
      "x" : 4.236068,
      "y" : 11.09017,
      "z" : 8.472136
    }, {
      "x" : 4.236068,
      "y" : 9.472136,
      "z" : 4.236068
    }, {
      "x" : 2.618034,
      "y" : 13.708204,
      "z" : 4.236068
    } ],
    "faces" : [ {
      "vertices" : [ 0, 1, 2 ]
    }, {
      "vertices" : [ 0, 2, 1 ]
    } ]
  }, {
    "id" : "2f4db09c-ff69-4624-8e05-12e7a4a1b193",
    "vertices" : [ {
      "x" : 9.472136,
      "y" : -4.236068,
      "z" : 4.236068
    }, {
      "x" : 11.09017,
      "y" : -1.618034,
      "z" : 0.0
    }, {
      "x" : 13.708204,
      "y" : -4.236068,
      "z" : 2.618034
    } ],
    "faces" : [ {
      "vertices" : [ 0, 1, 2 ]
    }, {
      "vertices" : [ 0, 2, 1 ]
    } ]
  }, {
    "id" : "f765cb32-16fb-4286-a1ca-ad0f619d2c4b",
    "vertices" : [ {
      "x" : -11.09017,
      "y" : -8.472136,
      "z" : 4.236068
    }, {
      "x" : -9.472136,
      "y" : -4.236068,
      "z" : 4.236068
    }, {
      "x" : -13.708204,
      "y" : -4.236068,
      "z" : 2.618034
    } ],
    "faces" : [ {
      "vertices" : [ 0, 1, 2 ]
    }, {
      "vertices" : [ 0, 2, 1 ]
    } ]
  }, {
    "id" : "780e25b1-c965-4a61-b593-5ddb1febad39",
    "vertices" : [ {
      "x" : 4.236068,
      "y" : -11.09017,
      "z" : -8.472136
    }, {
      "x" : 6.854102,
      "y" : -17.944271,
      "z" : -8.472136
    }, {
      "x" : 4.236068,
      "y" : -13.708204,
      "z" : -15.326238
    } ],
    "faces" : [ {
      "vertices" : [ 0, 1, 2 ]
    }, {
      "vertices" : [ 0, 2, 1 ]
    } ]
  }, {
    "id" : "840809d1-f136-4585-8a9c-5828db8a479c",
    "vertices" : [ {
      "x" : -2.618034,
      "y" : 13.708204,
      "z" : -4.236068
    }, {
      "x" : 0.0,
      "y" : 11.09017,
      "z" : -1.618034
    }, {
      "x" : 2.618034,
      "y" : 13.708204,
      "z" : -4.236068
    } ],
    "faces" : [ {
      "vertices" : [ 0, 1, 2 ]
    }, {
      "vertices" : [ 0, 2, 1 ]
    } ]
  }, {
    "id" : "bb30de77-735b-4b4d-9b46-4cc9b9374e05",
    "vertices" : [ {
      "x" : 8.472136,
      "y" : -4.236068,
      "z" : -11.09017
    }, {
      "x" : 8.472136,
      "y" : -6.854102,
      "z" : -17.944271
    }, {
      "x" : 15.326238,
      "y" : -4.236068,
      "z" : -13.708204
    } ],
    "faces" : [ {
      "vertices" : [ 0, 1, 2 ]
    }, {
      "vertices" : [ 0, 2, 1 ]
    } ]
  }, {
    "id" : "616e2235-f916-48c7-87cb-17ac1c95adf9",
    "vertices" : [ {
      "x" : 0.0,
      "y" : 11.09017,
      "z" : -1.618034
    }, {
      "x" : -4.236068,
      "y" : 6.854102,
      "z" : 2.618034
    }, {
      "x" : -4.236068,
      "y" : 9.472136,
      "z" : -4.236068
    } ],
    "faces" : [ {
      "vertices" : [ 0, 1, 2 ]
    }, {
      "vertices" : [ 0, 2, 1 ]
    } ]
  }, {
    "id" : "2c4b9aa6-942e-4a06-9ff8-a4d8b40bbf67",
    "vertices" : [ {
      "x" : -2.618034,
      "y" : -13.708204,
      "z" : -4.236068
    }, {
      "x" : -6.854102,
      "y" : -17.944271,
      "z" : -8.472136
    }, {
      "x" : 0.0,
      "y" : -20.562305,
      "z" : -4.236068
    } ],
    "faces" : [ {
      "vertices" : [ 0, 1, 2 ]
    }, {
      "vertices" : [ 0, 2, 1 ]
    } ]
  }, {
    "id" : "97078f5f-b267-4687-a0a0-96f36a98db70",
    "vertices" : [ {
      "x" : -9.472136,
      "y" : -4.236068,
      "z" : 4.236068
    }, {
      "x" : -2.618034,
      "y" : -4.236068,
      "z" : 6.854102
    }, {
      "x" : -6.854102,
      "y" : -8.472136,
      "z" : 2.618034
    } ],
    "faces" : [ {
      "vertices" : [ 0, 1, 2 ]
    }, {
      "vertices" : [ 0, 2, 1 ]
    } ]
  }, {
    "id" : "b235ccd8-dd7e-4a9a-9017-c16d21428ad0",
    "vertices" : [ {
      "x" : -9.472136,
      "y" : 4.236068,
      "z" : 4.236068
    }, {
      "x" : -6.854102,
      "y" : -2.618034,
      "z" : 4.236068
    }, {
      "x" : -11.09017,
      "y" : 1.618034,
      "z" : 0.0
    } ],
    "faces" : [ {
      "vertices" : [ 0, 1, 2 ]
    }, {
      "vertices" : [ 0, 2, 1 ]
    } ]
  }, {
    "id" : "6ee87544-bbb9-4052-af6f-64b00ec7e125",
    "vertices" : [ {
      "x" : 4.236068,
      "y" : 11.09017,
      "z" : -8.472136
    }, {
      "x" : 2.618034,
      "y" : 6.854102,
      "z" : -8.472136
    }, {
      "x" : 0.0,
      "y" : 9.472136,
      "z" : -11.09017
    } ],
    "faces" : [ {
      "vertices" : [ 0, 1, 2 ]
    }, {
      "vertices" : [ 0, 2, 1 ]
    } ]
  }, {
    "id" : "59e8b732-afcc-4588-adb5-3e92cbd4ce46",
    "vertices" : [ {
      "x" : -4.236068,
      "y" : 9.472136,
      "z" : 4.236068
    }, {
      "x" : -6.854102,
      "y" : 2.618034,
      "z" : 4.236068
    }, {
      "x" : -4.236068,
      "y" : 6.854102,
      "z" : -2.618034
    } ],
