{
  "field" : "golden",
  "symmetry" : "icosahedral",
  "orientations" : [ [ 1.0, 0.0, 0.0, 0.0, 0.0, 1.0, 0.0, 0.0, 0.0, 0.0, 1.0, 0.0, 0.0, 0.0, 0.0, 1.0 ], [ 0.0, 0.0, 1.0, 0.0, 1.0, 0.0, 0.0, 0.0, 0.0, 1.0, 0.0, 0.0, 0.0, 0.0, 0.0, 1.0 ], [ 0.0, 1.0, 0.0, 0.0, 0.0, 0.0, 1.0, 0.0, 1.0, 0.0, 0.0, 0.0, 0.0, 0.0, 0.0, 1.0 ], [ 0.809017, 0.309017, 0.5, 0.0, 0.309017, 0.5, -0.809017, 0.0, -0.5, 0.809017, 0.309017, 0.0, 0.0, 0.0, 0.0, 1.0 ], [ -0.5, 0.809017, 0.309017, 0.0, 0.809017, 0.309017, 0.5, 0.0, 0.309017, 0.5, -0.809017, 0.0, 0.0, 0.0, 0.0, 1.0 ], [ 0.309017, 0.5, -0.809017, 0.0, -0.5, 0.809017, 0.309017, 0.0, 0.809017, 0.309017, 0.5, 0.0, 0.0, 0.0, 0.0, 1.0 ], [ 0.5, 0.809017, 0.309017, 0.0, 0.809017, -0.309017, -0.5, 0.0, -0.309017, 0.5, -0.809017, 0.0, 0.0, 0.0, 0.0, 1.0 ], [ -0.309017, 0.5, -0.809017, 0.0, 0.5, 0.809017, 0.309017, 0.0, 0.809017, -0.309017, -0.5, 0.0, 0.0, 0.0, 0.0, 1.0 ], [ 0.809017, -0.309017, -0.5, 0.0, -0.309017, 0.5, -0.809017, 0.0, 0.5, 0.809017, 0.309017, 0.0, 0.0, 0.0, 0.0, 1.0 ], [ 0.5, 0.809017, -0.309017, 0.0, 0.809017, -0.309017, 0.5, 0.0, 0.309017, -0.5, -0.809017, 0.0, 0.0, 0.0, 0.0, 1.0 ], [ 0.309017, -0.5, -0.809017, 0.0, 0.5, 0.809017, -0.309017, 0.0, 0.809017, -0.309017, 0.5, 0.0, 0.0, 0.0, 0.0, 1.0 ], [ 0.809017, -0.309017, 0.5, 0.0, 0.309017, -0.5, -0.809017, 0.0, 0.5, 0.809017, -0.309017, 0.0, 0.0, 0.0, 0.0, 1.0 ], [ 0.809017, 0.309017, -0.5, 0.0, 0.309017, 0.5, 0.809017, 0.0, 0.5, -0.809017, 0.309017, 0.0, 0.0, 0.0, 0.0, 1.0 ], [ 0.5, -0.809017, 0.309017, 0.0, 0.809017, 0.309017, -0.5, 0.0, 0.309017, 0.5, 0.809017, 0.0, 0.0, 0.0, 0.0, 1.0 ], [ 0.309017, 0.5, 0.809017, 0.0, 0.5, -0.809017, 0.309017, 0.0, 0.809017, 0.309017, -0.5, 0.0, 0.0, 0.0, 0.0, 1.0 ], [ 1.0, 0.0, 0.0, 0.0, 0.0, -1.0, 0.0, 0.0, 0.0, 0.0, -1.0, 0.0, 0.0, 0.0, 0.0, 1.0 ], [ 0.0, 0.0, 1.0, 0.0, -1.0, 0.0, 0.0, 0.0, 0.0, -1.0, 0.0, 0.0, 0.0, 0.0, 0.0, 1.0 ], [ 0.0, 1.0, 0.0, 0.0, 0.0, 0.0, -1.0, 0.0, -1.0, 0.0, 0.0, 0.0, 0.0, 0.0, 0.0, 1.0 ], [ 0.809017, 0.309017, 0.5, 0.0, -0.309017, -0.5, 0.809017, 0.0, 0.5, -0.809017, -0.309017, 0.0, 0.0, 0.0, 0.0, 1.0 ], [ -0.5, 0.809017, 0.309017, 0.0, -0.809017, -0.309017, -0.5, 0.0, -0.309017, -0.5, 0.809017, 0.0, 0.0, 0.0, 0.0, 1.0 ], [ 0.309017, 0.5, -0.809017, 0.0, 0.5, -0.809017, -0.309017, 0.0, -0.809017, -0.309017, -0.5, 0.0, 0.0, 0.0, 0.0, 1.0 ], [ 0.5, 0.809017, 0.309017, 0.0, -0.809017, 0.309017, 0.5, 0.0, 0.309017, -0.5, 0.809017, 0.0, 0.0, 0.0, 0.0, 1.0 ], [ -0.309017, 0.5, -0.809017, 0.0, -0.5, -0.809017, -0.309017, 0.0, -0.809017, 0.309017, 0.5, 0.0, 0.0, 0.0, 0.0, 1.0 ], [ 0.809017, -0.309017, -0.5, 0.0, 0.309017, -0.5, 0.809017, 0.0, -0.5, -0.809017, -0.309017, 0.0, 0.0, 0.0, 0.0, 1.0 ], [ 0.5, 0.809017, -0.309017, 0.0, -0.809017, 0.309017, -0.5, 0.0, -0.309017, 0.5, 0.809017, 0.0, 0.0, 0.0, 0.0, 1.0 ], [ 0.309017, -0.5, -0.809017, 0.0, -0.5, -0.809017, 0.309017, 0.0, -0.809017, 0.309017, -0.5, 0.0, 0.0, 0.0, 0.0, 1.0 ], [ 0.809017, -0.309017, 0.5, 0.0, -0.309017, 0.5, 0.809017, 0.0, -0.5, -0.809017, 0.309017, 0.0, 0.0, 0.0, 0.0, 1.0 ], [ 0.809017, 0.309017, -0.5, 0.0, -0.309017, -0.5, -0.809017, 0.0, -0.5, 0.809017, -0.309017, 0.0, 0.0, 0.0, 0.0, 1.0 ], [ 0.5, -0.809017, 0.309017, 0.0, -0.809017, -0.309017, 0.5, 0.0, -0.309017, -0.5, -0.809017, 0.0, 0.0, 0.0, 0.0, 1.0 ], [ 0.309017, 0.5, 0.809017, 0.0, -0.5, 0.809017, -0.309017, 0.0, -0.809017, -0.309017, 0.5, 0.0, 0.0, 0.0, 0.0, 1.0 ], [ -1.0, 0.0, 0.0, 0.0, 0.0, -1.0, 0.0, 0.0, 0.0, 0.0, 1.0, 0.0, 0.0, 0.0, 0.0, 1.0 ], [ 0.0, 0.0, -1.0, 0.0, -1.0, 0.0, 0.0, 0.0, 0.0, 1.0, 0.0, 0.0, 0.0, 0.0, 0.0, 1.0 ], [ 0.0, -1.0, 0.0, 0.0, 0.0, 0.0, -1.0, 0.0, 1.0, 0.0, 0.0, 0.0, 0.0, 0.0, 0.0, 1.0 ], [ -0.809017, -0.309017, -0.5, 0.0, -0.309017, -0.5, 0.809017, 0.0, -0.5, 0.809017, 0.309017, 0.0, 0.0, 0.0, 0.0, 1.0 ], [ 0.5, -0.809017, -0.309017, 0.0, -0.809017, -0.309017, -0.5, 0.0, 0.309017, 0.5, -0.809017, 0.0, 0.0, 0.0, 0.0, 1.0 ], [ -0.309017, -0.5, 0.809017, 0.0, 0.5, -0.809017, -0.309017, 0.0, 0.809017, 0.309017, 0.5, 0.0, 0.0, 0.0, 0.0, 1.0 ], [ -0.5, -0.809017, -0.309017, 0.0, -0.809017, 0.309017, 0.5, 0.0, -0.309017, 0.5, -0.809017, 0.0, 0.0, 0.0, 0.0, 1.0 ], [ 0.309017, -0.5, 0.809017, 0.0, -0.5, -0.809017, -0.309017, 0.0, 0.809017, -0.309017, -0.5, 0.0, 0.0, 0.0, 0.0, 1.0 ], [ -0.809017, 0.309017, 0.5, 0.0, 0.309017, -0.5, 0.809017, 0.0, 0.5, 0.809017, 0.309017, 0.0, 0.0, 0.0, 0.0, 1.0 ], [ -0.5, -0.809017, 0.309017, 0.0, -0.809017, 0.309017, -0.5, 0.0, 0.309017, -0.5, -0.809017, 0.0, 0.0, 0.0, 0.0, 1.0 ], [ -0.309017, 0.5, 0.809017, 0.0, -0.5, -0.809017, 0.309017, 0.0, 0.809017, -0.309017, 0.5, 0.0, 0.0, 0.0, 0.0, 1.0 ], [ -0.809017, 0.309017, -0.5, 0.0, -0.309017, 0.5, 0.809017, 0.0, 0.5, 0.809017, -0.309017, 0.0, 0.0, 0.0, 0.0, 1.0 ], [ -0.809017, -0.309017, 0.5, 0.0, -0.309017, -0.5, -0.809017, 0.0, 0.5, -0.809017, 0.309017, 0.0, 0.0, 0.0, 0.0, 1.0 ], [ -0.5, 0.809017, -0.309017, 0.0, -0.809017, -0.309017, 0.5, 0.0, 0.309017, 0.5, 0.809017, 0.0, 0.0, 0.0, 0.0, 1.0 ], [ -0.309017, -0.5, -0.809017, 0.0, -0.5, 0.809017, -0.309017, 0.0, 0.809017, 0.309017, -0.5, 0.0, 0.0, 0.0, 0.0, 1.0 ], [ -1.0, 0.0, 0.0, 0.0, 0.0, 1.0, 0.0, 0.0, 0.0, 0.0, -1.0, 0.0, 0.0, 0.0, 0.0, 1.0 ], [ 0.0, 0.0, -1.0, 0.0, 1.0, 0.0, 0.0, 0.0, 0.0, -1.0, 0.0, 0.0, 0.0, 0.0, 0.0, 1.0 ], [ 0.0, -1.0, 0.0, 0.0, 0.0, 0.0, 1.0, 0.0, -1.0, 0.0, 0.0, 0.0, 0.0, 0.0, 0.0, 1.0 ], [ -0.809017, -0.309017, -0.5, 0.0, 0.309017, 0.5, -0.809017, 0.0, 0.5, -0.809017, -0.309017, 0.0, 0.0, 0.0, 0.0, 1.0 ], [ 0.5, -0.809017, -0.309017, 0.0, 0.809017, 0.309017, 0.5, 0.0, -0.309017, -0.5, 0.809017, 0.0, 0.0, 0.0, 0.0, 1.0 ], [ -0.309017, -0.5, 0.809017, 0.0, -0.5, 0.809017, 0.309017, 0.0, -0.809017, -0.309017, -0.5, 0.0, 0.0, 0.0, 0.0, 1.0 ], [ -0.5, -0.809017, -0.309017, 0.0, 0.809017, -0.309017, -0.5, 0.0, 0.309017, -0.5, 0.809017, 0.0, 0.0, 0.0, 0.0, 1.0 ], [ 0.309017, -0.5, 0.809017, 0.0, 0.5, 0.809017, 0.309017, 0.0, -0.809017, 0.309017, 0.5, 0.0, 0.0, 0.0, 0.0, 1.0 ], [ -0.809017, 0.309017, 0.5, 0.0, -0.309017, 0.5, -0.809017, 0.0, -0.5, -0.809017, -0.309017, 0.0, 0.0, 0.0, 0.0, 1.0 ], [ -0.5, -0.809017, 0.309017, 0.0, 0.809017, -0.309017, 0.5, 0.0, -0.309017, 0.5, 0.809017, 0.0, 0.0, 0.0, 0.0, 1.0 ], [ -0.309017, 0.5, 0.809017, 0.0, 0.5, 0.809017, -0.309017, 0.0, -0.809017, 0.309017, -0.5, 0.0, 0.0, 0.0, 0.0, 1.0 ], [ -0.809017, 0.309017, -0.5, 0.0, 0.309017, -0.5, -0.809017, 0.0, -0.5, -0.809017, 0.309017, 0.0, 0.0, 0.0, 0.0, 1.0 ], [ -0.809017, -0.309017, 0.5, 0.0, 0.309017, 0.5, 0.809017, 0.0, -0.5, 0.809017, -0.309017, 0.0, 0.0, 0.0, 0.0, 1.0 ], [ -0.5, 0.809017, -0.309017, 0.0, 0.809017, 0.309017, -0.5, 0.0, -0.309017, -0.5, -0.809017, 0.0, 0.0, 0.0, 0.0, 1.0 ], [ -0.309017, -0.5, -0.809017, 0.0, 0.5, -0.809017, 0.309017, 0.0, -0.809017, -0.309017, 0.5, 0.0, 0.0, 0.0, 0.0, 1.0 ] ],
  "lights" : {
    "ambientColor" : "#292929",
    "backgroundColor" : "#AFC8DC",
    "directionalLights" : [ {
      "direction" : {
        "x" : 1.0,
        "y" : -1.0,
        "z" : -1.0
      },
      "color" : "#EBEBE4"
    }, {
      "direction" : {
        "x" : -1.0,
        "y" : 0.0,
        "z" : 0.0
      },
      "color" : "#E4E4EB"
    }, {
      "direction" : {
        "x" : 0.0,
        "y" : 0.0,
        "z" : -1.0
      },
      "color" : "#1E1E1E"
    } ]
  },
  "camera" : {
    "lookDirection" : {
      "x" : 0.57735026,
      "y" : -0.57735026,
      "z" : 0.57735026
    },
    "upDirection" : {
      "x" : -0.7071068,
      "y" : -0.7071068,
      "z" : 0.0
    },
    "lookAtPoint" : {
      "x" : 0.0,
      "y" : 0.0,
      "z" : 0.0
    },
    "viewDistance" : 186.5836,
    "nearClipDistance" : 0.46645913,
    "farClipDistance" : 373.16714,
    "fieldOfView" : 0.4426287,
    "perspective" : false,
    "width" : 83.962585,
    "stereo" : false,
    "position" : {
      "x" : -107.72409,
      "y" : 107.72409,
      "z" : -107.72409
    }
  },
  "embedding" : [ 1.0, 0.0, 0.0, 0.0, 0.0, 1.0, 0.0, 0.0, 0.0, 0.0, 1.0, 0.0, 0.0, 0.0, 0.0, 1.0 ],
  "shapes" : [ {
    "id" : "2b9d5153-38f2-4e14-95a6-1d6a57424ae3",
    "vertices" : [ {
      "x" : 1.0,
      "y" : 0.309017,
      "z" : 0.19098301
    }, {
      "x" : 1.0,
      "y" : -0.309017,
      "z" : 0.19098301
    }, {
      "x" : 7.472136,
      "y" : -0.309017,
      "z" : 0.19098301
    }, {
      "x" : 7.472136,
      "y" : 0.309017,
      "z" : 0.19098301
    }, {
      "x" : 7.472136,
      "y" : -0.309017,
      "z" : -0.19098301
    }, {
      "x" : 7.472136,
      "y" : 0.309017,
      "z" : -0.19098301
    }, {
      "x" : 8.09017,
      "y" : 0.0,
      "z" : 0.0
    }, {
      "x" : 0.38196602,
      "y" : 0.0,
      "z" : 0.0
    }, {
      "x" : 1.0,
      "y" : 0.309017,
      "z" : -0.19098301
    }, {
      "x" : 1.0,
      "y" : -0.309017,
      "z" : -0.19098301
    }, {
      "x" : 8.472136,
      "y" : 0.0,
      "z" : 0.0
    } ],
    "faces" : [ {
      "vertices" : [ 1, 9, 4 ]
    }, {
      "vertices" : [ 1, 4, 2 ]
    }, {
      "vertices" : [ 0, 3, 5 ]
    }, {
      "vertices" : [ 0, 5, 8 ]
    }, {
      "vertices" : [ 1, 7, 9 ]
    }, {
      "vertices" : [ 0, 1, 2 ]
    }, {
      "vertices" : [ 0, 2, 3 ]
    }, {
      "vertices" : [ 7, 8, 9 ]
    }, {
      "vertices" : [ 0, 7, 1 ]
    }, {
      "vertices" : [ 4, 9, 8 ]
    }, {
      "vertices" : [ 4, 8, 5 ]
    }, {
      "vertices" : [ 2, 6, 3 ]
    }, {
      "vertices" : [ 2, 4, 6 ]
    }, {
      "vertices" : [ 3, 6, 5 ]
    }, {
      "vertices" : [ 4, 5, 6 ]
    }, {
      "vertices" : [ 0, 8, 7 ]
    } ]
  }, {
    "id" : "8dc0cd93-cfc8-4999-9461-5edeb0c1cada",
    "vertices" : [ {
      "x" : -5.236068,
      "y" : 16.326239,
      "z" : -6.854102
    }, {
      "x" : -12.09017,
      "y" : 13.708204,
      "z" : -2.618034
    }, {
      "x" : -16.326239,
      "y" : 6.854102,
      "z" : -5.236068
    }, {
      "x" : -9.472136,
      "y" : 9.472136,
      "z" : -9.472136
    } ],
    "faces" : [ {
      "vertices" : [ 0, 1, 2 ]
    }, {
      "vertices" : [ 0, 2, 3 ]
    }, {
      "vertices" : [ 0, 3, 2 ]
    }, {
      "vertices" : [ 0, 2, 1 ]
    } ]
  }, {
    "id" : "78994a74-2f65-4775-bfae-e7a2f3a03dc4",
    "vertices" : [ {
      "x" : 0.309017,
      "y" : -0.309017,
      "z" : -0.309017
    }, {
      "x" : 0.5,
      "y" : 0.0,
      "z" : -0.19098301
    }, {
      "x" : 0.5,
      "y" : 0.0,
      "z" : 0.19098301
    }, {
      "x" : 0.309017,
      "y" : -0.309017,
      "z" : 0.309017
    }, {
      "x" : 0.19098301,
      "y" : -0.5,
      "z" : 0.0
    }, {
      "x" : 0.0,
      "y" : 0.19098301,
      "z" : 0.5
    }, {
      "x" : 0.0,
      "y" : -0.19098301,
      "z" : 0.5
    }, {
      "x" : 0.309017,
      "y" : 0.309017,
      "z" : 0.309017
    }, {
      "x" : -0.309017,
      "y" : -0.309017,
      "z" : 0.309017
    }, {
      "x" : -0.309017,
      "y" : 0.309017,
      "z" : 0.309017
    }, {
      "x" : -0.5,
      "y" : 0.0,
      "z" : 0.19098301
    }, {
      "x" : 0.0,
      "y" : -0.19098301,
      "z" : -0.5
    }, {
      "x" : 0.0,
      "y" : 0.19098301,
      "z" : -0.5
    }, {
      "x" : 0.309017,
      "y" : 0.309017,
      "z" : -0.309017
    }, {
      "x" : -0.309017,
      "y" : -0.309017,
      "z" : -0.309017
    }, {
      "x" : -0.19098301,
      "y" : -0.5,
      "z" : 0.0
    }, {
      "x" : -0.5,
      "y" : 0.0,
      "z" : -0.19098301
    }, {
      "x" : 0.19098301,
      "y" : 0.5,
      "z" : 0.0
    }, {
      "x" : -0.309017,
      "y" : 0.309017,
      "z" : -0.309017
    }, {
      "x" : 0.0,
      "y" : 0.0,
      "z" : 0.0
    }, {
      "x" : -0.19098301,
      "y" : 0.5,
      "z" : 0.0
    } ],
    "faces" : [ {
      "vertices" : [ 12, 18, 20 ]
    }, {
      "vertices" : [ 12, 20, 17 ]
    }, {
      "vertices" : [ 12, 17, 13 ]
    }, {
      "vertices" : [ 3, 6, 8 ]
    }, {
      "vertices" : [ 3, 8, 15 ]
    }, {
      "vertices" : [ 3, 15, 4 ]
    }, {
      "vertices" : [ 0, 11, 12 ]
    }, {
      "vertices" : [ 0, 12, 13 ]
    }, {
      "vertices" : [ 0, 13, 1 ]
    }, {
      "vertices" : [ 5, 9, 10 ]
    }, {
      "vertices" : [ 5, 10, 8 ]
    }, {
      "vertices" : [ 5, 8, 6 ]
    }, {
      "vertices" : [ 2, 7, 5 ]
    }, {
      "vertices" : [ 2, 5, 6 ]
    }, {
      "vertices" : [ 2, 6, 3 ]
    }, {
      "vertices" : [ 11, 14, 16 ]
    }, {
      "vertices" : [ 11, 16, 18 ]
    }, {
      "vertices" : [ 11, 18, 12 ]
    }, {
      "vertices" : [ 1, 13, 17 ]
    }, {
      "vertices" : [ 1, 17, 7 ]
    }, {
      "vertices" : [ 1, 7, 2 ]
    }, {
      "vertices" : [ 9, 20, 18 ]
    }, {
      "vertices" : [ 9, 18, 16 ]
    }, {
      "vertices" : [ 9, 16, 10 ]
    }, {
      "vertices" : [ 0, 1, 2 ]
    }, {
      "vertices" : [ 0, 2, 3 ]
    }, {
      "vertices" : [ 0, 3, 4 ]
    }, {
      "vertices" : [ 5, 7, 17 ]
    }, {
      "vertices" : [ 5, 17, 20 ]
    }, {
      "vertices" : [ 5, 20, 9 ]
    }, {
      "vertices" : [ 0, 4, 15 ]
    }, {
      "vertices" : [ 0, 15, 14 ]
    }, {
      "vertices" : [ 0, 14, 11 ]
    }, {
      "vertices" : [ 8, 10, 16 ]
    }, {
      "vertices" : [ 8, 16, 14 ]
    }, {
      "vertices" : [ 8, 14, 15 ]
    } ]
  }, {
    "id" : "7d658a8a-8f17-4b13-9d58-b64d9a20cc7b",
    "vertices" : [ {
      "x" : 6.854102,
      "y" : 0.0,
      "z" : -2.618034
    }, {
      "x" : 6.545085,
      "y" : 0.0,
      "z" : -2.5
    }, {
      "x" : 6.1405764,
      "y" : -0.1545085,
      "z" : -2.059017
    }, {
      "x" : 5.9495935,
      "y" : -0.1545085,
      "z" : -2.559017
    }, {
      "x" : 0.9045085,
      "y" : -0.1545085,
      "z" : -0.059016995
    }, {
      "x" : 0.809017,
      "y" : 0.309017,
      "z" : -0.309017
    }, {
      "x" : 0.309017,
      "y" : 0.0,
      "z" : -0.11803399
    }, {
      "x" : 6.045085,
      "y" : 0.309017,
      "z" : -2.309017
    }, {
      "x" : 0.7135255,
      "y" : -0.1545085,
      "z" : -0.559017
    } ],
    "faces" : [ {
      "vertices" : [ 2, 4, 8 ]
    }, {
      "vertices" : [ 2, 8, 3 ]
    }, {
      "vertices" : [ 2, 7, 5 ]
    }, {
      "vertices" : [ 2, 5, 4 ]
    }, {
      "vertices" : [ 4, 6, 8 ]
    }, {
      "vertices" : [ 5, 8, 6 ]
    }, {
      "vertices" : [ 1, 2, 3 ]
    }, {
      "vertices" : [ 3, 8, 5 ]
    }, {
      "vertices" : [ 3, 5, 7 ]
    }, {
      "vertices" : [ 1, 7, 2 ]
    }, {
      "vertices" : [ 1, 3, 7 ]
    }, {
      "vertices" : [ 4, 5, 6 ]
    } ]
  }, {
    "id" : "b940ab91-ca1f-42dc-a05c-fff906be641a",
    "vertices" : [ {
      "x" : 13.708204,
      "y" : 11.09017,
      "z" : 6.854102
    }, {
      "x" : 6.854102,
      "y" : 13.708204,
      "z" : 11.09017
    }, {
      "x" : 4.236068,
      "y" : 17.944271,
      "z" : 4.236068
    }, {
      "x" : 11.09017,
      "y" : 15.326238,
      "z" : 0.0
    } ],
    "faces" : [ {
      "vertices" : [ 0, 1, 2 ]
    }, {
      "vertices" : [ 0, 2, 3 ]
    }, {
      "vertices" : [ 0, 3, 2 ]
    }, {
      "vertices" : [ 0, 2, 1 ]
    } ]
  }, {
    "id" : "15ca4776-eac6-40ed-8928-3f88580fc27f",
    "vertices" : [ {
      "x" : 6.854102,
      "y" : 13.708204,
      "z" : -11.09017
    }, {
      "x" : 13.708204,
      "y" : 11.09017,
      "z" : -6.854102
    }, {
      "x" : 11.09017,
      "y" : 15.326238,
      "z" : 0.0
    }, {
      "x" : 4.236068,
      "y" : 17.944271,
      "z" : -4.236068
    } ],
    "faces" : [ {
      "vertices" : [ 0, 1, 2 ]
    }, {
      "vertices" : [ 0, 2, 3 ]
    }, {
      "vertices" : [ 0, 3, 2 ]
    }, {
      "vertices" : [ 0, 2, 1 ]
    } ]
  }, {
    "id" : "22d9f319-3cb6-484f-b86a-401d956eb74f",
    "vertices" : [ {
      "x" : -16.326239,
      "y" : 6.854102,
      "z" : -5.236068
    }, {
      "x" : -9.472136,
      "y" : 9.472136,
      "z" : -9.472136
    }, {
      "x" : -6.854102,
      "y" : 5.236068,
      "z" : -16.326239
    }, {
      "x" : -13.708204,
      "y" : 2.618034,
      "z" : -12.09017
    } ],
    "faces" : [ {
      "vertices" : [ 0, 1, 2 ]
    }, {
      "vertices" : [ 0, 2, 3 ]
    }, {
      "vertices" : [ 0, 3, 2 ]
    }, {
      "vertices" : [ 0, 2, 1 ]
    } ]
  }, {
    "id" : "6279be18-d05a-4163-a6b7-92d5f0c7db95",
    "vertices" : [ {
      "x" : 9.472136,
      "y" : -17.944271,
      "z" : -4.236068
    }, {
      "x" : 12.09017,
      "y" : -13.708204,
      "z" : 2.618034
    }, {
      "x" : 16.326239,
      "y" : -6.854102,
      "z" : 5.236068
    }, {
      "x" : 20.562305,
      "y" : 0.0,
      "z" : 2.618034
    }, {
      "x" : 17.944271,
      "y" : -4.236068,
      "z" : -4.236068
    }, {
      "x" : 13.708204,
      "y" : -11.09017,
      "z" : -6.854102
    } ],
    "faces" : [ {
      "vertices" : [ 0, 1, 2 ]
    }, {
      "vertices" : [ 0, 2, 3 ]
    }, {
      "vertices" : [ 0, 3, 4 ]
    }, {
      "vertices" : [ 0, 4, 5 ]
    }, {
      "vertices" : [ 0, 5, 4 ]
    }, {
      "vertices" : [ 0, 4, 3 ]
    }, {
      "vertices" : [ 0, 3, 2 ]
    }, {
      "vertices" : [ 0, 2, 1 ]
    } ]
  }, {
    "id" : "07b0572f-e640-47d3-8744-c8e2696c1595",
    "vertices" : [ {
      "x" : 15.326238,
      "y" : 0.0,
      "z" : -5.854102
    }, {
      "x" : 15.0172205,
      "y" : 0.0,
      "z" : -5.736068
    }, {
      "x" : 14.612713,
      "y" : -0.1545085,
      "z" : -5.295085
    }, {
      "x" : 14.421729,
      "y" : -0.1545085,
      "z" : -5.795085
    }, {
      "x" : 0.9045085,
      "y" : -0.1545085,
      "z" : -0.059016995
    }, {
      "x" : 0.809017,
      "y" : 0.309017,
      "z" : -0.309017
    }, {
      "x" : 0.309017,
      "y" : 0.0,
      "z" : -0.11803399
    }, {
      "x" : 14.5172205,
      "y" : 0.309017,
      "z" : -5.545085
    }, {
      "x" : 0.7135255,
      "y" : -0.1545085,
      "z" : -0.559017
    } ],
    "faces" : [ {
      "vertices" : [ 2, 4, 8 ]
    }, {
      "vertices" : [ 2, 8, 3 ]
    }, {
      "vertices" : [ 2, 7, 5 ]
    }, {
      "vertices" : [ 2, 5, 4 ]
    }, {
      "vertices" : [ 4, 6, 8 ]
    }, {
      "vertices" : [ 5, 8, 6 ]
    }, {
      "vertices" : [ 1, 2, 3 ]
    }, {
      "vertices" : [ 3, 8, 5 ]
    }, {
      "vertices" : [ 3, 5, 7 ]
    }, {
      "vertices" : [ 1, 7, 2 ]
    }, {
      "vertices" : [ 1, 3, 7 ]
    }, {
      "vertices" : [ 4, 5, 6 ]
    } ]
  }, {
    "id" : "a4846426-a3ec-42da-9980-46b86e6fc942",
    "vertices" : [ {
      "x" : -17.944271,
      "y" : -4.236068,
      "z" : -9.472136
    }, {
      "x" : -13.708204,
      "y" : 2.618034,
      "z" : -12.09017
    }, {
      "x" : -16.326239,
      "y" : 6.854102,
      "z" : -5.236068
    }, {
      "x" : -20.562305,
      "y" : 0.0,
      "z" : -2.618034
    } ],
    "faces" : [ {
      "vertices" : [ 0, 1, 2 ]
    }, {
      "vertices" : [ 0, 2, 3 ]
    }, {
      "vertices" : [ 0, 3, 2 ]
    }, {
      "vertices" : [ 0, 2, 1 ]
    } ]
  }, {
    "id" : "4b1a8a66-891c-4540-9d62-4a50c6093c09",
    "vertices" : [ {
      "x" : 11.09017,
      "y" : -6.854102,
      "z" : -13.708204
    }, {
      "x" : 13.708204,
      "y" : -11.09017,
      "z" : -6.854102
    }, {
      "x" : 9.472136,
      "y" : -17.944271,
      "z" : -4.236068
    }, {
      "x" : 6.854102,
      "y" : -13.708204,
      "z" : -11.09017
    } ],
    "faces" : [ {
      "vertices" : [ 0, 1, 2 ]
    }, {
      "vertices" : [ 0, 2, 3 ]
    }, {
      "vertices" : [ 0, 3, 2 ]
    }, {
      "vertices" : [ 0, 2, 1 ]
    } ]
  }, {
    "id" : "4fb36b5b-743a-4f21-bb9f-764339c0c84a",
    "vertices" : [ {
      "x" : 0.0,
      "y" : 11.09017,
      "z" : 15.326238
    }, {
      "x" : -4.236068,
      "y" : 4.236068,
      "z" : 17.944271
    }, {
      "x" : -11.09017,
      "y" : 6.854102,
      "z" : 13.708204
    }, {
      "x" : -6.854102,
      "y" : 13.708204,
      "z" : 11.09017
    } ],
    "faces" : [ {
      "vertices" : [ 0, 1, 2 ]
    }, {
      "vertices" : [ 0, 2, 3 ]
    }, {
      "vertices" : [ 0, 3, 2 ]
    }, {
      "vertices" : [ 0, 2, 1 ]
    } ]
  }, {
    "id" : "98eabf9c-6840-4174-8d28-1a5ed950fdff",
    "vertices" : [ {
      "x" : -13.708204,
      "y" : -11.09017,
      "z" : -6.854102
    }, {
      "x" : -17.944271,
      "y" : -4.236068,
      "z" : -9.472136
    }, {
      "x" : -20.562305,
      "y" : 0.0,
      "z" : -2.618034
    }, {
      "x" : -17.944271,
      "y" : -4.236068,
      "z" : 4.236068
    }, {
      "x" : -13.708204,
      "y" : -11.09017,
      "z" : 6.854102
    }, {
      "x" : -11.09017,
      "y" : -15.326238,
      "z" : 0.0
    } ],
    "faces" : [ {
      "vertices" : [ 0, 1, 2 ]
    }, {
      "vertices" : [ 0, 2, 3 ]
    }, {
      "vertices" : [ 0, 3, 4 ]
    }, {
      "vertices" : [ 0, 4, 5 ]
    }, {
      "vertices" : [ 0, 5, 4 ]
    }, {
      "vertices" : [ 0, 4, 3 ]
    }, {
      "vertices" : [ 0, 3, 2 ]
    }, {
      "vertices" : [ 0, 2, 1 ]
    } ]
  }, {
    "id" : "2f66e68e-3b8d-4404-a1ec-333128813abf",
    "vertices" : [ {
      "x" : -20.562305,
      "y" : 0.0,
      "z" : -2.618034
    }, {
      "x" : -16.326239,
      "y" : 6.854102,
      "z" : -5.236068
    }, {
      "x" : -12.09017,
      "y" : 13.708204,
      "z" : -2.618034
    }, {
      "x" : -9.472136,
      "y" : 17.944271,
      "z" : 4.236068
    }, {
      "x" : -13.708204,
      "y" : 11.09017,
      "z" : 6.854102
    }, {
      "x" : -17.944271,
      "y" : 4.236068,
      "z" : 4.236068
    } ],
    "faces" : [ {
      "vertices" : [ 0, 1, 2 ]
    }, {
      "vertices" : [ 0, 2, 3 ]
    }, {
      "vertices" : [ 0, 3, 4 ]
    }, {
      "vertices" : [ 0, 4, 5 ]
    }, {
      "vertices" : [ 0, 5, 4 ]
    }, {
      "vertices" : [ 0, 4, 3 ]
    }, {
      "vertices" : [ 0, 3, 2 ]
    }, {
      "vertices" : [ 0, 2, 1 ]
    } ]
  }, {
    "id" : "86ae9171-06f9-4527-b0a8-72b204675e6c",
    "vertices" : [ {
      "x" : 13.708204,
      "y" : -2.618034,
      "z" : 12.09017
    }, {
      "x" : 16.326239,
      "y" : -6.854102,
      "z" : 5.236068
    }, {
      "x" : 12.09017,
      "y" : -13.708204,
      "z" : 2.618034
    }, {
      "x" : 9.472136,
      "y" : -9.472136,
      "z" : 9.472136
    } ],
    "faces" : [ {
      "vertices" : [ 0, 1, 2 ]
    }, {
      "vertices" : [ 0, 2, 3 ]
    }, {
      "vertices" : [ 0, 3, 2 ]
    }, {
      "vertices" : [ 0, 2, 1 ]
    } ]
  }, {
    "id" : "af075350-49b7-488e-b53f-5df1c69ad0f7",
    "vertices" : [ {
      "x" : -11.09017,
      "y" : -6.854102,
      "z" : 13.708204
    }, {
      "x" : -13.708204,
      "y" : -11.09017,
      "z" : 6.854102
    }, {
      "x" : -17.944271,
      "y" : -4.236068,
      "z" : 4.236068
    }, {
      "x" : -15.326238,
      "y" : 0.0,
      "z" : 11.09017
    } ],
    "faces" : [ {
      "vertices" : [ 0, 1, 2 ]
    }, {
      "vertices" : [ 0, 2, 3 ]
    }, {
      "vertices" : [ 0, 3, 2 ]
    }, {
      "vertices" : [ 0, 2, 1 ]
    } ]
  }, {
    "id" : "fddd1da7-fca6-42a0-b5d7-36a734561f54",
    "vertices" : [ {
      "x" : 11.09017,
      "y" : -6.854102,
      "z" : -13.708204
    }, {
      "x" : 13.708204,
      "y" : -11.09017,
      "z" : -6.854102
    }, {
      "x" : 17.944271,
      "y" : -4.236068,
      "z" : -4.236068
    }, {
      "x" : 15.326238,
      "y" : 0.0,
      "z" : -11.09017
    } ],
    "faces" : [ {
      "vertices" : [ 0, 1, 2 ]
    }, {
      "vertices" : [ 0, 2, 3 ]
    }, {
      "vertices" : [ 0, 3, 2 ]
    }, {
      "vertices" : [ 0, 2, 1 ]
    } ]
  }, {
    "id" : "dcf8b07f-44a2-4eca-8ac3-4aff87ada07e",
    "vertices" : [ {
      "x" : 11.09017,
      "y" : 6.854102,
      "z" : -13.708204
    }, {
      "x" : 4.236068,
      "y" : 9.472136,
      "z" : -17.944271
    }, {
      "x" : 6.854102,
      "y" : 13.708204,
      "z" : -11.09017
    }, {
      "x" : 13.708204,
      "y" : 11.09017,
      "z" : -6.854102
    } ],
    "faces" : [ {
      "vertices" : [ 0, 1, 2 ]
    }, {
      "vertices" : [ 0, 2, 3 ]
    }, {
      "vertices" : [ 0, 3, 2 ]
    }, {
      "vertices" : [ 0, 2, 1 ]
    } ]
  }, {
    "id" : "eba371f8-de1d-4bca-9a65-5e6e02b816e9",
    "vertices" : [ {
      "x" : 11.09017,
      "y" : 6.854102,
      "z" : 13.708204
    }, {
      "x" : 4.236068,
      "y" : 4.236068,
      "z" : 17.944271
    }, {
      "x" : 0.0,
      "y" : 11.09017,
      "z" : 15.326238
    }, {
      "x" : 6.854102,
      "y" : 13.708204,
      "z" : 11.09017
    } ],
    "faces" : [ {
      "vertices" : [ 0, 1, 2 ]
    }, {
      "vertices" : [ 0, 2, 3 ]
    }, {
      "vertices" : [ 0, 3, 2 ]
    }, {
      "vertices" : [ 0, 2, 1 ]
    } ]
  }, {
    "id" : "93700e25-519f-49a3-89b6-330e307c5593",
    "vertices" : [ {
      "x" : 0.0,
      "y" : 2.618034,
      "z" : -20.562305
    }, {
      "x" : -6.854102,
      "y" : 5.236068,
      "z" : -16.326239
    }, {
      "x" : -13.708204,
      "y" : 2.618034,
      "z" : -12.09017
    }, {
      "x" : -17.944271,
      "y" : -4.236068,
      "z" : -9.472136
    }, {
      "x" : -11.09017,
      "y" : -6.854102,
      "z" : -13.708204
    }, {
      "x" : -4.236068,
      "y" : -4.236068,
      "z" : -17.944271
    } ],
    "faces" : [ {
      "vertices" : [ 0, 1, 2 ]
    }, {
      "vertices" : [ 0, 2, 3 ]
    }, {
      "vertices" : [ 0, 3, 4 ]
    }, {
      "vertices" : [ 0, 4, 5 ]
    }, {
      "vertices" : [ 0, 5, 4 ]
    }, {
      "vertices" : [ 0, 4, 3 ]
    }, {
      "vertices" : [ 0, 3, 2 ]
    }, {
      "vertices" : [ 0, 2, 1 ]
    } ]
  }, {
    "id" : "f7f08c61-35dc-4ad3-9b7d-dd69c1f01dc3",
    "vertices" : [ {
      "x" : 2.618034,
      "y" : -20.562305,
      "z" : 0.0
    }, {
      "x" : -4.236068,
      "y" : -17.944271,
      "z" : 4.236068
    }, {
      "x" : -6.854102,
      "y" : -13.708204,
      "z" : 11.09017
    }, {
      "x" : -4.236068,
      "y" : -9.472136,
      "z" : 17.944271
    }, {
      "x" : 2.618034,
      "y" : -12.09017,
      "z" : 13.708204
    }, {
      "x" : 5.236068,
      "y" : -16.326239,
      "z" : 6.854102
    } ],
    "faces" : [ {
      "vertices" : [ 0, 1, 2 ]
    }, {
      "vertices" : [ 0, 2, 3 ]
    }, {
      "vertices" : [ 0, 3, 4 ]
    }, {
      "vertices" : [ 0, 4, 5 ]
    }, {
      "vertices" : [ 0, 5, 4 ]
    }, {
      "vertices" : [ 0, 4, 3 ]
    }, {
      "vertices" : [ 0, 3, 2 ]
    }, {
      "vertices" : [ 0, 2, 1 ]
    } ]
  }, {
    "id" : "08501bc2-7671-4762-9a82-913dbebf879b",
    "vertices" : [ {
      "x" : 11.09017,
      "y" : 6.854102,
      "z" : -13.708204
    }, {
      "x" : 15.326238,
      "y" : 0.0,
      "z" : -11.09017
    }, {
      "x" : 17.944271,
      "y" : 4.236068,
      "z" : -4.236068
    }, {
      "x" : 13.708204,
      "y" : 11.09017,
      "z" : -6.854102
    } ],
    "faces" : [ {
      "vertices" : [ 0, 1, 2 ]
    }, {
      "vertices" : [ 0, 2, 3 ]
    }, {
      "vertices" : [ 0, 3, 2 ]
    }, {
      "vertices" : [ 0, 2, 1 ]
    } ]
  }, {
    "id" : "9ba5ae1d-cbfe-4e0c-a1ad-2a03d23baa64",
    "vertices" : [ {
      "x" : -11.09017,
      "y" : -15.326238,
      "z" : 0.0
    }, {
      "x" : -4.236068,
      "y" : -17.944271,
      "z" : 4.236068
    }, {
      "x" : 2.618034,
      "y" : -20.562305,
      "z" : 0.0
    }, {
      "x" : -4.236068,
      "y" : -17.944271,
      "z" : -4.236068
    } ],
    "faces" : [ {
      "vertices" : [ 0, 1, 2 ]
    }, {
      "vertices" : [ 0, 2, 3 ]
    }, {
      "vertices" : [ 0, 3, 2 ]
    }, {
      "vertices" : [ 0, 2, 1 ]
    } ]
  }, {
    "id" : "ed58c28b-e756-49ee-99e9-770370dcde74",
    "vertices" : [ {
      "x" : -13.708204,
      "y" : -11.09017,
      "z" : 6.854102
    }, {
      "x" : -6.854102,
      "y" : -13.708204,
      "z" : 11.09017
    }, {
      "x" : -4.236068,
      "y" : -17.944271,
      "z" : 4.236068
    }, {
      "x" : -11.09017,
      "y" : -15.326238,
      "z" : 0.0
    } ],
    "faces" : [ {
      "vertices" : [ 0, 1, 2 ]
    }, {
      "vertices" : [ 0, 2, 3 ]
    }, {
      "vertices" : [ 0, 3, 2 ]
    }, {
      "vertices" : [ 0, 2, 1 ]
    } ]
  }, {
    "id" : "4513c854-a48d-4592-9cc2-0c20f7b849be",
    "vertices" : [ {
      "x" : 13.708204,
      "y" : 11.09017,
      "z" : 6.854102
    }, {
      "x" : 17.944271,
      "y" : 4.236068,
      "z" : 9.472136
    }, {
      "x" : 11.09017,
      "y" : 6.854102,
      "z" : 13.708204
    }, {
      "x" : 6.854102,
      "y" : 13.708204,
      "z" : 11.09017
    } ],
    "faces" : [ {
      "vertices" : [ 0, 1, 2 ]
    }, {
      "vertices" : [ 0, 2, 3 ]
    }, {
      "vertices" : [ 0, 3, 2 ]
    }, {
      "vertices" : [ 0, 2, 1 ]
    } ]
  }, {
    "id" : "94cb4d16-3570-4579-9ee7-ba3b6ccbb704",
    "vertices" : [ {
      "x" : 16.326239,
      "y" : -6.854102,
      "z" : 5.236068
    }, {
      "x" : 13.708204,
      "y" : -2.618034,
      "z" : 12.09017
    }, {
      "x" : 17.944271,
      "y" : 4.236068,
      "z" : 9.472136
    }, {
      "x" : 20.562305,
      "y" : 0.0,
      "z" : 2.618034
    } ],
    "faces" : [ {
      "vertices" : [ 0, 1, 2 ]
    }, {
      "vertices" : [ 0, 2, 3 ]
    }, {
      "vertices" : [ 0, 3, 2 ]
    }, {
      "vertices" : [ 0, 2, 1 ]
    } ]
  }, {
    "id" : "a9805622-98fe-45b1-a212-4be82e0a9001",
    "vertices" : [ {
      "x" : -17.944271,
      "y" : -4.236068,
      "z" : -9.472136
    }, {
      "x" : -13.708204,
      "y" : -11.09017,
      "z" : -6.854102
    }, {
      "x" : -6.854102,
      "y" : -13.708204,
      "z" : -11.09017
    }, {
      "x" : -11.09017,
      "y" : -6.854102,
      "z" : -13.708204
    } ],
    "faces" : [ {
      "vertices" : [ 0, 1, 2 ]
    }, {
      "vertices" : [ 0, 2, 3 ]
    }, {
      "vertices" : [ 0, 3, 2 ]
    }, {
      "vertices" : [ 0, 2, 1 ]
    } ]
  }, {
    "id" : "85c04517-91dd-47ee-8d4e-be0fcef04276",
    "vertices" : [ {
      "x" : 9.472136,
      "y" : -9.472136,
      "z" : 9.472136
    }, {
      "x" : 12.09017,
      "y" : -13.708204,
      "z" : 2.618034
    }, {
      "x" : 5.236068,
      "y" : -16.326239,
      "z" : 6.854102
    }, {
      "x" : 2.618034,
      "y" : -12.09017,
      "z" : 13.708204
    } ],
    "faces" : [ {
      "vertices" : [ 0, 1, 2 ]
    }, {
      "vertices" : [ 0, 2, 3 ]
    }, {
      "vertices" : [ 0, 3, 2 ]
    }, {
      "vertices" : [ 0, 2, 1 ]
    } ]
  }, {
    "id" : "a90c1080-a820-45cf-a2fa-17ec54513602",
    "vertices" : [ {
      "x" : 11.09017,
      "y" : -6.854102,
      "z" : -13.708204
    }, {
      "x" : 4.236068,
      "y" : -4.236068,
      "z" : -17.944271
    }, {
      "x" : 0.0,
      "y" : -11.09017,
      "z" : -15.326238
    }, {
      "x" : 6.854102,
      "y" : -13.708204,
      "z" : -11.09017
    } ],
    "faces" : [ {
      "vertices" : [ 0, 1, 2 ]
    }, {
      "vertices" : [ 0, 2, 3 ]
    }, {
      "vertices" : [ 0, 3, 2 ]
    }, {
      "vertices" : [ 0, 2, 1 ]
    } ]
  }, {
    "id" : "0b455bc1-8218-4e83-aea0-3829b78a6c6c",
    "vertices" : [ {
      "x" : 2.618034,
      "y" : -12.09017,
      "z" : 13.708204
    }, {
      "x" : -4.236068,
      "y" : -9.472136,
      "z" : 17.944271
    }, {
      "x" : 0.0,
      "y" : -2.618034,
      "z" : 20.562305
    }, {
      "x" : 6.854102,
      "y" : -5.236068,
      "z" : 16.326239
    } ],
    "faces" : [ {
      "vertices" : [ 0, 1, 2 ]
    }, {
      "vertices" : [ 0, 2, 3 ]
    }, {
      "vertices" : [ 0, 3, 2 ]
    }, {
      "vertices" : [ 0, 2, 1 ]
    } ]
  }, {
    "id" : "a3806b86-73ac-4968-a33a-4fbf6ec5151f",
    "vertices" : [ {
      "x" : 4.236068,
      "y" : 17.944271,
      "z" : -4.236068
    }, {
      "x" : 11.09017,
      "y" : 15.326238,
      "z" : 0.0
    }, {
      "x" : 4.236068,
      "y" : 17.944271,
      "z" : 4.236068
    }, {
      "x" : -2.618034,
      "y" : 20.562305,
      "z" : 0.0
    } ],
    "faces" : [ {
      "vertices" : [ 0, 1, 2 ]
    }, {
      "vertices" : [ 0, 2, 3 ]
    }, {
      "vertices" : [ 0, 3, 2 ]
    }, {
      "vertices" : [ 0, 2, 1 ]
    } ]
  }, {
    "id" : "feb23b0f-fa66-4a60-b0f3-d16d24d6dbb8",
    "vertices" : [ {
      "x" : -2.618034,
      "y" : 20.562305,
      "z" : 0.0
    }, {
      "x" : -9.472136,
      "y" : 17.944271,
      "z" : 4.236068
    }, {
      "x" : -12.09017,
      "y" : 13.708204,
      "z" : -2.618034
    }, {
      "x" : -5.236068,
      "y" : 16.326239,
      "z" : -6.854102
    } ],
    "faces" : [ {
      "vertices" : [ 0, 1, 2 ]
    }, {
      "vertices" : [ 0, 2, 3 ]
    }, {
      "vertices" : [ 0, 3, 2 ]
    }, {
      "vertices" : [ 0, 2, 1 ]
    } ]
  }, {
    "id" : "6bf70450-0450-48e2-bf0c-24cda1326738",
    "vertices" : [ {
      "x" : 15.326238,
      "y" : 0.0,
      "z" : -11.09017
    }, {
      "x" : 17.944271,
      "y" : -4.236068,
      "z" : -4.236068
    }, {
      "x" : 20.562305,
      "y" : 0.0,
      "z" : 2.618034
    }, {
      "x" : 17.944271,
      "y" : 4.236068,
      "z" : -4.236068
    } ],
    "faces" : [ {
      "vertices" : [ 0, 1, 2 ]
    }, {
      "vertices" : [ 0, 2, 3 ]
    }, {
      "vertices" : [ 0, 3, 2 ]
    }, {
      "vertices" : [ 0, 2, 1 ]
    } ]
  }, {
    "id" : "7a72e934-d63f-447c-bf3e-41e92240f458",
    "vertices" : [ {
      "x" : 5.236068,
      "y" : -16.326239,
      "z" : 6.854102
    }, {
      "x" : 2.618034,
      "y" : -20.562305,
      "z" : 0.0
    }, {
      "x" : 9.472136,
      "y" : -17.944271,
      "z" : -4.236068
    }, {
      "x" : 12.09017,
      "y" : -13.708204,
      "z" : 2.618034
    } ],
    "faces" : [ {
      "vertices" : [ 0, 1, 2 ]
    }, {
      "vertices" : [ 0, 2, 3 ]
    }, {
      "vertices" : [ 0, 3, 2 ]
    }, {
      "vertices" : [ 0, 2, 1 ]
    } ]
  }, {
    "id" : "3190da39-7f8e-4caa-a49b-f9b819c34c10",
    "vertices" : [ {
      "x" : -6.854102,
      "y" : 5.236068,
      "z" : -16.326239
    }, {
      "x" : 0.0,
      "y" : 2.618034,
      "z" : -20.562305
    }, {
      "x" : 4.236068,
      "y" : 9.472136,
      "z" : -17.944271
    }, {
      "x" : -2.618034,
      "y" : 12.09017,
      "z" : -13.708204
    } ],
    "faces" : [ {
      "vertices" : [ 0, 1, 2 ]
    }, {
      "vertices" : [ 0, 2, 3 ]
    }, {
      "vertices" : [ 0, 3, 2 ]
    }, {
      "vertices" : [ 0, 2, 1 ]
    } ]
  }, {
    "id" : "1352e9b0-f477-4c20-9c55-9b03882c1f2e",
    "vertices" : [ {
      "x" : -9.472136,
      "y" : 17.944271,
      "z" : 4.236068
    }, {
      "x" : -6.854102,
      "y" : 13.708204,
      "z" : 11.09017
    }, {
      "x" : -11.09017,
      "y" : 6.854102,
      "z" : 13.708204
    }, {
      "x" : -13.708204,
      "y" : 11.09017,
      "z" : 6.854102
    } ],
    "faces" : [ {
      "vertices" : [ 0, 1, 2 ]
    }, {
      "vertices" : [ 0, 2, 3 ]
    }, {
      "vertices" : [ 0, 3, 2 ]
    }, {
      "vertices" : [ 0, 2, 1 ]
    } ]
  }, {
    "id" : "16695d4c-418c-4cef-ba38-dbbbbd32e2c8",
    "vertices" : [ {
      "x" : 0.0,
      "y" : 11.09017,
      "z" : 15.326238
    }, {
      "x" : 4.236068,
      "y" : 4.236068,
      "z" : 17.944271
    }, {
      "x" : 0.0,
      "y" : -2.618034,
      "z" : 20.562305
    }, {
      "x" : -4.236068,
      "y" : 4.236068,
      "z" : 17.944271
    } ],
    "faces" : [ {
      "vertices" : [ 0, 1, 2 ]
    }, {
      "vertices" : [ 0, 2, 3 ]
    }, {
      "vertices" : [ 0, 3, 2 ]
    }, {
      "vertices" : [ 0, 2, 1 ]
    } ]
  }, {
    "id" : "facf645b-46e1-4a4a-ab56-ac6e48fbbbb3",
    "vertices" : [ {
      "x" : -13.708204,
      "y" : -11.09017,
      "z" : -6.854102
    }, {
      "x" : -11.09017,
      "y" : -15.326238,
      "z" : 0.0
    }, {
      "x" : -4.236068,
      "y" : -17.944271,
      "z" : -4.236068
    }, {
      "x" : -6.854102,
      "y" : -13.708204,
      "z" : -11.09017
    } ],
    "faces" : [ {
      "vertices" : [ 0, 1, 2 ]
    }, {
      "vertices" : [ 0, 2, 3 ]
    }, {
      "vertices" : [ 0, 3, 2 ]
    }, {
      "vertices" : [ 0, 2, 1 ]
    } ]
  }, {
    "id" : "b897aefe-9ada-49c1-94bc-47bdac522127",
    "vertices" : [ {
      "x" : 20.562305,
      "y" : 0.0,
      "z" : 2.618034
    }, {
      "x" : 17.944271,
      "y" : 4.236068,
      "z" : 9.472136
    }, {
      "x" : 13.708204,
      "y" : 11.09017,
      "z" : 6.854102
    }, {
      "x" : 11.09017,
      "y" : 15.326238,
      "z" : 0.0
    }, {
      "x" : 13.708204,
      "y" : 11.09017,
      "z" : -6.854102
    }, {
      "x" : 17.944271,
      "y" : 4.236068,
      "z" : -4.236068
    } ],
    "faces" : [ {
      "vertices" : [ 0, 1, 2 ]
    }, {
      "vertices" : [ 0, 2, 3 ]
    }, {
      "vertices" : [ 0, 3, 4 ]
    }, {
      "vertices" : [ 0, 4, 5 ]
    }, {
      "vertices" : [ 0, 5, 4 ]
    }, {
      "vertices" : [ 0, 4, 3 ]
    }, {
      "vertices" : [ 0, 3, 2 ]
    }, {
      "vertices" : [ 0, 2, 1 ]
    } ]
  }, {
    "id" : "09c54850-5d59-4084-ba64-de01e37f72eb",
    "vertices" : [ {
      "x" : 4.236068,
      "y" : 9.472136,
      "z" : -17.944271
    }, {
      "x" : 0.0,
      "y" : 2.618034,
      "z" : -20.562305
    }, {
      "x" : 4.236068,
      "y" : -4.236068,
      "z" : -17.944271
    }, {
      "x" : 11.09017,
      "y" : -6.854102,
      "z" : -13.708204
    }, {
      "x" : 15.326238,
      "y" : 0.0,
      "z" : -11.09017
    }, {
      "x" : 11.09017,
      "y" : 6.854102,
      "z" : -13.708204
    } ],
    "faces" : [ {
      "vertices" : [ 0, 1, 2 ]
    }, {
      "vertices" : [ 0, 2, 3 ]
    }, {
      "vertices" : [ 0, 3, 4 ]
    }, {
      "vertices" : [ 0, 4, 5 ]
    }, {
      "vertices" : [ 0, 5, 4 ]
    }, {
      "vertices" : [ 0, 4, 3 ]
    }, {
      "vertices" : [ 0, 3, 2 ]
    }, {
      "vertices" : [ 0, 2, 1 ]
    } ]
  }, {
    "id" : "c9009ffa-e168-4331-8b7d-85f785a37b80",
    "vertices" : [ {
      "x" : 0.0,
      "y" : 2.618034,
      "z" : -20.562305
    }, {
      "x" : -4.236068,
      "y" : -4.236068,
      "z" : -17.944271
    }, {
      "x" : 0.0,
      "y" : -11.09017,
      "z" : -15.326238
    }, {
      "x" : 4.236068,
      "y" : -4.236068,
      "z" : -17.944271
    } ],
    "faces" : [ {
      "vertices" : [ 0, 1, 2 ]
    }, {
      "vertices" : [ 0, 2, 3 ]
    }, {
      "vertices" : [ 0, 3, 2 ]
    }, {
      "vertices" : [ 0, 2, 1 ]
    } ]
  }, {
    "id" : "2a83050b-c714-4a97-a85f-d763efd51cfc",
    "vertices" : [ {
      "x" : -20.562305,
      "y" : 0.0,
      "z" : -2.618034
    }, {
      "x" : -17.944271,
      "y" : -4.236068,
      "z" : 4.236068
    }, {
      "x" : -15.326238,
      "y" : 0.0,
      "z" : 11.09017
    }, {
      "x" : -17.944271,
      "y" : 4.236068,
      "z" : 4.236068
    } ],
    "faces" : [ {
      "vertices" : [ 0, 1, 2 ]
    }, {
      "vertices" : [ 0, 2, 3 ]
    }, {
      "vertices" : [ 0, 3, 2 ]
    }, {
      "vertices" : [ 0, 2, 1 ]
    } ]
  }, {
    "id" : "65feb3f4-39f1-42ec-bec4-2c9b6f000896",
    "vertices" : [ {
      "x" : 9.472136,
      "y" : -9.472136,
      "z" : 9.472136
    }, {
      "x" : 2.618034,
      "y" : -12.09017,
      "z" : 13.708204
    }, {
      "x" : 6.854102,
      "y" : -5.236068,
      "z" : 16.326239
    }, {
      "x" : 13.708204,
      "y" : -2.618034,
      "z" : 12.09017
    } ],
    "faces" : [ {
      "vertices" : [ 0, 1, 2 ]
    }, {
      "vertices" : [ 0, 2, 3 ]
    }, {
      "vertices" : [ 0, 3, 2 ]
    }, {
      "vertices" : [ 0, 2, 1 ]
    } ]
  }, {
    "id" : "ea2db96a-5947-4604-9dd8-f67dd5656446",
    "vertices" : [ {
      "x" : -13.708204,
      "y" : 11.09017,
      "z" : 6.854102
    }, {
      "x" : -11.09017,
      "y" : 6.854102,
      "z" : 13.708204
    }, {
      "x" : -15.326238,
      "y" : 0.0,
      "z" : 11.09017
    }, {
      "x" : -17.944271,
      "y" : 4.236068,
      "z" : 4.236068
    } ],
    "faces" : [ {
      "vertices" : [ 0, 1, 2 ]
    }, {
      "vertices" : [ 0, 2, 3 ]
    }, {
      "vertices" : [ 0, 3, 2 ]
    }, {
      "vertices" : [ 0, 2, 1 ]
    } ]
  }, {
    "id" : "7f0dbf17-5d79-4633-a689-55992c53fb82",
    "vertices" : [ {
      "x" : -5.236068,
      "y" : 16.326239,
      "z" : -6.854102
    }, {
      "x" : -9.472136,
      "y" : 9.472136,
      "z" : -9.472136
    }, {
      "x" : -6.854102,
      "y" : 5.236068,
      "z" : -16.326239
    }, {
      "x" : -2.618034,
      "y" : 12.09017,
      "z" : -13.708204
    } ],
    "faces" : [ {
      "vertices" : [ 0, 1, 2 ]
    }, {
      "vertices" : [ 0, 2, 3 ]
