{
  "field" : "golden",
  "symmetry" : "icosahedral",
  "orientations" : [ [ 1.0, 0.0, 0.0, 0.0, 0.0, 1.0, 0.0, 0.0, 0.0, 0.0, 1.0, 0.0, 0.0, 0.0, 0.0, 1.0 ], [ 0.0, 0.0, 1.0, 0.0, 1.0, 0.0, 0.0, 0.0, 0.0, 1.0, 0.0, 0.0, 0.0, 0.0, 0.0, 1.0 ], [ 0.0, 1.0, 0.0, 0.0, 0.0, 0.0, 1.0, 0.0, 1.0, 0.0, 0.0, 0.0, 0.0, 0.0, 0.0, 1.0 ], [ 0.809017, 0.309017, 0.5, 0.0, 0.309017, 0.5, -0.809017, 0.0, -0.5, 0.809017, 0.309017, 0.0, 0.0, 0.0, 0.0, 1.0 ], [ -0.5, 0.809017, 0.309017, 0.0, 0.809017, 0.309017, 0.5, 0.0, 0.309017, 0.5, -0.809017, 0.0, 0.0, 0.0, 0.0, 1.0 ], [ 0.309017, 0.5, -0.809017, 0.0, -0.5, 0.809017, 0.309017, 0.0, 0.809017, 0.309017, 0.5, 0.0, 0.0, 0.0, 0.0, 1.0 ], [ 0.5, 0.809017, 0.309017, 0.0, 0.809017, -0.309017, -0.5, 0.0, -0.309017, 0.5, -0.809017, 0.0, 0.0, 0.0, 0.0, 1.0 ], [ -0.309017, 0.5, -0.809017, 0.0, 0.5, 0.809017, 0.309017, 0.0, 0.809017, -0.309017, -0.5, 0.0, 0.0, 0.0, 0.0, 1.0 ], [ 0.809017, -0.309017, -0.5, 0.0, -0.309017, 0.5, -0.809017, 0.0, 0.5, 0.809017, 0.309017, 0.0, 0.0, 0.0, 0.0, 1.0 ], [ 0.5, 0.809017, -0.309017, 0.0, 0.809017, -0.309017, 0.5, 0.0, 0.309017, -0.5, -0.809017, 0.0, 0.0, 0.0, 0.0, 1.0 ], [ 0.309017, -0.5, -0.809017, 0.0, 0.5, 0.809017, -0.309017, 0.0, 0.809017, -0.309017, 0.5, 0.0, 0.0, 0.0, 0.0, 1.0 ], [ 0.809017, -0.309017, 0.5, 0.0, 0.309017, -0.5, -0.809017, 0.0, 0.5, 0.809017, -0.309017, 0.0, 0.0, 0.0, 0.0, 1.0 ], [ 0.809017, 0.309017, -0.5, 0.0, 0.309017, 0.5, 0.809017, 0.0, 0.5, -0.809017, 0.309017, 0.0, 0.0, 0.0, 0.0, 1.0 ], [ 0.5, -0.809017, 0.309017, 0.0, 0.809017, 0.309017, -0.5, 0.0, 0.309017, 0.5, 0.809017, 0.0, 0.0, 0.0, 0.0, 1.0 ], [ 0.309017, 0.5, 0.809017, 0.0, 0.5, -0.809017, 0.309017, 0.0, 0.809017, 0.309017, -0.5, 0.0, 0.0, 0.0, 0.0, 1.0 ], [ 1.0, 0.0, 0.0, 0.0, 0.0, -1.0, 0.0, 0.0, 0.0, 0.0, -1.0, 0.0, 0.0, 0.0, 0.0, 1.0 ], [ 0.0, 0.0, 1.0, 0.0, -1.0, 0.0, 0.0, 0.0, 0.0, -1.0, 0.0, 0.0, 0.0, 0.0, 0.0, 1.0 ], [ 0.0, 1.0, 0.0, 0.0, 0.0, 0.0, -1.0, 0.0, -1.0, 0.0, 0.0, 0.0, 0.0, 0.0, 0.0, 1.0 ], [ 0.809017, 0.309017, 0.5, 0.0, -0.309017, -0.5, 0.809017, 0.0, 0.5, -0.809017, -0.309017, 0.0, 0.0, 0.0, 0.0, 1.0 ], [ -0.5, 0.809017, 0.309017, 0.0, -0.809017, -0.309017, -0.5, 0.0, -0.309017, -0.5, 0.809017, 0.0, 0.0, 0.0, 0.0, 1.0 ], [ 0.309017, 0.5, -0.809017, 0.0, 0.5, -0.809017, -0.309017, 0.0, -0.809017, -0.309017, -0.5, 0.0, 0.0, 0.0, 0.0, 1.0 ], [ 0.5, 0.809017, 0.309017, 0.0, -0.809017, 0.309017, 0.5, 0.0, 0.309017, -0.5, 0.809017, 0.0, 0.0, 0.0, 0.0, 1.0 ], [ -0.309017, 0.5, -0.809017, 0.0, -0.5, -0.809017, -0.309017, 0.0, -0.809017, 0.309017, 0.5, 0.0, 0.0, 0.0, 0.0, 1.0 ], [ 0.809017, -0.309017, -0.5, 0.0, 0.309017, -0.5, 0.809017, 0.0, -0.5, -0.809017, -0.309017, 0.0, 0.0, 0.0, 0.0, 1.0 ], [ 0.5, 0.809017, -0.309017, 0.0, -0.809017, 0.309017, -0.5, 0.0, -0.309017, 0.5, 0.809017, 0.0, 0.0, 0.0, 0.0, 1.0 ], [ 0.309017, -0.5, -0.809017, 0.0, -0.5, -0.809017, 0.309017, 0.0, -0.809017, 0.309017, -0.5, 0.0, 0.0, 0.0, 0.0, 1.0 ], [ 0.809017, -0.309017, 0.5, 0.0, -0.309017, 0.5, 0.809017, 0.0, -0.5, -0.809017, 0.309017, 0.0, 0.0, 0.0, 0.0, 1.0 ], [ 0.809017, 0.309017, -0.5, 0.0, -0.309017, -0.5, -0.809017, 0.0, -0.5, 0.809017, -0.309017, 0.0, 0.0, 0.0, 0.0, 1.0 ], [ 0.5, -0.809017, 0.309017, 0.0, -0.809017, -0.309017, 0.5, 0.0, -0.309017, -0.5, -0.809017, 0.0, 0.0, 0.0, 0.0, 1.0 ], [ 0.309017, 0.5, 0.809017, 0.0, -0.5, 0.809017, -0.309017, 0.0, -0.809017, -0.309017, 0.5, 0.0, 0.0, 0.0, 0.0, 1.0 ], [ -1.0, 0.0, 0.0, 0.0, 0.0, -1.0, 0.0, 0.0, 0.0, 0.0, 1.0, 0.0, 0.0, 0.0, 0.0, 1.0 ], [ 0.0, 0.0, -1.0, 0.0, -1.0, 0.0, 0.0, 0.0, 0.0, 1.0, 0.0, 0.0, 0.0, 0.0, 0.0, 1.0 ], [ 0.0, -1.0, 0.0, 0.0, 0.0, 0.0, -1.0, 0.0, 1.0, 0.0, 0.0, 0.0, 0.0, 0.0, 0.0, 1.0 ], [ -0.809017, -0.309017, -0.5, 0.0, -0.309017, -0.5, 0.809017, 0.0, -0.5, 0.809017, 0.309017, 0.0, 0.0, 0.0, 0.0, 1.0 ], [ 0.5, -0.809017, -0.309017, 0.0, -0.809017, -0.309017, -0.5, 0.0, 0.309017, 0.5, -0.809017, 0.0, 0.0, 0.0, 0.0, 1.0 ], [ -0.309017, -0.5, 0.809017, 0.0, 0.5, -0.809017, -0.309017, 0.0, 0.809017, 0.309017, 0.5, 0.0, 0.0, 0.0, 0.0, 1.0 ], [ -0.5, -0.809017, -0.309017, 0.0, -0.809017, 0.309017, 0.5, 0.0, -0.309017, 0.5, -0.809017, 0.0, 0.0, 0.0, 0.0, 1.0 ], [ 0.309017, -0.5, 0.809017, 0.0, -0.5, -0.809017, -0.309017, 0.0, 0.809017, -0.309017, -0.5, 0.0, 0.0, 0.0, 0.0, 1.0 ], [ -0.809017, 0.309017, 0.5, 0.0, 0.309017, -0.5, 0.809017, 0.0, 0.5, 0.809017, 0.309017, 0.0, 0.0, 0.0, 0.0, 1.0 ], [ -0.5, -0.809017, 0.309017, 0.0, -0.809017, 0.309017, -0.5, 0.0, 0.309017, -0.5, -0.809017, 0.0, 0.0, 0.0, 0.0, 1.0 ], [ -0.309017, 0.5, 0.809017, 0.0, -0.5, -0.809017, 0.309017, 0.0, 0.809017, -0.309017, 0.5, 0.0, 0.0, 0.0, 0.0, 1.0 ], [ -0.809017, 0.309017, -0.5, 0.0, -0.309017, 0.5, 0.809017, 0.0, 0.5, 0.809017, -0.309017, 0.0, 0.0, 0.0, 0.0, 1.0 ], [ -0.809017, -0.309017, 0.5, 0.0, -0.309017, -0.5, -0.809017, 0.0, 0.5, -0.809017, 0.309017, 0.0, 0.0, 0.0, 0.0, 1.0 ], [ -0.5, 0.809017, -0.309017, 0.0, -0.809017, -0.309017, 0.5, 0.0, 0.309017, 0.5, 0.809017, 0.0, 0.0, 0.0, 0.0, 1.0 ], [ -0.309017, -0.5, -0.809017, 0.0, -0.5, 0.809017, -0.309017, 0.0, 0.809017, 0.309017, -0.5, 0.0, 0.0, 0.0, 0.0, 1.0 ], [ -1.0, 0.0, 0.0, 0.0, 0.0, 1.0, 0.0, 0.0, 0.0, 0.0, -1.0, 0.0, 0.0, 0.0, 0.0, 1.0 ], [ 0.0, 0.0, -1.0, 0.0, 1.0, 0.0, 0.0, 0.0, 0.0, -1.0, 0.0, 0.0, 0.0, 0.0, 0.0, 1.0 ], [ 0.0, -1.0, 0.0, 0.0, 0.0, 0.0, 1.0, 0.0, -1.0, 0.0, 0.0, 0.0, 0.0, 0.0, 0.0, 1.0 ], [ -0.809017, -0.309017, -0.5, 0.0, 0.309017, 0.5, -0.809017, 0.0, 0.5, -0.809017, -0.309017, 0.0, 0.0, 0.0, 0.0, 1.0 ], [ 0.5, -0.809017, -0.309017, 0.0, 0.809017, 0.309017, 0.5, 0.0, -0.309017, -0.5, 0.809017, 0.0, 0.0, 0.0, 0.0, 1.0 ], [ -0.309017, -0.5, 0.809017, 0.0, -0.5, 0.809017, 0.309017, 0.0, -0.809017, -0.309017, -0.5, 0.0, 0.0, 0.0, 0.0, 1.0 ], [ -0.5, -0.809017, -0.309017, 0.0, 0.809017, -0.309017, -0.5, 0.0, 0.309017, -0.5, 0.809017, 0.0, 0.0, 0.0, 0.0, 1.0 ], [ 0.309017, -0.5, 0.809017, 0.0, 0.5, 0.809017, 0.309017, 0.0, -0.809017, 0.309017, 0.5, 0.0, 0.0, 0.0, 0.0, 1.0 ], [ -0.809017, 0.309017, 0.5, 0.0, -0.309017, 0.5, -0.809017, 0.0, -0.5, -0.809017, -0.309017, 0.0, 0.0, 0.0, 0.0, 1.0 ], [ -0.5, -0.809017, 0.309017, 0.0, 0.809017, -0.309017, 0.5, 0.0, -0.309017, 0.5, 0.809017, 0.0, 0.0, 0.0, 0.0, 1.0 ], [ -0.309017, 0.5, 0.809017, 0.0, 0.5, 0.809017, -0.309017, 0.0, -0.809017, 0.309017, -0.5, 0.0, 0.0, 0.0, 0.0, 1.0 ], [ -0.809017, 0.309017, -0.5, 0.0, 0.309017, -0.5, -0.809017, 0.0, -0.5, -0.809017, 0.309017, 0.0, 0.0, 0.0, 0.0, 1.0 ], [ -0.809017, -0.309017, 0.5, 0.0, 0.309017, 0.5, 0.809017, 0.0, -0.5, 0.809017, -0.309017, 0.0, 0.0, 0.0, 0.0, 1.0 ], [ -0.5, 0.809017, -0.309017, 0.0, 0.809017, 0.309017, -0.5, 0.0, -0.309017, -0.5, -0.809017, 0.0, 0.0, 0.0, 0.0, 1.0 ], [ -0.309017, -0.5, -0.809017, 0.0, 0.5, -0.809017, 0.309017, 0.0, -0.809017, -0.309017, 0.5, 0.0, 0.0, 0.0, 0.0, 1.0 ] ],
  "lights" : {
    "ambientColor" : "#292929",
    "backgroundColor" : "#E0EFFF",
    "directionalLights" : [ {
      "direction" : {
        "x" : 1.0,
        "y" : -1.0,
        "z" : -1.0
      },
      "color" : "#EBEBE4"
    }, {
      "direction" : {
        "x" : -1.0,
        "y" : 0.0,
        "z" : 0.0
      },
      "color" : "#E4E4EB"
    }, {
      "direction" : {
        "x" : 0.0,
        "y" : 0.0,
        "z" : -1.0
      },
      "color" : "#1E1E1E"
    } ]
  },
  "camera" : {
    "lookDirection" : {
      "x" : 0.0,
      "y" : 0.0,
      "z" : -1.0
    },
    "upDirection" : {
      "x" : 0.0,
      "y" : 1.0,
      "z" : 0.0
    },
    "lookAtPoint" : {
      "x" : 0.0,
      "y" : 0.0,
      "z" : 0.0
    },
    "perspective" : false,
    "viewDistance" : 158.99606,
    "nearClipDistance" : 0.39749035,
    "farClipDistance" : 317.9917,
    "fieldOfView" : 0.44262874,
    "stereo" : false,
    "width" : 71.5482,
    "position" : {
      "x" : 0.0,
      "y" : 0.0,
      "z" : 158.99606
    }
  },
  "embedding" : [ 1.0, 0.0, 0.0, 0.0, 0.0, 1.0, 0.0, 0.0, 0.0, 0.0, 1.0, 0.0, 0.0, 0.0, 0.0, 1.0 ],
  "shapes" : [ {
    "id" : "91e25e12-1179-4845-b768-b8db1019b373",
    "vertices" : [ {
      "x" : 6.972136,
      "y" : 1.5,
      "z" : -0.5
    }, {
      "x" : 1.190983,
      "y" : 0.0,
      "z" : 0.072949015
    }, {
      "x" : 1.190983,
      "y" : 0.0,
      "z" : -0.309017
    }, {
      "x" : 6.972136,
      "y" : 1.5,
      "z" : -0.881966
    }, {
      "x" : 7.708204,
      "y" : 2.0,
      "z" : -0.76393205
    }, {
      "x" : 1.190983,
      "y" : 0.618034,
      "z" : -0.309017
    }, {
      "x" : 6.972136,
      "y" : 2.118034,
      "z" : -0.881966
    }, {
      "x" : 6.972136,
      "y" : 2.118034,
      "z" : -0.5
    }, {
      "x" : 1.190983,
      "y" : 0.618034,
      "z" : 0.072949015
    }, {
      "x" : 0.45491502,
      "y" : 0.11803399,
      "z" : -0.045084972
    }, {
      "x" : 8.163119,
      "y" : 2.118034,
      "z" : -0.809017
    } ],
    "faces" : [ {
      "vertices" : [ 2, 5, 6 ]
    }, {
      "vertices" : [ 2, 6, 3 ]
    }, {
      "vertices" : [ 0, 7, 8 ]
    }, {
      "vertices" : [ 0, 8, 1 ]
    }, {
      "vertices" : [ 2, 9, 5 ]
    }, {
      "vertices" : [ 4, 6, 7 ]
    }, {
      "vertices" : [ 1, 8, 9 ]
    }, {
      "vertices" : [ 0, 1, 2 ]
    }, {
      "vertices" : [ 0, 2, 3 ]
    }, {
      "vertices" : [ 5, 9, 8 ]
    }, {
      "vertices" : [ 0, 3, 4 ]
    }, {
      "vertices" : [ 5, 8, 7 ]
    }, {
      "vertices" : [ 5, 7, 6 ]
    }, {
      "vertices" : [ 0, 4, 7 ]
    }, {
      "vertices" : [ 1, 9, 2 ]
    }, {
      "vertices" : [ 3, 6, 4 ]
    } ]
  }, {
    "id" : "5d48d35f-9619-4b62-b8fc-d6d3b63bd255",
    "vertices" : [ {
      "x" : 6.854102,
      "y" : 0.0,
      "z" : -9.472136
    }, {
      "x" : 9.472136,
      "y" : -6.854102,
      "z" : -13.708204
    }, {
      "x" : 13.708204,
      "y" : -4.236068,
      "z" : -6.854102
    } ],
    "faces" : [ {
      "vertices" : [ 0, 1, 2 ]
    }, {
      "vertices" : [ 0, 2, 1 ]
    } ]
  }, {
    "id" : "6b39b291-3e33-440c-974d-c8d22f784cb8",
    "vertices" : [ {
      "x" : 0.309017,
      "y" : -0.309017,
      "z" : -0.309017
    }, {
      "x" : 0.5,
      "y" : 0.0,
      "z" : -0.19098301
    }, {
      "x" : 0.5,
      "y" : 0.0,
      "z" : 0.19098301
    }, {
      "x" : 0.309017,
      "y" : -0.309017,
      "z" : 0.309017
    }, {
      "x" : 0.19098301,
      "y" : -0.5,
      "z" : 0.0
    }, {
      "x" : 0.0,
      "y" : 0.19098301,
      "z" : 0.5
    }, {
      "x" : 0.0,
      "y" : -0.19098301,
      "z" : 0.5
    }, {
      "x" : 0.309017,
      "y" : 0.309017,
      "z" : 0.309017
    }, {
      "x" : -0.309017,
      "y" : -0.309017,
      "z" : 0.309017
    }, {
      "x" : -0.309017,
      "y" : 0.309017,
      "z" : 0.309017
    }, {
      "x" : -0.5,
      "y" : 0.0,
      "z" : 0.19098301
    }, {
      "x" : 0.0,
      "y" : -0.19098301,
      "z" : -0.5
    }, {
      "x" : 0.0,
      "y" : 0.19098301,
      "z" : -0.5
    }, {
      "x" : 0.309017,
      "y" : 0.309017,
      "z" : -0.309017
    }, {
      "x" : -0.309017,
      "y" : -0.309017,
      "z" : -0.309017
    }, {
      "x" : -0.19098301,
      "y" : -0.5,
      "z" : 0.0
    }, {
      "x" : -0.5,
      "y" : 0.0,
      "z" : -0.19098301
    }, {
      "x" : 0.19098301,
      "y" : 0.5,
      "z" : 0.0
    }, {
      "x" : -0.309017,
      "y" : 0.309017,
      "z" : -0.309017
    }, {
      "x" : 0.0,
      "y" : 0.0,
      "z" : 0.0
    }, {
      "x" : -0.19098301,
      "y" : 0.5,
      "z" : 0.0
    } ],
    "faces" : [ {
      "vertices" : [ 12, 18, 20 ]
    }, {
      "vertices" : [ 12, 20, 17 ]
    }, {
      "vertices" : [ 12, 17, 13 ]
    }, {
      "vertices" : [ 3, 6, 8 ]
    }, {
      "vertices" : [ 3, 8, 15 ]
    }, {
      "vertices" : [ 3, 15, 4 ]
    }, {
      "vertices" : [ 0, 11, 12 ]
    }, {
      "vertices" : [ 0, 12, 13 ]
    }, {
      "vertices" : [ 0, 13, 1 ]
    }, {
      "vertices" : [ 5, 9, 10 ]
    }, {
      "vertices" : [ 5, 10, 8 ]
    }, {
      "vertices" : [ 5, 8, 6 ]
    }, {
      "vertices" : [ 2, 7, 5 ]
    }, {
      "vertices" : [ 2, 5, 6 ]
    }, {
      "vertices" : [ 2, 6, 3 ]
    }, {
      "vertices" : [ 11, 14, 16 ]
    }, {
      "vertices" : [ 11, 16, 18 ]
    }, {
      "vertices" : [ 11, 18, 12 ]
    }, {
      "vertices" : [ 1, 13, 17 ]
    }, {
      "vertices" : [ 1, 17, 7 ]
    }, {
      "vertices" : [ 1, 7, 2 ]
    }, {
      "vertices" : [ 9, 20, 18 ]
    }, {
      "vertices" : [ 9, 18, 16 ]
    }, {
      "vertices" : [ 9, 16, 10 ]
    }, {
      "vertices" : [ 0, 1, 2 ]
    }, {
      "vertices" : [ 0, 2, 3 ]
    }, {
      "vertices" : [ 0, 3, 4 ]
    }, {
      "vertices" : [ 5, 7, 17 ]
    }, {
      "vertices" : [ 5, 17, 20 ]
    }, {
      "vertices" : [ 5, 20, 9 ]
    }, {
      "vertices" : [ 0, 4, 15 ]
    }, {
      "vertices" : [ 0, 15, 14 ]
    }, {
      "vertices" : [ 0, 14, 11 ]
    }, {
      "vertices" : [ 8, 10, 16 ]
    }, {
      "vertices" : [ 8, 16, 14 ]
    }, {
      "vertices" : [ 8, 14, 15 ]
    } ]
  }, {
    "id" : "62ee4bd9-5680-4adf-b37a-e2747b0efedd",
    "vertices" : [ {
      "x" : 0.0,
      "y" : 9.472136,
      "z" : 6.854102
    }, {
      "x" : -6.854102,
      "y" : 13.708204,
      "z" : 9.472136
    }, {
      "x" : -4.236068,
      "y" : 6.854102,
      "z" : 13.708204
    } ],
    "faces" : [ {
      "vertices" : [ 0, 1, 2 ]
    }, {
      "vertices" : [ 0, 2, 1 ]
    } ]
  }, {
    "id" : "26c4380b-3777-4638-991a-5bceff9c0c83",
    "vertices" : [ {
      "x" : -4.236068,
      "y" : 20.562305,
      "z" : 0.0
    }, {
      "x" : 0.0,
      "y" : 17.944271,
      "z" : -6.854102
    }, {
      "x" : -6.854102,
      "y" : 13.708204,
      "z" : -4.236068
    } ],
    "faces" : [ {
      "vertices" : [ 0, 1, 2 ]
    }, {
      "vertices" : [ 0, 2, 1 ]
    } ]
  }, {
    "id" : "b2bb795e-7c48-42dd-a0b3-6941e9f4276b",
    "vertices" : [ {
      "x" : -6.854102,
      "y" : 0.0,
      "z" : -4.236068
    }, {
      "x" : -9.472136,
      "y" : -6.854102,
      "z" : 0.0
    }, {
      "x" : -13.708204,
      "y" : -4.236068,
      "z" : -6.854102
    } ],
    "faces" : [ {
      "vertices" : [ 0, 1, 2 ]
    }, {
      "vertices" : [ 0, 2, 1 ]
    } ]
  }, {
    "id" : "2ade3051-8ca0-46e6-9ef4-2233e70f05d4",
    "vertices" : [ {
      "x" : -4.236068,
      "y" : 6.854102,
      "z" : 0.0
    }, {
      "x" : 0.0,
      "y" : 9.472136,
      "z" : -6.854102
    }, {
      "x" : -6.854102,
      "y" : 13.708204,
      "z" : -4.236068
    } ],
    "faces" : [ {
      "vertices" : [ 0, 1, 2 ]
    }, {
      "vertices" : [ 0, 2, 1 ]
    } ]
  }, {
    "id" : "94fce288-52c1-472d-ac4d-b949c8d633bc",
    "vertices" : [ {
      "x" : 20.562305,
      "y" : 0.0,
      "z" : -4.236068
    }, {
      "x" : 17.944271,
      "y" : -6.854102,
      "z" : 0.0
    }, {
      "x" : 13.708204,
      "y" : -4.236068,
      "z" : -6.854102
    } ],
    "faces" : [ {
      "vertices" : [ 0, 1, 2 ]
    }, {
      "vertices" : [ 0, 2, 1 ]
    } ]
  }, {
    "id" : "27268e76-ebd0-4af5-9384-84a4da158f57",
    "vertices" : [ {
      "x" : 4.236068,
      "y" : -6.854102,
      "z" : 0.0
    }, {
      "x" : 0.0,
      "y" : -9.472136,
      "z" : -6.854102
    }, {
      "x" : 6.854102,
      "y" : -13.708204,
      "z" : -4.236068
    } ],
    "faces" : [ {
      "vertices" : [ 0, 1, 2 ]
    }, {
      "vertices" : [ 0, 2, 1 ]
    } ]
  }, {
    "id" : "686d1e78-65c4-4a09-a584-6fdab4d8e5fc",
    "vertices" : [ {
      "x" : 9.472136,
      "y" : -6.854102,
      "z" : 0.0
    }, {
      "x" : 13.708204,
      "y" : -9.472136,
      "z" : 6.854102
    }, {
      "x" : 6.854102,
      "y" : -13.708204,
      "z" : 4.236068
    } ],
    "faces" : [ {
      "vertices" : [ 0, 1, 2 ]
    }, {
      "vertices" : [ 0, 2, 1 ]
    } ]
  }, {
    "id" : "4f19b64c-0370-4b38-a027-ac7908b4c32e",
    "vertices" : [ {
      "x" : 6.854102,
      "y" : 0.0,
      "z" : -9.472136
    }, {
      "x" : 9.472136,
      "y" : 6.854102,
      "z" : -13.708204
    }, {
      "x" : 13.708204,
      "y" : 4.236068,
      "z" : -6.854102
    } ],
    "faces" : [ {
      "vertices" : [ 0, 1, 2 ]
    }, {
      "vertices" : [ 0, 2, 1 ]
    } ]
  }, {
    "id" : "bd2d30e8-06d2-4136-a2e2-79fa800518ab",
    "vertices" : [ {
      "x" : 6.854102,
      "y" : 0.0,
      "z" : -4.236068
    }, {
      "x" : 9.472136,
      "y" : 6.854102,
      "z" : 0.0
    }, {
      "x" : 13.708204,
      "y" : 4.236068,
      "z" : -6.854102
    } ],
    "faces" : [ {
      "vertices" : [ 0, 1, 2 ]
    }, {
      "vertices" : [ 0, 2, 1 ]
    } ]
  }, {
    "id" : "1085c0b1-62e9-4ea7-8db2-cc57a6de4cd7",
    "vertices" : [ {
      "x" : 4.236068,
      "y" : 6.854102,
      "z" : 0.0
    }, {
      "x" : 0.0,
      "y" : 9.472136,
      "z" : -6.854102
    }, {
      "x" : 6.854102,
      "y" : 13.708204,
      "z" : -4.236068
    } ],
    "faces" : [ {
      "vertices" : [ 0, 1, 2 ]
    }, {
      "vertices" : [ 0, 2, 1 ]
    } ]
  }, {
    "id" : "908a01a5-61c2-4831-8cbe-b55c5a651236",
    "vertices" : [ {
      "x" : -6.854102,
      "y" : 0.0,
      "z" : 9.472136
    }, {
      "x" : -9.472136,
      "y" : 6.854102,
      "z" : 13.708204
    }, {
      "x" : -13.708204,
      "y" : 4.236068,
      "z" : 6.854102
    } ],
    "faces" : [ {
      "vertices" : [ 0, 1, 2 ]
    }, {
      "vertices" : [ 0, 2, 1 ]
    } ]
  }, {
    "id" : "a0fa9832-dd63-453e-85bc-00116bf63d49",
    "vertices" : [ {
      "x" : -6.854102,
      "y" : 0.0,
      "z" : -4.236068
    }, {
      "x" : -4.236068,
      "y" : 6.854102,
      "z" : 0.0
    }, {
      "x" : 0.0,
      "y" : 4.236068,
      "z" : -6.854102
    } ],
    "faces" : [ {
      "vertices" : [ 0, 1, 2 ]
    }, {
      "vertices" : [ 0, 2, 1 ]
    } ]
  }, {
    "id" : "82232327-5c1f-4ebc-9411-b325e4fe634f",
    "vertices" : [ {
      "x" : 6.854102,
      "y" : 0.0,
      "z" : 9.472136
    }, {
      "x" : 9.472136,
      "y" : -6.854102,
      "z" : 13.708204
    }, {
      "x" : 13.708204,
      "y" : -4.236068,
      "z" : 6.854102
    } ],
    "faces" : [ {
      "vertices" : [ 0, 1, 2 ]
    }, {
      "vertices" : [ 0, 2, 1 ]
    } ]
  }, {
    "id" : "b44141f3-85cb-419c-8c8a-99a1a1873de3",
    "vertices" : [ {
      "x" : -6.854102,
      "y" : 13.708204,
      "z" : 9.472136
    }, {
      "x" : -13.708204,
      "y" : 9.472136,
      "z" : 6.854102
    }, {
      "x" : -9.472136,
      "y" : 6.854102,
      "z" : 13.708204
    } ],
    "faces" : [ {
      "vertices" : [ 0, 1, 2 ]
    }, {
      "vertices" : [ 0, 2, 1 ]
    } ]
  }, {
    "id" : "97d36021-0f26-463b-bd47-239318807699",
    "vertices" : [ {
      "x" : 6.854102,
      "y" : 0.0,
      "z" : 9.472136
    }, {
      "x" : 9.472136,
      "y" : 6.854102,
      "z" : 13.708204
    }, {
      "x" : 13.708204,
      "y" : 4.236068,
      "z" : 6.854102
    } ],
    "faces" : [ {
      "vertices" : [ 0, 1, 2 ]
    }, {
      "vertices" : [ 0, 2, 1 ]
    } ]
  }, {
    "id" : "70549162-192a-4ee7-b994-38c02767f5a1",
    "vertices" : [ {
      "x" : -6.854102,
      "y" : 0.0,
      "z" : -9.472136
    }, {
      "x" : -9.472136,
      "y" : 6.854102,
      "z" : -13.708204
    }, {
      "x" : -13.708204,
      "y" : 4.236068,
      "z" : -6.854102
    } ],
    "faces" : [ {
      "vertices" : [ 0, 1, 2 ]
    }, {
      "vertices" : [ 0, 2, 1 ]
    } ]
  }, {
    "id" : "bc96fdf9-430c-4158-9647-780d3169a540",
    "vertices" : [ {
      "x" : 0.0,
      "y" : 9.472136,
      "z" : -6.854102
    }, {
      "x" : -6.854102,
      "y" : 13.708204,
      "z" : -9.472136
    }, {
      "x" : -4.236068,
      "y" : 6.854102,
      "z" : -13.708204
    } ],
    "faces" : [ {
      "vertices" : [ 0, 1, 2 ]
    }, {
      "vertices" : [ 0, 2, 1 ]
    } ]
  }, {
    "id" : "aea0fed2-50d7-4ea9-b6aa-2b20072e54e7",
    "vertices" : [ {
      "x" : 6.854102,
      "y" : 0.0,
      "z" : -4.236068
    }, {
      "x" : 9.472136,
      "y" : -6.854102,
      "z" : 0.0
    }, {
      "x" : 13.708204,
      "y" : -4.236068,
      "z" : -6.854102
    } ],
    "faces" : [ {
      "vertices" : [ 0, 1, 2 ]
    }, {
      "vertices" : [ 0, 2, 1 ]
    } ]
  }, {
    "id" : "de61e831-e655-4c7c-8916-ae6140f7faf1",
    "vertices" : [ {
      "x" : 0.0,
      "y" : 4.236068,
      "z" : -6.854102
    }, {
      "x" : -6.854102,
      "y" : 0.0,
      "z" : -9.472136
    }, {
      "x" : -4.236068,
      "y" : 6.854102,
      "z" : -13.708204
    } ],
    "faces" : [ {
      "vertices" : [ 0, 1, 2 ]
    }, {
      "vertices" : [ 0, 2, 1 ]
    } ]
  }, {
    "id" : "967f59f1-fc7a-47f1-bb1d-68a633d9fa00",
    "vertices" : [ {
      "x" : 0.0,
      "y" : -4.236068,
      "z" : 20.562305
    }, {
      "x" : 6.854102,
      "y" : 0.0,
      "z" : 17.944271
    }, {
      "x" : 4.236068,
      "y" : -6.854102,
      "z" : 13.708204
    } ],
    "faces" : [ {
      "vertices" : [ 0, 1, 2 ]
    }, {
      "vertices" : [ 0, 2, 1 ]
    } ]
  }, {
    "id" : "f77627f8-01cf-4a5c-930f-c96140685235",
    "vertices" : [ {
      "x" : -4.236068,
      "y" : -20.562305,
      "z" : 0.0
    }, {
      "x" : 0.0,
      "y" : -17.944271,
      "z" : -6.854102
    }, {
      "x" : -6.854102,
      "y" : -13.708204,
      "z" : -4.236068
    } ],
    "faces" : [ {
      "vertices" : [ 0, 1, 2 ]
    }, {
      "vertices" : [ 0, 2, 1 ]
    } ]
  }, {
    "id" : "9d719b72-ce48-4fda-907f-7f08238cf02c",
    "vertices" : [ {
      "x" : 6.854102,
      "y" : 0.0,
      "z" : -4.236068
    }, {
      "x" : 4.236068,
      "y" : -6.854102,
      "z" : 0.0
    }, {
      "x" : 0.0,
      "y" : -4.236068,
      "z" : -6.854102
    } ],
    "faces" : [ {
      "vertices" : [ 0, 1, 2 ]
    }, {
      "vertices" : [ 0, 2, 1 ]
    } ]
  }, {
    "id" : "ece94440-6b08-4aa9-aa44-672a146c7fe8",
    "vertices" : [ {
      "x" : 4.236068,
      "y" : 20.562305,
      "z" : 0.0
    }, {
      "x" : 0.0,
      "y" : 17.944271,
      "z" : -6.854102
    }, {
      "x" : 6.854102,
      "y" : 13.708204,
      "z" : -4.236068
    } ],
    "faces" : [ {
      "vertices" : [ 0, 1, 2 ]
    }, {
      "vertices" : [ 0, 2, 1 ]
    } ]
  }, {
    "id" : "60a26ed3-dbc3-4881-9967-2932a91b1df9",
    "vertices" : [ {
      "x" : -6.854102,
      "y" : 0.0,
      "z" : 4.236068
    }, {
      "x" : -4.236068,
      "y" : -6.854102,
      "z" : 0.0
    }, {
      "x" : 0.0,
      "y" : -4.236068,
      "z" : 6.854102
    } ],
    "faces" : [ {
      "vertices" : [ 0, 1, 2 ]
    }, {
      "vertices" : [ 0, 2, 1 ]
    } ]
  }, {
    "id" : "5b636efa-d73f-475f-a32a-2cdbbe1eaeb5",
    "vertices" : [ {
      "x" : 0.0,
      "y" : -9.472136,
      "z" : 6.854102
    }, {
      "x" : -6.854102,
      "y" : -13.708204,
      "z" : 9.472136
    }, {
      "x" : -4.236068,
      "y" : -6.854102,
      "z" : 13.708204
    } ],
    "faces" : [ {
      "vertices" : [ 0, 1, 2 ]
    }, {
      "vertices" : [ 0, 2, 1 ]
    } ]
  }, {
    "id" : "2bab3644-7cac-40a5-9f81-9e96bbe377c4",
    "vertices" : [ {
      "x" : 0.0,
      "y" : -4.236068,
      "z" : -6.854102
    }, {
      "x" : -6.854102,
      "y" : 0.0,
      "z" : -9.472136
    }, {
      "x" : -4.236068,
      "y" : -6.854102,
      "z" : -13.708204
    } ],
    "faces" : [ {
      "vertices" : [ 0, 1, 2 ]
    }, {
      "vertices" : [ 0, 2, 1 ]
    } ]
  }, {
    "id" : "8bde8b68-0b1b-4a19-8ae0-4ae6f4dd7ccd",
    "vertices" : [ {
      "x" : 4.236068,
      "y" : -20.562305,
      "z" : 0.0
    }, {
      "x" : 0.0,
      "y" : -17.944271,
      "z" : 6.854102
    }, {
      "x" : 6.854102,
      "y" : -13.708204,
      "z" : 4.236068
    } ],
    "faces" : [ {
      "vertices" : [ 0, 1, 2 ]
    }, {
      "vertices" : [ 0, 2, 1 ]
    } ]
  }, {
    "id" : "9a6fcf0b-35d7-4205-bbe4-b997c9f281d0",
    "vertices" : [ {
      "x" : -4.236068,
      "y" : 6.854102,
      "z" : 0.0
    }, {
      "x" : 0.0,
      "y" : 9.472136,
      "z" : 6.854102
    }, {
      "x" : -6.854102,
      "y" : 13.708204,
      "z" : 4.236068
    } ],
    "faces" : [ {
      "vertices" : [ 0, 1, 2 ]
    }, {
      "vertices" : [ 0, 2, 1 ]
    } ]
  }, {
    "id" : "d90f0dfb-8306-4fbe-a2ef-409fa4ea75d9",
    "vertices" : [ {
      "x" : 0.0,
      "y" : 4.236068,
      "z" : 20.562305
    }, {
      "x" : 6.854102,
      "y" : 0.0,
      "z" : 17.944271
    }, {
      "x" : 4.236068,
      "y" : 6.854102,
      "z" : 13.708204
    } ],
    "faces" : [ {
      "vertices" : [ 0, 1, 2 ]
    }, {
      "vertices" : [ 0, 2, 1 ]
    } ]
  }, {
    "id" : "d3549c0a-33da-416d-a413-70d069def8b2",
    "vertices" : [ {
      "x" : 0.0,
      "y" : -4.236068,
      "z" : 6.854102
    }, {
      "x" : -6.854102,
      "y" : 0.0,
      "z" : 9.472136
    }, {
      "x" : -4.236068,
      "y" : -6.854102,
      "z" : 13.708204
    } ],
    "faces" : [ {
      "vertices" : [ 0, 1, 2 ]
    }, {
      "vertices" : [ 0, 2, 1 ]
    } ]
  }, {
    "id" : "772db350-7e6f-4e5d-aca0-4fd8b208e9af",
    "vertices" : [ {
      "x" : 0.0,
      "y" : -4.236068,
      "z" : 20.562305
    }, {
      "x" : -6.854102,
      "y" : 0.0,
      "z" : 17.944271
    }, {
      "x" : -4.236068,
      "y" : -6.854102,
      "z" : 13.708204
    } ],
    "faces" : [ {
      "vertices" : [ 0, 1, 2 ]
    }, {
      "vertices" : [ 0, 2, 1 ]
    } ]
  }, {
    "id" : "5090b731-5f82-4e55-867b-f95661f5e89c",
    "vertices" : [ {
      "x" : -6.854102,
      "y" : 0.0,
      "z" : 4.236068
    }, {
      "x" : -4.236068,
      "y" : 6.854102,
      "z" : 0.0
    }, {
      "x" : 0.0,
      "y" : 4.236068,
      "z" : 6.854102
    } ],
    "faces" : [ {
      "vertices" : [ 0, 1, 2 ]
    }, {
      "vertices" : [ 0, 2, 1 ]
    } ]
  }, {
    "id" : "bb889163-7e1f-40ca-b77d-c5fe87c4818c",
    "vertices" : [ {
      "x" : -4.236068,
      "y" : -6.854102,
      "z" : 0.0
    }, {
      "x" : 0.0,
      "y" : -9.472136,
      "z" : -6.854102
    }, {
      "x" : -6.854102,
      "y" : -13.708204,
      "z" : -4.236068
    } ],
    "faces" : [ {
      "vertices" : [ 0, 1, 2 ]
    }, {
      "vertices" : [ 0, 2, 1 ]
    } ]
  }, {
    "id" : "23af9d4f-81ef-486f-ad04-f376cf3c857d",
    "vertices" : [ {
      "x" : 0.0,
      "y" : 4.236068,
      "z" : -20.562305
    }, {
      "x" : 6.854102,
      "y" : 0.0,
      "z" : -17.944271
    }, {
      "x" : 4.236068,
      "y" : 6.854102,
      "z" : -13.708204
    } ],
    "faces" : [ {
      "vertices" : [ 0, 1, 2 ]
    }, {
      "vertices" : [ 0, 2, 1 ]
    } ]
  }, {
    "id" : "5f77b131-d813-48e4-83ae-c6b3ef7a1500",
    "vertices" : [ {
      "x" : 4.236068,
      "y" : 6.854102,
      "z" : 0.0
    }, {
      "x" : 0.0,
      "y" : 9.472136,
      "z" : 6.854102
    }, {
      "x" : 6.854102,
      "y" : 13.708204,
      "z" : 4.236068
    } ],
    "faces" : [ {
      "vertices" : [ 0, 1, 2 ]
    }, {
      "vertices" : [ 0, 2, 1 ]
    } ]
  }, {
    "id" : "a991b263-642b-4206-8a4c-d5695275afbd",
    "vertices" : [ {
      "x" : -6.854102,
      "y" : 0.0,
      "z" : 4.236068
    }, {
      "x" : -9.472136,
      "y" : 6.854102,
      "z" : 0.0
    }, {
      "x" : -13.708204,
      "y" : 4.236068,
      "z" : 6.854102
    } ],
    "faces" : [ {
      "vertices" : [ 0, 1, 2 ]
    }, {
      "vertices" : [ 0, 2, 1 ]
    } ]
  }, {
    "id" : "eb0860b7-5cf3-46d0-9d06-70794f26c11b",
    "vertices" : [ {
      "x" : 9.472136,
      "y" : 6.854102,
      "z" : 0.0
    }, {
      "x" : 13.708204,
      "y" : 9.472136,
      "z" : -6.854102
    }, {
      "x" : 6.854102,
      "y" : 13.708204,
      "z" : -4.236068
    } ],
    "faces" : [ {
      "vertices" : [ 0, 1, 2 ]
    }, {
      "vertices" : [ 0, 2, 1 ]
    } ]
  }, {
    "id" : "c9e0ec48-373e-42bd-9618-66be0d04c26c",
    "vertices" : [ {
      "x" : 0.0,
      "y" : -4.236068,
      "z" : 6.854102
    }, {
      "x" : 6.854102,
      "y" : 0.0,
      "z" : 9.472136
    }, {
      "x" : 4.236068,
      "y" : -6.854102,
      "z" : 13.708204
    } ],
    "faces" : [ {
      "vertices" : [ 0, 1, 2 ]
    }, {
      "vertices" : [ 0, 2, 1 ]
    } ]
  }, {
    "id" : "8e8b8276-8b78-442e-8b24-d93cd969fad3",
    "vertices" : [ {
      "x" : 4.236068,
      "y" : -20.562305,
      "z" : 0.0
    }, {
      "x" : 0.0,
      "y" : -17.944271,
      "z" : -6.854102
    }, {
      "x" : 6.854102,
      "y" : -13.708204,
      "z" : -4.236068
    } ],
    "faces" : [ {
      "vertices" : [ 0, 1, 2 ]
    }, {
      "vertices" : [ 0, 2, 1 ]
    } ]
  }, {
    "id" : "0e57bfdb-149a-4945-bd0e-b30c2ab4cf23",
    "vertices" : [ {
      "x" : 6.854102,
      "y" : 0.0,
      "z" : -4.236068
    }, {
      "x" : 4.236068,
      "y" : 6.854102,
      "z" : 0.0
    }, {
      "x" : 0.0,
      "y" : 4.236068,
      "z" : -6.854102
    } ],
    "faces" : [ {
      "vertices" : [ 0, 1, 2 ]
    }, {
      "vertices" : [ 0, 2, 1 ]
    } ]
  }, {
    "id" : "c75798e6-454e-44e5-b3b2-b844cc72b7e1",
    "vertices" : [ {
      "x" : 0.0,
      "y" : -9.472136,
      "z" : -6.854102
    }, {
      "x" : -6.854102,
      "y" : -13.708204,
      "z" : -9.472136
    }, {
      "x" : -4.236068,
      "y" : -6.854102,
      "z" : -13.708204
    } ],
    "faces" : [ {
      "vertices" : [ 0, 1, 2 ]
    }, {
      "vertices" : [ 0, 2, 1 ]
    } ]
  }, {
    "id" : "395c769f-6a03-4ebf-bb62-2dc3bf1c49a5",
    "vertices" : [ {
      "x" : 13.708204,
      "y" : 9.472136,
      "z" : -6.854102
    }, {
      "x" : 9.472136,
      "y" : 6.854102,
      "z" : -13.708204
    }, {
      "x" : 6.854102,
      "y" : 13.708204,
      "z" : -9.472136
    } ],
    "faces" : [ {
      "vertices" : [ 0, 1, 2 ]
    }, {
      "vertices" : [ 0, 2, 1 ]
    } ]
  }, {
    "id" : "08cf6dca-c0ea-448d-b9de-8dc46e0cf2e8",
    "vertices" : [ {
      "x" : 6.854102,
      "y" : 13.708204,
      "z" : 9.472136
    }, {
      "x" : 13.708204,
      "y" : 9.472136,
      "z" : 6.854102
    }, {
      "x" : 9.472136,
      "y" : 6.854102,
      "z" : 13.708204
    } ],
    "faces" : [ {
      "vertices" : [ 0, 1, 2 ]
    }, {
      "vertices" : [ 0, 2, 1 ]
    } ]
  }, {
    "id" : "320f0936-e307-4aa6-a892-4e0999f39fb9",
    "vertices" : [ {
      "x" : 20.562305,
      "y" : 0.0,
      "z" : 4.236068
    }, {
      "x" : 17.944271,
      "y" : -6.854102,
      "z" : 0.0
    }, {
      "x" : 13.708204,
      "y" : -4.236068,
      "z" : 6.854102
    } ],
    "faces" : [ {
      "vertices" : [ 0, 1, 2 ]
    }, {
      "vertices" : [ 0, 2, 1 ]
    } ]
  }, {
    "id" : "1571ad69-9f81-4381-a94a-bfe3fc487b09",
    "vertices" : [ {
      "x" : 6.854102,
      "y" : -13.708204,
      "z" : -9.472136
    }, {
      "x" : 13.708204,
      "y" : -9.472136,
      "z" : -6.854102
    }, {
      "x" : 9.472136,
      "y" : -6.854102,
      "z" : -13.708204
    } ],
    "faces" : [ {
      "vertices" : [ 0, 1, 2 ]
    }, {
      "vertices" : [ 0, 2, 1 ]
    } ]
  }, {
    "id" : "ef5324af-bf7f-4171-bcea-f20cd2dd360a",
    "vertices" : [ {
      "x" : 0.0,
      "y" : 4.236068,
      "z" : 20.562305
    }, {
      "x" : -6.854102,
      "y" : 0.0,
      "z" : 17.944271
    }, {
      "x" : -4.236068,
      "y" : 6.854102,
      "z" : 13.708204
    } ],
    "faces" : [ {
      "vertices" : [ 0, 1, 2 ]
    }, {
      "vertices" : [ 0, 2, 1 ]
    } ]
  }, {
    "id" : "a973af33-5700-49c5-a282-0e7ae6373d1c",
    "vertices" : [ {
      "x" : 0.0,
      "y" : 4.236068,
      "z" : 6.854102
    }, {
      "x" : -6.854102,
      "y" : 0.0,
      "z" : 9.472136
    }, {
      "x" : -4.236068,
      "y" : 6.854102,
      "z" : 13.708204
    } ],
    "faces" : [ {
      "vertices" : [ 0, 1, 2 ]
    }, {
      "vertices" : [ 0, 2, 1 ]
    } ]
  }, {
    "id" : "4ea1b11b-c058-41fa-bdef-2178ca9fe70e",
    "vertices" : [ {
      "x" : -6.854102,
      "y" : 0.0,
      "z" : 9.472136
    }, {
      "x" : -9.472136,
      "y" : -6.854102,
      "z" : 13.708204
    }, {
      "x" : -13.708204,
      "y" : -4.236068,
      "z" : 6.854102
    } ],
    "faces" : [ {
      "vertices" : [ 0, 1, 2 ]
    }, {
      "vertices" : [ 0, 2, 1 ]
    } ]
  }, {
    "id" : "593f2c1b-ffb6-41ef-ae4d-65ad8981bbe2",
    "vertices" : [ {
      "x" : -9.472136,
      "y" : 6.854102,
      "z" : 0.0
    }, {
      "x" : -13.708204,
      "y" : 9.472136,
      "z" : 6.854102
    }, {
      "x" : -6.854102,
      "y" : 13.708204,
      "z" : 4.236068
    } ],
    "faces" : [ {
      "vertices" : [ 0, 1, 2 ]
    }, {
      "vertices" : [ 0, 2, 1 ]
    } ]
  }, {
    "id" : "e46c69f6-a4f8-4e38-8444-62a3facd6d29",
    "vertices" : [ {
      "x" : -6.854102,
      "y" : 0.0,
      "z" : -9.472136
    }, {
      "x" : -9.472136,
      "y" : -6.854102,
      "z" : -13.708204
    }, {
      "x" : -13.708204,
      "y" : -4.236068,
      "z" : -6.854102
    } ],
    "faces" : [ {
      "vertices" : [ 0, 1, 2 ]
    }, {
      "vertices" : [ 0, 2, 1 ]
    } ]
  }, {
    "id" : "0a550567-b7ac-43d0-ab83-f247698cfa6c",
    "vertices" : [ {
      "x" : -6.854102,
      "y" : 0.0,
      "z" : 4.236068
    }, {
      "x" : -9.472136,
      "y" : -6.854102,
      "z" : 0.0
    }, {
      "x" : -13.708204,
      "y" : -4.236068,
      "z" : 6.854102
    } ],
    "faces" : [ {
      "vertices" : [ 0, 1, 2 ]
    }, {
      "vertices" : [ 0, 2, 1 ]
    } ]
  }, {
    "id" : "cb24929e-cb80-4651-add0-bbee53b21f15",
    "vertices" : [ {
      "x" : -4.236068,
      "y" : 20.562305,
      "z" : 0.0
    }, {
      "x" : 0.0,
      "y" : 17.944271,
      "z" : 6.854102
    }, {
      "x" : -6.854102,
      "y" : 13.708204,
      "z" : 4.236068
    } ],
    "faces" : [ {
      "vertices" : [ 0, 1, 2 ]
    }, {
      "vertices" : [ 0, 2, 1 ]
    } ]
  }, {
    "id" : "650d374a-b4a4-44e7-af24-5b36525ca1ea",
    "vertices" : [ {
      "x" : -6.854102,
      "y" : -13.708204,
      "z" : -9.472136
    }, {
      "x" : -13.708204,
      "y" : -9.472136,
      "z" : -6.854102
    }, {
      "x" : -9.472136,
      "y" : -6.854102,
      "z" : -13.708204
    } ],
    "faces" : [ {
      "vertices" : [ 0, 1, 2 ]
    }, {
      "vertices" : [ 0, 2, 1 ]
    } ]
  }, {
    "id" : "2274bdb1-bb97-4d09-8871-a2d486dc4b69",
    "vertices" : [ {
      "x" : 20.562305,
      "y" : 0.0,
      "z" : -4.236068
    }, {
      "x" : 17.944271,
      "y" : 6.854102,
      "z" : 0.0
    }, {
      "x" : 13.708204,
      "y" : 4.236068,
      "z" : -6.854102
    } ],
    "faces" : [ {
      "vertices" : [ 0, 1, 2 ]
    }, {
      "vertices" : [ 0, 2, 1 ]
    } ]
  }, {
    "id" : "3516b3c6-5b14-4742-99db-8a6756d0c3dd",
    "vertices" : [ {
      "x" : -4.236068,
      "y" : -20.562305,
      "z" : 0.0
    }, {
      "x" : 0.0,
      "y" : -17.944271,
      "z" : 6.854102
    }, {
      "x" : -6.854102,
      "y" : -13.708204,
      "z" : 4.236068
    } ],
    "faces" : [ {
      "vertices" : [ 0, 1, 2 ]
    }, {
      "vertices" : [ 0, 2, 1 ]
    } ]
  }, {
    "id" : "444965d9-67f6-479b-b623-cd7b22983912",
    "vertices" : [ {
      "x" : 0.0,
      "y" : 4.236068,
      "z" : -20.562305
    }, {
      "x" : -6.854102,
      "y" : 0.0,
      "z" : -17.944271
    }, {
      "x" : -4.236068,
      "y" : 6.854102,
      "z" : -13.708204
    } ],
    "faces" : [ {
      "vertices" : [ 0, 1, 2 ]
    }, {
      "vertices" : [ 0, 2, 1 ]
    } ]
  }, {
    "id" : "a553d166-1211-4f3b-afe0-6e1f8a90d111",
    "vertices" : [ {
      "x" : 6.854102,
      "y" : 0.0,
      "z" : 4.236068
    }, {
      "x" : 9.472136,
      "y" : 6.854102,
      "z" : 0.0
    }, {
      "x" : 13.708204,
      "y" : 4.236068,
      "z" : 6.854102
    } ],
    "faces" : [ {
      "vertices" : [ 0, 1, 2 ]
    }, {
      "vertices" : [ 0, 2, 1 ]
    } ]
  }, {
    "id" : "42a6faec-abd7-4da2-94e0-daae09c25a1b",
    "vertices" : [ {
      "x" : 0.0,
      "y" : 9.472136,
      "z" : 6.854102
    }, {
      "x" : 6.854102,
      "y" : 13.708204,
      "z" : 9.472136
    }, {
      "x" : 4.236068,
      "y" : 6.854102,
      "z" : 13.708204
    } ],
    "faces" : [ {
      "vertices" : [ 0, 1, 2 ]
    }, {
      "vertices" : [ 0, 2, 1 ]
    } ]
  }, {
    "id" : "f509e3b3-c39d-48ee-86b4-60617e6c2035",
    "vertices" : [ {
      "x" : 0.0,
      "y" : 4.236068,
      "z" : -6.854102
    }, {
      "x" : 6.854102,
      "y" : 0.0,
      "z" : -9.472136
    }, {
      "x" : 4.236068,
      "y" : 6.854102,
      "z" : -13.708204
    } ],
    "faces" : [ {
      "vertices" : [ 0, 1, 2 ]
    }, {
      "vertices" : [ 0, 2, 1 ]
    } ]
  }, {
    "id" : "ad23b2f5-3cca-4f20-bea6-87817fc2a2ee",
    "vertices" : [ {
      "x" : 0.0,
      "y" : 4.236068,
      "z" : 6.854102
    }, {
      "x" : 6.854102,
      "y" : 0.0,
      "z" : 9.472136
    }, {
      "x" : 4.236068,
      "y" : 6.854102,
      "z" : 13.708204
    } ],
    "faces" : [ {
      "vertices" : [ 0, 1, 2 ]
    }, {
      "vertices" : [ 0, 2, 1 ]
    } ]
  }, {
    "id" : "f6bb922f-33ac-4301-8187-b71daedd8314",
    "vertices" : [ {
      "x" : -6.854102,
      "y" : 0.0,
      "z" : -4.236068
    }, {
      "x" : -4.236068,
      "y" : -6.854102,
      "z" : 0.0
    }, {
      "x" : 0.0,
      "y" : -4.236068,
      "z" : -6.854102
    } ],
    "faces" : [ {
      "vertices" : [ 0, 1, 2 ]
    }, {
      "vertices" : [ 0, 2, 1 ]
    } ]
  }, {
    "id" : "c5eb13a9-370d-49c3-ad2c-003d32cfe016",
    "vertices" : [ {
      "x" : 4.236068,
      "y" : 20.562305,
      "z" : 0.0
    }, {
      "x" : 0.0,
      "y" : 17.944271,
      "z" : 6.854102
    }, {
      "x" : 6.854102,
      "y" : 13.708204,
      "z" : 4.236068
    } ],
    "faces" : [ {
      "vertices" : [ 0, 1, 2 ]
    }, {
      "vertices" : [ 0, 2, 1 ]
    } ]
  }, {
    "id" : "1a239171-1914-409b-b0a5-35afaca43e19",
    "vertices" : [ {
      "x" : 4.236068,
      "y" : -6.854102,
      "z" : 0.0
    }, {
      "x" : 0.0,
      "y" : -9.472136,
      "z" : 6.854102
    }, {
      "x" : 6.854102,
      "y" : -13.708204,
      "z" : 4.236068
    } ],
    "faces" : [ {
      "vertices" : [ 0, 1, 2 ]
    }, {
      "vertices" : [ 0, 2, 1 ]
    } ]
  }, {
    "id" : "0ec0826c-802f-4d3a-9fc1-44a564771bdd",
    "vertices" : [ {
      "x" : 9.472136,
      "y" : 6.854102,
      "z" : 0.0
    }, {
      "x" : 13.708204,
      "y" : 9.472136,
      "z" : 6.854102
    }, {
      "x" : 6.854102,
      "y" : 13.708204,
      "z" : 4.236068
    } ],
    "faces" : [ {
      "vertices" : [ 0, 1, 2 ]
    }, {
      "vertices" : [ 0, 2, 1 ]
    } ]
  }, {
    "id" : "36121e3b-3c32-4bde-b167-88fa34e25f03",
    "vertices" : [ {
      "x" : 0.0,
      "y" : 9.472136,
      "z" : -6.854102
    }, {
      "x" : 6.854102,
      "y" : 13.708204,
      "z" : -9.472136
    }, {
      "x" : 4.236068,
      "y" : 6.854102,
      "z" : -13.708204
    } ],
    "faces" : [ {
      "vertices" : [ 0, 1, 2 ]
    }, {
      "vertices" : [ 0, 2, 1 ]
    } ]
  }, {
    "id" : "37ba4f06-38a0-4058-843a-d5e530c2ebc9",
    "vertices" : [ {
      "x" : 6.854102,
      "y" : 0.0,
      "z" : 4.236068
    }, {
      "x" : 4.236068,
      "y" : 6.854102,
      "z" : 0.0
    }, {
      "x" : 0.0,
      "y" : 4.236068,
      "z" : 6.854102
    } ],
    "faces" : [ {
      "vertices" : [ 0, 1, 2 ]
    }, {
      "vertices" : [ 0, 2, 1 ]
    } ]
  }, {
    "id" : "a65c2664-91cc-4d33-80f1-ad1f003d460f",
    "vertices" : [ {
      "x" : 9.472136,
      "y" : -6.854102,
      "z" : 0.0
    }, {
      "x" : 13.708204,
      "y" : -9.472136,
      "z" : -6.854102
    }, {
      "x" : 6.854102,
      "y" : -13.708204,
      "z" : -4.236068
    } ],
    "faces" : [ {
      "vertices" : [ 0, 1, 2 ]
    }, {
      "vertices" : [ 0, 2, 1 ]
    } ]
  }, {
    "id" : "c27b0187-d713-4932-bd3b-92a9a969707f",
    "vertices" : [ {
      "x" : 13.708204,
      "y" : -9.472136,
      "z" : 6.854102
    }, {
      "x" : 9.472136,
      "y" : -6.854102,
      "z" : 13.708204
    }, {
      "x" : 6.854102,
      "y" : -13.708204,
      "z" : 9.472136
    } ],
    "faces" : [ {
      "vertices" : [ 0, 1, 2 ]
    }, {
      "vertices" : [ 0, 2, 1 ]
    } ]
  }, {
    "id" : "8e3f9ba9-0afc-4b46-8a82-1168c19870a1",
    "vertices" : [ {
      "x" : 0.0,
      "y" : -4.236068,
      "z" : -20.562305
    }, {
      "x" : -6.854102,
      "y" : 0.0,
      "z" : -17.944271
