{
  "field" : "golden",
  "symmetry" : "icosahedral",
  "orientations" : [ [ 1.0, 0.0, 0.0, 0.0, 0.0, 1.0, 0.0, 0.0, 0.0, 0.0, 1.0, 0.0, 0.0, 0.0, 0.0, 1.0 ], [ 0.0, 0.0, 1.0, 0.0, 1.0, 0.0, 0.0, 0.0, 0.0, 1.0, 0.0, 0.0, 0.0, 0.0, 0.0, 1.0 ], [ 0.0, 1.0, 0.0, 0.0, 0.0, 0.0, 1.0, 0.0, 1.0, 0.0, 0.0, 0.0, 0.0, 0.0, 0.0, 1.0 ], [ 0.809017, 0.309017, 0.5, 0.0, 0.309017, 0.5, -0.809017, 0.0, -0.5, 0.809017, 0.309017, 0.0, 0.0, 0.0, 0.0, 1.0 ], [ -0.5, 0.809017, 0.309017, 0.0, 0.809017, 0.309017, 0.5, 0.0, 0.309017, 0.5, -0.809017, 0.0, 0.0, 0.0, 0.0, 1.0 ], [ 0.309017, 0.5, -0.809017, 0.0, -0.5, 0.809017, 0.309017, 0.0, 0.809017, 0.309017, 0.5, 0.0, 0.0, 0.0, 0.0, 1.0 ], [ 0.5, 0.809017, 0.309017, 0.0, 0.809017, -0.309017, -0.5, 0.0, -0.309017, 0.5, -0.809017, 0.0, 0.0, 0.0, 0.0, 1.0 ], [ -0.309017, 0.5, -0.809017, 0.0, 0.5, 0.809017, 0.309017, 0.0, 0.809017, -0.309017, -0.5, 0.0, 0.0, 0.0, 0.0, 1.0 ], [ 0.809017, -0.309017, -0.5, 0.0, -0.309017, 0.5, -0.809017, 0.0, 0.5, 0.809017, 0.309017, 0.0, 0.0, 0.0, 0.0, 1.0 ], [ 0.5, 0.809017, -0.309017, 0.0, 0.809017, -0.309017, 0.5, 0.0, 0.309017, -0.5, -0.809017, 0.0, 0.0, 0.0, 0.0, 1.0 ], [ 0.309017, -0.5, -0.809017, 0.0, 0.5, 0.809017, -0.309017, 0.0, 0.809017, -0.309017, 0.5, 0.0, 0.0, 0.0, 0.0, 1.0 ], [ 0.809017, -0.309017, 0.5, 0.0, 0.309017, -0.5, -0.809017, 0.0, 0.5, 0.809017, -0.309017, 0.0, 0.0, 0.0, 0.0, 1.0 ], [ 0.809017, 0.309017, -0.5, 0.0, 0.309017, 0.5, 0.809017, 0.0, 0.5, -0.809017, 0.309017, 0.0, 0.0, 0.0, 0.0, 1.0 ], [ 0.5, -0.809017, 0.309017, 0.0, 0.809017, 0.309017, -0.5, 0.0, 0.309017, 0.5, 0.809017, 0.0, 0.0, 0.0, 0.0, 1.0 ], [ 0.309017, 0.5, 0.809017, 0.0, 0.5, -0.809017, 0.309017, 0.0, 0.809017, 0.309017, -0.5, 0.0, 0.0, 0.0, 0.0, 1.0 ], [ 1.0, 0.0, 0.0, 0.0, 0.0, -1.0, 0.0, 0.0, 0.0, 0.0, -1.0, 0.0, 0.0, 0.0, 0.0, 1.0 ], [ 0.0, 0.0, 1.0, 0.0, -1.0, 0.0, 0.0, 0.0, 0.0, -1.0, 0.0, 0.0, 0.0, 0.0, 0.0, 1.0 ], [ 0.0, 1.0, 0.0, 0.0, 0.0, 0.0, -1.0, 0.0, -1.0, 0.0, 0.0, 0.0, 0.0, 0.0, 0.0, 1.0 ], [ 0.809017, 0.309017, 0.5, 0.0, -0.309017, -0.5, 0.809017, 0.0, 0.5, -0.809017, -0.309017, 0.0, 0.0, 0.0, 0.0, 1.0 ], [ -0.5, 0.809017, 0.309017, 0.0, -0.809017, -0.309017, -0.5, 0.0, -0.309017, -0.5, 0.809017, 0.0, 0.0, 0.0, 0.0, 1.0 ], [ 0.309017, 0.5, -0.809017, 0.0, 0.5, -0.809017, -0.309017, 0.0, -0.809017, -0.309017, -0.5, 0.0, 0.0, 0.0, 0.0, 1.0 ], [ 0.5, 0.809017, 0.309017, 0.0, -0.809017, 0.309017, 0.5, 0.0, 0.309017, -0.5, 0.809017, 0.0, 0.0, 0.0, 0.0, 1.0 ], [ -0.309017, 0.5, -0.809017, 0.0, -0.5, -0.809017, -0.309017, 0.0, -0.809017, 0.309017, 0.5, 0.0, 0.0, 0.0, 0.0, 1.0 ], [ 0.809017, -0.309017, -0.5, 0.0, 0.309017, -0.5, 0.809017, 0.0, -0.5, -0.809017, -0.309017, 0.0, 0.0, 0.0, 0.0, 1.0 ], [ 0.5, 0.809017, -0.309017, 0.0, -0.809017, 0.309017, -0.5, 0.0, -0.309017, 0.5, 0.809017, 0.0, 0.0, 0.0, 0.0, 1.0 ], [ 0.309017, -0.5, -0.809017, 0.0, -0.5, -0.809017, 0.309017, 0.0, -0.809017, 0.309017, -0.5, 0.0, 0.0, 0.0, 0.0, 1.0 ], [ 0.809017, -0.309017, 0.5, 0.0, -0.309017, 0.5, 0.809017, 0.0, -0.5, -0.809017, 0.309017, 0.0, 0.0, 0.0, 0.0, 1.0 ], [ 0.809017, 0.309017, -0.5, 0.0, -0.309017, -0.5, -0.809017, 0.0, -0.5, 0.809017, -0.309017, 0.0, 0.0, 0.0, 0.0, 1.0 ], [ 0.5, -0.809017, 0.309017, 0.0, -0.809017, -0.309017, 0.5, 0.0, -0.309017, -0.5, -0.809017, 0.0, 0.0, 0.0, 0.0, 1.0 ], [ 0.309017, 0.5, 0.809017, 0.0, -0.5, 0.809017, -0.309017, 0.0, -0.809017, -0.309017, 0.5, 0.0, 0.0, 0.0, 0.0, 1.0 ], [ -1.0, 0.0, 0.0, 0.0, 0.0, -1.0, 0.0, 0.0, 0.0, 0.0, 1.0, 0.0, 0.0, 0.0, 0.0, 1.0 ], [ 0.0, 0.0, -1.0, 0.0, -1.0, 0.0, 0.0, 0.0, 0.0, 1.0, 0.0, 0.0, 0.0, 0.0, 0.0, 1.0 ], [ 0.0, -1.0, 0.0, 0.0, 0.0, 0.0, -1.0, 0.0, 1.0, 0.0, 0.0, 0.0, 0.0, 0.0, 0.0, 1.0 ], [ -0.809017, -0.309017, -0.5, 0.0, -0.309017, -0.5, 0.809017, 0.0, -0.5, 0.809017, 0.309017, 0.0, 0.0, 0.0, 0.0, 1.0 ], [ 0.5, -0.809017, -0.309017, 0.0, -0.809017, -0.309017, -0.5, 0.0, 0.309017, 0.5, -0.809017, 0.0, 0.0, 0.0, 0.0, 1.0 ], [ -0.309017, -0.5, 0.809017, 0.0, 0.5, -0.809017, -0.309017, 0.0, 0.809017, 0.309017, 0.5, 0.0, 0.0, 0.0, 0.0, 1.0 ], [ -0.5, -0.809017, -0.309017, 0.0, -0.809017, 0.309017, 0.5, 0.0, -0.309017, 0.5, -0.809017, 0.0, 0.0, 0.0, 0.0, 1.0 ], [ 0.309017, -0.5, 0.809017, 0.0, -0.5, -0.809017, -0.309017, 0.0, 0.809017, -0.309017, -0.5, 0.0, 0.0, 0.0, 0.0, 1.0 ], [ -0.809017, 0.309017, 0.5, 0.0, 0.309017, -0.5, 0.809017, 0.0, 0.5, 0.809017, 0.309017, 0.0, 0.0, 0.0, 0.0, 1.0 ], [ -0.5, -0.809017, 0.309017, 0.0, -0.809017, 0.309017, -0.5, 0.0, 0.309017, -0.5, -0.809017, 0.0, 0.0, 0.0, 0.0, 1.0 ], [ -0.309017, 0.5, 0.809017, 0.0, -0.5, -0.809017, 0.309017, 0.0, 0.809017, -0.309017, 0.5, 0.0, 0.0, 0.0, 0.0, 1.0 ], [ -0.809017, 0.309017, -0.5, 0.0, -0.309017, 0.5, 0.809017, 0.0, 0.5, 0.809017, -0.309017, 0.0, 0.0, 0.0, 0.0, 1.0 ], [ -0.809017, -0.309017, 0.5, 0.0, -0.309017, -0.5, -0.809017, 0.0, 0.5, -0.809017, 0.309017, 0.0, 0.0, 0.0, 0.0, 1.0 ], [ -0.5, 0.809017, -0.309017, 0.0, -0.809017, -0.309017, 0.5, 0.0, 0.309017, 0.5, 0.809017, 0.0, 0.0, 0.0, 0.0, 1.0 ], [ -0.309017, -0.5, -0.809017, 0.0, -0.5, 0.809017, -0.309017, 0.0, 0.809017, 0.309017, -0.5, 0.0, 0.0, 0.0, 0.0, 1.0 ], [ -1.0, 0.0, 0.0, 0.0, 0.0, 1.0, 0.0, 0.0, 0.0, 0.0, -1.0, 0.0, 0.0, 0.0, 0.0, 1.0 ], [ 0.0, 0.0, -1.0, 0.0, 1.0, 0.0, 0.0, 0.0, 0.0, -1.0, 0.0, 0.0, 0.0, 0.0, 0.0, 1.0 ], [ 0.0, -1.0, 0.0, 0.0, 0.0, 0.0, 1.0, 0.0, -1.0, 0.0, 0.0, 0.0, 0.0, 0.0, 0.0, 1.0 ], [ -0.809017, -0.309017, -0.5, 0.0, 0.309017, 0.5, -0.809017, 0.0, 0.5, -0.809017, -0.309017, 0.0, 0.0, 0.0, 0.0, 1.0 ], [ 0.5, -0.809017, -0.309017, 0.0, 0.809017, 0.309017, 0.5, 0.0, -0.309017, -0.5, 0.809017, 0.0, 0.0, 0.0, 0.0, 1.0 ], [ -0.309017, -0.5, 0.809017, 0.0, -0.5, 0.809017, 0.309017, 0.0, -0.809017, -0.309017, -0.5, 0.0, 0.0, 0.0, 0.0, 1.0 ], [ -0.5, -0.809017, -0.309017, 0.0, 0.809017, -0.309017, -0.5, 0.0, 0.309017, -0.5, 0.809017, 0.0, 0.0, 0.0, 0.0, 1.0 ], [ 0.309017, -0.5, 0.809017, 0.0, 0.5, 0.809017, 0.309017, 0.0, -0.809017, 0.309017, 0.5, 0.0, 0.0, 0.0, 0.0, 1.0 ], [ -0.809017, 0.309017, 0.5, 0.0, -0.309017, 0.5, -0.809017, 0.0, -0.5, -0.809017, -0.309017, 0.0, 0.0, 0.0, 0.0, 1.0 ], [ -0.5, -0.809017, 0.309017, 0.0, 0.809017, -0.309017, 0.5, 0.0, -0.309017, 0.5, 0.809017, 0.0, 0.0, 0.0, 0.0, 1.0 ], [ -0.309017, 0.5, 0.809017, 0.0, 0.5, 0.809017, -0.309017, 0.0, -0.809017, 0.309017, -0.5, 0.0, 0.0, 0.0, 0.0, 1.0 ], [ -0.809017, 0.309017, -0.5, 0.0, 0.309017, -0.5, -0.809017, 0.0, -0.5, -0.809017, 0.309017, 0.0, 0.0, 0.0, 0.0, 1.0 ], [ -0.809017, -0.309017, 0.5, 0.0, 0.309017, 0.5, 0.809017, 0.0, -0.5, 0.809017, -0.309017, 0.0, 0.0, 0.0, 0.0, 1.0 ], [ -0.5, 0.809017, -0.309017, 0.0, 0.809017, 0.309017, -0.5, 0.0, -0.309017, -0.5, -0.809017, 0.0, 0.0, 0.0, 0.0, 1.0 ], [ -0.309017, -0.5, -0.809017, 0.0, 0.5, -0.809017, 0.309017, 0.0, -0.809017, -0.309017, 0.5, 0.0, 0.0, 0.0, 0.0, 1.0 ] ],
  "lights" : {
    "ambientColor" : "#292929",
    "backgroundColor" : "#E0EFFF",
    "directionalLights" : [ {
      "direction" : {
        "x" : 1.0,
        "y" : -1.0,
        "z" : -1.0
      },
      "color" : "#EBEBE4"
    }, {
      "direction" : {
        "x" : -1.0,
        "y" : 0.0,
        "z" : 0.0
      },
      "color" : "#E4E4EB"
    }, {
      "direction" : {
        "x" : 0.0,
        "y" : 0.0,
        "z" : -1.0
      },
      "color" : "#1E1E1E"
    } ]
  },
  "camera" : {
    "viewDistance" : 295.56226,
    "nearClipDistance" : 0.73890597,
    "farClipDistance" : 591.12366,
    "lookAtPoint" : {
      "x" : 0.0,
      "y" : 0.0,
      "z" : 0.0
    },
    "fieldOfView" : 0.44262877,
    "perspective" : false,
    "lookDirection" : {
      "x" : -0.0014765384,
      "y" : 0.008653228,
      "z" : -0.9999602
    },
    "upDirection" : {
      "x" : 0.009270836,
      "y" : 0.9999193,
      "z" : 0.008638748
    },
    "width" : 133.00298,
    "stereo" : false,
    "position" : {
      "x" : 0.436409,
      "y" : -2.5575676,
      "z" : 295.55048
    }
  },
  "embedding" : [ 1.0, 0.0, 0.0, 0.0, 0.0, 1.0, 0.0, 0.0, 0.0, 0.0, 1.0, 0.0, 0.0, 0.0, 0.0, 1.0 ],
  "shapes" : [ {
    "id" : "1bb48d23-4d2a-413f-b412-f4aee5318697",
    "vertices" : [ {
      "x" : 0.309017,
      "y" : -0.309017,
      "z" : -0.309017
    }, {
      "x" : 0.5,
      "y" : 0.0,
      "z" : -0.19098301
    }, {
      "x" : 0.5,
      "y" : 0.0,
      "z" : 0.19098301
    }, {
      "x" : 0.309017,
      "y" : -0.309017,
      "z" : 0.309017
    }, {
      "x" : 0.19098301,
      "y" : -0.5,
      "z" : 0.0
    }, {
      "x" : 0.0,
      "y" : 0.19098301,
      "z" : 0.5
    }, {
      "x" : 0.0,
      "y" : -0.19098301,
      "z" : 0.5
    }, {
      "x" : 0.309017,
      "y" : 0.309017,
      "z" : 0.309017
    }, {
      "x" : -0.309017,
      "y" : -0.309017,
      "z" : 0.309017
    }, {
      "x" : -0.309017,
      "y" : 0.309017,
      "z" : 0.309017
    }, {
      "x" : -0.5,
      "y" : 0.0,
      "z" : 0.19098301
    }, {
      "x" : 0.0,
      "y" : -0.19098301,
      "z" : -0.5
    }, {
      "x" : 0.0,
      "y" : 0.19098301,
      "z" : -0.5
    }, {
      "x" : 0.309017,
      "y" : 0.309017,
      "z" : -0.309017
    }, {
      "x" : -0.309017,
      "y" : -0.309017,
      "z" : -0.309017
    }, {
      "x" : -0.19098301,
      "y" : -0.5,
      "z" : 0.0
    }, {
      "x" : -0.5,
      "y" : 0.0,
      "z" : -0.19098301
    }, {
      "x" : 0.19098301,
      "y" : 0.5,
      "z" : 0.0
    }, {
      "x" : -0.309017,
      "y" : 0.309017,
      "z" : -0.309017
    }, {
      "x" : 0.0,
      "y" : 0.0,
      "z" : 0.0
    }, {
      "x" : -0.19098301,
      "y" : 0.5,
      "z" : 0.0
    } ],
    "faces" : [ {
      "vertices" : [ 12, 18, 20 ]
    }, {
      "vertices" : [ 12, 20, 17 ]
    }, {
      "vertices" : [ 12, 17, 13 ]
    }, {
      "vertices" : [ 3, 6, 8 ]
    }, {
      "vertices" : [ 3, 8, 15 ]
    }, {
      "vertices" : [ 3, 15, 4 ]
    }, {
      "vertices" : [ 0, 11, 12 ]
    }, {
      "vertices" : [ 0, 12, 13 ]
    }, {
      "vertices" : [ 0, 13, 1 ]
    }, {
      "vertices" : [ 5, 9, 10 ]
    }, {
      "vertices" : [ 5, 10, 8 ]
    }, {
      "vertices" : [ 5, 8, 6 ]
    }, {
      "vertices" : [ 2, 7, 5 ]
    }, {
      "vertices" : [ 2, 5, 6 ]
    }, {
      "vertices" : [ 2, 6, 3 ]
    }, {
      "vertices" : [ 11, 14, 16 ]
    }, {
      "vertices" : [ 11, 16, 18 ]
    }, {
      "vertices" : [ 11, 18, 12 ]
    }, {
      "vertices" : [ 1, 13, 17 ]
    }, {
      "vertices" : [ 1, 17, 7 ]
    }, {
      "vertices" : [ 1, 7, 2 ]
    }, {
      "vertices" : [ 9, 20, 18 ]
    }, {
      "vertices" : [ 9, 18, 16 ]
    }, {
      "vertices" : [ 9, 16, 10 ]
    }, {
      "vertices" : [ 0, 1, 2 ]
    }, {
      "vertices" : [ 0, 2, 3 ]
    }, {
      "vertices" : [ 0, 3, 4 ]
    }, {
      "vertices" : [ 5, 7, 17 ]
    }, {
      "vertices" : [ 5, 17, 20 ]
    }, {
      "vertices" : [ 5, 20, 9 ]
    }, {
      "vertices" : [ 0, 4, 15 ]
    }, {
      "vertices" : [ 0, 15, 14 ]
    }, {
      "vertices" : [ 0, 14, 11 ]
    }, {
      "vertices" : [ 8, 10, 16 ]
    }, {
      "vertices" : [ 8, 16, 14 ]
    }, {
      "vertices" : [ 8, 14, 15 ]
    } ]
  }, {
    "id" : "45553a3d-e1a0-46d4-98da-da7e6b92f0ca",
    "vertices" : [ {
      "x" : 0.809017,
      "y" : 0.618034,
      "z" : -0.19098301
    }, {
      "x" : 0.809017,
      "y" : 0.0,
      "z" : -0.19098301
    }, {
      "x" : 0.309017,
      "y" : 0.11803399,
      "z" : 0.0
    }, {
      "x" : 10.281153,
      "y" : 4.236068,
      "z" : 0.19098301
    }, {
      "x" : 0.809017,
      "y" : 0.618034,
      "z" : 0.19098301
    }, {
      "x" : 0.809017,
      "y" : 0.0,
      "z" : 0.19098301
    }, {
      "x" : 10.281153,
      "y" : 3.618034,
      "z" : 0.19098301
    }, {
      "x" : 10.781153,
      "y" : 4.118034,
      "z" : 0.0
    }, {
      "x" : 10.281153,
      "y" : 4.236068,
      "z" : -0.19098301
    }, {
      "x" : 11.09017,
      "y" : 4.236068,
      "z" : 0.0
    }, {
      "x" : 10.281153,
      "y" : 3.618034,
      "z" : -0.19098301
    } ],
    "faces" : [ {
      "vertices" : [ 3, 6, 7 ]
    }, {
      "vertices" : [ 3, 4, 5 ]
    }, {
      "vertices" : [ 3, 5, 6 ]
    }, {
      "vertices" : [ 3, 7, 8 ]
    }, {
      "vertices" : [ 0, 1, 2 ]
    }, {
      "vertices" : [ 0, 8, 10 ]
    }, {
      "vertices" : [ 0, 10, 1 ]
    }, {
      "vertices" : [ 1, 10, 6 ]
    }, {
      "vertices" : [ 1, 6, 5 ]
    }, {
      "vertices" : [ 0, 2, 4 ]
    }, {
      "vertices" : [ 6, 10, 7 ]
    }, {
      "vertices" : [ 1, 5, 2 ]
    }, {
      "vertices" : [ 7, 10, 8 ]
    }, {
      "vertices" : [ 2, 5, 4 ]
    }, {
      "vertices" : [ 0, 4, 3 ]
    }, {
      "vertices" : [ 0, 3, 8 ]
    } ]
  }, {
    "id" : "52d43170-2e76-43fa-96ff-ccf69b875d9c",
    "vertices" : [ {
      "x" : 1.0,
      "y" : 0.309017,
      "z" : 0.19098301
    }, {
      "x" : 1.0,
      "y" : -0.309017,
      "z" : 0.19098301
    }, {
      "x" : 10.09017,
      "y" : -0.309017,
      "z" : 0.19098301
    }, {
      "x" : 10.09017,
      "y" : 0.309017,
      "z" : 0.19098301
    }, {
      "x" : 10.09017,
      "y" : -0.309017,
      "z" : -0.19098301
    }, {
      "x" : 10.09017,
      "y" : 0.309017,
      "z" : -0.19098301
    }, {
      "x" : 10.708204,
      "y" : 0.0,
      "z" : 0.0
    }, {
      "x" : 0.38196602,
      "y" : 0.0,
      "z" : 0.0
    }, {
      "x" : 1.0,
      "y" : 0.309017,
      "z" : -0.19098301
    }, {
      "x" : 1.0,
      "y" : -0.309017,
      "z" : -0.19098301
    }, {
      "x" : 11.09017,
      "y" : 0.0,
      "z" : 0.0
    } ],
    "faces" : [ {
      "vertices" : [ 1, 9, 4 ]
    }, {
      "vertices" : [ 1, 4, 2 ]
    }, {
      "vertices" : [ 0, 3, 5 ]
    }, {
      "vertices" : [ 0, 5, 8 ]
    }, {
      "vertices" : [ 1, 7, 9 ]
    }, {
      "vertices" : [ 0, 1, 2 ]
    }, {
      "vertices" : [ 0, 2, 3 ]
    }, {
      "vertices" : [ 7, 8, 9 ]
    }, {
      "vertices" : [ 0, 7, 1 ]
    }, {
      "vertices" : [ 4, 9, 8 ]
    }, {
      "vertices" : [ 4, 8, 5 ]
    }, {
      "vertices" : [ 2, 6, 3 ]
    }, {
      "vertices" : [ 2, 4, 6 ]
    }, {
      "vertices" : [ 3, 6, 5 ]
    }, {
      "vertices" : [ 4, 5, 6 ]
    }, {
      "vertices" : [ 0, 8, 7 ]
    } ]
  }, {
    "id" : "0bebfe12-f104-4a80-99da-324a33297adc",
    "vertices" : [ {
      "x" : 0.809017,
      "y" : 0.618034,
      "z" : -0.19098301
    }, {
      "x" : 0.809017,
      "y" : 0.0,
      "z" : -0.19098301
    }, {
      "x" : 0.309017,
      "y" : 0.11803399,
      "z" : 0.0
    }, {
      "x" : 17.135256,
      "y" : 6.854102,
      "z" : 0.19098301
    }, {
      "x" : 0.809017,
      "y" : 0.618034,
      "z" : 0.19098301
    }, {
      "x" : 0.809017,
      "y" : 0.0,
      "z" : 0.19098301
    }, {
      "x" : 17.135256,
      "y" : 6.236068,
      "z" : 0.19098301
    }, {
      "x" : 17.635256,
      "y" : 6.736068,
      "z" : 0.0
    }, {
      "x" : 17.135256,
      "y" : 6.854102,
      "z" : -0.19098301
    }, {
      "x" : 17.944271,
      "y" : 6.854102,
      "z" : 0.0
    }, {
      "x" : 17.135256,
      "y" : 6.236068,
      "z" : -0.19098301
    } ],
    "faces" : [ {
      "vertices" : [ 3, 6, 7 ]
    }, {
      "vertices" : [ 3, 4, 5 ]
    }, {
      "vertices" : [ 3, 5, 6 ]
    }, {
      "vertices" : [ 3, 7, 8 ]
    }, {
      "vertices" : [ 0, 1, 2 ]
    }, {
      "vertices" : [ 0, 8, 10 ]
    }, {
      "vertices" : [ 0, 10, 1 ]
    }, {
      "vertices" : [ 1, 10, 6 ]
    }, {
      "vertices" : [ 1, 6, 5 ]
    }, {
      "vertices" : [ 0, 2, 4 ]
    }, {
      "vertices" : [ 6, 10, 7 ]
    }, {
      "vertices" : [ 1, 5, 2 ]
    }, {
      "vertices" : [ 7, 10, 8 ]
    }, {
      "vertices" : [ 2, 5, 4 ]
    }, {
      "vertices" : [ 0, 4, 3 ]
    }, {
      "vertices" : [ 0, 3, 8 ]
    } ]
  }, {
    "id" : "ed67fa01-799c-4f23-8fa7-a73b1e4bbc7b",
    "vertices" : [ {
      "x" : 4.0225425,
      "y" : 0.6545085,
      "z" : -0.75
    }, {
      "x" : 4.3905764,
      "y" : 0.75,
      "z" : -1.2135255
    }, {
      "x" : 1.0954915,
      "y" : 0.1545085,
      "z" : 0.059016995
    }, {
      "x" : 3.8315594,
      "y" : 0.9635255,
      "z" : -1.25
    }, {
      "x" : 0.9045085,
      "y" : 0.4635255,
      "z" : -0.440983
    }, {
      "x" : 3.8315594,
      "y" : 0.3454915,
      "z" : -0.868034
    }, {
      "x" : 0.9045085,
      "y" : -0.1545085,
      "z" : -0.059016995
    }, {
      "x" : 3.6405764,
      "y" : 0.6545085,
      "z" : -1.368034
    }, {
      "x" : 4.736068,
      "y" : 0.809017,
      "z" : -1.309017
    }, {
      "x" : 0.3454915,
      "y" : 0.059016995,
      "z" : -0.095491506
    }, {
      "x" : 0.7135255,
      "y" : 0.1545085,
      "z" : -0.559017
    } ],
    "faces" : [ {
      "vertices" : [ 2, 9, 6 ]
    }, {
      "vertices" : [ 0, 1, 3 ]
    }, {
      "vertices" : [ 0, 5, 1 ]
    }, {
      "vertices" : [ 4, 10, 9 ]
    }, {
      "vertices" : [ 3, 7, 10 ]
    }, {
      "vertices" : [ 3, 10, 4 ]
    }, {
      "vertices" : [ 0, 3, 4 ]
    }, {
      "vertices" : [ 0, 4, 2 ]
    }, {
      "vertices" : [ 6, 9, 10 ]
    }, {
      "vertices" : [ 1, 7, 3 ]
    }, {
      "vertices" : [ 5, 6, 10 ]
    }, {
      "vertices" : [ 5, 10, 7 ]
    }, {
      "vertices" : [ 0, 2, 6 ]
    }, {
      "vertices" : [ 0, 6, 5 ]
    }, {
      "vertices" : [ 1, 5, 7 ]
    }, {
      "vertices" : [ 2, 4, 9 ]
    } ]
  }, {
    "id" : "430cba6e-81cf-409d-89c5-f5e36f00d9ca",
    "vertices" : [ {
      "x" : -14.178187,
      "y" : 0.9967514,
      "z" : 12.648103
    }, {
      "x" : -14.078188,
      "y" : 1.3967514,
      "z" : 12.548103
    }, {
      "x" : -0.3390332,
      "y" : 0.3122656,
      "z" : 0.5601009
    }, {
      "x" : -0.4390332,
      "y" : -0.0877344,
      "z" : 0.66010094
    }, {
      "x" : -13.844854,
      "y" : 1.5300847,
      "z" : 12.848103
    }, {
      "x" : -13.944855,
      "y" : 1.1300848,
      "z" : 12.948103
    }, {
      "x" : -0.67236656,
      "y" : -0.22106774,
      "z" : 0.36010092
    }, {
      "x" : -0.57236654,
      "y" : 0.17893226,
      "z" : 0.26010093
    } ],
    "faces" : [ {
      "vertices" : [ 2, 3, 6 ]
    }, {
      "vertices" : [ 2, 6, 7 ]
    }, {
      "vertices" : [ 0, 5, 4 ]
    }, {
      "vertices" : [ 0, 4, 1 ]
    }, {
      "vertices" : [ 2, 4, 5 ]
    }, {
      "vertices" : [ 2, 5, 3 ]
    }, {
      "vertices" : [ 0, 6, 3 ]
    }, {
      "vertices" : [ 0, 3, 5 ]
    }, {
      "vertices" : [ 0, 1, 7 ]
    }, {
      "vertices" : [ 0, 7, 6 ]
    }, {
      "vertices" : [ 1, 4, 2 ]
    }, {
      "vertices" : [ 1, 2, 7 ]
    } ]
  }, {
    "id" : "53229325-dc03-44e1-a426-eb572ee9a4b0",
    "vertices" : [ {
      "x" : 1.0,
      "y" : 0.309017,
      "z" : 0.19098301
    }, {
      "x" : 1.0,
      "y" : -0.309017,
      "z" : 0.19098301
    }, {
      "x" : 7.472136,
      "y" : -0.309017,
      "z" : 0.19098301
    }, {
      "x" : 7.472136,
      "y" : 0.309017,
      "z" : 0.19098301
    }, {
      "x" : 7.472136,
      "y" : -0.309017,
      "z" : -0.19098301
    }, {
      "x" : 7.472136,
      "y" : 0.309017,
      "z" : -0.19098301
    }, {
      "x" : 8.09017,
      "y" : 0.0,
      "z" : 0.0
    }, {
      "x" : 0.38196602,
      "y" : 0.0,
      "z" : 0.0
    }, {
      "x" : 1.0,
      "y" : 0.309017,
      "z" : -0.19098301
    }, {
      "x" : 1.0,
      "y" : -0.309017,
      "z" : -0.19098301
    }, {
      "x" : 8.472136,
      "y" : 0.0,
      "z" : 0.0
    } ],
    "faces" : [ {
      "vertices" : [ 1, 9, 4 ]
    }, {
      "vertices" : [ 1, 4, 2 ]
    }, {
      "vertices" : [ 0, 3, 5 ]
    }, {
      "vertices" : [ 0, 5, 8 ]
    }, {
      "vertices" : [ 1, 7, 9 ]
    }, {
      "vertices" : [ 0, 1, 2 ]
    }, {
      "vertices" : [ 0, 2, 3 ]
    }, {
      "vertices" : [ 7, 8, 9 ]
    }, {
      "vertices" : [ 0, 7, 1 ]
    }, {
      "vertices" : [ 4, 9, 8 ]
    }, {
      "vertices" : [ 4, 8, 5 ]
    }, {
      "vertices" : [ 2, 6, 3 ]
    }, {
      "vertices" : [ 2, 4, 6 ]
    }, {
      "vertices" : [ 3, 6, 5 ]
    }, {
      "vertices" : [ 4, 5, 6 ]
    }, {
      "vertices" : [ 0, 8, 7 ]
    } ]
  } ],
  "instances" : [ {
    "shape" : "1bb48d23-4d2a-413f-b412-f4aee5318697",
    "color" : "#FFFFFF",
    "position" : {
      "x" : -17.944271,
      "y" : 0.0,
      "z" : 0.0
    }
  }, {
    "shape" : "45553a3d-e1a0-46d4-98da-da7e6b92f0ca",
    "color" : "#6C00C6",
    "position" : {
      "x" : -14.5172205,
      "y" : -5.545085,
      "z" : -8.972136
    },
    "orientation" : 44
  }, {
    "shape" : "52d43170-2e76-43fa-96ff-ccf69b875d9c",
    "color" : "#007695",
    "position" : {
      "x" : 11.09017,
      "y" : 0.0,
      "z" : -17.944271
    },
    "orientation" : 10
  }, {
    "shape" : "1bb48d23-4d2a-413f-b412-f4aee5318697",
    "color" : "#FFFFFF",
    "position" : {
      "x" : 11.09017,
      "y" : 17.944271,
      "z" : -29.034441
    }
  }, {
    "shape" : "1bb48d23-4d2a-413f-b412-f4aee5318697",
    "color" : "#FFFFFF",
    "position" : {
      "x" : 8.972136,
      "y" : 14.5172205,
      "z" : 5.545085
    }
  }, {
    "shape" : "0bebfe12-f104-4a80-99da-324a33297adc",
    "color" : "#6C00C6",
    "position" : {
      "x" : -7.663119,
      "y" : -1.309017,
      "z" : 20.062305
    },
    "orientation" : 43
  }, {
    "shape" : "1bb48d23-4d2a-413f-b412-f4aee5318697",
    "color" : "#FFFFFF",
    "position" : {
      "x" : 3.427051,
      "y" : 19.253288,
      "z" : -8.972136
    }
  }, {
    "shape" : "ed67fa01-799c-4f23-8fa7-a73b1e4bbc7b",
    "color" : "#DC4C00",
    "position" : {
      "x" : 4.236068,
      "y" : 17.944271,
      "z" : 11.09017
    },
    "orientation" : 41
  }, {
    "shape" : "1bb48d23-4d2a-413f-b412-f4aee5318697",
    "color" : "#FFFFFF",
    "position" : {
      "x" : -29.034441,
      "y" : -11.09017,
      "z" : -17.944271
    }
  }, {
    "shape" : "0bebfe12-f104-4a80-99da-324a33297adc",
    "color" : "#6C00C6",
    "position" : {
      "x" : 7.663119,
      "y" : -1.309017,
      "z" : -20.062305
    },
    "orientation" : 28
  }, {
    "shape" : "ed67fa01-799c-4f23-8fa7-a73b1e4bbc7b",
    "color" : "#DC4C00",
    "position" : {
      "x" : 1.309017,
      "y" : 20.062305,
      "z" : 7.663119
    },
    "orientation" : 5
  }, {
    "shape" : "0bebfe12-f104-4a80-99da-324a33297adc",
    "color" : "#6C00C6",
    "position" : {
      "x" : 1.309017,
      "y" : -20.062305,
      "z" : -7.663119
    },
    "orientation" : 27
  }, {
    "shape" : "1bb48d23-4d2a-413f-b412-f4aee5318697",
    "color" : "#FFFFFF",
    "position" : {
      "x" : 0.0,
      "y" : -17.944271,
      "z" : 11.09017
    }
  }, {
    "shape" : "1bb48d23-4d2a-413f-b412-f4aee5318697",
    "color" : "#FFFFFF",
    "position" : {
      "x" : -17.944271,
      "y" : -29.034441,
      "z" : -11.09017
    }
  }, {
    "shape" : "45553a3d-e1a0-46d4-98da-da7e6b92f0ca",
    "color" : "#6C00C6",
    "position" : {
      "x" : -17.944271,
      "y" : 0.0,
      "z" : 0.0
    },
    "orientation" : 46
  }, {
    "shape" : "45553a3d-e1a0-46d4-98da-da7e6b92f0ca",
    "color" : "#6C00C6",
    "position" : {
      "x" : -14.5172205,
      "y" : 5.545085,
      "z" : 8.972136
    },
    "orientation" : 59
  }, {
    "shape" : "1bb48d23-4d2a-413f-b412-f4aee5318697",
    "color" : "#FFFFFF",
    "position" : {
      "x" : -11.09017,
      "y" : 0.0,
      "z" : 17.944271
    }
  }, {
    "shape" : "1bb48d23-4d2a-413f-b412-f4aee5318697",
    "color" : "#FFFFFF",
    "position" : {
      "x" : -17.944271,
      "y" : -11.09017,
      "z" : 4.236068
    }
  }, {
    "shape" : "52d43170-2e76-43fa-96ff-ccf69b875d9c",
    "color" : "#007695",
    "position" : {
      "x" : -11.09017,
      "y" : 0.0,
      "z" : -17.944271
    },
    "orientation" : 0
  }, {
    "shape" : "45553a3d-e1a0-46d4-98da-da7e6b92f0ca",
    "color" : "#6C00C6",
    "position" : {
      "x" : 14.5172205,
      "y" : 5.545085,
      "z" : 8.972136
    },
    "orientation" : 40
  }, {
    "shape" : "52d43170-2e76-43fa-96ff-ccf69b875d9c",
    "color" : "#007695",
    "position" : {
      "x" : -17.944271,
      "y" : 11.09017,
      "z" : 0.0
    },
    "orientation" : 25
  }, {
    "shape" : "45553a3d-e1a0-46d4-98da-da7e6b92f0ca",
    "color" : "#6C00C6",
    "position" : {
      "x" : 5.545085,
      "y" : 8.972136,
      "z" : 14.5172205
    },
    "orientation" : 21
  }, {
    "shape" : "45553a3d-e1a0-46d4-98da-da7e6b92f0ca",
    "color" : "#6C00C6",
    "position" : {
      "x" : 5.545085,
      "y" : -8.972136,
      "z" : 14.5172205
    },
    "orientation" : 13
  }, {
    "shape" : "1bb48d23-4d2a-413f-b412-f4aee5318697",
    "color" : "#FFFFFF",
    "position" : {
      "x" : -14.5172205,
      "y" : -5.545085,
      "z" : 8.972136
    }
  }, {
    "shape" : "430cba6e-81cf-409d-89c5-f5e36f00d9ca",
    "color" : "#FFFFFF",
    "position" : {
      "x" : -7.663119,
      "y" : 1.309017,
      "z" : -20.062305
    },
    "orientation" : 53
  }, {
    "shape" : "1bb48d23-4d2a-413f-b412-f4aee5318697",
    "color" : "#FFFFFF",
    "position" : {
      "x" : -3.427051,
      "y" : 16.635256,
      "z" : 13.208204
    }
  }, {
    "shape" : "52d43170-2e76-43fa-96ff-ccf69b875d9c",
    "color" : "#007695",
    "position" : {
      "x" : -17.944271,
      "y" : 11.09017,
      "z" : 0.0
    },
    "orientation" : 37
  }, {
    "shape" : "0bebfe12-f104-4a80-99da-324a33297adc",
    "color" : "#6C00C6",
    "position" : {
      "x" : -8.972136,
      "y" : -3.427051,
      "z" : -19.253288
    },
    "orientation" : 20
  }, {
    "shape" : "1bb48d23-4d2a-413f-b412-f4aee5318697",
    "color" : "#FFFFFF",
    "position" : {
      "x" : 15.826238,
      "y" : -14.5172205,
      "z" : -1.309017
    }
  }, {
    "shape" : "ed67fa01-799c-4f23-8fa7-a73b1e4bbc7b",
    "color" : "#DC4C00",
    "position" : {
      "x" : 15.826238,
      "y" : -14.5172205,
      "z" : -1.309017
    },
    "orientation" : 14
  }, {
    "shape" : "53229325-dc03-44e1-a426-eb572ee9a4b0",
    "color" : "#007695",
    "position" : {
      "x" : 7.663119,
      "y" : 1.309017,
      "z" : 20.062305
    },
    "orientation" : 21
  }, {
    "shape" : "430cba6e-81cf-409d-89c5-f5e36f00d9ca",
    "color" : "#FFFFFF",
    "position" : {
      "x" : 3.427051,
      "y" : 19.253288,
      "z" : -8.972136
    },
    "orientation" : 55
  }, {
    "shape" : "1bb48d23-4d2a-413f-b412-f4aee5318697",
    "color" : "#FFFFFF",
    "position" : {
      "x" : 17.944271,
      "y" : -29.034441,
      "z" : -11.09017
    }
  }, {
    "shape" : "1bb48d23-4d2a-413f-b412-f4aee5318697",
    "color" : "#FFFFFF",
    "position" : {
      "x" : 11.09017,
      "y" : 0.0,
      "z" : -17.944271
    }
  }, {
    "shape" : "1bb48d23-4d2a-413f-b412-f4aee5318697",
    "color" : "#FFFFFF",
    "position" : {
      "x" : 0.0,
      "y" : -17.944271,
      "z" : -11.09017
    }
  }, {
    "shape" : "430cba6e-81cf-409d-89c5-f5e36f00d9ca",
    "color" : "#FFFFFF",
    "position" : {
      "x" : -11.09017,
      "y" : 4.236068,
      "z" : -17.944271
    },
    "orientation" : 50
  }, {
    "shape" : "52d43170-2e76-43fa-96ff-ccf69b875d9c",
    "color" : "#007695",
    "position" : {
      "x" : -17.944271,
      "y" : 11.09017,
      "z" : 0.0
    },
    "orientation" : 11
  }, {
    "shape" : "1bb48d23-4d2a-413f-b412-f4aee5318697",
    "color" : "#FFFFFF",
    "position" : {
      "x" : -4.236068,
      "y" : -17.944271,
      "z" : 11.09017
    }
  }, {
    "shape" : "45553a3d-e1a0-46d4-98da-da7e6b92f0ca",
    "color" : "#6C00C6",
    "position" : {
      "x" : -8.972136,
      "y" : 14.5172205,
      "z" : 5.545085
    },
    "orientation" : 12
  }, {
    "shape" : "430cba6e-81cf-409d-89c5-f5e36f00d9ca",
    "color" : "#FFFFFF",
    "position" : {
      "x" : -20.062305,
      "y" : 7.663119,
      "z" : -1.309017
    },
    "orientation" : 51
  }, {
    "shape" : "430cba6e-81cf-409d-89c5-f5e36f00d9ca",
    "color" : "#FFFFFF",
    "position" : {
      "x" : 19.253288,
      "y" : -8.972136,
      "z" : 3.427051
    },
    "orientation" : 24
  }, {
    "shape" : "52d43170-2e76-43fa-96ff-ccf69b875d9c",
    "color" : "#007695",
    "position" : {
      "x" : 17.944271,
      "y" : -11.09017,
      "z" : 0.0
    },
    "orientation" : 41
  }, {
    "shape" : "0bebfe12-f104-4a80-99da-324a33297adc",
    "color" : "#6C00C6",
    "position" : {
      "x" : 17.944271,
      "y" : 11.09017,
      "z" : 4.236068
    },
    "orientation" : 1
  }, {
    "shape" : "1bb48d23-4d2a-413f-b412-f4aee5318697",
    "color" : "#FFFFFF",
    "position" : {
      "x" : -11.09017,
      "y" : -4.236068,
      "z" : 17.944271
    }
  }, {
    "shape" : "0bebfe12-f104-4a80-99da-324a33297adc",
    "color" : "#6C00C6",
    "position" : {
      "x" : -13.208204,
      "y" : 3.427051,
      "z" : 16.635256
    },
    "orientation" : 10
  }, {
    "shape" : "0bebfe12-f104-4a80-99da-324a33297adc",
    "color" : "#6C00C6",
    "position" : {
      "x" : -16.635256,
      "y" : -13.208204,
      "z" : -3.427051
    },
    "orientation" : 56
  }, {
    "shape" : "1bb48d23-4d2a-413f-b412-f4aee5318697",
    "color" : "#FFFFFF",
    "position" : {
      "x" : 5.545085,
      "y" : -8.972136,
      "z" : -14.5172205
    }
  }, {
    "shape" : "52d43170-2e76-43fa-96ff-ccf69b875d9c",
    "color" : "#007695",
    "position" : {
      "x" : 0.0,
      "y" : -17.944271,
      "z" : -11.09017
    },
    "orientation" : 54
  }, {
    "shape" : "52d43170-2e76-43fa-96ff-ccf69b875d9c",
    "color" : "#007695",
    "position" : {
      "x" : 17.944271,
      "y" : -11.09017,
      "z" : 0.0
    },
    "orientation" : 53
  }, {
    "shape" : "1bb48d23-4d2a-413f-b412-f4aee5318697",
    "color" : "#FFFFFF",
    "position" : {
      "x" : -14.5172205,
      "y" : 5.545085,
      "z" : 8.972136
    }
  }, {
    "shape" : "45553a3d-e1a0-46d4-98da-da7e6b92f0ca",
    "color" : "#6C00C6",
    "position" : {
      "x" : 5.545085,
      "y" : 8.972136,
      "z" : -14.5172205
    },
    "orientation" : 28
  }, {
    "shape" : "0bebfe12-f104-4a80-99da-324a33297adc",
    "color" : "#6C00C6",
    "position" : {
      "x" : 14.5172205,
      "y" : -1.309017,
      "z" : -15.826238
    },
    "orientation" : 6
  }, {
    "shape" : "0bebfe12-f104-4a80-99da-324a33297adc",
    "color" : "#6C00C6",
    "position" : {
      "x" : -3.427051,
      "y" : -16.635256,
      "z" : -13.208204
    },
    "orientation" : 39
  }, {
    "shape" : "0bebfe12-f104-4a80-99da-324a33297adc",
    "color" : "#6C00C6",
    "position" : {
      "x" : -16.635256,
      "y" : 13.208204,
      "z" : 3.427051
    },
    "orientation" : 41
  }, {
    "shape" : "1bb48d23-4d2a-413f-b412-f4aee5318697",
    "color" : "#FFFFFF",
    "position" : {
      "x" : 3.427051,
      "y" : -16.635256,
      "z" : 13.208204
    }
  }, {
    "shape" : "1bb48d23-4d2a-413f-b412-f4aee5318697",
    "color" : "#FFFFFF",
    "position" : {
      "x" : -17.944271,
      "y" : 29.034441,
      "z" : 11.09017
    }
  }, {
    "shape" : "1bb48d23-4d2a-413f-b412-f4aee5318697",
    "color" : "#FFFFFF",
    "position" : {
      "x" : -11.09017,
      "y" : -17.944271,
      "z" : -29.034441
    }
  }, {
    "shape" : "430cba6e-81cf-409d-89c5-f5e36f00d9ca",
    "color" : "#FFFFFF",
    "position" : {
      "x" : -8.972136,
      "y" : 3.427051,
      "z" : 19.253288
    },
    "orientation" : 41
  }, {
    "shape" : "52d43170-2e76-43fa-96ff-ccf69b875d9c",
    "color" : "#007695",
    "position" : {
      "x" : -17.944271,
      "y" : -11.09017,
      "z" : 0.0
    },
    "orientation" : 26
  }, {
    "shape" : "45553a3d-e1a0-46d4-98da-da7e6b92f0ca",
    "color" : "#6C00C6",
    "position" : {
      "x" : -14.5172205,
      "y" : -5.545085,
      "z" : -8.972136
    },
    "orientation" : 20
  }, {
    "shape" : "0bebfe12-f104-4a80-99da-324a33297adc",
    "color" : "#6C00C6",
    "position" : {
      "x" : 3.427051,
      "y" : 19.253288,
      "z" : -8.972136
    },
    "orientation" : 4
  }, {
    "shape" : "0bebfe12-f104-4a80-99da-324a33297adc",
    "color" : "#6C00C6",
    "position" : {
      "x" : -17.944271,
      "y" : -11.09017,
      "z" : 4.236068
    },
    "orientation" : 31
  }, {
    "shape" : "52d43170-2e76-43fa-96ff-ccf69b875d9c",
    "color" : "#007695",
    "position" : {
      "x" : 17.944271,
      "y" : -11.09017,
      "z" : 0.0
    },
    "orientation" : 7
  }, {
    "shape" : "1bb48d23-4d2a-413f-b412-f4aee5318697",
    "color" : "#FFFFFF",
    "position" : {
      "x" : 0.0,
      "y" : -35.888542,
      "z" : 0.0
    }
  }, {
    "shape" : "0bebfe12-f104-4a80-99da-324a33297adc",
    "color" : "#6C00C6",
    "position" : {
      "x" : -4.236068,
      "y" : 17.944271,
      "z" : -11.09017
    },
    "orientation" : 47
  }, {
    "shape" : "1bb48d23-4d2a-413f-b412-f4aee5318697",
    "color" : "#FFFFFF",
    "position" : {
      "x" : 0.0,
      "y" : 0.0,
      "z" : -35.888542
    }
  }, {
    "shape" : "45553a3d-e1a0-46d4-98da-da7e6b92f0ca",
    "color" : "#6C00C6",
    "position" : {
      "x" : 14.5172205,
      "y" : -5.545085,
      "z" : -8.972136
    },
    "orientation" : 55
  }, {
    "shape" : "430cba6e-81cf-409d-89c5-f5e36f00d9ca",
    "color" : "#FFFFFF",
    "position" : {
      "x" : -16.635256,
      "y" : 13.208204,
      "z" : 3.427051
    },
    "orientation" : 57
  }, {
    "shape" : "1bb48d23-4d2a-413f-b412-f4aee5318697",
    "color" : "#FFFFFF",
    "position" : {
      "x" : -8.972136,
      "y" : -3.427051,
      "z" : -19.253288
    }
  }, {
    "shape" : "52d43170-2e76-43fa-96ff-ccf69b875d9c",
    "color" : "#007695",
    "position" : {
      "x" : 0.0,
      "y" : -17.944271,
      "z" : 11.09017
    },
    "orientation" : 51
  }, {
    "shape" : "45553a3d-e1a0-46d4-98da-da7e6b92f0ca",
    "color" : "#6C00C6",
    "position" : {
      "x" : 8.972136,
      "y" : 14.5172205,
      "z" : -5.545085
    },
    "orientation" : 18
  }, {
    "shape" : "1bb48d23-4d2a-413f-b412-f4aee5318697",
    "color" : "#FFFFFF",
    "position" : {
      "x" : -8.972136,
      "y" : 14.5172205,
      "z" : 5.545085
    }
  }, {
    "shape" : "45553a3d-e1a0-46d4-98da-da7e6b92f0ca",
    "color" : "#6C00C6",
    "position" : {
      "x" : 8.972136,
      "y" : 14.5172205,
      "z" : -5.545085
    },
    "orientation" : 57
  }, {
    "shape" : "1bb48d23-4d2a-413f-b412-f4aee5318697",
    "color" : "#FFFFFF",
    "position" : {
      "x" : 11.09017,
      "y" : 0.0,
      "z" : 17.944271
    }
  }, {
    "shape" : "ed67fa01-799c-4f23-8fa7-a73b1e4bbc7b",
    "color" : "#DC4C00",
    "position" : {
      "x" : 13.208204,
      "y" : 3.427051,
      "z" : -16.635256
    },
    "orientation" : 53
  }, {
    "shape" : "430cba6e-81cf-409d-89c5-f5e36f00d9ca",
    "color" : "#FFFFFF",
    "position" : {
      "x" : -4.236068,
      "y" : 17.944271,
      "z" : -11.09017
    },
    "orientation" : 49
  }, {
    "shape" : "52d43170-2e76-43fa-96ff-ccf69b875d9c",
    "color" : "#007695",
    "position" : {
      "x" : 17.944271,
      "y" : 11.09017,
      "z" : 0.0
    },
    "orientation" : 16
  }, {
    "shape" : "52d43170-2e76-43fa-96ff-ccf69b875d9c",
    "color" : "#007695",
    "position" : {
      "x" : 11.09017,
      "y" : 0.0,
      "z" : -17.944271
    },
    "orientation" : 45
  }, {
    "shape" : "1bb48d23-4d2a-413f-b412-f4aee5318697",
    "color" : "#FFFFFF",
    "position" : {
      "x" : 29.034441,
      "y" : -11.09017,
      "z" : -17.944271
    }
  }, {
    "shape" : "430cba6e-81cf-409d-89c5-f5e36f00d9ca",
    "color" : "#FFFFFF",
    "position" : {
      "x" : 14.5172205,
      "y" : 1.309017,
      "z" : 15.826238
    },
    "orientation" : 2
  }, {
    "shape" : "52d43170-2e76-43fa-96ff-ccf69b875d9c",
    "color" : "#007695",
    "position" : {
      "x" : -17.944271,
      "y" : -11.09017,
      "z" : 0.0
    },
    "orientation" : 8
  }, {
    "shape" : "52d43170-2e76-43fa-96ff-ccf69b875d9c",
    "color" : "#007695",
    "position" : {
      "x" : -11.09017,
      "y" : 0.0,
      "z" : 17.944271
    },
    "orientation" : 0
  }, {
    "shape" : "ed67fa01-799c-4f23-8fa7-a73b1e4bbc7b",
    "color" : "#DC4C00",
    "position" : {
      "x" : 7.663119,
      "y" : 1.309017,
      "z" : 20.062305
    },
    "orientation" : 3
  }, {
    "shape" : "ed67fa01-799c-4f23-8fa7-a73b1e4bbc7b",
    "color" : "#DC4C00",
    "position" : {
      "x" : -17.944271,
      "y" : -11.09017,
      "z" : 4.236068
    },
    "orientation" : 25
  }, {
    "shape" : "1bb48d23-4d2a-413f-b412-f4aee5318697",
    "color" : "#FFFFFF",
    "position" : {
      "x" : 0.0,
      "y" : 17.944271,
      "z" : 11.09017
    }
  }, {
    "shape" : "430cba6e-81cf-409d-89c5-f5e36f00d9ca",
    "color" : "#FFFFFF",
    "position" : {
      "x" : -7.663119,
      "y" : -1.309017,
      "z" : 20.062305
    },
    "orientation" : 38
  }, {
    "shape" : "1bb48d23-4d2a-413f-b412-f4aee5318697",
    "color" : "#FFFFFF",
    "position" : {
      "x" : -3.427051,
      "y" : 19.253288,
      "z" : 8.972136
    }
  }, {
    "shape" : "0bebfe12-f104-4a80-99da-324a33297adc",
    "color" : "#6C00C6",
    "position" : {
      "x" : -20.062305,
      "y" : -7.663119,
      "z" : 1.309017
    },
    "orientation" : 44
  }, {
    "shape" : "0bebfe12-f104-4a80-99da-324a33297adc",
    "color" : "#6C00C6",
    "position" : {
      "x" : -1.309017,
      "y" : 20.062305,
      "z" : -7.663119
    },
    "orientation" : 57
  }, {
    "shape" : "1bb48d23-4d2a-413f-b412-f4aee5318697",
    "color" : "#FFFFFF",
    "position" : {
      "x" : -8.972136,
      "y" : 14.5172205,
      "z" : -5.545085
    }
  }, {
    "shape" : "ed67fa01-799c-4f23-8fa7-a73b1e4bbc7b",
    "color" : "#DC4C00",
    "position" : {
      "x" : 19.253288,
      "y" : -8.972136,
      "z" : 3.427051
    },
    "orientation" : 17
  }, {
    "shape" : "430cba6e-81cf-409d-89c5-f5e36f00d9ca",
    "color" : "#FFFFFF",
    "position" : {
      "x" : -14.5172205,
      "y" : -1.309017,
      "z" : 15.826238
    },
    "orientation" : 32
  }, {
    "shape" : "52d43170-2e76-43fa-96ff-ccf69b875d9c",
    "color" : "#007695",
    "position" : {
      "x" : 0.0,
      "y" : 17.944271,
      "z" : -11.09017
    },
    "orientation" : 24
  }, {
    "shape" : "52d43170-2e76-43fa-96ff-ccf69b875d9c",
    "color" : "#007695",
    "position" : {
      "x" : 11.09017,
      "y" : 0.0,
      "z" : 17.944271
    },
    "orientation" : 25
  }, {
    "shape" : "45553a3d-e1a0-46d4-98da-da7e6b92f0ca",
    "color" : "#6C00C6",
    "position" : {
      "x" : 0.0,
      "y" : 0.0,
      "z" : -17.944271
    },
    "orientation" : 15
  }, {
    "shape" : "1bb48d23-4d2a-413f-b412-f4aee5318697",
    "color" : "#FFFFFF",
    "position" : {
      "x" : 29.034441,
      "y" : -11.09017,
      "z" : 17.944271
    }
  }, {
    "shape" : "1bb48d23-4d2a-413f-b412-f4aee5318697",
    "color" : "#FFFFFF",
    "position" : {
      "x" : -19.253288,
      "y" : 8.972136,
      "z" : 3.427051
    }
  }, {
    "shape" : "0bebfe12-f104-4a80-99da-324a33297adc",
    "color" : "#6C00C6",
    "position" : {
      "x" : 3.427051,
      "y" : 16.635256,
      "z" : -13.208204
    },
    "orientation" : 9
  }, {
    "shape" : "0bebfe12-f104-4a80-99da-324a33297adc",
    "color" : "#6C00C6",
    "position" : {
      "x" : 15.826238,
      "y" : 14.5172205,
      "z" : 1.309017
    },
    "orientation" : 52
  }, {
    "shape" : "1bb48d23-4d2a-413f-b412-f4aee5318697",
    "color" : "#FFFFFF",
    "position" : {
      "x" : 4.236068,
      "y" : -17.944271,
      "z" : -11.09017
    }
  }, {
    "shape" : "ed67fa01-799c-4f23-8fa7-a73b1e4bbc7b",
    "color" : "#DC4C00",
    "position" : {
      "x" : -19.253288,
      "y" : -8.972136,
      "z" : -3.427051
    },
    "orientation" : 32
  }, {
    "shape" : "1bb48d23-4d2a-413f-b412-f4aee5318697",
    "color" : "#FFFFFF",
    "position" : {
      "x" : -17.944271,
      "y" : 29.034441,
      "z" : -11.09017
    }
  }, {
    "shape" : "430cba6e-81cf-409d-89c5-f5e36f00d9ca",
    "color" : "#FFFFFF",
    "position" : {
      "x" : -19.253288,
      "y" : -8.972136,
      "z" : -3.427051
    },
    "orientation" : 39
  }, {
    "shape" : "1bb48d23-4d2a-413f-b412-f4aee5318697",
    "color" : "#FFFFFF",
