{
  "field" : "golden",
  "symmetry" : "icosahedral",
  "orientations" : [ [ 1.0, 0.0, 0.0, 0.0, 0.0, 1.0, 0.0, 0.0, 0.0, 0.0, 1.0, 0.0, 0.0, 0.0, 0.0, 1.0 ], [ 0.0, 0.0, 1.0, 0.0, 1.0, 0.0, 0.0, 0.0, 0.0, 1.0, 0.0, 0.0, 0.0, 0.0, 0.0, 1.0 ], [ 0.0, 1.0, 0.0, 0.0, 0.0, 0.0, 1.0, 0.0, 1.0, 0.0, 0.0, 0.0, 0.0, 0.0, 0.0, 1.0 ], [ 0.809017, 0.309017, 0.5, 0.0, 0.309017, 0.5, -0.809017, 0.0, -0.5, 0.809017, 0.309017, 0.0, 0.0, 0.0, 0.0, 1.0 ], [ -0.5, 0.809017, 0.309017, 0.0, 0.809017, 0.309017, 0.5, 0.0, 0.309017, 0.5, -0.809017, 0.0, 0.0, 0.0, 0.0, 1.0 ], [ 0.309017, 0.5, -0.809017, 0.0, -0.5, 0.809017, 0.309017, 0.0, 0.809017, 0.309017, 0.5, 0.0, 0.0, 0.0, 0.0, 1.0 ], [ 0.5, 0.809017, 0.309017, 0.0, 0.809017, -0.309017, -0.5, 0.0, -0.309017, 0.5, -0.809017, 0.0, 0.0, 0.0, 0.0, 1.0 ], [ -0.309017, 0.5, -0.809017, 0.0, 0.5, 0.809017, 0.309017, 0.0, 0.809017, -0.309017, -0.5, 0.0, 0.0, 0.0, 0.0, 1.0 ], [ 0.809017, -0.309017, -0.5, 0.0, -0.309017, 0.5, -0.809017, 0.0, 0.5, 0.809017, 0.309017, 0.0, 0.0, 0.0, 0.0, 1.0 ], [ 0.5, 0.809017, -0.309017, 0.0, 0.809017, -0.309017, 0.5, 0.0, 0.309017, -0.5, -0.809017, 0.0, 0.0, 0.0, 0.0, 1.0 ], [ 0.309017, -0.5, -0.809017, 0.0, 0.5, 0.809017, -0.309017, 0.0, 0.809017, -0.309017, 0.5, 0.0, 0.0, 0.0, 0.0, 1.0 ], [ 0.809017, -0.309017, 0.5, 0.0, 0.309017, -0.5, -0.809017, 0.0, 0.5, 0.809017, -0.309017, 0.0, 0.0, 0.0, 0.0, 1.0 ], [ 0.809017, 0.309017, -0.5, 0.0, 0.309017, 0.5, 0.809017, 0.0, 0.5, -0.809017, 0.309017, 0.0, 0.0, 0.0, 0.0, 1.0 ], [ 0.5, -0.809017, 0.309017, 0.0, 0.809017, 0.309017, -0.5, 0.0, 0.309017, 0.5, 0.809017, 0.0, 0.0, 0.0, 0.0, 1.0 ], [ 0.309017, 0.5, 0.809017, 0.0, 0.5, -0.809017, 0.309017, 0.0, 0.809017, 0.309017, -0.5, 0.0, 0.0, 0.0, 0.0, 1.0 ], [ 1.0, 0.0, 0.0, 0.0, 0.0, -1.0, 0.0, 0.0, 0.0, 0.0, -1.0, 0.0, 0.0, 0.0, 0.0, 1.0 ], [ 0.0, 0.0, 1.0, 0.0, -1.0, 0.0, 0.0, 0.0, 0.0, -1.0, 0.0, 0.0, 0.0, 0.0, 0.0, 1.0 ], [ 0.0, 1.0, 0.0, 0.0, 0.0, 0.0, -1.0, 0.0, -1.0, 0.0, 0.0, 0.0, 0.0, 0.0, 0.0, 1.0 ], [ 0.809017, 0.309017, 0.5, 0.0, -0.309017, -0.5, 0.809017, 0.0, 0.5, -0.809017, -0.309017, 0.0, 0.0, 0.0, 0.0, 1.0 ], [ -0.5, 0.809017, 0.309017, 0.0, -0.809017, -0.309017, -0.5, 0.0, -0.309017, -0.5, 0.809017, 0.0, 0.0, 0.0, 0.0, 1.0 ], [ 0.309017, 0.5, -0.809017, 0.0, 0.5, -0.809017, -0.309017, 0.0, -0.809017, -0.309017, -0.5, 0.0, 0.0, 0.0, 0.0, 1.0 ], [ 0.5, 0.809017, 0.309017, 0.0, -0.809017, 0.309017, 0.5, 0.0, 0.309017, -0.5, 0.809017, 0.0, 0.0, 0.0, 0.0, 1.0 ], [ -0.309017, 0.5, -0.809017, 0.0, -0.5, -0.809017, -0.309017, 0.0, -0.809017, 0.309017, 0.5, 0.0, 0.0, 0.0, 0.0, 1.0 ], [ 0.809017, -0.309017, -0.5, 0.0, 0.309017, -0.5, 0.809017, 0.0, -0.5, -0.809017, -0.309017, 0.0, 0.0, 0.0, 0.0, 1.0 ], [ 0.5, 0.809017, -0.309017, 0.0, -0.809017, 0.309017, -0.5, 0.0, -0.309017, 0.5, 0.809017, 0.0, 0.0, 0.0, 0.0, 1.0 ], [ 0.309017, -0.5, -0.809017, 0.0, -0.5, -0.809017, 0.309017, 0.0, -0.809017, 0.309017, -0.5, 0.0, 0.0, 0.0, 0.0, 1.0 ], [ 0.809017, -0.309017, 0.5, 0.0, -0.309017, 0.5, 0.809017, 0.0, -0.5, -0.809017, 0.309017, 0.0, 0.0, 0.0, 0.0, 1.0 ], [ 0.809017, 0.309017, -0.5, 0.0, -0.309017, -0.5, -0.809017, 0.0, -0.5, 0.809017, -0.309017, 0.0, 0.0, 0.0, 0.0, 1.0 ], [ 0.5, -0.809017, 0.309017, 0.0, -0.809017, -0.309017, 0.5, 0.0, -0.309017, -0.5, -0.809017, 0.0, 0.0, 0.0, 0.0, 1.0 ], [ 0.309017, 0.5, 0.809017, 0.0, -0.5, 0.809017, -0.309017, 0.0, -0.809017, -0.309017, 0.5, 0.0, 0.0, 0.0, 0.0, 1.0 ], [ -1.0, 0.0, 0.0, 0.0, 0.0, -1.0, 0.0, 0.0, 0.0, 0.0, 1.0, 0.0, 0.0, 0.0, 0.0, 1.0 ], [ 0.0, 0.0, -1.0, 0.0, -1.0, 0.0, 0.0, 0.0, 0.0, 1.0, 0.0, 0.0, 0.0, 0.0, 0.0, 1.0 ], [ 0.0, -1.0, 0.0, 0.0, 0.0, 0.0, -1.0, 0.0, 1.0, 0.0, 0.0, 0.0, 0.0, 0.0, 0.0, 1.0 ], [ -0.809017, -0.309017, -0.5, 0.0, -0.309017, -0.5, 0.809017, 0.0, -0.5, 0.809017, 0.309017, 0.0, 0.0, 0.0, 0.0, 1.0 ], [ 0.5, -0.809017, -0.309017, 0.0, -0.809017, -0.309017, -0.5, 0.0, 0.309017, 0.5, -0.809017, 0.0, 0.0, 0.0, 0.0, 1.0 ], [ -0.309017, -0.5, 0.809017, 0.0, 0.5, -0.809017, -0.309017, 0.0, 0.809017, 0.309017, 0.5, 0.0, 0.0, 0.0, 0.0, 1.0 ], [ -0.5, -0.809017, -0.309017, 0.0, -0.809017, 0.309017, 0.5, 0.0, -0.309017, 0.5, -0.809017, 0.0, 0.0, 0.0, 0.0, 1.0 ], [ 0.309017, -0.5, 0.809017, 0.0, -0.5, -0.809017, -0.309017, 0.0, 0.809017, -0.309017, -0.5, 0.0, 0.0, 0.0, 0.0, 1.0 ], [ -0.809017, 0.309017, 0.5, 0.0, 0.309017, -0.5, 0.809017, 0.0, 0.5, 0.809017, 0.309017, 0.0, 0.0, 0.0, 0.0, 1.0 ], [ -0.5, -0.809017, 0.309017, 0.0, -0.809017, 0.309017, -0.5, 0.0, 0.309017, -0.5, -0.809017, 0.0, 0.0, 0.0, 0.0, 1.0 ], [ -0.309017, 0.5, 0.809017, 0.0, -0.5, -0.809017, 0.309017, 0.0, 0.809017, -0.309017, 0.5, 0.0, 0.0, 0.0, 0.0, 1.0 ], [ -0.809017, 0.309017, -0.5, 0.0, -0.309017, 0.5, 0.809017, 0.0, 0.5, 0.809017, -0.309017, 0.0, 0.0, 0.0, 0.0, 1.0 ], [ -0.809017, -0.309017, 0.5, 0.0, -0.309017, -0.5, -0.809017, 0.0, 0.5, -0.809017, 0.309017, 0.0, 0.0, 0.0, 0.0, 1.0 ], [ -0.5, 0.809017, -0.309017, 0.0, -0.809017, -0.309017, 0.5, 0.0, 0.309017, 0.5, 0.809017, 0.0, 0.0, 0.0, 0.0, 1.0 ], [ -0.309017, -0.5, -0.809017, 0.0, -0.5, 0.809017, -0.309017, 0.0, 0.809017, 0.309017, -0.5, 0.0, 0.0, 0.0, 0.0, 1.0 ], [ -1.0, 0.0, 0.0, 0.0, 0.0, 1.0, 0.0, 0.0, 0.0, 0.0, -1.0, 0.0, 0.0, 0.0, 0.0, 1.0 ], [ 0.0, 0.0, -1.0, 0.0, 1.0, 0.0, 0.0, 0.0, 0.0, -1.0, 0.0, 0.0, 0.0, 0.0, 0.0, 1.0 ], [ 0.0, -1.0, 0.0, 0.0, 0.0, 0.0, 1.0, 0.0, -1.0, 0.0, 0.0, 0.0, 0.0, 0.0, 0.0, 1.0 ], [ -0.809017, -0.309017, -0.5, 0.0, 0.309017, 0.5, -0.809017, 0.0, 0.5, -0.809017, -0.309017, 0.0, 0.0, 0.0, 0.0, 1.0 ], [ 0.5, -0.809017, -0.309017, 0.0, 0.809017, 0.309017, 0.5, 0.0, -0.309017, -0.5, 0.809017, 0.0, 0.0, 0.0, 0.0, 1.0 ], [ -0.309017, -0.5, 0.809017, 0.0, -0.5, 0.809017, 0.309017, 0.0, -0.809017, -0.309017, -0.5, 0.0, 0.0, 0.0, 0.0, 1.0 ], [ -0.5, -0.809017, -0.309017, 0.0, 0.809017, -0.309017, -0.5, 0.0, 0.309017, -0.5, 0.809017, 0.0, 0.0, 0.0, 0.0, 1.0 ], [ 0.309017, -0.5, 0.809017, 0.0, 0.5, 0.809017, 0.309017, 0.0, -0.809017, 0.309017, 0.5, 0.0, 0.0, 0.0, 0.0, 1.0 ], [ -0.809017, 0.309017, 0.5, 0.0, -0.309017, 0.5, -0.809017, 0.0, -0.5, -0.809017, -0.309017, 0.0, 0.0, 0.0, 0.0, 1.0 ], [ -0.5, -0.809017, 0.309017, 0.0, 0.809017, -0.309017, 0.5, 0.0, -0.309017, 0.5, 0.809017, 0.0, 0.0, 0.0, 0.0, 1.0 ], [ -0.309017, 0.5, 0.809017, 0.0, 0.5, 0.809017, -0.309017, 0.0, -0.809017, 0.309017, -0.5, 0.0, 0.0, 0.0, 0.0, 1.0 ], [ -0.809017, 0.309017, -0.5, 0.0, 0.309017, -0.5, -0.809017, 0.0, -0.5, -0.809017, 0.309017, 0.0, 0.0, 0.0, 0.0, 1.0 ], [ -0.809017, -0.309017, 0.5, 0.0, 0.309017, 0.5, 0.809017, 0.0, -0.5, 0.809017, -0.309017, 0.0, 0.0, 0.0, 0.0, 1.0 ], [ -0.5, 0.809017, -0.309017, 0.0, 0.809017, 0.309017, -0.5, 0.0, -0.309017, -0.5, -0.809017, 0.0, 0.0, 0.0, 0.0, 1.0 ], [ -0.309017, -0.5, -0.809017, 0.0, 0.5, -0.809017, 0.309017, 0.0, -0.809017, -0.309017, 0.5, 0.0, 0.0, 0.0, 0.0, 1.0 ] ],
  "lights" : {
    "backgroundColor" : "#D6E9FF",
    "ambientColor" : "#292929",
    "directionalLights" : [ {
      "direction" : {
        "x" : 1.0,
        "y" : -1.0,
        "z" : -1.0
      },
      "color" : "#EBEBE4"
    }, {
      "direction" : {
        "x" : -1.0,
        "y" : 0.0,
        "z" : 0.0
      },
      "color" : "#E4E4EB"
    }, {
      "direction" : {
        "x" : 0.0,
        "y" : 0.0,
        "z" : -1.0
      },
      "color" : "#1E1E1E"
    } ]
  },
  "camera" : {
    "stereo" : false,
    "width" : 43.396366,
    "viewDistance" : 96.43599,
    "nearClipDistance" : 0.24109009,
    "farClipDistance" : 192.87161,
    "lookAtPoint" : {
      "x" : 0.0,
      "y" : 0.0,
      "z" : 0.0
    },
    "fieldOfView" : 0.4426306,
    "perspective" : false,
    "lookDirection" : {
      "x" : 0.0,
      "y" : 0.0,
      "z" : -1.0
    },
    "upDirection" : {
      "x" : 0.0,
      "y" : 1.0,
      "z" : 0.0
    },
    "position" : {
      "x" : 0.0,
      "y" : 0.0,
      "z" : 96.43599
    }
  },
  "embedding" : [ 1.0, 0.0, 0.0, 0.0, 0.0, 1.0, 0.0, 0.0, 0.0, 0.0, 1.0, 0.0, 0.0, 0.0, 0.0, 1.0 ],
  "shapes" : [ {
    "id" : "5e204f65-5c51-4be3-bfb6-be2a2cd47b22",
    "vertices" : [ {
      "x" : -0.309017,
      "y" : -0.19098301,
      "z" : 0.0
    }, {
      "x" : -0.309017,
      "y" : 0.19098301,
      "z" : 0.0
    }, {
      "x" : -0.19098301,
      "y" : 0.0,
      "z" : -0.309017
    }, {
      "x" : -0.19098301,
      "y" : 0.0,
      "z" : 0.309017
    }, {
      "x" : 0.0,
      "y" : -0.309017,
      "z" : -0.19098301
    }, {
      "x" : 0.0,
      "y" : -0.309017,
      "z" : 0.19098301
    }, {
      "x" : 0.0,
      "y" : 0.309017,
      "z" : -0.19098301
    }, {
      "x" : 0.0,
      "y" : 0.309017,
      "z" : 0.19098301
    }, {
      "x" : 0.19098301,
      "y" : 0.0,
      "z" : -0.309017
    }, {
      "x" : 0.19098301,
      "y" : 0.0,
      "z" : 0.309017
    }, {
      "x" : 0.309017,
      "y" : -0.19098301,
      "z" : 0.0
    }, {
      "x" : 0.309017,
      "y" : 0.19098301,
      "z" : 0.0
    } ],
    "faces" : [ {
      "vertices" : [ 0, 1, 2 ]
    }, {
      "vertices" : [ 0, 3, 1 ]
    }, {
      "vertices" : [ 0, 2, 4 ]
    }, {
      "vertices" : [ 0, 5, 3 ]
    }, {
      "vertices" : [ 0, 4, 5 ]
    }, {
      "vertices" : [ 1, 6, 2 ]
    }, {
      "vertices" : [ 1, 3, 7 ]
    }, {
      "vertices" : [ 1, 7, 6 ]
    }, {
      "vertices" : [ 2, 8, 4 ]
    }, {
      "vertices" : [ 2, 6, 8 ]
    }, {
      "vertices" : [ 3, 5, 9 ]
    }, {
      "vertices" : [ 3, 9, 7 ]
    }, {
      "vertices" : [ 4, 10, 5 ]
    }, {
      "vertices" : [ 4, 8, 10 ]
    }, {
      "vertices" : [ 5, 10, 9 ]
    }, {
      "vertices" : [ 6, 7, 11 ]
    }, {
      "vertices" : [ 6, 11, 8 ]
    }, {
      "vertices" : [ 7, 9, 11 ]
    }, {
      "vertices" : [ 8, 11, 10 ]
    }, {
      "vertices" : [ 9, 10, 11 ]
    } ]
  }, {
    "id" : "5505cd73-dd47-4d17-bcf8-a7e8debe0582",
    "vertices" : [ {
      "x" : 20.253288,
      "y" : 0.0,
      "z" : -7.736068
    }, {
      "x" : 19.944271,
      "y" : 0.0,
      "z" : -7.618034
    }, {
      "x" : 19.539762,
      "y" : -0.1545085,
      "z" : -7.177051
    }, {
      "x" : 19.34878,
      "y" : -0.1545085,
      "z" : -7.677051
    }, {
      "x" : 0.9045085,
      "y" : -0.1545085,
      "z" : -0.059016995
    }, {
      "x" : 0.809017,
      "y" : 0.309017,
      "z" : -0.309017
    }, {
      "x" : 0.309017,
      "y" : 0.0,
      "z" : -0.11803399
    }, {
      "x" : 19.444271,
      "y" : 0.309017,
      "z" : -7.427051
    }, {
      "x" : 0.7135255,
      "y" : -0.1545085,
      "z" : -0.559017
    } ],
    "faces" : [ {
      "vertices" : [ 2, 4, 8 ]
    }, {
      "vertices" : [ 2, 8, 3 ]
    }, {
      "vertices" : [ 2, 7, 5 ]
    }, {
      "vertices" : [ 2, 5, 4 ]
    }, {
      "vertices" : [ 4, 6, 8 ]
    }, {
      "vertices" : [ 5, 8, 6 ]
    }, {
      "vertices" : [ 1, 2, 3 ]
    }, {
      "vertices" : [ 3, 8, 5 ]
    }, {
      "vertices" : [ 3, 5, 7 ]
    }, {
      "vertices" : [ 1, 7, 2 ]
    }, {
      "vertices" : [ 1, 3, 7 ]
    }, {
      "vertices" : [ 4, 5, 6 ]
    } ]
  }, {
    "id" : "8a821da8-fdb7-4011-953a-1bdfb234d6bf",
    "vertices" : [ {
      "x" : 0.9045085,
      "y" : 0.3454915,
      "z" : 0.25
    }, {
      "x" : 17.230747,
      "y" : 10.435661,
      "z" : 0.25
    }, {
      "x" : 17.039762,
      "y" : 10.7446785,
      "z" : 0.25
    }, {
      "x" : 0.7135255,
      "y" : 0.6545085,
      "z" : 0.25
    }, {
      "x" : 0.809017,
      "y" : 0.5,
      "z" : -0.309017
    }, {
      "x" : 0.9635255,
      "y" : 0.25,
      "z" : -0.095491506
    }, {
      "x" : 0.309017,
      "y" : 0.19098301,
      "z" : 0.0
    }, {
      "x" : 17.635256,
      "y" : 10.899187,
      "z" : 0.0
    }, {
      "x" : 16.980747,
      "y" : 10.84017,
      "z" : -0.095491506
    }, {
      "x" : 17.135256,
      "y" : 10.59017,
      "z" : -0.309017
    }, {
      "x" : 17.944271,
      "y" : 11.09017,
      "z" : 0.0
    }, {
      "x" : 0.6545085,
      "y" : 0.75,
      "z" : -0.095491506
    }, {
      "x" : 17.289762,
      "y" : 10.34017,
      "z" : -0.095491506
    } ],
    "faces" : [ {
      "vertices" : [ 4, 11, 8 ]
    }, {
      "vertices" : [ 4, 8, 9 ]
    }, {
      "vertices" : [ 0, 1, 2 ]
    }, {
      "vertices" : [ 0, 2, 3 ]
    }, {
      "vertices" : [ 0, 3, 6 ]
    }, {
      "vertices" : [ 1, 7, 2 ]
    }, {
      "vertices" : [ 0, 6, 5 ]
    }, {
      "vertices" : [ 4, 5, 6 ]
    }, {
      "vertices" : [ 2, 7, 8 ]
    }, {
      "vertices" : [ 0, 5, 12 ]
    }, {
      "vertices" : [ 0, 12, 1 ]
    }, {
      "vertices" : [ 1, 12, 7 ]
    }, {
      "vertices" : [ 3, 11, 6 ]
    }, {
      "vertices" : [ 4, 6, 11 ]
    }, {
      "vertices" : [ 7, 9, 8 ]
    }, {
      "vertices" : [ 2, 8, 11 ]
    }, {
      "vertices" : [ 2, 11, 3 ]
    }, {
      "vertices" : [ 7, 12, 9 ]
    }, {
      "vertices" : [ 4, 9, 12 ]
    }, {
      "vertices" : [ 4, 12, 5 ]
    } ]
  } ],
  "instances" : [ {
    "shape" : "5e204f65-5c51-4be3-bfb6-be2a2cd47b22",
    "color" : "#FFFFFF",
    "position" : {
      "x" : -9.435661,
      "y" : -5.045085,
      "z" : -4.295085
    }
  }, {
    "shape" : "5e204f65-5c51-4be3-bfb6-be2a2cd47b22",
    "color" : "#FFFFFF",
    "position" : {
      "x" : -9.952883,
      "y" : -3.958204,
      "z" : 2.5676274
    }
  }, {
    "shape" : "5505cd73-dd47-4d17-bcf8-a7e8debe0582",
    "color" : "#F0A000",
    "position" : {
      "x" : 3.0815594,
      "y" : 7.472136,
      "z" : 8.222136
    },
    "orientation" : 19
  }, {
    "shape" : "5e204f65-5c51-4be3-bfb6-be2a2cd47b22",
    "color" : "#FFFFFF",
    "position" : {
      "x" : 3.927051,
      "y" : 3.868034,
      "z" : 10.126644
    }
  }, {
    "shape" : "5e204f65-5c51-4be3-bfb6-be2a2cd47b22",
    "color" : "#FFFFFF",
    "position" : {
      "x" : 10.559017,
      "y" : 2.9774575,
      "z" : -0.98074645
    }
  }, {
    "shape" : "5e204f65-5c51-4be3-bfb6-be2a2cd47b22",
    "color" : "#FFFFFF",
    "position" : {
      "x" : -10.559017,
      "y" : 2.9774575,
      "z" : 0.98074645
    }
  }, {
    "shape" : "5505cd73-dd47-4d17-bcf8-a7e8debe0582",
    "color" : "#F0A000",
    "position" : {
      "x" : 8.222136,
      "y" : -3.0815594,
      "z" : -7.472136
    },
    "orientation" : 4
  }, {
    "shape" : "8a821da8-fdb7-4011-953a-1bdfb234d6bf",
    "color" : "#AF0000",
    "position" : {
      "x" : -2.5676274,
      "y" : 9.952883,
      "z" : -3.958204
    },
    "orientation" : 31
  }, {
    "shape" : "5e204f65-5c51-4be3-bfb6-be2a2cd47b22",
    "color" : "#FFFFFF",
    "position" : {
      "x" : -0.98074645,
      "y" : -10.559017,
      "z" : -2.9774575
    }
  }, {
    "shape" : "5e204f65-5c51-4be3-bfb6-be2a2cd47b22",
    "color" : "#FFFFFF",
    "position" : {
      "x" : -1.9635255,
      "y" : 7.045085,
      "z" : 8.913119
    }
  }, {
    "shape" : "5505cd73-dd47-4d17-bcf8-a7e8debe0582",
    "color" : "#F0A000",
    "position" : {
      "x" : 7.045085,
      "y" : 8.913119,
      "z" : -1.9635255
    },
    "orientation" : 16
  }, {
    "shape" : "8a821da8-fdb7-4011-953a-1bdfb234d6bf",
    "color" : "#AF0000",
    "position" : {
      "x" : -8.112713,
      "y" : -0.98074645,
      "z" : -7.385255
    },
    "orientation" : 2
  }, {
    "shape" : "5505cd73-dd47-4d17-bcf8-a7e8debe0582",
    "color" : "#F0A000",
    "position" : {
      "x" : -8.222136,
      "y" : -3.0815594,
      "z" : 7.472136
    },
    "orientation" : 3
  }, {
    "shape" : "5e204f65-5c51-4be3-bfb6-be2a2cd47b22",
    "color" : "#FFFFFF",
    "position" : {
      "x" : -10.126644,
      "y" : -3.927051,
      "z" : 3.868034
    }
  }, {
    "shape" : "5e204f65-5c51-4be3-bfb6-be2a2cd47b22",
    "color" : "#FFFFFF",
    "position" : {
      "x" : 7.9913898,
      "y" : -7.131966,
      "z" : -2.5676274
    }
  }, {
    "shape" : "5e204f65-5c51-4be3-bfb6-be2a2cd47b22",
    "color" : "#FFFFFF",
    "position" : {
      "x" : -3.927051,
      "y" : 3.868034,
      "z" : -10.126644
    }
  }, {
    "shape" : "5505cd73-dd47-4d17-bcf8-a7e8debe0582",
    "color" : "#F0A000",
    "position" : {
      "x" : -3.0815594,
      "y" : -7.472136,
      "z" : 8.222136
    },
    "orientation" : 3
  }, {
    "shape" : "5e204f65-5c51-4be3-bfb6-be2a2cd47b22",
    "color" : "#FFFFFF",
    "position" : {
      "x" : -9.435661,
      "y" : 5.045085,
      "z" : 4.295085
    }
  }, {
    "shape" : "5e204f65-5c51-4be3-bfb6-be2a2cd47b22",
    "color" : "#FFFFFF",
    "position" : {
      "x" : -8.222136,
      "y" : -3.0815594,
      "z" : 7.472136
    }
  }, {
    "shape" : "5e204f65-5c51-4be3-bfb6-be2a2cd47b22",
    "color" : "#FFFFFF",
    "position" : {
      "x" : -11.34017,
      "y" : 1.9635255,
      "z" : 0.690983
    }
  }, {
    "shape" : "5e204f65-5c51-4be3-bfb6-be2a2cd47b22",
    "color" : "#FFFFFF",
    "position" : {
      "x" : 8.112713,
      "y" : 0.98074645,
      "z" : -7.385255
    }
  }, {
    "shape" : "5505cd73-dd47-4d17-bcf8-a7e8debe0582",
    "color" : "#F0A000",
    "position" : {
      "x" : 1.9635255,
      "y" : -0.690983,
      "z" : 11.34017
    },
    "orientation" : 17
  }, {
    "shape" : "5e204f65-5c51-4be3-bfb6-be2a2cd47b22",
    "color" : "#FFFFFF",
    "position" : {
      "x" : 0.690983,
      "y" : 11.34017,
      "z" : -1.9635255
    }
  }, {
    "shape" : "5e204f65-5c51-4be3-bfb6-be2a2cd47b22",
    "color" : "#FFFFFF",
    "position" : {
      "x" : -0.98074645,
      "y" : 10.559017,
      "z" : 2.9774575
    }
  }, {
    "shape" : "5505cd73-dd47-4d17-bcf8-a7e8debe0582",
    "color" : "#F0A000",
    "position" : {
      "x" : 8.222136,
      "y" : 3.0815594,
      "z" : 7.472136
    },
    "orientation" : 19
  }, {
    "shape" : "5e204f65-5c51-4be3-bfb6-be2a2cd47b22",
    "color" : "#FFFFFF",
    "position" : {
      "x" : 11.34017,
      "y" : -1.9635255,
      "z" : 0.690983
    }
  }, {
    "shape" : "5505cd73-dd47-4d17-bcf8-a7e8debe0582",
    "color" : "#F0A000",
    "position" : {
      "x" : -3.0815594,
      "y" : 7.472136,
      "z" : -8.222136
    },
    "orientation" : 5
  }, {
    "shape" : "5e204f65-5c51-4be3-bfb6-be2a2cd47b22",
    "color" : "#FFFFFF",
    "position" : {
      "x" : -1.9635255,
      "y" : -7.045085,
      "z" : -8.913119
    }
  }, {
    "shape" : "5e204f65-5c51-4be3-bfb6-be2a2cd47b22",
    "color" : "#FFFFFF",
    "position" : {
      "x" : -2.9774575,
      "y" : -0.98074645,
      "z" : -10.559017
    }
  }, {
    "shape" : "5e204f65-5c51-4be3-bfb6-be2a2cd47b22",
    "color" : "#FFFFFF",
    "position" : {
      "x" : 2.9774575,
      "y" : -0.98074645,
      "z" : 10.559017
    }
  }, {
    "shape" : "5e204f65-5c51-4be3-bfb6-be2a2cd47b22",
    "color" : "#FFFFFF",
    "position" : {
      "x" : -11.34017,
      "y" : -1.9635255,
      "z" : -0.690983
    }
  }, {
    "shape" : "5e204f65-5c51-4be3-bfb6-be2a2cd47b22",
    "color" : "#FFFFFF",
    "position" : {
      "x" : -7.131966,
      "y" : 2.5676274,
      "z" : -7.9913898
    }
  }, {
    "shape" : "8a821da8-fdb7-4011-953a-1bdfb234d6bf",
    "color" : "#AF0000",
    "position" : {
      "x" : -7.131966,
      "y" : -2.5676274,
      "z" : 7.9913898
    },
    "orientation" : 17
  }, {
    "shape" : "5e204f65-5c51-4be3-bfb6-be2a2cd47b22",
    "color" : "#FFFFFF",
    "position" : {
      "x" : -2.9774575,
      "y" : 0.98074645,
      "z" : 10.559017
    }
  }, {
    "shape" : "5e204f65-5c51-4be3-bfb6-be2a2cd47b22",
    "color" : "#FFFFFF",
    "position" : {
      "x" : -8.222136,
      "y" : 3.0815594,
      "z" : -7.472136
    }
  }, {
    "shape" : "8a821da8-fdb7-4011-953a-1bdfb234d6bf",
    "color" : "#AF0000",
    "position" : {
      "x" : -10.559017,
      "y" : 2.9774575,
      "z" : 0.98074645
    },
    "orientation" : 15
  }, {
    "shape" : "8a821da8-fdb7-4011-953a-1bdfb234d6bf",
    "color" : "#AF0000",
    "position" : {
      "x" : 5.545085,
      "y" : 3.173762,
      "z" : -8.972136
    },
    "orientation" : 32
  }, {
    "shape" : "5505cd73-dd47-4d17-bcf8-a7e8debe0582",
    "color" : "#F0A000",
    "position" : {
      "x" : 1.9635255,
      "y" : 0.690983,
      "z" : -11.34017
    },
    "orientation" : 2
  }, {
    "shape" : "5e204f65-5c51-4be3-bfb6-be2a2cd47b22",
    "color" : "#FFFFFF",
    "position" : {
      "x" : -3.958204,
      "y" : 2.5676274,
      "z" : -9.952883
    }
  }, {
    "shape" : "5e204f65-5c51-4be3-bfb6-be2a2cd47b22",
    "color" : "#FFFFFF",
    "position" : {
      "x" : 7.131966,
      "y" : 2.5676274,
      "z" : 7.9913898
    }
  }, {
    "shape" : "5e204f65-5c51-4be3-bfb6-be2a2cd47b22",
    "color" : "#FFFFFF",
    "position" : {
      "x" : 8.972136,
      "y" : 5.545085,
      "z" : -3.173762
    }
  }, {
    "shape" : "5e204f65-5c51-4be3-bfb6-be2a2cd47b22",
    "color" : "#FFFFFF",
    "position" : {
      "x" : 7.045085,
      "y" : -8.913119,
      "z" : 1.9635255
    }
  }, {
    "shape" : "8a821da8-fdb7-4011-953a-1bdfb234d6bf",
    "color" : "#AF0000",
    "position" : {
      "x" : -2.5676274,
      "y" : -9.952883,
      "z" : 3.958204
    },
    "orientation" : 46
  }, {
    "shape" : "5505cd73-dd47-4d17-bcf8-a7e8debe0582",
    "color" : "#F0A000",
    "position" : {
      "x" : 10.126644,
      "y" : 3.927051,
      "z" : 3.868034
    },
    "orientation" : 30
  }, {
    "shape" : "5e204f65-5c51-4be3-bfb6-be2a2cd47b22",
    "color" : "#FFFFFF",
    "position" : {
      "x" : -0.690983,
      "y" : -11.34017,
      "z" : -1.9635255
    }
  }, {
    "shape" : "8a821da8-fdb7-4011-953a-1bdfb234d6bf",
    "color" : "#AF0000",
    "position" : {
      "x" : 8.112713,
      "y" : 0.98074645,
      "z" : -7.385255
    },
    "orientation" : 32
  }, {
    "shape" : "5e204f65-5c51-4be3-bfb6-be2a2cd47b22",
    "color" : "#FFFFFF",
    "position" : {
      "x" : 5.545085,
      "y" : 3.173762,
      "z" : -8.972136
    }
  }, {
    "shape" : "5e204f65-5c51-4be3-bfb6-be2a2cd47b22",
    "color" : "#FFFFFF",
    "position" : {
      "x" : -10.559017,
      "y" : -2.9774575,
      "z" : -0.98074645
    }
  }, {
    "shape" : "5505cd73-dd47-4d17-bcf8-a7e8debe0582",
    "color" : "#F0A000",
    "position" : {
      "x" : 7.472136,
      "y" : 8.222136,
      "z" : 3.0815594
    },
    "orientation" : 19
  }, {
    "shape" : "5e204f65-5c51-4be3-bfb6-be2a2cd47b22",
    "color" : "#FFFFFF",
    "position" : {
      "x" : 8.222136,
      "y" : 3.0815594,
      "z" : 7.472136
    }
  }, {
    "shape" : "5e204f65-5c51-4be3-bfb6-be2a2cd47b22",
    "color" : "#FFFFFF",
    "position" : {
      "x" : 2.5676274,
      "y" : 7.9913898,
      "z" : 7.131966
    }
  }, {
    "shape" : "5e204f65-5c51-4be3-bfb6-be2a2cd47b22",
    "color" : "#FFFFFF",
    "position" : {
      "x" : 3.173762,
      "y" : 8.972136,
      "z" : -5.545085
    }
  }, {
    "shape" : "5e204f65-5c51-4be3-bfb6-be2a2cd47b22",
    "color" : "#FFFFFF",
    "position" : {
      "x" : 7.385255,
      "y" : 8.112713,
      "z" : -0.98074645
    }
  }, {
    "shape" : "5e204f65-5c51-4be3-bfb6-be2a2cd47b22",
    "color" : "#FFFFFF",
    "position" : {
      "x" : 2.9774575,
      "y" : 0.98074645,
      "z" : -10.559017
    }
  }, {
    "shape" : "5e204f65-5c51-4be3-bfb6-be2a2cd47b22",
    "color" : "#FFFFFF",
    "position" : {
      "x" : 3.0815594,
      "y" : 7.472136,
      "z" : 8.222136
    }
  }, {
    "shape" : "8a821da8-fdb7-4011-953a-1bdfb234d6bf",
    "color" : "#AF0000",
    "position" : {
      "x" : -10.559017,
      "y" : -2.9774575,
      "z" : -0.98074645
    },
    "orientation" : 0
  }, {
    "shape" : "5e204f65-5c51-4be3-bfb6-be2a2cd47b22",
    "color" : "#FFFFFF",
    "position" : {
      "x" : 7.472136,
      "y" : 8.222136,
      "z" : 3.0815594
    }
  }, {
    "shape" : "5e204f65-5c51-4be3-bfb6-be2a2cd47b22",
    "color" : "#FFFFFF",
    "position" : {
      "x" : 7.385255,
      "y" : -8.112713,
      "z" : 0.98074645
    }
  }, {
    "shape" : "5e204f65-5c51-4be3-bfb6-be2a2cd47b22",
    "color" : "#FFFFFF",
    "position" : {
      "x" : -7.472136,
      "y" : 8.222136,
      "z" : -3.0815594
    }
  }, {
    "shape" : "5e204f65-5c51-4be3-bfb6-be2a2cd47b22",
    "color" : "#FFFFFF",
    "position" : {
      "x" : -0.98074645,
      "y" : 7.385255,
      "z" : 8.112713
    }
  }, {
    "shape" : "5e204f65-5c51-4be3-bfb6-be2a2cd47b22",
    "color" : "#FFFFFF",
    "position" : {
      "x" : 10.559017,
      "y" : -2.9774575,
      "z" : 0.98074645
    }
  }, {
    "shape" : "5e204f65-5c51-4be3-bfb6-be2a2cd47b22",
    "color" : "#FFFFFF",
    "position" : {
      "x" : -2.5676274,
      "y" : -7.9913898,
      "z" : 7.131966
    }
  }, {
    "shape" : "5505cd73-dd47-4d17-bcf8-a7e8debe0582",
    "color" : "#F0A000",
    "position" : {
      "x" : -1.9635255,
      "y" : 7.045085,
      "z" : 8.913119
    },
    "orientation" : 22
  }, {
    "shape" : "5e204f65-5c51-4be3-bfb6-be2a2cd47b22",
    "color" : "#FFFFFF",
    "position" : {
      "x" : -8.112713,
      "y" : 0.98074645,
      "z" : 7.385255
    }
  }, {
    "shape" : "5e204f65-5c51-4be3-bfb6-be2a2cd47b22",
    "color" : "#FFFFFF",
    "position" : {
      "x" : 9.435661,
      "y" : -5.045085,
      "z" : 4.295085
    }
  }, {
    "shape" : "5e204f65-5c51-4be3-bfb6-be2a2cd47b22",
    "color" : "#FFFFFF",
    "position" : {
      "x" : 0.98074645,
      "y" : -10.559017,
      "z" : 2.9774575
    }
  }, {
    "shape" : "5e204f65-5c51-4be3-bfb6-be2a2cd47b22",
    "color" : "#FFFFFF",
    "position" : {
      "x" : -4.295085,
      "y" : 9.435661,
      "z" : 5.045085
    }
  }, {
    "shape" : "5505cd73-dd47-4d17-bcf8-a7e8debe0582",
    "color" : "#F0A000",
    "position" : {
      "x" : 10.126644,
      "y" : -3.927051,
      "z" : -3.868034
    },
    "orientation" : 38
  }, {
    "shape" : "5e204f65-5c51-4be3-bfb6-be2a2cd47b22",
    "color" : "#FFFFFF",
    "position" : {
      "x" : -8.972136,
      "y" : 5.545085,
      "z" : 3.173762
    }
  }, {
    "shape" : "8a821da8-fdb7-4011-953a-1bdfb234d6bf",
    "color" : "#AF0000",
    "position" : {
      "x" : 0.98074645,
      "y" : 10.559017,
      "z" : -2.9774575
    },
    "orientation" : 31
  }, {
    "shape" : "8a821da8-fdb7-4011-953a-1bdfb234d6bf",
    "color" : "#AF0000",
    "position" : {
      "x" : -8.972136,
      "y" : 5.545085,
      "z" : 3.173762
    },
    "orientation" : 15
  }, {
    "shape" : "5e204f65-5c51-4be3-bfb6-be2a2cd47b22",
    "color" : "#FFFFFF",
    "position" : {
      "x" : -2.5676274,
      "y" : 7.9913898,
      "z" : -7.131966
    }
  }, {
    "shape" : "8a821da8-fdb7-4011-953a-1bdfb234d6bf",
    "color" : "#AF0000",
    "position" : {
      "x" : -7.9913898,
      "y" : -7.131966,
      "z" : 2.5676274
    },
    "orientation" : 0
  }, {
    "shape" : "5e204f65-5c51-4be3-bfb6-be2a2cd47b22",
    "color" : "#FFFFFF",
    "position" : {
      "x" : 1.9635255,
      "y" : -0.690983,
      "z" : 11.34017
    }
  }, {
    "shape" : "5505cd73-dd47-4d17-bcf8-a7e8debe0582",
    "color" : "#F0A000",
    "position" : {
      "x" : -3.868034,
      "y" : -10.126644,
      "z" : 3.927051
    },
    "orientation" : 6
  }, {
    "shape" : "5505cd73-dd47-4d17-bcf8-a7e8debe0582",
    "color" : "#F0A000",
    "position" : {
      "x" : -7.045085,
      "y" : -8.913119,
      "z" : -1.9635255
    },
    "orientation" : 6
  }, {
    "shape" : "5e204f65-5c51-4be3-bfb6-be2a2cd47b22",
    "color" : "#FFFFFF",
    "position" : {
      "x" : 8.112713,
      "y" : -0.98074645,
      "z" : 7.385255
    }
  }, {
    "shape" : "5505cd73-dd47-4d17-bcf8-a7e8debe0582",
    "color" : "#F0A000",
    "position" : {
      "x" : 3.0815594,
      "y" : -7.472136,
      "z" : -8.222136
    },
    "orientation" : 4
  }, {
    "shape" : "8a821da8-fdb7-4011-953a-1bdfb234d6bf",
    "color" : "#AF0000",
    "position" : {
      "x" : 7.9913898,
      "y" : 7.131966,
      "z" : 2.5676274
    },
    "orientation" : 30
  }, {
    "shape" : "5e204f65-5c51-4be3-bfb6-be2a2cd47b22",
    "color" : "#FFFFFF",
    "position" : {
      "x" : 4.295085,
      "y" : 9.435661,
      "z" : -5.045085
    }
  }, {
    "shape" : "5e204f65-5c51-4be3-bfb6-be2a2cd47b22",
    "color" : "#FFFFFF",
    "position" : {
      "x" : -1.9635255,
      "y" : -0.690983,
      "z" : -11.34017
    }
  }, {
    "shape" : "5e204f65-5c51-4be3-bfb6-be2a2cd47b22",
    "color" : "#FFFFFF",
    "position" : {
      "x" : -8.972136,
      "y" : -5.545085,
      "z" : -3.173762
    }
  }, {
    "shape" : "5e204f65-5c51-4be3-bfb6-be2a2cd47b22",
    "color" : "#FFFFFF",
    "position" : {
      "x" : -7.385255,
      "y" : -8.112713,
      "z" : -0.98074645
    }
  }, {
    "shape" : "5e204f65-5c51-4be3-bfb6-be2a2cd47b22",
    "color" : "#FFFFFF",
    "position" : {
      "x" : 0.690983,
      "y" : -11.34017,
      "z" : 1.9635255
    }
  }, {
    "shape" : "5505cd73-dd47-4d17-bcf8-a7e8debe0582",
    "color" : "#F0A000",
    "position" : {
      "x" : -3.927051,
      "y" : -3.868034,
      "z" : 10.126644
    },
    "orientation" : 17
  }, {
    "shape" : "5505cd73-dd47-4d17-bcf8-a7e8debe0582",
    "color" : "#F0A000",
    "position" : {
      "x" : -7.472136,
      "y" : -8.222136,
      "z" : 3.0815594
    },
    "orientation" : 3
  }, {
    "shape" : "8a821da8-fdb7-4011-953a-1bdfb234d6bf",
    "color" : "#AF0000",
    "position" : {
      "x" : -3.958204,
      "y" : 2.5676274,
      "z" : -9.952883
    },
    "orientation" : 2
  }, {
    "shape" : "5e204f65-5c51-4be3-bfb6-be2a2cd47b22",
    "color" : "#FFFFFF",
    "position" : {
      "x" : -7.131966,
      "y" : -2.5676274,
      "z" : 7.9913898
    }
  }, {
    "shape" : "8a821da8-fdb7-4011-953a-1bdfb234d6bf",
    "color" : "#AF0000",
    "position" : {
      "x" : 5.545085,
      "y" : -3.173762,
      "z" : 8.972136
    },
    "orientation" : 47
  }, {
    "shape" : "5e204f65-5c51-4be3-bfb6-be2a2cd47b22",
    "color" : "#FFFFFF",
    "position" : {
      "x" : 7.472136,
      "y" : -8.222136,
      "z" : -3.0815594
    }
  }, {
    "shape" : "5e204f65-5c51-4be3-bfb6-be2a2cd47b22",
    "color" : "#FFFFFF",
    "position" : {
      "x" : -7.045085,
      "y" : 8.913119,
      "z" : 1.9635255
    }
  }, {
    "shape" : "5e204f65-5c51-4be3-bfb6-be2a2cd47b22",
    "color" : "#FFFFFF",
    "position" : {
      "x" : 8.913119,
      "y" : -1.9635255,
      "z" : 7.045085
    }
  }, {
    "shape" : "5e204f65-5c51-4be3-bfb6-be2a2cd47b22",
    "color" : "#FFFFFF",
    "position" : {
      "x" : 9.952883,
      "y" : 3.958204,
      "z" : 2.5676274
    }
  }, {
    "shape" : "5e204f65-5c51-4be3-bfb6-be2a2cd47b22",
    "color" : "#FFFFFF",
    "position" : {
      "x" : -0.98074645,
      "y" : -7.385255,
      "z" : -8.112713
    }
  }, {
    "shape" : "5e204f65-5c51-4be3-bfb6-be2a2cd47b22",
    "color" : "#FFFFFF",
    "position" : {
      "x" : 1.9635255,
      "y" : -7.045085,
      "z" : 8.913119
    }
  }, {
    "shape" : "8a821da8-fdb7-4011-953a-1bdfb234d6bf",
    "color" : "#AF0000",
    "position" : {
      "x" : -9.952883,
      "y" : 3.958204,
      "z" : -2.5676274
    },
    "orientation" : 15
  }, {
    "shape" : "5e204f65-5c51-4be3-bfb6-be2a2cd47b22",
    "color" : "#FFFFFF",
    "position" : {
      "x" : -9.952883,
      "y" : 3.958204,
      "z" : -2.5676274
    }
  }, {
    "shape" : "5e204f65-5c51-4be3-bfb6-be2a2cd47b22",
    "color" : "#FFFFFF",
    "position" : {
      "x" : -8.913119,
      "y" : 1.9635255,
      "z" : 7.045085
    }
  }, {
    "shape" : "5e204f65-5c51-4be3-bfb6-be2a2cd47b22",
    "color" : "#FFFFFF",
    "position" : {
      "x" : 9.952883,
      "y" : -3.958204,
      "z" : -2.5676274
    }
  }, {
    "shape" : "5e204f65-5c51-4be3-bfb6-be2a2cd47b22",
    "color" : "#FFFFFF",
    "position" : {
      "x" : 0.98074645,
      "y" : 7.385255,
      "z" : -8.112713
    }
  }, {
    "shape" : "5e204f65-5c51-4be3-bfb6-be2a2cd47b22",
    "color" : "#FFFFFF",
    "position" : {
      "x" : -7.9913898,
      "y" : -7.131966,
      "z" : 2.5676274
    }
  }, {
    "shape" : "5e204f65-5c51-4be3-bfb6-be2a2cd47b22",
    "color" : "#FFFFFF",
    "position" : {
      "x" : -3.958204,
      "y" : -2.5676274,
      "z" : 9.952883
    }
  }, {
    "shape" : "5e204f65-5c51-4be3-bfb6-be2a2cd47b22",
    "color" : "#FFFFFF",
    "position" : {
      "x" : 7.9913898,
      "y" : 7.131966,
      "z" : 2.5676274
    }
  }, {
    "shape" : "5e204f65-5c51-4be3-bfb6-be2a2cd47b22",
    "color" : "#FFFFFF",
    "position" : {
      "x" : -2.5676274,
      "y" : -9.952883,
      "z" : 3.958204
    }
  }, {
    "shape" : "5e204f65-5c51-4be3-bfb6-be2a2cd47b22",
    "color" : "#FFFFFF",
    "position" : {
      "x" : 11.34017,
      "y" : 1.9635255,
      "z" : -0.690983
    }
  }, {
    "shape" : "5505cd73-dd47-4d17-bcf8-a7e8debe0582",
    "color" : "#F0A000",
    "position" : {
      "x" : -11.34017,
      "y" : 1.9635255,
      "z" : 0.690983
    },
    "orientation" : 0
  }, {
    "shape" : "5e204f65-5c51-4be3-bfb6-be2a2cd47b22",
    "color" : "#FFFFFF",
    "position" : {
      "x" : 8.913119,
      "y" : 1.9635255,
      "z" : -7.045085
    }
  }, {
    "shape" : "5e204f65-5c51-4be3-bfb6-be2a2cd47b22",
    "color" : "#FFFFFF",
    "position" : {
      "x" : -8.112713,
      "y" : -0.98074645,
      "z" : -7.385255
    }
  }, {
    "shape" : "5e204f65-5c51-4be3-bfb6-be2a2cd47b22",
    "color" : "#FFFFFF",
    "position" : {
      "x" : 8.222136,
      "y" : -3.0815594,
      "z" : -7.472136
    }
  }, {
    "shape" : "5e204f65-5c51-4be3-bfb6-be2a2cd47b22",
    "color" : "#FFFFFF",
    "position" : {
      "x" : 3.958204,
      "y" : 2.5676274,
      "z" : 9.952883
    }
  }, {
    "shape" : "5e204f65-5c51-4be3-bfb6-be2a2cd47b22",
    "color" : "#FFFFFF",
    "position" : {
      "x" : 5.045085,
      "y" : 4.295085,
      "z" : -9.435661
    }
  }, {
    "shape" : "5e204f65-5c51-4be3-bfb6-be2a2cd47b22",
    "color" : "#FFFFFF",
    "position" : {
      "x" : -4.295085,
      "y" : -9.435661,
      "z" : -5.045085
    }
  }, {
    "shape" : "5e204f65-5c51-4be3-bfb6-be2a2cd47b22",
    "color" : "#FFFFFF",
    "position" : {
      "x" : 3.958204,
      "y" : -2.5676274,
      "z" : -9.952883
    }
  }, {
    "shape" : "8a821da8-fdb7-4011-953a-1bdfb234d6bf",
    "color" : "#AF0000",
    "position" : {
      "x" : -7.385255,
      "y" : -8.112713,
      "z" : -0.98074645
    },
    "orientation" : 0
  }, {
    "shape" : "5e204f65-5c51-4be3-bfb6-be2a2cd47b22",
    "color" : "#FFFFFF",
    "position" : {
      "x" : -5.545085,
      "y" : -3.173762,
      "z" : -8.972136
    }
  }, {
    "shape" : "5e204f65-5c51-4be3-bfb6-be2a2cd47b22",
    "color" : "#FFFFFF",
    "position" : {
      "x" : 1.9635255,
      "y" : 7.045085,
      "z" : -8.913119
    }
  }, {
    "shape" : "5e204f65-5c51-4be3-bfb6-be2a2cd47b22",
    "color" : "#FFFFFF",
    "position" : {
      "x" : -3.173762,
      "y" : 8.972136,
      "z" : 5.545085
    }
  }, {
    "shape" : "5e204f65-5c51-4be3-bfb6-be2a2cd47b22",
    "color" : "#FFFFFF",
    "position" : {
      "x" : 0.98074645,
      "y" : 10.559017,
      "z" : -2.9774575
    }
  }, {
    "shape" : "5e204f65-5c51-4be3-bfb6-be2a2cd47b22",
    "color" : "#FFFFFF",
    "position" : {
      "x" : -3.173762,
      "y" : -8.972136,
      "z" : -5.545085
    }
  }, {
    "shape" : "5505cd73-dd47-4d17-bcf8-a7e8debe0582",
    "color" : "#F0A000",
    "position" : {
      "x" : -8.913119,
      "y" : 1.9635255,
      "z" : 7.045085
    },
    "orientation" : 0
  }, {
    "shape" : "5505cd73-dd47-4d17-bcf8-a7e8debe0582",
    "color" : "#F0A000",
    "position" : {
      "x" : -8.913119,
      "y" : -1.9635255,
      "z" : -7.045085
    },
    "orientation" : 8
  }, {
    "shape" : "8a821da8-fdb7-4011-953a-1bdfb234d6bf",
    "color" : "#AF0000",
    "position" : {
      "x" : 2.9774575,
      "y" : 0.98074645,
      "z" : -10.559017
    },
    "orientation" : 32
  }, {
    "shape" : "8a821da8-fdb7-4011-953a-1bdfb234d6bf",
    "color" : "#AF0000",
    "position" : {
      "x" : -2.9774575,
      "y" : -0.98074645,
      "z" : -10.559017
    },
    "orientation" : 2
  }, {
    "shape" : "5e204f65-5c51-4be3-bfb6-be2a2cd47b22",
    "color" : "#FFFFFF",
    "position" : {
      "x" : 9.435661,
      "y" : 5.045085,
      "z" : -4.295085
    }
  }, {
    "shape" : "5e204f65-5c51-4be3-bfb6-be2a2cd47b22",
    "color" : "#FFFFFF",
    "position" : {
      "x" : -10.126644,
      "y" : 3.927051,
      "z" : -3.868034
    }
  }, {
    "shape" : "5e204f65-5c51-4be3-bfb6-be2a2cd47b22",
    "color" : "#FFFFFF",
    "position" : {
      "x" : -5.045085,
      "y" : 4.295085,
      "z" : 9.435661
    }
  }, {
    "shape" : "5e204f65-5c51-4be3-bfb6-be2a2cd47b22",
    "color" : "#FFFFFF",
    "position" : {
      "x" : -3.868034,
      "y" : -10.126644,
      "z" : 3.927051
    }
  }, {
    "shape" : "5505cd73-dd47-4d17-bcf8-a7e8debe0582",
    "color" : "#F0A000",
    "position" : {
      "x" : -1.9635255,
      "y" : -7.045085,
      "z" : -8.913119
    },
    "orientation" : 7
  }, {
    "shape" : "8a821da8-fdb7-4011-953a-1bdfb234d6bf",
    "color" : "#AF0000",
    "position" : {
      "x" : 2.5676274,
      "y" : 7.9913898,
      "z" : 7.131966
    },
    "orientation" : 16
  }, {
    "shape" : "5505cd73-dd47-4d17-bcf8-a7e8debe0582",
    "color" : "#F0A000",
    "position" : {
      "x" : -3.868034,
      "y" : 10.126644,
      "z" : -3.927051
    },
    "orientation" : 21
  }, {
    "shape" : "5e204f65-5c51-4be3-bfb6-be2a2cd47b22",
    "color" : "#FFFFFF",
    "position" : {
      "x" : 3.0815594,
      "y" : -7.472136,
      "z" : -8.222136
    }
  }, {
    "shape" : "5505cd73-dd47-4d17-bcf8-a7e8debe0582",
    "color" : "#F0A000",
    "position" : {
      "x" : -0.690983,
      "y" : 11.34017,
      "z" : 1.9635255
    },
    "orientation" : 21
  }, {
    "shape" : "5e204f65-5c51-4be3-bfb6-be2a2cd47b22",
    "color" : "#FFFFFF",
    "position" : {
      "x" : -8.913119,
      "y" : -1.9635255,
      "z" : -7.045085
    }
  }, {
    "shape" : "8a821da8-fdb7-4011-953a-1bdfb234d6bf",
    "color" : "#AF0000",
    "position" : {
      "x" : -7.131966,
      "y" : 2.5676274,
      "z" : -7.9913898
    },
    "orientation" : 2
  }, {
    "shape" : "5e204f65-5c51-4be3-bfb6-be2a2cd47b22",
    "color" : "#FFFFFF",
    "position" : {
      "x" : 7.045085,
      "y" : 8.913119,
      "z" : -1.9635255
    }
  }, {
    "shape" : "5505cd73-dd47-4d17-bcf8-a7e8debe0582",
    "color" : "#F0A000",
    "position" : {
      "x" : 0.690983,
      "y" : -11.34017,
      "z" : 1.9635255
    },
    "orientation" : 1
  }, {
    "shape" : "5e204f65-5c51-4be3-bfb6-be2a2cd47b22",
    "color" : "#FFFFFF",
    "position" : {
      "x" : -3.0815594,
      "y" : 7.472136,
      "z" : -8.222136
    }
  }, {
    "shape" : "8a821da8-fdb7-4011-953a-1bdfb234d6bf",
    "color" : "#AF0000",
    "position" : {
      "x" : 2.5676274,
      "y" : -7.9913898,
      "z" : -7.131966
    },
    "orientation" : 1
  }, {
    "shape" : "8a821da8-fdb7-4011-953a-1bdfb234d6bf",
    "color" : "#AF0000",
    "position" : {
      "x" : -3.173762,
      "y" : 8.972136,
      "z" : 5.545085
    },
    "orientation" : 16
  }, {
    "shape" : "5e204f65-5c51-4be3-bfb6-be2a2cd47b22",
    "color" : "#FFFFFF",
    "position" : {
      "x" : -5.545085,
      "y" : 3.173762,
      "z" : 8.972136
    }
  }, {
    "shape" : "5e204f65-5c51-4be3-bfb6-be2a2cd47b22",
    "color" : "#FFFFFF",
    "position" : {
      "x" : 10.126644,
      "y" : 3.927051,
      "z" : 3.868034
    }
  }, {
    "shape" : "5e204f65-5c51-4be3-bfb6-be2a2cd47b22",
    "color" : "#FFFFFF",
    "position" : {
      "x" : -7.045085,
      "y" : -8.913119,
      "z" : -1.9635255
    }
  }, {
    "shape" : "5e204f65-5c51-4be3-bfb6-be2a2cd47b22",
    "color" : "#FFFFFF",
    "position" : {
      "x" : -0.690983,
      "y" : 11.34017,
      "z" : 1.9635255
    }
  }, {
    "shape" : "5e204f65-5c51-4be3-bfb6-be2a2cd47b22",
    "color" : "#FFFFFF",
    "position" : {
      "x" : -7.9913898,
      "y" : 7.131966,
      "z" : -2.5676274
    }
  }, {
    "shape" : "5e204f65-5c51-4be3-bfb6-be2a2cd47b22",
    "color" : "#FFFFFF",
    "position" : {
      "x" : 2.5676274,
      "y" : -7.9913898,
      "z" : -7.131966
    }
  }, {
    "shape" : "5505cd73-dd47-4d17-bcf8-a7e8debe0582",
    "color" : "#F0A000",
    "position" : {
