{
  "field" : "golden",
  "symmetry" : "icosahedral",
  "orientations" : [ [ 1.0, 0.0, 0.0, 0.0, 0.0, 1.0, 0.0, 0.0, 0.0, 0.0, 1.0, 0.0, 0.0, 0.0, 0.0, 1.0 ], [ 0.0, 0.0, 1.0, 0.0, 1.0, 0.0, 0.0, 0.0, 0.0, 1.0, 0.0, 0.0, 0.0, 0.0, 0.0, 1.0 ], [ 0.0, 1.0, 0.0, 0.0, 0.0, 0.0, 1.0, 0.0, 1.0, 0.0, 0.0, 0.0, 0.0, 0.0, 0.0, 1.0 ], [ 0.809017, 0.309017, 0.5, 0.0, 0.309017, 0.5, -0.809017, 0.0, -0.5, 0.809017, 0.309017, 0.0, 0.0, 0.0, 0.0, 1.0 ], [ -0.5, 0.809017, 0.309017, 0.0, 0.809017, 0.309017, 0.5, 0.0, 0.309017, 0.5, -0.809017, 0.0, 0.0, 0.0, 0.0, 1.0 ], [ 0.309017, 0.5, -0.809017, 0.0, -0.5, 0.809017, 0.309017, 0.0, 0.809017, 0.309017, 0.5, 0.0, 0.0, 0.0, 0.0, 1.0 ], [ 0.5, 0.809017, 0.309017, 0.0, 0.809017, -0.309017, -0.5, 0.0, -0.309017, 0.5, -0.809017, 0.0, 0.0, 0.0, 0.0, 1.0 ], [ -0.309017, 0.5, -0.809017, 0.0, 0.5, 0.809017, 0.309017, 0.0, 0.809017, -0.309017, -0.5, 0.0, 0.0, 0.0, 0.0, 1.0 ], [ 0.809017, -0.309017, -0.5, 0.0, -0.309017, 0.5, -0.809017, 0.0, 0.5, 0.809017, 0.309017, 0.0, 0.0, 0.0, 0.0, 1.0 ], [ 0.5, 0.809017, -0.309017, 0.0, 0.809017, -0.309017, 0.5, 0.0, 0.309017, -0.5, -0.809017, 0.0, 0.0, 0.0, 0.0, 1.0 ], [ 0.309017, -0.5, -0.809017, 0.0, 0.5, 0.809017, -0.309017, 0.0, 0.809017, -0.309017, 0.5, 0.0, 0.0, 0.0, 0.0, 1.0 ], [ 0.809017, -0.309017, 0.5, 0.0, 0.309017, -0.5, -0.809017, 0.0, 0.5, 0.809017, -0.309017, 0.0, 0.0, 0.0, 0.0, 1.0 ], [ 0.809017, 0.309017, -0.5, 0.0, 0.309017, 0.5, 0.809017, 0.0, 0.5, -0.809017, 0.309017, 0.0, 0.0, 0.0, 0.0, 1.0 ], [ 0.5, -0.809017, 0.309017, 0.0, 0.809017, 0.309017, -0.5, 0.0, 0.309017, 0.5, 0.809017, 0.0, 0.0, 0.0, 0.0, 1.0 ], [ 0.309017, 0.5, 0.809017, 0.0, 0.5, -0.809017, 0.309017, 0.0, 0.809017, 0.309017, -0.5, 0.0, 0.0, 0.0, 0.0, 1.0 ], [ 1.0, 0.0, 0.0, 0.0, 0.0, -1.0, 0.0, 0.0, 0.0, 0.0, -1.0, 0.0, 0.0, 0.0, 0.0, 1.0 ], [ 0.0, 0.0, 1.0, 0.0, -1.0, 0.0, 0.0, 0.0, 0.0, -1.0, 0.0, 0.0, 0.0, 0.0, 0.0, 1.0 ], [ 0.0, 1.0, 0.0, 0.0, 0.0, 0.0, -1.0, 0.0, -1.0, 0.0, 0.0, 0.0, 0.0, 0.0, 0.0, 1.0 ], [ 0.809017, 0.309017, 0.5, 0.0, -0.309017, -0.5, 0.809017, 0.0, 0.5, -0.809017, -0.309017, 0.0, 0.0, 0.0, 0.0, 1.0 ], [ -0.5, 0.809017, 0.309017, 0.0, -0.809017, -0.309017, -0.5, 0.0, -0.309017, -0.5, 0.809017, 0.0, 0.0, 0.0, 0.0, 1.0 ], [ 0.309017, 0.5, -0.809017, 0.0, 0.5, -0.809017, -0.309017, 0.0, -0.809017, -0.309017, -0.5, 0.0, 0.0, 0.0, 0.0, 1.0 ], [ 0.5, 0.809017, 0.309017, 0.0, -0.809017, 0.309017, 0.5, 0.0, 0.309017, -0.5, 0.809017, 0.0, 0.0, 0.0, 0.0, 1.0 ], [ -0.309017, 0.5, -0.809017, 0.0, -0.5, -0.809017, -0.309017, 0.0, -0.809017, 0.309017, 0.5, 0.0, 0.0, 0.0, 0.0, 1.0 ], [ 0.809017, -0.309017, -0.5, 0.0, 0.309017, -0.5, 0.809017, 0.0, -0.5, -0.809017, -0.309017, 0.0, 0.0, 0.0, 0.0, 1.0 ], [ 0.5, 0.809017, -0.309017, 0.0, -0.809017, 0.309017, -0.5, 0.0, -0.309017, 0.5, 0.809017, 0.0, 0.0, 0.0, 0.0, 1.0 ], [ 0.309017, -0.5, -0.809017, 0.0, -0.5, -0.809017, 0.309017, 0.0, -0.809017, 0.309017, -0.5, 0.0, 0.0, 0.0, 0.0, 1.0 ], [ 0.809017, -0.309017, 0.5, 0.0, -0.309017, 0.5, 0.809017, 0.0, -0.5, -0.809017, 0.309017, 0.0, 0.0, 0.0, 0.0, 1.0 ], [ 0.809017, 0.309017, -0.5, 0.0, -0.309017, -0.5, -0.809017, 0.0, -0.5, 0.809017, -0.309017, 0.0, 0.0, 0.0, 0.0, 1.0 ], [ 0.5, -0.809017, 0.309017, 0.0, -0.809017, -0.309017, 0.5, 0.0, -0.309017, -0.5, -0.809017, 0.0, 0.0, 0.0, 0.0, 1.0 ], [ 0.309017, 0.5, 0.809017, 0.0, -0.5, 0.809017, -0.309017, 0.0, -0.809017, -0.309017, 0.5, 0.0, 0.0, 0.0, 0.0, 1.0 ], [ -1.0, 0.0, 0.0, 0.0, 0.0, -1.0, 0.0, 0.0, 0.0, 0.0, 1.0, 0.0, 0.0, 0.0, 0.0, 1.0 ], [ 0.0, 0.0, -1.0, 0.0, -1.0, 0.0, 0.0, 0.0, 0.0, 1.0, 0.0, 0.0, 0.0, 0.0, 0.0, 1.0 ], [ 0.0, -1.0, 0.0, 0.0, 0.0, 0.0, -1.0, 0.0, 1.0, 0.0, 0.0, 0.0, 0.0, 0.0, 0.0, 1.0 ], [ -0.809017, -0.309017, -0.5, 0.0, -0.309017, -0.5, 0.809017, 0.0, -0.5, 0.809017, 0.309017, 0.0, 0.0, 0.0, 0.0, 1.0 ], [ 0.5, -0.809017, -0.309017, 0.0, -0.809017, -0.309017, -0.5, 0.0, 0.309017, 0.5, -0.809017, 0.0, 0.0, 0.0, 0.0, 1.0 ], [ -0.309017, -0.5, 0.809017, 0.0, 0.5, -0.809017, -0.309017, 0.0, 0.809017, 0.309017, 0.5, 0.0, 0.0, 0.0, 0.0, 1.0 ], [ -0.5, -0.809017, -0.309017, 0.0, -0.809017, 0.309017, 0.5, 0.0, -0.309017, 0.5, -0.809017, 0.0, 0.0, 0.0, 0.0, 1.0 ], [ 0.309017, -0.5, 0.809017, 0.0, -0.5, -0.809017, -0.309017, 0.0, 0.809017, -0.309017, -0.5, 0.0, 0.0, 0.0, 0.0, 1.0 ], [ -0.809017, 0.309017, 0.5, 0.0, 0.309017, -0.5, 0.809017, 0.0, 0.5, 0.809017, 0.309017, 0.0, 0.0, 0.0, 0.0, 1.0 ], [ -0.5, -0.809017, 0.309017, 0.0, -0.809017, 0.309017, -0.5, 0.0, 0.309017, -0.5, -0.809017, 0.0, 0.0, 0.0, 0.0, 1.0 ], [ -0.309017, 0.5, 0.809017, 0.0, -0.5, -0.809017, 0.309017, 0.0, 0.809017, -0.309017, 0.5, 0.0, 0.0, 0.0, 0.0, 1.0 ], [ -0.809017, 0.309017, -0.5, 0.0, -0.309017, 0.5, 0.809017, 0.0, 0.5, 0.809017, -0.309017, 0.0, 0.0, 0.0, 0.0, 1.0 ], [ -0.809017, -0.309017, 0.5, 0.0, -0.309017, -0.5, -0.809017, 0.0, 0.5, -0.809017, 0.309017, 0.0, 0.0, 0.0, 0.0, 1.0 ], [ -0.5, 0.809017, -0.309017, 0.0, -0.809017, -0.309017, 0.5, 0.0, 0.309017, 0.5, 0.809017, 0.0, 0.0, 0.0, 0.0, 1.0 ], [ -0.309017, -0.5, -0.809017, 0.0, -0.5, 0.809017, -0.309017, 0.0, 0.809017, 0.309017, -0.5, 0.0, 0.0, 0.0, 0.0, 1.0 ], [ -1.0, 0.0, 0.0, 0.0, 0.0, 1.0, 0.0, 0.0, 0.0, 0.0, -1.0, 0.0, 0.0, 0.0, 0.0, 1.0 ], [ 0.0, 0.0, -1.0, 0.0, 1.0, 0.0, 0.0, 0.0, 0.0, -1.0, 0.0, 0.0, 0.0, 0.0, 0.0, 1.0 ], [ 0.0, -1.0, 0.0, 0.0, 0.0, 0.0, 1.0, 0.0, -1.0, 0.0, 0.0, 0.0, 0.0, 0.0, 0.0, 1.0 ], [ -0.809017, -0.309017, -0.5, 0.0, 0.309017, 0.5, -0.809017, 0.0, 0.5, -0.809017, -0.309017, 0.0, 0.0, 0.0, 0.0, 1.0 ], [ 0.5, -0.809017, -0.309017, 0.0, 0.809017, 0.309017, 0.5, 0.0, -0.309017, -0.5, 0.809017, 0.0, 0.0, 0.0, 0.0, 1.0 ], [ -0.309017, -0.5, 0.809017, 0.0, -0.5, 0.809017, 0.309017, 0.0, -0.809017, -0.309017, -0.5, 0.0, 0.0, 0.0, 0.0, 1.0 ], [ -0.5, -0.809017, -0.309017, 0.0, 0.809017, -0.309017, -0.5, 0.0, 0.309017, -0.5, 0.809017, 0.0, 0.0, 0.0, 0.0, 1.0 ], [ 0.309017, -0.5, 0.809017, 0.0, 0.5, 0.809017, 0.309017, 0.0, -0.809017, 0.309017, 0.5, 0.0, 0.0, 0.0, 0.0, 1.0 ], [ -0.809017, 0.309017, 0.5, 0.0, -0.309017, 0.5, -0.809017, 0.0, -0.5, -0.809017, -0.309017, 0.0, 0.0, 0.0, 0.0, 1.0 ], [ -0.5, -0.809017, 0.309017, 0.0, 0.809017, -0.309017, 0.5, 0.0, -0.309017, 0.5, 0.809017, 0.0, 0.0, 0.0, 0.0, 1.0 ], [ -0.309017, 0.5, 0.809017, 0.0, 0.5, 0.809017, -0.309017, 0.0, -0.809017, 0.309017, -0.5, 0.0, 0.0, 0.0, 0.0, 1.0 ], [ -0.809017, 0.309017, -0.5, 0.0, 0.309017, -0.5, -0.809017, 0.0, -0.5, -0.809017, 0.309017, 0.0, 0.0, 0.0, 0.0, 1.0 ], [ -0.809017, -0.309017, 0.5, 0.0, 0.309017, 0.5, 0.809017, 0.0, -0.5, 0.809017, -0.309017, 0.0, 0.0, 0.0, 0.0, 1.0 ], [ -0.5, 0.809017, -0.309017, 0.0, 0.809017, 0.309017, -0.5, 0.0, -0.309017, -0.5, -0.809017, 0.0, 0.0, 0.0, 0.0, 1.0 ], [ -0.309017, -0.5, -0.809017, 0.0, 0.5, -0.809017, 0.309017, 0.0, -0.809017, -0.309017, 0.5, 0.0, 0.0, 0.0, 0.0, 1.0 ] ],
  "lights" : {
    "ambientColor" : "#292929",
    "backgroundColor" : "#AFC8DC",
    "directionalLights" : [ {
      "direction" : {
        "x" : 1.0,
        "y" : -1.0,
        "z" : -1.0
      },
      "color" : "#EBEBE4"
    }, {
      "direction" : {
        "x" : -1.0,
        "y" : 0.0,
        "z" : 0.0
      },
      "color" : "#E4E4EB"
    }, {
      "direction" : {
        "x" : 0.0,
        "y" : 0.0,
        "z" : -1.0
      },
      "color" : "#1E1E1E"
    } ]
  },
  "camera" : {
    "width" : 87.38924,
    "stereo" : false,
    "lookDirection" : {
      "x" : 0.0,
      "y" : 0.0,
      "z" : -1.0
    },
    "upDirection" : {
      "x" : 0.0,
      "y" : 1.0,
      "z" : 0.0
    },
    "lookAtPoint" : {
      "x" : 0.0,
      "y" : 0.0,
      "z" : 0.0
    },
    "perspective" : false,
    "viewDistance" : 194.19821,
    "nearClipDistance" : 0.48549566,
    "farClipDistance" : 388.39594,
    "fieldOfView" : 0.4426291,
    "position" : {
      "x" : 0.0,
      "y" : 0.0,
      "z" : 194.19821
    }
  },
  "embedding" : [ 1.0, 0.0, 0.0, 0.0, 0.0, 1.0, 0.0, 0.0, 0.0, 0.0, 1.0, 0.0, 0.0, 0.0, 0.0, 1.0 ],
  "shapes" : [ {
    "id" : "2fe6ac00-4173-497d-9e4a-78de00c2266a",
    "vertices" : [ {
      "x" : 8.472136,
      "y" : -8.472136,
      "z" : 16.944271
    }, {
      "x" : 4.236068,
      "y" : -4.236068,
      "z" : 12.708204
    }, {
      "x" : 8.472136,
      "y" : 0.0,
      "z" : 8.472136
    }, {
      "x" : 16.944271,
      "y" : -8.472136,
      "z" : 16.944271
    } ],
    "faces" : [ {
      "vertices" : [ 0, 1, 2 ]
    }, {
      "vertices" : [ 0, 2, 3 ]
    }, {
      "vertices" : [ 0, 3, 2 ]
    }, {
      "vertices" : [ 0, 2, 1 ]
    } ]
  }, {
    "id" : "10465379-28e8-459e-8e2c-e3811ed6a7cc",
    "vertices" : [ {
      "x" : -4.236068,
      "y" : 4.236068,
      "z" : 4.236068
    }, {
      "x" : 0.0,
      "y" : 8.472136,
      "z" : 0.0
    }, {
      "x" : 4.236068,
      "y" : 4.236068,
      "z" : 4.236068
    }, {
      "x" : 0.0,
      "y" : 0.0,
      "z" : 8.472136
    } ],
    "faces" : [ {
      "vertices" : [ 0, 1, 2 ]
    }, {
      "vertices" : [ 0, 2, 3 ]
    }, {
      "vertices" : [ 0, 3, 2 ]
    }, {
      "vertices" : [ 0, 2, 1 ]
    } ]
  }, {
    "id" : "6bc8087b-25d5-45a7-aeb9-03f874882b61",
    "vertices" : [ {
      "x" : -4.236068,
      "y" : 4.236068,
      "z" : 4.236068
    }, {
      "x" : -8.472136,
      "y" : 8.472136,
      "z" : 0.0
    }, {
      "x" : -16.944271,
      "y" : 16.944271,
      "z" : 8.472136
    }, {
      "x" : -16.944271,
      "y" : 16.944271,
      "z" : 16.944271
    } ],
    "faces" : [ {
      "vertices" : [ 0, 1, 2 ]
    }, {
      "vertices" : [ 0, 2, 3 ]
    }, {
      "vertices" : [ 0, 3, 2 ]
    }, {
      "vertices" : [ 0, 2, 1 ]
    } ]
  }, {
    "id" : "7e25b5a6-717d-4ef3-879a-2bb2e604acdf",
    "vertices" : [ {
      "x" : -0.309017,
      "y" : -0.19098301,
      "z" : 0.0
    }, {
      "x" : -0.309017,
      "y" : 0.19098301,
      "z" : 0.0
    }, {
      "x" : -0.19098301,
      "y" : 0.0,
      "z" : -0.309017
    }, {
      "x" : -0.19098301,
      "y" : 0.0,
      "z" : 0.309017
    }, {
      "x" : 0.0,
      "y" : -0.309017,
      "z" : -0.19098301
    }, {
      "x" : 0.0,
      "y" : -0.309017,
      "z" : 0.19098301
    }, {
      "x" : 0.0,
      "y" : 0.309017,
      "z" : -0.19098301
    }, {
      "x" : 0.0,
      "y" : 0.309017,
      "z" : 0.19098301
    }, {
      "x" : 0.19098301,
      "y" : 0.0,
      "z" : -0.309017
    }, {
      "x" : 0.19098301,
      "y" : 0.0,
      "z" : 0.309017
    }, {
      "x" : 0.309017,
      "y" : -0.19098301,
      "z" : 0.0
    }, {
      "x" : 0.309017,
      "y" : 0.19098301,
      "z" : 0.0
    } ],
    "faces" : [ {
      "vertices" : [ 0, 1, 2 ]
    }, {
      "vertices" : [ 0, 3, 1 ]
    }, {
      "vertices" : [ 0, 2, 4 ]
    }, {
      "vertices" : [ 0, 5, 3 ]
    }, {
      "vertices" : [ 0, 4, 5 ]
    }, {
      "vertices" : [ 1, 6, 2 ]
    }, {
      "vertices" : [ 1, 3, 7 ]
    }, {
      "vertices" : [ 1, 7, 6 ]
    }, {
      "vertices" : [ 2, 8, 4 ]
    }, {
      "vertices" : [ 2, 6, 8 ]
    }, {
      "vertices" : [ 3, 5, 9 ]
    }, {
      "vertices" : [ 3, 9, 7 ]
    }, {
      "vertices" : [ 4, 10, 5 ]
    }, {
      "vertices" : [ 4, 8, 10 ]
    }, {
      "vertices" : [ 5, 10, 9 ]
    }, {
      "vertices" : [ 6, 7, 11 ]
    }, {
      "vertices" : [ 6, 11, 8 ]
    }, {
      "vertices" : [ 7, 9, 11 ]
    }, {
      "vertices" : [ 8, 11, 10 ]
    }, {
      "vertices" : [ 9, 10, 11 ]
    } ]
  }, {
    "id" : "186860d6-5063-4119-9628-517b5cb0746f",
    "vertices" : [ {
      "x" : -16.944271,
      "y" : -8.472136,
      "z" : 16.944271
    }, {
      "x" : -16.944271,
      "y" : -16.944271,
      "z" : 16.944271
    }, {
      "x" : -16.944271,
      "y" : -16.944271,
      "z" : 8.472136
    }, {
      "x" : -16.944271,
      "y" : -8.472136,
      "z" : 8.472136
    } ],
    "faces" : [ {
      "vertices" : [ 0, 1, 2 ]
    }, {
      "vertices" : [ 0, 2, 3 ]
    }, {
      "vertices" : [ 0, 3, 2 ]
    }, {
      "vertices" : [ 0, 2, 1 ]
    } ]
  }, {
    "id" : "129fb8af-c9d1-411a-9a4e-0a435bf57a7f",
    "vertices" : [ {
      "x" : 0.0,
      "y" : 8.472136,
      "z" : 0.0
    }, {
      "x" : -8.472136,
      "y" : 16.944271,
      "z" : 8.472136
    }, {
      "x" : -12.708204,
      "y" : 12.708204,
      "z" : 4.236068
    }, {
      "x" : -4.236068,
      "y" : 4.236068,
      "z" : -4.236068
    } ],
    "faces" : [ {
      "vertices" : [ 0, 1, 2 ]
    }, {
      "vertices" : [ 0, 2, 3 ]
    }, {
      "vertices" : [ 0, 3, 2 ]
    }, {
      "vertices" : [ 0, 2, 1 ]
    } ]
  }, {
    "id" : "2ad2a88e-b3a3-490a-a845-c17acdd86a65",
    "vertices" : [ {
      "x" : -8.472136,
      "y" : 0.0,
      "z" : 8.472136
    }, {
      "x" : -12.708204,
      "y" : -4.236068,
      "z" : 12.708204
    }, {
      "x" : -16.944271,
      "y" : -8.472136,
      "z" : 8.472136
    }, {
      "x" : -12.708204,
      "y" : -4.236068,
      "z" : 4.236068
    } ],
    "faces" : [ {
      "vertices" : [ 0, 1, 2 ]
    }, {
      "vertices" : [ 0, 2, 3 ]
    }, {
      "vertices" : [ 0, 3, 2 ]
    }, {
      "vertices" : [ 0, 2, 1 ]
    } ]
  }, {
    "id" : "d3f804b6-afee-44cd-abd0-359a15406587",
    "vertices" : [ {
      "x" : -4.236068,
      "y" : 4.236068,
      "z" : 4.236068
    }, {
      "x" : -8.472136,
      "y" : 0.0,
      "z" : 0.0
    }, {
      "x" : -4.236068,
      "y" : 4.236068,
      "z" : -4.236068
    }, {
      "x" : 0.0,
      "y" : 8.472136,
      "z" : 0.0
    } ],
    "faces" : [ {
      "vertices" : [ 0, 1, 2 ]
    }, {
      "vertices" : [ 0, 2, 3 ]
    }, {
      "vertices" : [ 0, 3, 2 ]
    }, {
      "vertices" : [ 0, 2, 1 ]
    } ]
  }, {
    "id" : "a8cdb163-3350-4a05-97ce-9acb316f8c49",
    "vertices" : [ {
      "x" : 8.472136,
      "y" : -16.944271,
      "z" : 16.944271
    }, {
      "x" : 16.944271,
      "y" : -16.944271,
      "z" : 16.944271
    }, {
      "x" : 4.236068,
      "y" : -4.236068,
      "z" : 4.236068
    }, {
      "x" : 0.0,
      "y" : -8.472136,
      "z" : 8.472136
    } ],
    "faces" : [ {
      "vertices" : [ 0, 1, 2 ]
    }, {
      "vertices" : [ 0, 2, 3 ]
    }, {
      "vertices" : [ 0, 3, 2 ]
    }, {
      "vertices" : [ 0, 2, 1 ]
    } ]
  }, {
    "id" : "4d63b422-30d6-4e61-9c19-aee6627c66e6",
    "vertices" : [ {
      "x" : 16.944271,
      "y" : -8.472136,
      "z" : 16.944271
    }, {
      "x" : 8.472136,
      "y" : 0.0,
      "z" : 8.472136
    }, {
      "x" : 4.236068,
      "y" : -4.236068,
      "z" : 4.236068
    }, {
      "x" : 16.944271,
      "y" : -16.944271,
      "z" : 16.944271
    } ],
    "faces" : [ {
      "vertices" : [ 0, 1, 2 ]
    }, {
      "vertices" : [ 0, 2, 3 ]
    }, {
      "vertices" : [ 0, 3, 2 ]
    }, {
      "vertices" : [ 0, 2, 1 ]
    } ]
  }, {
    "id" : "7151087d-1450-43ba-863d-8979d9c14e8b",
    "vertices" : [ {
      "x" : 4.236068,
      "y" : 12.708204,
      "z" : 12.708204
    }, {
      "x" : 0.0,
      "y" : 16.944271,
      "z" : 8.472136
    }, {
      "x" : 8.472136,
      "y" : 16.944271,
      "z" : 8.472136
    } ],
    "faces" : [ {
      "vertices" : [ 0, 1, 2 ]
    }, {
      "vertices" : [ 0, 2, 1 ]
    } ]
  }, {
    "id" : "b692b110-e6b1-48c6-a1b1-dcfb1ad552f1",
    "vertices" : [ {
      "x" : -4.236068,
      "y" : -4.236068,
      "z" : 4.236068
    }, {
      "x" : 0.0,
      "y" : 0.0,
      "z" : 8.472136
    }, {
      "x" : -4.236068,
      "y" : 4.236068,
      "z" : 4.236068
    }, {
      "x" : -8.472136,
      "y" : 0.0,
      "z" : 0.0
    } ],
    "faces" : [ {
      "vertices" : [ 0, 1, 2 ]
    }, {
      "vertices" : [ 0, 2, 3 ]
    }, {
      "vertices" : [ 0, 3, 2 ]
    }, {
      "vertices" : [ 0, 2, 1 ]
    } ]
  }, {
    "id" : "e27e903b-7b73-403a-81c6-27b4bbe87080",
    "vertices" : [ {
      "x" : -4.236068,
      "y" : -4.236068,
      "z" : -4.236068
    }, {
      "x" : -8.472136,
      "y" : 0.0,
      "z" : 0.0
    }, {
      "x" : -4.236068,
      "y" : -4.236068,
      "z" : 4.236068
    }, {
      "x" : 0.0,
      "y" : -8.472136,
      "z" : 0.0
    } ],
    "faces" : [ {
      "vertices" : [ 0, 1, 2 ]
    }, {
      "vertices" : [ 0, 2, 3 ]
    }, {
      "vertices" : [ 0, 3, 2 ]
    }, {
      "vertices" : [ 0, 2, 1 ]
    } ]
  }, {
    "id" : "b7282450-d08d-4aa9-86ef-e3391ec4c7a8",
    "vertices" : [ {
      "x" : 12.708204,
      "y" : -4.236068,
      "z" : 12.708204
    }, {
      "x" : 8.472136,
      "y" : 0.0,
      "z" : 8.472136
    }, {
      "x" : 12.708204,
      "y" : 4.236068,
      "z" : 4.236068
    }, {
      "x" : 16.944271,
      "y" : 0.0,
      "z" : 8.472136
    } ],
    "faces" : [ {
      "vertices" : [ 0, 1, 2 ]
    }, {
      "vertices" : [ 0, 2, 3 ]
    }, {
      "vertices" : [ 0, 3, 2 ]
    }, {
      "vertices" : [ 0, 2, 1 ]
    } ]
  }, {
    "id" : "9b2ffc87-435b-4717-ac0a-31004a3f7d27",
    "vertices" : [ {
      "x" : 16.944271,
      "y" : -16.944271,
      "z" : 8.472136
    }, {
      "x" : 16.944271,
      "y" : -8.472136,
      "z" : 8.472136
    }, {
      "x" : 12.708204,
      "y" : -4.236068,
      "z" : 4.236068
    }, {
      "x" : 8.472136,
      "y" : -8.472136,
      "z" : 0.0
    } ],
    "faces" : [ {
      "vertices" : [ 0, 1, 2 ]
    }, {
      "vertices" : [ 0, 2, 3 ]
    }, {
      "vertices" : [ 0, 3, 2 ]
    }, {
      "vertices" : [ 0, 2, 1 ]
    } ]
  }, {
    "id" : "d0275b23-fd70-4c9e-95f2-0c9f91e7dd08",
    "vertices" : [ {
      "x" : 0.0,
      "y" : -8.472136,
      "z" : 0.0
    }, {
      "x" : 4.236068,
      "y" : -4.236068,
      "z" : 4.236068
    }, {
      "x" : 8.472136,
      "y" : 0.0,
      "z" : 0.0
    }, {
      "x" : 4.236068,
      "y" : -4.236068,
      "z" : -4.236068
    } ],
    "faces" : [ {
      "vertices" : [ 0, 1, 2 ]
    }, {
      "vertices" : [ 0, 2, 3 ]
    }, {
      "vertices" : [ 0, 3, 2 ]
    }, {
      "vertices" : [ 0, 2, 1 ]
    } ]
  }, {
    "id" : "ec5a18a0-f51c-440b-946d-9c8adab37873",
    "vertices" : [ {
      "x" : -8.472136,
      "y" : -8.472136,
      "z" : 16.944271
    }, {
      "x" : -8.472136,
      "y" : 0.0,
      "z" : 16.944271
    }, {
      "x" : 8.472136,
      "y" : 16.944271,
      "z" : 0.0
    }, {
      "x" : 12.708204,
      "y" : 12.708204,
      "z" : -4.236068
    } ],
    "faces" : [ {
      "vertices" : [ 0, 1, 2 ]
    }, {
      "vertices" : [ 0, 2, 3 ]
    }, {
      "vertices" : [ 0, 3, 2 ]
    }, {
      "vertices" : [ 0, 2, 1 ]
    } ]
  }, {
    "id" : "b4a60960-9280-4bb3-a721-b916153ac327",
    "vertices" : [ {
      "x" : 16.944271,
      "y" : 16.944271,
      "z" : -8.472136
    }, {
      "x" : 12.708204,
      "y" : 12.708204,
      "z" : -4.236068
    }, {
      "x" : 8.472136,
      "y" : 16.944271,
      "z" : -8.472136
    } ],
    "faces" : [ {
      "vertices" : [ 0, 1, 2 ]
    }, {
      "vertices" : [ 0, 2, 1 ]
    } ]
  }, {
    "id" : "14f2d2c7-a83e-413e-b681-06e543e939b8",
    "vertices" : [ {
      "x" : -12.708204,
      "y" : -12.708204,
      "z" : 4.236068
    }, {
      "x" : -8.472136,
      "y" : -8.472136,
      "z" : 0.0
    }, {
      "x" : -12.708204,
      "y" : -4.236068,
      "z" : -4.236068
    }, {
      "x" : -16.944271,
      "y" : -8.472136,
      "z" : 0.0
    } ],
    "faces" : [ {
      "vertices" : [ 0, 1, 2 ]
    }, {
      "vertices" : [ 0, 2, 3 ]
    }, {
      "vertices" : [ 0, 3, 2 ]
    }, {
      "vertices" : [ 0, 2, 1 ]
    } ]
  }, {
    "id" : "f201381d-3342-4575-bad6-ebe982adc8a7",
    "vertices" : [ {
      "x" : -4.236068,
      "y" : 12.708204,
      "z" : -4.236068
    }, {
      "x" : -8.472136,
      "y" : 16.944271,
      "z" : -8.472136
    }, {
      "x" : -12.708204,
      "y" : 12.708204,
      "z" : -4.236068
    }, {
      "x" : -8.472136,
      "y" : 8.472136,
      "z" : 0.0
    } ],
    "faces" : [ {
      "vertices" : [ 0, 1, 2 ]
    }, {
      "vertices" : [ 0, 2, 3 ]
    }, {
      "vertices" : [ 0, 3, 2 ]
    }, {
      "vertices" : [ 0, 2, 1 ]
    } ]
  }, {
    "id" : "0e187ce6-6f14-4510-8c0a-14a7ba74095e",
    "vertices" : [ {
      "x" : -4.236068,
      "y" : -4.236068,
      "z" : 4.236068
    }, {
      "x" : -8.472136,
      "y" : 0.0,
      "z" : 8.472136
    }, {
      "x" : -16.944271,
      "y" : -8.472136,
      "z" : 16.944271
    }, {
      "x" : -16.944271,
      "y" : -16.944271,
      "z" : 16.944271
    } ],
    "faces" : [ {
      "vertices" : [ 0, 1, 2 ]
    }, {
      "vertices" : [ 0, 2, 3 ]
    }, {
      "vertices" : [ 0, 3, 2 ]
    }, {
      "vertices" : [ 0, 2, 1 ]
    } ]
  }, {
    "id" : "e0067a32-d1ca-4f0d-9b5b-3702bef192bd",
    "vertices" : [ {
      "x" : 4.236068,
      "y" : 4.236068,
      "z" : 4.236068
    }, {
      "x" : 8.472136,
      "y" : 0.0,
      "z" : 0.0
    }, {
      "x" : 4.236068,
      "y" : 4.236068,
      "z" : -4.236068
    }, {
      "x" : 0.0,
      "y" : 8.472136,
      "z" : 0.0
    } ],
    "faces" : [ {
      "vertices" : [ 0, 1, 2 ]
    }, {
      "vertices" : [ 0, 2, 3 ]
    }, {
      "vertices" : [ 0, 3, 2 ]
    }, {
      "vertices" : [ 0, 2, 1 ]
    } ]
  }, {
    "id" : "351aaf35-ff8b-4c65-a9ce-2d9aae0cfefd",
    "vertices" : [ {
      "x" : -8.472136,
      "y" : 8.472136,
      "z" : -16.944271
    }, {
      "x" : -12.708204,
      "y" : 4.236068,
      "z" : -12.708204
    }, {
      "x" : -16.944271,
      "y" : 8.472136,
      "z" : -16.944271
    } ],
    "faces" : [ {
      "vertices" : [ 0, 1, 2 ]
    }, {
      "vertices" : [ 0, 2, 1 ]
    } ]
  }, {
    "id" : "74dac0bc-4978-45c2-b316-6d991036438d",
    "vertices" : [ {
      "x" : -8.472136,
      "y" : 16.944271,
      "z" : -8.472136
    }, {
      "x" : 0.0,
      "y" : 16.944271,
      "z" : -8.472136
    }, {
      "x" : -4.236068,
      "y" : 12.708204,
      "z" : -12.708204
    } ],
    "faces" : [ {
      "vertices" : [ 0, 1, 2 ]
    }, {
      "vertices" : [ 0, 2, 1 ]
    } ]
  }, {
    "id" : "93aa0b41-44e6-40c5-935c-28d25a60f642",
    "vertices" : [ {
      "x" : -8.472136,
      "y" : 8.472136,
      "z" : 16.944271
    }, {
      "x" : -8.472136,
      "y" : 16.944271,
      "z" : 16.944271
    }, {
      "x" : -4.236068,
      "y" : 12.708204,
      "z" : 12.708204
    } ],
    "faces" : [ {
      "vertices" : [ 0, 1, 2 ]
    }, {
      "vertices" : [ 0, 2, 1 ]
    } ]
  }, {
    "id" : "771b011b-30a5-41dd-99bf-b7ef32450cf1",
    "vertices" : [ {
      "x" : 16.944271,
      "y" : 16.944271,
      "z" : 16.944271
    }, {
      "x" : 8.472136,
      "y" : 16.944271,
      "z" : 16.944271
    }, {
      "x" : 8.472136,
      "y" : 8.472136,
      "z" : 16.944271
    }, {
      "x" : 16.944271,
      "y" : 8.472136,
      "z" : 16.944271
    } ],
    "faces" : [ {
      "vertices" : [ 0, 1, 2 ]
    }, {
      "vertices" : [ 0, 2, 3 ]
    }, {
      "vertices" : [ 0, 3, 2 ]
    }, {
      "vertices" : [ 0, 2, 1 ]
    } ]
  }, {
    "id" : "6bbf0fea-4747-456e-82d2-38dc987386f3",
    "vertices" : [ {
      "x" : 0.0,
      "y" : 0.0,
      "z" : 8.472136
    }, {
      "x" : -4.236068,
      "y" : -4.236068,
      "z" : 4.236068
    }, {
      "x" : 0.0,
      "y" : -8.472136,
      "z" : 0.0
    }, {
      "x" : 4.236068,
      "y" : -4.236068,
      "z" : 4.236068
    } ],
    "faces" : [ {
      "vertices" : [ 0, 1, 2 ]
    }, {
      "vertices" : [ 0, 2, 3 ]
    }, {
      "vertices" : [ 0, 3, 2 ]
    }, {
      "vertices" : [ 0, 2, 1 ]
    } ]
  }, {
    "id" : "bc8e8edd-5927-4235-b52e-918a3bbf0555",
    "vertices" : [ {
      "x" : -8.472136,
      "y" : -16.944271,
      "z" : 8.472136
    }, {
      "x" : 0.0,
      "y" : -16.944271,
      "z" : 8.472136
    }, {
      "x" : 4.236068,
      "y" : -12.708204,
      "z" : 4.236068
    }, {
      "x" : 0.0,
      "y" : -8.472136,
      "z" : 0.0
    } ],
    "faces" : [ {
      "vertices" : [ 0, 1, 2 ]
    }, {
      "vertices" : [ 0, 2, 3 ]
    }, {
      "vertices" : [ 0, 3, 2 ]
    }, {
      "vertices" : [ 0, 2, 1 ]
    } ]
  }, {
    "id" : "01867e74-c95a-409d-a201-586835b6f1cf",
    "vertices" : [ {
      "x" : -16.944271,
      "y" : 8.472136,
      "z" : 8.472136
    }, {
      "x" : -16.944271,
      "y" : 16.944271,
      "z" : 8.472136
    }, {
      "x" : -16.944271,
      "y" : 16.944271,
      "z" : 16.944271
    }, {
      "x" : -16.944271,
      "y" : 8.472136,
      "z" : 16.944271
    } ],
    "faces" : [ {
      "vertices" : [ 0, 1, 2 ]
    }, {
      "vertices" : [ 0, 2, 3 ]
    }, {
      "vertices" : [ 0, 3, 2 ]
    }, {
      "vertices" : [ 0, 2, 1 ]
    } ]
  }, {
    "id" : "d59c5c28-4013-4c24-ac32-8406f2248196",
    "vertices" : [ {
      "x" : -16.944271,
      "y" : -8.472136,
      "z" : 16.944271
    }, {
      "x" : -16.944271,
      "y" : -8.472136,
      "z" : 8.472136
    }, {
      "x" : -12.708204,
      "y" : -4.236068,
      "z" : 12.708204
    } ],
    "faces" : [ {
      "vertices" : [ 0, 1, 2 ]
    }, {
      "vertices" : [ 0, 2, 1 ]
    } ]
  }, {
    "id" : "2c2465d1-7f86-40f4-be2a-c86adbb42eb7",
    "vertices" : [ {
      "x" : 12.708204,
      "y" : 12.708204,
      "z" : 4.236068
    }, {
      "x" : 16.944271,
      "y" : 8.472136,
      "z" : 0.0
    }, {
      "x" : 16.944271,
      "y" : 8.472136,
      "z" : 8.472136
    } ],
    "faces" : [ {
      "vertices" : [ 0, 1, 2 ]
    }, {
      "vertices" : [ 0, 2, 1 ]
    } ]
  }, {
    "id" : "d6de5e41-89d3-4232-8c57-ee4c720961ac",
    "vertices" : [ {
      "x" : -12.708204,
      "y" : 4.236068,
      "z" : -4.236068
    }, {
      "x" : -16.944271,
      "y" : 8.472136,
      "z" : -8.472136
    }, {
      "x" : -16.944271,
      "y" : 16.944271,
      "z" : -8.472136
    }, {
      "x" : -8.472136,
      "y" : 8.472136,
      "z" : 0.0
    } ],
    "faces" : [ {
      "vertices" : [ 0, 1, 2 ]
    }, {
      "vertices" : [ 0, 2, 3 ]
    }, {
      "vertices" : [ 0, 3, 2 ]
    }, {
      "vertices" : [ 0, 2, 1 ]
    } ]
  }, {
    "id" : "c60f9788-fe7f-467c-abb2-d62cd4acc30b",
    "vertices" : [ {
      "x" : -16.944271,
      "y" : -8.472136,
      "z" : 8.472136
    }, {
      "x" : -16.944271,
      "y" : -8.472136,
      "z" : 0.0
    }, {
      "x" : -12.708204,
      "y" : -4.236068,
      "z" : -4.236068
    }, {
      "x" : -8.472136,
      "y" : 0.0,
      "z" : 0.0
    } ],
    "faces" : [ {
      "vertices" : [ 0, 1, 2 ]
    }, {
      "vertices" : [ 0, 2, 3 ]
    }, {
      "vertices" : [ 0, 3, 2 ]
    }, {
      "vertices" : [ 0, 2, 1 ]
    } ]
  }, {
    "id" : "77f7c2cb-9d45-4b95-bc2e-1f36e3c1b599",
    "vertices" : [ {
      "x" : 8.472136,
      "y" : 8.472136,
      "z" : 16.944271
    }, {
      "x" : 8.472136,
      "y" : 0.0,
      "z" : 16.944271
    }, {
      "x" : 12.708204,
      "y" : 4.236068,
      "z" : 12.708204
    } ],
    "faces" : [ {
      "vertices" : [ 0, 1, 2 ]
    }, {
      "vertices" : [ 0, 2, 1 ]
    } ]
  }, {
    "id" : "4893ea5a-bc88-498c-8139-790adcb56d4b",
    "vertices" : [ {
      "x" : 4.236068,
      "y" : 4.236068,
      "z" : 4.236068
    }, {
      "x" : 16.944271,
      "y" : 16.944271,
      "z" : 16.944271
    }, {
      "x" : 16.944271,
      "y" : 8.472136,
      "z" : 16.944271
    }, {
      "x" : 8.472136,
      "y" : 0.0,
      "z" : 8.472136
    } ],
    "faces" : [ {
      "vertices" : [ 0, 1, 2 ]
    }, {
      "vertices" : [ 0, 2, 3 ]
    }, {
      "vertices" : [ 0, 3, 2 ]
    }, {
      "vertices" : [ 0, 2, 1 ]
    } ]
  }, {
    "id" : "216219b3-7fb3-43ee-8b32-7780fbfb26f8",
    "vertices" : [ {
      "x" : -8.472136,
      "y" : 8.472136,
      "z" : -16.944271
    }, {
      "x" : -4.236068,
      "y" : 4.236068,
      "z" : -12.708204
    }, {
      "x" : 0.0,
      "y" : 8.472136,
      "z" : -8.472136
    }, {
      "x" : -8.472136,
      "y" : 16.944271,
      "z" : -16.944271
    } ],
    "faces" : [ {
      "vertices" : [ 0, 1, 2 ]
    }, {
      "vertices" : [ 0, 2, 3 ]
    }, {
      "vertices" : [ 0, 3, 2 ]
    }, {
      "vertices" : [ 0, 2, 1 ]
    } ]
  }, {
    "id" : "2d27cdf0-45b6-4096-a4f6-b72f1d051433",
    "vertices" : [ {
      "x" : -8.472136,
      "y" : -16.944271,
      "z" : 16.944271
    }, {
      "x" : -16.944271,
      "y" : -16.944271,
      "z" : 16.944271
    }, {
      "x" : -16.944271,
      "y" : -8.472136,
      "z" : 16.944271
    }, {
      "x" : -8.472136,
      "y" : -8.472136,
      "z" : 16.944271
    } ],
    "faces" : [ {
      "vertices" : [ 0, 1, 2 ]
    }, {
      "vertices" : [ 0, 2, 3 ]
    }, {
      "vertices" : [ 0, 3, 2 ]
    }, {
      "vertices" : [ 0, 2, 1 ]
    } ]
  }, {
    "id" : "d7bd4596-3752-419a-8933-46514e73ee41",
    "vertices" : [ {
      "x" : -16.944271,
      "y" : 16.944271,
      "z" : -8.472136
    }, {
      "x" : -16.944271,
      "y" : 16.944271,
      "z" : -16.944271
    }, {
      "x" : -8.472136,
      "y" : 16.944271,
      "z" : -16.944271
    }, {
      "x" : -8.472136,
      "y" : 16.944271,
      "z" : -8.472136
    } ],
    "faces" : [ {
      "vertices" : [ 0, 1, 2 ]
    }, {
      "vertices" : [ 0, 2, 3 ]
    }, {
      "vertices" : [ 0, 3, 2 ]
    }, {
      "vertices" : [ 0, 2, 1 ]
    } ]
  }, {
    "id" : "bdce9bed-40a5-4e29-ac26-bc61b61e5c2f",
    "vertices" : [ {
      "x" : 16.944271,
      "y" : -8.472136,
      "z" : 8.472136
    }, {
      "x" : 16.944271,
      "y" : 0.0,
      "z" : 8.472136
    }, {
      "x" : 12.708204,
      "y" : 4.236068,
      "z" : 4.236068
    }, {
      "x" : 8.472136,
      "y" : 0.0,
      "z" : 0.0
    } ],
    "faces" : [ {
      "vertices" : [ 0, 1, 2 ]
    }, {
      "vertices" : [ 0, 2, 3 ]
    }, {
      "vertices" : [ 0, 3, 2 ]
    }, {
      "vertices" : [ 0, 2, 1 ]
    } ]
  }, {
    "id" : "ecd1b61b-d0d5-42f2-a975-bf710ae1ece3",
    "vertices" : [ {
      "x" : -8.472136,
      "y" : 0.0,
      "z" : 0.0
    }, {
      "x" : -16.944271,
      "y" : 8.472136,
      "z" : 8.472136
    }, {
      "x" : -16.944271,
      "y" : 0.0,
      "z" : 8.472136
    }, {
      "x" : -12.708204,
      "y" : -4.236068,
      "z" : 4.236068
    } ],
    "faces" : [ {
      "vertices" : [ 0, 1, 2 ]
    }, {
      "vertices" : [ 0, 2, 3 ]
    }, {
      "vertices" : [ 0, 3, 2 ]
    }, {
      "vertices" : [ 0, 2, 1 ]
    } ]
  }, {
    "id" : "41824428-772a-43ef-a967-017eca2e9699",
    "vertices" : [ {
      "x" : 12.708204,
      "y" : -4.236068,
      "z" : -12.708204
    }, {
      "x" : 8.472136,
      "y" : 0.0,
      "z" : -16.944271
    }, {
      "x" : 8.472136,
      "y" : -8.472136,
      "z" : -16.944271
    } ],
    "faces" : [ {
      "vertices" : [ 0, 1, 2 ]
    }, {
      "vertices" : [ 0, 2, 1 ]
    } ]
  }, {
    "id" : "ddc4a768-7a0c-4add-8922-03c3302a4b47",
    "vertices" : [ {
      "x" : 8.472136,
      "y" : -8.472136,
      "z" : -16.944271
    }, {
      "x" : 8.472136,
      "y" : -16.944271,
      "z" : -16.944271
    }, {
      "x" : 16.944271,
      "y" : -16.944271,
      "z" : -16.944271
    }, {
      "x" : 16.944271,
      "y" : -8.472136,
      "z" : -16.944271
    } ],
    "faces" : [ {
      "vertices" : [ 0, 1, 2 ]
    }, {
      "vertices" : [ 0, 2, 3 ]
    }, {
      "vertices" : [ 0, 3, 2 ]
    }, {
      "vertices" : [ 0, 2, 1 ]
    } ]
  }, {
    "id" : "f634176b-d196-46c3-b547-9495262887ab",
    "vertices" : [ {
      "x" : 8.472136,
      "y" : 16.944271,
      "z" : 16.944271
    }, {
      "x" : 4.236068,
      "y" : 12.708204,
      "z" : 12.708204
    }, {
      "x" : 8.472136,
      "y" : 16.944271,
      "z" : 8.472136
    } ],
    "faces" : [ {
      "vertices" : [ 0, 1, 2 ]
    }, {
      "vertices" : [ 0, 2, 1 ]
    } ]
  }, {
    "id" : "5c4d6cb7-27b3-4599-a498-0bf736c0bc4b",
    "vertices" : [ {
      "x" : 4.236068,
      "y" : -4.236068,
      "z" : 12.708204
    }, {
      "x" : 8.472136,
      "y" : 0.0,
      "z" : 16.944271
    }, {
      "x" : 12.708204,
      "y" : 4.236068,
      "z" : 12.708204
    }, {
      "x" : 8.472136,
      "y" : 0.0,
      "z" : 8.472136
    } ],
    "faces" : [ {
      "vertices" : [ 0, 1, 2 ]
    }, {
      "vertices" : [ 0, 2, 3 ]
    }, {
      "vertices" : [ 0, 3, 2 ]
    }, {
      "vertices" : [ 0, 2, 1 ]
    } ]
  }, {
    "id" : "83b8ae44-1edb-44da-9b9b-624a4f2f8a60",
    "vertices" : [ {
      "x" : -8.472136,
      "y" : 16.944271,
      "z" : 8.472136
    }, {
      "x" : -8.472136,
      "y" : 16.944271,
      "z" : 0.0
    }, {
      "x" : 8.472136,
      "y" : 0.0,
      "z" : -16.944271
    }, {
      "x" : 12.708204,
      "y" : -4.236068,
      "z" : -12.708204
    } ],
    "faces" : [ {
      "vertices" : [ 0, 1, 2 ]
    }, {
      "vertices" : [ 0, 2, 3 ]
    }, {
      "vertices" : [ 0, 3, 2 ]
    }, {
      "vertices" : [ 0, 2, 1 ]
    } ]
  }, {
    "id" : "08f264c4-92d8-40a3-a197-7981779221e5",
    "vertices" : [ {
      "x" : 0.0,
      "y" : -8.472136,
      "z" : -16.944271
    }, {
      "x" : -4.236068,
      "y" : -12.708204,
      "z" : -12.708204
    }, {
      "x" : 16.944271,
      "y" : 8.472136,
      "z" : 8.472136
    }, {
      "x" : 16.944271,
      "y" : 8.472136,
      "z" : 0.0
    } ],
    "faces" : [ {
      "vertices" : [ 0, 1, 2 ]
    }, {
      "vertices" : [ 0, 2, 3 ]
    }, {
      "vertices" : [ 0, 3, 2 ]
    }, {
      "vertices" : [ 0, 2, 1 ]
    } ]
  }, {
    "id" : "1373ceba-0e34-4f63-bc77-4217d75c0d29",
    "vertices" : [ {
      "x" : -12.708204,
      "y" : 4.236068,
      "z" : -12.708204
    }, {
      "x" : -8.472136,
      "y" : 0.0,
      "z" : -16.944271
    }, {
      "x" : -8.472136,
      "y" : 8.472136,
      "z" : -16.944271
    } ],
    "faces" : [ {
      "vertices" : [ 0, 1, 2 ]
    }, {
      "vertices" : [ 0, 2, 1 ]
    } ]
  }, {
    "id" : "7b092e29-6c60-4201-acff-383dead30fff",
    "vertices" : [ {
      "x" : -8.472136,
      "y" : 8.472136,
      "z" : 0.0
    }, {
      "x" : -16.944271,
      "y" : 16.944271,
      "z" : -8.472136
    }, {
      "x" : -16.944271,
      "y" : 16.944271,
      "z" : -16.944271
    }, {
      "x" : -4.236068,
      "y" : 4.236068,
      "z" : -4.236068
    } ],
    "faces" : [ {
      "vertices" : [ 0, 1, 2 ]
    }, {
      "vertices" : [ 0, 2, 3 ]
    }, {
      "vertices" : [ 0, 3, 2 ]
    }, {
      "vertices" : [ 0, 2, 1 ]
    } ]
  }, {
    "id" : "553dc4b7-89f2-4e3d-abe3-e54de7fd3923",
    "vertices" : [ {
      "x" : 16.944271,
      "y" : 16.944271,
      "z" : -8.472136
    }, {
      "x" : 16.944271,
      "y" : 16.944271,
      "z" : -16.944271
    }, {
      "x" : 16.944271,
      "y" : 8.472136,
      "z" : -16.944271
    }, {
      "x" : 16.944271,
      "y" : 8.472136,
      "z" : -8.472136
    } ],
    "faces" : [ {
      "vertices" : [ 0, 1, 2 ]
    }, {
      "vertices" : [ 0, 2, 3 ]
    }, {
      "vertices" : [ 0, 3, 2 ]
    }, {
      "vertices" : [ 0, 2, 1 ]
    } ]
  }, {
    "id" : "26147d90-7820-4ee3-b0d2-da925cf2f8ed",
    "vertices" : [ {
      "x" : 4.236068,
      "y" : 12.708204,
      "z" : -4.236068
    }, {
      "x" : 0.0,
      "y" : 8.472136,
      "z" : -8.472136
    }, {
      "x" : 8.472136,
      "y" : 16.944271,
      "z" : -16.944271
    }, {
      "x" : 8.472136,
      "y" : 16.944271,
      "z" : -8.472136
    } ],
    "faces" : [ {
      "vertices" : [ 0, 1, 2 ]
    }, {
      "vertices" : [ 0, 2, 3 ]
    }, {
      "vertices" : [ 0, 3, 2 ]
    }, {
      "vertices" : [ 0, 2, 1 ]
    } ]
  }, {
    "id" : "3bfb8f12-65b9-412f-83db-93cf299bb626",
    "vertices" : [ {
      "x" : 4.236068,
      "y" : 4.236068,
      "z" : 12.708204
    }, {
      "x" : 8.472136,
      "y" : 8.472136,
      "z" : 16.944271
    }, {
      "x" : 8.472136,
      "y" : 16.944271,
      "z" : 16.944271
    }, {
      "x" : 0.0,
      "y" : 8.472136,
      "z" : 8.472136
    } ],
    "faces" : [ {
      "vertices" : [ 0, 1, 2 ]
    }, {
      "vertices" : [ 0, 2, 3 ]
    }, {
      "vertices" : [ 0, 3, 2 ]
    }, {
      "vertices" : [ 0, 2, 1 ]
    } ]
  }, {
    "id" : "d68c6aea-c5dc-43e3-893f-6a645d35933e",
    "vertices" : [ {
      "x" : 8.472136,
      "y" : 8.472136,
      "z" : 16.944271
    }, {
      "x" : 12.708204,
      "y" : 4.236068,
      "z" : 12.708204
    }, {
      "x" : 16.944271,
      "y" : 8.472136,
      "z" : 16.944271
    } ],
    "faces" : [ {
      "vertices" : [ 0, 1, 2 ]
    }, {
      "vertices" : [ 0, 2, 1 ]
    } ]
  }, {
    "id" : "03040726-4b2e-40a1-8fa1-b9fed5ac1608",
    "vertices" : [ {
      "x" : -16.944271,
      "y" : 8.472136,
      "z" : 16.944271
    }, {
      "x" : -8.472136,
      "y" : 8.472136,
      "z" : 16.944271
    }, {
      "x" : -4.236068,
      "y" : 4.236068,
      "z" : 12.708204
    }, {
      "x" : -8.472136,
      "y" : 0.0,
      "z" : 8.472136
    } ],
    "faces" : [ {
      "vertices" : [ 0, 1, 2 ]
    }, {
      "vertices" : [ 0, 2, 3 ]
    }, {
      "vertices" : [ 0, 3, 2 ]
    }, {
      "vertices" : [ 0, 2, 1 ]
    } ]
  }, {
    "id" : "03d89429-a59a-425b-9092-706fe4da56ae",
    "vertices" : [ {
      "x" : -4.236068,
      "y" : -4.236068,
      "z" : -4.236068
    }, {
      "x" : -8.472136,
      "y" : 0.0,
      "z" : -8.472136
    }, {
      "x" : -16.944271,
      "y" : -8.472136,
      "z" : -16.944271
    }, {
      "x" : -16.944271,
      "y" : -16.944271,
      "z" : -16.944271
    } ],
    "faces" : [ {
      "vertices" : [ 0, 1, 2 ]
    }, {
      "vertices" : [ 0, 2, 3 ]
    }, {
      "vertices" : [ 0, 3, 2 ]
    }, {
      "vertices" : [ 0, 2, 1 ]
    } ]
  }, {
    "id" : "d48da5de-3659-4890-9d9d-11bb5c197d6c",
    "vertices" : [ {
      "x" : 8.472136,
      "y" : 16.944271,
      "z" : -8.472136
    }, {
      "x" : 8.472136,
      "y" : 16.944271,
      "z" : 0.0
    }, {
      "x" : -8.472136,
      "y" : 0.0,
      "z" : 16.944271
    }, {
      "x" : -12.708204,
      "y" : -4.236068,
      "z" : 12.708204
    } ],
    "faces" : [ {
      "vertices" : [ 0, 1, 2 ]
    }, {
      "vertices" : [ 0, 2, 3 ]
    }, {
      "vertices" : [ 0, 3, 2 ]
    }, {
      "vertices" : [ 0, 2, 1 ]
    } ]
  }, {
    "id" : "2b7e6fd8-e901-4398-bc83-7cd8c5d76e1b",
    "vertices" : [ {
      "x" : 16.944271,
      "y" : -16.944271,
      "z" : -16.944271
    }, {
      "x" : 8.472136,
      "y" : -16.944271,
      "z" : -16.944271
    }, {
      "x" : 0.0,
      "y" : -8.472136,
      "z" : -8.472136
    }, {
      "x" : 4.236068,
      "y" : -4.236068,
      "z" : -4.236068
    } ],
    "faces" : [ {
      "vertices" : [ 0, 1, 2 ]
    }, {
      "vertices" : [ 0, 2, 3 ]
    }, {
      "vertices" : [ 0, 3, 2 ]
    }, {
      "vertices" : [ 0, 2, 1 ]
    } ]
  }, {
    "id" : "37e185da-86e7-46d7-99ab-61efac8eaa5b",
    "vertices" : [ {
      "x" : 12.708204,
      "y" : 12.708204,
      "z" : 4.236068
    }, {
      "x" : 4.236068,
      "y" : 4.236068,
      "z" : -4.236068
    }, {
      "x" : 8.472136,
      "y" : 0.0,
      "z" : -8.472136
    }, {
      "x" : 16.944271,
      "y" : 8.472136,
      "z" : 0.0
    } ],
    "faces" : [ {
      "vertices" : [ 0, 1, 2 ]
    }, {
      "vertices" : [ 0, 2, 3 ]
    }, {
      "vertices" : [ 0, 3, 2 ]
    }, {
      "vertices" : [ 0, 2, 1 ]
    } ]
  }, {
    "id" : "c19cfe3c-1db0-4faa-915a-9d329638d8ed",
    "vertices" : [ {
      "x" : 0.0,
      "y" : 0.0,
      "z" : -8.472136
    }, {
      "x" : 4.236068,
      "y" : -4.236068,
      "z" : -4.236068
    }, {
      "x" : 8.472136,
      "y" : 0.0,
      "z" : 0.0
    }, {
      "x" : 4.236068,
      "y" : 4.236068,
      "z" : -4.236068
    } ],
    "faces" : [ {
      "vertices" : [ 0, 1, 2 ]
    }, {
      "vertices" : [ 0, 2, 3 ]
    }, {
      "vertices" : [ 0, 3, 2 ]
    }, {
      "vertices" : [ 0, 2, 1 ]
    } ]
  }, {
    "id" : "62f0738f-c0d4-4390-b633-600d314a5be0",
    "vertices" : [ {
      "x" : 8.472136,
      "y" : 16.944271,
      "z" : -16.944271
    }, {
      "x" : 8.472136,
      "y" : 8.472136,
      "z" : -16.944271
    }, {
      "x" : 16.944271,
      "y" : 8.472136,
      "z" : -16.944271
    }, {
      "x" : 16.944271,
      "y" : 16.944271,
      "z" : -16.944271
    } ],
    "faces" : [ {
      "vertices" : [ 0, 1, 2 ]
    }, {
      "vertices" : [ 0, 2, 3 ]
    }, {
      "vertices" : [ 0, 3, 2 ]
    }, {
      "vertices" : [ 0, 2, 1 ]
    } ]
  }, {
    "id" : "75067978-642b-4ea4-b1f3-28b190ad8edd",
