{
  "field" : "golden",
  "symmetry" : "icosahedral",
  "orientations" : [ [ 1.0, 0.0, 0.0, 0.0, 0.0, 1.0, 0.0, 0.0, 0.0, 0.0, 1.0, 0.0, 0.0, 0.0, 0.0, 1.0 ], [ 0.0, 0.0, 1.0, 0.0, 1.0, 0.0, 0.0, 0.0, 0.0, 1.0, 0.0, 0.0, 0.0, 0.0, 0.0, 1.0 ], [ 0.0, 1.0, 0.0, 0.0, 0.0, 0.0, 1.0, 0.0, 1.0, 0.0, 0.0, 0.0, 0.0, 0.0, 0.0, 1.0 ], [ 0.809017, 0.309017, 0.5, 0.0, 0.309017, 0.5, -0.809017, 0.0, -0.5, 0.809017, 0.309017, 0.0, 0.0, 0.0, 0.0, 1.0 ], [ -0.5, 0.809017, 0.309017, 0.0, 0.809017, 0.309017, 0.5, 0.0, 0.309017, 0.5, -0.809017, 0.0, 0.0, 0.0, 0.0, 1.0 ], [ 0.309017, 0.5, -0.809017, 0.0, -0.5, 0.809017, 0.309017, 0.0, 0.809017, 0.309017, 0.5, 0.0, 0.0, 0.0, 0.0, 1.0 ], [ 0.5, 0.809017, 0.309017, 0.0, 0.809017, -0.309017, -0.5, 0.0, -0.309017, 0.5, -0.809017, 0.0, 0.0, 0.0, 0.0, 1.0 ], [ -0.309017, 0.5, -0.809017, 0.0, 0.5, 0.809017, 0.309017, 0.0, 0.809017, -0.309017, -0.5, 0.0, 0.0, 0.0, 0.0, 1.0 ], [ 0.809017, -0.309017, -0.5, 0.0, -0.309017, 0.5, -0.809017, 0.0, 0.5, 0.809017, 0.309017, 0.0, 0.0, 0.0, 0.0, 1.0 ], [ 0.5, 0.809017, -0.309017, 0.0, 0.809017, -0.309017, 0.5, 0.0, 0.309017, -0.5, -0.809017, 0.0, 0.0, 0.0, 0.0, 1.0 ], [ 0.309017, -0.5, -0.809017, 0.0, 0.5, 0.809017, -0.309017, 0.0, 0.809017, -0.309017, 0.5, 0.0, 0.0, 0.0, 0.0, 1.0 ], [ 0.809017, -0.309017, 0.5, 0.0, 0.309017, -0.5, -0.809017, 0.0, 0.5, 0.809017, -0.309017, 0.0, 0.0, 0.0, 0.0, 1.0 ], [ 0.809017, 0.309017, -0.5, 0.0, 0.309017, 0.5, 0.809017, 0.0, 0.5, -0.809017, 0.309017, 0.0, 0.0, 0.0, 0.0, 1.0 ], [ 0.5, -0.809017, 0.309017, 0.0, 0.809017, 0.309017, -0.5, 0.0, 0.309017, 0.5, 0.809017, 0.0, 0.0, 0.0, 0.0, 1.0 ], [ 0.309017, 0.5, 0.809017, 0.0, 0.5, -0.809017, 0.309017, 0.0, 0.809017, 0.309017, -0.5, 0.0, 0.0, 0.0, 0.0, 1.0 ], [ 1.0, 0.0, 0.0, 0.0, 0.0, -1.0, 0.0, 0.0, 0.0, 0.0, -1.0, 0.0, 0.0, 0.0, 0.0, 1.0 ], [ 0.0, 0.0, 1.0, 0.0, -1.0, 0.0, 0.0, 0.0, 0.0, -1.0, 0.0, 0.0, 0.0, 0.0, 0.0, 1.0 ], [ 0.0, 1.0, 0.0, 0.0, 0.0, 0.0, -1.0, 0.0, -1.0, 0.0, 0.0, 0.0, 0.0, 0.0, 0.0, 1.0 ], [ 0.809017, 0.309017, 0.5, 0.0, -0.309017, -0.5, 0.809017, 0.0, 0.5, -0.809017, -0.309017, 0.0, 0.0, 0.0, 0.0, 1.0 ], [ -0.5, 0.809017, 0.309017, 0.0, -0.809017, -0.309017, -0.5, 0.0, -0.309017, -0.5, 0.809017, 0.0, 0.0, 0.0, 0.0, 1.0 ], [ 0.309017, 0.5, -0.809017, 0.0, 0.5, -0.809017, -0.309017, 0.0, -0.809017, -0.309017, -0.5, 0.0, 0.0, 0.0, 0.0, 1.0 ], [ 0.5, 0.809017, 0.309017, 0.0, -0.809017, 0.309017, 0.5, 0.0, 0.309017, -0.5, 0.809017, 0.0, 0.0, 0.0, 0.0, 1.0 ], [ -0.309017, 0.5, -0.809017, 0.0, -0.5, -0.809017, -0.309017, 0.0, -0.809017, 0.309017, 0.5, 0.0, 0.0, 0.0, 0.0, 1.0 ], [ 0.809017, -0.309017, -0.5, 0.0, 0.309017, -0.5, 0.809017, 0.0, -0.5, -0.809017, -0.309017, 0.0, 0.0, 0.0, 0.0, 1.0 ], [ 0.5, 0.809017, -0.309017, 0.0, -0.809017, 0.309017, -0.5, 0.0, -0.309017, 0.5, 0.809017, 0.0, 0.0, 0.0, 0.0, 1.0 ], [ 0.309017, -0.5, -0.809017, 0.0, -0.5, -0.809017, 0.309017, 0.0, -0.809017, 0.309017, -0.5, 0.0, 0.0, 0.0, 0.0, 1.0 ], [ 0.809017, -0.309017, 0.5, 0.0, -0.309017, 0.5, 0.809017, 0.0, -0.5, -0.809017, 0.309017, 0.0, 0.0, 0.0, 0.0, 1.0 ], [ 0.809017, 0.309017, -0.5, 0.0, -0.309017, -0.5, -0.809017, 0.0, -0.5, 0.809017, -0.309017, 0.0, 0.0, 0.0, 0.0, 1.0 ], [ 0.5, -0.809017, 0.309017, 0.0, -0.809017, -0.309017, 0.5, 0.0, -0.309017, -0.5, -0.809017, 0.0, 0.0, 0.0, 0.0, 1.0 ], [ 0.309017, 0.5, 0.809017, 0.0, -0.5, 0.809017, -0.309017, 0.0, -0.809017, -0.309017, 0.5, 0.0, 0.0, 0.0, 0.0, 1.0 ], [ -1.0, 0.0, 0.0, 0.0, 0.0, -1.0, 0.0, 0.0, 0.0, 0.0, 1.0, 0.0, 0.0, 0.0, 0.0, 1.0 ], [ 0.0, 0.0, -1.0, 0.0, -1.0, 0.0, 0.0, 0.0, 0.0, 1.0, 0.0, 0.0, 0.0, 0.0, 0.0, 1.0 ], [ 0.0, -1.0, 0.0, 0.0, 0.0, 0.0, -1.0, 0.0, 1.0, 0.0, 0.0, 0.0, 0.0, 0.0, 0.0, 1.0 ], [ -0.809017, -0.309017, -0.5, 0.0, -0.309017, -0.5, 0.809017, 0.0, -0.5, 0.809017, 0.309017, 0.0, 0.0, 0.0, 0.0, 1.0 ], [ 0.5, -0.809017, -0.309017, 0.0, -0.809017, -0.309017, -0.5, 0.0, 0.309017, 0.5, -0.809017, 0.0, 0.0, 0.0, 0.0, 1.0 ], [ -0.309017, -0.5, 0.809017, 0.0, 0.5, -0.809017, -0.309017, 0.0, 0.809017, 0.309017, 0.5, 0.0, 0.0, 0.0, 0.0, 1.0 ], [ -0.5, -0.809017, -0.309017, 0.0, -0.809017, 0.309017, 0.5, 0.0, -0.309017, 0.5, -0.809017, 0.0, 0.0, 0.0, 0.0, 1.0 ], [ 0.309017, -0.5, 0.809017, 0.0, -0.5, -0.809017, -0.309017, 0.0, 0.809017, -0.309017, -0.5, 0.0, 0.0, 0.0, 0.0, 1.0 ], [ -0.809017, 0.309017, 0.5, 0.0, 0.309017, -0.5, 0.809017, 0.0, 0.5, 0.809017, 0.309017, 0.0, 0.0, 0.0, 0.0, 1.0 ], [ -0.5, -0.809017, 0.309017, 0.0, -0.809017, 0.309017, -0.5, 0.0, 0.309017, -0.5, -0.809017, 0.0, 0.0, 0.0, 0.0, 1.0 ], [ -0.309017, 0.5, 0.809017, 0.0, -0.5, -0.809017, 0.309017, 0.0, 0.809017, -0.309017, 0.5, 0.0, 0.0, 0.0, 0.0, 1.0 ], [ -0.809017, 0.309017, -0.5, 0.0, -0.309017, 0.5, 0.809017, 0.0, 0.5, 0.809017, -0.309017, 0.0, 0.0, 0.0, 0.0, 1.0 ], [ -0.809017, -0.309017, 0.5, 0.0, -0.309017, -0.5, -0.809017, 0.0, 0.5, -0.809017, 0.309017, 0.0, 0.0, 0.0, 0.0, 1.0 ], [ -0.5, 0.809017, -0.309017, 0.0, -0.809017, -0.309017, 0.5, 0.0, 0.309017, 0.5, 0.809017, 0.0, 0.0, 0.0, 0.0, 1.0 ], [ -0.309017, -0.5, -0.809017, 0.0, -0.5, 0.809017, -0.309017, 0.0, 0.809017, 0.309017, -0.5, 0.0, 0.0, 0.0, 0.0, 1.0 ], [ -1.0, 0.0, 0.0, 0.0, 0.0, 1.0, 0.0, 0.0, 0.0, 0.0, -1.0, 0.0, 0.0, 0.0, 0.0, 1.0 ], [ 0.0, 0.0, -1.0, 0.0, 1.0, 0.0, 0.0, 0.0, 0.0, -1.0, 0.0, 0.0, 0.0, 0.0, 0.0, 1.0 ], [ 0.0, -1.0, 0.0, 0.0, 0.0, 0.0, 1.0, 0.0, -1.0, 0.0, 0.0, 0.0, 0.0, 0.0, 0.0, 1.0 ], [ -0.809017, -0.309017, -0.5, 0.0, 0.309017, 0.5, -0.809017, 0.0, 0.5, -0.809017, -0.309017, 0.0, 0.0, 0.0, 0.0, 1.0 ], [ 0.5, -0.809017, -0.309017, 0.0, 0.809017, 0.309017, 0.5, 0.0, -0.309017, -0.5, 0.809017, 0.0, 0.0, 0.0, 0.0, 1.0 ], [ -0.309017, -0.5, 0.809017, 0.0, -0.5, 0.809017, 0.309017, 0.0, -0.809017, -0.309017, -0.5, 0.0, 0.0, 0.0, 0.0, 1.0 ], [ -0.5, -0.809017, -0.309017, 0.0, 0.809017, -0.309017, -0.5, 0.0, 0.309017, -0.5, 0.809017, 0.0, 0.0, 0.0, 0.0, 1.0 ], [ 0.309017, -0.5, 0.809017, 0.0, 0.5, 0.809017, 0.309017, 0.0, -0.809017, 0.309017, 0.5, 0.0, 0.0, 0.0, 0.0, 1.0 ], [ -0.809017, 0.309017, 0.5, 0.0, -0.309017, 0.5, -0.809017, 0.0, -0.5, -0.809017, -0.309017, 0.0, 0.0, 0.0, 0.0, 1.0 ], [ -0.5, -0.809017, 0.309017, 0.0, 0.809017, -0.309017, 0.5, 0.0, -0.309017, 0.5, 0.809017, 0.0, 0.0, 0.0, 0.0, 1.0 ], [ -0.309017, 0.5, 0.809017, 0.0, 0.5, 0.809017, -0.309017, 0.0, -0.809017, 0.309017, -0.5, 0.0, 0.0, 0.0, 0.0, 1.0 ], [ -0.809017, 0.309017, -0.5, 0.0, 0.309017, -0.5, -0.809017, 0.0, -0.5, -0.809017, 0.309017, 0.0, 0.0, 0.0, 0.0, 1.0 ], [ -0.809017, -0.309017, 0.5, 0.0, 0.309017, 0.5, 0.809017, 0.0, -0.5, 0.809017, -0.309017, 0.0, 0.0, 0.0, 0.0, 1.0 ], [ -0.5, 0.809017, -0.309017, 0.0, 0.809017, 0.309017, -0.5, 0.0, -0.309017, -0.5, -0.809017, 0.0, 0.0, 0.0, 0.0, 1.0 ], [ -0.309017, -0.5, -0.809017, 0.0, 0.5, -0.809017, 0.309017, 0.0, -0.809017, -0.309017, 0.5, 0.0, 0.0, 0.0, 0.0, 1.0 ] ],
  "lights" : {
    "ambientColor" : "#292929",
    "backgroundColor" : "#CCE5FF",
    "directionalLights" : [ {
      "direction" : [ 1.0, -1.0, -1.0 ],
      "color" : "#EBEBE4"
    }, {
      "direction" : [ -1.0, 0.0, 0.0 ],
      "color" : "#E4E4EB"
    }, {
      "direction" : [ 0.0, 0.0, -1.0 ],
      "color" : "#1E1E1E"
    } ]
  },
  "camera" : {
    "width" : 83.96257,
    "stereo" : false,
    "lookDirection" : {
      "x" : 0.00305739,
      "y" : 0.0058847778,
      "z" : -0.9999706
    },
    "upDirection" : {
      "x" : -0.011854768,
      "y" : 0.99990606,
      "z" : 0.0058484282
    },
    "lookAtPoint" : {
      "x" : 0.0,
      "y" : 0.0,
      "z" : 0.0
    },
    "viewDistance" : 186.5836,
    "nearClipDistance" : 0.46645913,
    "farClipDistance" : 373.16812,
    "fieldOfView" : 0.44262862,
    "perspective" : true,
    "position" : {
      "x" : -0.5704588,
      "y" : -1.098003,
      "z" : 186.57812
    }
  },
  "embedding" : [ 1.0, 0.0, 0.0, 0.0, 0.0, 1.0, 0.0, 0.0, 0.0, 0.0, 1.0, 0.0, 0.0, 0.0, 0.0, 1.0 ],
  "shapes" : [ {
    "id" : "de21cebc-f933-49e5-a2b1-9dac13130f8e",
    "vertices" : [ {
      "x" : 9.472136,
      "y" : 24.798374,
      "z" : 0.0
    }, {
      "x" : 9.472136,
      "y" : 13.09017,
      "z" : -4.472136
    }, {
      "x" : 7.236068,
      "y" : 13.944272,
      "z" : -5.854102
    } ],
    "faces" : [ {
      "vertices" : [ 0, 1, 2 ]
    }, {
      "vertices" : [ 0, 2, 1 ]
    } ]
  }, {
    "id" : "50d64a63-ae42-49ae-8bc1-a10c86edb7ee",
    "vertices" : [ {
      "x" : 0.309017,
      "y" : -0.309017,
      "z" : -0.309017
    }, {
      "x" : 0.5,
      "y" : 0.0,
      "z" : -0.19098301
    }, {
      "x" : 0.5,
      "y" : 0.0,
      "z" : 0.19098301
    }, {
      "x" : 0.309017,
      "y" : -0.309017,
      "z" : 0.309017
    }, {
      "x" : 0.19098301,
      "y" : -0.5,
      "z" : 0.0
    }, {
      "x" : 0.0,
      "y" : 0.19098301,
      "z" : 0.5
    }, {
      "x" : 0.0,
      "y" : -0.19098301,
      "z" : 0.5
    }, {
      "x" : 0.309017,
      "y" : 0.309017,
      "z" : 0.309017
    }, {
      "x" : -0.309017,
      "y" : -0.309017,
      "z" : 0.309017
    }, {
      "x" : -0.309017,
      "y" : 0.309017,
      "z" : 0.309017
    }, {
      "x" : -0.5,
      "y" : 0.0,
      "z" : 0.19098301
    }, {
      "x" : 0.0,
      "y" : -0.19098301,
      "z" : -0.5
    }, {
      "x" : 0.0,
      "y" : 0.19098301,
      "z" : -0.5
    }, {
      "x" : 0.309017,
      "y" : 0.309017,
      "z" : -0.309017
    }, {
      "x" : -0.309017,
      "y" : -0.309017,
      "z" : -0.309017
    }, {
      "x" : -0.19098301,
      "y" : -0.5,
      "z" : 0.0
    }, {
      "x" : -0.5,
      "y" : 0.0,
      "z" : -0.19098301
    }, {
      "x" : 0.19098301,
      "y" : 0.5,
      "z" : 0.0
    }, {
      "x" : -0.309017,
      "y" : 0.309017,
      "z" : -0.309017
    }, {
      "x" : 0.0,
      "y" : 0.0,
      "z" : 0.0
    }, {
      "x" : -0.19098301,
      "y" : 0.5,
      "z" : 0.0
    } ],
    "faces" : [ {
      "vertices" : [ 12, 18, 20 ]
    }, {
      "vertices" : [ 12, 20, 17 ]
    }, {
      "vertices" : [ 12, 17, 13 ]
    }, {
      "vertices" : [ 3, 6, 8 ]
    }, {
      "vertices" : [ 3, 8, 15 ]
    }, {
      "vertices" : [ 3, 15, 4 ]
    }, {
      "vertices" : [ 0, 11, 12 ]
    }, {
      "vertices" : [ 0, 12, 13 ]
    }, {
      "vertices" : [ 0, 13, 1 ]
    }, {
      "vertices" : [ 5, 9, 10 ]
    }, {
      "vertices" : [ 5, 10, 8 ]
    }, {
      "vertices" : [ 5, 8, 6 ]
    }, {
      "vertices" : [ 2, 7, 5 ]
    }, {
      "vertices" : [ 2, 5, 6 ]
    }, {
      "vertices" : [ 2, 6, 3 ]
    }, {
      "vertices" : [ 11, 14, 16 ]
    }, {
      "vertices" : [ 11, 16, 18 ]
    }, {
      "vertices" : [ 11, 18, 12 ]
    }, {
      "vertices" : [ 1, 13, 17 ]
    }, {
      "vertices" : [ 1, 17, 7 ]
    }, {
      "vertices" : [ 1, 7, 2 ]
    }, {
      "vertices" : [ 9, 20, 18 ]
    }, {
      "vertices" : [ 9, 18, 16 ]
    }, {
      "vertices" : [ 9, 16, 10 ]
    }, {
      "vertices" : [ 0, 1, 2 ]
    }, {
      "vertices" : [ 0, 2, 3 ]
    }, {
      "vertices" : [ 0, 3, 4 ]
    }, {
      "vertices" : [ 5, 7, 17 ]
    }, {
      "vertices" : [ 5, 17, 20 ]
    }, {
      "vertices" : [ 5, 20, 9 ]
    }, {
      "vertices" : [ 0, 4, 15 ]
    }, {
      "vertices" : [ 0, 15, 14 ]
    }, {
      "vertices" : [ 0, 14, 11 ]
    }, {
      "vertices" : [ 8, 10, 16 ]
    }, {
      "vertices" : [ 8, 16, 14 ]
    }, {
      "vertices" : [ 8, 14, 15 ]
    } ]
  }, {
    "id" : "9a3e76f3-18bc-40f9-90fd-7c94987c5fd5",
    "vertices" : [ {
      "x" : -15.326238,
      "y" : -15.326238,
      "z" : -15.326238
    }, {
      "x" : -5.854102,
      "y" : -7.236068,
      "z" : -13.944272
    }, {
      "x" : -4.472136,
      "y" : -9.472136,
      "z" : -13.09017
    } ],
    "faces" : [ {
      "vertices" : [ 0, 1, 2 ]
    }, {
      "vertices" : [ 0, 2, 1 ]
    } ]
  }, {
    "id" : "0fba0492-4586-4b53-8fda-8bd654933730",
    "vertices" : [ {
      "x" : 8.854102,
      "y" : 8.663119,
      "z" : 1.736068
    }, {
      "x" : 1.0,
      "y" : 0.809017,
      "z" : -0.11803399
    }, {
      "x" : 0.5,
      "y" : 1.0,
      "z" : 0.19098301
    }, {
      "x" : 8.354102,
      "y" : 8.854102,
      "z" : 2.045085
    }, {
      "x" : 1.118034,
      "y" : 0.618034,
      "z" : 0.19098301
    }, {
      "x" : 8.972136,
      "y" : 8.472136,
      "z" : 2.045085
    }, {
      "x" : 9.163119,
      "y" : 9.163119,
      "z" : 2.163119
    }, {
      "x" : 8.472136,
      "y" : 8.663119,
      "z" : 2.354102
    }, {
      "x" : 0.618034,
      "y" : 0.809017,
      "z" : 0.5
    }, {
      "x" : 0.309017,
      "y" : 0.309017,
      "z" : 0.072949015
    }, {
      "x" : 9.472136,
      "y" : 9.472136,
      "z" : 2.236068
    } ],
    "faces" : [ {
      "vertices" : [ 3, 7, 6 ]
    }, {
      "vertices" : [ 5, 6, 7 ]
    }, {
      "vertices" : [ 2, 9, 8 ]
    }, {
      "vertices" : [ 2, 8, 7 ]
    }, {
      "vertices" : [ 2, 7, 3 ]
    }, {
      "vertices" : [ 4, 8, 9 ]
    }, {
      "vertices" : [ 0, 1, 2 ]
    }, {
      "vertices" : [ 0, 2, 3 ]
    }, {
      "vertices" : [ 4, 5, 7 ]
    }, {
      "vertices" : [ 4, 7, 8 ]
    }, {
      "vertices" : [ 0, 3, 6 ]
    }, {
      "vertices" : [ 0, 5, 4 ]
    }, {
      "vertices" : [ 0, 4, 1 ]
    }, {
      "vertices" : [ 0, 6, 5 ]
    }, {
      "vertices" : [ 1, 9, 2 ]
    }, {
      "vertices" : [ 1, 4, 9 ]
    } ]
  }, {
    "id" : "3a2a249c-eb3b-4555-a483-d9ed2f898697",
    "vertices" : [ {
      "x" : 0.9045085,
      "y" : 0.3454915,
      "z" : 0.25
    }, {
      "x" : 8.758611,
      "y" : 5.1995935,
      "z" : 0.25
    }, {
      "x" : 8.567628,
      "y" : 5.5086102,
      "z" : 0.25
    }, {
      "x" : 0.7135255,
      "y" : 0.6545085,
      "z" : 0.25
    }, {
      "x" : 0.809017,
      "y" : 0.5,
      "z" : -0.309017
    }, {
      "x" : 0.9635255,
      "y" : 0.25,
      "z" : -0.095491506
    }, {
      "x" : 0.309017,
      "y" : 0.19098301,
      "z" : 0.0
    }, {
      "x" : 9.163119,
      "y" : 5.663119,
      "z" : 0.0
    }, {
      "x" : 8.508611,
      "y" : 5.604102,
      "z" : -0.095491506
    }, {
      "x" : 8.663119,
      "y" : 5.354102,
      "z" : -0.309017
    }, {
      "x" : 9.472136,
      "y" : 5.854102,
      "z" : 0.0
    }, {
      "x" : 0.6545085,
      "y" : 0.75,
      "z" : -0.095491506
    }, {
      "x" : 8.817628,
      "y" : 5.104102,
      "z" : -0.095491506
    } ],
    "faces" : [ {
      "vertices" : [ 4, 11, 8 ]
    }, {
      "vertices" : [ 4, 8, 9 ]
    }, {
      "vertices" : [ 0, 1, 2 ]
    }, {
      "vertices" : [ 0, 2, 3 ]
    }, {
      "vertices" : [ 0, 3, 6 ]
    }, {
      "vertices" : [ 1, 7, 2 ]
    }, {
      "vertices" : [ 0, 6, 5 ]
    }, {
      "vertices" : [ 4, 5, 6 ]
    }, {
      "vertices" : [ 2, 7, 8 ]
    }, {
      "vertices" : [ 0, 5, 12 ]
    }, {
      "vertices" : [ 0, 12, 1 ]
    }, {
      "vertices" : [ 1, 12, 7 ]
    }, {
      "vertices" : [ 3, 11, 6 ]
    }, {
      "vertices" : [ 4, 6, 11 ]
    }, {
      "vertices" : [ 7, 9, 8 ]
    }, {
      "vertices" : [ 2, 8, 11 ]
    }, {
      "vertices" : [ 2, 11, 3 ]
    }, {
      "vertices" : [ 7, 12, 9 ]
    }, {
      "vertices" : [ 4, 9, 12 ]
    }, {
      "vertices" : [ 4, 12, 5 ]
    } ]
  }, {
    "id" : "ad88bae1-72d5-4c45-a7de-265fae094d12",
    "vertices" : [ {
      "x" : 5.663119,
      "y" : 12.236068,
      "z" : -5.163119
    }, {
      "x" : 0.14589803,
      "y" : 0.32623792,
      "z" : -0.14589803
    }, {
      "x" : 0.690983,
      "y" : 0.66311896,
      "z" : -0.38196602
    }, {
      "x" : 0.572949,
      "y" : 0.85410196,
      "z" : -0.072949015
    }, {
      "x" : 5.708204,
      "y" : 12.763932,
      "z" : -5.708204
    }, {
      "x" : 5.7811527,
      "y" : 12.045085,
      "z" : -5.472136
    }, {
      "x" : 5.2586102,
      "y" : 12.199594,
      "z" : -5.767221
    }, {
      "x" : 5.1405764,
      "y" : 12.390576,
      "z" : -5.458204
    }, {
      "x" : 0.16844052,
      "y" : 0.81762743,
      "z" : -0.677051
    }, {
      "x" : 0.05040653,
      "y" : 1.0086105,
      "z" : -0.36803398
    }, {
      "x" : 5.854102,
      "y" : 13.09017,
      "z" : -5.854102
    } ],
    "faces" : [ {
      "vertices" : [ 4, 6, 7 ]
    }, {
      "vertices" : [ 1, 9, 8 ]
    }, {
      "vertices" : [ 0, 7, 9 ]
    }, {
      "vertices" : [ 0, 9, 3 ]
    }, {
      "vertices" : [ 2, 8, 6 ]
    }, {
      "vertices" : [ 2, 6, 5 ]
    }, {
      "vertices" : [ 1, 2, 3 ]
    }, {
      "vertices" : [ 0, 5, 4 ]
    }, {
      "vertices" : [ 0, 3, 2 ]
    }, {
      "vertices" : [ 0, 2, 5 ]
    }, {
      "vertices" : [ 0, 4, 7 ]
    }, {
      "vertices" : [ 1, 8, 2 ]
    }, {
      "vertices" : [ 1, 3, 9 ]
    }, {
      "vertices" : [ 6, 8, 9 ]
    }, {
      "vertices" : [ 6, 9, 7 ]
    }, {
      "vertices" : [ 4, 5, 6 ]
    } ]
  }, {
    "id" : "164ce499-09f6-480a-a7ec-a9eee2c88e0e",
    "vertices" : [ {
      "x" : -8.472136,
      "y" : -14.708204,
      "z" : 5.854102
    }, {
      "x" : -15.326238,
      "y" : -15.326238,
      "z" : 15.326238
    }, {
      "x" : -9.472136,
      "y" : -13.09017,
      "z" : 4.472136
    } ],
    "faces" : [ {
      "vertices" : [ 0, 1, 2 ]
    }, {
      "vertices" : [ 0, 2, 1 ]
    } ]
  }, {
    "id" : "9623e98e-8727-414b-8e68-cf505f848e78",
    "vertices" : [ {
      "x" : 6.2576766,
      "y" : -0.71562165,
      "z" : 8.990956
    }, {
      "x" : 6.3576765,
      "y" : -0.31562167,
      "z" : 9.090956
    }, {
      "x" : 0.5964254,
      "y" : 0.097587675,
      "z" : 0.4811798
    }, {
      "x" : 0.49642542,
      "y" : -0.30241233,
      "z" : 0.3811798
    }, {
      "x" : 6.6576767,
      "y" : -0.448955,
      "z" : 8.857623
    }, {
      "x" : 6.5576763,
      "y" : -0.848955,
      "z" : 8.757623
    }, {
      "x" : 0.19642544,
      "y" : -0.16907899,
      "z" : 0.61451316
    }, {
      "x" : 0.29642543,
      "y" : 0.230921,
      "z" : 0.7145131
    } ],
    "faces" : [ {
      "vertices" : [ 2, 3, 6 ]
    }, {
      "vertices" : [ 2, 6, 7 ]
    }, {
      "vertices" : [ 0, 5, 4 ]
    }, {
      "vertices" : [ 0, 4, 1 ]
    }, {
      "vertices" : [ 2, 4, 5 ]
    }, {
      "vertices" : [ 2, 5, 3 ]
    }, {
      "vertices" : [ 0, 6, 3 ]
    }, {
      "vertices" : [ 0, 3, 5 ]
    }, {
      "vertices" : [ 0, 1, 7 ]
    }, {
      "vertices" : [ 0, 7, 6 ]
    }, {
      "vertices" : [ 1, 4, 2 ]
    }, {
      "vertices" : [ 1, 2, 7 ]
    } ]
  }, {
    "id" : "0bba4c8b-0b67-4749-81a2-3a5014b80c7c",
    "vertices" : [ {
      "x" : 0.0,
      "y" : -18.944271,
      "z" : 0.0
    }, {
      "x" : 0.0,
      "y" : -9.472136,
      "z" : -5.854102
    }, {
      "x" : 9.472136,
      "y" : -15.326238,
      "z" : -5.854102
    }, {
      "x" : 9.472136,
      "y" : -24.798374,
      "z" : 0.0
    } ],
    "faces" : [ {
      "vertices" : [ 0, 1, 2 ]
    }, {
      "vertices" : [ 0, 2, 3 ]
    }, {
      "vertices" : [ 0, 3, 2 ]
    }, {
      "vertices" : [ 0, 2, 1 ]
    } ]
  }, {
    "id" : "9d3ce30e-7063-4b79-b54d-336893269a5e",
    "vertices" : [ {
      "x" : -9.472136,
      "y" : 24.798374,
      "z" : 0.0
    }, {
      "x" : 0.0,
      "y" : 9.472136,
      "z" : -5.854102
    }, {
      "x" : -7.236068,
      "y" : 13.944272,
      "z" : -5.854102
    } ],
    "faces" : [ {
      "vertices" : [ 0, 1, 2 ]
    }, {
      "vertices" : [ 0, 2, 1 ]
    } ]
  }, {
    "id" : "66de12b2-5b60-4623-8111-3cf74be3a5b5",
    "vertices" : [ {
      "x" : -15.326238,
      "y" : 5.854102,
      "z" : 9.472136
    }, {
      "x" : -5.854102,
      "y" : 0.0,
      "z" : 9.472136
    }, {
      "x" : -5.854102,
      "y" : 9.472136,
      "z" : 15.326238
    }, {
      "x" : -15.326238,
      "y" : 15.326238,
      "z" : 15.326238
    } ],
    "faces" : [ {
      "vertices" : [ 0, 1, 2 ]
    }, {
      "vertices" : [ 0, 2, 3 ]
    }, {
      "vertices" : [ 0, 3, 2 ]
    }, {
      "vertices" : [ 0, 2, 1 ]
    } ]
  }, {
    "id" : "b059c5be-17d6-436e-bc37-e484f0251821",
    "vertices" : [ {
      "x" : -9.472136,
      "y" : 24.798374,
      "z" : 0.0
    }, {
      "x" : 0.0,
      "y" : 16.708204,
      "z" : -1.381966
    }, {
      "x" : 0.0,
      "y" : 9.472136,
      "z" : -5.854102
    } ],
    "faces" : [ {
      "vertices" : [ 0, 1, 2 ]
    }, {
      "vertices" : [ 0, 2, 1 ]
    } ]
  }, {
    "id" : "eaacded3-9a76-4531-a1e1-d0516cad66d9",
    "vertices" : [ {
      "x" : 24.798374,
      "y" : 0.0,
      "z" : 9.472136
    }, {
      "x" : 13.09017,
      "y" : 4.472136,
      "z" : 9.472136
    }, {
      "x" : 5.854102,
      "y" : 0.0,
      "z" : 9.472136
    } ],
    "faces" : [ {
      "vertices" : [ 0, 1, 2 ]
    }, {
      "vertices" : [ 0, 2, 1 ]
    } ]
  }, {
    "id" : "07a43126-87d1-4062-ada5-cb3f7b210c51",
    "vertices" : [ {
      "x" : 15.326238,
      "y" : 15.326238,
      "z" : -15.326238
    }, {
      "x" : 7.236068,
      "y" : 13.944272,
      "z" : -5.854102
    }, {
      "x" : 9.472136,
      "y" : 13.09017,
      "z" : -4.472136
    } ],
    "faces" : [ {
      "vertices" : [ 0, 1, 2 ]
    }, {
      "vertices" : [ 0, 2, 1 ]
    } ]
  }, {
    "id" : "34721d8c-23d8-4587-8979-3d99e32f0651",
    "vertices" : [ {
      "x" : -14.326238,
      "y" : 5.236068,
      "z" : -9.472136
    }, {
      "x" : -24.798374,
      "y" : 0.0,
      "z" : -9.472136
    }, {
      "x" : -13.944272,
      "y" : 5.854102,
      "z" : -7.236068
    } ],
    "faces" : [ {
      "vertices" : [ 0, 1, 2 ]
    }, {
      "vertices" : [ 0, 2, 1 ]
    } ]
  }, {
    "id" : "98c8d86b-9b8a-4fd1-91cc-ff2faae9077b",
    "vertices" : [ {
      "x" : 5.236068,
      "y" : 9.472136,
      "z" : 14.326238
    }, {
      "x" : 0.0,
      "y" : 9.472136,
      "z" : 24.798374
    }, {
      "x" : 5.854102,
      "y" : 7.236068,
      "z" : 13.944272
    } ],
    "faces" : [ {
      "vertices" : [ 0, 1, 2 ]
    }, {
      "vertices" : [ 0, 2, 1 ]
    } ]
  }, {
    "id" : "6f914880-50fd-420d-b8f5-4c107356569b",
    "vertices" : [ {
      "x" : 1.145898,
      "y" : -0.072949015,
      "z" : 0.19098301
    }, {
      "x" : 1.145898,
      "y" : 0.54508495,
      "z" : 0.19098301
    }, {
      "x" : 0.4376941,
      "y" : 0.090169944,
      "z" : 0.0
    }, {
      "x" : 1.145898,
      "y" : 0.54508495,
      "z" : -0.19098301
    }, {
      "x" : 12.624612,
      "y" : 2.90983,
      "z" : -0.19098301
    }, {
      "x" : 12.624612,
      "y" : 2.291796,
      "z" : -0.19098301
    }, {
      "x" : 1.145898,
      "y" : -0.072949015,
      "z" : -0.19098301
    }, {
      "x" : 12.624612,
      "y" : 2.291796,
      "z" : 0.19098301
    }, {
      "x" : 12.624612,
      "y" : 2.90983,
      "z" : 0.19098301
    }, {
      "x" : 13.332816,
      "y" : 2.746711,
      "z" : 0.0
    }, {
      "x" : 14.208204,
      "y" : 2.927051,
      "z" : 0.0
    } ],
    "faces" : [ {
      "vertices" : [ 0, 7, 8 ]
    }, {
      "vertices" : [ 0, 8, 1 ]
    }, {
      "vertices" : [ 1, 8, 4 ]
    }, {
      "vertices" : [ 1, 4, 3 ]
    }, {
      "vertices" : [ 3, 4, 5 ]
    }, {
      "vertices" : [ 3, 5, 6 ]
    }, {
      "vertices" : [ 4, 9, 5 ]
    }, {
      "vertices" : [ 0, 6, 5 ]
    }, {
      "vertices" : [ 0, 5, 7 ]
    }, {
      "vertices" : [ 0, 1, 2 ]
    }, {
      "vertices" : [ 5, 9, 7 ]
    }, {
      "vertices" : [ 4, 8, 9 ]
    }, {
      "vertices" : [ 1, 3, 2 ]
    }, {
      "vertices" : [ 7, 9, 8 ]
    }, {
      "vertices" : [ 0, 2, 6 ]
    }, {
      "vertices" : [ 2, 3, 6 ]
    } ]
  }, {
    "id" : "d56c1a74-eb46-4e9b-ae55-3c016cd72542",
    "vertices" : [ {
      "x" : 1.0,
      "y" : 0.309017,
      "z" : 0.19098301
    }, {
      "x" : 1.0,
      "y" : -0.309017,
      "z" : 0.19098301
    }, {
      "x" : 17.944271,
      "y" : -0.309017,
      "z" : 0.19098301
    }, {
      "x" : 17.944271,
      "y" : 0.309017,
      "z" : 0.19098301
    }, {
      "x" : 17.944271,
      "y" : -0.309017,
      "z" : -0.19098301
    }, {
      "x" : 17.944271,
      "y" : 0.309017,
      "z" : -0.19098301
    }, {
      "x" : 18.562305,
      "y" : 0.0,
      "z" : 0.0
    }, {
      "x" : 0.38196602,
      "y" : 0.0,
      "z" : 0.0
    }, {
      "x" : 1.0,
      "y" : 0.309017,
      "z" : -0.19098301
    }, {
      "x" : 1.0,
      "y" : -0.309017,
      "z" : -0.19098301
    }, {
      "x" : 18.944271,
      "y" : 0.0,
      "z" : 0.0
    } ],
    "faces" : [ {
      "vertices" : [ 1, 9, 4 ]
    }, {
      "vertices" : [ 1, 4, 2 ]
    }, {
      "vertices" : [ 0, 3, 5 ]
    }, {
      "vertices" : [ 0, 5, 8 ]
    }, {
      "vertices" : [ 1, 7, 9 ]
    }, {
      "vertices" : [ 0, 1, 2 ]
    }, {
      "vertices" : [ 0, 2, 3 ]
    }, {
      "vertices" : [ 7, 8, 9 ]
    }, {
      "vertices" : [ 0, 7, 1 ]
    }, {
      "vertices" : [ 4, 9, 8 ]
    }, {
      "vertices" : [ 4, 8, 5 ]
    }, {
      "vertices" : [ 2, 6, 3 ]
    }, {
      "vertices" : [ 2, 4, 6 ]
    }, {
      "vertices" : [ 3, 6, 5 ]
    }, {
      "vertices" : [ 4, 5, 6 ]
    }, {
      "vertices" : [ 0, 8, 7 ]
    } ]
  }, {
    "id" : "f73a0219-9c3a-4e46-a5b7-8e940ab517ac",
    "vertices" : [ {
      "x" : 0.809017,
      "y" : 0.618034,
      "z" : -0.19098301
    }, {
      "x" : 0.809017,
      "y" : 0.0,
      "z" : -0.19098301
    }, {
      "x" : 0.309017,
      "y" : 0.11803399,
      "z" : 0.0
    }, {
      "x" : 10.899187,
      "y" : 4.472136,
      "z" : 0.19098301
    }, {
      "x" : 0.809017,
      "y" : 0.618034,
      "z" : 0.19098301
    }, {
      "x" : 0.809017,
      "y" : 0.0,
      "z" : 0.19098301
    }, {
      "x" : 10.899187,
      "y" : 3.854102,
      "z" : 0.19098301
    }, {
      "x" : 11.399187,
      "y" : 4.354102,
      "z" : 0.0
    }, {
      "x" : 10.899187,
      "y" : 4.472136,
      "z" : -0.19098301
    }, {
      "x" : 11.708204,
      "y" : 4.472136,
      "z" : 0.0
    }, {
      "x" : 10.899187,
      "y" : 3.854102,
      "z" : -0.19098301
    } ],
    "faces" : [ {
      "vertices" : [ 3, 6, 7 ]
    }, {
      "vertices" : [ 3, 4, 5 ]
    }, {
      "vertices" : [ 3, 5, 6 ]
    }, {
      "vertices" : [ 3, 7, 8 ]
    }, {
      "vertices" : [ 0, 1, 2 ]
    }, {
      "vertices" : [ 0, 8, 10 ]
    }, {
      "vertices" : [ 0, 10, 1 ]
    }, {
      "vertices" : [ 1, 10, 6 ]
    }, {
      "vertices" : [ 1, 6, 5 ]
    }, {
      "vertices" : [ 0, 2, 4 ]
    }, {
      "vertices" : [ 6, 10, 7 ]
    }, {
      "vertices" : [ 1, 5, 2 ]
    }, {
      "vertices" : [ 7, 10, 8 ]
    }, {
      "vertices" : [ 2, 5, 4 ]
    }, {
      "vertices" : [ 0, 4, 3 ]
    }, {
      "vertices" : [ 0, 3, 8 ]
    } ]
  }, {
    "id" : "98a77ccf-19d4-4613-99d1-e03fd947c1f0",
    "vertices" : [ {
      "x" : 0.0,
      "y" : 0.0,
      "z" : -18.944271
    }, {
      "x" : -5.854102,
      "y" : 0.0,
      "z" : -9.472136
    }, {
      "x" : -5.854102,
      "y" : 9.472136,
      "z" : -15.326238
    }, {
      "x" : 0.0,
      "y" : 9.472136,
      "z" : -24.798374
    } ],
    "faces" : [ {
      "vertices" : [ 0, 1, 2 ]
    }, {
      "vertices" : [ 0, 2, 3 ]
    }, {
      "vertices" : [ 0, 3, 2 ]
    }, {
      "vertices" : [ 0, 2, 1 ]
    } ]
  }, {
    "id" : "8ba4422b-f472-4db4-b155-8575366fa088",
    "vertices" : [ {
      "x" : 0.0,
      "y" : -9.472136,
      "z" : 24.798374
    }, {
      "x" : 0.0,
      "y" : -9.472136,
      "z" : 5.854102
    }, {
      "x" : 4.472136,
      "y" : -9.472136,
      "z" : 13.09017
    } ],
    "faces" : [ {
      "vertices" : [ 0, 1, 2 ]
    }, {
      "vertices" : [ 0, 2, 1 ]
    } ]
  }, {
    "id" : "4b10b28d-eba0-4d51-8de9-9f8110669916",
    "vertices" : [ {
      "x" : 0.0,
      "y" : 9.472136,
      "z" : -24.798374
    }, {
      "x" : 0.0,
      "y" : 9.472136,
      "z" : -5.854102
    }, {
      "x" : 4.472136,
      "y" : 9.472136,
      "z" : -13.09017
    } ],
    "faces" : [ {
      "vertices" : [ 0, 1, 2 ]
    }, {
      "vertices" : [ 0, 2, 1 ]
    } ]
  }, {
    "id" : "bd56bd6f-d40d-4b9e-8669-1d94936395a9",
    "vertices" : [ {
      "x" : -17.944271,
      "y" : 0.618034,
      "z" : 0.0
    }, {
      "x" : -24.798374,
      "y" : 0.0,
      "z" : -9.472136
    }, {
      "x" : -16.708204,
      "y" : -1.381966,
      "z" : 0.0
    } ],
    "faces" : [ {
      "vertices" : [ 0, 1, 2 ]
    }, {
      "vertices" : [ 0, 2, 1 ]
    } ]
  }, {
    "id" : "442426be-e21c-49a3-8bc1-bb1690d076b3",
    "vertices" : [ {
      "x" : -15.326238,
      "y" : 15.326238,
      "z" : 15.326238
    }, {
      "x" : -5.854102,
      "y" : 0.0,
      "z" : 9.472136
    }, {
      "x" : -5.854102,
      "y" : 7.236068,
      "z" : 13.944272
    } ],
    "faces" : [ {
      "vertices" : [ 0, 1, 2 ]
    }, {
      "vertices" : [ 0, 2, 1 ]
    } ]
  }, {
    "id" : "a04056f2-f845-4d3f-b3d7-200b3b1832a4",
    "vertices" : [ {
      "x" : 24.798374,
      "y" : 0.0,
      "z" : -9.472136
    }, {
      "x" : 5.854102,
      "y" : 0.0,
      "z" : -9.472136
    }, {
      "x" : 13.09017,
      "y" : 4.472136,
      "z" : -9.472136
    } ],
    "faces" : [ {
      "vertices" : [ 0, 1, 2 ]
    }, {
      "vertices" : [ 0, 2, 1 ]
    } ]
  }, {
    "id" : "81b33683-6b62-45b3-8590-76f572b66280",
    "vertices" : [ {
      "x" : 24.798374,
      "y" : 0.0,
      "z" : -9.472136
    }, {
      "x" : 9.472136,
      "y" : -5.854102,
      "z" : 0.0
    }, {
      "x" : 13.944272,
      "y" : -5.854102,
      "z" : -7.236068
    } ],
    "faces" : [ {
      "vertices" : [ 0, 1, 2 ]
    }, {
      "vertices" : [ 0, 2, 1 ]
    } ]
  }, {
    "id" : "e7e53db4-fea9-47b0-b74e-ca89c19b199f",
    "vertices" : [ {
      "x" : -5.854102,
      "y" : 9.472136,
      "z" : 15.326238
    }, {
      "x" : 0.0,
      "y" : 9.472136,
      "z" : 5.854102
    }, {
      "x" : -9.472136,
      "y" : 15.326238,
      "z" : 5.854102
    }, {
      "x" : -15.326238,
      "y" : 15.326238,
      "z" : 15.326238
    } ],
    "faces" : [ {
      "vertices" : [ 0, 1, 2 ]
    }, {
      "vertices" : [ 0, 2, 3 ]
    }, {
      "vertices" : [ 0, 3, 2 ]
    }, {
      "vertices" : [ 0, 2, 1 ]
    } ]
  }, {
    "id" : "951b24dd-8333-4dd4-849c-af8c186fc19d",
    "vertices" : [ {
      "x" : 9.472136,
      "y" : -24.798374,
      "z" : 0.0
    }, {
      "x" : 0.0,
      "y" : -9.472136,
      "z" : -5.854102
    }, {
      "x" : 7.236068,
      "y" : -13.944272,
      "z" : -5.854102
    } ],
    "faces" : [ {
      "vertices" : [ 0, 1, 2 ]
    }, {
      "vertices" : [ 0, 2, 1 ]
    } ]
  }, {
    "id" : "db10f528-d4ff-4082-af93-d1a171a57f94",
    "vertices" : [ {
      "x" : 0.0,
      "y" : -9.472136,
      "z" : 24.798374
    }, {
      "x" : 5.854102,
      "y" : -7.236068,
      "z" : 13.944272
    }, {
      "x" : 5.854102,
      "y" : 0.0,
      "z" : 9.472136
    } ],
    "faces" : [ {
      "vertices" : [ 0, 1, 2 ]
    }, {
      "vertices" : [ 0, 2, 1 ]
    } ]
  }, {
    "id" : "7f5867af-be0e-4389-a133-61868d066ccc",
    "vertices" : [ {
      "x" : 9.472136,
      "y" : 24.798374,
      "z" : 0.0
    }, {
      "x" : 7.236068,
      "y" : 13.944272,
      "z" : -5.854102
    }, {
      "x" : 0.0,
      "y" : 9.472136,
      "z" : -5.854102
    } ],
    "faces" : [ {
      "vertices" : [ 0, 1, 2 ]
    }, {
      "vertices" : [ 0, 2, 1 ]
    } ]
  }, {
    "id" : "9a265e10-2ac5-4ad3-ab3e-cce01457b9d2",
    "vertices" : [ {
      "x" : 8.472136,
      "y" : 14.708204,
      "z" : 5.854102
    }, {
      "x" : 15.326238,
      "y" : 15.326238,
      "z" : 15.326238
    }, {
      "x" : 9.472136,
      "y" : 13.09017,
      "z" : 4.472136
    } ],
    "faces" : [ {
      "vertices" : [ 0, 1, 2 ]
    }, {
      "vertices" : [ 0, 2, 1 ]
    } ]
  }, {
    "id" : "b6513ee9-b0f6-4b10-a4f2-401b871d7b38",
    "vertices" : [ {
      "x" : -15.326238,
      "y" : -15.326238,
      "z" : 15.326238
    }, {
      "x" : -5.854102,
      "y" : -7.236068,
      "z" : 13.944272
    }, {
      "x" : -5.854102,
      "y" : 0.0,
      "z" : 9.472136
    } ],
    "faces" : [ {
      "vertices" : [ 0, 1, 2 ]
    }, {
      "vertices" : [ 0, 2, 1 ]
    } ]
  }, {
    "id" : "e4cd36e5-7230-45d3-ad22-38410e932510",
    "vertices" : [ {
      "x" : -15.326238,
      "y" : -5.854102,
      "z" : 9.472136
    }, {
      "x" : -9.472136,
      "y" : -5.854102,
      "z" : 0.0
    }, {
      "x" : -9.472136,
      "y" : -15.326238,
      "z" : 5.854102
    }, {
      "x" : -15.326238,
      "y" : -15.326238,
      "z" : 15.326238
    } ],
    "faces" : [ {
      "vertices" : [ 0, 1, 2 ]
    }, {
      "vertices" : [ 0, 2, 3 ]
    }, {
      "vertices" : [ 0, 3, 2 ]
    }, {
      "vertices" : [ 0, 2, 1 ]
    } ]
  }, {
    "id" : "fb1ee5e8-c0c4-4290-8156-71bfc01c10be",
    "vertices" : [ {
      "x" : -24.798374,
      "y" : 0.0,
      "z" : 9.472136
    }, {
      "x" : -16.708204,
      "y" : -1.381966,
      "z" : 0.0
    }, {
      "x" : -9.472136,
      "y" : -5.854102,
      "z" : 0.0
    } ],
    "faces" : [ {
      "vertices" : [ 0, 1, 2 ]
    }, {
      "vertices" : [ 0, 2, 1 ]
    } ]
  }, {
    "id" : "a20bac5e-cbef-499c-8345-8f05fd9b00c4",
    "vertices" : [ {
      "x" : -15.326238,
      "y" : 5.854102,
      "z" : -9.472136
    }, {
      "x" : -5.854102,
      "y" : 0.0,
      "z" : -9.472136
    }, {
      "x" : -15.326238,
      "y" : -5.854102,
      "z" : -9.472136
    }, {
      "x" : -24.798374,
      "y" : 0.0,
      "z" : -9.472136
    } ],
    "faces" : [ {
      "vertices" : [ 0, 1, 2 ]
    }, {
      "vertices" : [ 0, 2, 3 ]
    }, {
      "vertices" : [ 0, 3, 2 ]
    }, {
      "vertices" : [ 0, 2, 1 ]
    } ]
  }, {
    "id" : "c6a52e3c-fe4a-4e68-b9fd-2ca833823dc4",
    "vertices" : [ {
      "x" : -17.944271,
      "y" : -0.618034,
      "z" : 0.0
    }, {
      "x" : -24.798374,
      "y" : 0.0,
      "z" : 9.472136
    }, {
      "x" : -16.708204,
      "y" : 1.381966,
      "z" : 0.0
    } ],
    "faces" : [ {
      "vertices" : [ 0, 1, 2 ]
    }, {
      "vertices" : [ 0, 2, 1 ]
    } ]
  }, {
    "id" : "332eef0e-5429-474f-a88f-21a458735012",
    "vertices" : [ {
      "x" : 0.0,
      "y" : 9.472136,
      "z" : -24.798374
    }, {
      "x" : 1.381966,
      "y" : 0.0,
      "z" : -16.708204
    }, {
      "x" : -1.381966,
      "y" : 0.0,
      "z" : -16.708204
    } ],
    "faces" : [ {
      "vertices" : [ 0, 1, 2 ]
    }, {
      "vertices" : [ 0, 2, 1 ]
    } ]
  }, {
    "id" : "b75b2de5-0fd0-46f6-a05a-f8b5d311f4ea",
    "vertices" : [ {
      "x" : -9.472136,
      "y" : 24.798374,
      "z" : 0.0
    }, {
      "x" : -7.236068,
      "y" : 13.944272,
      "z" : -5.854102
    }, {
      "x" : -9.472136,
      "y" : 13.09017,
      "z" : -4.472136
    } ],
    "faces" : [ {
      "vertices" : [ 0, 1, 2 ]
    }, {
      "vertices" : [ 0, 2, 1 ]
    } ]
  }, {
    "id" : "8dda306d-7641-4346-afd2-6bc9ff44f338",
    "vertices" : [ {
      "x" : 9.472136,
      "y" : -24.798374,
      "z" : 0.0
    }, {
      "x" : 9.472136,
      "y" : -13.09017,
      "z" : 4.472136
    }, {
      "x" : 7.236068,
      "y" : -13.944272,
      "z" : 5.854102
    } ],
    "faces" : [ {
      "vertices" : [ 0, 1, 2 ]
    }, {
      "vertices" : [ 0, 2, 1 ]
    } ]
  }, {
    "id" : "abb5ccbb-b0c4-4faf-aef3-ac5facc60a0a",
    "vertices" : [ {
      "x" : 9.472136,
      "y" : 24.798374,
      "z" : 0.0
    }, {
      "x" : 0.0,
      "y" : 16.708204,
      "z" : -1.381966
    }, {
      "x" : 0.0,
      "y" : 16.708204,
      "z" : 1.381966
    } ],
    "faces" : [ {
      "vertices" : [ 0, 1, 2 ]
    }, {
      "vertices" : [ 0, 2, 1 ]
    } ]
  }, {
    "id" : "7725afff-4f66-4337-853b-f90defe5e7ed",
    "vertices" : [ {
      "x" : -9.472136,
      "y" : 24.798374,
      "z" : 0.0
    }, {
      "x" : -7.236068,
      "y" : 13.944272,
      "z" : 5.854102
    }, {
      "x" : 0.0,
      "y" : 9.472136,
      "z" : 5.854102
    } ],
    "faces" : [ {
      "vertices" : [ 0, 1, 2 ]
    }, {
      "vertices" : [ 0, 2, 1 ]
    } ]
  }, {
    "id" : "6f906a1f-3e33-41cd-add0-9db8988c5c9a",
    "vertices" : [ {
      "x" : 15.326238,
      "y" : -15.326238,
      "z" : -15.326238
    }, {
      "x" : 5.854102,
      "y" : 0.0,
      "z" : -9.472136
    }, {
      "x" : 13.09017,
      "y" : -4.472136,
      "z" : -9.472136
    } ],
    "faces" : [ {
      "vertices" : [ 0, 1, 2 ]
    }, {
      "vertices" : [ 0, 2, 1 ]
    } ]
  }, {
    "id" : "0ca42a6c-3b03-4b57-8a1b-2dd035b8a5ff",
    "vertices" : [ {
      "x" : -9.472136,
      "y" : 14.326238,
      "z" : 5.236068
    }, {
      "x" : -15.326238,
      "y" : 15.326238,
      "z" : 15.326238
    }, {
      "x" : -7.236068,
      "y" : 13.944272,
      "z" : 5.854102
    } ],
    "faces" : [ {
      "vertices" : [ 0, 1, 2 ]
    }, {
      "vertices" : [ 0, 2, 1 ]
    } ]
  }, {
    "id" : "de6e727f-c6bf-4f6e-8d77-0bff8898414e",
    "vertices" : [ {
      "x" : 14.326238,
      "y" : -5.236068,
      "z" : 9.472136
    }, {
      "x" : 15.326238,
      "y" : -15.326238,
      "z" : 15.326238
    }, {
      "x" : 13.944272,
      "y" : -5.854102,
      "z" : 7.236068
    } ],
    "faces" : [ {
      "vertices" : [ 0, 1, 2 ]
    }, {
      "vertices" : [ 0, 2, 1 ]
    } ]
  }, {
    "id" : "8cb464ef-5cbd-4f5c-9fb7-c09335d458f0",
    "vertices" : [ {
      "x" : -5.236068,
      "y" : 9.472136,
      "z" : 14.326238
    }, {
      "x" : -15.326238,
      "y" : 15.326238,
      "z" : 15.326238
    }, {
      "x" : -5.854102,
      "y" : 7.236068,
      "z" : 13.944272
    } ],
    "faces" : [ {
      "vertices" : [ 0, 1, 2 ]
    }, {
      "vertices" : [ 0, 2, 1 ]
    } ]
  }, {
    "id" : "0fee9391-446c-4ba2-83a2-a9b617c244bd",
    "vertices" : [ {
      "x" : 15.326238,
      "y" : -15.326238,
      "z" : 15.326238
    }, {
      "x" : 13.944272,
      "y" : -5.854102,
      "z" : 7.236068
    }, {
      "x" : 13.09017,
      "y" : -4.472136,
      "z" : 9.472136
    } ],
    "faces" : [ {
      "vertices" : [ 0, 1, 2 ]
    }, {
      "vertices" : [ 0, 2, 1 ]
    } ]
  }, {
    "id" : "0371d344-db1d-4843-90a5-d7e861d2b3bc",
    "vertices" : [ {
      "x" : 18.944271,
      "y" : 0.0,
      "z" : 0.0
    }, {
      "x" : 9.472136,
      "y" : 5.854102,
      "z" : 0.0
    }, {
      "x" : 15.326238,
      "y" : 5.854102,
      "z" : 9.472136
    }, {
      "x" : 24.798374,
      "y" : 0.0,
      "z" : 9.472136
    } ],
    "faces" : [ {
      "vertices" : [ 0, 1, 2 ]
    }, {
      "vertices" : [ 0, 2, 3 ]
    }, {
      "vertices" : [ 0, 3, 2 ]
    }, {
      "vertices" : [ 0, 2, 1 ]
    } ]
  }, {
    "id" : "6cc6fb11-a250-4b8b-b897-51f90b3dc0d1",
    "vertices" : [ {
      "x" : -5.854102,
      "y" : 8.472136,
      "z" : 14.708204
    }, {
      "x" : 0.0,
      "y" : 9.472136,
      "z" : 24.798374
    }, {
      "x" : -4.472136,
      "y" : 9.472136,
      "z" : 13.09017
    } ],
    "faces" : [ {
      "vertices" : [ 0, 1, 2 ]
    }, {
      "vertices" : [ 0, 2, 1 ]
    } ]
  }, {
    "id" : "8d139765-566e-4e55-8499-2a2df016c42d",
    "vertices" : [ {
      "x" : -0.618034,
      "y" : 0.0,
      "z" : 17.944271
    }, {
      "x" : 0.0,
      "y" : -9.472136,
      "z" : 24.798374
    }, {
      "x" : 1.381966,
      "y" : 0.0,
      "z" : 16.708204
    } ],
    "faces" : [ {
      "vertices" : [ 0, 1, 2 ]
    }, {
      "vertices" : [ 0, 2, 1 ]
    } ]
  }, {
    "id" : "09105c28-869c-4bd0-9d5b-f372a7c393dd",
    "vertices" : [ {
      "x" : -14.708204,
      "y" : -5.854102,
      "z" : 8.472136
    }, {
      "x" : -15.326238,
      "y" : -15.326238,
      "z" : 15.326238
    }, {
      "x" : -13.09017,
      "y" : -4.472136,
      "z" : 9.472136
    } ],
    "faces" : [ {
      "vertices" : [ 0, 1, 2 ]
    }, {
      "vertices" : [ 0, 2, 1 ]
    } ]
  }, {
    "id" : "eb3ed13e-5825-4f98-8609-0c616f634300",
    "vertices" : [ {
      "x" : 24.798374,
      "y" : 0.0,
      "z" : 9.472136
    }, {
      "x" : 16.708204,
      "y" : -1.381966,
      "z" : 0.0
    }, {
      "x" : 16.708204,
      "y" : 1.381966,
      "z" : 0.0
    } ],
    "faces" : [ {
      "vertices" : [ 0, 1, 2 ]
    }, {
      "vertices" : [ 0, 2, 1 ]
    } ]
  }, {
    "id" : "ae1cb80c-f417-4d2f-ab01-884a29c8a796",
    "vertices" : [ {
      "x" : 24.798374,
