{
  "field" : "golden",
  "symmetry" : "icosahedral",
  "orientations" : [ [ 1.0, 0.0, 0.0, 0.0, 0.0, 1.0, 0.0, 0.0, 0.0, 0.0, 1.0, 0.0, 0.0, 0.0, 0.0, 1.0 ], [ 0.0, 0.0, 1.0, 0.0, 1.0, 0.0, 0.0, 0.0, 0.0, 1.0, 0.0, 0.0, 0.0, 0.0, 0.0, 1.0 ], [ 0.0, 1.0, 0.0, 0.0, 0.0, 0.0, 1.0, 0.0, 1.0, 0.0, 0.0, 0.0, 0.0, 0.0, 0.0, 1.0 ], [ 0.809017, 0.309017, 0.5, 0.0, 0.309017, 0.5, -0.809017, 0.0, -0.5, 0.809017, 0.309017, 0.0, 0.0, 0.0, 0.0, 1.0 ], [ -0.5, 0.809017, 0.309017, 0.0, 0.809017, 0.309017, 0.5, 0.0, 0.309017, 0.5, -0.809017, 0.0, 0.0, 0.0, 0.0, 1.0 ], [ 0.309017, 0.5, -0.809017, 0.0, -0.5, 0.809017, 0.309017, 0.0, 0.809017, 0.309017, 0.5, 0.0, 0.0, 0.0, 0.0, 1.0 ], [ 0.5, 0.809017, 0.309017, 0.0, 0.809017, -0.309017, -0.5, 0.0, -0.309017, 0.5, -0.809017, 0.0, 0.0, 0.0, 0.0, 1.0 ], [ -0.309017, 0.5, -0.809017, 0.0, 0.5, 0.809017, 0.309017, 0.0, 0.809017, -0.309017, -0.5, 0.0, 0.0, 0.0, 0.0, 1.0 ], [ 0.809017, -0.309017, -0.5, 0.0, -0.309017, 0.5, -0.809017, 0.0, 0.5, 0.809017, 0.309017, 0.0, 0.0, 0.0, 0.0, 1.0 ], [ 0.5, 0.809017, -0.309017, 0.0, 0.809017, -0.309017, 0.5, 0.0, 0.309017, -0.5, -0.809017, 0.0, 0.0, 0.0, 0.0, 1.0 ], [ 0.309017, -0.5, -0.809017, 0.0, 0.5, 0.809017, -0.309017, 0.0, 0.809017, -0.309017, 0.5, 0.0, 0.0, 0.0, 0.0, 1.0 ], [ 0.809017, -0.309017, 0.5, 0.0, 0.309017, -0.5, -0.809017, 0.0, 0.5, 0.809017, -0.309017, 0.0, 0.0, 0.0, 0.0, 1.0 ], [ 0.809017, 0.309017, -0.5, 0.0, 0.309017, 0.5, 0.809017, 0.0, 0.5, -0.809017, 0.309017, 0.0, 0.0, 0.0, 0.0, 1.0 ], [ 0.5, -0.809017, 0.309017, 0.0, 0.809017, 0.309017, -0.5, 0.0, 0.309017, 0.5, 0.809017, 0.0, 0.0, 0.0, 0.0, 1.0 ], [ 0.309017, 0.5, 0.809017, 0.0, 0.5, -0.809017, 0.309017, 0.0, 0.809017, 0.309017, -0.5, 0.0, 0.0, 0.0, 0.0, 1.0 ], [ 1.0, 0.0, 0.0, 0.0, 0.0, -1.0, 0.0, 0.0, 0.0, 0.0, -1.0, 0.0, 0.0, 0.0, 0.0, 1.0 ], [ 0.0, 0.0, 1.0, 0.0, -1.0, 0.0, 0.0, 0.0, 0.0, -1.0, 0.0, 0.0, 0.0, 0.0, 0.0, 1.0 ], [ 0.0, 1.0, 0.0, 0.0, 0.0, 0.0, -1.0, 0.0, -1.0, 0.0, 0.0, 0.0, 0.0, 0.0, 0.0, 1.0 ], [ 0.809017, 0.309017, 0.5, 0.0, -0.309017, -0.5, 0.809017, 0.0, 0.5, -0.809017, -0.309017, 0.0, 0.0, 0.0, 0.0, 1.0 ], [ -0.5, 0.809017, 0.309017, 0.0, -0.809017, -0.309017, -0.5, 0.0, -0.309017, -0.5, 0.809017, 0.0, 0.0, 0.0, 0.0, 1.0 ], [ 0.309017, 0.5, -0.809017, 0.0, 0.5, -0.809017, -0.309017, 0.0, -0.809017, -0.309017, -0.5, 0.0, 0.0, 0.0, 0.0, 1.0 ], [ 0.5, 0.809017, 0.309017, 0.0, -0.809017, 0.309017, 0.5, 0.0, 0.309017, -0.5, 0.809017, 0.0, 0.0, 0.0, 0.0, 1.0 ], [ -0.309017, 0.5, -0.809017, 0.0, -0.5, -0.809017, -0.309017, 0.0, -0.809017, 0.309017, 0.5, 0.0, 0.0, 0.0, 0.0, 1.0 ], [ 0.809017, -0.309017, -0.5, 0.0, 0.309017, -0.5, 0.809017, 0.0, -0.5, -0.809017, -0.309017, 0.0, 0.0, 0.0, 0.0, 1.0 ], [ 0.5, 0.809017, -0.309017, 0.0, -0.809017, 0.309017, -0.5, 0.0, -0.309017, 0.5, 0.809017, 0.0, 0.0, 0.0, 0.0, 1.0 ], [ 0.309017, -0.5, -0.809017, 0.0, -0.5, -0.809017, 0.309017, 0.0, -0.809017, 0.309017, -0.5, 0.0, 0.0, 0.0, 0.0, 1.0 ], [ 0.809017, -0.309017, 0.5, 0.0, -0.309017, 0.5, 0.809017, 0.0, -0.5, -0.809017, 0.309017, 0.0, 0.0, 0.0, 0.0, 1.0 ], [ 0.809017, 0.309017, -0.5, 0.0, -0.309017, -0.5, -0.809017, 0.0, -0.5, 0.809017, -0.309017, 0.0, 0.0, 0.0, 0.0, 1.0 ], [ 0.5, -0.809017, 0.309017, 0.0, -0.809017, -0.309017, 0.5, 0.0, -0.309017, -0.5, -0.809017, 0.0, 0.0, 0.0, 0.0, 1.0 ], [ 0.309017, 0.5, 0.809017, 0.0, -0.5, 0.809017, -0.309017, 0.0, -0.809017, -0.309017, 0.5, 0.0, 0.0, 0.0, 0.0, 1.0 ], [ -1.0, 0.0, 0.0, 0.0, 0.0, -1.0, 0.0, 0.0, 0.0, 0.0, 1.0, 0.0, 0.0, 0.0, 0.0, 1.0 ], [ 0.0, 0.0, -1.0, 0.0, -1.0, 0.0, 0.0, 0.0, 0.0, 1.0, 0.0, 0.0, 0.0, 0.0, 0.0, 1.0 ], [ 0.0, -1.0, 0.0, 0.0, 0.0, 0.0, -1.0, 0.0, 1.0, 0.0, 0.0, 0.0, 0.0, 0.0, 0.0, 1.0 ], [ -0.809017, -0.309017, -0.5, 0.0, -0.309017, -0.5, 0.809017, 0.0, -0.5, 0.809017, 0.309017, 0.0, 0.0, 0.0, 0.0, 1.0 ], [ 0.5, -0.809017, -0.309017, 0.0, -0.809017, -0.309017, -0.5, 0.0, 0.309017, 0.5, -0.809017, 0.0, 0.0, 0.0, 0.0, 1.0 ], [ -0.309017, -0.5, 0.809017, 0.0, 0.5, -0.809017, -0.309017, 0.0, 0.809017, 0.309017, 0.5, 0.0, 0.0, 0.0, 0.0, 1.0 ], [ -0.5, -0.809017, -0.309017, 0.0, -0.809017, 0.309017, 0.5, 0.0, -0.309017, 0.5, -0.809017, 0.0, 0.0, 0.0, 0.0, 1.0 ], [ 0.309017, -0.5, 0.809017, 0.0, -0.5, -0.809017, -0.309017, 0.0, 0.809017, -0.309017, -0.5, 0.0, 0.0, 0.0, 0.0, 1.0 ], [ -0.809017, 0.309017, 0.5, 0.0, 0.309017, -0.5, 0.809017, 0.0, 0.5, 0.809017, 0.309017, 0.0, 0.0, 0.0, 0.0, 1.0 ], [ -0.5, -0.809017, 0.309017, 0.0, -0.809017, 0.309017, -0.5, 0.0, 0.309017, -0.5, -0.809017, 0.0, 0.0, 0.0, 0.0, 1.0 ], [ -0.309017, 0.5, 0.809017, 0.0, -0.5, -0.809017, 0.309017, 0.0, 0.809017, -0.309017, 0.5, 0.0, 0.0, 0.0, 0.0, 1.0 ], [ -0.809017, 0.309017, -0.5, 0.0, -0.309017, 0.5, 0.809017, 0.0, 0.5, 0.809017, -0.309017, 0.0, 0.0, 0.0, 0.0, 1.0 ], [ -0.809017, -0.309017, 0.5, 0.0, -0.309017, -0.5, -0.809017, 0.0, 0.5, -0.809017, 0.309017, 0.0, 0.0, 0.0, 0.0, 1.0 ], [ -0.5, 0.809017, -0.309017, 0.0, -0.809017, -0.309017, 0.5, 0.0, 0.309017, 0.5, 0.809017, 0.0, 0.0, 0.0, 0.0, 1.0 ], [ -0.309017, -0.5, -0.809017, 0.0, -0.5, 0.809017, -0.309017, 0.0, 0.809017, 0.309017, -0.5, 0.0, 0.0, 0.0, 0.0, 1.0 ], [ -1.0, 0.0, 0.0, 0.0, 0.0, 1.0, 0.0, 0.0, 0.0, 0.0, -1.0, 0.0, 0.0, 0.0, 0.0, 1.0 ], [ 0.0, 0.0, -1.0, 0.0, 1.0, 0.0, 0.0, 0.0, 0.0, -1.0, 0.0, 0.0, 0.0, 0.0, 0.0, 1.0 ], [ 0.0, -1.0, 0.0, 0.0, 0.0, 0.0, 1.0, 0.0, -1.0, 0.0, 0.0, 0.0, 0.0, 0.0, 0.0, 1.0 ], [ -0.809017, -0.309017, -0.5, 0.0, 0.309017, 0.5, -0.809017, 0.0, 0.5, -0.809017, -0.309017, 0.0, 0.0, 0.0, 0.0, 1.0 ], [ 0.5, -0.809017, -0.309017, 0.0, 0.809017, 0.309017, 0.5, 0.0, -0.309017, -0.5, 0.809017, 0.0, 0.0, 0.0, 0.0, 1.0 ], [ -0.309017, -0.5, 0.809017, 0.0, -0.5, 0.809017, 0.309017, 0.0, -0.809017, -0.309017, -0.5, 0.0, 0.0, 0.0, 0.0, 1.0 ], [ -0.5, -0.809017, -0.309017, 0.0, 0.809017, -0.309017, -0.5, 0.0, 0.309017, -0.5, 0.809017, 0.0, 0.0, 0.0, 0.0, 1.0 ], [ 0.309017, -0.5, 0.809017, 0.0, 0.5, 0.809017, 0.309017, 0.0, -0.809017, 0.309017, 0.5, 0.0, 0.0, 0.0, 0.0, 1.0 ], [ -0.809017, 0.309017, 0.5, 0.0, -0.309017, 0.5, -0.809017, 0.0, -0.5, -0.809017, -0.309017, 0.0, 0.0, 0.0, 0.0, 1.0 ], [ -0.5, -0.809017, 0.309017, 0.0, 0.809017, -0.309017, 0.5, 0.0, -0.309017, 0.5, 0.809017, 0.0, 0.0, 0.0, 0.0, 1.0 ], [ -0.309017, 0.5, 0.809017, 0.0, 0.5, 0.809017, -0.309017, 0.0, -0.809017, 0.309017, -0.5, 0.0, 0.0, 0.0, 0.0, 1.0 ], [ -0.809017, 0.309017, -0.5, 0.0, 0.309017, -0.5, -0.809017, 0.0, -0.5, -0.809017, 0.309017, 0.0, 0.0, 0.0, 0.0, 1.0 ], [ -0.809017, -0.309017, 0.5, 0.0, 0.309017, 0.5, 0.809017, 0.0, -0.5, 0.809017, -0.309017, 0.0, 0.0, 0.0, 0.0, 1.0 ], [ -0.5, 0.809017, -0.309017, 0.0, 0.809017, 0.309017, -0.5, 0.0, -0.309017, -0.5, -0.809017, 0.0, 0.0, 0.0, 0.0, 1.0 ], [ -0.309017, -0.5, -0.809017, 0.0, 0.5, -0.809017, 0.309017, 0.0, -0.809017, -0.309017, 0.5, 0.0, 0.0, 0.0, 0.0, 1.0 ] ],
  "lights" : {
    "ambientColor" : "#292929",
    "backgroundColor" : "#CCCCCC",
    "directionalLights" : [ {
      "direction" : [ 1.0, -1.0, -1.0 ],
      "color" : "#EBEBE4"
    }, {
      "direction" : [ -1.0, 0.0, 0.0 ],
      "color" : "#E4E4EB"
    }, {
      "direction" : [ 0.0, 0.0, -1.0 ],
      "color" : "#1E1E1E"
    } ]
  },
  "camera" : {
    "width" : 83.96253,
    "stereo" : false,
    "lookDirection" : {
      "x" : -0.0019441806,
      "y" : -0.004341683,
      "z" : -0.9999455
    },
    "upDirection" : {
      "x" : -1.0928165E-4,
      "y" : 0.9999123,
      "z" : -0.0043551386
    },
    "lookAtPoint" : {
      "x" : 0.0,
      "y" : 0.0,
      "z" : 0.0
    },
    "viewDistance" : 186.5836,
    "nearClipDistance" : 0.46645933,
    "farClipDistance" : 373.16623,
    "fieldOfView" : 0.4426284,
    "perspective" : false,
    "position" : {
      "x" : 0.36275223,
      "y" : 0.81008685,
      "z" : 186.57344
    }
  },
  "embedding" : [ 1.0, 0.0, 0.0, 0.0, 0.0, 1.0, 0.0, 0.0, 0.0, 0.0, 1.0, 0.0, 0.0, 0.0, 0.0, 1.0 ],
  "shapes" : [ {
    "id" : "935f63a6-7d8c-4b64-a552-f5e653d1399d",
    "vertices" : [ {
      "x" : 1.145898,
      "y" : -0.072949015,
      "z" : 0.19098301
    }, {
      "x" : 1.145898,
      "y" : 0.54508495,
      "z" : 0.19098301
    }, {
      "x" : 0.4376941,
      "y" : 0.090169944,
      "z" : 0.0
    }, {
      "x" : 1.145898,
      "y" : 0.54508495,
      "z" : -0.19098301
    }, {
      "x" : 12.624612,
      "y" : 2.90983,
      "z" : -0.19098301
    }, {
      "x" : 12.624612,
      "y" : 2.291796,
      "z" : -0.19098301
    }, {
      "x" : 1.145898,
      "y" : -0.072949015,
      "z" : -0.19098301
    }, {
      "x" : 12.624612,
      "y" : 2.291796,
      "z" : 0.19098301
    }, {
      "x" : 12.624612,
      "y" : 2.90983,
      "z" : 0.19098301
    }, {
      "x" : 13.332816,
      "y" : 2.746711,
      "z" : 0.0
    }, {
      "x" : 14.208204,
      "y" : 2.927051,
      "z" : 0.0
    } ],
    "faces" : [ {
      "vertices" : [ 0, 7, 8 ]
    }, {
      "vertices" : [ 0, 8, 1 ]
    }, {
      "vertices" : [ 1, 8, 4 ]
    }, {
      "vertices" : [ 1, 4, 3 ]
    }, {
      "vertices" : [ 3, 4, 5 ]
    }, {
      "vertices" : [ 3, 5, 6 ]
    }, {
      "vertices" : [ 4, 9, 5 ]
    }, {
      "vertices" : [ 0, 6, 5 ]
    }, {
      "vertices" : [ 0, 5, 7 ]
    }, {
      "vertices" : [ 0, 1, 2 ]
    }, {
      "vertices" : [ 5, 9, 7 ]
    }, {
      "vertices" : [ 4, 8, 9 ]
    }, {
      "vertices" : [ 1, 3, 2 ]
    }, {
      "vertices" : [ 7, 9, 8 ]
    }, {
      "vertices" : [ 0, 2, 6 ]
    }, {
      "vertices" : [ 2, 3, 6 ]
    } ]
  }, {
    "id" : "2abd781f-93ba-439d-bb75-c3974ab7b62a",
    "vertices" : [ {
      "x" : -5.854102,
      "y" : -4.736068,
      "z" : 12.399187
    }, {
      "x" : -10.59017,
      "y" : -2.927051,
      "z" : 9.472136
    }, {
      "x" : 0.0,
      "y" : 0.0,
      "z" : 0.0
    } ],
    "faces" : [ {
      "vertices" : [ 0, 1, 2 ]
    }, {
      "vertices" : [ 0, 2, 1 ]
    } ]
  }, {
    "id" : "b58ff03f-4ff3-41e8-9077-a3f2337fe620",
    "vertices" : [ {
      "x" : 10.59017,
      "y" : -2.927051,
      "z" : 9.472136
    }, {
      "x" : 15.326238,
      "y" : -15.326238,
      "z" : 15.326238
    }, {
      "x" : 12.399187,
      "y" : -5.854102,
      "z" : 4.736068
    } ],
    "faces" : [ {
      "vertices" : [ 0, 1, 2 ]
    }, {
      "vertices" : [ 0, 2, 1 ]
    } ]
  }, {
    "id" : "bb19a410-71a5-4b73-9f8b-c1fdb17f8ec5",
    "vertices" : [ {
      "x" : -10.59017,
      "y" : -2.927051,
      "z" : -9.472136
    }, {
      "x" : -5.854102,
      "y" : -4.736068,
      "z" : -12.399187
    }, {
      "x" : -15.326238,
      "y" : -15.326238,
      "z" : -15.326238
    } ],
    "faces" : [ {
      "vertices" : [ 0, 1, 2 ]
    }, {
      "vertices" : [ 0, 2, 1 ]
    } ]
  }, {
    "id" : "c829cc5a-bec7-424c-bd0b-6d2cca915b4b",
    "vertices" : [ {
      "x" : 1.0,
      "y" : 0.309017,
      "z" : 0.19098301
    }, {
      "x" : 1.0,
      "y" : -0.309017,
      "z" : 0.19098301
    }, {
      "x" : 4.854102,
      "y" : -0.309017,
      "z" : 0.19098301
    }, {
      "x" : 4.854102,
      "y" : 0.309017,
      "z" : 0.19098301
    }, {
      "x" : 4.854102,
      "y" : -0.309017,
      "z" : -0.19098301
    }, {
      "x" : 4.854102,
      "y" : 0.309017,
      "z" : -0.19098301
    }, {
      "x" : 5.472136,
      "y" : 0.0,
      "z" : 0.0
    }, {
      "x" : 0.38196602,
      "y" : 0.0,
      "z" : 0.0
    }, {
      "x" : 1.0,
      "y" : 0.309017,
      "z" : -0.19098301
    }, {
      "x" : 1.0,
      "y" : -0.309017,
      "z" : -0.19098301
    }, {
      "x" : 5.854102,
      "y" : 0.0,
      "z" : 0.0
    } ],
    "faces" : [ {
      "vertices" : [ 1, 9, 4 ]
    }, {
      "vertices" : [ 1, 4, 2 ]
    }, {
      "vertices" : [ 0, 3, 5 ]
    }, {
      "vertices" : [ 0, 5, 8 ]
    }, {
      "vertices" : [ 1, 7, 9 ]
    }, {
      "vertices" : [ 0, 1, 2 ]
    }, {
      "vertices" : [ 0, 2, 3 ]
    }, {
      "vertices" : [ 7, 8, 9 ]
    }, {
      "vertices" : [ 0, 7, 1 ]
    }, {
      "vertices" : [ 4, 9, 8 ]
    }, {
      "vertices" : [ 4, 8, 5 ]
    }, {
      "vertices" : [ 2, 6, 3 ]
    }, {
      "vertices" : [ 2, 4, 6 ]
    }, {
      "vertices" : [ 3, 6, 5 ]
    }, {
      "vertices" : [ 4, 5, 6 ]
    }, {
      "vertices" : [ 0, 8, 7 ]
    } ]
  }, {
    "id" : "f79e73ac-9a9d-414a-84d8-79893b6c3647",
    "vertices" : [ {
      "x" : 9.472136,
      "y" : -10.59017,
      "z" : -2.927051
    }, {
      "x" : 9.472136,
      "y" : -24.798374,
      "z" : 0.0
    }, {
      "x" : 4.736068,
      "y" : -12.399187,
      "z" : -5.854102
    } ],
    "faces" : [ {
      "vertices" : [ 0, 1, 2 ]
    }, {
      "vertices" : [ 0, 2, 1 ]
    } ]
  }, {
    "id" : "7045acf3-e23c-4c7b-9d75-9e96750ed924",
    "vertices" : [ {
      "x" : 0.0,
      "y" : -14.208204,
      "z" : 2.927051
    }, {
      "x" : -9.472136,
      "y" : -24.798374,
      "z" : 0.0
    }, {
      "x" : 0.0,
      "y" : -14.208204,
      "z" : -2.927051
    } ],
    "faces" : [ {
      "vertices" : [ 0, 1, 2 ]
    }, {
      "vertices" : [ 0, 2, 1 ]
    } ]
  }, {
    "id" : "19f977e9-9866-4442-87af-73f6bf40f08e",
    "vertices" : [ {
      "x" : -2.927051,
      "y" : 0.0,
      "z" : -14.208204
    }, {
      "x" : -5.854102,
      "y" : 4.736068,
      "z" : -12.399187
    }, {
      "x" : 0.0,
      "y" : 9.472136,
      "z" : -24.798374
    } ],
    "faces" : [ {
      "vertices" : [ 0, 1, 2 ]
    }, {
      "vertices" : [ 0, 2, 1 ]
    } ]
  }, {
    "id" : "4353c207-5ee2-417a-acc7-a2cb03e9e1e4",
    "vertices" : [ {
      "x" : 10.59017,
      "y" : 2.927051,
      "z" : 9.472136
    }, {
      "x" : 10.59017,
      "y" : -2.927051,
      "z" : 9.472136
    }, {
      "x" : 24.798374,
      "y" : 0.0,
      "z" : 9.472136
    } ],
    "faces" : [ {
      "vertices" : [ 0, 1, 2 ]
    }, {
      "vertices" : [ 0, 2, 1 ]
    } ]
  }, {
    "id" : "4fb97843-0fad-47bf-8616-8eccabb1689a",
    "vertices" : [ {
      "x" : -5.854102,
      "y" : 4.736068,
      "z" : -12.399187
    }, {
      "x" : -15.326238,
      "y" : 15.326238,
      "z" : -15.326238
    }, {
      "x" : -2.927051,
      "y" : 9.472136,
      "z" : -10.59017
    } ],
    "faces" : [ {
      "vertices" : [ 0, 1, 2 ]
    }, {
      "vertices" : [ 0, 2, 1 ]
    } ]
  }, {
    "id" : "72a9e5e5-4e0d-48b3-ae15-2e1432c6d0e1",
    "vertices" : [ {
      "x" : -5.854102,
      "y" : 4.736068,
      "z" : -12.399187
    }, {
      "x" : -10.59017,
      "y" : 2.927051,
      "z" : -9.472136
    }, {
      "x" : -15.326238,
      "y" : 15.326238,
      "z" : -15.326238
    } ],
    "faces" : [ {
      "vertices" : [ 0, 1, 2 ]
    }, {
      "vertices" : [ 0, 2, 1 ]
    } ]
  }, {
    "id" : "cf350bae-85cd-45ea-b006-ee824e4f5875",
    "vertices" : [ {
      "x" : 2.927051,
      "y" : 0.0,
      "z" : 14.208204
    }, {
      "x" : 0.0,
      "y" : 0.0,
      "z" : 0.0
    }, {
      "x" : -2.927051,
      "y" : 0.0,
      "z" : 14.208204
    } ],
    "faces" : [ {
      "vertices" : [ 0, 1, 2 ]
    }, {
      "vertices" : [ 0, 2, 1 ]
    } ]
  }, {
    "id" : "d85c44f5-57c9-440c-9810-91252d254b90",
    "vertices" : [ {
      "x" : 10.59017,
      "y" : -2.927051,
      "z" : 9.472136
    }, {
      "x" : 5.854102,
      "y" : -4.736068,
      "z" : 12.399187
    }, {
      "x" : 15.326238,
      "y" : -15.326238,
      "z" : 15.326238
    } ],
    "faces" : [ {
      "vertices" : [ 0, 1, 2 ]
    }, {
      "vertices" : [ 0, 2, 1 ]
    } ]
  }, {
    "id" : "61d748cd-aeab-4afd-b244-ec48116482e1",
    "vertices" : [ {
      "x" : -5.854102,
      "y" : -4.736068,
      "z" : -12.399187
    }, {
      "x" : -2.927051,
      "y" : 0.0,
      "z" : -14.208204
    }, {
      "x" : 0.0,
      "y" : 0.0,
      "z" : 0.0
    } ],
    "faces" : [ {
      "vertices" : [ 0, 1, 2 ]
    }, {
      "vertices" : [ 0, 2, 1 ]
    } ]
  }, {
    "id" : "a54a9a28-4ad4-48fc-a6fa-fc2c12f8eea9",
    "vertices" : [ {
      "x" : 0.309017,
      "y" : -0.309017,
      "z" : -0.309017
    }, {
      "x" : 0.5,
      "y" : 0.0,
      "z" : -0.19098301
    }, {
      "x" : 0.5,
      "y" : 0.0,
      "z" : 0.19098301
    }, {
      "x" : 0.309017,
      "y" : -0.309017,
      "z" : 0.309017
    }, {
      "x" : 0.19098301,
      "y" : -0.5,
      "z" : 0.0
    }, {
      "x" : 0.0,
      "y" : 0.19098301,
      "z" : 0.5
    }, {
      "x" : 0.0,
      "y" : -0.19098301,
      "z" : 0.5
    }, {
      "x" : 0.309017,
      "y" : 0.309017,
      "z" : 0.309017
    }, {
      "x" : -0.309017,
      "y" : -0.309017,
      "z" : 0.309017
    }, {
      "x" : -0.309017,
      "y" : 0.309017,
      "z" : 0.309017
    }, {
      "x" : -0.5,
      "y" : 0.0,
      "z" : 0.19098301
    }, {
      "x" : 0.0,
      "y" : -0.19098301,
      "z" : -0.5
    }, {
      "x" : 0.0,
      "y" : 0.19098301,
      "z" : -0.5
    }, {
      "x" : 0.309017,
      "y" : 0.309017,
      "z" : -0.309017
    }, {
      "x" : -0.309017,
      "y" : -0.309017,
      "z" : -0.309017
    }, {
      "x" : -0.19098301,
      "y" : -0.5,
      "z" : 0.0
    }, {
      "x" : -0.5,
      "y" : 0.0,
      "z" : -0.19098301
    }, {
      "x" : 0.19098301,
      "y" : 0.5,
      "z" : 0.0
    }, {
      "x" : -0.309017,
      "y" : 0.309017,
      "z" : -0.309017
    }, {
      "x" : 0.0,
      "y" : 0.0,
      "z" : 0.0
    }, {
      "x" : -0.19098301,
      "y" : 0.5,
      "z" : 0.0
    } ],
    "faces" : [ {
      "vertices" : [ 12, 18, 20 ]
    }, {
      "vertices" : [ 12, 20, 17 ]
    }, {
      "vertices" : [ 12, 17, 13 ]
    }, {
      "vertices" : [ 3, 6, 8 ]
    }, {
      "vertices" : [ 3, 8, 15 ]
    }, {
      "vertices" : [ 3, 15, 4 ]
    }, {
      "vertices" : [ 0, 11, 12 ]
    }, {
      "vertices" : [ 0, 12, 13 ]
    }, {
      "vertices" : [ 0, 13, 1 ]
    }, {
      "vertices" : [ 5, 9, 10 ]
    }, {
      "vertices" : [ 5, 10, 8 ]
    }, {
      "vertices" : [ 5, 8, 6 ]
    }, {
      "vertices" : [ 2, 7, 5 ]
    }, {
      "vertices" : [ 2, 5, 6 ]
    }, {
      "vertices" : [ 2, 6, 3 ]
    }, {
      "vertices" : [ 11, 14, 16 ]
    }, {
      "vertices" : [ 11, 16, 18 ]
    }, {
      "vertices" : [ 11, 18, 12 ]
    }, {
      "vertices" : [ 1, 13, 17 ]
    }, {
      "vertices" : [ 1, 17, 7 ]
    }, {
      "vertices" : [ 1, 7, 2 ]
    }, {
      "vertices" : [ 9, 20, 18 ]
    }, {
      "vertices" : [ 9, 18, 16 ]
    }, {
      "vertices" : [ 9, 16, 10 ]
    }, {
      "vertices" : [ 0, 1, 2 ]
    }, {
      "vertices" : [ 0, 2, 3 ]
    }, {
      "vertices" : [ 0, 3, 4 ]
    }, {
      "vertices" : [ 5, 7, 17 ]
    }, {
      "vertices" : [ 5, 17, 20 ]
    }, {
      "vertices" : [ 5, 20, 9 ]
    }, {
      "vertices" : [ 0, 4, 15 ]
    }, {
      "vertices" : [ 0, 15, 14 ]
    }, {
      "vertices" : [ 0, 14, 11 ]
    }, {
      "vertices" : [ 8, 10, 16 ]
    }, {
      "vertices" : [ 8, 16, 14 ]
    }, {
      "vertices" : [ 8, 14, 15 ]
    } ]
  }, {
    "id" : "ab8b22d2-0503-4f66-9474-1f74210efd84",
    "vertices" : [ {
      "x" : 12.399187,
      "y" : 5.854102,
      "z" : -4.736068
    }, {
      "x" : 0.0,
      "y" : 0.0,
      "z" : 0.0
    }, {
      "x" : 10.59017,
      "y" : 2.927051,
      "z" : -9.472136
    } ],
    "faces" : [ {
      "vertices" : [ 0, 1, 2 ]
    }, {
      "vertices" : [ 0, 2, 1 ]
    } ]
  }, {
    "id" : "6e23fb41-f554-4faa-8ce1-0f5f9e44b3eb",
    "vertices" : [ {
      "x" : -14.208204,
      "y" : 2.927051,
      "z" : 0.0
    }, {
      "x" : -12.399187,
      "y" : 5.854102,
      "z" : -4.736068
    }, {
      "x" : -24.798374,
      "y" : 0.0,
      "z" : -9.472136
    } ],
    "faces" : [ {
      "vertices" : [ 0, 1, 2 ]
    }, {
      "vertices" : [ 0, 2, 1 ]
    } ]
  }, {
    "id" : "368554fc-d479-4ae8-8d13-e139590bf029",
    "vertices" : [ {
      "x" : 4.736068,
      "y" : -12.399187,
      "z" : -5.854102
    }, {
      "x" : 2.927051,
      "y" : -9.472136,
      "z" : -10.59017
    }, {
      "x" : 0.0,
      "y" : 0.0,
      "z" : 0.0
    } ],
    "faces" : [ {
      "vertices" : [ 0, 1, 2 ]
    }, {
      "vertices" : [ 0, 2, 1 ]
    } ]
  }, {
    "id" : "9b63ca3c-e370-4ffc-8229-a2d944ac8d39",
    "vertices" : [ {
      "x" : -10.59017,
      "y" : 2.927051,
      "z" : -9.472136
    }, {
      "x" : -10.59017,
      "y" : -2.927051,
      "z" : -9.472136
    }, {
      "x" : -24.798374,
      "y" : 0.0,
      "z" : -9.472136
    } ],
    "faces" : [ {
      "vertices" : [ 0, 1, 2 ]
    }, {
      "vertices" : [ 0, 2, 1 ]
    } ]
  }, {
    "id" : "fd411450-2a46-4f9a-a02d-1a1432da5de5",
    "vertices" : [ {
      "x" : 5.854102,
      "y" : -4.736068,
      "z" : 12.399187
    }, {
      "x" : 2.927051,
      "y" : 0.0,
      "z" : 14.208204
    }, {
      "x" : 0.0,
      "y" : 0.0,
      "z" : 0.0
    } ],
    "faces" : [ {
      "vertices" : [ 0, 1, 2 ]
    }, {
      "vertices" : [ 0, 2, 1 ]
    } ]
  }, {
    "id" : "3298de6a-3296-4b01-9f4c-c6738f750acf",
    "vertices" : [ {
      "x" : -12.399187,
      "y" : 5.854102,
      "z" : -4.736068
    }, {
      "x" : -15.326238,
      "y" : 15.326238,
      "z" : -15.326238
    }, {
      "x" : -10.59017,
      "y" : 2.927051,
      "z" : -9.472136
    } ],
    "faces" : [ {
      "vertices" : [ 0, 1, 2 ]
    }, {
      "vertices" : [ 0, 2, 1 ]
    } ]
  }, {
    "id" : "75adb144-ef0f-4f5d-80f4-5c03ed754782",
    "vertices" : [ {
      "x" : 10.59017,
      "y" : 2.927051,
      "z" : -9.472136
    }, {
      "x" : 5.854102,
      "y" : 4.736068,
      "z" : -12.399187
    }, {
      "x" : 0.0,
      "y" : 0.0,
      "z" : 0.0
    } ],
    "faces" : [ {
      "vertices" : [ 0, 1, 2 ]
    }, {
      "vertices" : [ 0, 2, 1 ]
    } ]
  }, {
    "id" : "6bf08fb8-ebf8-452e-a42f-3bbd275476b5",
    "vertices" : [ {
      "x" : -2.927051,
      "y" : 0.0,
      "z" : 14.208204
    }, {
      "x" : -5.854102,
      "y" : -4.736068,
      "z" : 12.399187
    }, {
      "x" : 0.0,
      "y" : -9.472136,
      "z" : 24.798374
    } ],
    "faces" : [ {
      "vertices" : [ 0, 1, 2 ]
    }, {
      "vertices" : [ 0, 2, 1 ]
    } ]
  }, {
    "id" : "c608e6b4-a183-4153-aa17-11839ace0f33",
    "vertices" : [ {
      "x" : 14.208204,
      "y" : 2.927051,
      "z" : 0.0
    }, {
      "x" : 12.399187,
      "y" : 5.854102,
      "z" : 4.736068
    }, {
      "x" : 0.0,
      "y" : 0.0,
      "z" : 0.0
    } ],
    "faces" : [ {
      "vertices" : [ 0, 1, 2 ]
    }, {
      "vertices" : [ 0, 2, 1 ]
    } ]
  }, {
    "id" : "b4e8b0c0-5c57-418a-a021-714930892c16",
    "vertices" : [ {
      "x" : -5.854102,
      "y" : -4.736068,
      "z" : 12.399187
    }, {
      "x" : -10.59017,
      "y" : -2.927051,
      "z" : 9.472136
    }, {
      "x" : -15.326238,
      "y" : -15.326238,
      "z" : 15.326238
    } ],
    "faces" : [ {
      "vertices" : [ 0, 1, 2 ]
    }, {
      "vertices" : [ 0, 2, 1 ]
    } ]
  }, {
    "id" : "54cfab6f-2117-45bb-9573-4bdee91ce160",
    "vertices" : [ {
      "x" : -12.399187,
      "y" : 5.854102,
      "z" : 4.736068
    }, {
      "x" : -14.208204,
      "y" : 2.927051,
      "z" : 0.0
    }, {
      "x" : 0.0,
      "y" : 0.0,
      "z" : 0.0
    } ],
    "faces" : [ {
      "vertices" : [ 0, 1, 2 ]
    }, {
      "vertices" : [ 0, 2, 1 ]
    } ]
  }, {
    "id" : "8fcd8bf5-11cc-49d9-a8b1-1bca389ad800",
    "vertices" : [ {
      "x" : -4.736068,
      "y" : 12.399187,
      "z" : -5.854102
    }, {
      "x" : -2.927051,
      "y" : 9.472136,
      "z" : -10.59017
    }, {
      "x" : 0.0,
      "y" : 0.0,
      "z" : 0.0
    } ],
    "faces" : [ {
      "vertices" : [ 0, 1, 2 ]
    }, {
      "vertices" : [ 0, 2, 1 ]
    } ]
  }, {
    "id" : "2471e7ed-e3e1-4619-bd67-e5faf1a7cfb1",
    "vertices" : [ {
      "x" : -2.927051,
      "y" : 0.0,
      "z" : -14.208204
    }, {
      "x" : 0.0,
      "y" : 9.472136,
      "z" : -24.798374
    }, {
      "x" : 2.927051,
      "y" : 0.0,
      "z" : -14.208204
    } ],
    "faces" : [ {
      "vertices" : [ 0, 1, 2 ]
    }, {
      "vertices" : [ 0, 2, 1 ]
    } ]
  }, {
    "id" : "64dd36a4-3cd8-4224-826f-d0a2394930ca",
    "vertices" : [ {
      "x" : -5.854102,
      "y" : 4.736068,
      "z" : 12.399187
    }, {
      "x" : -2.927051,
      "y" : 0.0,
      "z" : 14.208204
    }, {
      "x" : 0.0,
      "y" : 0.0,
      "z" : 0.0
    } ],
    "faces" : [ {
      "vertices" : [ 0, 1, 2 ]
    }, {
      "vertices" : [ 0, 2, 1 ]
    } ]
  }, {
    "id" : "29553e5b-a9e5-4b6b-9177-d1ad27777e27",
    "vertices" : [ {
      "x" : 12.399187,
      "y" : -5.854102,
      "z" : 4.736068
    }, {
      "x" : 24.798374,
      "y" : 0.0,
      "z" : 9.472136
    }, {
      "x" : 10.59017,
      "y" : -2.927051,
      "z" : 9.472136
    } ],
    "faces" : [ {
      "vertices" : [ 0, 1, 2 ]
    }, {
      "vertices" : [ 0, 2, 1 ]
    } ]
  }, {
    "id" : "9b561e2d-e96b-4ce5-9fe1-b9edee9ef5a8",
    "vertices" : [ {
      "x" : -2.927051,
      "y" : -9.472136,
      "z" : -10.59017
    }, {
      "x" : -4.736068,
      "y" : -12.399187,
      "z" : -5.854102
    }, {
      "x" : -15.326238,
      "y" : -15.326238,
      "z" : -15.326238
    } ],
    "faces" : [ {
      "vertices" : [ 0, 1, 2 ]
    }, {
      "vertices" : [ 0, 2, 1 ]
    } ]
  }, {
    "id" : "903c480a-6a74-49b0-8bbd-337be2d552d2",
    "vertices" : [ {
      "x" : -4.736068,
      "y" : 12.399187,
      "z" : -5.854102
    }, {
      "x" : -2.927051,
      "y" : 9.472136,
      "z" : -10.59017
    }, {
      "x" : -15.326238,
      "y" : 15.326238,
      "z" : -15.326238
    } ],
    "faces" : [ {
      "vertices" : [ 0, 1, 2 ]
    }, {
      "vertices" : [ 0, 2, 1 ]
    } ]
  }, {
    "id" : "f582aa97-0cb1-4f4f-8a6d-f9171c450b9e",
    "vertices" : [ {
      "x" : -4.736068,
      "y" : -12.399187,
      "z" : -5.854102
    }, {
      "x" : 0.0,
      "y" : 0.0,
      "z" : 0.0
    }, {
      "x" : -9.472136,
      "y" : -10.59017,
      "z" : -2.927051
    } ],
    "faces" : [ {
      "vertices" : [ 0, 1, 2 ]
    }, {
      "vertices" : [ 0, 2, 1 ]
    } ]
  }, {
    "id" : "f2ac5eb0-4cb2-45ee-9ec3-2375920566b4",
    "vertices" : [ {
      "x" : -10.59017,
      "y" : 2.927051,
      "z" : 9.472136
    }, {
      "x" : -15.326238,
      "y" : 15.326238,
      "z" : 15.326238
    }, {
      "x" : -12.399187,
      "y" : 5.854102,
      "z" : 4.736068
    } ],
    "faces" : [ {
      "vertices" : [ 0, 1, 2 ]
    }, {
      "vertices" : [ 0, 2, 1 ]
    } ]
  }, {
    "id" : "274266d7-4b30-4842-95f7-15f8dc805ec8",
    "vertices" : [ {
      "x" : -2.927051,
      "y" : 0.0,
      "z" : 14.208204
    }, {
      "x" : -5.854102,
      "y" : -4.736068,
      "z" : 12.399187
    }, {
      "x" : 0.0,
      "y" : 0.0,
      "z" : 0.0
    } ],
    "faces" : [ {
      "vertices" : [ 0, 1, 2 ]
    }, {
      "vertices" : [ 0, 2, 1 ]
    } ]
  }, {
    "id" : "b2a5822b-f26f-4dc3-b4e1-d8a3e3139a60",
    "vertices" : [ {
      "x" : 10.59017,
      "y" : -2.927051,
      "z" : 9.472136
    }, {
      "x" : 5.854102,
      "y" : -4.736068,
      "z" : 12.399187
    }, {
      "x" : 0.0,
      "y" : 0.0,
      "z" : 0.0
    } ],
    "faces" : [ {
      "vertices" : [ 0, 1, 2 ]
    }, {
      "vertices" : [ 0, 2, 1 ]
    } ]
  }, {
    "id" : "27ad49b1-5795-4be1-b4b1-6eb28934c0d9",
    "vertices" : [ {
      "x" : 10.59017,
      "y" : 2.927051,
      "z" : 9.472136
    }, {
      "x" : 24.798374,
      "y" : 0.0,
      "z" : 9.472136
    }, {
      "x" : 12.399187,
      "y" : 5.854102,
      "z" : 4.736068
    } ],
    "faces" : [ {
      "vertices" : [ 0, 1, 2 ]
    }, {
      "vertices" : [ 0, 2, 1 ]
    } ]
  }, {
    "id" : "2e0b4610-6e86-43fb-9cba-af7c5556a731",
    "vertices" : [ {
      "x" : 5.854102,
      "y" : 4.736068,
      "z" : 12.399187
    }, {
      "x" : 10.59017,
      "y" : 2.927051,
      "z" : 9.472136
    }, {
      "x" : 15.326238,
      "y" : 15.326238,
      "z" : 15.326238
    } ],
    "faces" : [ {
      "vertices" : [ 0, 1, 2 ]
    }, {
      "vertices" : [ 0, 2, 1 ]
    } ]
  }, {
    "id" : "684beb7f-5675-4f65-bd82-d534c652a5ca",
    "vertices" : [ {
      "x" : -12.399187,
      "y" : -5.854102,
      "z" : 4.736068
    }, {
      "x" : -9.472136,
      "y" : -10.59017,
      "z" : 2.927051
    }, {
      "x" : -15.326238,
      "y" : -15.326238,
      "z" : 15.326238
    } ],
    "faces" : [ {
      "vertices" : [ 0, 1, 2 ]
    }, {
      "vertices" : [ 0, 2, 1 ]
    } ]
  }, {
    "id" : "220ec3f4-c00d-4c96-888d-51ca8201f629",
    "vertices" : [ {
      "x" : -14.208204,
      "y" : -2.927051,
      "z" : 0.0
    }, {
      "x" : 0.0,
      "y" : 0.0,
      "z" : 0.0
    }, {
      "x" : -14.208204,
      "y" : 2.927051,
      "z" : 0.0
    } ],
    "faces" : [ {
      "vertices" : [ 0, 1, 2 ]
    }, {
      "vertices" : [ 0, 2, 1 ]
    } ]
  }, {
    "id" : "39469def-3f43-41ba-8b6c-40e6f7c35636",
    "vertices" : [ {
      "x" : -14.208204,
      "y" : -2.927051,
      "z" : 0.0
    }, {
      "x" : -12.399187,
      "y" : -5.854102,
      "z" : 4.736068
    }, {
      "x" : 0.0,
      "y" : 0.0,
      "z" : 0.0
    } ],
    "faces" : [ {
      "vertices" : [ 0, 1, 2 ]
    }, {
      "vertices" : [ 0, 2, 1 ]
    } ]
  }, {
    "id" : "481df709-ac78-46d2-9885-90793d8b8a0a",
    "vertices" : [ {
      "x" : -9.472136,
      "y" : -10.59017,
      "z" : 2.927051
    }, {
      "x" : -9.472136,
      "y" : -10.59017,
      "z" : -2.927051
    }, {
      "x" : 0.0,
      "y" : 0.0,
      "z" : 0.0
    } ],
    "faces" : [ {
      "vertices" : [ 0, 1, 2 ]
    }, {
      "vertices" : [ 0, 2, 1 ]
    } ]
  }, {
    "id" : "6268069a-11e5-490f-b2ca-182c73d029b9",
    "vertices" : [ {
      "x" : -4.736068,
      "y" : -12.399187,
      "z" : 5.854102
    }, {
      "x" : -2.927051,
      "y" : -9.472136,
      "z" : 10.59017
    }, {
      "x" : -15.326238,
      "y" : -15.326238,
      "z" : 15.326238
    } ],
    "faces" : [ {
      "vertices" : [ 0, 1, 2 ]
    }, {
      "vertices" : [ 0, 2, 1 ]
    } ]
  }, {
    "id" : "ca974f2a-7006-4659-827c-86e5216dee09",
    "vertices" : [ {
      "x" : -9.472136,
      "y" : 10.59017,
      "z" : 2.927051
    }, {
      "x" : -15.326238,
      "y" : 15.326238,
      "z" : 15.326238
    }, {
      "x" : -4.736068,
      "y" : 12.399187,
      "z" : 5.854102
    } ],
    "faces" : [ {
      "vertices" : [ 0, 1, 2 ]
    }, {
      "vertices" : [ 0, 2, 1 ]
    } ]
  }, {
    "id" : "5b58d0cf-4869-4860-aa57-684090f91528",
    "vertices" : [ {
      "x" : 5.854102,
      "y" : -4.736068,
      "z" : 12.399187
    }, {
      "x" : 0.0,
      "y" : -9.472136,
      "z" : 24.798374
    }, {
      "x" : 2.927051,
      "y" : -9.472136,
      "z" : 10.59017
    } ],
    "faces" : [ {
      "vertices" : [ 0, 1, 2 ]
    }, {
      "vertices" : [ 0, 2, 1 ]
    } ]
  }, {
    "id" : "afbf4066-03a3-4921-8862-11a86966df30",
    "vertices" : [ {
      "x" : 12.399187,
      "y" : -5.854102,
      "z" : 4.736068
    }, {
      "x" : 0.0,
      "y" : 0.0,
      "z" : 0.0
    }, {
      "x" : 10.59017,
      "y" : -2.927051,
      "z" : 9.472136
    } ],
    "faces" : [ {
      "vertices" : [ 0, 1, 2 ]
    }, {
      "vertices" : [ 0, 2, 1 ]
    } ]
  }, {
    "id" : "ef1823c0-1682-468f-a413-a871939d8417",
    "vertices" : [ {
      "x" : -9.472136,
      "y" : 10.59017,
      "z" : -2.927051
    }, {
      "x" : -9.472136,
      "y" : 10.59017,
      "z" : 2.927051
    }, {
      "x" : -9.472136,
      "y" : 24.798374,
      "z" : 0.0
    } ],
    "faces" : [ {
      "vertices" : [ 0, 1, 2 ]
    }, {
      "vertices" : [ 0, 2, 1 ]
    } ]
  }, {
    "id" : "38db7a61-f9cf-4ffc-a363-604ad5d1c7c7",
    "vertices" : [ {
      "x" : 9.472136,
      "y" : -10.59017,
      "z" : 2.927051
    }, {
      "x" : 0.0,
      "y" : 0.0,
      "z" : 0.0
    }, {
      "x" : 4.736068,
      "y" : -12.399187,
      "z" : 5.854102
    } ],
    "faces" : [ {
      "vertices" : [ 0, 1, 2 ]
    }, {
      "vertices" : [ 0, 2, 1 ]
    } ]
  }, {
    "id" : "b913b125-fa37-42ed-ad44-a5de831d5346",
    "vertices" : [ {
      "x" : 12.399187,
      "y" : -5.854102,
      "z" : -4.736068
    }, {
      "x" : 9.472136,
      "y" : -10.59017,
      "z" : -2.927051
    }, {
      "x" : 15.326238,
      "y" : -15.326238,
      "z" : -15.326238
    } ],
    "faces" : [ {
      "vertices" : [ 0, 1, 2 ]
    }, {
      "vertices" : [ 0, 2, 1 ]
    } ]
  }, {
    "id" : "fd0a6181-a3ac-47fd-93d6-4d127fd90f7c",
    "vertices" : [ {
      "x" : -4.736068,
      "y" : -12.399187,
      "z" : 5.854102
    }, {
      "x" : -15.326238,
      "y" : -15.326238,
      "z" : 15.326238
    }, {
      "x" : -9.472136,
      "y" : -10.59017,
      "z" : 2.927051
    } ],
    "faces" : [ {
      "vertices" : [ 0, 1, 2 ]
    }, {
      "vertices" : [ 0, 2, 1 ]
    } ]
  }, {
    "id" : "e2287102-d246-4ffb-9cf7-1360de5f70ba",
    "vertices" : [ {
      "x" : 0.0,
      "y" : 14.208204,
      "z" : -2.927051
    }, {
      "x" : -4.736068,
      "y" : 12.399187,
      "z" : -5.854102
    }, {
      "x" : 0.0,
      "y" : 0.0,
      "z" : 0.0
    } ],
    "faces" : [ {
      "vertices" : [ 0, 1, 2 ]
    }, {
      "vertices" : [ 0, 2, 1 ]
    } ]
  }, {
    "id" : "4c8faeef-bf3c-438b-a78c-6ed6e75f437d",
    "vertices" : [ {
      "x" : -14.208204,
      "y" : 2.927051,
      "z" : 0.0
    }, {
      "x" : -12.399187,
      "y" : 5.854102,
      "z" : -4.736068
    }, {
      "x" : 0.0,
      "y" : 0.0,
      "z" : 0.0
    } ],
    "faces" : [ {
      "vertices" : [ 0, 1, 2 ]
    }, {
      "vertices" : [ 0, 2, 1 ]
    } ]
  }, {
    "id" : "1dca2a2b-0eb0-46f2-83e9-1c4849d2671c",
    "vertices" : [ {
      "x" : -9.472136,
      "y" : 10.59017,
      "z" : 2.927051
    }, {
      "x" : -12.399187,
      "y" : 5.854102,
      "z" : 4.736068
    }, {
      "x" : -15.326238,
      "y" : 15.326238,
      "z" : 15.326238
    } ],
    "faces" : [ {
      "vertices" : [ 0, 1, 2 ]
    }, {
      "vertices" : [ 0, 2, 1 ]
    } ]
  }, {
    "id" : "605c4d92-f508-4b61-b6d1-6d2f992146cc",
    "vertices" : [ {
      "x" : -10.59017,
      "y" : -2.927051,
      "z" : -9.472136
    }, {
      "x" : -15.326238,
      "y" : -15.326238,
      "z" : -15.326238
    }, {
      "x" : -12.399187,
      "y" : -5.854102,
      "z" : -4.736068
    } ],
    "faces" : [ {
      "vertices" : [ 0, 1, 2 ]
    }, {
      "vertices" : [ 0, 2, 1 ]
    } ]
  }, {
    "id" : "8497053f-fbd1-4f5a-b0a4-91220703b247",
    "vertices" : [ {
      "x" : 2.927051,
      "y" : 0.0,
      "z" : 14.208204
    }, {
      "x" : 5.854102,
      "y" : 4.736068,
      "z" : 12.399187
    }, {
      "x" : 0.0,
      "y" : 0.0,
      "z" : 0.0
    } ],
    "faces" : [ {
      "vertices" : [ 0, 1, 2 ]
    }, {
      "vertices" : [ 0, 2, 1 ]
    } ]
  }, {
    "id" : "0b5770d7-b288-4bfe-b02e-6cb36c9a8e58",
    "vertices" : [ {
      "x" : 10.59017,
      "y" : -2.927051,
      "z" : -9.472136
    }, {
      "x" : 24.798374,
      "y" : 0.0,
      "z" : -9.472136
    }, {
      "x" : 12.399187,
      "y" : -5.854102,
      "z" : -4.736068
    } ],
    "faces" : [ {
      "vertices" : [ 0, 1, 2 ]
    }, {
      "vertices" : [ 0, 2, 1 ]
    } ]
  }, {
    "id" : "cb2bb6b1-24c1-4c59-bdf7-1d68ee9917a1",
    "vertices" : [ {
      "x" : -4.736068,
      "y" : 12.399187,
      "z" : 5.854102
    }, {
      "x" : -9.472136,
      "y" : 24.798374,
      "z" : 0.0
    }, {
      "x" : -9.472136,
      "y" : 10.59017,
      "z" : 2.927051
    } ],
    "faces" : [ {
      "vertices" : [ 0, 1, 2 ]
    }, {
      "vertices" : [ 0, 2, 1 ]
    } ]
  }, {
    "id" : "e38150ec-a0a4-44aa-a17f-1cc59d1e282b",
    "vertices" : [ {
      "x" : 0.0,
      "y" : 14.208204,
      "z" : 2.927051
    }, {
      "x" : 4.736068,
      "y" : 12.399187,
      "z" : 5.854102
    }, {
      "x" : 9.472136,
      "y" : 24.798374,
      "z" : 0.0
    } ],
    "faces" : [ {
      "vertices" : [ 0, 1, 2 ]
    }, {
      "vertices" : [ 0, 2, 1 ]
    } ]
  }, {
    "id" : "f6d24238-de54-462b-a919-7868101d2de6",
    "vertices" : [ {
      "x" : 4.736068,
      "y" : -12.399187,
      "z" : -5.854102
    }, {
      "x" : 2.927051,
      "y" : -9.472136,
      "z" : -10.59017
    }, {
      "x" : 15.326238,
      "y" : -15.326238,
      "z" : -15.326238
    } ],
    "faces" : [ {
      "vertices" : [ 0, 1, 2 ]
    }, {
      "vertices" : [ 0, 2, 1 ]
    } ]
  }, {
    "id" : "93f2f054-ec51-4350-996f-2bdfe0f21f83",
    "vertices" : [ {
      "x" : -2.927051,
      "y" : 9.472136,
      "z" : -10.59017
    }, {
      "x" : 0.0,
      "y" : 0.0,
      "z" : 0.0
    }, {
      "x" : -5.854102,
      "y" : 4.736068,
      "z" : -12.399187
    } ],
    "faces" : [ {
      "vertices" : [ 0, 1, 2 ]
    }, {
      "vertices" : [ 0, 2, 1 ]
    } ]
  }, {
    "id" : "f7d23187-7e53-4758-ac8a-3151dc1fd68f",
    "vertices" : [ {
      "x" : 9.472136,
      "y" : 10.59017,
      "z" : -2.927051
    }, {
      "x" : 12.399187,
      "y" : 5.854102,
      "z" : -4.736068
    }, {
      "x" : 15.326238,
      "y" : 15.326238,
      "z" : -15.326238
    } ],
    "faces" : [ {
      "vertices" : [ 0, 1, 2 ]
    }, {
      "vertices" : [ 0, 2, 1 ]
    } ]
  }, {
    "id" : "d12605c7-fce5-4e8d-b7a6-f2e0b9136650",
    "vertices" : [ {
      "x" : -12.399187,
      "y" : -5.854102,
      "z" : 4.736068
    }, {
      "x" : -9.472136,
      "y" : -10.59017,
      "z" : 2.927051
    }, {
      "x" : 0.0,
      "y" : 0.0,
      "z" : 0.0
    } ],
    "faces" : [ {
      "vertices" : [ 0, 1, 2 ]
    }, {
      "vertices" : [ 0, 2, 1 ]
    } ]
  }, {
    "id" : "09797a51-d54f-43f7-a760-7999453dd374",
    "vertices" : [ {
      "x" : 4.736068,
      "y" : 12.399187,
      "z" : -5.854102
    }, {
      "x" : 0.0,
      "y" : 14.208204,
      "z" : -2.927051
    }, {
      "x" : 0.0,
      "y" : 0.0,
      "z" : 0.0
    } ],
    "faces" : [ {
      "vertices" : [ 0, 1, 2 ]
    }, {
      "vertices" : [ 0, 2, 1 ]
    } ]
  }, {
    "id" : "564e1306-164e-400b-922d-722b7b9da75a",
    "vertices" : [ {
      "x" : 5.854102,
      "y" : -4.736068,
      "z" : -12.399187
    }, {
      "x" : 15.326238,
      "y" : -15.326238,
      "z" : -15.326238
    }, {
      "x" : 2.927051,
      "y" : -9.472136,
      "z" : -10.59017
    } ],
    "faces" : [ {
      "vertices" : [ 0, 1, 2 ]
    }, {
      "vertices" : [ 0, 2, 1 ]
    } ]
  }, {
    "id" : "0e7402ef-d05b-4e94-85cd-7d8bf1371473",
    "vertices" : [ {
      "x" : -2.927051,
      "y" : 9.472136,
      "z" : -10.59017
    }, {
      "x" : 0.0,
      "y" : 9.472136,
      "z" : -24.798374
    }, {
      "x" : -5.854102,
      "y" : 4.736068,
      "z" : -12.399187
    } ],
    "faces" : [ {
      "vertices" : [ 0, 1, 2 ]
    }, {
      "vertices" : [ 0, 2, 1 ]
    } ]
  }, {
    "id" : "d4ac44c6-b21a-4204-a3af-347c6a118bd0",
    "vertices" : [ {
      "x" : 10.59017,
      "y" : 2.927051,
      "z" : 9.472136
    }, {
      "x" : 0.0,
      "y" : 0.0,
      "z" : 0.0
    }, {
      "x" : 12.399187,
      "y" : 5.854102,
      "z" : 4.736068
    } ],
    "faces" : [ {
      "vertices" : [ 0, 1, 2 ]
    }, {
      "vertices" : [ 0, 2, 1 ]
    } ]
  }, {
    "id" : "dcb61368-0dde-4a28-bc02-63dc24ca2353",
    "vertices" : [ {
      "x" : 0.0,
      "y" : -14.208204,
      "z" : -2.927051
    }, {
      "x" : 4.736068,
      "y" : -12.399187,
      "z" : -5.854102
    }, {
      "x" : 0.0,
      "y" : 0.0,
      "z" : 0.0
    } ],
    "faces" : [ {
      "vertices" : [ 0, 1, 2 ]
    }, {
      "vertices" : [ 0, 2, 1 ]
    } ]
  }, {
    "id" : "f99d7703-b92f-44d9-9fdd-2fd7d6cb80a7",
    "vertices" : [ {
      "x" : 9.472136,
      "y" : -10.59017,
      "z" : -2.927051
    }, {
      "x" : 0.0,
      "y" : 0.0,
      "z" : 0.0
    }, {
      "x" : 4.736068,
      "y" : -12.399187,
      "z" : -5.854102
    } ],
    "faces" : [ {
      "vertices" : [ 0, 1, 2 ]
    }, {
      "vertices" : [ 0, 2, 1 ]
    } ]
  }, {
    "id" : "6be80649-26d3-4446-abfd-0e4e3894afbb",
    "vertices" : [ {
      "x" : -2.927051,
      "y" : 9.472136,
      "z" : -10.59017
    }, {
      "x" : 2.927051,
      "y" : 9.472136,
      "z" : -10.59017
    }, {
      "x" : 0.0,
      "y" : 0.0,
      "z" : 0.0
    } ],
    "faces" : [ {
