{
  "field" : "golden",
  "symmetry" : "icosahedral",
  "orientations" : [ [ 1.0, 0.0, 0.0, 0.0, 0.0, 1.0, 0.0, 0.0, 0.0, 0.0, 1.0, 0.0, 0.0, 0.0, 0.0, 1.0 ], [ 0.0, 0.0, 1.0, 0.0, 1.0, 0.0, 0.0, 0.0, 0.0, 1.0, 0.0, 0.0, 0.0, 0.0, 0.0, 1.0 ], [ 0.0, 1.0, 0.0, 0.0, 0.0, 0.0, 1.0, 0.0, 1.0, 0.0, 0.0, 0.0, 0.0, 0.0, 0.0, 1.0 ], [ 0.809017, 0.309017, 0.5, 0.0, 0.309017, 0.5, -0.809017, 0.0, -0.5, 0.809017, 0.309017, 0.0, 0.0, 0.0, 0.0, 1.0 ], [ -0.5, 0.809017, 0.309017, 0.0, 0.809017, 0.309017, 0.5, 0.0, 0.309017, 0.5, -0.809017, 0.0, 0.0, 0.0, 0.0, 1.0 ], [ 0.309017, 0.5, -0.809017, 0.0, -0.5, 0.809017, 0.309017, 0.0, 0.809017, 0.309017, 0.5, 0.0, 0.0, 0.0, 0.0, 1.0 ], [ 0.5, 0.809017, 0.309017, 0.0, 0.809017, -0.309017, -0.5, 0.0, -0.309017, 0.5, -0.809017, 0.0, 0.0, 0.0, 0.0, 1.0 ], [ -0.309017, 0.5, -0.809017, 0.0, 0.5, 0.809017, 0.309017, 0.0, 0.809017, -0.309017, -0.5, 0.0, 0.0, 0.0, 0.0, 1.0 ], [ 0.809017, -0.309017, -0.5, 0.0, -0.309017, 0.5, -0.809017, 0.0, 0.5, 0.809017, 0.309017, 0.0, 0.0, 0.0, 0.0, 1.0 ], [ 0.5, 0.809017, -0.309017, 0.0, 0.809017, -0.309017, 0.5, 0.0, 0.309017, -0.5, -0.809017, 0.0, 0.0, 0.0, 0.0, 1.0 ], [ 0.309017, -0.5, -0.809017, 0.0, 0.5, 0.809017, -0.309017, 0.0, 0.809017, -0.309017, 0.5, 0.0, 0.0, 0.0, 0.0, 1.0 ], [ 0.809017, -0.309017, 0.5, 0.0, 0.309017, -0.5, -0.809017, 0.0, 0.5, 0.809017, -0.309017, 0.0, 0.0, 0.0, 0.0, 1.0 ], [ 0.809017, 0.309017, -0.5, 0.0, 0.309017, 0.5, 0.809017, 0.0, 0.5, -0.809017, 0.309017, 0.0, 0.0, 0.0, 0.0, 1.0 ], [ 0.5, -0.809017, 0.309017, 0.0, 0.809017, 0.309017, -0.5, 0.0, 0.309017, 0.5, 0.809017, 0.0, 0.0, 0.0, 0.0, 1.0 ], [ 0.309017, 0.5, 0.809017, 0.0, 0.5, -0.809017, 0.309017, 0.0, 0.809017, 0.309017, -0.5, 0.0, 0.0, 0.0, 0.0, 1.0 ], [ 1.0, 0.0, 0.0, 0.0, 0.0, -1.0, 0.0, 0.0, 0.0, 0.0, -1.0, 0.0, 0.0, 0.0, 0.0, 1.0 ], [ 0.0, 0.0, 1.0, 0.0, -1.0, 0.0, 0.0, 0.0, 0.0, -1.0, 0.0, 0.0, 0.0, 0.0, 0.0, 1.0 ], [ 0.0, 1.0, 0.0, 0.0, 0.0, 0.0, -1.0, 0.0, -1.0, 0.0, 0.0, 0.0, 0.0, 0.0, 0.0, 1.0 ], [ 0.809017, 0.309017, 0.5, 0.0, -0.309017, -0.5, 0.809017, 0.0, 0.5, -0.809017, -0.309017, 0.0, 0.0, 0.0, 0.0, 1.0 ], [ -0.5, 0.809017, 0.309017, 0.0, -0.809017, -0.309017, -0.5, 0.0, -0.309017, -0.5, 0.809017, 0.0, 0.0, 0.0, 0.0, 1.0 ], [ 0.309017, 0.5, -0.809017, 0.0, 0.5, -0.809017, -0.309017, 0.0, -0.809017, -0.309017, -0.5, 0.0, 0.0, 0.0, 0.0, 1.0 ], [ 0.5, 0.809017, 0.309017, 0.0, -0.809017, 0.309017, 0.5, 0.0, 0.309017, -0.5, 0.809017, 0.0, 0.0, 0.0, 0.0, 1.0 ], [ -0.309017, 0.5, -0.809017, 0.0, -0.5, -0.809017, -0.309017, 0.0, -0.809017, 0.309017, 0.5, 0.0, 0.0, 0.0, 0.0, 1.0 ], [ 0.809017, -0.309017, -0.5, 0.0, 0.309017, -0.5, 0.809017, 0.0, -0.5, -0.809017, -0.309017, 0.0, 0.0, 0.0, 0.0, 1.0 ], [ 0.5, 0.809017, -0.309017, 0.0, -0.809017, 0.309017, -0.5, 0.0, -0.309017, 0.5, 0.809017, 0.0, 0.0, 0.0, 0.0, 1.0 ], [ 0.309017, -0.5, -0.809017, 0.0, -0.5, -0.809017, 0.309017, 0.0, -0.809017, 0.309017, -0.5, 0.0, 0.0, 0.0, 0.0, 1.0 ], [ 0.809017, -0.309017, 0.5, 0.0, -0.309017, 0.5, 0.809017, 0.0, -0.5, -0.809017, 0.309017, 0.0, 0.0, 0.0, 0.0, 1.0 ], [ 0.809017, 0.309017, -0.5, 0.0, -0.309017, -0.5, -0.809017, 0.0, -0.5, 0.809017, -0.309017, 0.0, 0.0, 0.0, 0.0, 1.0 ], [ 0.5, -0.809017, 0.309017, 0.0, -0.809017, -0.309017, 0.5, 0.0, -0.309017, -0.5, -0.809017, 0.0, 0.0, 0.0, 0.0, 1.0 ], [ 0.309017, 0.5, 0.809017, 0.0, -0.5, 0.809017, -0.309017, 0.0, -0.809017, -0.309017, 0.5, 0.0, 0.0, 0.0, 0.0, 1.0 ], [ -1.0, 0.0, 0.0, 0.0, 0.0, -1.0, 0.0, 0.0, 0.0, 0.0, 1.0, 0.0, 0.0, 0.0, 0.0, 1.0 ], [ 0.0, 0.0, -1.0, 0.0, -1.0, 0.0, 0.0, 0.0, 0.0, 1.0, 0.0, 0.0, 0.0, 0.0, 0.0, 1.0 ], [ 0.0, -1.0, 0.0, 0.0, 0.0, 0.0, -1.0, 0.0, 1.0, 0.0, 0.0, 0.0, 0.0, 0.0, 0.0, 1.0 ], [ -0.809017, -0.309017, -0.5, 0.0, -0.309017, -0.5, 0.809017, 0.0, -0.5, 0.809017, 0.309017, 0.0, 0.0, 0.0, 0.0, 1.0 ], [ 0.5, -0.809017, -0.309017, 0.0, -0.809017, -0.309017, -0.5, 0.0, 0.309017, 0.5, -0.809017, 0.0, 0.0, 0.0, 0.0, 1.0 ], [ -0.309017, -0.5, 0.809017, 0.0, 0.5, -0.809017, -0.309017, 0.0, 0.809017, 0.309017, 0.5, 0.0, 0.0, 0.0, 0.0, 1.0 ], [ -0.5, -0.809017, -0.309017, 0.0, -0.809017, 0.309017, 0.5, 0.0, -0.309017, 0.5, -0.809017, 0.0, 0.0, 0.0, 0.0, 1.0 ], [ 0.309017, -0.5, 0.809017, 0.0, -0.5, -0.809017, -0.309017, 0.0, 0.809017, -0.309017, -0.5, 0.0, 0.0, 0.0, 0.0, 1.0 ], [ -0.809017, 0.309017, 0.5, 0.0, 0.309017, -0.5, 0.809017, 0.0, 0.5, 0.809017, 0.309017, 0.0, 0.0, 0.0, 0.0, 1.0 ], [ -0.5, -0.809017, 0.309017, 0.0, -0.809017, 0.309017, -0.5, 0.0, 0.309017, -0.5, -0.809017, 0.0, 0.0, 0.0, 0.0, 1.0 ], [ -0.309017, 0.5, 0.809017, 0.0, -0.5, -0.809017, 0.309017, 0.0, 0.809017, -0.309017, 0.5, 0.0, 0.0, 0.0, 0.0, 1.0 ], [ -0.809017, 0.309017, -0.5, 0.0, -0.309017, 0.5, 0.809017, 0.0, 0.5, 0.809017, -0.309017, 0.0, 0.0, 0.0, 0.0, 1.0 ], [ -0.809017, -0.309017, 0.5, 0.0, -0.309017, -0.5, -0.809017, 0.0, 0.5, -0.809017, 0.309017, 0.0, 0.0, 0.0, 0.0, 1.0 ], [ -0.5, 0.809017, -0.309017, 0.0, -0.809017, -0.309017, 0.5, 0.0, 0.309017, 0.5, 0.809017, 0.0, 0.0, 0.0, 0.0, 1.0 ], [ -0.309017, -0.5, -0.809017, 0.0, -0.5, 0.809017, -0.309017, 0.0, 0.809017, 0.309017, -0.5, 0.0, 0.0, 0.0, 0.0, 1.0 ], [ -1.0, 0.0, 0.0, 0.0, 0.0, 1.0, 0.0, 0.0, 0.0, 0.0, -1.0, 0.0, 0.0, 0.0, 0.0, 1.0 ], [ 0.0, 0.0, -1.0, 0.0, 1.0, 0.0, 0.0, 0.0, 0.0, -1.0, 0.0, 0.0, 0.0, 0.0, 0.0, 1.0 ], [ 0.0, -1.0, 0.0, 0.0, 0.0, 0.0, 1.0, 0.0, -1.0, 0.0, 0.0, 0.0, 0.0, 0.0, 0.0, 1.0 ], [ -0.809017, -0.309017, -0.5, 0.0, 0.309017, 0.5, -0.809017, 0.0, 0.5, -0.809017, -0.309017, 0.0, 0.0, 0.0, 0.0, 1.0 ], [ 0.5, -0.809017, -0.309017, 0.0, 0.809017, 0.309017, 0.5, 0.0, -0.309017, -0.5, 0.809017, 0.0, 0.0, 0.0, 0.0, 1.0 ], [ -0.309017, -0.5, 0.809017, 0.0, -0.5, 0.809017, 0.309017, 0.0, -0.809017, -0.309017, -0.5, 0.0, 0.0, 0.0, 0.0, 1.0 ], [ -0.5, -0.809017, -0.309017, 0.0, 0.809017, -0.309017, -0.5, 0.0, 0.309017, -0.5, 0.809017, 0.0, 0.0, 0.0, 0.0, 1.0 ], [ 0.309017, -0.5, 0.809017, 0.0, 0.5, 0.809017, 0.309017, 0.0, -0.809017, 0.309017, 0.5, 0.0, 0.0, 0.0, 0.0, 1.0 ], [ -0.809017, 0.309017, 0.5, 0.0, -0.309017, 0.5, -0.809017, 0.0, -0.5, -0.809017, -0.309017, 0.0, 0.0, 0.0, 0.0, 1.0 ], [ -0.5, -0.809017, 0.309017, 0.0, 0.809017, -0.309017, 0.5, 0.0, -0.309017, 0.5, 0.809017, 0.0, 0.0, 0.0, 0.0, 1.0 ], [ -0.309017, 0.5, 0.809017, 0.0, 0.5, 0.809017, -0.309017, 0.0, -0.809017, 0.309017, -0.5, 0.0, 0.0, 0.0, 0.0, 1.0 ], [ -0.809017, 0.309017, -0.5, 0.0, 0.309017, -0.5, -0.809017, 0.0, -0.5, -0.809017, 0.309017, 0.0, 0.0, 0.0, 0.0, 1.0 ], [ -0.809017, -0.309017, 0.5, 0.0, 0.309017, 0.5, 0.809017, 0.0, -0.5, 0.809017, -0.309017, 0.0, 0.0, 0.0, 0.0, 1.0 ], [ -0.5, 0.809017, -0.309017, 0.0, 0.809017, 0.309017, -0.5, 0.0, -0.309017, -0.5, -0.809017, 0.0, 0.0, 0.0, 0.0, 1.0 ], [ -0.309017, -0.5, -0.809017, 0.0, 0.5, -0.809017, 0.309017, 0.0, -0.809017, -0.309017, 0.5, 0.0, 0.0, 0.0, 0.0, 1.0 ] ],
  "lights" : {
    "ambientColor" : "#292929",
    "backgroundColor" : "#AFC8DC",
    "directionalLights" : [ {
      "direction" : {
        "x" : 1.0,
        "y" : -1.0,
        "z" : -1.0
      },
      "color" : "#EBEBE4"
    }, {
      "direction" : {
        "x" : -1.0,
        "y" : 0.0,
        "z" : 0.0
      },
      "color" : "#E4E4EB"
    }, {
      "direction" : {
        "x" : 0.0,
        "y" : 0.0,
        "z" : -1.0
      },
      "color" : "#1E1E1E"
    } ]
  },
  "camera" : {
    "width" : 115.6272,
    "stereo" : false,
    "perspective" : false,
    "viewDistance" : 256.94946,
    "nearClipDistance" : 0.64237416,
    "farClipDistance" : 513.89764,
    "lookAtPoint" : {
      "x" : 0.0,
      "y" : 0.0,
      "z" : 0.0
    },
    "fieldOfView" : 0.44262865,
    "lookDirection" : {
      "x" : -0.019675978,
      "y" : 0.999527,
      "z" : 0.023565166
    },
    "upDirection" : {
      "x" : -3.6729613E-4,
      "y" : -0.023587562,
      "z" : 0.9996987
    },
    "position" : {
      "x" : 5.055732,
      "y" : -256.8279,
      "z" : -6.0550566
    }
  },
  "embedding" : [ 1.0, 0.0, 0.0, 0.0, 0.0, 1.0, 0.0, 0.0, 0.0, 0.0, 1.0, 0.0, 0.0, 0.0, 0.0, 1.0 ],
  "shapes" : [ {
    "id" : "307c54ff-d8c1-488b-9dd8-c9dfe1729696",
    "vertices" : [ {
      "x" : 10.781153,
      "y" : 4.118034,
      "z" : -1.572949
    }, {
      "x" : 10.399187,
      "y" : 3.663119,
      "z" : -1.381966
    }, {
      "x" : 10.236068,
      "y" : 3.927051,
      "z" : -1.809017
    }, {
      "x" : 10.163119,
      "y" : 4.190983,
      "z" : -1.618034
    }, {
      "x" : 0.85410196,
      "y" : 0.309017,
      "z" : 0.19098301
    }, {
      "x" : 0.690983,
      "y" : 0.572949,
      "z" : -0.23606798
    }, {
      "x" : 0.309017,
      "y" : 0.11803399,
      "z" : -0.045084972
    }, {
      "x" : 0.76393205,
      "y" : 0.309017,
      "z" : -0.42705098
    }, {
      "x" : 0.927051,
      "y" : 0.045084972,
      "z" : 0.0
    }, {
      "x" : 10.326238,
      "y" : 3.927051,
      "z" : -1.190983
    }, {
      "x" : 11.09017,
      "y" : 4.236068,
      "z" : -1.618034
    } ],
    "faces" : [ {
      "vertices" : [ 2, 7, 5 ]
    }, {
      "vertices" : [ 2, 5, 3 ]
    }, {
      "vertices" : [ 1, 8, 7 ]
    }, {
      "vertices" : [ 1, 7, 2 ]
    }, {
      "vertices" : [ 4, 6, 8 ]
    }, {
      "vertices" : [ 5, 7, 6 ]
    }, {
      "vertices" : [ 0, 1, 2 ]
    }, {
      "vertices" : [ 0, 2, 3 ]
    }, {
      "vertices" : [ 6, 7, 8 ]
    }, {
      "vertices" : [ 3, 5, 4 ]
    }, {
      "vertices" : [ 3, 4, 9 ]
    }, {
      "vertices" : [ 1, 9, 4 ]
    }, {
      "vertices" : [ 1, 4, 8 ]
    }, {
      "vertices" : [ 0, 9, 1 ]
    }, {
      "vertices" : [ 0, 3, 9 ]
    }, {
      "vertices" : [ 4, 5, 6 ]
    } ]
  }, {
    "id" : "d5128b8d-1e5b-4eb6-8365-4611c2deb321",
    "vertices" : [ {
      "x" : 0.309017,
      "y" : -0.309017,
      "z" : -0.309017
    }, {
      "x" : 0.5,
      "y" : 0.0,
      "z" : -0.19098301
    }, {
      "x" : 0.5,
      "y" : 0.0,
      "z" : 0.19098301
    }, {
      "x" : 0.309017,
      "y" : -0.309017,
      "z" : 0.309017
    }, {
      "x" : 0.19098301,
      "y" : -0.5,
      "z" : 0.0
    }, {
      "x" : 0.0,
      "y" : 0.19098301,
      "z" : 0.5
    }, {
      "x" : 0.0,
      "y" : -0.19098301,
      "z" : 0.5
    }, {
      "x" : 0.309017,
      "y" : 0.309017,
      "z" : 0.309017
    }, {
      "x" : -0.309017,
      "y" : -0.309017,
      "z" : 0.309017
    }, {
      "x" : -0.309017,
      "y" : 0.309017,
      "z" : 0.309017
    }, {
      "x" : -0.5,
      "y" : 0.0,
      "z" : 0.19098301
    }, {
      "x" : 0.0,
      "y" : -0.19098301,
      "z" : -0.5
    }, {
      "x" : 0.0,
      "y" : 0.19098301,
      "z" : -0.5
    }, {
      "x" : 0.309017,
      "y" : 0.309017,
      "z" : -0.309017
    }, {
      "x" : -0.309017,
      "y" : -0.309017,
      "z" : -0.309017
    }, {
      "x" : -0.19098301,
      "y" : -0.5,
      "z" : 0.0
    }, {
      "x" : -0.5,
      "y" : 0.0,
      "z" : -0.19098301
    }, {
      "x" : 0.19098301,
      "y" : 0.5,
      "z" : 0.0
    }, {
      "x" : -0.309017,
      "y" : 0.309017,
      "z" : -0.309017
    }, {
      "x" : 0.0,
      "y" : 0.0,
      "z" : 0.0
    }, {
      "x" : -0.19098301,
      "y" : 0.5,
      "z" : 0.0
    } ],
    "faces" : [ {
      "vertices" : [ 12, 18, 20 ]
    }, {
      "vertices" : [ 12, 20, 17 ]
    }, {
      "vertices" : [ 12, 17, 13 ]
    }, {
      "vertices" : [ 3, 6, 8 ]
    }, {
      "vertices" : [ 3, 8, 15 ]
    }, {
      "vertices" : [ 3, 15, 4 ]
    }, {
      "vertices" : [ 0, 11, 12 ]
    }, {
      "vertices" : [ 0, 12, 13 ]
    }, {
      "vertices" : [ 0, 13, 1 ]
    }, {
      "vertices" : [ 5, 9, 10 ]
    }, {
      "vertices" : [ 5, 10, 8 ]
    }, {
      "vertices" : [ 5, 8, 6 ]
    }, {
      "vertices" : [ 2, 7, 5 ]
    }, {
      "vertices" : [ 2, 5, 6 ]
    }, {
      "vertices" : [ 2, 6, 3 ]
    }, {
      "vertices" : [ 11, 14, 16 ]
    }, {
      "vertices" : [ 11, 16, 18 ]
    }, {
      "vertices" : [ 11, 18, 12 ]
    }, {
      "vertices" : [ 1, 13, 17 ]
    }, {
      "vertices" : [ 1, 17, 7 ]
    }, {
      "vertices" : [ 1, 7, 2 ]
    }, {
      "vertices" : [ 9, 20, 18 ]
    }, {
      "vertices" : [ 9, 18, 16 ]
    }, {
      "vertices" : [ 9, 16, 10 ]
    }, {
      "vertices" : [ 0, 1, 2 ]
    }, {
      "vertices" : [ 0, 2, 3 ]
    }, {
      "vertices" : [ 0, 3, 4 ]
    }, {
      "vertices" : [ 5, 7, 17 ]
    }, {
      "vertices" : [ 5, 17, 20 ]
    }, {
      "vertices" : [ 5, 20, 9 ]
    }, {
      "vertices" : [ 0, 4, 15 ]
    }, {
      "vertices" : [ 0, 15, 14 ]
    }, {
      "vertices" : [ 0, 14, 11 ]
    }, {
      "vertices" : [ 8, 10, 16 ]
    }, {
      "vertices" : [ 8, 16, 14 ]
    }, {
      "vertices" : [ 8, 14, 15 ]
    } ]
  }, {
    "id" : "2af7a30f-ec73-45b1-a8fb-9ce5441d0a13",
    "vertices" : [ {
      "x" : 8.09017,
      "y" : 7.7811527,
      "z" : 16.371323
    }, {
      "x" : 0.38196602,
      "y" : 0.072949015,
      "z" : 0.95491505
    }, {
      "x" : 0.690983,
      "y" : 0.19098301,
      "z" : 0.76393205
    }, {
      "x" : 8.399187,
      "y" : 7.899187,
      "z" : 16.18034
    }, {
      "x" : 8.09017,
      "y" : 8.399187,
      "z" : 15.989357
    }, {
      "x" : 8.472136,
      "y" : 8.472136,
      "z" : 16.944271
    }, {
      "x" : 0.38196602,
      "y" : 0.690983,
      "z" : 0.572949
    }, {
      "x" : 8.326238,
      "y" : 8.326238,
      "z" : 16.652475
    }, {
      "x" : 0.14589803,
      "y" : 0.14589803,
      "z" : 0.29179606
    }, {
      "x" : 0.072949015,
      "y" : 0.572949,
      "z" : 0.76393205
    }, {
      "x" : 7.7811527,
      "y" : 8.281153,
      "z" : 16.18034
    } ],
    "faces" : [ {
      "vertices" : [ 2, 8, 6 ]
    }, {
      "vertices" : [ 0, 7, 10 ]
    }, {
      "vertices" : [ 1, 9, 8 ]
    }, {
      "vertices" : [ 0, 10, 9 ]
    }, {
      "vertices" : [ 0, 9, 1 ]
    }, {
      "vertices" : [ 4, 10, 7 ]
    }, {
      "vertices" : [ 0, 1, 2 ]
    }, {
      "vertices" : [ 0, 2, 3 ]
    }, {
      "vertices" : [ 6, 8, 9 ]
    }, {
      "vertices" : [ 0, 3, 7 ]
    }, {
      "vertices" : [ 1, 8, 2 ]
    }, {
      "vertices" : [ 4, 6, 9 ]
    }, {
      "vertices" : [ 4, 9, 10 ]
    }, {
      "vertices" : [ 3, 4, 7 ]
    }, {
      "vertices" : [ 2, 6, 4 ]
    }, {
      "vertices" : [ 2, 4, 3 ]
    } ]
  }, {
    "id" : "cb778785-8603-40fb-93cb-cdbb719778fd",
    "vertices" : [ {
      "x" : 27.416409,
      "y" : 0.0,
      "z" : -10.472136
    }, {
      "x" : 27.107391,
      "y" : 0.0,
      "z" : -10.354102
    }, {
      "x" : 26.702883,
      "y" : -0.1545085,
      "z" : -9.913119
    }, {
      "x" : 26.5119,
      "y" : -0.1545085,
      "z" : -10.413119
    }, {
      "x" : 0.9045085,
      "y" : -0.1545085,
      "z" : -0.059016995
    }, {
      "x" : 0.809017,
      "y" : 0.309017,
      "z" : -0.309017
    }, {
      "x" : 0.309017,
      "y" : 0.0,
      "z" : -0.11803399
    }, {
      "x" : 26.607391,
      "y" : 0.309017,
      "z" : -10.163119
    }, {
      "x" : 0.7135255,
      "y" : -0.1545085,
      "z" : -0.559017
    } ],
    "faces" : [ {
      "vertices" : [ 2, 4, 8 ]
    }, {
      "vertices" : [ 2, 8, 3 ]
    }, {
      "vertices" : [ 2, 7, 5 ]
    }, {
      "vertices" : [ 2, 5, 4 ]
    }, {
      "vertices" : [ 4, 6, 8 ]
    }, {
      "vertices" : [ 5, 8, 6 ]
    }, {
      "vertices" : [ 1, 2, 3 ]
    }, {
      "vertices" : [ 3, 8, 5 ]
    }, {
      "vertices" : [ 3, 5, 7 ]
    }, {
      "vertices" : [ 1, 7, 2 ]
    }, {
      "vertices" : [ 1, 3, 7 ]
    }, {
      "vertices" : [ 4, 5, 6 ]
    } ]
  }, {
    "id" : "8cc75faf-24ab-4915-8609-be0b3f461f98",
    "vertices" : [ {
      "x" : 0.0,
      "y" : 0.0,
      "z" : 8.472136
    }, {
      "x" : 0.0,
      "y" : 8.472136,
      "z" : 0.0
    }, {
      "x" : 0.0,
      "y" : 0.0,
      "z" : -8.472136
    }, {
      "x" : 0.0,
      "y" : -8.472136,
      "z" : 0.0
    } ],
    "faces" : [ {
      "vertices" : [ 0, 1, 2 ]
    }, {
      "vertices" : [ 0, 2, 3 ]
    }, {
      "vertices" : [ 0, 3, 2 ]
    }, {
      "vertices" : [ 0, 2, 1 ]
    } ]
  } ],
  "instances" : [ {
    "shape" : "307c54ff-d8c1-488b-9dd8-c9dfe1729696",
    "color" : "#008D36",
    "position" : {
      "x" : -30.652475,
      "y" : 0.0,
      "z" : 16.944271
    },
    "orientation" : 6
  }, {
    "shape" : "d5128b8d-1e5b-4eb6-8365-4611c2deb321",
    "color" : "#FFFFFF",
    "position" : {
      "x" : -22.18034,
      "y" : 8.472136,
      "z" : -16.944271
    }
  }, {
    "shape" : "307c54ff-d8c1-488b-9dd8-c9dfe1729696",
    "color" : "#008D36",
    "position" : {
      "x" : -13.708204,
      "y" : 0.0,
      "z" : -16.944271
    },
    "orientation" : 36
  }, {
    "shape" : "d5128b8d-1e5b-4eb6-8365-4611c2deb321",
    "color" : "#FFFFFF",
    "position" : {
      "x" : 13.708204,
      "y" : 0.0,
      "z" : 16.944271
    }
  }, {
    "shape" : "2af7a30f-ec73-45b1-a8fb-9ce5441d0a13",
    "color" : "#6B351A",
    "position" : {
      "x" : 22.18034,
      "y" : -16.944271,
      "z" : 8.472136
    },
    "orientation" : 46
  }, {
    "shape" : "307c54ff-d8c1-488b-9dd8-c9dfe1729696",
    "color" : "#008D36",
    "position" : {
      "x" : 39.12461,
      "y" : -8.472136,
      "z" : 0.0
    },
    "orientation" : 52
  }, {
    "shape" : "307c54ff-d8c1-488b-9dd8-c9dfe1729696",
    "color" : "#008D36",
    "position" : {
      "x" : -39.12461,
      "y" : 8.472136,
      "z" : 0.0
    },
    "orientation" : 37
  }, {
    "shape" : "2af7a30f-ec73-45b1-a8fb-9ce5441d0a13",
    "color" : "#6B351A",
    "position" : {
      "x" : 13.708204,
      "y" : -16.944271,
      "z" : 0.0
    },
    "orientation" : 47
  }, {
    "shape" : "cb778785-8603-40fb-93cb-cdbb719778fd",
    "color" : "#F0A000",
    "position" : {
      "x" : 5.236068,
      "y" : -8.472136,
      "z" : 0.0
    },
    "orientation" : 3
  }, {
    "shape" : "307c54ff-d8c1-488b-9dd8-c9dfe1729696",
    "color" : "#008D36",
    "position" : {
      "x" : 30.652475,
      "y" : 0.0,
      "z" : 16.944271
    },
    "orientation" : 36
  }, {
    "shape" : "cb778785-8603-40fb-93cb-cdbb719778fd",
    "color" : "#F0A000",
    "position" : {
      "x" : 30.652475,
      "y" : 0.0,
      "z" : -16.944271
    },
    "orientation" : 4
  }, {
    "shape" : "307c54ff-d8c1-488b-9dd8-c9dfe1729696",
    "color" : "#008D36",
    "position" : {
      "x" : -30.652475,
      "y" : 0.0,
      "z" : -16.944271
    },
    "orientation" : 21
  }, {
    "shape" : "d5128b8d-1e5b-4eb6-8365-4611c2deb321",
    "color" : "#FFFFFF",
    "position" : {
      "x" : -22.18034,
      "y" : 0.0,
      "z" : 0.0
    }
  }, {
    "shape" : "d5128b8d-1e5b-4eb6-8365-4611c2deb321",
    "color" : "#FFFFFF",
    "position" : {
      "x" : -13.708204,
      "y" : -16.944271,
      "z" : 0.0
    }
  }, {
    "shape" : "2af7a30f-ec73-45b1-a8fb-9ce5441d0a13",
    "color" : "#6B351A",
    "position" : {
      "x" : -30.652475,
      "y" : 0.0,
      "z" : -16.944271
    },
    "orientation" : 30
  }, {
    "shape" : "307c54ff-d8c1-488b-9dd8-c9dfe1729696",
    "color" : "#008D36",
    "position" : {
      "x" : 22.18034,
      "y" : 16.944271,
      "z" : 8.472136
    },
    "orientation" : 53
  }, {
    "shape" : "d5128b8d-1e5b-4eb6-8365-4611c2deb321",
    "color" : "#FFFFFF",
    "position" : {
      "x" : -5.236068,
      "y" : -8.472136,
      "z" : 0.0
    }
  }, {
    "shape" : "2af7a30f-ec73-45b1-a8fb-9ce5441d0a13",
    "color" : "#6B351A",
    "position" : {
      "x" : 5.236068,
      "y" : 8.472136,
      "z" : 0.0
    },
    "orientation" : 15
  }, {
    "shape" : "cb778785-8603-40fb-93cb-cdbb719778fd",
    "color" : "#F0A000",
    "position" : {
      "x" : 13.708204,
      "y" : 0.0,
      "z" : -16.944271
    },
    "orientation" : 5
  }, {
    "shape" : "2af7a30f-ec73-45b1-a8fb-9ce5441d0a13",
    "color" : "#6B351A",
    "position" : {
      "x" : -13.708204,
      "y" : 0.0,
      "z" : -16.944271
    },
    "orientation" : 0
  }, {
    "shape" : "cb778785-8603-40fb-93cb-cdbb719778fd",
    "color" : "#F0A000",
    "position" : {
      "x" : -22.18034,
      "y" : 16.944271,
      "z" : 8.472136
    },
    "orientation" : 24
  }, {
    "shape" : "cb778785-8603-40fb-93cb-cdbb719778fd",
    "color" : "#F0A000",
    "position" : {
      "x" : -39.12461,
      "y" : 8.472136,
      "z" : 0.0
    },
    "orientation" : 24
  }, {
    "shape" : "307c54ff-d8c1-488b-9dd8-c9dfe1729696",
    "color" : "#008D36",
    "position" : {
      "x" : 30.652475,
      "y" : 0.0,
      "z" : -16.944271
    },
    "orientation" : 51
  }, {
    "shape" : "307c54ff-d8c1-488b-9dd8-c9dfe1729696",
    "color" : "#008D36",
    "position" : {
      "x" : 22.18034,
      "y" : -8.472136,
      "z" : 16.944271
    },
    "orientation" : 51
  }, {
    "shape" : "2af7a30f-ec73-45b1-a8fb-9ce5441d0a13",
    "color" : "#6B351A",
    "position" : {
      "x" : 22.18034,
      "y" : -8.472136,
      "z" : -16.944271
    },
    "orientation" : 30
  }, {
    "shape" : "cb778785-8603-40fb-93cb-cdbb719778fd",
    "color" : "#F0A000",
    "position" : {
      "x" : -30.652475,
      "y" : 0.0,
      "z" : -16.944271
    },
    "orientation" : 9
  }, {
    "shape" : "2af7a30f-ec73-45b1-a8fb-9ce5441d0a13",
    "color" : "#6B351A",
    "position" : {
      "x" : 39.12461,
      "y" : 8.472136,
      "z" : 0.0
    },
    "orientation" : 30
  }, {
    "shape" : "2af7a30f-ec73-45b1-a8fb-9ce5441d0a13",
    "color" : "#6B351A",
    "position" : {
      "x" : -22.18034,
      "y" : -16.944271,
      "z" : -8.472136
    },
    "orientation" : 47
  }, {
    "shape" : "d5128b8d-1e5b-4eb6-8365-4611c2deb321",
    "color" : "#FFFFFF",
    "position" : {
      "x" : -22.18034,
      "y" : 16.944271,
      "z" : -8.472136
    }
  }, {
    "shape" : "2af7a30f-ec73-45b1-a8fb-9ce5441d0a13",
    "color" : "#6B351A",
    "position" : {
      "x" : 22.18034,
      "y" : 16.944271,
      "z" : -8.472136
    },
    "orientation" : 31
  }, {
    "shape" : "307c54ff-d8c1-488b-9dd8-c9dfe1729696",
    "color" : "#008D36",
    "position" : {
      "x" : 22.18034,
      "y" : 16.944271,
      "z" : -8.472136
    },
    "orientation" : 8
  }, {
    "shape" : "307c54ff-d8c1-488b-9dd8-c9dfe1729696",
    "color" : "#008D36",
    "position" : {
      "x" : -22.18034,
      "y" : 16.944271,
      "z" : 8.472136
    },
    "orientation" : 23
  }, {
    "shape" : "d5128b8d-1e5b-4eb6-8365-4611c2deb321",
    "color" : "#FFFFFF",
    "position" : {
      "x" : 13.708204,
      "y" : 16.944271,
      "z" : 0.0
    }
  }, {
    "shape" : "307c54ff-d8c1-488b-9dd8-c9dfe1729696",
    "color" : "#008D36",
    "position" : {
      "x" : 22.18034,
      "y" : -16.944271,
      "z" : 8.472136
    },
    "orientation" : 53
  }, {
    "shape" : "307c54ff-d8c1-488b-9dd8-c9dfe1729696",
    "color" : "#008D36",
    "position" : {
      "x" : -13.708204,
      "y" : 0.0,
      "z" : 16.944271
    },
    "orientation" : 51
  }, {
    "shape" : "307c54ff-d8c1-488b-9dd8-c9dfe1729696",
    "color" : "#008D36",
    "position" : {
      "x" : -5.236068,
      "y" : 8.472136,
      "z" : 0.0
    },
    "orientation" : 37
  }, {
    "shape" : "cb778785-8603-40fb-93cb-cdbb719778fd",
    "color" : "#F0A000",
    "position" : {
      "x" : -22.18034,
      "y" : 16.944271,
      "z" : -8.472136
    },
    "orientation" : 39
  }, {
    "shape" : "307c54ff-d8c1-488b-9dd8-c9dfe1729696",
    "color" : "#008D36",
    "position" : {
      "x" : -22.18034,
      "y" : -16.944271,
      "z" : 8.472136
    },
    "orientation" : 23
  }, {
    "shape" : "307c54ff-d8c1-488b-9dd8-c9dfe1729696",
    "color" : "#008D36",
    "position" : {
      "x" : 30.652475,
      "y" : 0.0,
      "z" : -16.944271
    },
    "orientation" : 36
  }, {
    "shape" : "2af7a30f-ec73-45b1-a8fb-9ce5441d0a13",
    "color" : "#6B351A",
    "position" : {
      "x" : 39.12461,
      "y" : -8.472136,
      "z" : 0.0
    },
    "orientation" : 45
  }, {
    "shape" : "d5128b8d-1e5b-4eb6-8365-4611c2deb321",
    "color" : "#FFFFFF",
    "position" : {
      "x" : -39.12461,
      "y" : 8.472136,
      "z" : 0.0
    }
  }, {
    "shape" : "307c54ff-d8c1-488b-9dd8-c9dfe1729696",
    "color" : "#008D36",
    "position" : {
      "x" : 13.708204,
      "y" : 0.0,
      "z" : -16.944271
    },
    "orientation" : 6
  }, {
    "shape" : "2af7a30f-ec73-45b1-a8fb-9ce5441d0a13",
    "color" : "#6B351A",
    "position" : {
      "x" : -22.18034,
      "y" : 16.944271,
      "z" : 8.472136
    },
    "orientation" : 32
  }, {
    "shape" : "cb778785-8603-40fb-93cb-cdbb719778fd",
    "color" : "#F0A000",
    "position" : {
      "x" : 22.18034,
      "y" : 16.944271,
      "z" : -8.472136
    },
    "orientation" : 5
  }, {
    "shape" : "2af7a30f-ec73-45b1-a8fb-9ce5441d0a13",
    "color" : "#6B351A",
    "position" : {
      "x" : -22.18034,
      "y" : -16.944271,
      "z" : 8.472136
    },
    "orientation" : 2
  }, {
    "shape" : "cb778785-8603-40fb-93cb-cdbb719778fd",
    "color" : "#F0A000",
    "position" : {
      "x" : -22.18034,
      "y" : -16.944271,
      "z" : 8.472136
    },
    "orientation" : 54
  }, {
    "shape" : "307c54ff-d8c1-488b-9dd8-c9dfe1729696",
    "color" : "#008D36",
    "position" : {
      "x" : 5.236068,
      "y" : 8.472136,
      "z" : 0.0
    },
    "orientation" : 37
  }, {
    "shape" : "307c54ff-d8c1-488b-9dd8-c9dfe1729696",
    "color" : "#008D36",
    "position" : {
      "x" : -22.18034,
      "y" : 16.944271,
      "z" : -8.472136
    },
    "orientation" : 8
  }, {
    "shape" : "2af7a30f-ec73-45b1-a8fb-9ce5441d0a13",
    "color" : "#6B351A",
    "position" : {
      "x" : 22.18034,
      "y" : -8.472136,
      "z" : 16.944271
    },
    "orientation" : 15
  }, {
    "shape" : "2af7a30f-ec73-45b1-a8fb-9ce5441d0a13",
    "color" : "#6B351A",
    "position" : {
      "x" : 30.652475,
      "y" : 0.0,
      "z" : -16.944271
    },
    "orientation" : 32
  }, {
    "shape" : "d5128b8d-1e5b-4eb6-8365-4611c2deb321",
    "color" : "#FFFFFF",
    "position" : {
      "x" : 22.18034,
      "y" : 16.944271,
      "z" : 8.472136
    }
  }, {
    "shape" : "2af7a30f-ec73-45b1-a8fb-9ce5441d0a13",
    "color" : "#6B351A",
    "position" : {
      "x" : -39.12461,
      "y" : 0.0,
      "z" : 8.472136
    },
    "orientation" : 17
  }, {
    "shape" : "2af7a30f-ec73-45b1-a8fb-9ce5441d0a13",
    "color" : "#6B351A",
    "position" : {
      "x" : 5.236068,
      "y" : 0.0,
      "z" : -8.472136
    },
    "orientation" : 16
  }, {
    "shape" : "d5128b8d-1e5b-4eb6-8365-4611c2deb321",
    "color" : "#FFFFFF",
    "position" : {
      "x" : 39.12461,
      "y" : 8.472136,
      "z" : 0.0
    }
  }, {
    "shape" : "cb778785-8603-40fb-93cb-cdbb719778fd",
    "color" : "#F0A000",
    "position" : {
      "x" : -30.652475,
      "y" : 0.0,
      "z" : 16.944271
    },
    "orientation" : 24
  }, {
    "shape" : "2af7a30f-ec73-45b1-a8fb-9ce5441d0a13",
    "color" : "#6B351A",
    "position" : {
      "x" : 39.12461,
      "y" : 0.0,
      "z" : -8.472136
    },
    "orientation" : 46
  }, {
    "shape" : "307c54ff-d8c1-488b-9dd8-c9dfe1729696",
    "color" : "#008D36",
    "position" : {
      "x" : 22.18034,
      "y" : -16.944271,
      "z" : -8.472136
    },
    "orientation" : 38
  }, {
    "shape" : "307c54ff-d8c1-488b-9dd8-c9dfe1729696",
    "color" : "#008D36",
    "position" : {
      "x" : 13.708204,
      "y" : 0.0,
      "z" : -16.944271
    },
    "orientation" : 21
  }, {
    "shape" : "307c54ff-d8c1-488b-9dd8-c9dfe1729696",
    "color" : "#008D36",
    "position" : {
      "x" : -30.652475,
      "y" : 0.0,
      "z" : 16.944271
    },
    "orientation" : 21
  }, {
    "shape" : "cb778785-8603-40fb-93cb-cdbb719778fd",
    "color" : "#F0A000",
    "position" : {
      "x" : -5.236068,
      "y" : -8.472136,
      "z" : 0.0
    },
    "orientation" : 54
  }, {
    "shape" : "d5128b8d-1e5b-4eb6-8365-4611c2deb321",
    "color" : "#FFFFFF",
    "position" : {
      "x" : 22.18034,
      "y" : -16.944271,
      "z" : -8.472136
    }
  }, {
    "shape" : "d5128b8d-1e5b-4eb6-8365-4611c2deb321",
    "color" : "#FFFFFF",
    "position" : {
      "x" : -22.18034,
      "y" : 8.472136,
      "z" : 16.944271
    }
  }, {
    "shape" : "d5128b8d-1e5b-4eb6-8365-4611c2deb321",
    "color" : "#FFFFFF",
    "position" : {
      "x" : 13.708204,
      "y" : -16.944271,
      "z" : 0.0
    }
  }, {
    "shape" : "307c54ff-d8c1-488b-9dd8-c9dfe1729696",
    "color" : "#008D36",
    "position" : {
      "x" : 39.12461,
      "y" : 8.472136,
      "z" : 0.0
    },
    "orientation" : 37
  }, {
    "shape" : "2af7a30f-ec73-45b1-a8fb-9ce5441d0a13",
    "color" : "#6B351A",
    "position" : {
      "x" : 39.12461,
      "y" : 0.0,
      "z" : 8.472136
    },
    "orientation" : 31
  }, {
    "shape" : "d5128b8d-1e5b-4eb6-8365-4611c2deb321",
    "color" : "#FFFFFF",
    "position" : {
      "x" : -30.652475,
      "y" : 0.0,
      "z" : 16.944271
    }
  }, {
    "shape" : "d5128b8d-1e5b-4eb6-8365-4611c2deb321",
    "color" : "#FFFFFF",
    "position" : {
      "x" : -22.18034,
      "y" : -16.944271,
      "z" : 8.472136
    }
  }, {
    "shape" : "307c54ff-d8c1-488b-9dd8-c9dfe1729696",
    "color" : "#008D36",
    "position" : {
      "x" : -39.12461,
      "y" : -8.472136,
      "z" : 0.0
    },
    "orientation" : 52
  }, {
    "shape" : "d5128b8d-1e5b-4eb6-8365-4611c2deb321",
    "color" : "#FFFFFF",
    "position" : {
      "x" : 13.708204,
      "y" : 0.0,
      "z" : -16.944271
    }
  }, {
    "shape" : "d5128b8d-1e5b-4eb6-8365-4611c2deb321",
    "color" : "#FFFFFF",
    "position" : {
      "x" : 22.18034,
      "y" : -16.944271,
      "z" : 8.472136
    }
  }, {
    "shape" : "307c54ff-d8c1-488b-9dd8-c9dfe1729696",
    "color" : "#008D36",
    "position" : {
      "x" : 22.18034,
      "y" : 16.944271,
      "z" : 8.472136
    },
    "orientation" : 23
  }, {
    "shape" : "2af7a30f-ec73-45b1-a8fb-9ce5441d0a13",
    "color" : "#6B351A",
    "position" : {
      "x" : -5.236068,
      "y" : 8.472136,
      "z" : 0.0
    },
    "orientation" : 46
  }, {
    "shape" : "d5128b8d-1e5b-4eb6-8365-4611c2deb321",
    "color" : "#FFFFFF",
    "position" : {
      "x" : -5.236068,
      "y" : 0.0,
      "z" : -8.472136
    }
  }, {
    "shape" : "d5128b8d-1e5b-4eb6-8365-4611c2deb321",
    "color" : "#FFFFFF",
    "position" : {
      "x" : 5.236068,
      "y" : 0.0,
      "z" : -8.472136
    }
  }, {
    "shape" : "307c54ff-d8c1-488b-9dd8-c9dfe1729696",
    "color" : "#008D36",
    "position" : {
      "x" : -5.236068,
      "y" : -8.472136,
      "z" : 0.0
    },
    "orientation" : 52
  }, {
    "shape" : "2af7a30f-ec73-45b1-a8fb-9ce5441d0a13",
    "color" : "#6B351A",
    "position" : {
      "x" : -13.708204,
      "y" : -16.944271,
      "z" : 0.0
    },
    "orientation" : 45
  }, {
    "shape" : "2af7a30f-ec73-45b1-a8fb-9ce5441d0a13",
    "color" : "#6B351A",
    "position" : {
      "x" : -13.708204,
      "y" : 16.944271,
      "z" : 0.0
    },
    "orientation" : 30
  }, {
    "shape" : "307c54ff-d8c1-488b-9dd8-c9dfe1729696",
    "color" : "#008D36",
    "position" : {
      "x" : 13.708204,
      "y" : 0.0,
      "z" : 16.944271
    },
    "orientation" : 6
  }, {
    "shape" : "307c54ff-d8c1-488b-9dd8-c9dfe1729696",
    "color" : "#008D36",
    "position" : {
      "x" : 5.236068,
      "y" : -8.472136,
      "z" : 0.0
    },
    "orientation" : 7
  }, {
    "shape" : "2af7a30f-ec73-45b1-a8fb-9ce5441d0a13",
    "color" : "#6B351A",
    "position" : {
      "x" : -30.652475,
      "y" : 16.944271,
      "z" : 0.0
    },
    "orientation" : 15
  }, {
    "shape" : "d5128b8d-1e5b-4eb6-8365-4611c2deb321",
    "color" : "#FFFFFF",
    "position" : {
      "x" : 22.18034,
      "y" : 16.944271,
      "z" : -8.472136
    }
  }, {
    "shape" : "cb778785-8603-40fb-93cb-cdbb719778fd",
    "color" : "#F0A000",
    "position" : {
      "x" : 22.18034,
      "y" : -16.944271,
      "z" : -8.472136
    },
    "orientation" : 4
  }, {
    "shape" : "d5128b8d-1e5b-4eb6-8365-4611c2deb321",
    "color" : "#FFFFFF",
    "position" : {
      "x" : -22.18034,
      "y" : 16.944271,
      "z" : 8.472136
    }
  }, {
    "shape" : "d5128b8d-1e5b-4eb6-8365-4611c2deb321",
    "color" : "#FFFFFF",
    "position" : {
      "x" : -13.708204,
      "y" : 16.944271,
      "z" : 0.0
    }
  }, {
    "shape" : "d5128b8d-1e5b-4eb6-8365-4611c2deb321",
    "color" : "#FFFFFF",
    "position" : {
      "x" : 39.12461,
      "y" : -8.472136,
      "z" : 0.0
    }
  }, {
    "shape" : "307c54ff-d8c1-488b-9dd8-c9dfe1729696",
    "color" : "#008D36",
    "position" : {
      "x" : -39.12461,
      "y" : 8.472136,
      "z" : 0.0
    },
    "orientation" : 22
  }, {
    "shape" : "2af7a30f-ec73-45b1-a8fb-9ce5441d0a13",
    "color" : "#6B351A",
    "position" : {
      "x" : -30.652475,
      "y" : -16.944271,
      "z" : 0.0
    },
    "orientation" : 0
  }, {
    "shape" : "2af7a30f-ec73-45b1-a8fb-9ce5441d0a13",
    "color" : "#6B351A",
    "position" : {
      "x" : -39.12461,
      "y" : 8.472136,
      "z" : 0.0
    },
    "orientation" : 1
  }, {
    "shape" : "d5128b8d-1e5b-4eb6-8365-4611c2deb321",
    "color" : "#FFFFFF",
    "position" : {
      "x" : 30.652475,
      "y" : 0.0,
      "z" : 16.944271
    }
  }, {
    "shape" : "d5128b8d-1e5b-4eb6-8365-4611c2deb321",
    "color" : "#FFFFFF",
    "position" : {
      "x" : 5.236068,
      "y" : -8.472136,
      "z" : 0.0
    }
  }, {
    "shape" : "d5128b8d-1e5b-4eb6-8365-4611c2deb321",
    "color" : "#FFFFFF",
    "position" : {
      "x" : 5.236068,
      "y" : 8.472136,
      "z" : 0.0
    }
  }, {
    "shape" : "2af7a30f-ec73-45b1-a8fb-9ce5441d0a13",
    "color" : "#6B351A",
    "position" : {
      "x" : 22.18034,
      "y" : -16.944271,
      "z" : -8.472136
    },
    "orientation" : 1
  }, {
    "shape" : "d5128b8d-1e5b-4eb6-8365-4611c2deb321",
    "color" : "#FFFFFF",
    "position" : {
      "x" : -13.708204,
      "y" : 0.0,
      "z" : -16.944271
    }
  }, {
    "shape" : "cb778785-8603-40fb-93cb-cdbb719778fd",
    "color" : "#F0A000",
    "position" : {
      "x" : 30.652475,
      "y" : 0.0,
      "z" : 16.944271
    },
    "orientation" : 19
  }, {
    "shape" : "2af7a30f-ec73-45b1-a8fb-9ce5441d0a13",
    "color" : "#6B351A",
    "position" : {
      "x" : 13.708204,
      "y" : 0.0,
      "z" : 16.944271
    },
    "orientation" : 17
  }, {
    "shape" : "cb778785-8603-40fb-93cb-cdbb719778fd",
    "color" : "#F0A000",
    "position" : {
      "x" : 39.12461,
      "y" : -8.472136,
      "z" : 0.0
    },
    "orientation" : 4
  }, {
    "shape" : "307c54ff-d8c1-488b-9dd8-c9dfe1729696",
    "color" : "#008D36",
    "position" : {
      "x" : -30.652475,
      "y" : 0.0,
      "z" : -16.944271
    },
    "orientation" : 6
  }, {
    "shape" : "cb778785-8603-40fb-93cb-cdbb719778fd",
    "color" : "#F0A000",
    "position" : {
      "x" : 22.18034,
      "y" : -16.944271,
      "z" : 8.472136
    },
    "orientation" : 3
  }, {
    "shape" : "307c54ff-d8c1-488b-9dd8-c9dfe1729696",
    "color" : "#008D36",
    "position" : {
      "x" : -22.18034,
      "y" : 16.944271,
      "z" : 8.472136
    },
    "orientation" : 53
  }, {
    "shape" : "d5128b8d-1e5b-4eb6-8365-4611c2deb321",
    "color" : "#FFFFFF",
    "position" : {
      "x" : 0.0,
      "y" : 0.0,
      "z" : 0.0
    }
  }, {
    "shape" : "d5128b8d-1e5b-4eb6-8365-4611c2deb321",
    "color" : "#FFFFFF",
    "position" : {
      "x" : -13.708204,
      "y" : 0.0,
      "z" : 16.944271
    }
  }, {
    "shape" : "d5128b8d-1e5b-4eb6-8365-4611c2deb321",
    "color" : "#FFFFFF",
    "position" : {
      "x" : -39.12461,
      "y" : -8.472136,
      "z" : 0.0
    }
  }, {
    "shape" : "307c54ff-d8c1-488b-9dd8-c9dfe1729696",
    "color" : "#008D36",
    "position" : {
      "x" : -5.236068,
      "y" : -8.472136,
      "z" : 0.0
    },
    "orientation" : 7
  }, {
    "shape" : "d5128b8d-1e5b-4eb6-8365-4611c2deb321",
    "color" : "#FFFFFF",
    "position" : {
      "x" : 30.652475,
      "y" : -16.944271,
      "z" : 0.0
    }
  }, {
    "shape" : "307c54ff-d8c1-488b-9dd8-c9dfe1729696",
    "color" : "#008D36",
    "position" : {
      "x" : 5.236068,
      "y" : 8.472136,
      "z" : 0.0
    },
    "orientation" : 22
  }, {
    "shape" : "2af7a30f-ec73-45b1-a8fb-9ce5441d0a13",
    "color" : "#6B351A",
    "position" : {
      "x" : 30.652475,
      "y" : 0.0,
      "z" : 16.944271
    },
    "orientation" : 47
  }, {
    "shape" : "2af7a30f-ec73-45b1-a8fb-9ce5441d0a13",
    "color" : "#6B351A",
    "position" : {
      "x" : 22.18034,
      "y" : 16.944271,
      "z" : 8.472136
    },
    "orientation" : 16
  }, {
    "shape" : "cb778785-8603-40fb-93cb-cdbb719778fd",
    "color" : "#F0A000",
    "position" : {
      "x" : -22.18034,
      "y" : -16.944271,
      "z" : -8.472136
    },
    "orientation" : 9
  }, {
    "shape" : "cb778785-8603-40fb-93cb-cdbb719778fd",
    "color" : "#F0A000",
    "position" : {
      "x" : -5.236068,
      "y" : 8.472136,
      "z" : 0.0
    },
    "orientation" : 39
  }, {
    "shape" : "d5128b8d-1e5b-4eb6-8365-4611c2deb321",
    "color" : "#FFFFFF",
    "position" : {
      "x" : 30.652475,
      "y" : 16.944271,
      "z" : 0.0
    }
  }, {
    "shape" : "307c54ff-d8c1-488b-9dd8-c9dfe1729696",
    "color" : "#008D36",
    "position" : {
      "x" : -22.18034,
      "y" : -16.944271,
      "z" : 8.472136
    },
    "orientation" : 53
  }, {
    "shape" : "8cc75faf-24ab-4915-8609-be0b3f461f98",
    "color" : "#7FBACA",
    "position" : {
      "x" : 0.0,
      "y" : 0.0,
      "z" : 0.0
    }
  }, {
    "shape" : "307c54ff-d8c1-488b-9dd8-c9dfe1729696",
    "color" : "#008D36",
    "position" : {
      "x" : -13.708204,
      "y" : 0.0,
      "z" : -16.944271
    },
    "orientation" : 51
  }, {
    "shape" : "2af7a30f-ec73-45b1-a8fb-9ce5441d0a13",
    "color" : "#6B351A",
    "position" : {
      "x" : -22.18034,
      "y" : 16.944271,
      "z" : -8.472136
    },
    "orientation" : 17
  }, {
    "shape" : "cb778785-8603-40fb-93cb-cdbb719778fd",
    "color" : "#F0A000",
    "position" : {
      "x" : 13.708204,
      "y" : 0.0,
      "z" : 16.944271
    },
    "orientation" : 3
  }, {
    "shape" : "2af7a30f-ec73-45b1-a8fb-9ce5441d0a13",
    "color" : "#6B351A",
    "position" : {
      "x" : 13.708204,
      "y" : 0.0,
      "z" : -16.944271
    },
    "orientation" : 2
  }, {
    "shape" : "307c54ff-d8c1-488b-9dd8-c9dfe1729696",
    "color" : "#008D36",
    "position" : {
      "x" : -22.18034,
      "y" : 16.944271,
      "z" : -8.472136
    },
    "orientation" : 38
  }, {
    "shape" : "d5128b8d-1e5b-4eb6-8365-4611c2deb321",
    "color" : "#FFFFFF",
    "position" : {
      "x" : 39.12461,
      "y" : 0.0,
      "z" : 8.472136
    }
  }, {
    "shape" : "2af7a30f-ec73-45b1-a8fb-9ce5441d0a13",
    "color" : "#6B351A",
    "position" : {
      "x" : -39.12461,
      "y" : 0.0,
      "z" : -8.472136
    },
    "orientation" : 2
  }, {
    "shape" : "307c54ff-d8c1-488b-9dd8-c9dfe1729696",
    "color" : "#008D36",
    "position" : {
      "x" : 30.652475,
      "y" : 0.0,
      "z" : 16.944271
    },
    "orientation" : 51
  }, {
    "shape" : "307c54ff-d8c1-488b-9dd8-c9dfe1729696",
    "color" : "#008D36",
    "position" : {
      "x" : 5.236068,
      "y" : -8.472136,
      "z" : 0.0
    },
    "orientation" : 52
  }, {
    "shape" : "d5128b8d-1e5b-4eb6-8365-4611c2deb321",
    "color" : "#FFFFFF",
    "position" : {
      "x" : 22.18034,
      "y" : -8.472136,
      "z" : 16.944271
    }
  }, {
    "shape" : "2af7a30f-ec73-45b1-a8fb-9ce5441d0a13",
    "color" : "#6B351A",
    "position" : {
      "x" : -5.236068,
      "y" : -8.472136,
      "z" : 0.0
    },
    "orientation" : 31
  }, {
    "shape" : "2af7a30f-ec73-45b1-a8fb-9ce5441d0a13",
    "color" : "#6B351A",
    "position" : {
      "x" : -30.652475,
      "y" : 0.0,
      "z" : 16.944271
    },
    "orientation" : 45
  }, {
    "shape" : "cb778785-8603-40fb-93cb-cdbb719778fd",
    "color" : "#F0A000",
    "position" : {
      "x" : -39.12461,
      "y" : -8.472136,
      "z" : 0.0
    },
    "orientation" : 9
  }, {
