{
  "field" : "golden",
  "symmetry" : "icosahedral",
  "orientations" : [ [ 1.0, 0.0, 0.0, 0.0, 0.0, 1.0, 0.0, 0.0, 0.0, 0.0, 1.0, 0.0, 0.0, 0.0, 0.0, 1.0 ], [ 0.0, 0.0, 1.0, 0.0, 1.0, 0.0, 0.0, 0.0, 0.0, 1.0, 0.0, 0.0, 0.0, 0.0, 0.0, 1.0 ], [ 0.0, 1.0, 0.0, 0.0, 0.0, 0.0, 1.0, 0.0, 1.0, 0.0, 0.0, 0.0, 0.0, 0.0, 0.0, 1.0 ], [ 0.809017, 0.309017, 0.5, 0.0, 0.309017, 0.5, -0.809017, 0.0, -0.5, 0.809017, 0.309017, 0.0, 0.0, 0.0, 0.0, 1.0 ], [ -0.5, 0.809017, 0.309017, 0.0, 0.809017, 0.309017, 0.5, 0.0, 0.309017, 0.5, -0.809017, 0.0, 0.0, 0.0, 0.0, 1.0 ], [ 0.309017, 0.5, -0.809017, 0.0, -0.5, 0.809017, 0.309017, 0.0, 0.809017, 0.309017, 0.5, 0.0, 0.0, 0.0, 0.0, 1.0 ], [ 0.5, 0.809017, 0.309017, 0.0, 0.809017, -0.309017, -0.5, 0.0, -0.309017, 0.5, -0.809017, 0.0, 0.0, 0.0, 0.0, 1.0 ], [ -0.309017, 0.5, -0.809017, 0.0, 0.5, 0.809017, 0.309017, 0.0, 0.809017, -0.309017, -0.5, 0.0, 0.0, 0.0, 0.0, 1.0 ], [ 0.809017, -0.309017, -0.5, 0.0, -0.309017, 0.5, -0.809017, 0.0, 0.5, 0.809017, 0.309017, 0.0, 0.0, 0.0, 0.0, 1.0 ], [ 0.5, 0.809017, -0.309017, 0.0, 0.809017, -0.309017, 0.5, 0.0, 0.309017, -0.5, -0.809017, 0.0, 0.0, 0.0, 0.0, 1.0 ], [ 0.309017, -0.5, -0.809017, 0.0, 0.5, 0.809017, -0.309017, 0.0, 0.809017, -0.309017, 0.5, 0.0, 0.0, 0.0, 0.0, 1.0 ], [ 0.809017, -0.309017, 0.5, 0.0, 0.309017, -0.5, -0.809017, 0.0, 0.5, 0.809017, -0.309017, 0.0, 0.0, 0.0, 0.0, 1.0 ], [ 0.809017, 0.309017, -0.5, 0.0, 0.309017, 0.5, 0.809017, 0.0, 0.5, -0.809017, 0.309017, 0.0, 0.0, 0.0, 0.0, 1.0 ], [ 0.5, -0.809017, 0.309017, 0.0, 0.809017, 0.309017, -0.5, 0.0, 0.309017, 0.5, 0.809017, 0.0, 0.0, 0.0, 0.0, 1.0 ], [ 0.309017, 0.5, 0.809017, 0.0, 0.5, -0.809017, 0.309017, 0.0, 0.809017, 0.309017, -0.5, 0.0, 0.0, 0.0, 0.0, 1.0 ], [ 1.0, 0.0, 0.0, 0.0, 0.0, -1.0, 0.0, 0.0, 0.0, 0.0, -1.0, 0.0, 0.0, 0.0, 0.0, 1.0 ], [ 0.0, 0.0, 1.0, 0.0, -1.0, 0.0, 0.0, 0.0, 0.0, -1.0, 0.0, 0.0, 0.0, 0.0, 0.0, 1.0 ], [ 0.0, 1.0, 0.0, 0.0, 0.0, 0.0, -1.0, 0.0, -1.0, 0.0, 0.0, 0.0, 0.0, 0.0, 0.0, 1.0 ], [ 0.809017, 0.309017, 0.5, 0.0, -0.309017, -0.5, 0.809017, 0.0, 0.5, -0.809017, -0.309017, 0.0, 0.0, 0.0, 0.0, 1.0 ], [ -0.5, 0.809017, 0.309017, 0.0, -0.809017, -0.309017, -0.5, 0.0, -0.309017, -0.5, 0.809017, 0.0, 0.0, 0.0, 0.0, 1.0 ], [ 0.309017, 0.5, -0.809017, 0.0, 0.5, -0.809017, -0.309017, 0.0, -0.809017, -0.309017, -0.5, 0.0, 0.0, 0.0, 0.0, 1.0 ], [ 0.5, 0.809017, 0.309017, 0.0, -0.809017, 0.309017, 0.5, 0.0, 0.309017, -0.5, 0.809017, 0.0, 0.0, 0.0, 0.0, 1.0 ], [ -0.309017, 0.5, -0.809017, 0.0, -0.5, -0.809017, -0.309017, 0.0, -0.809017, 0.309017, 0.5, 0.0, 0.0, 0.0, 0.0, 1.0 ], [ 0.809017, -0.309017, -0.5, 0.0, 0.309017, -0.5, 0.809017, 0.0, -0.5, -0.809017, -0.309017, 0.0, 0.0, 0.0, 0.0, 1.0 ], [ 0.5, 0.809017, -0.309017, 0.0, -0.809017, 0.309017, -0.5, 0.0, -0.309017, 0.5, 0.809017, 0.0, 0.0, 0.0, 0.0, 1.0 ], [ 0.309017, -0.5, -0.809017, 0.0, -0.5, -0.809017, 0.309017, 0.0, -0.809017, 0.309017, -0.5, 0.0, 0.0, 0.0, 0.0, 1.0 ], [ 0.809017, -0.309017, 0.5, 0.0, -0.309017, 0.5, 0.809017, 0.0, -0.5, -0.809017, 0.309017, 0.0, 0.0, 0.0, 0.0, 1.0 ], [ 0.809017, 0.309017, -0.5, 0.0, -0.309017, -0.5, -0.809017, 0.0, -0.5, 0.809017, -0.309017, 0.0, 0.0, 0.0, 0.0, 1.0 ], [ 0.5, -0.809017, 0.309017, 0.0, -0.809017, -0.309017, 0.5, 0.0, -0.309017, -0.5, -0.809017, 0.0, 0.0, 0.0, 0.0, 1.0 ], [ 0.309017, 0.5, 0.809017, 0.0, -0.5, 0.809017, -0.309017, 0.0, -0.809017, -0.309017, 0.5, 0.0, 0.0, 0.0, 0.0, 1.0 ], [ -1.0, 0.0, 0.0, 0.0, 0.0, -1.0, 0.0, 0.0, 0.0, 0.0, 1.0, 0.0, 0.0, 0.0, 0.0, 1.0 ], [ 0.0, 0.0, -1.0, 0.0, -1.0, 0.0, 0.0, 0.0, 0.0, 1.0, 0.0, 0.0, 0.0, 0.0, 0.0, 1.0 ], [ 0.0, -1.0, 0.0, 0.0, 0.0, 0.0, -1.0, 0.0, 1.0, 0.0, 0.0, 0.0, 0.0, 0.0, 0.0, 1.0 ], [ -0.809017, -0.309017, -0.5, 0.0, -0.309017, -0.5, 0.809017, 0.0, -0.5, 0.809017, 0.309017, 0.0, 0.0, 0.0, 0.0, 1.0 ], [ 0.5, -0.809017, -0.309017, 0.0, -0.809017, -0.309017, -0.5, 0.0, 0.309017, 0.5, -0.809017, 0.0, 0.0, 0.0, 0.0, 1.0 ], [ -0.309017, -0.5, 0.809017, 0.0, 0.5, -0.809017, -0.309017, 0.0, 0.809017, 0.309017, 0.5, 0.0, 0.0, 0.0, 0.0, 1.0 ], [ -0.5, -0.809017, -0.309017, 0.0, -0.809017, 0.309017, 0.5, 0.0, -0.309017, 0.5, -0.809017, 0.0, 0.0, 0.0, 0.0, 1.0 ], [ 0.309017, -0.5, 0.809017, 0.0, -0.5, -0.809017, -0.309017, 0.0, 0.809017, -0.309017, -0.5, 0.0, 0.0, 0.0, 0.0, 1.0 ], [ -0.809017, 0.309017, 0.5, 0.0, 0.309017, -0.5, 0.809017, 0.0, 0.5, 0.809017, 0.309017, 0.0, 0.0, 0.0, 0.0, 1.0 ], [ -0.5, -0.809017, 0.309017, 0.0, -0.809017, 0.309017, -0.5, 0.0, 0.309017, -0.5, -0.809017, 0.0, 0.0, 0.0, 0.0, 1.0 ], [ -0.309017, 0.5, 0.809017, 0.0, -0.5, -0.809017, 0.309017, 0.0, 0.809017, -0.309017, 0.5, 0.0, 0.0, 0.0, 0.0, 1.0 ], [ -0.809017, 0.309017, -0.5, 0.0, -0.309017, 0.5, 0.809017, 0.0, 0.5, 0.809017, -0.309017, 0.0, 0.0, 0.0, 0.0, 1.0 ], [ -0.809017, -0.309017, 0.5, 0.0, -0.309017, -0.5, -0.809017, 0.0, 0.5, -0.809017, 0.309017, 0.0, 0.0, 0.0, 0.0, 1.0 ], [ -0.5, 0.809017, -0.309017, 0.0, -0.809017, -0.309017, 0.5, 0.0, 0.309017, 0.5, 0.809017, 0.0, 0.0, 0.0, 0.0, 1.0 ], [ -0.309017, -0.5, -0.809017, 0.0, -0.5, 0.809017, -0.309017, 0.0, 0.809017, 0.309017, -0.5, 0.0, 0.0, 0.0, 0.0, 1.0 ], [ -1.0, 0.0, 0.0, 0.0, 0.0, 1.0, 0.0, 0.0, 0.0, 0.0, -1.0, 0.0, 0.0, 0.0, 0.0, 1.0 ], [ 0.0, 0.0, -1.0, 0.0, 1.0, 0.0, 0.0, 0.0, 0.0, -1.0, 0.0, 0.0, 0.0, 0.0, 0.0, 1.0 ], [ 0.0, -1.0, 0.0, 0.0, 0.0, 0.0, 1.0, 0.0, -1.0, 0.0, 0.0, 0.0, 0.0, 0.0, 0.0, 1.0 ], [ -0.809017, -0.309017, -0.5, 0.0, 0.309017, 0.5, -0.809017, 0.0, 0.5, -0.809017, -0.309017, 0.0, 0.0, 0.0, 0.0, 1.0 ], [ 0.5, -0.809017, -0.309017, 0.0, 0.809017, 0.309017, 0.5, 0.0, -0.309017, -0.5, 0.809017, 0.0, 0.0, 0.0, 0.0, 1.0 ], [ -0.309017, -0.5, 0.809017, 0.0, -0.5, 0.809017, 0.309017, 0.0, -0.809017, -0.309017, -0.5, 0.0, 0.0, 0.0, 0.0, 1.0 ], [ -0.5, -0.809017, -0.309017, 0.0, 0.809017, -0.309017, -0.5, 0.0, 0.309017, -0.5, 0.809017, 0.0, 0.0, 0.0, 0.0, 1.0 ], [ 0.309017, -0.5, 0.809017, 0.0, 0.5, 0.809017, 0.309017, 0.0, -0.809017, 0.309017, 0.5, 0.0, 0.0, 0.0, 0.0, 1.0 ], [ -0.809017, 0.309017, 0.5, 0.0, -0.309017, 0.5, -0.809017, 0.0, -0.5, -0.809017, -0.309017, 0.0, 0.0, 0.0, 0.0, 1.0 ], [ -0.5, -0.809017, 0.309017, 0.0, 0.809017, -0.309017, 0.5, 0.0, -0.309017, 0.5, 0.809017, 0.0, 0.0, 0.0, 0.0, 1.0 ], [ -0.309017, 0.5, 0.809017, 0.0, 0.5, 0.809017, -0.309017, 0.0, -0.809017, 0.309017, -0.5, 0.0, 0.0, 0.0, 0.0, 1.0 ], [ -0.809017, 0.309017, -0.5, 0.0, 0.309017, -0.5, -0.809017, 0.0, -0.5, -0.809017, 0.309017, 0.0, 0.0, 0.0, 0.0, 1.0 ], [ -0.809017, -0.309017, 0.5, 0.0, 0.309017, 0.5, 0.809017, 0.0, -0.5, 0.809017, -0.309017, 0.0, 0.0, 0.0, 0.0, 1.0 ], [ -0.5, 0.809017, -0.309017, 0.0, 0.809017, 0.309017, -0.5, 0.0, -0.309017, -0.5, -0.809017, 0.0, 0.0, 0.0, 0.0, 1.0 ], [ -0.309017, -0.5, -0.809017, 0.0, 0.5, -0.809017, 0.309017, 0.0, -0.809017, -0.309017, 0.5, 0.0, 0.0, 0.0, 0.0, 1.0 ] ],
  "lights" : {
    "ambientColor" : "#292929",
    "backgroundColor" : "#FFFFEF",
    "directionalLights" : [ {
      "direction" : {
        "x" : 1.0,
        "y" : -1.0,
        "z" : -1.0
      },
      "color" : "#EBEBE4"
    }, {
      "direction" : {
        "x" : -1.0,
        "y" : 0.0,
        "z" : 0.0
      },
      "color" : "#E4E4EB"
    }, {
      "direction" : {
        "x" : 0.0,
        "y" : 0.0,
        "z" : -1.0
      },
      "color" : "#1E1E1E"
    } ]
  },
  "camera" : {
    "viewDistance" : 487.29974,
    "nearClipDistance" : 1.2182513,
    "farClipDistance" : 974.6018,
    "lookAtPoint" : {
      "x" : 0.0,
      "y" : 0.0,
      "z" : 0.0
    },
    "fieldOfView" : 0.44262955,
    "perspective" : false,
    "lookDirection" : {
      "x" : -0.57735026,
      "y" : 0.57735026,
      "z" : -0.57735026
    },
    "upDirection" : {
      "x" : 0.218508,
      "y" : 0.7905694,
      "z" : 0.5720614
    },
    "width" : 219.28523,
    "stereo" : false,
    "position" : {
      "x" : 281.34262,
      "y" : -281.34262,
      "z" : 281.34262
    }
  },
  "embedding" : [ 1.0, 0.0, 0.0, 0.0, 0.0, 1.0, 0.0, 0.0, 0.0, 0.0, 1.0, 0.0, 0.0, 0.0, 0.0, 1.0 ],
  "shapes" : [ {
    "id" : "39b5591e-043d-4939-948d-af41f8a78e6c",
    "vertices" : [ {
      "x" : 0.309017,
      "y" : -0.309017,
      "z" : -0.309017
    }, {
      "x" : 0.5,
      "y" : 0.0,
      "z" : -0.19098301
    }, {
      "x" : 0.5,
      "y" : 0.0,
      "z" : 0.19098301
    }, {
      "x" : 0.309017,
      "y" : -0.309017,
      "z" : 0.309017
    }, {
      "x" : 0.19098301,
      "y" : -0.5,
      "z" : 0.0
    }, {
      "x" : 0.0,
      "y" : 0.19098301,
      "z" : 0.5
    }, {
      "x" : 0.0,
      "y" : -0.19098301,
      "z" : 0.5
    }, {
      "x" : 0.309017,
      "y" : 0.309017,
      "z" : 0.309017
    }, {
      "x" : -0.309017,
      "y" : -0.309017,
      "z" : 0.309017
    }, {
      "x" : -0.309017,
      "y" : 0.309017,
      "z" : 0.309017
    }, {
      "x" : -0.5,
      "y" : 0.0,
      "z" : 0.19098301
    }, {
      "x" : 0.0,
      "y" : -0.19098301,
      "z" : -0.5
    }, {
      "x" : 0.0,
      "y" : 0.19098301,
      "z" : -0.5
    }, {
      "x" : 0.309017,
      "y" : 0.309017,
      "z" : -0.309017
    }, {
      "x" : -0.309017,
      "y" : -0.309017,
      "z" : -0.309017
    }, {
      "x" : -0.19098301,
      "y" : -0.5,
      "z" : 0.0
    }, {
      "x" : -0.5,
      "y" : 0.0,
      "z" : -0.19098301
    }, {
      "x" : 0.19098301,
      "y" : 0.5,
      "z" : 0.0
    }, {
      "x" : -0.309017,
      "y" : 0.309017,
      "z" : -0.309017
    }, {
      "x" : 0.0,
      "y" : 0.0,
      "z" : 0.0
    }, {
      "x" : -0.19098301,
      "y" : 0.5,
      "z" : 0.0
    } ],
    "faces" : [ {
      "vertices" : [ 12, 18, 20 ]
    }, {
      "vertices" : [ 12, 20, 17 ]
    }, {
      "vertices" : [ 12, 17, 13 ]
    }, {
      "vertices" : [ 3, 6, 8 ]
    }, {
      "vertices" : [ 3, 8, 15 ]
    }, {
      "vertices" : [ 3, 15, 4 ]
    }, {
      "vertices" : [ 0, 11, 12 ]
    }, {
      "vertices" : [ 0, 12, 13 ]
    }, {
      "vertices" : [ 0, 13, 1 ]
    }, {
      "vertices" : [ 5, 9, 10 ]
    }, {
      "vertices" : [ 5, 10, 8 ]
    }, {
      "vertices" : [ 5, 8, 6 ]
    }, {
      "vertices" : [ 2, 7, 5 ]
    }, {
      "vertices" : [ 2, 5, 6 ]
    }, {
      "vertices" : [ 2, 6, 3 ]
    }, {
      "vertices" : [ 11, 14, 16 ]
    }, {
      "vertices" : [ 11, 16, 18 ]
    }, {
      "vertices" : [ 11, 18, 12 ]
    }, {
      "vertices" : [ 1, 13, 17 ]
    }, {
      "vertices" : [ 1, 17, 7 ]
    }, {
      "vertices" : [ 1, 7, 2 ]
    }, {
      "vertices" : [ 9, 20, 18 ]
    }, {
      "vertices" : [ 9, 18, 16 ]
    }, {
      "vertices" : [ 9, 16, 10 ]
    }, {
      "vertices" : [ 0, 1, 2 ]
    }, {
      "vertices" : [ 0, 2, 3 ]
    }, {
      "vertices" : [ 0, 3, 4 ]
    }, {
      "vertices" : [ 5, 7, 17 ]
    }, {
      "vertices" : [ 5, 17, 20 ]
    }, {
      "vertices" : [ 5, 20, 9 ]
    }, {
      "vertices" : [ 0, 4, 15 ]
    }, {
      "vertices" : [ 0, 15, 14 ]
    }, {
      "vertices" : [ 0, 14, 11 ]
    }, {
      "vertices" : [ 8, 10, 16 ]
    }, {
      "vertices" : [ 8, 16, 14 ]
    }, {
      "vertices" : [ 8, 14, 15 ]
    } ]
  }, {
    "id" : "e881685b-4a19-4a88-8479-ebc064f518c1",
    "vertices" : [ {
      "x" : 0.9045085,
      "y" : 0.3454915,
      "z" : 0.25
    }, {
      "x" : 12.9946785,
      "y" : 7.8176274,
      "z" : 0.25
    }, {
      "x" : 12.803696,
      "y" : 8.126644,
      "z" : 0.25
    }, {
      "x" : 0.7135255,
      "y" : 0.6545085,
      "z" : 0.25
    }, {
      "x" : 0.809017,
      "y" : 0.5,
      "z" : -0.309017
    }, {
      "x" : 0.9635255,
      "y" : 0.25,
      "z" : -0.095491506
    }, {
      "x" : 0.309017,
      "y" : 0.19098301,
      "z" : 0.0
    }, {
      "x" : 13.399187,
      "y" : 8.281153,
      "z" : 0.0
    }, {
      "x" : 12.7446785,
      "y" : 8.222136,
      "z" : -0.095491506
    }, {
      "x" : 12.899187,
      "y" : 7.972136,
      "z" : -0.309017
    }, {
      "x" : 13.708204,
      "y" : 8.472136,
      "z" : 0.0
    }, {
      "x" : 0.6545085,
      "y" : 0.75,
      "z" : -0.095491506
    }, {
      "x" : 13.053696,
      "y" : 7.722136,
      "z" : -0.095491506
    } ],
    "faces" : [ {
      "vertices" : [ 4, 11, 8 ]
    }, {
      "vertices" : [ 4, 8, 9 ]
    }, {
      "vertices" : [ 0, 1, 2 ]
    }, {
      "vertices" : [ 0, 2, 3 ]
    }, {
      "vertices" : [ 0, 3, 6 ]
    }, {
      "vertices" : [ 1, 7, 2 ]
    }, {
      "vertices" : [ 0, 6, 5 ]
    }, {
      "vertices" : [ 4, 5, 6 ]
    }, {
      "vertices" : [ 2, 7, 8 ]
    }, {
      "vertices" : [ 0, 5, 12 ]
    }, {
      "vertices" : [ 0, 12, 1 ]
    }, {
      "vertices" : [ 1, 12, 7 ]
    }, {
      "vertices" : [ 3, 11, 6 ]
    }, {
      "vertices" : [ 4, 6, 11 ]
    }, {
      "vertices" : [ 7, 9, 8 ]
    }, {
      "vertices" : [ 2, 8, 11 ]
    }, {
      "vertices" : [ 2, 11, 3 ]
    }, {
      "vertices" : [ 7, 12, 9 ]
    }, {
      "vertices" : [ 4, 9, 12 ]
    }, {
      "vertices" : [ 4, 12, 5 ]
    } ]
  }, {
    "id" : "3a3d2760-b88f-43ff-9575-791720d2207e",
    "vertices" : [ {
      "x" : 13.708204,
      "y" : 0.0,
      "z" : -5.236068
    }, {
      "x" : 13.399187,
      "y" : 0.0,
      "z" : -5.118034
    }, {
      "x" : 12.9946785,
      "y" : -0.1545085,
      "z" : -4.677051
    }, {
      "x" : 12.803696,
      "y" : -0.1545085,
      "z" : -5.177051
    }, {
      "x" : 0.9045085,
      "y" : -0.1545085,
      "z" : -0.059016995
    }, {
      "x" : 0.809017,
      "y" : 0.309017,
      "z" : -0.309017
    }, {
      "x" : 0.309017,
      "y" : 0.0,
      "z" : -0.11803399
    }, {
      "x" : 12.899187,
      "y" : 0.309017,
      "z" : -4.927051
    }, {
      "x" : 0.7135255,
      "y" : -0.1545085,
      "z" : -0.559017
    } ],
    "faces" : [ {
      "vertices" : [ 2, 4, 8 ]
    }, {
      "vertices" : [ 2, 8, 3 ]
    }, {
      "vertices" : [ 2, 7, 5 ]
    }, {
      "vertices" : [ 2, 5, 4 ]
    }, {
      "vertices" : [ 4, 6, 8 ]
    }, {
      "vertices" : [ 5, 8, 6 ]
    }, {
      "vertices" : [ 1, 2, 3 ]
    }, {
      "vertices" : [ 3, 8, 5 ]
    }, {
      "vertices" : [ 3, 5, 7 ]
    }, {
      "vertices" : [ 1, 7, 2 ]
    }, {
      "vertices" : [ 1, 3, 7 ]
    }, {
      "vertices" : [ 4, 5, 6 ]
    } ]
  }, {
    "id" : "919320c8-7abe-4fd4-8781-c9e7a082d547",
    "vertices" : [ {
      "x" : 1.0,
      "y" : 0.309017,
      "z" : 0.19098301
    }, {
      "x" : 1.0,
      "y" : -0.309017,
      "z" : 0.19098301
    }, {
      "x" : 15.944272,
      "y" : -0.309017,
      "z" : 0.19098301
    }, {
      "x" : 15.944272,
      "y" : 0.309017,
      "z" : 0.19098301
    }, {
      "x" : 15.944272,
      "y" : -0.309017,
      "z" : -0.19098301
    }, {
      "x" : 15.944272,
      "y" : 0.309017,
      "z" : -0.19098301
    }, {
      "x" : 16.562305,
      "y" : 0.0,
      "z" : 0.0
    }, {
      "x" : 0.38196602,
      "y" : 0.0,
      "z" : 0.0
    }, {
      "x" : 1.0,
      "y" : 0.309017,
      "z" : -0.19098301
    }, {
      "x" : 1.0,
      "y" : -0.309017,
      "z" : -0.19098301
    }, {
      "x" : 16.944271,
      "y" : 0.0,
      "z" : 0.0
    } ],
    "faces" : [ {
      "vertices" : [ 1, 9, 4 ]
    }, {
      "vertices" : [ 1, 4, 2 ]
    }, {
      "vertices" : [ 0, 3, 5 ]
    }, {
      "vertices" : [ 0, 5, 8 ]
    }, {
      "vertices" : [ 1, 7, 9 ]
    }, {
      "vertices" : [ 0, 1, 2 ]
    }, {
      "vertices" : [ 0, 2, 3 ]
    }, {
      "vertices" : [ 7, 8, 9 ]
    }, {
      "vertices" : [ 0, 7, 1 ]
    }, {
      "vertices" : [ 4, 9, 8 ]
    }, {
      "vertices" : [ 4, 8, 5 ]
    }, {
      "vertices" : [ 2, 6, 3 ]
    }, {
      "vertices" : [ 2, 4, 6 ]
    }, {
      "vertices" : [ 3, 6, 5 ]
    }, {
      "vertices" : [ 4, 5, 6 ]
    }, {
      "vertices" : [ 0, 8, 7 ]
    } ]
  }, {
    "id" : "0bd22e0b-6129-4560-be5f-f6b748cd2ac8",
    "vertices" : [ {
      "x" : 0.9045085,
      "y" : 0.3454915,
      "z" : 0.25
    }, {
      "x" : 35.17502,
      "y" : 21.525831,
      "z" : 0.25
    }, {
      "x" : 34.984035,
      "y" : 21.834848,
      "z" : 0.25
    }, {
      "x" : 0.7135255,
      "y" : 0.6545085,
      "z" : 0.25
    }, {
      "x" : 0.809017,
      "y" : 0.5,
      "z" : -0.309017
    }, {
      "x" : 0.9635255,
      "y" : 0.25,
      "z" : -0.095491506
    }, {
      "x" : 0.309017,
      "y" : 0.19098301,
      "z" : 0.0
    }, {
      "x" : 35.579525,
      "y" : 21.989357,
      "z" : 0.0
    }, {
      "x" : 34.92502,
      "y" : 21.93034,
      "z" : -0.095491506
    }, {
      "x" : 35.079525,
      "y" : 21.68034,
      "z" : -0.309017
    }, {
      "x" : 35.888542,
      "y" : 22.18034,
      "z" : 0.0
    }, {
      "x" : 0.6545085,
      "y" : 0.75,
      "z" : -0.095491506
    }, {
      "x" : 35.234035,
      "y" : 21.43034,
      "z" : -0.095491506
    } ],
    "faces" : [ {
      "vertices" : [ 4, 11, 8 ]
    }, {
      "vertices" : [ 4, 8, 9 ]
    }, {
      "vertices" : [ 0, 1, 2 ]
    }, {
      "vertices" : [ 0, 2, 3 ]
    }, {
      "vertices" : [ 0, 3, 6 ]
    }, {
      "vertices" : [ 1, 7, 2 ]
    }, {
      "vertices" : [ 0, 6, 5 ]
    }, {
      "vertices" : [ 4, 5, 6 ]
    }, {
      "vertices" : [ 2, 7, 8 ]
    }, {
      "vertices" : [ 0, 5, 12 ]
    }, {
      "vertices" : [ 0, 12, 1 ]
    }, {
      "vertices" : [ 1, 12, 7 ]
    }, {
      "vertices" : [ 3, 11, 6 ]
    }, {
      "vertices" : [ 4, 6, 11 ]
    }, {
      "vertices" : [ 7, 9, 8 ]
    }, {
      "vertices" : [ 2, 8, 11 ]
    }, {
      "vertices" : [ 2, 11, 3 ]
    }, {
      "vertices" : [ 7, 12, 9 ]
    }, {
      "vertices" : [ 4, 9, 12 ]
    }, {
      "vertices" : [ 4, 12, 5 ]
    } ]
  }, {
    "id" : "36d1224b-43b6-4eec-ab56-5e8f7bd21cd8",
    "vertices" : [ {
      "x" : 0.9045085,
      "y" : 0.3454915,
      "z" : 0.25
    }, {
      "x" : 21.466814,
      "y" : 13.053696,
      "z" : 0.25
    }, {
      "x" : 21.275831,
      "y" : 13.362713,
      "z" : 0.25
    }, {
      "x" : 0.7135255,
      "y" : 0.6545085,
      "z" : 0.25
    }, {
      "x" : 0.809017,
      "y" : 0.5,
      "z" : -0.309017
    }, {
      "x" : 0.9635255,
      "y" : 0.25,
      "z" : -0.095491506
    }, {
      "x" : 0.309017,
      "y" : 0.19098301,
      "z" : 0.0
    }, {
      "x" : 21.871323,
      "y" : 13.5172205,
      "z" : 0.0
    }, {
      "x" : 21.216814,
      "y" : 13.458204,
      "z" : -0.095491506
    }, {
      "x" : 21.371323,
      "y" : 13.208204,
      "z" : -0.309017
    }, {
      "x" : 22.18034,
      "y" : 13.708204,
      "z" : 0.0
    }, {
      "x" : 0.6545085,
      "y" : 0.75,
      "z" : -0.095491506
    }, {
      "x" : 21.525831,
      "y" : 12.958204,
      "z" : -0.095491506
    } ],
    "faces" : [ {
      "vertices" : [ 4, 11, 8 ]
    }, {
      "vertices" : [ 4, 8, 9 ]
    }, {
      "vertices" : [ 0, 1, 2 ]
    }, {
      "vertices" : [ 0, 2, 3 ]
    }, {
      "vertices" : [ 0, 3, 6 ]
    }, {
      "vertices" : [ 1, 7, 2 ]
    }, {
      "vertices" : [ 0, 6, 5 ]
    }, {
      "vertices" : [ 4, 5, 6 ]
    }, {
      "vertices" : [ 2, 7, 8 ]
    }, {
      "vertices" : [ 0, 5, 12 ]
    }, {
      "vertices" : [ 0, 12, 1 ]
    }, {
      "vertices" : [ 1, 12, 7 ]
    }, {
      "vertices" : [ 3, 11, 6 ]
    }, {
      "vertices" : [ 4, 6, 11 ]
    }, {
      "vertices" : [ 7, 9, 8 ]
    }, {
      "vertices" : [ 2, 8, 11 ]
    }, {
      "vertices" : [ 2, 11, 3 ]
    }, {
      "vertices" : [ 7, 12, 9 ]
    }, {
      "vertices" : [ 4, 9, 12 ]
    }, {
      "vertices" : [ 4, 12, 5 ]
    } ]
  }, {
    "id" : "90fd2307-77c0-4b6a-8ae1-85c49a7cb7fc",
    "vertices" : [ {
      "x" : -22.18034,
      "y" : -22.18034,
      "z" : -22.18034
    }, {
      "x" : -22.18034,
      "y" : 0.0,
      "z" : -35.888542
    }, {
      "x" : 0.0,
      "y" : -13.708204,
      "z" : -35.888542
    }, {
      "x" : 0.0,
      "y" : -35.888542,
      "z" : -22.18034
    } ],
    "faces" : [ {
      "vertices" : [ 0, 1, 2 ]
    }, {
      "vertices" : [ 0, 2, 3 ]
    }, {
      "vertices" : [ 0, 3, 2 ]
    }, {
      "vertices" : [ 0, 2, 1 ]
    } ]
  }, {
    "id" : "c9a2a72b-6bc0-4027-9ae3-f6d8448bf9b4",
    "vertices" : [ {
      "x" : -22.18034,
      "y" : 22.18034,
      "z" : 22.18034
    }, {
      "x" : -22.18034,
      "y" : 0.0,
      "z" : 35.888542
    }, {
      "x" : 0.0,
      "y" : 13.708204,
      "z" : 35.888542
    }, {
      "x" : 0.0,
      "y" : 35.888542,
      "z" : 22.18034
    } ],
    "faces" : [ {
      "vertices" : [ 0, 1, 2 ]
    }, {
      "vertices" : [ 0, 2, 3 ]
    }, {
      "vertices" : [ 0, 3, 2 ]
    }, {
      "vertices" : [ 0, 2, 1 ]
    } ]
  }, {
    "id" : "8ef3721b-7ae7-4f35-a78b-a8e24361e294",
    "vertices" : [ {
      "x" : 13.708204,
      "y" : 35.888542,
      "z" : 0.0
    }, {
      "x" : 0.0,
      "y" : 35.888542,
      "z" : 22.18034
    }, {
      "x" : 22.18034,
      "y" : 22.18034,
      "z" : 22.18034
    }, {
      "x" : 35.888542,
      "y" : 22.18034,
      "z" : 0.0
    } ],
    "faces" : [ {
      "vertices" : [ 0, 1, 2 ]
    }, {
      "vertices" : [ 0, 2, 3 ]
    }, {
      "vertices" : [ 0, 3, 2 ]
    }, {
      "vertices" : [ 0, 2, 1 ]
    } ]
  }, {
    "id" : "a9c1c086-8699-455f-b192-4469979b263f",
    "vertices" : [ {
      "x" : 0.0,
      "y" : 13.708204,
      "z" : -35.888542
    }, {
      "x" : 0.0,
      "y" : 35.888542,
      "z" : -22.18034
    }, {
      "x" : 22.18034,
      "y" : 22.18034,
      "z" : -22.18034
    }, {
      "x" : 22.18034,
      "y" : 0.0,
      "z" : -35.888542
    } ],
    "faces" : [ {
      "vertices" : [ 0, 1, 2 ]
    }, {
      "vertices" : [ 0, 2, 3 ]
    }, {
      "vertices" : [ 0, 3, 2 ]
    }, {
      "vertices" : [ 0, 2, 1 ]
    } ]
  }, {
    "id" : "c4cf3a51-299a-45c9-9a3c-361522f6422e",
    "vertices" : [ {
      "x" : 22.18034,
      "y" : -22.18034,
      "z" : 22.18034
    }, {
      "x" : 0.0,
      "y" : -35.888542,
      "z" : 22.18034
    }, {
      "x" : 13.708204,
      "y" : -35.888542,
      "z" : 0.0
    }, {
      "x" : 35.888542,
      "y" : -22.18034,
      "z" : 0.0
    } ],
    "faces" : [ {
      "vertices" : [ 0, 1, 2 ]
    }, {
      "vertices" : [ 0, 2, 3 ]
    }, {
      "vertices" : [ 0, 3, 2 ]
    }, {
      "vertices" : [ 0, 2, 1 ]
    } ]
  }, {
    "id" : "f973c64a-739d-474b-901e-07af01b9262e",
    "vertices" : [ {
      "x" : 13.708204,
      "y" : 35.888542,
      "z" : 0.0
    }, {
      "x" : 0.0,
      "y" : 35.888542,
      "z" : -22.18034
    }, {
      "x" : -13.708204,
      "y" : 35.888542,
      "z" : 0.0
    }, {
      "x" : 0.0,
      "y" : 35.888542,
      "z" : 22.18034
    } ],
    "faces" : [ {
      "vertices" : [ 0, 1, 2 ]
    }, {
      "vertices" : [ 0, 2, 3 ]
    }, {
      "vertices" : [ 0, 3, 2 ]
    }, {
      "vertices" : [ 0, 2, 1 ]
    } ]
  }, {
    "id" : "e123b8d0-116f-4488-82d8-25fda4f6ae7f",
    "vertices" : [ {
      "x" : 0.0,
      "y" : -13.708204,
      "z" : -35.888542
    }, {
      "x" : -22.18034,
      "y" : 0.0,
      "z" : -35.888542
    }, {
      "x" : 0.0,
      "y" : 13.708204,
      "z" : -35.888542
    }, {
      "x" : 22.18034,
      "y" : 0.0,
      "z" : -35.888542
    } ],
    "faces" : [ {
      "vertices" : [ 0, 1, 2 ]
    }, {
      "vertices" : [ 0, 2, 3 ]
    }, {
      "vertices" : [ 0, 3, 2 ]
    }, {
      "vertices" : [ 0, 2, 1 ]
    } ]
  }, {
    "id" : "1090f65b-a380-4847-9e50-b29a6741efe0",
    "vertices" : [ {
      "x" : 0.0,
      "y" : 13.708204,
      "z" : -35.888542
    }, {
      "x" : -22.18034,
      "y" : 0.0,
      "z" : -35.888542
    }, {
      "x" : -22.18034,
      "y" : 22.18034,
      "z" : -22.18034
    }, {
      "x" : 0.0,
      "y" : 35.888542,
      "z" : -22.18034
    } ],
    "faces" : [ {
      "vertices" : [ 0, 1, 2 ]
    }, {
      "vertices" : [ 0, 2, 3 ]
    }, {
      "vertices" : [ 0, 3, 2 ]
    }, {
      "vertices" : [ 0, 2, 1 ]
    } ]
  }, {
    "id" : "92bdd7c8-23f2-404d-9a68-6fd7ec73a36c",
    "vertices" : [ {
      "x" : 13.708204,
      "y" : -35.888542,
      "z" : 0.0
    }, {
      "x" : 0.0,
      "y" : -35.888542,
      "z" : 22.18034
    }, {
      "x" : -13.708204,
      "y" : -35.888542,
      "z" : 0.0
    }, {
      "x" : 0.0,
      "y" : -35.888542,
      "z" : -22.18034
    } ],
    "faces" : [ {
      "vertices" : [ 0, 1, 2 ]
    }, {
      "vertices" : [ 0, 2, 3 ]
    }, {
      "vertices" : [ 0, 3, 2 ]
    }, {
      "vertices" : [ 0, 2, 1 ]
    } ]
  }, {
    "id" : "ce3edc09-77b4-4ddc-be8f-84c3fd886ca4",
    "vertices" : [ {
      "x" : 0.0,
      "y" : -13.708204,
      "z" : 35.888542
    }, {
      "x" : -22.18034,
      "y" : 0.0,
      "z" : 35.888542
    }, {
      "x" : -22.18034,
      "y" : -22.18034,
      "z" : 22.18034
    }, {
      "x" : 0.0,
      "y" : -35.888542,
      "z" : 22.18034
    } ],
    "faces" : [ {
      "vertices" : [ 0, 1, 2 ]
    }, {
      "vertices" : [ 0, 2, 3 ]
    }, {
      "vertices" : [ 0, 3, 2 ]
    }, {
      "vertices" : [ 0, 2, 1 ]
    } ]
  }, {
    "id" : "09d70868-d26b-4d86-bd2f-5de1a4ac8a28",
    "vertices" : [ {
      "x" : -13.708204,
      "y" : 35.888542,
      "z" : 0.0
    }, {
      "x" : -35.888542,
      "y" : 22.18034,
      "z" : 0.0
    }, {
      "x" : -22.18034,
      "y" : 22.18034,
      "z" : 22.18034
    }, {
      "x" : 0.0,
      "y" : 35.888542,
      "z" : 22.18034
    } ],
    "faces" : [ {
      "vertices" : [ 0, 1, 2 ]
    }, {
      "vertices" : [ 0, 2, 3 ]
    }, {
      "vertices" : [ 0, 3, 2 ]
    }, {
      "vertices" : [ 0, 2, 1 ]
    } ]
  }, {
    "id" : "8cddec12-4cfe-4902-b657-9034633c37e4",
    "vertices" : [ {
      "x" : -35.888542,
      "y" : 0.0,
      "z" : 13.708204
    }, {
      "x" : -35.888542,
      "y" : -22.18034,
      "z" : 0.0
    }, {
      "x" : -22.18034,
      "y" : -22.18034,
      "z" : 22.18034
    }, {
      "x" : -22.18034,
      "y" : 0.0,
      "z" : 35.888542
    } ],
    "faces" : [ {
      "vertices" : [ 0, 1, 2 ]
    }, {
      "vertices" : [ 0, 2, 3 ]
    }, {
      "vertices" : [ 0, 3, 2 ]
    }, {
      "vertices" : [ 0, 2, 1 ]
    } ]
  }, {
    "id" : "b2e990df-7eae-4ec7-8a81-356caa9fe6a0",
    "vertices" : [ {
      "x" : 13.708204,
      "y" : -35.888542,
      "z" : 0.0
    }, {
      "x" : 0.0,
      "y" : -35.888542,
      "z" : -22.18034
    }, {
      "x" : 22.18034,
      "y" : -22.18034,
      "z" : -22.18034
    }, {
      "x" : 35.888542,
      "y" : -22.18034,
      "z" : 0.0
    } ],
    "faces" : [ {
      "vertices" : [ 0, 1, 2 ]
    }, {
      "vertices" : [ 0, 2, 3 ]
    }, {
      "vertices" : [ 0, 3, 2 ]
    }, {
      "vertices" : [ 0, 2, 1 ]
    } ]
  }, {
    "id" : "131d66ee-8903-4527-80ba-2a1ad3416cf1",
    "vertices" : [ {
      "x" : 22.18034,
      "y" : -22.18034,
      "z" : 22.18034
    }, {
      "x" : 35.888542,
      "y" : -22.18034,
      "z" : 0.0
    }, {
      "x" : 35.888542,
      "y" : 0.0,
      "z" : 13.708204
    }, {
      "x" : 22.18034,
      "y" : 0.0,
      "z" : 35.888542
    } ],
    "faces" : [ {
      "vertices" : [ 0, 1, 2 ]
    }, {
      "vertices" : [ 0, 2, 3 ]
    }, {
      "vertices" : [ 0, 3, 2 ]
    }, {
      "vertices" : [ 0, 2, 1 ]
    } ]
  }, {
    "id" : "8bc2841c-d552-49c6-83c7-c9d6153531c1",
    "vertices" : [ {
      "x" : 35.888542,
      "y" : -13.708204,
      "z" : 22.18034
    }, {
      "x" : 44.36068,
      "y" : -22.18034,
      "z" : 13.708204
    }, {
      "x" : 35.888542,
      "y" : -35.888542,
      "z" : 8.472136
    } ],
    "faces" : [ {
      "vertices" : [ 0, 1, 2 ]
    }, {
      "vertices" : [ 0, 2, 1 ]
    } ]
  }, {
    "id" : "68bf6fe1-6917-44a9-a7c6-b32278407d57",
    "vertices" : [ {
      "x" : 44.36068,
      "y" : 22.18034,
      "z" : -13.708204
    }, {
      "x" : 35.888542,
      "y" : 13.708204,
      "z" : -22.18034
    }, {
      "x" : 35.888542,
      "y" : -35.888542,
      "z" : 8.472136
    }, {
      "x" : 44.36068,
      "y" : -22.18034,
      "z" : 13.708204
    } ],
    "faces" : [ {
      "vertices" : [ 0, 1, 2 ]
    }, {
      "vertices" : [ 0, 2, 3 ]
    }, {
      "vertices" : [ 0, 3, 2 ]
    }, {
      "vertices" : [ 0, 2, 1 ]
    } ]
  }, {
    "id" : "3a01a87d-bb87-4358-91b8-101dea73b87d",
    "vertices" : [ {
      "x" : 35.888542,
      "y" : 0.0,
      "z" : 13.708204
    }, {
      "x" : 35.888542,
      "y" : 22.18034,
      "z" : 0.0
    }, {
      "x" : 22.18034,
      "y" : 22.18034,
      "z" : 22.18034
    }, {
      "x" : 22.18034,
      "y" : 0.0,
      "z" : 35.888542
    } ],
    "faces" : [ {
      "vertices" : [ 0, 1, 2 ]
    }, {
      "vertices" : [ 0, 2, 3 ]
    }, {
      "vertices" : [ 0, 3, 2 ]
    }, {
      "vertices" : [ 0, 2, 1 ]
    } ]
  }, {
    "id" : "ab567830-5906-40b2-9205-841bdab2c140",
    "vertices" : [ {
      "x" : 35.888542,
      "y" : 0.0,
      "z" : 13.708204
    }, {
      "x" : 35.888542,
      "y" : -22.18034,
      "z" : 0.0
    }, {
      "x" : 35.888542,
      "y" : 0.0,
      "z" : -13.708204
    }, {
      "x" : 35.888542,
      "y" : 22.18034,
      "z" : 0.0
    } ],
    "faces" : [ {
      "vertices" : [ 0, 1, 2 ]
    }, {
      "vertices" : [ 0, 2, 3 ]
    }, {
      "vertices" : [ 0, 3, 2 ]
    }, {
      "vertices" : [ 0, 2, 1 ]
    } ]
  }, {
    "id" : "6cf2de48-a476-4dbb-b8dd-365758f43161",
    "vertices" : [ {
      "x" : 22.18034,
      "y" : 22.18034,
      "z" : -22.18034
    }, {
      "x" : 0.0,
      "y" : 35.888542,
      "z" : -22.18034
    }, {
      "x" : 13.708204,
      "y" : 35.888542,
      "z" : 0.0
    }, {
      "x" : 35.888542,
      "y" : 22.18034,
      "z" : 0.0
    } ],
    "faces" : [ {
      "vertices" : [ 0, 1, 2 ]
    }, {
      "vertices" : [ 0, 2, 3 ]
    }, {
      "vertices" : [ 0, 3, 2 ]
    }, {
      "vertices" : [ 0, 2, 1 ]
    } ]
  }, {
    "id" : "605916b5-691a-4b32-b563-20770e331a60",
    "vertices" : [ {
      "x" : -35.888542,
      "y" : 0.0,
      "z" : -13.708204
    }, {
      "x" : -22.18034,
      "y" : 0.0,
      "z" : -35.888542
    }, {
      "x" : -22.18034,
      "y" : -22.18034,
      "z" : -22.18034
    }, {
      "x" : -35.888542,
      "y" : -22.18034,
      "z" : 0.0
    } ],
    "faces" : [ {
      "vertices" : [ 0, 1, 2 ]
    }, {
      "vertices" : [ 0, 2, 3 ]
    }, {
      "vertices" : [ 0, 3, 2 ]
    }, {
      "vertices" : [ 0, 2, 1 ]
    } ]
  }, {
    "id" : "79fbf405-d259-42bc-b8b3-f8305162fae8",
    "vertices" : [ {
      "x" : 0.0,
      "y" : -13.708204,
      "z" : 35.888542
    }, {
      "x" : 0.0,
      "y" : -35.888542,
      "z" : 22.18034
    }, {
      "x" : 22.18034,
      "y" : -22.18034,
      "z" : 22.18034
    }, {
      "x" : 22.18034,
      "y" : 0.0,
      "z" : 35.888542
    } ],
    "faces" : [ {
      "vertices" : [ 0, 1, 2 ]
    }, {
      "vertices" : [ 0, 2, 3 ]
    }, {
      "vertices" : [ 0, 3, 2 ]
    }, {
      "vertices" : [ 0, 2, 1 ]
    } ]
  }, {
    "id" : "020d9b43-ed08-404c-ba4b-072189c42796",
    "vertices" : [ {
      "x" : 0.0,
      "y" : -13.708204,
      "z" : -35.888542
    }, {
      "x" : 22.18034,
      "y" : 0.0,
      "z" : -35.888542
    }, {
      "x" : 22.18034,
      "y" : -22.18034,
      "z" : -22.18034
    }, {
      "x" : 0.0,
      "y" : -35.888542,
      "z" : -22.18034
    } ],
    "faces" : [ {
      "vertices" : [ 0, 1, 2 ]
    }, {
      "vertices" : [ 0, 2, 3 ]
    }, {
      "vertices" : [ 0, 3, 2 ]
    }, {
      "vertices" : [ 0, 2, 1 ]
    } ]
  }, {
    "id" : "1a09a37e-36e4-4b68-9039-20ef3c55e452",
    "vertices" : [ {
      "x" : -13.708204,
      "y" : -35.888542,
      "z" : 0.0
    }, {
      "x" : -35.888542,
      "y" : -22.18034,
      "z" : 0.0
    }, {
      "x" : -22.18034,
      "y" : -22.18034,
      "z" : -22.18034
    }, {
      "x" : 0.0,
      "y" : -35.888542,
      "z" : -22.18034
    } ],
    "faces" : [ {
      "vertices" : [ 0, 1, 2 ]
    }, {
      "vertices" : [ 0, 2, 3 ]
    }, {
      "vertices" : [ 0, 3, 2 ]
    }, {
      "vertices" : [ 0, 2, 1 ]
    } ]
  }, {
    "id" : "72b288d1-8cd1-4c56-9ea0-dde09a3df3b6",
    "vertices" : [ {
      "x" : -13.708204,
      "y" : -35.888542,
      "z" : 0.0
    }, {
      "x" : 0.0,
      "y" : -35.888542,
      "z" : 22.18034
    }, {
      "x" : -22.18034,
      "y" : -22.18034,
      "z" : 22.18034
    }, {
      "x" : -35.888542,
      "y" : -22.18034,
      "z" : 0.0
    } ],
    "faces" : [ {
      "vertices" : [ 0, 1, 2 ]
    }, {
      "vertices" : [ 0, 2, 3 ]
    }, {
      "vertices" : [ 0, 3, 2 ]
    }, {
      "vertices" : [ 0, 2, 1 ]
    } ]
  }, {
    "id" : "d37c733d-b0b6-4d26-9828-d85180dcddd3",
    "vertices" : [ {
      "x" : -35.888542,
      "y" : 0.0,
      "z" : 13.708204
    }, {
      "x" : -35.888542,
      "y" : 22.18034,
      "z" : 0.0
    }, {
      "x" : -35.888542,
      "y" : 0.0,
      "z" : -13.708204
    }, {
      "x" : -35.888542,
      "y" : -22.18034,
      "z" : 0.0
    } ],
    "faces" : [ {
      "vertices" : [ 0, 1, 2 ]
    }, {
      "vertices" : [ 0, 2, 3 ]
    }, {
      "vertices" : [ 0, 3, 2 ]
    }, {
      "vertices" : [ 0, 2, 1 ]
    } ]
  }, {
    "id" : "f2caf554-03e2-4634-af5d-27a55c869647",
    "vertices" : [ {
      "x" : -22.18034,
      "y" : 22.18034,
      "z" : 22.18034
    }, {
      "x" : -35.888542,
      "y" : 22.18034,
      "z" : 0.0
    }, {
      "x" : -35.888542,
      "y" : 0.0,
      "z" : 13.708204
    }, {
      "x" : -22.18034,
      "y" : 0.0,
      "z" : 35.888542
    } ],
    "faces" : [ {
      "vertices" : [ 0, 1, 2 ]
    }, {
      "vertices" : [ 0, 2, 3 ]
    }, {
      "vertices" : [ 0, 3, 2 ]
    }, {
      "vertices" : [ 0, 2, 1 ]
    } ]
  }, {
    "id" : "290560f0-6b20-4464-bb56-83710e06751c",
    "vertices" : [ {
      "x" : -13.708204,
      "y" : 35.888542,
      "z" : 0.0
    }, {
      "x" : 0.0,
      "y" : 35.888542,
      "z" : -22.18034
    }, {
      "x" : -22.18034,
      "y" : 22.18034,
      "z" : -22.18034
    }, {
      "x" : -35.888542,
      "y" : 22.18034,
      "z" : 0.0
    } ],
    "faces" : [ {
      "vertices" : [ 0, 1, 2 ]
    }, {
      "vertices" : [ 0, 2, 3 ]
    }, {
      "vertices" : [ 0, 3, 2 ]
    }, {
      "vertices" : [ 0, 2, 1 ]
    } ]
  }, {
    "id" : "3f7915f8-43cc-427f-adb0-d865b3fc5c79",
    "vertices" : [ {
      "x" : 35.888542,
      "y" : 13.708204,
      "z" : -22.18034
    }, {
      "x" : 44.36068,
      "y" : 22.18034,
      "z" : -13.708204
    }, {
      "x" : 35.888542,
      "y" : 35.888542,
      "z" : -8.472136
    } ],
    "faces" : [ {
      "vertices" : [ 0, 1, 2 ]
    }, {
      "vertices" : [ 0, 2, 1 ]
    } ]
  }, {
    "id" : "2222b942-f79e-402a-aac6-05a5dd506581",
    "vertices" : [ {
      "x" : -35.888542,
      "y" : 0.0,
      "z" : -13.708204
    }, {
      "x" : -35.888542,
      "y" : 22.18034,
      "z" : 0.0
    }, {
      "x" : -22.18034,
      "y" : 22.18034,
      "z" : -22.18034
    }, {
      "x" : -22.18034,
      "y" : 0.0,
      "z" : -35.888542
    } ],
    "faces" : [ {
      "vertices" : [ 0, 1, 2 ]
    }, {
      "vertices" : [ 0, 2, 3 ]
    }, {
      "vertices" : [ 0, 3, 2 ]
    }, {
      "vertices" : [ 0, 2, 1 ]
    } ]
  }, {
    "id" : "634acfe8-8025-43d6-8291-ab7e2d3dbaff",
    "vertices" : [ {
      "x" : 35.888542,
      "y" : 0.0,
      "z" : -13.708204
    }, {
      "x" : 22.18034,
      "y" : 0.0,
      "z" : -35.888542
    }, {
      "x" : 22.18034,
      "y" : 22.18034,
      "z" : -22.18034
    }, {
      "x" : 35.888542,
      "y" : 22.18034,
      "z" : 0.0
    } ],
    "faces" : [ {
      "vertices" : [ 0, 1, 2 ]
    }, {
      "vertices" : [ 0, 2, 3 ]
    }, {
      "vertices" : [ 0, 3, 2 ]
    }, {
      "vertices" : [ 0, 2, 1 ]
    } ]
  }, {
    "id" : "d8d73c5c-dfe5-46eb-b09e-4303ddc1dafc",
    "vertices" : [ {
      "x" : 0.0,
      "y" : 13.708204,
      "z" : 35.888542
    }, {
      "x" : 22.18034,
      "y" : 0.0,
      "z" : 35.888542
    }, {
      "x" : 22.18034,
      "y" : 22.18034,
      "z" : 22.18034
    }, {
      "x" : 0.0,
      "y" : 35.888542,
      "z" : 22.18034
    } ],
    "faces" : [ {
      "vertices" : [ 0, 1, 2 ]
    }, {
      "vertices" : [ 0, 2, 3 ]
    }, {
      "vertices" : [ 0, 3, 2 ]
    }, {
      "vertices" : [ 0, 2, 1 ]
    } ]
  }, {
    "id" : "300dd2ed-4187-48d5-818e-fbba93aa61fd",
    "vertices" : [ {
      "x" : 35.888542,
      "y" : 0.0,
      "z" : -13.708204
    }, {
      "x" : 35.888542,
      "y" : -22.18034,
      "z" : 0.0
    }, {
      "x" : 22.18034,
      "y" : -22.18034,
      "z" : -22.18034
    }, {
      "x" : 22.18034,
      "y" : 0.0,
      "z" : -35.888542
    } ],
    "faces" : [ {
      "vertices" : [ 0, 1, 2 ]
    }, {
      "vertices" : [ 0, 2, 3 ]
    }, {
      "vertices" : [ 0, 3, 2 ]
    }, {
      "vertices" : [ 0, 2, 1 ]
    } ]
  }, {
    "id" : "1b2de35f-c1eb-4b5d-af64-446640e3dd7c",
    "vertices" : [ {
      "x" : 0.0,
      "y" : 13.708204,
      "z" : 35.888542
    }, {
      "x" : -22.18034,
      "y" : 0.0,
      "z" : 35.888542
    }, {
      "x" : 0.0,
      "y" : -13.708204,
      "z" : 35.888542
    }, {
      "x" : 22.18034,
      "y" : 0.0,
      "z" : 35.888542
    } ],
    "faces" : [ {
      "vertices" : [ 0, 1, 2 ]
    }, {
      "vertices" : [ 0, 2, 3 ]
    }, {
      "vertices" : [ 0, 3, 2 ]
    }, {
      "vertices" : [ 0, 2, 1 ]
    } ]
  }, {
    "id" : "fdae7f9b-f874-45c3-99d7-4cb7e35201b0",
    "vertices" : [ {
      "x" : 44.36068,
      "y" : -22.18034,
      "z" : 13.708204
    }, {
      "x" : 35.888542,
      "y" : -13.708204,
      "z" : 22.18034
    }, {
      "x" : 35.888542,
      "y" : 35.888542,
      "z" : -8.472136
    }, {
      "x" : 44.36068,
      "y" : 22.18034,
      "z" : -13.708204
    } ],
    "faces" : [ {
      "vertices" : [ 0, 1, 2 ]
    }, {
      "vertices" : [ 0, 2, 3 ]
    }, {
      "vertices" : [ 0, 3, 2 ]
    }, {
      "vertices" : [ 0, 2, 1 ]
    } ]
  } ],
  "instances" : [ {
    "shape" : "39b5591e-043d-4939-948d-af41f8a78e6c",
    "color" : "#FFFFFF",
    "position" : {
      "x" : 44.36068,
      "y" : -22.18034,
      "z" : -13.708204
    }
  }, {
    "shape" : "e881685b-4a19-4a88-8479-ebc064f518c1",
    "color" : "#AF0000",
    "position" : {
      "x" : -22.18034,
      "y" : -35.888542,
      "z" : 13.708204
    },
    "orientation" : 17
  }, {
    "shape" : "3a3d2760-b88f-43ff-9575-791720d2207e",
    "color" : "#F0A000",
    "position" : {
      "x" : 13.708204,
      "y" : -44.36068,
      "z" : -22.18034
    },
    "orientation" : 9
  }, {
    "shape" : "919320c8-7abe-4fd4-8781-c9e7a082d547",
    "color" : "#007695",
    "position" : {
      "x" : 35.888542,
      "y" : 8.472136,
      "z" : 35.888542
    },
    "orientation" : 16
  }, {
    "shape" : "e881685b-4a19-4a88-8479-ebc064f518c1",
    "color" : "#AF0000",
    "position" : {
      "x" : 0.0,
      "y" : 44.36068,
      "z" : 0.0
    },
    "orientation" : 15
  }, {
    "shape" : "919320c8-7abe-4fd4-8781-c9e7a082d547",
    "color" : "#007695",
    "position" : {
      "x" : 0.0,
      "y" : 49.59675,
      "z" : -13.708204
    },
    "orientation" : 53
  }, {
    "shape" : "3a3d2760-b88f-43ff-9575-791720d2207e",
    "color" : "#F0A000",
    "position" : {
      "x" : 35.888542,
      "y" : 8.472136,
      "z" : 35.888542
    },
    "orientation" : 17
  }, {
    "shape" : "e881685b-4a19-4a88-8479-ebc064f518c1",
    "color" : "#AF0000",
    "position" : {
      "x" : 13.708204,
      "y" : 22.18034,
      "z" : -35.888542
    },
    "orientation" : 30
  }, {
    "shape" : "39b5591e-043d-4939-948d-af41f8a78e6c",
    "color" : "#FFFFFF",
    "position" : {
      "x" : -49.59675,
      "y" : -13.708204,
      "z" : 0.0
    }
  }, {
    "shape" : "39b5591e-043d-4939-948d-af41f8a78e6c",
    "color" : "#FFFFFF",
    "position" : {
      "x" : -35.888542,
      "y" : -35.888542,
      "z" : 8.472136
    }
  }, {
    "shape" : "e881685b-4a19-4a88-8479-ebc064f518c1",
    "color" : "#AF0000",
    "position" : {
      "x" : -35.888542,
      "y" : -13.708204,
      "z" : 22.18034
    },
    "orientation" : 15
  }, {
    "shape" : "0bd22e0b-6129-4560-be5f-f6b748cd2ac8",
    "color" : "#AF0000",
    "position" : {
      "x" : 22.18034,
