{
  "polygons" : "true",
  "field" : "golden",
  "symmetry" : "icosahedral",
  "orientations" : [ [ 1.0, 0.0, 0.0, 0.0, 0.0, 1.0, 0.0, 0.0, 0.0, 0.0, 1.0, 0.0, 0.0, 0.0, 0.0, 1.0 ], [ 0.0, 0.0, 1.0, 0.0, 1.0, 0.0, 0.0, 0.0, 0.0, 1.0, 0.0, 0.0, 0.0, 0.0, 0.0, 1.0 ], [ 0.0, 1.0, 0.0, 0.0, 0.0, 0.0, 1.0, 0.0, 1.0, 0.0, 0.0, 0.0, 0.0, 0.0, 0.0, 1.0 ], [ 0.809017, 0.309017, 0.5, 0.0, 0.309017, 0.5, -0.809017, 0.0, -0.5, 0.809017, 0.309017, 0.0, 0.0, 0.0, 0.0, 1.0 ], [ -0.5, 0.809017, 0.309017, 0.0, 0.809017, 0.309017, 0.5, 0.0, 0.309017, 0.5, -0.809017, 0.0, 0.0, 0.0, 0.0, 1.0 ], [ 0.309017, 0.5, -0.809017, 0.0, -0.5, 0.809017, 0.309017, 0.0, 0.809017, 0.309017, 0.5, 0.0, 0.0, 0.0, 0.0, 1.0 ], [ 0.5, 0.809017, 0.309017, 0.0, 0.809017, -0.309017, -0.5, 0.0, -0.309017, 0.5, -0.809017, 0.0, 0.0, 0.0, 0.0, 1.0 ], [ -0.309017, 0.5, -0.809017, 0.0, 0.5, 0.809017, 0.309017, 0.0, 0.809017, -0.309017, -0.5, 0.0, 0.0, 0.0, 0.0, 1.0 ], [ 0.809017, -0.309017, -0.5, 0.0, -0.309017, 0.5, -0.809017, 0.0, 0.5, 0.809017, 0.309017, 0.0, 0.0, 0.0, 0.0, 1.0 ], [ 0.5, 0.809017, -0.309017, 0.0, 0.809017, -0.309017, 0.5, 0.0, 0.309017, -0.5, -0.809017, 0.0, 0.0, 0.0, 0.0, 1.0 ], [ 0.309017, -0.5, -0.809017, 0.0, 0.5, 0.809017, -0.309017, 0.0, 0.809017, -0.309017, 0.5, 0.0, 0.0, 0.0, 0.0, 1.0 ], [ 0.809017, -0.309017, 0.5, 0.0, 0.309017, -0.5, -0.809017, 0.0, 0.5, 0.809017, -0.309017, 0.0, 0.0, 0.0, 0.0, 1.0 ], [ 0.809017, 0.309017, -0.5, 0.0, 0.309017, 0.5, 0.809017, 0.0, 0.5, -0.809017, 0.309017, 0.0, 0.0, 0.0, 0.0, 1.0 ], [ 0.5, -0.809017, 0.309017, 0.0, 0.809017, 0.309017, -0.5, 0.0, 0.309017, 0.5, 0.809017, 0.0, 0.0, 0.0, 0.0, 1.0 ], [ 0.309017, 0.5, 0.809017, 0.0, 0.5, -0.809017, 0.309017, 0.0, 0.809017, 0.309017, -0.5, 0.0, 0.0, 0.0, 0.0, 1.0 ], [ 1.0, 0.0, 0.0, 0.0, 0.0, -1.0, 0.0, 0.0, 0.0, 0.0, -1.0, 0.0, 0.0, 0.0, 0.0, 1.0 ], [ 0.0, 0.0, 1.0, 0.0, -1.0, 0.0, 0.0, 0.0, 0.0, -1.0, 0.0, 0.0, 0.0, 0.0, 0.0, 1.0 ], [ 0.0, 1.0, 0.0, 0.0, 0.0, 0.0, -1.0, 0.0, -1.0, 0.0, 0.0, 0.0, 0.0, 0.0, 0.0, 1.0 ], [ 0.809017, 0.309017, 0.5, 0.0, -0.309017, -0.5, 0.809017, 0.0, 0.5, -0.809017, -0.309017, 0.0, 0.0, 0.0, 0.0, 1.0 ], [ -0.5, 0.809017, 0.309017, 0.0, -0.809017, -0.309017, -0.5, 0.0, -0.309017, -0.5, 0.809017, 0.0, 0.0, 0.0, 0.0, 1.0 ], [ 0.309017, 0.5, -0.809017, 0.0, 0.5, -0.809017, -0.309017, 0.0, -0.809017, -0.309017, -0.5, 0.0, 0.0, 0.0, 0.0, 1.0 ], [ 0.5, 0.809017, 0.309017, 0.0, -0.809017, 0.309017, 0.5, 0.0, 0.309017, -0.5, 0.809017, 0.0, 0.0, 0.0, 0.0, 1.0 ], [ -0.309017, 0.5, -0.809017, 0.0, -0.5, -0.809017, -0.309017, 0.0, -0.809017, 0.309017, 0.5, 0.0, 0.0, 0.0, 0.0, 1.0 ], [ 0.809017, -0.309017, -0.5, 0.0, 0.309017, -0.5, 0.809017, 0.0, -0.5, -0.809017, -0.309017, 0.0, 0.0, 0.0, 0.0, 1.0 ], [ 0.5, 0.809017, -0.309017, 0.0, -0.809017, 0.309017, -0.5, 0.0, -0.309017, 0.5, 0.809017, 0.0, 0.0, 0.0, 0.0, 1.0 ], [ 0.309017, -0.5, -0.809017, 0.0, -0.5, -0.809017, 0.309017, 0.0, -0.809017, 0.309017, -0.5, 0.0, 0.0, 0.0, 0.0, 1.0 ], [ 0.809017, -0.309017, 0.5, 0.0, -0.309017, 0.5, 0.809017, 0.0, -0.5, -0.809017, 0.309017, 0.0, 0.0, 0.0, 0.0, 1.0 ], [ 0.809017, 0.309017, -0.5, 0.0, -0.309017, -0.5, -0.809017, 0.0, -0.5, 0.809017, -0.309017, 0.0, 0.0, 0.0, 0.0, 1.0 ], [ 0.5, -0.809017, 0.309017, 0.0, -0.809017, -0.309017, 0.5, 0.0, -0.309017, -0.5, -0.809017, 0.0, 0.0, 0.0, 0.0, 1.0 ], [ 0.309017, 0.5, 0.809017, 0.0, -0.5, 0.809017, -0.309017, 0.0, -0.809017, -0.309017, 0.5, 0.0, 0.0, 0.0, 0.0, 1.0 ], [ -1.0, 0.0, 0.0, 0.0, 0.0, -1.0, 0.0, 0.0, 0.0, 0.0, 1.0, 0.0, 0.0, 0.0, 0.0, 1.0 ], [ 0.0, 0.0, -1.0, 0.0, -1.0, 0.0, 0.0, 0.0, 0.0, 1.0, 0.0, 0.0, 0.0, 0.0, 0.0, 1.0 ], [ 0.0, -1.0, 0.0, 0.0, 0.0, 0.0, -1.0, 0.0, 1.0, 0.0, 0.0, 0.0, 0.0, 0.0, 0.0, 1.0 ], [ -0.809017, -0.309017, -0.5, 0.0, -0.309017, -0.5, 0.809017, 0.0, -0.5, 0.809017, 0.309017, 0.0, 0.0, 0.0, 0.0, 1.0 ], [ 0.5, -0.809017, -0.309017, 0.0, -0.809017, -0.309017, -0.5, 0.0, 0.309017, 0.5, -0.809017, 0.0, 0.0, 0.0, 0.0, 1.0 ], [ -0.309017, -0.5, 0.809017, 0.0, 0.5, -0.809017, -0.309017, 0.0, 0.809017, 0.309017, 0.5, 0.0, 0.0, 0.0, 0.0, 1.0 ], [ -0.5, -0.809017, -0.309017, 0.0, -0.809017, 0.309017, 0.5, 0.0, -0.309017, 0.5, -0.809017, 0.0, 0.0, 0.0, 0.0, 1.0 ], [ 0.309017, -0.5, 0.809017, 0.0, -0.5, -0.809017, -0.309017, 0.0, 0.809017, -0.309017, -0.5, 0.0, 0.0, 0.0, 0.0, 1.0 ], [ -0.809017, 0.309017, 0.5, 0.0, 0.309017, -0.5, 0.809017, 0.0, 0.5, 0.809017, 0.309017, 0.0, 0.0, 0.0, 0.0, 1.0 ], [ -0.5, -0.809017, 0.309017, 0.0, -0.809017, 0.309017, -0.5, 0.0, 0.309017, -0.5, -0.809017, 0.0, 0.0, 0.0, 0.0, 1.0 ], [ -0.309017, 0.5, 0.809017, 0.0, -0.5, -0.809017, 0.309017, 0.0, 0.809017, -0.309017, 0.5, 0.0, 0.0, 0.0, 0.0, 1.0 ], [ -0.809017, 0.309017, -0.5, 0.0, -0.309017, 0.5, 0.809017, 0.0, 0.5, 0.809017, -0.309017, 0.0, 0.0, 0.0, 0.0, 1.0 ], [ -0.809017, -0.309017, 0.5, 0.0, -0.309017, -0.5, -0.809017, 0.0, 0.5, -0.809017, 0.309017, 0.0, 0.0, 0.0, 0.0, 1.0 ], [ -0.5, 0.809017, -0.309017, 0.0, -0.809017, -0.309017, 0.5, 0.0, 0.309017, 0.5, 0.809017, 0.0, 0.0, 0.0, 0.0, 1.0 ], [ -0.309017, -0.5, -0.809017, 0.0, -0.5, 0.809017, -0.309017, 0.0, 0.809017, 0.309017, -0.5, 0.0, 0.0, 0.0, 0.0, 1.0 ], [ -1.0, 0.0, 0.0, 0.0, 0.0, 1.0, 0.0, 0.0, 0.0, 0.0, -1.0, 0.0, 0.0, 0.0, 0.0, 1.0 ], [ 0.0, 0.0, -1.0, 0.0, 1.0, 0.0, 0.0, 0.0, 0.0, -1.0, 0.0, 0.0, 0.0, 0.0, 0.0, 1.0 ], [ 0.0, -1.0, 0.0, 0.0, 0.0, 0.0, 1.0, 0.0, -1.0, 0.0, 0.0, 0.0, 0.0, 0.0, 0.0, 1.0 ], [ -0.809017, -0.309017, -0.5, 0.0, 0.309017, 0.5, -0.809017, 0.0, 0.5, -0.809017, -0.309017, 0.0, 0.0, 0.0, 0.0, 1.0 ], [ 0.5, -0.809017, -0.309017, 0.0, 0.809017, 0.309017, 0.5, 0.0, -0.309017, -0.5, 0.809017, 0.0, 0.0, 0.0, 0.0, 1.0 ], [ -0.309017, -0.5, 0.809017, 0.0, -0.5, 0.809017, 0.309017, 0.0, -0.809017, -0.309017, -0.5, 0.0, 0.0, 0.0, 0.0, 1.0 ], [ -0.5, -0.809017, -0.309017, 0.0, 0.809017, -0.309017, -0.5, 0.0, 0.309017, -0.5, 0.809017, 0.0, 0.0, 0.0, 0.0, 1.0 ], [ 0.309017, -0.5, 0.809017, 0.0, 0.5, 0.809017, 0.309017, 0.0, -0.809017, 0.309017, 0.5, 0.0, 0.0, 0.0, 0.0, 1.0 ], [ -0.809017, 0.309017, 0.5, 0.0, -0.309017, 0.5, -0.809017, 0.0, -0.5, -0.809017, -0.309017, 0.0, 0.0, 0.0, 0.0, 1.0 ], [ -0.5, -0.809017, 0.309017, 0.0, 0.809017, -0.309017, 0.5, 0.0, -0.309017, 0.5, 0.809017, 0.0, 0.0, 0.0, 0.0, 1.0 ], [ -0.309017, 0.5, 0.809017, 0.0, 0.5, 0.809017, -0.309017, 0.0, -0.809017, 0.309017, -0.5, 0.0, 0.0, 0.0, 0.0, 1.0 ], [ -0.809017, 0.309017, -0.5, 0.0, 0.309017, -0.5, -0.809017, 0.0, -0.5, -0.809017, 0.309017, 0.0, 0.0, 0.0, 0.0, 1.0 ], [ -0.809017, -0.309017, 0.5, 0.0, 0.309017, 0.5, 0.809017, 0.0, -0.5, 0.809017, -0.309017, 0.0, 0.0, 0.0, 0.0, 1.0 ], [ -0.5, 0.809017, -0.309017, 0.0, 0.809017, 0.309017, -0.5, 0.0, -0.309017, -0.5, -0.809017, 0.0, 0.0, 0.0, 0.0, 1.0 ], [ -0.309017, -0.5, -0.809017, 0.0, 0.5, -0.809017, 0.309017, 0.0, -0.809017, -0.309017, 0.5, 0.0, 0.0, 0.0, 0.0, 1.0 ] ],
  "lights" : {
    "backgroundColor" : "#AFC8DC",
    "ambientColor" : "#292929",
    "directionalLights" : [ {
      "direction" : [ 1.0, -1.0, -1.0 ],
      "color" : "#EBEBE4"
    }, {
      "direction" : [ -1.0, 0.0, 0.0 ],
      "color" : "#E4E4EB"
    }, {
      "direction" : [ 0.0, 0.0, -1.0 ],
      "color" : "#1E1E1E"
    } ]
  },
  "camera" : {
    "width" : 51.954693,
    "stereo" : false,
    "perspective" : true,
    "farClipDistance" : 230.90973,
    "nearClipDistance" : 0.2886372,
    "fieldOfView" : 0.442629,
    "viewDistance" : 115.454834,
    "lookAtPointRV" : {
      "x" : 0.0,
      "y" : 0.0,
      "z" : 0.0,
      "zero" : true
    },
    "lookDirectionRV" : {
      "x" : 0.0037240814,
      "y" : 9.6766E-4,
      "z" : -0.99999046,
      "zero" : false
    },
    "upDirectionRV" : {
      "x" : -0.0030903947,
      "y" : 0.99999213,
      "z" : 9.5520914E-4,
      "zero" : false
    },
    "lookAtPoint" : {
      "x" : 0.0,
      "y" : 0.0,
      "z" : 0.0
    },
    "lookDirection" : {
      "x" : 0.0037240814,
      "y" : 9.6766E-4,
      "z" : -0.99999046
    },
    "upDirection" : {
      "x" : -0.0030903947,
      "y" : 0.99999213,
      "z" : 9.5520914E-4
    },
    "position" : {
      "x" : -0.4299632,
      "y" : -0.111721024,
      "z" : 115.453735
    }
  },
  "embedding" : [ 1.0, 0.0, 0.0, 0.0, 0.0, 1.0, 0.0, 0.0, 0.0, 0.0, 1.0, 0.0, 0.0, 0.0, 0.0, 1.0 ],
  "shapes" : [ {
    "id" : "bc7c4f87-a2ab-43d2-9ad6-4a9b4722d7e0",
    "name" : "ball",
    "vertices" : [ {
      "x" : 0.309017,
      "y" : -0.309017,
      "z" : -0.309017
    }, {
      "x" : 0.5,
      "y" : 0.0,
      "z" : -0.19098301
    }, {
      "x" : 0.5,
      "y" : 0.0,
      "z" : 0.19098301
    }, {
      "x" : 0.309017,
      "y" : -0.309017,
      "z" : 0.309017
    }, {
      "x" : 0.19098301,
      "y" : -0.5,
      "z" : 0.0
    }, {
      "x" : 0.0,
      "y" : 0.19098301,
      "z" : 0.5
    }, {
      "x" : 0.0,
      "y" : -0.19098301,
      "z" : 0.5
    }, {
      "x" : 0.309017,
      "y" : 0.309017,
      "z" : 0.309017
    }, {
      "x" : -0.309017,
      "y" : -0.309017,
      "z" : 0.309017
    }, {
      "x" : -0.309017,
      "y" : 0.309017,
      "z" : 0.309017
    }, {
      "x" : -0.5,
      "y" : 0.0,
      "z" : 0.19098301
    }, {
      "x" : 0.0,
      "y" : -0.19098301,
      "z" : -0.5
    }, {
      "x" : 0.0,
      "y" : 0.19098301,
      "z" : -0.5
    }, {
      "x" : 0.309017,
      "y" : 0.309017,
      "z" : -0.309017
    }, {
      "x" : -0.309017,
      "y" : -0.309017,
      "z" : -0.309017
    }, {
      "x" : -0.19098301,
      "y" : -0.5,
      "z" : 0.0
    }, {
      "x" : -0.5,
      "y" : 0.0,
      "z" : -0.19098301
    }, {
      "x" : 0.19098301,
      "y" : 0.5,
      "z" : 0.0
    }, {
      "x" : -0.309017,
      "y" : 0.309017,
      "z" : -0.309017
    }, {
      "x" : 0.0,
      "y" : 0.0,
      "z" : 0.0
    }, {
      "x" : -0.19098301,
      "y" : 0.5,
      "z" : 0.0
    } ],
    "faces" : [ {
      "vertices" : [ 12, 18, 20, 17, 13 ]
    }, {
      "vertices" : [ 3, 6, 8, 15, 4 ]
    }, {
      "vertices" : [ 0, 11, 12, 13, 1 ]
    }, {
      "vertices" : [ 5, 9, 10, 8, 6 ]
    }, {
      "vertices" : [ 2, 7, 5, 6, 3 ]
    }, {
      "vertices" : [ 11, 14, 16, 18, 12 ]
    }, {
      "vertices" : [ 1, 13, 17, 7, 2 ]
    }, {
      "vertices" : [ 9, 20, 18, 16, 10 ]
    }, {
      "vertices" : [ 0, 1, 2, 3, 4 ]
    }, {
      "vertices" : [ 5, 7, 17, 20, 9 ]
    }, {
      "vertices" : [ 0, 4, 15, 14, 11 ]
    }, {
      "vertices" : [ 8, 10, 16, 14, 15 ]
    } ]
  }, {
    "id" : "c28482a7-bf26-4610-b7fa-8367dd9349f5",
    "orbit" : "blue",
    "orbitC" : "[[0,0,1],[0,0,1]]",
    "length" : "[-1,1,1]",
    "name" : "b0",
    "vertices" : [ {
      "x" : 1.0,
      "y" : 0.309017,
      "z" : 0.19098301
    }, {
      "x" : 1.0,
      "y" : -0.309017,
      "z" : 0.19098301
    }, {
      "x" : 4.236068,
      "y" : -0.309017,
      "z" : 0.19098301
    }, {
      "x" : 4.236068,
      "y" : 0.309017,
      "z" : 0.19098301
    }, {
      "x" : 4.236068,
      "y" : -0.309017,
      "z" : -0.19098301
    }, {
      "x" : 4.236068,
      "y" : 0.309017,
      "z" : -0.19098301
    }, {
      "x" : 4.854102,
      "y" : 0.0,
      "z" : 0.0
    }, {
      "x" : 0.38196602,
      "y" : 0.0,
      "z" : 0.0
    }, {
      "x" : 1.0,
      "y" : 0.309017,
      "z" : -0.19098301
    }, {
      "x" : 1.0,
      "y" : -0.309017,
      "z" : -0.19098301
    }, {
      "x" : 5.236068,
      "y" : 0.0,
      "z" : 0.0
    } ],
    "faces" : [ {
      "vertices" : [ 1, 9, 4, 2 ]
    }, {
      "vertices" : [ 0, 3, 5, 8 ]
    }, {
      "vertices" : [ 1, 7, 9 ]
    }, {
      "vertices" : [ 0, 1, 2, 3 ]
    }, {
      "vertices" : [ 7, 8, 9 ]
    }, {
      "vertices" : [ 0, 7, 1 ]
    }, {
      "vertices" : [ 4, 9, 8, 5 ]
    }, {
      "vertices" : [ 2, 6, 3 ]
    }, {
      "vertices" : [ 2, 4, 6 ]
    }, {
      "vertices" : [ 3, 6, 5 ]
    }, {
      "vertices" : [ 4, 5, 6 ]
    }, {
      "vertices" : [ 0, 8, 7 ]
    } ]
  }, {
    "id" : "dccf7bd9-6866-4ea2-9903-9d2a1e22adfd",
    "orbit" : "green",
    "orbitC" : "[[2,-1,1],[5,-3,1]]",
    "length" : "[-1,1,1]",
    "name" : "g0",
    "vertices" : [ {
      "x" : 6.545085,
      "y" : 2.5,
      "z" : -0.95491505
    }, {
      "x" : 6.163119,
      "y" : 2.045085,
      "z" : -0.76393205
    }, {
      "x" : 6.0,
      "y" : 2.309017,
      "z" : -1.190983
    }, {
      "x" : 5.927051,
      "y" : 2.572949,
      "z" : -1.0
    }, {
      "x" : 0.85410196,
      "y" : 0.309017,
      "z" : 0.19098301
    }, {
      "x" : 0.690983,
      "y" : 0.572949,
      "z" : -0.23606798
    }, {
      "x" : 0.309017,
      "y" : 0.11803399,
      "z" : -0.045084972
    }, {
      "x" : 0.76393205,
      "y" : 0.309017,
      "z" : -0.42705098
    }, {
      "x" : 0.927051,
      "y" : 0.045084972,
      "z" : 0.0
    }, {
      "x" : 6.09017,
      "y" : 2.309017,
      "z" : -0.572949
    }, {
      "x" : 6.854102,
      "y" : 2.618034,
      "z" : -1.0
    } ],
    "faces" : [ {
      "vertices" : [ 2, 7, 5, 3 ]
    }, {
      "vertices" : [ 1, 8, 7, 2 ]
    }, {
      "vertices" : [ 4, 6, 8 ]
    }, {
      "vertices" : [ 5, 7, 6 ]
    }, {
      "vertices" : [ 0, 1, 2 ]
    }, {
      "vertices" : [ 0, 2, 3 ]
    }, {
      "vertices" : [ 6, 7, 8 ]
    }, {
      "vertices" : [ 3, 5, 4, 9 ]
    }, {
      "vertices" : [ 1, 9, 4, 8 ]
    }, {
      "vertices" : [ 0, 9, 1 ]
    }, {
      "vertices" : [ 0, 3, 9 ]
    }, {
      "vertices" : [ 4, 5, 6 ]
    } ]
  }, {
    "id" : "8e914fe5-8be0-4700-944c-9366a652ba36",
    "vertices" : [ {
      "x" : 0.0,
      "y" : 0.0,
      "z" : 0.0
    }, {
      "x" : -0.96284795,
      "y" : 6.5994577,
      "z" : -2.5207686
    }, {
      "x" : -1.0114806,
      "y" : 6.7382607,
      "z" : -2.3333333
    }, {
      "x" : -0.048632678,
      "y" : 0.13880262,
      "z" : 0.1874353
    } ],
    "faces" : [ {
      "vertices" : [ 0, 1, 2, 3 ]
    }, {
      "vertices" : [ 0, 3, 2, 1 ]
    } ]
  }, {
    "id" : "552b1c40-4706-49fd-8632-6244c44c4ce5",
    "vertices" : [ {
      "x" : 0.0,
      "y" : 0.0,
      "z" : 0.0
    }, {
      "x" : 1.5579207,
      "y" : 5.63661,
      "z" : 4.078689
    }, {
      "x" : 3.781153,
      "y" : -1.4442719,
      "z" : 9.899187
    } ],
    "faces" : [ {
      "vertices" : [ 0, 1, 2 ]
    }, {
      "vertices" : [ 0, 2, 1 ]
    } ]
  }, {
    "id" : "fa8c23d1-f911-4123-b5ed-c30f6ba418f8",
    "vertices" : [ {
      "x" : 0.0,
      "y" : 0.0,
      "z" : 0.0
    }, {
      "x" : -1.4442719,
      "y" : -9.899187,
      "z" : -3.781153
    }, {
      "x" : -3.0021925,
      "y" : -4.262577,
      "z" : -7.8598423
    } ],
    "faces" : [ {
      "vertices" : [ 0, 1, 2 ]
    }, {
      "vertices" : [ 0, 2, 1 ]
    } ]
  }, {
    "id" : "2fc43ce0-8eb1-4576-a01b-15e59b77c5e7",
    "vertices" : [ {
      "x" : 0.0,
      "y" : 0.0,
      "z" : 0.0
    }, {
      "x" : 1.0764967,
      "y" : -8.936339,
      "z" : 2.818305
    }, {
      "x" : -1.4442719,
      "y" : -9.899187,
      "z" : -3.781153
    } ],
    "faces" : [ {
      "vertices" : [ 0, 1, 2 ]
    }, {
      "vertices" : [ 0, 2, 1 ]
    } ]
  }, {
    "id" : "1d916459-6fde-4378-b88f-401e343f0a73",
    "vertices" : [ {
      "x" : 0.0,
      "y" : 0.0,
      "z" : 0.0
    }, {
      "x" : 2.5207686,
      "y" : -5.0415373,
      "z" : 7.562306
    }, {
      "x" : 0.0,
      "y" : 5.0415373,
      "z" : 5.0415373
    } ],
    "faces" : [ {
      "vertices" : [ 0, 1, 2 ]
    }, {
      "vertices" : [ 0, 2, 1 ]
    } ]
  }, {
    "id" : "065420f7-33d9-49c9-bf88-2d597851479b",
    "vertices" : [ {
      "x" : 0.0,
      "y" : 0.0,
      "z" : 0.0
    }, {
      "x" : 1.5579207,
      "y" : -5.63661,
      "z" : -4.078689
    }, {
      "x" : 1.4677508,
      "y" : -5.4305987,
      "z" : -4.1573787
    }, {
      "x" : -0.090169944,
      "y" : 0.20601133,
      "z" : -0.07868933
    } ],
    "faces" : [ {
      "vertices" : [ 0, 1, 2, 3 ]
    }, {
      "vertices" : [ 0, 3, 2, 1 ]
    } ]
  }, {
    "id" : "caeb8d0b-a939-4921-b8de-f1b070b08a74",
    "vertices" : [ {
      "x" : 0.0,
      "y" : 0.0,
      "z" : 0.0
    }, {
      "x" : -3.2997289,
      "y" : 1.8554571,
      "z" : -8.638803
    }, {
      "x" : -2.336881,
      "y" : 8.454915,
      "z" : -6.118034
    } ],
    "faces" : [ {
      "vertices" : [ 0, 1, 2 ]
    }, {
      "vertices" : [ 0, 2, 1 ]
    } ]
  }, {
    "id" : "ce818a68-9534-47ac-b7c3-0c8caab75cdb",
    "vertices" : [ {
      "x" : 0.0,
      "y" : 0.0,
      "z" : 0.0
    }, {
      "x" : 2.5207686,
      "y" : -2.5207686,
      "z" : 10.083075
    }, {
      "x" : 2.5207686,
      "y" : -7.562306,
      "z" : 5.0415373
    } ],
    "faces" : [ {
      "vertices" : [ 0, 1, 2 ]
    }, {
      "vertices" : [ 0, 2, 1 ]
    } ]
  }, {
    "id" : "e3ffe79c-60ad-476f-b147-67f25b446ef0",
    "vertices" : [ {
      "x" : 0.0,
      "y" : 0.0,
      "z" : 0.0
    }, {
      "x" : -0.01857603,
      "y" : -0.127322,
      "z" : -0.048632678
    }, {
      "x" : -0.06720871,
      "y" : -0.14589803,
      "z" : -0.17595468
    }, {
      "x" : -1.6251293,
      "y" : 5.490712,
      "z" : -4.254644
    }, {
      "x" : -1.5579207,
      "y" : 5.63661,
      "z" : -4.078689
    } ],
    "faces" : [ {
      "vertices" : [ 0, 1, 2, 3, 4 ]
    }, {
      "vertices" : [ 0, 4, 3, 2, 1 ]
    } ]
  }, {
    "id" : "1b79d24a-874a-4366-9d2f-2e01f60246ba",
    "vertices" : [ {
      "x" : 0.0,
      "y" : 0.0,
      "z" : 0.0
    }, {
      "x" : -1.4442719,
      "y" : 9.899187,
      "z" : -3.781153
    }, {
      "x" : 1.5579207,
      "y" : 5.63661,
      "z" : 4.078689
    } ],
    "faces" : [ {
      "vertices" : [ 0, 1, 2 ]
    }, {
      "vertices" : [ 0, 2, 1 ]
    } ]
  }, {
    "id" : "053e02b3-ec8b-411c-b07b-ab50474d844b",
    "vertices" : [ {
      "x" : 0.0,
      "y" : 0.0,
      "z" : 0.0
    }, {
      "x" : -0.048632678,
      "y" : 0.01857603,
      "z" : -0.127322
    }, {
      "x" : -0.06720871,
      "y" : 0.14589803,
      "z" : -0.17595468
    }, {
      "x" : 1.4907119,
      "y" : 5.782508,
      "z" : 3.9027348
    }, {
      "x" : 1.5579207,
      "y" : 5.63661,
      "z" : 4.078689
    } ],
    "faces" : [ {
      "vertices" : [ 0, 1, 2, 3, 4 ]
    }, {
      "vertices" : [ 0, 4, 3, 2, 1 ]
    } ]
  }, {
    "id" : "b2cbcffc-7126-48f3-ab18-221ed166e5f6",
    "vertices" : [ {
      "x" : 0.0,
      "y" : 0.0,
      "z" : 0.0
    }, {
      "x" : -0.030056648,
      "y" : 0.10874598,
      "z" : -0.07868933
    }, {
      "x" : -0.011480618,
      "y" : 0.23606798,
      "z" : -0.030056648
    }, {
      "x" : 2.509288,
      "y" : 1.198916,
      "z" : 6.5694013
    }, {
      "x" : 2.5207686,
      "y" : 0.96284795,
      "z" : 6.5994577
    } ],
    "faces" : [ {
      "vertices" : [ 0, 1, 2, 3, 4 ]
    }, {
      "vertices" : [ 0, 4, 3, 2, 1 ]
    } ]
  }, {
    "id" : "2def2d62-ea04-424e-8318-9b207b3f77ce",
    "vertices" : [ {
      "x" : 0.0,
      "y" : 0.0,
      "z" : 0.0
    }, {
      "x" : 3.781153,
      "y" : -1.4442719,
      "z" : 9.899187
    }, {
      "x" : 0.96284795,
      "y" : -6.5994577,
      "z" : 2.5207686
    } ],
    "faces" : [ {
      "vertices" : [ 0, 1, 2 ]
    }, {
      "vertices" : [ 0, 2, 1 ]
    } ]
  }, {
    "id" : "96267d20-8af5-4cf9-9153-007be9e1aab5",
    "vertices" : [ {
      "x" : 0.0,
      "y" : 0.0,
      "z" : 0.0
    }, {
      "x" : -2.336881,
      "y" : 2.2232323,
      "z" : -10.196723
    }, {
      "x" : -3.8948016,
      "y" : 7.8598423,
      "z" : -6.118034
    } ],
    "faces" : [ {
      "vertices" : [ 0, 1, 2 ]
    }, {
      "vertices" : [ 0, 2, 1 ]
    } ]
  }, {
    "id" : "560fedbb-d9ba-4237-9816-570fb70271fb",
    "vertices" : [ {
      "x" : 0.0,
      "y" : 0.0,
      "z" : 0.0
    }, {
      "x" : -2.5207686,
      "y" : 5.0415373,
      "z" : -7.562306
    }, {
      "x" : -2.5207686,
      "y" : 10.083075,
      "z" : -2.5207686
    } ],
    "faces" : [ {
      "vertices" : [ 0, 1, 2 ]
    }, {
      "vertices" : [ 0, 2, 1 ]
    } ]
  }, {
    "id" : "26fc3970-2f7e-448f-ac81-b4b4634ccec5",
    "vertices" : [ {
      "x" : 0.0,
      "y" : 0.0,
      "z" : 0.0
    }, {
      "x" : 0.0,
      "y" : 5.0415373,
      "z" : 5.0415373
    }, {
      "x" : -2.5207686,
      "y" : 7.562306,
      "z" : -5.0415373
    } ],
    "faces" : [ {
      "vertices" : [ 0, 1, 2 ]
    }, {
      "vertices" : [ 0, 2, 1 ]
    } ]
  }, {
    "id" : "6ef8ca24-d5ce-4c72-99f4-4758d010422d",
    "vertices" : [ {
      "x" : 0.0,
      "y" : 0.0,
      "z" : 0.0
    }, {
      "x" : -2.5207686,
      "y" : 0.96284795,
      "z" : -6.5994577
    }, {
      "x" : -1.4442719,
      "y" : 9.899187,
      "z" : -3.781153
    } ],
    "faces" : [ {
      "vertices" : [ 0, 1, 2 ]
    }, {
      "vertices" : [ 0, 2, 1 ]
    } ]
  }, {
    "id" : "ed5f1981-1547-48be-bb71-7643de646645",
    "vertices" : [ {
      "x" : 0.0,
      "y" : 0.0,
      "z" : 0.0
    }, {
      "x" : 0.030056648,
      "y" : -0.011480618,
      "z" : -0.23606798
    }, {
      "x" : 0.9929046,
      "y" : -6.6109385,
      "z" : 2.2847006
    }, {
      "x" : 0.96284795,
      "y" : -6.5994577,
      "z" : 2.5207686
    } ],
    "faces" : [ {
      "vertices" : [ 0, 1, 2, 3 ]
    }, {
      "vertices" : [ 0, 3, 2, 1 ]
    } ]
  }, {
    "id" : "a4d1ca0c-2157-43b5-94c8-9bde9e48327b",
    "vertices" : [ {
      "x" : 0.0,
      "y" : 0.0,
      "z" : 0.0
    }, {
      "x" : -3.8948016,
      "y" : 7.8598423,
      "z" : -6.118034
    }, {
      "x" : -1.5579207,
      "y" : 5.63661,
      "z" : 4.078689
    } ],
    "faces" : [ {
      "vertices" : [ 0, 1, 2 ]
    }, {
      "vertices" : [ 0, 2, 1 ]
    } ]
  }, {
    "id" : "5dc7cba5-379d-42a9-8550-348fcb9eee12",
    "vertices" : [ {
      "x" : 0.0,
      "y" : 0.0,
      "z" : 0.0
    }, {
      "x" : 3.781153,
      "y" : 1.4442719,
      "z" : 9.899187
    }, {
      "x" : 2.818305,
      "y" : -5.155186,
      "z" : 7.3784184
    } ],
    "faces" : [ {
      "vertices" : [ 0, 1, 2 ]
    }, {
      "vertices" : [ 0, 2, 1 ]
    } ]
  }, {
    "id" : "9a3c59d6-94c6-467d-8911-b40d53c6b5cd",
    "vertices" : [ {
      "x" : 0.0,
      "y" : 0.0,
      "z" : 0.0
    }, {
      "x" : 0.048632678,
      "y" : 0.01857603,
      "z" : 0.127322
    }, {
      "x" : 0.07868933,
      "y" : -0.090169944,
      "z" : 0.20601133
    }, {
      "x" : -0.8841586,
      "y" : -6.689628,
      "z" : -2.3147573
    }, {
      "x" : -0.96284795,
      "y" : -6.5994577,
      "z" : -2.5207686
    } ],
    "faces" : [ {
      "vertices" : [ 0, 1, 2, 3, 4 ]
    }, {
      "vertices" : [ 0, 4, 3, 2, 1 ]
    } ]
  }, {
    "id" : "bca1dd78-61e4-46d8-a837-cf45aa6820f4",
    "vertices" : [ {
      "x" : 0.0,
      "y" : 0.0,
      "z" : 0.0
    }, {
      "x" : 0.01857603,
      "y" : -0.127322,
      "z" : 0.048632678
    }, {
      "x" : -0.011480618,
      "y" : -0.23606798,
      "z" : -0.030056648
    }, {
      "x" : -2.5322492,
      "y" : 0.72677994,
      "z" : -6.6295147
    }, {
      "x" : -2.5207686,
      "y" : 0.96284795,
      "z" : -6.5994577
    } ],
    "faces" : [ {
      "vertices" : [ 0, 1, 2, 3, 4 ]
    }, {
      "vertices" : [ 0, 4, 3, 2, 1 ]
    } ]
  }, {
    "id" : "a800a432-0a8a-4063-8b98-0874169e568d",
    "vertices" : [ {
      "x" : 0.0,
      "y" : 0.0,
      "z" : 0.0
    }, {
      "x" : -2.336881,
      "y" : 8.454915,
      "z" : -6.118034
    }, {
      "x" : 0.1838876,
      "y" : 9.417763,
      "z" : 0.48142397
    } ],
    "faces" : [ {
      "vertices" : [ 0, 1, 2 ]
    }, {
      "vertices" : [ 0, 2, 1 ]
    } ]
  }, {
    "id" : "63f6d799-820f-4324-9be5-d38c23c30655",
    "vertices" : [ {
      "x" : 0.0,
      "y" : 0.0,
      "z" : 0.0
    }, {
      "x" : 2.2232323,
      "y" : 7.080882,
      "z" : 5.8204975
    }, {
      "x" : 3.781153,
      "y" : 1.4442719,
      "z" : 9.899187
    } ],
    "faces" : [ {
      "vertices" : [ 0, 1, 2 ]
    }, {
      "vertices" : [ 0, 2, 1 ]
    } ]
  }, {
    "id" : "2b75cc0f-e1bc-40d8-80f1-35493dfd7271",
    "vertices" : [ {
      "x" : 0.0,
      "y" : 0.0,
      "z" : 0.0
    }, {
      "x" : 0.030056648,
      "y" : 0.10874598,
      "z" : 0.07868933
    }, {
      "x" : 0.07868933,
      "y" : 0.090169944,
      "z" : 0.20601133
    }, {
      "x" : 1.0415373,
      "y" : -6.509288,
      "z" : 2.72678
    }, {
      "x" : 0.96284795,
      "y" : -6.5994577,
      "z" : 2.5207686
    } ],
    "faces" : [ {
      "vertices" : [ 0, 1, 2, 3, 4 ]
    }, {
      "vertices" : [ 0, 4, 3, 2, 1 ]
    } ]
  } ],
  "instances" : [ {
    "shape" : "bc7c4f87-a2ab-43d2-9ad6-4a9b4722d7e0",
    "color" : "#F2F2F2",
    "position" : {
      "x" : 10.472136,
      "y" : 10.472136,
      "z" : -5.236068
    }
  }, {
    "shape" : "c28482a7-bf26-4610-b7fa-8367dd9349f5",
    "color" : "#008EC2",
    "position" : {
      "x" : -10.472136,
      "y" : -5.236068,
      "z" : -10.472136
    },
    "orientation" : 16
  }, {
    "shape" : "c28482a7-bf26-4610-b7fa-8367dd9349f5",
    "color" : "#008EC2",
    "position" : {
      "x" : 0.0,
      "y" : 0.0,
      "z" : -10.472136
    },
    "orientation" : 1
  }, {
    "shape" : "bc7c4f87-a2ab-43d2-9ad6-4a9b4722d7e0",
    "color" : "#F2F2F2",
    "position" : {
      "x" : -10.472136,
      "y" : 10.472136,
      "z" : -5.236068
    }
  }, {
    "shape" : "c28482a7-bf26-4610-b7fa-8367dd9349f5",
    "color" : "#008EC2",
    "position" : {
      "x" : 0.0,
      "y" : 10.472136,
      "z" : 10.472136
    },
    "orientation" : 45
  }, {
    "shape" : "c28482a7-bf26-4610-b7fa-8367dd9349f5",
    "color" : "#008EC2",
    "position" : {
      "x" : -10.472136,
      "y" : 0.0,
      "z" : 0.0
    },
    "orientation" : 2
  }, {
    "shape" : "c28482a7-bf26-4610-b7fa-8367dd9349f5",
    "color" : "#008EC2",
    "position" : {
      "x" : 0.0,
      "y" : -10.472136,
      "z" : -5.236068
    },
    "orientation" : 47
  }, {
    "shape" : "c28482a7-bf26-4610-b7fa-8367dd9349f5",
    "color" : "#008EC2",
    "position" : {
      "x" : -5.236068,
      "y" : 0.0,
      "z" : 10.472136
    },
    "orientation" : 45
  }, {
    "shape" : "c28482a7-bf26-4610-b7fa-8367dd9349f5",
    "color" : "#008EC2",
    "position" : {
      "x" : 10.472136,
      "y" : 0.0,
      "z" : 5.236068
    },
    "orientation" : 2
  }, {
    "shape" : "c28482a7-bf26-4610-b7fa-8367dd9349f5",
    "color" : "#008EC2",
    "position" : {
      "x" : 5.236068,
      "y" : 10.472136,
      "z" : 0.0
    },
    "orientation" : 0
  }, {
    "shape" : "bc7c4f87-a2ab-43d2-9ad6-4a9b4722d7e0",
    "color" : "#F2F2F2",
    "position" : {
      "x" : -10.472136,
      "y" : 0.0,
      "z" : 10.472136
    }
  }, {
    "shape" : "bc7c4f87-a2ab-43d2-9ad6-4a9b4722d7e0",
    "color" : "#F2F2F2",
    "position" : {
      "x" : 10.472136,
      "y" : 10.472136,
      "z" : 5.236068
    }
  }, {
    "shape" : "dccf7bd9-6866-4ea2-9903-9d2a1e22adfd",
    "color" : "#00993F",
    "position" : {
      "x" : 0.0,
      "y" : -10.472136,
      "z" : 5.236068
    },
    "orientation" : 6
  }, {
    "shape" : "bc7c4f87-a2ab-43d2-9ad6-4a9b4722d7e0",
    "color" : "#F2F2F2",
    "position" : {
      "x" : 10.472136,
      "y" : 5.236068,
      "z" : 10.472136
    }
  }, {
    "shape" : "dccf7bd9-6866-4ea2-9903-9d2a1e22adfd",
    "color" : "#00993F",
    "position" : {
      "x" : 0.0,
      "y" : 5.236068,
      "z" : 10.472136
    },
    "orientation" : 21
  }, {
    "shape" : "bc7c4f87-a2ab-43d2-9ad6-4a9b4722d7e0",
    "color" : "#F2F2F2",
    "position" : {
      "x" : 5.236068,
      "y" : 0.0,
      "z" : 10.472136
    }
  }, {
    "shape" : "bc7c4f87-a2ab-43d2-9ad6-4a9b4722d7e0",
    "color" : "#F2F2F2",
    "position" : {
      "x" : -10.472136,
      "y" : 5.236068,
      "z" : 0.0
    }
  }, {
    "shape" : "bc7c4f87-a2ab-43d2-9ad6-4a9b4722d7e0",
    "color" : "#F2F2F2",
    "position" : {
      "x" : -10.472136,
      "y" : 10.472136,
      "z" : -10.472136
    }
  }, {
    "shape" : "dccf7bd9-6866-4ea2-9903-9d2a1e22adfd",
    "color" : "#00993F",
    "position" : {
      "x" : 0.0,
      "y" : 10.472136,
      "z" : 5.236068
    },
    "orientation" : 53
  }, {
    "shape" : "c28482a7-bf26-4610-b7fa-8367dd9349f5",
    "color" : "#008EC2",
    "position" : {
      "x" : 0.0,
      "y" : -10.472136,
      "z" : 0.0
    },
    "orientation" : 47
  }, {
    "shape" : "bc7c4f87-a2ab-43d2-9ad6-4a9b4722d7e0",
    "color" : "#F2F2F2",
    "position" : {
      "x" : -5.236068,
      "y" : -10.472136,
      "z" : -10.472136
    }
  }, {
    "shape" : "bc7c4f87-a2ab-43d2-9ad6-4a9b4722d7e0",
    "color" : "#F2F2F2",
    "position" : {
      "x" : -10.472136,
      "y" : 0.0,
      "z" : 0.0
    }
  }, {
    "shape" : "bc7c4f87-a2ab-43d2-9ad6-4a9b4722d7e0",
    "color" : "#F2F2F2",
    "position" : {
      "x" : 10.472136,
      "y" : 5.236068,
      "z" : -10.472136
    }
  }, {
    "shape" : "c28482a7-bf26-4610-b7fa-8367dd9349f5",
    "color" : "#008EC2",
    "position" : {
      "x" : 10.472136,
      "y" : -5.236068,
      "z" : -10.472136
    },
    "orientation" : 16
  }, {
    "shape" : "c28482a7-bf26-4610-b7fa-8367dd9349f5",
    "color" : "#008EC2",
    "position" : {
      "x" : 10.472136,
      "y" : 0.0,
      "z" : -10.472136
    },
    "orientation" : 16
  }, {
    "shape" : "bc7c4f87-a2ab-43d2-9ad6-4a9b4722d7e0",
    "color" : "#F2F2F2",
    "position" : {
      "x" : 5.236068,
      "y" : 10.472136,
      "z" : 0.0
    }
  }, {
    "shape" : "c28482a7-bf26-4610-b7fa-8367dd9349f5",
    "color" : "#008EC2",
    "position" : {
      "x" : -5.236068,
      "y" : 10.472136,
      "z" : -10.472136
    },
    "orientation" : 45
  }, {
    "shape" : "dccf7bd9-6866-4ea2-9903-9d2a1e22adfd",
    "color" : "#00993F",
    "position" : {
      "x" : -10.472136,
      "y" : 0.0,
      "z" : -5.236068
    },
    "orientation" : 6
  }, {
    "shape" : "c28482a7-bf26-4610-b7fa-8367dd9349f5",
    "color" : "#008EC2",
    "position" : {
      "x" : 0.0,
      "y" : 10.472136,
      "z" : 0.0
    },
    "orientation" : 2
  }, {
    "shape" : "bc7c4f87-a2ab-43d2-9ad6-4a9b4722d7e0",
    "color" : "#F2F2F2",
    "position" : {
      "x" : -10.472136,
      "y" : 10.472136,
      "z" : 10.472136
    }
  }, {
    "shape" : "bc7c4f87-a2ab-43d2-9ad6-4a9b4722d7e0",
    "color" : "#F2F2F2",
    "position" : {
      "x" : 10.472136,
      "y" : 0.0,
      "z" : -10.472136
    }
  }, {
    "shape" : "c28482a7-bf26-4610-b7fa-8367dd9349f5",
    "color" : "#008EC2",
    "position" : {
      "x" : 0.0,
      "y" : 10.472136,
      "z" : 10.472136
    },
    "orientation" : 0
  }, {
    "shape" : "c28482a7-bf26-4610-b7fa-8367dd9349f5",
    "color" : "#008EC2",
    "position" : {
      "x" : -10.472136,
      "y" : -10.472136,
      "z" : 0.0
    },
    "orientation" : 47
  }, {
    "shape" : "bc7c4f87-a2ab-43d2-9ad6-4a9b4722d7e0",
    "color" : "#F2F2F2",
    "position" : {
      "x" : 5.236068,
      "y" : -10.472136,
      "z" : -10.472136
    }
  }, {
    "shape" : "bc7c4f87-a2ab-43d2-9ad6-4a9b4722d7e0",
    "color" : "#F2F2F2",
    "position" : {
      "x" : -10.472136,
      "y" : -10.472136,
      "z" : 5.236068
    }
  }, {
    "shape" : "bc7c4f87-a2ab-43d2-9ad6-4a9b4722d7e0",
    "color" : "#F2F2F2",
    "position" : {
      "x" : 0.0,
      "y" : 5.236068,
      "z" : 10.472136
    }
  }, {
    "shape" : "bc7c4f87-a2ab-43d2-9ad6-4a9b4722d7e0",
    "color" : "#F2F2F2",
    "position" : {
      "x" : 10.472136,
      "y" : -10.472136,
      "z" : -10.472136
    }
  }, {
    "shape" : "c28482a7-bf26-4610-b7fa-8367dd9349f5",
    "color" : "#008EC2",
    "position" : {
      "x" : 10.472136,
      "y" : 10.472136,
      "z" : 0.0
    },
    "orientation" : 47
  }, {
    "shape" : "c28482a7-bf26-4610-b7fa-8367dd9349f5",
    "color" : "#008EC2",
    "position" : {
      "x" : 0.0,
      "y" : 0.0,
      "z" : 10.472136
    },
    "orientation" : 45
  }, {
    "shape" : "bc7c4f87-a2ab-43d2-9ad6-4a9b4722d7e0",
    "color" : "#F2F2F2",
    "position" : {
      "x" : 10.472136,
      "y" : -10.472136,
      "z" : 0.0
    }
  }, {
    "shape" : "bc7c4f87-a2ab-43d2-9ad6-4a9b4722d7e0",
    "color" : "#F2F2F2",
    "position" : {
      "x" : 0.0,
      "y" : -10.472136,
      "z" : 5.236068
    }
  }, {
    "shape" : "bc7c4f87-a2ab-43d2-9ad6-4a9b4722d7e0",
    "color" : "#F2F2F2",
    "position" : {
      "x" : 10.472136,
      "y" : -5.236068,
      "z" : -10.472136
    }
  }, {
    "shape" : "c28482a7-bf26-4610-b7fa-8367dd9349f5",
    "color" : "#008EC2",
    "position" : {
      "x" : -10.472136,
      "y" : 0.0,
      "z" : 0.0
    },
    "orientation" : 16
  }, {
    "shape" : "c28482a7-bf26-4610-b7fa-8367dd9349f5",
    "color" : "#008EC2",
    "position" : {
      "x" : 10.472136,
      "y" : 0.0,
      "z" : 0.0
    },
    "orientation" : 16
  }, {
    "shape" : "bc7c4f87-a2ab-43d2-9ad6-4a9b4722d7e0",
    "color" : "#F2F2F2",
    "position" : {
      "x" : 0.0,
      "y" : 0.0,
      "z" : -10.472136
    }
  }, {
    "shape" : "bc7c4f87-a2ab-43d2-9ad6-4a9b4722d7e0",
    "color" : "#F2F2F2",
    "position" : {
      "x" : 10.472136,
      "y" : 0.0,
      "z" : 5.236068
    }
  }, {
    "shape" : "bc7c4f87-a2ab-43d2-9ad6-4a9b4722d7e0",
    "color" : "#F2F2F2",
    "position" : {
      "x" : 10.472136,
      "y" : -10.472136,
      "z" : 10.472136
    }
  }, {
    "shape" : "c28482a7-bf26-4610-b7fa-8367dd9349f5",
    "color" : "#008EC2",
    "position" : {
      "x" : 5.236068,
      "y" : 10.472136,
      "z" : 10.472136
    },
    "orientation" : 0
  }, {
    "shape" : "bc7c4f87-a2ab-43d2-9ad6-4a9b4722d7e0",
    "color" : "#F2F2F2",
    "position" : {
      "x" : 0.0,
      "y" : -10.472136,
      "z" : -5.236068
    }
  }, {
    "shape" : "c28482a7-bf26-4610-b7fa-8367dd9349f5",
    "color" : "#008EC2",
    "position" : {
      "x" : 10.472136,
      "y" : -5.236068,
      "z" : 10.472136
    },
    "orientation" : 16
  }, {
    "shape" : "c28482a7-bf26-4610-b7fa-8367dd9349f5",
    "color" : "#008EC2",
    "position" : {
      "x" : -10.472136,
      "y" : 5.236068,
      "z" : 10.472136
    },
    "orientation" : 1
  }, {
    "shape" : "bc7c4f87-a2ab-43d2-9ad6-4a9b4722d7e0",
    "color" : "#F2F2F2",
    "position" : {
      "x" : -10.472136,
      "y" : 5.236068,
      "z" : 10.472136
    }
  }, {
    "shape" : "bc7c4f87-a2ab-43d2-9ad6-4a9b4722d7e0",
    "color" : "#F2F2F2",
    "position" : {
      "x" : -10.472136,
      "y" : 0.0,
      "z" : 5.236068
    }
  }, {
    "shape" : "c28482a7-bf26-4610-b7fa-8367dd9349f5",
    "color" : "#008EC2",
    "position" : {
      "x" : 5.236068,
      "y" : 0.0,
      "z" : 10.472136
    },
    "orientation" : 0
  }, {
    "shape" : "c28482a7-bf26-4610-b7fa-8367dd9349f5",
    "color" : "#008EC2",
    "position" : {
      "x" : 10.472136,
      "y" : 5.236068,
      "z" : -10.472136
    },
    "orientation" : 1
  }, {
    "shape" : "dccf7bd9-6866-4ea2-9903-9d2a1e22adfd",
    "color" : "#00993F",
    "position" : {
      "x" : 0.0,
      "y" : 5.236068,
      "z" : -10.472136
    },
    "orientation" : 21
  }, {
    "shape" : "bc7c4f87-a2ab-43d2-9ad6-4a9b4722d7e0",
    "color" : "#F2F2F2",
    "position" : {
      "x" : 10.472136,
      "y" : 0.0,
      "z" : 10.472136
    }
  }, {
    "shape" : "bc7c4f87-a2ab-43d2-9ad6-4a9b4722d7e0",
    "color" : "#F2F2F2",
    "position" : {
      "x" : 10.472136,
      "y" : 0.0,
      "z" : -5.236068
    }
  }, {
    "shape" : "dccf7bd9-6866-4ea2-9903-9d2a1e22adfd",
    "color" : "#00993F",
    "position" : {
      "x" : 10.472136,
      "y" : -5.236068,
      "z" : 0.0
    },
    "orientation" : 52
  }, {
    "shape" : "bc7c4f87-a2ab-43d2-9ad6-4a9b4722d7e0",
    "color" : "#F2F2F2",
    "position" : {
      "x" : 0.0,
      "y" : -10.472136,
      "z" : 0.0
    }
  }, {
    "shape" : "c28482a7-bf26-4610-b7fa-8367dd9349f5",
    "color" : "#008EC2",
    "position" : {
      "x" : 0.0,
      "y" : 5.236068,
      "z" : 10.472136
    },
    "orientation" : 1
  }, {
    "shape" : "c28482a7-bf26-4610-b7fa-8367dd9349f5",
    "color" : "#008EC2",
    "position" : {
      "x" : 0.0,
      "y" : 10.472136,
      "z" : 5.236068
    },
    "orientation" : 2
  }, {
    "shape" : "bc7c4f87-a2ab-43d2-9ad6-4a9b4722d7e0",
    "color" : "#F2F2F2",
    "position" : {
      "x" : -10.472136,
      "y" : -10.472136,
      "z" : 10.472136
    }
  }, {
    "shape" : "c28482a7-bf26-4610-b7fa-8367dd9349f5",
    "color" : "#008EC2",
    "position" : {
      "x" : 10.472136,
      "y" : 0.0,
      "z" : 10.472136
    },
    "orientation" : 1
  }, {
    "shape" : "dccf7bd9-6866-4ea2-9903-9d2a1e22adfd",
    "color" : "#00993F",
    "position" : {
      "x" : -10.472136,
      "y" : -5.236068,
      "z" : 0.0
    },
    "orientation" : 52
  }, {
    "shape" : "c28482a7-bf26-4610-b7fa-8367dd9349f5",
    "color" : "#008EC2",
    "position" : {
      "x" : 10.472136,
      "y" : 10.472136,
      "z" : -5.236068
    },
    "orientation" : 47
  }, {
    "shape" : "c28482a7-bf26-4610-b7fa-8367dd9349f5",
    "color" : "#008EC2",
    "position" : {
      "x" : -10.472136,
      "y" : -5.236068,
      "z" : 0.0
    },
    "orientation" : 16
  }, {
    "shape" : "c28482a7-bf26-4610-b7fa-8367dd9349f5",
    "color" : "#008EC2",
    "position" : {
      "x" : 0.0,
      "y" : 10.472136,
      "z" : -10.472136
    },
    "orientation" : 45
  }, {
    "shape" : "bc7c4f87-a2ab-43d2-9ad6-4a9b4722d7e0",
    "color" : "#F2F2F2",
    "position" : {
      "x" : -10.472136,
      "y" : 0.0,
      "z" : -10.472136
    }
  }, {
    "shape" : "bc7c4f87-a2ab-43d2-9ad6-4a9b4722d7e0",
    "color" : "#F2F2F2",
    "position" : {
      "x" : 0.0,
      "y" : -10.472136,
      "z" : 10.472136
    }
  }, {
    "shape" : "bc7c4f87-a2ab-43d2-9ad6-4a9b4722d7e0",
    "color" : "#F2F2F2",
    "position" : {
      "x" : 0.0,
      "y" : 10.472136,
      "z" : 10.472136
    }
  }, {
    "shape" : "bc7c4f87-a2ab-43d2-9ad6-4a9b4722d7e0",
    "color" : "#F2F2F2",
    "position" : {
      "x" : 5.236068,
      "y" : 10.472136,
      "z" : -10.472136
    }
  }, {
    "shape" : "c28482a7-bf26-4610-b7fa-8367dd9349f5",
    "color" : "#008EC2",
    "position" : {
      "x" : 0.0,
      "y" : 10.472136,
      "z" : -10.472136
    },
    "orientation" : 0
  }, {
    "shape" : "c28482a7-bf26-4610-b7fa-8367dd9349f5",
    "color" : "#008EC2",
    "position" : {
      "x" : 10.472136,
      "y" : 0.0,
      "z" : 10.472136
    },
    "orientation" : 16
  }, {
    "shape" : "bc7c4f87-a2ab-43d2-9ad6-4a9b4722d7e0",
    "color" : "#F2F2F2",
    "position" : {
      "x" : -10.472136,
      "y" : 10.472136,
      "z" : 0.0
    }
  }, {
    "shape" : "c28482a7-bf26-4610-b7fa-8367dd9349f5",
    "color" : "#008EC2",
    "position" : {
      "x" : 0.0,
      "y" : 10.472136,
      "z" : -5.236068
    },
    "orientation" : 47
  }, {
    "shape" : "bc7c4f87-a2ab-43d2-9ad6-4a9b4722d7e0",
    "color" : "#F2F2F2",
    "position" : {
      "x" : -5.236068,
      "y" : 5.236068,
      "z" : -5.236068
    }
  }, {
    "shape" : "c28482a7-bf26-4610-b7fa-8367dd9349f5",
    "color" : "#008EC2",
    "position" : {
      "x" : -10.472136,
      "y" : -10.472136,
      "z" : 0.0
    },
    "orientation" : 2
  }, {
    "shape" : "bc7c4f87-a2ab-43d2-9ad6-4a9b4722d7e0",
    "color" : "#F2F2F2",
    "position" : {
      "x" : 0.0,
      "y" : 10.472136,
      "z" : -10.472136
    }
  }, {
    "shape" : "c28482a7-bf26-4610-b7fa-8367dd9349f5",
    "color" : "#008EC2",
    "position" : {
      "x" : -10.472136,
      "y" : 10.472136,
      "z" : -5.236068
    },
    "orientation" : 47
  }, {
    "shape" : "bc7c4f87-a2ab-43d2-9ad6-4a9b4722d7e0",
    "color" : "#F2F2F2",
    "position" : {
      "x" : 10.472136,
      "y" : 0.0,
      "z" : 0.0
    }
  }, {
    "shape" : "bc7c4f87-a2ab-43d2-9ad6-4a9b4722d7e0",
    "color" : "#F2F2F2",
    "position" : {
      "x" : 0.0,
      "y" : 10.472136,
      "z" : 0.0
    }
  }, {
    "shape" : "c28482a7-bf26-4610-b7fa-8367dd9349f5",
    "color" : "#008EC2",
    "position" : {
      "x" : -10.472136,
      "y" : 0.0,
      "z" : -10.472136
    },
    "orientation" : 16
  }, {
