{
  "field" : "golden",
  "symmetry" : "icosahedral",
  "orientations" : [ [ 1.0, 0.0, 0.0, 0.0, 0.0, 1.0, 0.0, 0.0, 0.0, 0.0, 1.0, 0.0, 0.0, 0.0, 0.0, 1.0 ], [ 0.0, 0.0, 1.0, 0.0, 1.0, 0.0, 0.0, 0.0, 0.0, 1.0, 0.0, 0.0, 0.0, 0.0, 0.0, 1.0 ], [ 0.0, 1.0, 0.0, 0.0, 0.0, 0.0, 1.0, 0.0, 1.0, 0.0, 0.0, 0.0, 0.0, 0.0, 0.0, 1.0 ], [ 0.809017, 0.309017, 0.5, 0.0, 0.309017, 0.5, -0.809017, 0.0, -0.5, 0.809017, 0.309017, 0.0, 0.0, 0.0, 0.0, 1.0 ], [ -0.5, 0.809017, 0.309017, 0.0, 0.809017, 0.309017, 0.5, 0.0, 0.309017, 0.5, -0.809017, 0.0, 0.0, 0.0, 0.0, 1.0 ], [ 0.309017, 0.5, -0.809017, 0.0, -0.5, 0.809017, 0.309017, 0.0, 0.809017, 0.309017, 0.5, 0.0, 0.0, 0.0, 0.0, 1.0 ], [ 0.5, 0.809017, 0.309017, 0.0, 0.809017, -0.309017, -0.5, 0.0, -0.309017, 0.5, -0.809017, 0.0, 0.0, 0.0, 0.0, 1.0 ], [ -0.309017, 0.5, -0.809017, 0.0, 0.5, 0.809017, 0.309017, 0.0, 0.809017, -0.309017, -0.5, 0.0, 0.0, 0.0, 0.0, 1.0 ], [ 0.809017, -0.309017, -0.5, 0.0, -0.309017, 0.5, -0.809017, 0.0, 0.5, 0.809017, 0.309017, 0.0, 0.0, 0.0, 0.0, 1.0 ], [ 0.5, 0.809017, -0.309017, 0.0, 0.809017, -0.309017, 0.5, 0.0, 0.309017, -0.5, -0.809017, 0.0, 0.0, 0.0, 0.0, 1.0 ], [ 0.309017, -0.5, -0.809017, 0.0, 0.5, 0.809017, -0.309017, 0.0, 0.809017, -0.309017, 0.5, 0.0, 0.0, 0.0, 0.0, 1.0 ], [ 0.809017, -0.309017, 0.5, 0.0, 0.309017, -0.5, -0.809017, 0.0, 0.5, 0.809017, -0.309017, 0.0, 0.0, 0.0, 0.0, 1.0 ], [ 0.809017, 0.309017, -0.5, 0.0, 0.309017, 0.5, 0.809017, 0.0, 0.5, -0.809017, 0.309017, 0.0, 0.0, 0.0, 0.0, 1.0 ], [ 0.5, -0.809017, 0.309017, 0.0, 0.809017, 0.309017, -0.5, 0.0, 0.309017, 0.5, 0.809017, 0.0, 0.0, 0.0, 0.0, 1.0 ], [ 0.309017, 0.5, 0.809017, 0.0, 0.5, -0.809017, 0.309017, 0.0, 0.809017, 0.309017, -0.5, 0.0, 0.0, 0.0, 0.0, 1.0 ], [ 1.0, 0.0, 0.0, 0.0, 0.0, -1.0, 0.0, 0.0, 0.0, 0.0, -1.0, 0.0, 0.0, 0.0, 0.0, 1.0 ], [ 0.0, 0.0, 1.0, 0.0, -1.0, 0.0, 0.0, 0.0, 0.0, -1.0, 0.0, 0.0, 0.0, 0.0, 0.0, 1.0 ], [ 0.0, 1.0, 0.0, 0.0, 0.0, 0.0, -1.0, 0.0, -1.0, 0.0, 0.0, 0.0, 0.0, 0.0, 0.0, 1.0 ], [ 0.809017, 0.309017, 0.5, 0.0, -0.309017, -0.5, 0.809017, 0.0, 0.5, -0.809017, -0.309017, 0.0, 0.0, 0.0, 0.0, 1.0 ], [ -0.5, 0.809017, 0.309017, 0.0, -0.809017, -0.309017, -0.5, 0.0, -0.309017, -0.5, 0.809017, 0.0, 0.0, 0.0, 0.0, 1.0 ], [ 0.309017, 0.5, -0.809017, 0.0, 0.5, -0.809017, -0.309017, 0.0, -0.809017, -0.309017, -0.5, 0.0, 0.0, 0.0, 0.0, 1.0 ], [ 0.5, 0.809017, 0.309017, 0.0, -0.809017, 0.309017, 0.5, 0.0, 0.309017, -0.5, 0.809017, 0.0, 0.0, 0.0, 0.0, 1.0 ], [ -0.309017, 0.5, -0.809017, 0.0, -0.5, -0.809017, -0.309017, 0.0, -0.809017, 0.309017, 0.5, 0.0, 0.0, 0.0, 0.0, 1.0 ], [ 0.809017, -0.309017, -0.5, 0.0, 0.309017, -0.5, 0.809017, 0.0, -0.5, -0.809017, -0.309017, 0.0, 0.0, 0.0, 0.0, 1.0 ], [ 0.5, 0.809017, -0.309017, 0.0, -0.809017, 0.309017, -0.5, 0.0, -0.309017, 0.5, 0.809017, 0.0, 0.0, 0.0, 0.0, 1.0 ], [ 0.309017, -0.5, -0.809017, 0.0, -0.5, -0.809017, 0.309017, 0.0, -0.809017, 0.309017, -0.5, 0.0, 0.0, 0.0, 0.0, 1.0 ], [ 0.809017, -0.309017, 0.5, 0.0, -0.309017, 0.5, 0.809017, 0.0, -0.5, -0.809017, 0.309017, 0.0, 0.0, 0.0, 0.0, 1.0 ], [ 0.809017, 0.309017, -0.5, 0.0, -0.309017, -0.5, -0.809017, 0.0, -0.5, 0.809017, -0.309017, 0.0, 0.0, 0.0, 0.0, 1.0 ], [ 0.5, -0.809017, 0.309017, 0.0, -0.809017, -0.309017, 0.5, 0.0, -0.309017, -0.5, -0.809017, 0.0, 0.0, 0.0, 0.0, 1.0 ], [ 0.309017, 0.5, 0.809017, 0.0, -0.5, 0.809017, -0.309017, 0.0, -0.809017, -0.309017, 0.5, 0.0, 0.0, 0.0, 0.0, 1.0 ], [ -1.0, 0.0, 0.0, 0.0, 0.0, -1.0, 0.0, 0.0, 0.0, 0.0, 1.0, 0.0, 0.0, 0.0, 0.0, 1.0 ], [ 0.0, 0.0, -1.0, 0.0, -1.0, 0.0, 0.0, 0.0, 0.0, 1.0, 0.0, 0.0, 0.0, 0.0, 0.0, 1.0 ], [ 0.0, -1.0, 0.0, 0.0, 0.0, 0.0, -1.0, 0.0, 1.0, 0.0, 0.0, 0.0, 0.0, 0.0, 0.0, 1.0 ], [ -0.809017, -0.309017, -0.5, 0.0, -0.309017, -0.5, 0.809017, 0.0, -0.5, 0.809017, 0.309017, 0.0, 0.0, 0.0, 0.0, 1.0 ], [ 0.5, -0.809017, -0.309017, 0.0, -0.809017, -0.309017, -0.5, 0.0, 0.309017, 0.5, -0.809017, 0.0, 0.0, 0.0, 0.0, 1.0 ], [ -0.309017, -0.5, 0.809017, 0.0, 0.5, -0.809017, -0.309017, 0.0, 0.809017, 0.309017, 0.5, 0.0, 0.0, 0.0, 0.0, 1.0 ], [ -0.5, -0.809017, -0.309017, 0.0, -0.809017, 0.309017, 0.5, 0.0, -0.309017, 0.5, -0.809017, 0.0, 0.0, 0.0, 0.0, 1.0 ], [ 0.309017, -0.5, 0.809017, 0.0, -0.5, -0.809017, -0.309017, 0.0, 0.809017, -0.309017, -0.5, 0.0, 0.0, 0.0, 0.0, 1.0 ], [ -0.809017, 0.309017, 0.5, 0.0, 0.309017, -0.5, 0.809017, 0.0, 0.5, 0.809017, 0.309017, 0.0, 0.0, 0.0, 0.0, 1.0 ], [ -0.5, -0.809017, 0.309017, 0.0, -0.809017, 0.309017, -0.5, 0.0, 0.309017, -0.5, -0.809017, 0.0, 0.0, 0.0, 0.0, 1.0 ], [ -0.309017, 0.5, 0.809017, 0.0, -0.5, -0.809017, 0.309017, 0.0, 0.809017, -0.309017, 0.5, 0.0, 0.0, 0.0, 0.0, 1.0 ], [ -0.809017, 0.309017, -0.5, 0.0, -0.309017, 0.5, 0.809017, 0.0, 0.5, 0.809017, -0.309017, 0.0, 0.0, 0.0, 0.0, 1.0 ], [ -0.809017, -0.309017, 0.5, 0.0, -0.309017, -0.5, -0.809017, 0.0, 0.5, -0.809017, 0.309017, 0.0, 0.0, 0.0, 0.0, 1.0 ], [ -0.5, 0.809017, -0.309017, 0.0, -0.809017, -0.309017, 0.5, 0.0, 0.309017, 0.5, 0.809017, 0.0, 0.0, 0.0, 0.0, 1.0 ], [ -0.309017, -0.5, -0.809017, 0.0, -0.5, 0.809017, -0.309017, 0.0, 0.809017, 0.309017, -0.5, 0.0, 0.0, 0.0, 0.0, 1.0 ], [ -1.0, 0.0, 0.0, 0.0, 0.0, 1.0, 0.0, 0.0, 0.0, 0.0, -1.0, 0.0, 0.0, 0.0, 0.0, 1.0 ], [ 0.0, 0.0, -1.0, 0.0, 1.0, 0.0, 0.0, 0.0, 0.0, -1.0, 0.0, 0.0, 0.0, 0.0, 0.0, 1.0 ], [ 0.0, -1.0, 0.0, 0.0, 0.0, 0.0, 1.0, 0.0, -1.0, 0.0, 0.0, 0.0, 0.0, 0.0, 0.0, 1.0 ], [ -0.809017, -0.309017, -0.5, 0.0, 0.309017, 0.5, -0.809017, 0.0, 0.5, -0.809017, -0.309017, 0.0, 0.0, 0.0, 0.0, 1.0 ], [ 0.5, -0.809017, -0.309017, 0.0, 0.809017, 0.309017, 0.5, 0.0, -0.309017, -0.5, 0.809017, 0.0, 0.0, 0.0, 0.0, 1.0 ], [ -0.309017, -0.5, 0.809017, 0.0, -0.5, 0.809017, 0.309017, 0.0, -0.809017, -0.309017, -0.5, 0.0, 0.0, 0.0, 0.0, 1.0 ], [ -0.5, -0.809017, -0.309017, 0.0, 0.809017, -0.309017, -0.5, 0.0, 0.309017, -0.5, 0.809017, 0.0, 0.0, 0.0, 0.0, 1.0 ], [ 0.309017, -0.5, 0.809017, 0.0, 0.5, 0.809017, 0.309017, 0.0, -0.809017, 0.309017, 0.5, 0.0, 0.0, 0.0, 0.0, 1.0 ], [ -0.809017, 0.309017, 0.5, 0.0, -0.309017, 0.5, -0.809017, 0.0, -0.5, -0.809017, -0.309017, 0.0, 0.0, 0.0, 0.0, 1.0 ], [ -0.5, -0.809017, 0.309017, 0.0, 0.809017, -0.309017, 0.5, 0.0, -0.309017, 0.5, 0.809017, 0.0, 0.0, 0.0, 0.0, 1.0 ], [ -0.309017, 0.5, 0.809017, 0.0, 0.5, 0.809017, -0.309017, 0.0, -0.809017, 0.309017, -0.5, 0.0, 0.0, 0.0, 0.0, 1.0 ], [ -0.809017, 0.309017, -0.5, 0.0, 0.309017, -0.5, -0.809017, 0.0, -0.5, -0.809017, 0.309017, 0.0, 0.0, 0.0, 0.0, 1.0 ], [ -0.809017, -0.309017, 0.5, 0.0, 0.309017, 0.5, 0.809017, 0.0, -0.5, 0.809017, -0.309017, 0.0, 0.0, 0.0, 0.0, 1.0 ], [ -0.5, 0.809017, -0.309017, 0.0, 0.809017, 0.309017, -0.5, 0.0, -0.309017, -0.5, -0.809017, 0.0, 0.0, 0.0, 0.0, 1.0 ], [ -0.309017, -0.5, -0.809017, 0.0, 0.5, -0.809017, 0.309017, 0.0, -0.809017, -0.309017, 0.5, 0.0, 0.0, 0.0, 0.0, 1.0 ] ],
  "lights" : {
    "backgroundColor" : "#D7DADC",
    "ambientColor" : "#292929",
    "directionalLights" : [ {
      "direction" : {
        "x" : 1.0,
        "y" : -1.0,
        "z" : -1.0
      },
      "color" : "#EBEBE4"
    }, {
      "direction" : {
        "x" : -1.0,
        "y" : 0.0,
        "z" : 0.0
      },
      "color" : "#E4E4EB"
    }, {
      "direction" : {
        "x" : 0.0,
        "y" : 0.0,
        "z" : -1.0
      },
      "color" : "#1E1E1E"
    } ]
  },
  "camera" : {
    "width" : 55.167347,
    "stereo" : false,
    "viewDistance" : 122.59417,
    "nearClipDistance" : 0.3064855,
    "farClipDistance" : 245.1888,
    "fieldOfView" : 0.44262865,
    "perspective" : false,
    "lookAtPoint" : {
      "x" : 0.0,
      "y" : 0.0,
      "z" : 0.0
    },
    "lookDirection" : {
      "x" : 0.0,
      "y" : 0.0,
      "z" : -1.0
    },
    "upDirection" : {
      "x" : 0.0,
      "y" : 1.0,
      "z" : 0.0
    },
    "position" : {
      "x" : 0.0,
      "y" : 0.0,
      "z" : 122.59417
    }
  },
  "embedding" : [ 1.0, 0.0, 0.0, 0.0, 0.0, 1.0, 0.0, 0.0, 0.0, 0.0, 1.0, 0.0, 0.0, 0.0, 0.0, 1.0 ],
  "shapes" : [ {
    "id" : "5fab674e-0304-45ea-9e4f-4c7653fddba1",
    "vertices" : [ {
      "x" : 2.427051,
      "y" : 5.0,
      "z" : -1.927051
    }, {
      "x" : 0.14589803,
      "y" : 0.32623792,
      "z" : -0.14589803
    }, {
      "x" : 0.690983,
      "y" : 0.66311896,
      "z" : -0.38196602
    }, {
      "x" : 0.572949,
      "y" : 0.85410196,
      "z" : -0.072949015
    }, {
      "x" : 2.472136,
      "y" : 5.527864,
      "z" : -2.472136
    }, {
      "x" : 2.545085,
      "y" : 4.809017,
      "z" : -2.236068
    }, {
      "x" : 2.0225425,
      "y" : 4.9635253,
      "z" : -2.531153
    }, {
      "x" : 1.9045085,
      "y" : 5.1545086,
      "z" : -2.222136
    }, {
      "x" : 0.16844052,
      "y" : 0.81762743,
      "z" : -0.677051
    }, {
      "x" : 0.05040653,
      "y" : 1.0086105,
      "z" : -0.36803398
    }, {
      "x" : 2.618034,
      "y" : 5.854102,
      "z" : -2.618034
    } ],
    "faces" : [ {
      "vertices" : [ 4, 6, 7 ]
    }, {
      "vertices" : [ 1, 9, 8 ]
    }, {
      "vertices" : [ 0, 7, 9 ]
    }, {
      "vertices" : [ 0, 9, 3 ]
    }, {
      "vertices" : [ 2, 8, 6 ]
    }, {
      "vertices" : [ 2, 6, 5 ]
    }, {
      "vertices" : [ 1, 2, 3 ]
    }, {
      "vertices" : [ 0, 5, 4 ]
    }, {
      "vertices" : [ 0, 3, 2 ]
    }, {
      "vertices" : [ 0, 2, 5 ]
    }, {
      "vertices" : [ 0, 4, 7 ]
    }, {
      "vertices" : [ 1, 8, 2 ]
    }, {
      "vertices" : [ 1, 3, 9 ]
    }, {
      "vertices" : [ 6, 8, 9 ]
    }, {
      "vertices" : [ 6, 9, 7 ]
    }, {
      "vertices" : [ 4, 5, 6 ]
    } ]
  }, {
    "id" : "ee114fe8-bf78-4662-b547-799772bf4b71",
    "vertices" : [ {
      "x" : 0.809017,
      "y" : 0.618034,
      "z" : -0.19098301
    }, {
      "x" : 0.809017,
      "y" : 0.0,
      "z" : -0.19098301
    }, {
      "x" : 0.309017,
      "y" : 0.11803399,
      "z" : 0.0
    }, {
      "x" : 6.045085,
      "y" : 2.618034,
      "z" : 0.19098301
    }, {
      "x" : 0.809017,
      "y" : 0.618034,
      "z" : 0.19098301
    }, {
      "x" : 0.809017,
      "y" : 0.0,
      "z" : 0.19098301
    }, {
      "x" : 6.045085,
      "y" : 2.0,
      "z" : 0.19098301
    }, {
      "x" : 6.545085,
      "y" : 2.5,
      "z" : 0.0
    }, {
      "x" : 6.045085,
      "y" : 2.618034,
      "z" : -0.19098301
    }, {
      "x" : 6.854102,
      "y" : 2.618034,
      "z" : 0.0
    }, {
      "x" : 6.045085,
      "y" : 2.0,
      "z" : -0.19098301
    } ],
    "faces" : [ {
      "vertices" : [ 3, 6, 7 ]
    }, {
      "vertices" : [ 3, 4, 5 ]
    }, {
      "vertices" : [ 3, 5, 6 ]
    }, {
      "vertices" : [ 3, 7, 8 ]
    }, {
      "vertices" : [ 0, 1, 2 ]
    }, {
      "vertices" : [ 0, 8, 10 ]
    }, {
      "vertices" : [ 0, 10, 1 ]
    }, {
      "vertices" : [ 1, 10, 6 ]
    }, {
      "vertices" : [ 1, 6, 5 ]
    }, {
      "vertices" : [ 0, 2, 4 ]
    }, {
      "vertices" : [ 6, 10, 7 ]
    }, {
      "vertices" : [ 1, 5, 2 ]
    }, {
      "vertices" : [ 7, 10, 8 ]
    }, {
      "vertices" : [ 2, 5, 4 ]
    }, {
      "vertices" : [ 0, 4, 3 ]
    }, {
      "vertices" : [ 0, 3, 8 ]
    } ]
  }, {
    "id" : "ef80898d-c28c-4e93-b939-e5e7af10df4f",
    "vertices" : [ {
      "x" : 8.663119,
      "y" : 3.309017,
      "z" : -1.263932
    }, {
      "x" : 8.281153,
      "y" : 2.854102,
      "z" : -1.072949
    }, {
      "x" : 8.118034,
      "y" : 3.118034,
      "z" : -1.5
    }, {
      "x" : 8.045085,
      "y" : 3.381966,
      "z" : -1.309017
    }, {
      "x" : 0.85410196,
      "y" : 0.309017,
      "z" : 0.19098301
    }, {
      "x" : 0.690983,
      "y" : 0.572949,
      "z" : -0.23606798
    }, {
      "x" : 0.309017,
      "y" : 0.11803399,
      "z" : -0.045084972
    }, {
      "x" : 0.76393205,
      "y" : 0.309017,
      "z" : -0.42705098
    }, {
      "x" : 0.927051,
      "y" : 0.045084972,
      "z" : 0.0
    }, {
      "x" : 8.208204,
      "y" : 3.118034,
      "z" : -0.881966
    }, {
      "x" : 8.972136,
      "y" : 3.427051,
      "z" : -1.309017
    } ],
    "faces" : [ {
      "vertices" : [ 2, 7, 5 ]
    }, {
      "vertices" : [ 2, 5, 3 ]
    }, {
      "vertices" : [ 1, 8, 7 ]
    }, {
      "vertices" : [ 1, 7, 2 ]
    }, {
      "vertices" : [ 4, 6, 8 ]
    }, {
      "vertices" : [ 5, 7, 6 ]
    }, {
      "vertices" : [ 0, 1, 2 ]
    }, {
      "vertices" : [ 0, 2, 3 ]
    }, {
      "vertices" : [ 6, 7, 8 ]
    }, {
      "vertices" : [ 3, 5, 4 ]
    }, {
      "vertices" : [ 3, 4, 9 ]
    }, {
      "vertices" : [ 1, 9, 4 ]
    }, {
      "vertices" : [ 1, 4, 8 ]
    }, {
      "vertices" : [ 0, 9, 1 ]
    }, {
      "vertices" : [ 0, 3, 9 ]
    }, {
      "vertices" : [ 4, 5, 6 ]
    } ]
  }, {
    "id" : "3d9d2230-df39-4e13-a9b6-be2ea6d24975",
    "vertices" : [ {
      "x" : 0.309017,
      "y" : -0.309017,
      "z" : -0.309017
    }, {
      "x" : 0.5,
      "y" : 0.0,
      "z" : -0.19098301
    }, {
      "x" : 0.5,
      "y" : 0.0,
      "z" : 0.19098301
    }, {
      "x" : 0.309017,
      "y" : -0.309017,
      "z" : 0.309017
    }, {
      "x" : 0.19098301,
      "y" : -0.5,
      "z" : 0.0
    }, {
      "x" : 0.0,
      "y" : 0.19098301,
      "z" : 0.5
    }, {
      "x" : 0.0,
      "y" : -0.19098301,
      "z" : 0.5
    }, {
      "x" : 0.309017,
      "y" : 0.309017,
      "z" : 0.309017
    }, {
      "x" : -0.309017,
      "y" : -0.309017,
      "z" : 0.309017
    }, {
      "x" : -0.309017,
      "y" : 0.309017,
      "z" : 0.309017
    }, {
      "x" : -0.5,
      "y" : 0.0,
      "z" : 0.19098301
    }, {
      "x" : 0.0,
      "y" : -0.19098301,
      "z" : -0.5
    }, {
      "x" : 0.0,
      "y" : 0.19098301,
      "z" : -0.5
    }, {
      "x" : 0.309017,
      "y" : 0.309017,
      "z" : -0.309017
    }, {
      "x" : -0.309017,
      "y" : -0.309017,
      "z" : -0.309017
    }, {
      "x" : -0.19098301,
      "y" : -0.5,
      "z" : 0.0
    }, {
      "x" : -0.5,
      "y" : 0.0,
      "z" : -0.19098301
    }, {
      "x" : 0.19098301,
      "y" : 0.5,
      "z" : 0.0
    }, {
      "x" : -0.309017,
      "y" : 0.309017,
      "z" : -0.309017
    }, {
      "x" : 0.0,
      "y" : 0.0,
      "z" : 0.0
    }, {
      "x" : -0.19098301,
      "y" : 0.5,
      "z" : 0.0
    } ],
    "faces" : [ {
      "vertices" : [ 12, 18, 20 ]
    }, {
      "vertices" : [ 12, 20, 17 ]
    }, {
      "vertices" : [ 12, 17, 13 ]
    }, {
      "vertices" : [ 3, 6, 8 ]
    }, {
      "vertices" : [ 3, 8, 15 ]
    }, {
      "vertices" : [ 3, 15, 4 ]
    }, {
      "vertices" : [ 0, 11, 12 ]
    }, {
      "vertices" : [ 0, 12, 13 ]
    }, {
      "vertices" : [ 0, 13, 1 ]
    }, {
      "vertices" : [ 5, 9, 10 ]
    }, {
      "vertices" : [ 5, 10, 8 ]
    }, {
      "vertices" : [ 5, 8, 6 ]
    }, {
      "vertices" : [ 2, 7, 5 ]
    }, {
      "vertices" : [ 2, 5, 6 ]
    }, {
      "vertices" : [ 2, 6, 3 ]
    }, {
      "vertices" : [ 11, 14, 16 ]
    }, {
      "vertices" : [ 11, 16, 18 ]
    }, {
      "vertices" : [ 11, 18, 12 ]
    }, {
      "vertices" : [ 1, 13, 17 ]
    }, {
      "vertices" : [ 1, 17, 7 ]
    }, {
      "vertices" : [ 1, 7, 2 ]
    }, {
      "vertices" : [ 9, 20, 18 ]
    }, {
      "vertices" : [ 9, 18, 16 ]
    }, {
      "vertices" : [ 9, 16, 10 ]
    }, {
      "vertices" : [ 0, 1, 2 ]
    }, {
      "vertices" : [ 0, 2, 3 ]
    }, {
      "vertices" : [ 0, 3, 4 ]
    }, {
      "vertices" : [ 5, 7, 17 ]
    }, {
      "vertices" : [ 5, 17, 20 ]
    }, {
      "vertices" : [ 5, 20, 9 ]
    }, {
      "vertices" : [ 0, 4, 15 ]
    }, {
      "vertices" : [ 0, 15, 14 ]
    }, {
      "vertices" : [ 0, 14, 11 ]
    }, {
      "vertices" : [ 8, 10, 16 ]
    }, {
      "vertices" : [ 8, 16, 14 ]
    }, {
      "vertices" : [ 8, 14, 15 ]
    } ]
  }, {
    "id" : "47ba5068-9e36-4136-82f4-6c395261cb64",
    "vertices" : [ {
      "x" : 0.9045085,
      "y" : 0.3454915,
      "z" : 0.25
    }, {
      "x" : 6.1405764,
      "y" : 3.5815594,
      "z" : 0.25
    }, {
      "x" : 5.9495935,
      "y" : 3.8905764,
      "z" : 0.25
    }, {
      "x" : 0.7135255,
      "y" : 0.6545085,
      "z" : 0.25
    }, {
      "x" : 0.809017,
      "y" : 0.5,
      "z" : -0.309017
    }, {
      "x" : 0.9635255,
      "y" : 0.25,
      "z" : -0.095491506
    }, {
      "x" : 0.309017,
      "y" : 0.19098301,
      "z" : 0.0
    }, {
      "x" : 6.545085,
      "y" : 4.045085,
      "z" : 0.0
    }, {
      "x" : 5.8905764,
      "y" : 3.986068,
      "z" : -0.095491506
    }, {
      "x" : 6.045085,
      "y" : 3.736068,
      "z" : -0.309017
    }, {
      "x" : 6.854102,
      "y" : 4.236068,
      "z" : 0.0
    }, {
      "x" : 0.6545085,
      "y" : 0.75,
      "z" : -0.095491506
    }, {
      "x" : 6.1995935,
      "y" : 3.486068,
      "z" : -0.095491506
    } ],
    "faces" : [ {
      "vertices" : [ 4, 11, 8 ]
    }, {
      "vertices" : [ 4, 8, 9 ]
    }, {
      "vertices" : [ 0, 1, 2 ]
    }, {
      "vertices" : [ 0, 2, 3 ]
    }, {
      "vertices" : [ 0, 3, 6 ]
    }, {
      "vertices" : [ 1, 7, 2 ]
    }, {
      "vertices" : [ 0, 6, 5 ]
    }, {
      "vertices" : [ 4, 5, 6 ]
    }, {
      "vertices" : [ 2, 7, 8 ]
    }, {
      "vertices" : [ 0, 5, 12 ]
    }, {
      "vertices" : [ 0, 12, 1 ]
    }, {
      "vertices" : [ 1, 12, 7 ]
    }, {
      "vertices" : [ 3, 11, 6 ]
    }, {
      "vertices" : [ 4, 6, 11 ]
    }, {
      "vertices" : [ 7, 9, 8 ]
    }, {
      "vertices" : [ 2, 8, 11 ]
    }, {
      "vertices" : [ 2, 11, 3 ]
    }, {
      "vertices" : [ 7, 12, 9 ]
    }, {
      "vertices" : [ 4, 9, 12 ]
    }, {
      "vertices" : [ 4, 12, 5 ]
    } ]
  }, {
    "id" : "bb9bca52-de84-4fb7-b916-af4a998f3a9f",
    "vertices" : [ {
      "x" : 1.0,
      "y" : 0.309017,
      "z" : 0.19098301
    }, {
      "x" : 1.0,
      "y" : -0.309017,
      "z" : 0.19098301
    }, {
      "x" : 12.708204,
      "y" : -0.309017,
      "z" : 0.19098301
    }, {
      "x" : 12.708204,
      "y" : 0.309017,
      "z" : 0.19098301
    }, {
      "x" : 12.708204,
      "y" : -0.309017,
      "z" : -0.19098301
    }, {
      "x" : 12.708204,
      "y" : 0.309017,
      "z" : -0.19098301
    }, {
      "x" : 13.326238,
      "y" : 0.0,
      "z" : 0.0
    }, {
      "x" : 0.38196602,
      "y" : 0.0,
      "z" : 0.0
    }, {
      "x" : 1.0,
      "y" : 0.309017,
      "z" : -0.19098301
    }, {
      "x" : 1.0,
      "y" : -0.309017,
      "z" : -0.19098301
    }, {
      "x" : 13.708204,
      "y" : 0.0,
      "z" : 0.0
    } ],
    "faces" : [ {
      "vertices" : [ 1, 9, 4 ]
    }, {
      "vertices" : [ 1, 4, 2 ]
    }, {
      "vertices" : [ 0, 3, 5 ]
    }, {
      "vertices" : [ 0, 5, 8 ]
    }, {
      "vertices" : [ 1, 7, 9 ]
    }, {
      "vertices" : [ 0, 1, 2 ]
    }, {
      "vertices" : [ 0, 2, 3 ]
    }, {
      "vertices" : [ 7, 8, 9 ]
    }, {
      "vertices" : [ 0, 7, 1 ]
    }, {
      "vertices" : [ 4, 9, 8 ]
    }, {
      "vertices" : [ 4, 8, 5 ]
    }, {
      "vertices" : [ 2, 6, 3 ]
    }, {
      "vertices" : [ 2, 4, 6 ]
    }, {
      "vertices" : [ 3, 6, 5 ]
    }, {
      "vertices" : [ 4, 5, 6 ]
    }, {
      "vertices" : [ 0, 8, 7 ]
    } ]
  } ],
  "instances" : [ {
    "shape" : "5fab674e-0304-45ea-9e4f-4c7653fddba1",
    "color" : "#750032",
    "position" : {
      "x" : 7.854102,
      "y" : -6.854102,
      "z" : 0.0
    },
    "orientation" : 10
  }, {
    "shape" : "ee114fe8-bf78-4662-b547-799772bf4b71",
    "color" : "#6C00C6",
    "position" : {
      "x" : -6.854102,
      "y" : 6.854102,
      "z" : 6.854102
    },
    "orientation" : 0
  }, {
    "shape" : "ef80898d-c28c-4e93-b939-e5e7af10df4f",
    "color" : "#008D36",
    "position" : {
      "x" : 0.0,
      "y" : 0.0,
      "z" : -6.854102
    },
    "orientation" : 52
  }, {
    "shape" : "3d9d2230-df39-4e13-a9b6-be2ea6d24975",
    "color" : "#FFFFFF",
    "position" : {
      "x" : 0.0,
      "y" : -2.618034,
      "z" : -9.472136
    }
  }, {
    "shape" : "47ba5068-9e36-4136-82f4-6c395261cb64",
    "color" : "#AF0000",
    "position" : {
      "x" : -6.854102,
      "y" : -6.854102,
      "z" : -6.854102
    },
    "orientation" : 15
  }, {
    "shape" : "bb9bca52-de84-4fb7-b916-af4a998f3a9f",
    "color" : "#007695",
    "position" : {
      "x" : -6.854102,
      "y" : -6.854102,
      "z" : -6.854102
    },
    "orientation" : 2
  }, {
    "shape" : "3d9d2230-df39-4e13-a9b6-be2ea6d24975",
    "color" : "#FFFFFF",
    "position" : {
      "x" : 6.854102,
      "y" : 0.0,
      "z" : 11.09017
    }
  }, {
    "shape" : "ef80898d-c28c-4e93-b939-e5e7af10df4f",
    "color" : "#008D36",
    "position" : {
      "x" : -6.854102,
      "y" : 0.0,
      "z" : 0.0
    },
    "orientation" : 53
  }, {
    "shape" : "ee114fe8-bf78-4662-b547-799772bf4b71",
    "color" : "#6C00C6",
    "position" : {
      "x" : 2.618034,
      "y" : -9.472136,
      "z" : 0.0
    },
    "orientation" : 47
  }, {
    "shape" : "ee114fe8-bf78-4662-b547-799772bf4b71",
    "color" : "#6C00C6",
    "position" : {
      "x" : 6.854102,
      "y" : 6.854102,
      "z" : 6.854102
    },
    "orientation" : 17
  }, {
    "shape" : "ef80898d-c28c-4e93-b939-e5e7af10df4f",
    "color" : "#008D36",
    "position" : {
      "x" : -6.854102,
      "y" : 0.0,
      "z" : 13.708204
    },
    "orientation" : 53
  }, {
    "shape" : "3d9d2230-df39-4e13-a9b6-be2ea6d24975",
    "color" : "#FFFFFF",
    "position" : {
      "x" : 6.854102,
      "y" : 0.0,
      "z" : -13.708204
    }
  }, {
    "shape" : "47ba5068-9e36-4136-82f4-6c395261cb64",
    "color" : "#AF0000",
    "position" : {
      "x" : 0.0,
      "y" : -4.236068,
      "z" : 11.09017
    },
    "orientation" : 0
  }, {
    "shape" : "ef80898d-c28c-4e93-b939-e5e7af10df4f",
    "color" : "#008D36",
    "position" : {
      "x" : 0.0,
      "y" : 6.854102,
      "z" : -13.708204
    },
    "orientation" : 21
  }, {
    "shape" : "3d9d2230-df39-4e13-a9b6-be2ea6d24975",
    "color" : "#FFFFFF",
    "position" : {
      "x" : -6.854102,
      "y" : 0.0,
      "z" : 11.09017
    }
  }, {
    "shape" : "3d9d2230-df39-4e13-a9b6-be2ea6d24975",
    "color" : "#FFFFFF",
    "position" : {
      "x" : 9.472136,
      "y" : 6.854102,
      "z" : 0.0
    }
  }, {
    "shape" : "47ba5068-9e36-4136-82f4-6c395261cb64",
    "color" : "#AF0000",
    "position" : {
      "x" : 11.09017,
      "y" : 0.0,
      "z" : 4.236068
    },
    "orientation" : 32
  }, {
    "shape" : "47ba5068-9e36-4136-82f4-6c395261cb64",
    "color" : "#AF0000",
    "position" : {
      "x" : -6.854102,
      "y" : 6.854102,
      "z" : 6.854102
    },
    "orientation" : 0
  }, {
    "shape" : "ee114fe8-bf78-4662-b547-799772bf4b71",
    "color" : "#6C00C6",
    "position" : {
      "x" : 6.854102,
      "y" : -6.854102,
      "z" : -6.854102
    },
    "orientation" : 2
  }, {
    "shape" : "47ba5068-9e36-4136-82f4-6c395261cb64",
    "color" : "#AF0000",
    "position" : {
      "x" : -11.09017,
      "y" : 0.0,
      "z" : -4.236068
    },
    "orientation" : 1
  }, {
    "shape" : "47ba5068-9e36-4136-82f4-6c395261cb64",
    "color" : "#AF0000",
    "position" : {
      "x" : 6.854102,
      "y" : 6.854102,
      "z" : -6.854102
    },
    "orientation" : 2
  }, {
    "shape" : "5fab674e-0304-45ea-9e4f-4c7653fddba1",
    "color" : "#750032",
    "position" : {
      "x" : 6.854102,
      "y" : -6.854102,
      "z" : -6.854102
    },
    "orientation" : 54
  }, {
    "shape" : "bb9bca52-de84-4fb7-b916-af4a998f3a9f",
    "color" : "#007695",
    "position" : {
      "x" : -6.854102,
      "y" : 6.854102,
      "z" : 6.854102
    },
    "orientation" : 16
  }, {
    "shape" : "47ba5068-9e36-4136-82f4-6c395261cb64",
    "color" : "#AF0000",
    "position" : {
      "x" : -6.854102,
      "y" : -6.854102,
      "z" : -6.854102
    },
    "orientation" : 46
  }, {
    "shape" : "ee114fe8-bf78-4662-b547-799772bf4b71",
    "color" : "#6C00C6",
    "position" : {
      "x" : -6.854102,
      "y" : 6.854102,
      "z" : -6.854102
    },
    "orientation" : 16
  }, {
    "shape" : "3d9d2230-df39-4e13-a9b6-be2ea6d24975",
    "color" : "#FFFFFF",
    "position" : {
      "x" : -4.236068,
      "y" : -11.09017,
      "z" : 0.0
    }
  }, {
    "shape" : "5fab674e-0304-45ea-9e4f-4c7653fddba1",
    "color" : "#750032",
    "position" : {
      "x" : 6.854102,
      "y" : 6.854102,
      "z" : 6.854102
    },
    "orientation" : 25
  }, {
    "shape" : "5fab674e-0304-45ea-9e4f-4c7653fddba1",
    "color" : "#750032",
    "position" : {
      "x" : -6.854102,
      "y" : 0.0,
      "z" : -7.854102
    },
    "orientation" : 11
  }, {
    "shape" : "ee114fe8-bf78-4662-b547-799772bf4b71",
    "color" : "#6C00C6",
    "position" : {
      "x" : 0.0,
      "y" : -2.618034,
      "z" : -9.472136
    },
    "orientation" : 45
  }, {
    "shape" : "5fab674e-0304-45ea-9e4f-4c7653fddba1",
    "color" : "#750032",
    "position" : {
      "x" : 6.854102,
      "y" : 6.854102,
      "z" : 6.854102
    },
    "orientation" : 56
  }, {
    "shape" : "ef80898d-c28c-4e93-b939-e5e7af10df4f",
    "color" : "#008D36",
    "position" : {
      "x" : 6.854102,
      "y" : -13.708204,
      "z" : 0.0
    },
    "orientation" : 38
  }, {
    "shape" : "3d9d2230-df39-4e13-a9b6-be2ea6d24975",
    "color" : "#FFFFFF",
    "position" : {
      "x" : 6.854102,
      "y" : -13.708204,
      "z" : 0.0
    }
  }, {
    "shape" : "ef80898d-c28c-4e93-b939-e5e7af10df4f",
    "color" : "#008D36",
    "position" : {
      "x" : 0.0,
      "y" : 6.854102,
      "z" : -13.708204
    },
    "orientation" : 36
  }, {
    "shape" : "ee114fe8-bf78-4662-b547-799772bf4b71",
    "color" : "#6C00C6",
    "position" : {
      "x" : -6.854102,
      "y" : 6.854102,
      "z" : 6.854102
    },
    "orientation" : 31
  }, {
    "shape" : "5fab674e-0304-45ea-9e4f-4c7653fddba1",
    "color" : "#750032",
    "position" : {
      "x" : 0.0,
      "y" : 1.0,
      "z" : -7.854102
    },
    "orientation" : 9
  }, {
    "shape" : "ef80898d-c28c-4e93-b939-e5e7af10df4f",
    "color" : "#008D36",
    "position" : {
      "x" : 0.0,
      "y" : -6.854102,
      "z" : -13.708204
    },
    "orientation" : 51
  }, {
    "shape" : "5fab674e-0304-45ea-9e4f-4c7653fddba1",
    "color" : "#750032",
    "position" : {
      "x" : 6.854102,
      "y" : 0.0,
      "z" : -7.854102
    },
    "orientation" : 54
  }, {
    "shape" : "ee114fe8-bf78-4662-b547-799772bf4b71",
    "color" : "#6C00C6",
    "position" : {
      "x" : 6.854102,
      "y" : -6.854102,
      "z" : -6.854102
    },
    "orientation" : 46
  }, {
    "shape" : "ef80898d-c28c-4e93-b939-e5e7af10df4f",
    "color" : "#008D36",
    "position" : {
      "x" : 0.0,
      "y" : -6.854102,
      "z" : 0.0
    },
    "orientation" : 21
  }, {
    "shape" : "47ba5068-9e36-4136-82f4-6c395261cb64",
    "color" : "#AF0000",
    "position" : {
      "x" : -4.236068,
      "y" : -11.09017,
      "z" : 0.0
    },
    "orientation" : 45
  }, {
    "shape" : "bb9bca52-de84-4fb7-b916-af4a998f3a9f",
    "color" : "#007695",
    "position" : {
      "x" : 6.854102,
      "y" : 0.0,
      "z" : 0.0
    },
    "orientation" : 2
  }, {
    "shape" : "ee114fe8-bf78-4662-b547-799772bf4b71",
    "color" : "#6C00C6",
    "position" : {
      "x" : 0.0,
      "y" : 2.618034,
      "z" : -9.472136
    },
    "orientation" : 15
  }, {
    "shape" : "3d9d2230-df39-4e13-a9b6-be2ea6d24975",
    "color" : "#FFFFFF",
    "position" : {
      "x" : 0.0,
      "y" : 0.0,
      "z" : -6.854102
    }
  }, {
    "shape" : "3d9d2230-df39-4e13-a9b6-be2ea6d24975",
    "color" : "#FFFFFF",
    "position" : {
      "x" : -9.472136,
      "y" : -6.854102,
      "z" : 0.0
    }
  }, {
    "shape" : "3d9d2230-df39-4e13-a9b6-be2ea6d24975",
    "color" : "#FFFFFF",
    "position" : {
      "x" : 0.0,
      "y" : 2.618034,
      "z" : 9.472136
    }
  }, {
    "shape" : "5fab674e-0304-45ea-9e4f-4c7653fddba1",
    "color" : "#750032",
    "position" : {
      "x" : 6.854102,
      "y" : -6.854102,
      "z" : -6.854102
    },
    "orientation" : 10
  }, {
    "shape" : "47ba5068-9e36-4136-82f4-6c395261cb64",
    "color" : "#AF0000",
    "position" : {
      "x" : 4.236068,
      "y" : -11.09017,
      "z" : 0.0
    },
    "orientation" : 47
  }, {
    "shape" : "5fab674e-0304-45ea-9e4f-4c7653fddba1",
    "color" : "#750032",
    "position" : {
      "x" : 0.0,
      "y" : 7.854102,
      "z" : -6.854102
    },
    "orientation" : 40
  }, {
    "shape" : "ee114fe8-bf78-4662-b547-799772bf4b71",
    "color" : "#6C00C6",
    "position" : {
      "x" : -6.854102,
      "y" : -6.854102,
      "z" : 6.854102
    },
    "orientation" : 15
  }, {
    "shape" : "3d9d2230-df39-4e13-a9b6-be2ea6d24975",
    "color" : "#FFFFFF",
    "position" : {
      "x" : -6.854102,
      "y" : 0.0,
      "z" : 0.0
    }
  }, {
    "shape" : "3d9d2230-df39-4e13-a9b6-be2ea6d24975",
    "color" : "#FFFFFF",
    "position" : {
      "x" : 6.854102,
      "y" : 13.708204,
      "z" : 0.0
    }
  }, {
    "shape" : "3d9d2230-df39-4e13-a9b6-be2ea6d24975",
    "color" : "#FFFFFF",
    "position" : {
      "x" : -13.708204,
      "y" : -6.854102,
      "z" : 0.0
    }
  }, {
    "shape" : "ee114fe8-bf78-4662-b547-799772bf4b71",
    "color" : "#6C00C6",
    "position" : {
      "x" : -6.854102,
      "y" : 0.0,
      "z" : -9.472136
    },
    "orientation" : 0
  }, {
    "shape" : "3d9d2230-df39-4e13-a9b6-be2ea6d24975",
    "color" : "#FFFFFF",
    "position" : {
      "x" : -6.854102,
      "y" : -6.854102,
      "z" : -6.854102
    }
  }, {
    "shape" : "3d9d2230-df39-4e13-a9b6-be2ea6d24975",
    "color" : "#FFFFFF",
    "position" : {
      "x" : -6.854102,
      "y" : 0.0,
      "z" : -9.472136
    }
  }, {
    "shape" : "3d9d2230-df39-4e13-a9b6-be2ea6d24975",
    "color" : "#FFFFFF",
    "position" : {
      "x" : 9.472136,
      "y" : 0.0,
      "z" : -2.618034
    }
  }, {
    "shape" : "3d9d2230-df39-4e13-a9b6-be2ea6d24975",
    "color" : "#FFFFFF",
    "position" : {
      "x" : 6.854102,
      "y" : -6.854102,
      "z" : 6.854102
    }
  }, {
    "shape" : "ef80898d-c28c-4e93-b939-e5e7af10df4f",
    "color" : "#008D36",
    "position" : {
      "x" : 0.0,
      "y" : -6.854102,
      "z" : -13.708204
    },
    "orientation" : 6
  }, {
    "shape" : "5fab674e-0304-45ea-9e4f-4c7653fddba1",
    "color" : "#750032",
    "position" : {
      "x" : 0.0,
      "y" : 1.0,
      "z" : -7.854102
    },
    "orientation" : 54
  }, {
    "shape" : "3d9d2230-df39-4e13-a9b6-be2ea6d24975",
    "color" : "#FFFFFF",
    "position" : {
      "x" : 0.0,
      "y" : -11.09017,
      "z" : 6.854102
    }
  }, {
    "shape" : "5fab674e-0304-45ea-9e4f-4c7653fddba1",
    "color" : "#750032",
    "position" : {
      "x" : 0.0,
      "y" : -1.0,
      "z" : 7.854102
    },
    "orientation" : 24
  }, {
    "shape" : "3d9d2230-df39-4e13-a9b6-be2ea6d24975",
    "color" : "#FFFFFF",
    "position" : {
      "x" : 0.0,
      "y" : -6.854102,
      "z" : -13.708204
    }
  }, {
    "shape" : "47ba5068-9e36-4136-82f4-6c395261cb64",
    "color" : "#AF0000",
    "position" : {
      "x" : 0.0,
      "y" : 4.236068,
      "z" : 11.09017
    },
    "orientation" : 15
  }, {
    "shape" : "ee114fe8-bf78-4662-b547-799772bf4b71",
    "color" : "#6C00C6",
    "position" : {
      "x" : 2.618034,
      "y" : 9.472136,
      "z" : 0.0
    },
    "orientation" : 32
  }, {
    "shape" : "ee114fe8-bf78-4662-b547-799772bf4b71",
    "color" : "#6C00C6",
    "position" : {
      "x" : 6.854102,
      "y" : -6.854102,
      "z" : -6.854102
    },
    "orientation" : 30
  }, {
    "shape" : "5fab674e-0304-45ea-9e4f-4c7653fddba1",
    "color" : "#750032",
    "position" : {
      "x" : -6.854102,
      "y" : 0.0,
      "z" : 7.854102
    },
    "orientation" : 26
  }, {
    "shape" : "3d9d2230-df39-4e13-a9b6-be2ea6d24975",
    "color" : "#FFFFFF",
    "position" : {
      "x" : -6.854102,
      "y" : 0.0,
      "z" : -11.09017
    }
  }, {
    "shape" : "ee114fe8-bf78-4662-b547-799772bf4b71",
    "color" : "#6C00C6",
    "position" : {
      "x" : 0.0,
      "y" : -9.472136,
      "z" : 6.854102
    },
    "orientation" : 1
  }, {
    "shape" : "47ba5068-9e36-4136-82f4-6c395261cb64",
    "color" : "#AF0000",
    "position" : {
      "x" : -6.854102,
      "y" : -6.854102,
      "z" : 6.854102
    },
    "orientation" : 15
  }, {
    "shape" : "bb9bca52-de84-4fb7-b916-af4a998f3a9f",
    "color" : "#007695",
    "position" : {
      "x" : 6.854102,
      "y" : 6.854102,
      "z" : -6.854102
    },
    "orientation" : 16
  }, {
    "shape" : "5fab674e-0304-45ea-9e4f-4c7653fddba1",
    "color" : "#750032",
    "position" : {
      "x" : -7.854102,
      "y" : -6.854102,
      "z" : 0.0
    },
    "orientation" : 9
  }, {
    "shape" : "ef80898d-c28c-4e93-b939-e5e7af10df4f",
    "color" : "#008D36",
    "position" : {
      "x" : 0.0,
      "y" : 0.0,
      "z" : -6.854102
    },
    "orientation" : 22
  }, {
    "shape" : "3d9d2230-df39-4e13-a9b6-be2ea6d24975",
    "color" : "#FFFFFF",
    "position" : {
      "x" : -11.09017,
      "y" : -6.854102,
      "z" : 0.0
    }
  }, {
    "shape" : "ef80898d-c28c-4e93-b939-e5e7af10df4f",
    "color" : "#008D36",
    "position" : {
      "x" : 0.0,
      "y" : 6.854102,
      "z" : 13.708204
    },
    "orientation" : 21
  }, {
    "shape" : "3d9d2230-df39-4e13-a9b6-be2ea6d24975",
    "color" : "#FFFFFF",
    "position" : {
      "x" : 0.0,
      "y" : -4.236068,
      "z" : 11.09017
    }
  }, {
    "shape" : "ef80898d-c28c-4e93-b939-e5e7af10df4f",
    "color" : "#008D36",
    "position" : {
      "x" : 0.0,
      "y" : -13.708204,
      "z" : -6.854102
    },
    "orientation" : 51
  }, {
    "shape" : "3d9d2230-df39-4e13-a9b6-be2ea6d24975",
    "color" : "#FFFFFF",
    "position" : {
      "x" : -6.854102,
      "y" : 13.708204,
      "z" : 0.0
    }
  }, {
    "shape" : "3d9d2230-df39-4e13-a9b6-be2ea6d24975",
    "color" : "#FFFFFF",
    "position" : {
      "x" : 0.0,
      "y" : 13.708204,
      "z" : -6.854102
    }
  }, {
    "shape" : "5fab674e-0304-45ea-9e4f-4c7653fddba1",
    "color" : "#750032",
    "position" : {
      "x" : -6.854102,
      "y" : -6.854102,
      "z" : -6.854102
    },
    "orientation" : 11
  }, {
    "shape" : "5fab674e-0304-45ea-9e4f-4c7653fddba1",
    "color" : "#750032",
    "position" : {
      "x" : -6.854102,
      "y" : -6.854102,
      "z" : 6.854102
    },
    "orientation" : 55
  }, {
    "shape" : "ef80898d-c28c-4e93-b939-e5e7af10df4f",
    "color" : "#008D36",
    "position" : {
      "x" : 0.0,
      "y" : 6.854102,
      "z" : 0.0
    },
    "orientation" : 6
  }, {
    "shape" : "ee114fe8-bf78-4662-b547-799772bf4b71",
    "color" : "#6C00C6",
    "position" : {
      "x" : -9.472136,
      "y" : -6.854102,
      "z" : 0.0
    },
    "orientation" : 15
  }, {
    "shape" : "ef80898d-c28c-4e93-b939-e5e7af10df4f",
    "color" : "#008D36",
    "position" : {
      "x" : 0.0,
      "y" : -6.854102,
      "z" : 13.708204
    },
    "orientation" : 6
  }, {
    "shape" : "5fab674e-0304-45ea-9e4f-4c7653fddba1",
    "color" : "#750032",
    "position" : {
      "x" : 6.854102,
      "y" : -6.854102,
      "z" : 6.854102
    },
    "orientation" : 55
  }, {
    "shape" : "3d9d2230-df39-4e13-a9b6-be2ea6d24975",
    "color" : "#FFFFFF",
    "position" : {
      "x" : -2.618034,
      "y" : -9.472136,
      "z" : 0.0
    }
  }, {
    "shape" : "47ba5068-9e36-4136-82f4-6c395261cb64",
    "color" : "#AF0000",
    "position" : {
      "x" : 0.0,
      "y" : -4.236068,
      "z" : -11.09017
    },
    "orientation" : 0
  }, {
    "shape" : "3d9d2230-df39-4e13-a9b6-be2ea6d24975",
    "color" : "#FFFFFF",
    "position" : {
      "x" : 6.854102,
      "y" : 6.854102,
      "z" : -6.854102
    }
  }, {
    "shape" : "3d9d2230-df39-4e13-a9b6-be2ea6d24975",
    "color" : "#FFFFFF",
    "position" : {
      "x" : -6.854102,
      "y" : 0.0,
      "z" : 9.472136
    }
  }, {
    "shape" : "3d9d2230-df39-4e13-a9b6-be2ea6d24975",
    "color" : "#FFFFFF",
    "position" : {
      "x" : -7.854102,
      "y" : 0.0,
      "z" : 1.0
    }
  }, {
    "shape" : "3d9d2230-df39-4e13-a9b6-be2ea6d24975",
    "color" : "#FFFFFF",
    "position" : {
      "x" : 0.0,
      "y" : 13.708204,
      "z" : 6.854102
    }
  }, {
    "shape" : "3d9d2230-df39-4e13-a9b6-be2ea6d24975",
    "color" : "#FFFFFF",
    "position" : {
      "x" : -7.854102,
      "y" : -6.854102,
      "z" : 0.0
    }
  }, {
    "shape" : "bb9bca52-de84-4fb7-b916-af4a998f3a9f",
    "color" : "#007695",
    "position" : {
      "x" : 0.0,
      "y" : 6.854102,
      "z" : 0.0
    },
    "orientation" : 0
  }, {
    "shape" : "47ba5068-9e36-4136-82f4-6c395261cb64",
    "color" : "#AF0000",
    "position" : {
      "x" : 0.0,
      "y" : 4.236068,
      "z" : -11.09017
    },
    "orientation" : 30
  }, {
    "shape" : "3d9d2230-df39-4e13-a9b6-be2ea6d24975",
    "color" : "#FFFFFF",
    "position" : {
      "x" : 0.0,
      "y" : -7.854102,
      "z" : 6.854102
    }
  }, {
    "shape" : "ef80898d-c28c-4e93-b939-e5e7af10df4f",
    "color" : "#008D36",
    "position" : {
      "x" : -13.708204,
      "y" : 0.0,
      "z" : 6.854102
    },
    "orientation" : 52
  }, {
    "shape" : "ee114fe8-bf78-4662-b547-799772bf4b71",
    "color" : "#6C00C6",
    "position" : {
      "x" : 6.854102,
      "y" : 6.854102,
      "z" : 6.854102
    },
    "orientation" : 45
  }, {
    "shape" : "ee114fe8-bf78-4662-b547-799772bf4b71",
    "color" : "#6C00C6",
    "position" : {
      "x" : -9.472136,
      "y" : 6.854102,
      "z" : 0.0
    },
    "orientation" : 2
  }, {
    "shape" : "ee114fe8-bf78-4662-b547-799772bf4b71",
    "color" : "#6C00C6",
    "position" : {
      "x" : 0.0,
      "y" : 9.472136,
      "z" : 6.854102
    },
    "orientation" : 31
  }, {
    "shape" : "ef80898d-c28c-4e93-b939-e5e7af10df4f",
    "color" : "#008D36",
    "position" : {
      "x" : 0.0,
      "y" : 13.708204,
      "z" : -6.854102
    },
    "orientation" : 22
  }, {
    "shape" : "47ba5068-9e36-4136-82f4-6c395261cb64",
    "color" : "#AF0000",
    "position" : {
      "x" : -11.09017,
      "y" : 0.0,
      "z" : -4.236068
    },
    "orientation" : 17
  }, {
    "shape" : "5fab674e-0304-45ea-9e4f-4c7653fddba1",
    "color" : "#750032",
    "position" : {
      "x" : 0.0,
      "y" : 7.854102,
      "z" : 6.854102
    },
    "orientation" : 25
  }, {
    "shape" : "ef80898d-c28c-4e93-b939-e5e7af10df4f",
    "color" : "#008D36",
    "position" : {
      "x" : 0.0,
      "y" : -13.708204,
      "z" : -6.854102
    },
    "orientation" : 6
  }, {
    "shape" : "3d9d2230-df39-4e13-a9b6-be2ea6d24975",
    "color" : "#FFFFFF",
    "position" : {
      "x" : 6.854102,
      "y" : 0.0,
      "z" : 9.472136
    }
  }, {
    "shape" : "5fab674e-0304-45ea-9e4f-4c7653fddba1",
    "color" : "#750032",
    "position" : {
      "x" : 6.854102,
      "y" : 0.0,
      "z" : 7.854102
    },
    "orientation" : 39
  }, {
    "shape" : "5fab674e-0304-45ea-9e4f-4c7653fddba1",
    "color" : "#750032",
    "position" : {
      "x" : 6.854102,
      "y" : 6.854102,
      "z" : 6.854102
    },
    "orientation" : 39
  }, {
    "shape" : "5fab674e-0304-45ea-9e4f-4c7653fddba1",
    "color" : "#750032",
    "position" : {
      "x" : 7.854102,
      "y" : -6.854102,
      "z" : 0.0
    },
    "orientation" : 54
  }, {
    "shape" : "ef80898d-c28c-4e93-b939-e5e7af10df4f",
    "color" : "#008D36",
    "position" : {
      "x" : 6.854102,
      "y" : -13.708204,
      "z" : 0.0
    },
    "orientation" : 53
  }, {
    "shape" : "5fab674e-0304-45ea-9e4f-4c7653fddba1",
    "color" : "#750032",
    "position" : {
      "x" : 0.0,
      "y" : -7.854102,
      "z" : 6.854102
    },
    "orientation" : 55
  }, {
    "shape" : "3d9d2230-df39-4e13-a9b6-be2ea6d24975",
    "color" : "#FFFFFF",
    "position" : {
      "x" : 13.708204,
      "y" : 6.854102,
      "z" : 0.0
    }
  }, {
    "shape" : "3d9d2230-df39-4e13-a9b6-be2ea6d24975",
    "color" : "#FFFFFF",
    "position" : {
      "x" : 1.0,
      "y" : -7.854102,
      "z" : 0.0
    }
  }, {
    "shape" : "ef80898d-c28c-4e93-b939-e5e7af10df4f",
