{
  "polygons" : "true",
  "field" : "golden",
  "symmetry" : "icosahedral",
  "orientations" : [ [ 1.0, 0.0, 0.0, 0.0, 0.0, 1.0, 0.0, 0.0, 0.0, 0.0, 1.0, 0.0, 0.0, 0.0, 0.0, 1.0 ], [ 0.0, 0.0, 1.0, 0.0, 1.0, 0.0, 0.0, 0.0, 0.0, 1.0, 0.0, 0.0, 0.0, 0.0, 0.0, 1.0 ], [ 0.0, 1.0, 0.0, 0.0, 0.0, 0.0, 1.0, 0.0, 1.0, 0.0, 0.0, 0.0, 0.0, 0.0, 0.0, 1.0 ], [ 0.809017, 0.309017, 0.5, 0.0, 0.309017, 0.5, -0.809017, 0.0, -0.5, 0.809017, 0.309017, 0.0, 0.0, 0.0, 0.0, 1.0 ], [ -0.5, 0.809017, 0.309017, 0.0, 0.809017, 0.309017, 0.5, 0.0, 0.309017, 0.5, -0.809017, 0.0, 0.0, 0.0, 0.0, 1.0 ], [ 0.309017, 0.5, -0.809017, 0.0, -0.5, 0.809017, 0.309017, 0.0, 0.809017, 0.309017, 0.5, 0.0, 0.0, 0.0, 0.0, 1.0 ], [ 0.5, 0.809017, 0.309017, 0.0, 0.809017, -0.309017, -0.5, 0.0, -0.309017, 0.5, -0.809017, 0.0, 0.0, 0.0, 0.0, 1.0 ], [ -0.309017, 0.5, -0.809017, 0.0, 0.5, 0.809017, 0.309017, 0.0, 0.809017, -0.309017, -0.5, 0.0, 0.0, 0.0, 0.0, 1.0 ], [ 0.809017, -0.309017, -0.5, 0.0, -0.309017, 0.5, -0.809017, 0.0, 0.5, 0.809017, 0.309017, 0.0, 0.0, 0.0, 0.0, 1.0 ], [ 0.5, 0.809017, -0.309017, 0.0, 0.809017, -0.309017, 0.5, 0.0, 0.309017, -0.5, -0.809017, 0.0, 0.0, 0.0, 0.0, 1.0 ], [ 0.309017, -0.5, -0.809017, 0.0, 0.5, 0.809017, -0.309017, 0.0, 0.809017, -0.309017, 0.5, 0.0, 0.0, 0.0, 0.0, 1.0 ], [ 0.809017, -0.309017, 0.5, 0.0, 0.309017, -0.5, -0.809017, 0.0, 0.5, 0.809017, -0.309017, 0.0, 0.0, 0.0, 0.0, 1.0 ], [ 0.809017, 0.309017, -0.5, 0.0, 0.309017, 0.5, 0.809017, 0.0, 0.5, -0.809017, 0.309017, 0.0, 0.0, 0.0, 0.0, 1.0 ], [ 0.5, -0.809017, 0.309017, 0.0, 0.809017, 0.309017, -0.5, 0.0, 0.309017, 0.5, 0.809017, 0.0, 0.0, 0.0, 0.0, 1.0 ], [ 0.309017, 0.5, 0.809017, 0.0, 0.5, -0.809017, 0.309017, 0.0, 0.809017, 0.309017, -0.5, 0.0, 0.0, 0.0, 0.0, 1.0 ], [ 1.0, 0.0, 0.0, 0.0, 0.0, -1.0, 0.0, 0.0, 0.0, 0.0, -1.0, 0.0, 0.0, 0.0, 0.0, 1.0 ], [ 0.0, 0.0, 1.0, 0.0, -1.0, 0.0, 0.0, 0.0, 0.0, -1.0, 0.0, 0.0, 0.0, 0.0, 0.0, 1.0 ], [ 0.0, 1.0, 0.0, 0.0, 0.0, 0.0, -1.0, 0.0, -1.0, 0.0, 0.0, 0.0, 0.0, 0.0, 0.0, 1.0 ], [ 0.809017, 0.309017, 0.5, 0.0, -0.309017, -0.5, 0.809017, 0.0, 0.5, -0.809017, -0.309017, 0.0, 0.0, 0.0, 0.0, 1.0 ], [ -0.5, 0.809017, 0.309017, 0.0, -0.809017, -0.309017, -0.5, 0.0, -0.309017, -0.5, 0.809017, 0.0, 0.0, 0.0, 0.0, 1.0 ], [ 0.309017, 0.5, -0.809017, 0.0, 0.5, -0.809017, -0.309017, 0.0, -0.809017, -0.309017, -0.5, 0.0, 0.0, 0.0, 0.0, 1.0 ], [ 0.5, 0.809017, 0.309017, 0.0, -0.809017, 0.309017, 0.5, 0.0, 0.309017, -0.5, 0.809017, 0.0, 0.0, 0.0, 0.0, 1.0 ], [ -0.309017, 0.5, -0.809017, 0.0, -0.5, -0.809017, -0.309017, 0.0, -0.809017, 0.309017, 0.5, 0.0, 0.0, 0.0, 0.0, 1.0 ], [ 0.809017, -0.309017, -0.5, 0.0, 0.309017, -0.5, 0.809017, 0.0, -0.5, -0.809017, -0.309017, 0.0, 0.0, 0.0, 0.0, 1.0 ], [ 0.5, 0.809017, -0.309017, 0.0, -0.809017, 0.309017, -0.5, 0.0, -0.309017, 0.5, 0.809017, 0.0, 0.0, 0.0, 0.0, 1.0 ], [ 0.309017, -0.5, -0.809017, 0.0, -0.5, -0.809017, 0.309017, 0.0, -0.809017, 0.309017, -0.5, 0.0, 0.0, 0.0, 0.0, 1.0 ], [ 0.809017, -0.309017, 0.5, 0.0, -0.309017, 0.5, 0.809017, 0.0, -0.5, -0.809017, 0.309017, 0.0, 0.0, 0.0, 0.0, 1.0 ], [ 0.809017, 0.309017, -0.5, 0.0, -0.309017, -0.5, -0.809017, 0.0, -0.5, 0.809017, -0.309017, 0.0, 0.0, 0.0, 0.0, 1.0 ], [ 0.5, -0.809017, 0.309017, 0.0, -0.809017, -0.309017, 0.5, 0.0, -0.309017, -0.5, -0.809017, 0.0, 0.0, 0.0, 0.0, 1.0 ], [ 0.309017, 0.5, 0.809017, 0.0, -0.5, 0.809017, -0.309017, 0.0, -0.809017, -0.309017, 0.5, 0.0, 0.0, 0.0, 0.0, 1.0 ], [ -1.0, 0.0, 0.0, 0.0, 0.0, -1.0, 0.0, 0.0, 0.0, 0.0, 1.0, 0.0, 0.0, 0.0, 0.0, 1.0 ], [ 0.0, 0.0, -1.0, 0.0, -1.0, 0.0, 0.0, 0.0, 0.0, 1.0, 0.0, 0.0, 0.0, 0.0, 0.0, 1.0 ], [ 0.0, -1.0, 0.0, 0.0, 0.0, 0.0, -1.0, 0.0, 1.0, 0.0, 0.0, 0.0, 0.0, 0.0, 0.0, 1.0 ], [ -0.809017, -0.309017, -0.5, 0.0, -0.309017, -0.5, 0.809017, 0.0, -0.5, 0.809017, 0.309017, 0.0, 0.0, 0.0, 0.0, 1.0 ], [ 0.5, -0.809017, -0.309017, 0.0, -0.809017, -0.309017, -0.5, 0.0, 0.309017, 0.5, -0.809017, 0.0, 0.0, 0.0, 0.0, 1.0 ], [ -0.309017, -0.5, 0.809017, 0.0, 0.5, -0.809017, -0.309017, 0.0, 0.809017, 0.309017, 0.5, 0.0, 0.0, 0.0, 0.0, 1.0 ], [ -0.5, -0.809017, -0.309017, 0.0, -0.809017, 0.309017, 0.5, 0.0, -0.309017, 0.5, -0.809017, 0.0, 0.0, 0.0, 0.0, 1.0 ], [ 0.309017, -0.5, 0.809017, 0.0, -0.5, -0.809017, -0.309017, 0.0, 0.809017, -0.309017, -0.5, 0.0, 0.0, 0.0, 0.0, 1.0 ], [ -0.809017, 0.309017, 0.5, 0.0, 0.309017, -0.5, 0.809017, 0.0, 0.5, 0.809017, 0.309017, 0.0, 0.0, 0.0, 0.0, 1.0 ], [ -0.5, -0.809017, 0.309017, 0.0, -0.809017, 0.309017, -0.5, 0.0, 0.309017, -0.5, -0.809017, 0.0, 0.0, 0.0, 0.0, 1.0 ], [ -0.309017, 0.5, 0.809017, 0.0, -0.5, -0.809017, 0.309017, 0.0, 0.809017, -0.309017, 0.5, 0.0, 0.0, 0.0, 0.0, 1.0 ], [ -0.809017, 0.309017, -0.5, 0.0, -0.309017, 0.5, 0.809017, 0.0, 0.5, 0.809017, -0.309017, 0.0, 0.0, 0.0, 0.0, 1.0 ], [ -0.809017, -0.309017, 0.5, 0.0, -0.309017, -0.5, -0.809017, 0.0, 0.5, -0.809017, 0.309017, 0.0, 0.0, 0.0, 0.0, 1.0 ], [ -0.5, 0.809017, -0.309017, 0.0, -0.809017, -0.309017, 0.5, 0.0, 0.309017, 0.5, 0.809017, 0.0, 0.0, 0.0, 0.0, 1.0 ], [ -0.309017, -0.5, -0.809017, 0.0, -0.5, 0.809017, -0.309017, 0.0, 0.809017, 0.309017, -0.5, 0.0, 0.0, 0.0, 0.0, 1.0 ], [ -1.0, 0.0, 0.0, 0.0, 0.0, 1.0, 0.0, 0.0, 0.0, 0.0, -1.0, 0.0, 0.0, 0.0, 0.0, 1.0 ], [ 0.0, 0.0, -1.0, 0.0, 1.0, 0.0, 0.0, 0.0, 0.0, -1.0, 0.0, 0.0, 0.0, 0.0, 0.0, 1.0 ], [ 0.0, -1.0, 0.0, 0.0, 0.0, 0.0, 1.0, 0.0, -1.0, 0.0, 0.0, 0.0, 0.0, 0.0, 0.0, 1.0 ], [ -0.809017, -0.309017, -0.5, 0.0, 0.309017, 0.5, -0.809017, 0.0, 0.5, -0.809017, -0.309017, 0.0, 0.0, 0.0, 0.0, 1.0 ], [ 0.5, -0.809017, -0.309017, 0.0, 0.809017, 0.309017, 0.5, 0.0, -0.309017, -0.5, 0.809017, 0.0, 0.0, 0.0, 0.0, 1.0 ], [ -0.309017, -0.5, 0.809017, 0.0, -0.5, 0.809017, 0.309017, 0.0, -0.809017, -0.309017, -0.5, 0.0, 0.0, 0.0, 0.0, 1.0 ], [ -0.5, -0.809017, -0.309017, 0.0, 0.809017, -0.309017, -0.5, 0.0, 0.309017, -0.5, 0.809017, 0.0, 0.0, 0.0, 0.0, 1.0 ], [ 0.309017, -0.5, 0.809017, 0.0, 0.5, 0.809017, 0.309017, 0.0, -0.809017, 0.309017, 0.5, 0.0, 0.0, 0.0, 0.0, 1.0 ], [ -0.809017, 0.309017, 0.5, 0.0, -0.309017, 0.5, -0.809017, 0.0, -0.5, -0.809017, -0.309017, 0.0, 0.0, 0.0, 0.0, 1.0 ], [ -0.5, -0.809017, 0.309017, 0.0, 0.809017, -0.309017, 0.5, 0.0, -0.309017, 0.5, 0.809017, 0.0, 0.0, 0.0, 0.0, 1.0 ], [ -0.309017, 0.5, 0.809017, 0.0, 0.5, 0.809017, -0.309017, 0.0, -0.809017, 0.309017, -0.5, 0.0, 0.0, 0.0, 0.0, 1.0 ], [ -0.809017, 0.309017, -0.5, 0.0, 0.309017, -0.5, -0.809017, 0.0, -0.5, -0.809017, 0.309017, 0.0, 0.0, 0.0, 0.0, 1.0 ], [ -0.809017, -0.309017, 0.5, 0.0, 0.309017, 0.5, 0.809017, 0.0, -0.5, 0.809017, -0.309017, 0.0, 0.0, 0.0, 0.0, 1.0 ], [ -0.5, 0.809017, -0.309017, 0.0, 0.809017, 0.309017, -0.5, 0.0, -0.309017, -0.5, -0.809017, 0.0, 0.0, 0.0, 0.0, 1.0 ], [ -0.309017, -0.5, -0.809017, 0.0, 0.5, -0.809017, 0.309017, 0.0, -0.809017, -0.309017, 0.5, 0.0, 0.0, 0.0, 0.0, 1.0 ] ],
  "lights" : {
    "ambientColor" : "#292929",
    "backgroundColor" : "#AFC8DC",
    "directionalLights" : [ {
      "direction" : [ 1.0, -1.0, -1.0 ],
      "color" : "#EBEBE4"
    }, {
      "direction" : [ -1.0, 0.0, 0.0 ],
      "color" : "#E4E4EB"
    }, {
      "direction" : [ 0.0, 0.0, -1.0 ],
      "color" : "#1E1E1E"
    } ]
  },
  "camera" : {
    "lookDirection" : {
      "x" : 0.0,
      "y" : 0.0,
      "z" : -1.0
    },
    "upDirection" : {
      "x" : 0.0,
      "y" : 1.0,
      "z" : 0.0
    },
    "lookAtPoint" : {
      "x" : 0.0,
      "y" : 0.0,
      "z" : 0.0
    },
    "perspective" : true,
    "viewDistance" : 186.5836,
    "nearClipDistance" : 0.46645892,
    "farClipDistance" : 373.167,
    "fieldOfView" : 0.4426289,
    "width" : 83.96262,
    "stereo" : false,
    "position" : {
      "x" : 0.0,
      "y" : 0.0,
      "z" : 186.5836
    }
  },
  "embedding" : [ 1.0, 0.0, 0.0, 0.0, 0.0, 1.0, 0.0, 0.0, 0.0, 0.0, 1.0, 0.0, 0.0, 0.0, 0.0, 1.0 ],
  "shapes" : [ {
    "id" : "fce04bb1-e253-4a9f-a5d2-36ea6dba3283",
    "orbit" : "green",
    "name" : " :1/2 +1/2*phi",
    "vertices" : [ {
      "x" : 14.208204,
      "y" : 5.427051,
      "z" : -2.072949
    }, {
      "x" : 13.826238,
      "y" : 4.972136,
      "z" : -1.881966
    }, {
      "x" : 13.663119,
      "y" : 5.236068,
      "z" : -2.309017
    }, {
      "x" : 13.59017,
      "y" : 5.5,
      "z" : -2.118034
    }, {
      "x" : 0.85410196,
      "y" : 0.309017,
      "z" : 0.19098301
    }, {
      "x" : 0.690983,
      "y" : 0.572949,
      "z" : -0.23606798
    }, {
      "x" : 0.309017,
      "y" : 0.11803399,
      "z" : -0.045084972
    }, {
      "x" : 0.76393205,
      "y" : 0.309017,
      "z" : -0.42705098
    }, {
      "x" : 0.927051,
      "y" : 0.045084972,
      "z" : 0.0
    }, {
      "x" : 13.753289,
      "y" : 5.236068,
      "z" : -1.690983
    }, {
      "x" : 14.5172205,
      "y" : 5.545085,
      "z" : -2.118034
    } ],
    "faces" : [ {
      "vertices" : [ 2, 7, 5, 3 ]
    }, {
      "vertices" : [ 1, 8, 7, 2 ]
    }, {
      "vertices" : [ 4, 6, 8 ]
    }, {
      "vertices" : [ 5, 7, 6 ]
    }, {
      "vertices" : [ 0, 1, 2 ]
    }, {
      "vertices" : [ 0, 2, 3 ]
    }, {
      "vertices" : [ 6, 7, 8 ]
    }, {
      "vertices" : [ 3, 5, 4, 9 ]
    }, {
      "vertices" : [ 1, 9, 4, 8 ]
    }, {
      "vertices" : [ 0, 9, 1 ]
    }, {
      "vertices" : [ 0, 3, 9 ]
    }, {
      "vertices" : [ 4, 5, 6 ]
    } ]
  }, {
    "id" : "f482f587-b6ce-4ff0-847a-9a2dde6fd572",
    "name" : "ball",
    "vertices" : [ {
      "x" : 0.309017,
      "y" : -0.309017,
      "z" : -0.309017
    }, {
      "x" : 0.5,
      "y" : 0.0,
      "z" : -0.19098301
    }, {
      "x" : 0.5,
      "y" : 0.0,
      "z" : 0.19098301
    }, {
      "x" : 0.309017,
      "y" : -0.309017,
      "z" : 0.309017
    }, {
      "x" : 0.19098301,
      "y" : -0.5,
      "z" : 0.0
    }, {
      "x" : 0.0,
      "y" : 0.19098301,
      "z" : 0.5
    }, {
      "x" : 0.0,
      "y" : -0.19098301,
      "z" : 0.5
    }, {
      "x" : 0.309017,
      "y" : 0.309017,
      "z" : 0.309017
    }, {
      "x" : -0.309017,
      "y" : -0.309017,
      "z" : 0.309017
    }, {
      "x" : -0.309017,
      "y" : 0.309017,
      "z" : 0.309017
    }, {
      "x" : -0.5,
      "y" : 0.0,
      "z" : 0.19098301
    }, {
      "x" : 0.0,
      "y" : -0.19098301,
      "z" : -0.5
    }, {
      "x" : 0.0,
      "y" : 0.19098301,
      "z" : -0.5
    }, {
      "x" : 0.309017,
      "y" : 0.309017,
      "z" : -0.309017
    }, {
      "x" : -0.309017,
      "y" : -0.309017,
      "z" : -0.309017
    }, {
      "x" : -0.19098301,
      "y" : -0.5,
      "z" : 0.0
    }, {
      "x" : -0.5,
      "y" : 0.0,
      "z" : -0.19098301
    }, {
      "x" : 0.19098301,
      "y" : 0.5,
      "z" : 0.0
    }, {
      "x" : -0.309017,
      "y" : 0.309017,
      "z" : -0.309017
    }, {
      "x" : 0.0,
      "y" : 0.0,
      "z" : 0.0
    }, {
      "x" : -0.19098301,
      "y" : 0.5,
      "z" : 0.0
    } ],
    "faces" : [ {
      "vertices" : [ 12, 18, 20, 17, 13 ]
    }, {
      "vertices" : [ 3, 6, 8, 15, 4 ]
    }, {
      "vertices" : [ 0, 11, 12, 13, 1 ]
    }, {
      "vertices" : [ 5, 9, 10, 8, 6 ]
    }, {
      "vertices" : [ 2, 7, 5, 6, 3 ]
    }, {
      "vertices" : [ 11, 14, 16, 18, 12 ]
    }, {
      "vertices" : [ 1, 13, 17, 7, 2 ]
    }, {
      "vertices" : [ 9, 20, 18, 16, 10 ]
    }, {
      "vertices" : [ 0, 1, 2, 3, 4 ]
    }, {
      "vertices" : [ 5, 7, 17, 20, 9 ]
    }, {
      "vertices" : [ 0, 4, 15, 14, 11 ]
    }, {
      "vertices" : [ 8, 10, 16, 14, 15 ]
    } ]
  }, {
    "id" : "17625e7d-96c9-4926-a9e8-a2529a9092d9",
    "orbit" : "green",
    "name" : " :1/8 +1/8*phi",
    "vertices" : [ {
      "x" : 3.3202882,
      "y" : 1.2682372,
      "z" : -0.48442352
    }, {
      "x" : 2.9383223,
      "y" : 0.81332225,
      "z" : -0.29344052
    }, {
      "x" : 2.7752032,
      "y" : 1.0772543,
      "z" : -0.7204915
    }, {
      "x" : 2.7022543,
      "y" : 1.3411863,
      "z" : -0.5295085
    }, {
      "x" : 0.85410196,
      "y" : 0.309017,
      "z" : 0.19098301
    }, {
      "x" : 0.690983,
      "y" : 0.572949,
      "z" : -0.23606798
    }, {
      "x" : 0.309017,
      "y" : 0.11803399,
      "z" : -0.045084972
    }, {
      "x" : 0.76393205,
      "y" : 0.309017,
      "z" : -0.42705098
    }, {
      "x" : 0.927051,
      "y" : 0.045084972,
      "z" : 0.0
    }, {
      "x" : 2.8653731,
      "y" : 1.0772543,
      "z" : -0.102457516
    }, {
      "x" : 3.6293051,
      "y" : 1.3862712,
      "z" : -0.5295085
    } ],
    "faces" : [ {
      "vertices" : [ 2, 7, 5, 3 ]
    }, {
      "vertices" : [ 1, 8, 7, 2 ]
    }, {
      "vertices" : [ 4, 6, 8 ]
    }, {
      "vertices" : [ 5, 7, 6 ]
    }, {
      "vertices" : [ 0, 1, 2 ]
    }, {
      "vertices" : [ 0, 2, 3 ]
    }, {
      "vertices" : [ 6, 7, 8 ]
    }, {
      "vertices" : [ 3, 5, 4, 9 ]
    }, {
      "vertices" : [ 1, 9, 4, 8 ]
    }, {
      "vertices" : [ 0, 9, 1 ]
    }, {
      "vertices" : [ 0, 3, 9 ]
    }, {
      "vertices" : [ 4, 5, 6 ]
    } ]
  }, {
    "id" : "99536f2d-ca69-4ac1-aafd-78c6b13bc979",
    "vertices" : [ {
      "x" : 0.0,
      "y" : 0.0,
      "z" : 0.0
    }, {
      "x" : 2.7725425,
      "y" : -2.7725425,
      "z" : 0.0
    }, {
      "x" : 19.407797,
      "y" : 13.862713,
      "z" : -16.635256
    }, {
      "x" : 16.635256,
      "y" : 16.635256,
      "z" : -16.635256
    } ],
    "faces" : [ {
      "vertices" : [ 0, 1, 2, 3 ]
    }, {
      "vertices" : [ 0, 3, 2, 1 ]
    } ]
  }, {
    "id" : "51d579d0-d8a4-467a-b489-ffce05e2887b",
    "vertices" : [ {
      "x" : 0.0,
      "y" : 0.0,
      "z" : 0.0
    }, {
      "x" : -2.7725425,
      "y" : 2.7725425,
      "z" : 0.0
    }, {
      "x" : 13.862713,
      "y" : 19.407797,
      "z" : -16.635256
    }, {
      "x" : 16.635256,
      "y" : 16.635256,
      "z" : -16.635256
    } ],
    "faces" : [ {
      "vertices" : [ 0, 1, 2, 3 ]
    }, {
      "vertices" : [ 0, 3, 2, 1 ]
    } ]
  }, {
    "id" : "02ca2038-37d4-4c2c-b0d0-7e62b50b711b",
    "vertices" : [ {
      "x" : 0.0,
      "y" : 0.0,
      "z" : 0.0
    }, {
      "x" : 2.7725425,
      "y" : -2.7725425,
      "z" : 0.0
    }, {
      "x" : -13.862713,
      "y" : -19.407797,
      "z" : 16.635256
    }, {
      "x" : -16.635256,
      "y" : -16.635256,
      "z" : 16.635256
    } ],
    "faces" : [ {
      "vertices" : [ 0, 1, 2, 3 ]
    }, {
      "vertices" : [ 0, 3, 2, 1 ]
    } ]
  }, {
    "id" : "9abfe449-558f-48a1-b6a9-3ab5182fa95e",
    "vertices" : [ {
      "x" : 0.0,
      "y" : 0.0,
      "z" : 0.0
    }, {
      "x" : -0.85676277,
      "y" : -3.0997968,
      "z" : -2.243034
    }, {
      "x" : -2.243034,
      "y" : -2.5702882,
      "z" : -5.8723392
    }, {
      "x" : -2.7725425,
      "y" : 1.059017,
      "z" : -7.2586102
    }, {
      "x" : -1.9157797,
      "y" : 4.158814,
      "z" : -5.0155764
    }, {
      "x" : -0.5295085,
      "y" : 3.6293051,
      "z" : -1.3862712
    } ],
    "faces" : [ {
      "vertices" : [ 0, 1, 2, 3, 4, 5 ]
    }, {
      "vertices" : [ 0, 5, 4, 3, 2, 1 ]
    } ]
  }, {
    "id" : "8e78be1c-cbb3-4d80-8ab3-545817b41b14",
    "vertices" : [ {
      "x" : 0.0,
      "y" : 0.0,
      "z" : 0.0
    }, {
      "x" : -2.7725425,
      "y" : 2.7725425,
      "z" : 0.0
    }, {
      "x" : -19.407797,
      "y" : -13.862713,
      "z" : 16.635256
    }, {
      "x" : -16.635256,
      "y" : -16.635256,
      "z" : 16.635256
    } ],
    "faces" : [ {
      "vertices" : [ 0, 1, 2, 3 ]
    }, {
      "vertices" : [ 0, 3, 2, 1 ]
    } ]
  }, {
    "id" : "c0ecf912-c6f2-4949-be3b-9d742d5f9500",
    "orbit" : "yellow",
    "name" : " :3/2 +3/2*phi",
    "vertices" : [ {
      "x" : 26.916409,
      "y" : 0.0,
      "z" : -10.281153
    }, {
      "x" : 26.607391,
      "y" : 0.0,
      "z" : -10.163119
    }, {
      "x" : 26.202883,
      "y" : -0.1545085,
      "z" : -9.722136
    }, {
      "x" : 26.0119,
      "y" : -0.1545085,
      "z" : -10.222136
    }, {
      "x" : 0.9045085,
      "y" : -0.1545085,
      "z" : -0.059016995
    }, {
      "x" : 0.809017,
      "y" : 0.309017,
      "z" : -0.309017
    }, {
      "x" : 0.309017,
      "y" : 0.0,
      "z" : -0.11803399
    }, {
      "x" : 26.107391,
      "y" : 0.309017,
      "z" : -9.972136
    }, {
      "x" : 0.7135255,
      "y" : -0.1545085,
      "z" : -0.559017
    } ],
    "faces" : [ {
      "vertices" : [ 2, 4, 8, 3 ]
    }, {
      "vertices" : [ 2, 7, 5, 4 ]
    }, {
      "vertices" : [ 4, 6, 8 ]
    }, {
      "vertices" : [ 5, 8, 6 ]
    }, {
      "vertices" : [ 1, 2, 3 ]
    }, {
      "vertices" : [ 3, 8, 5, 7 ]
    }, {
      "vertices" : [ 1, 7, 2 ]
    }, {
      "vertices" : [ 1, 3, 7 ]
    }, {
      "vertices" : [ 4, 5, 6 ]
    } ]
  }, {
    "id" : "7382e729-6116-422c-a1bd-d287717a4c23",
    "orbit" : "green",
    "name" : " :1/4 +1/4*phi",
    "vertices" : [ {
      "x" : 6.9495935,
      "y" : 2.6545086,
      "z" : -1.013932
    }, {
      "x" : 6.5676274,
      "y" : 2.1995935,
      "z" : -0.822949
    }, {
      "x" : 6.4045086,
      "y" : 2.4635255,
      "z" : -1.25
    }, {
      "x" : 6.3315597,
      "y" : 2.7274575,
      "z" : -1.059017
    }, {
      "x" : 0.85410196,
      "y" : 0.309017,
      "z" : 0.19098301
    }, {
      "x" : 0.690983,
      "y" : 0.572949,
      "z" : -0.23606798
    }, {
      "x" : 0.309017,
      "y" : 0.11803399,
      "z" : -0.045084972
    }, {
      "x" : 0.76393205,
      "y" : 0.309017,
      "z" : -0.42705098
    }, {
      "x" : 0.927051,
      "y" : 0.045084972,
      "z" : 0.0
    }, {
      "x" : 6.4946785,
      "y" : 2.4635255,
      "z" : -0.631966
    }, {
      "x" : 7.2586102,
      "y" : 2.7725425,
      "z" : -1.059017
    } ],
    "faces" : [ {
      "vertices" : [ 2, 7, 5, 3 ]
    }, {
      "vertices" : [ 1, 8, 7, 2 ]
    }, {
      "vertices" : [ 4, 6, 8 ]
    }, {
      "vertices" : [ 5, 7, 6 ]
    }, {
      "vertices" : [ 0, 1, 2 ]
    }, {
      "vertices" : [ 0, 2, 3 ]
    }, {
      "vertices" : [ 6, 7, 8 ]
    }, {
      "vertices" : [ 3, 5, 4, 9 ]
    }, {
      "vertices" : [ 1, 9, 4, 8 ]
    }, {
      "vertices" : [ 0, 9, 1 ]
    }, {
      "vertices" : [ 0, 3, 9 ]
    }, {
      "vertices" : [ 4, 5, 6 ]
    } ]
  }, {
    "id" : "e97b185e-366d-4e11-8340-a2a43dffe605",
    "orbit" : "yellow",
    "name" : " :2 +2*phi",
    "vertices" : [ {
      "x" : 35.888542,
      "y" : 0.0,
      "z" : -13.708204
    }, {
      "x" : 35.579525,
      "y" : 0.0,
      "z" : -13.59017
    }, {
      "x" : 35.17502,
      "y" : -0.1545085,
      "z" : -13.149187
    }, {
      "x" : 34.984035,
      "y" : -0.1545085,
      "z" : -13.649187
    }, {
      "x" : 0.9045085,
      "y" : -0.1545085,
      "z" : -0.059016995
    }, {
      "x" : 0.809017,
      "y" : 0.309017,
      "z" : -0.309017
    }, {
      "x" : 0.309017,
      "y" : 0.0,
      "z" : -0.11803399
    }, {
      "x" : 35.079525,
      "y" : 0.309017,
      "z" : -13.399187
    }, {
      "x" : 0.7135255,
      "y" : -0.1545085,
      "z" : -0.559017
    } ],
    "faces" : [ {
      "vertices" : [ 2, 4, 8, 3 ]
    }, {
      "vertices" : [ 2, 7, 5, 4 ]
    }, {
      "vertices" : [ 4, 6, 8 ]
    }, {
      "vertices" : [ 5, 8, 6 ]
    }, {
      "vertices" : [ 1, 2, 3 ]
    }, {
      "vertices" : [ 3, 8, 5, 7 ]
    }, {
      "vertices" : [ 1, 7, 2 ]
    }, {
      "vertices" : [ 1, 3, 7 ]
    }, {
      "vertices" : [ 4, 5, 6 ]
    } ]
  }, {
    "id" : "3e50aafe-7e4f-412e-aaa2-9b6635bfd99e",
    "vertices" : [ {
      "x" : 0.0,
      "y" : 0.0,
      "z" : 0.0
    }, {
      "x" : -0.5295085,
      "y" : 3.6293051,
      "z" : -1.3862712
    }, {
      "x" : 0.32725424,
      "y" : 6.729102,
      "z" : 0.85676277
    }, {
      "x" : 1.7135255,
      "y" : 6.1995935,
      "z" : 4.486068
    }, {
      "x" : 2.243034,
      "y" : 2.5702882,
      "z" : 5.8723392
    }, {
      "x" : 1.3862712,
      "y" : -0.5295085,
      "z" : 3.6293051
    } ],
    "faces" : [ {
      "vertices" : [ 0, 1, 2, 3, 4, 5 ]
    }, {
      "vertices" : [ 0, 5, 4, 3, 2, 1 ]
    } ]
  }, {
    "id" : "44ac92fa-2e6b-4903-a9e1-bd19333fadbd",
    "vertices" : [ {
      "x" : 0.0,
      "y" : 0.0,
      "z" : 0.0
    }, {
      "x" : 0.5295085,
      "y" : 3.6293051,
      "z" : 1.3862712
    }, {
      "x" : 1.9157797,
      "y" : 4.158814,
      "z" : 5.0155764
    }, {
      "x" : 2.7725425,
      "y" : 1.059017,
      "z" : 7.2586102
    }, {
      "x" : 2.243034,
      "y" : -2.5702882,
      "z" : 5.8723392
    }, {
      "x" : 0.85676277,
      "y" : -3.0997968,
      "z" : 2.243034
    } ],
    "faces" : [ {
      "vertices" : [ 0, 1, 2, 3, 4, 5 ]
    }, {
      "vertices" : [ 0, 5, 4, 3, 2, 1 ]
    } ]
  }, {
    "id" : "7a9aec8d-3717-4ffb-8500-3d24ca0d1337",
    "vertices" : [ {
      "x" : 0.0,
      "y" : 0.0,
      "z" : 0.0
    }, {
      "x" : 1.3862712,
      "y" : -0.5295085,
      "z" : 3.6293051
    }, {
      "x" : 1.9157797,
      "y" : -4.158814,
      "z" : 5.0155764
    }, {
      "x" : 1.059017,
      "y" : -7.2586102,
      "z" : 2.7725425
    }, {
      "x" : -0.32725424,
      "y" : -6.729102,
      "z" : -0.85676277
    }, {
      "x" : -0.85676277,
      "y" : -3.0997968,
      "z" : -2.243034
    } ],
    "faces" : [ {
      "vertices" : [ 0, 1, 2, 3, 4, 5 ]
    }, {
      "vertices" : [ 0, 5, 4, 3, 2, 1 ]
    } ]
  }, {
    "id" : "e03c00d2-ea6f-428c-8961-4b5231be9204",
    "vertices" : [ {
      "x" : 0.0,
      "y" : 0.0,
      "z" : 0.0
    }, {
      "x" : -1.3862712,
      "y" : -0.5295085,
      "z" : -3.6293051
    }, {
      "x" : -2.243034,
      "y" : 2.5702882,
      "z" : -5.8723392
    }, {
      "x" : -1.7135255,
      "y" : 6.1995935,
      "z" : -4.486068
    }, {
      "x" : -0.32725424,
      "y" : 6.729102,
      "z" : -0.85676277
    }, {
      "x" : 0.5295085,
      "y" : 3.6293051,
      "z" : 1.3862712
    } ],
    "faces" : [ {
      "vertices" : [ 0, 1, 2, 3, 4, 5 ]
    }, {
      "vertices" : [ 0, 5, 4, 3, 2, 1 ]
    } ]
  }, {
    "id" : "b7393bba-de37-4515-b060-3a454c2e7a91",
    "vertices" : [ {
      "x" : 0.0,
      "y" : 0.0,
      "z" : 0.0
    }, {
      "x" : 0.85676277,
      "y" : -3.0997968,
      "z" : 2.243034
    }, {
      "x" : 0.32725424,
      "y" : -6.729102,
      "z" : 0.85676277
    }, {
      "x" : -1.059017,
      "y" : -7.2586102,
      "z" : -2.7725425
    }, {
      "x" : -1.9157797,
      "y" : -4.158814,
      "z" : -5.0155764
    }, {
      "x" : -1.3862712,
      "y" : -0.5295085,
      "z" : -3.6293051
    } ],
    "faces" : [ {
      "vertices" : [ 0, 1, 2, 3, 4, 5 ]
    }, {
      "vertices" : [ 0, 5, 4, 3, 2, 1 ]
    } ]
  }, {
    "id" : "90d76dc5-060c-4632-ae57-fef8109b5822",
    "vertices" : [ {
      "x" : 0.0,
      "y" : 0.0,
      "z" : 0.0
    }, {
      "x" : -0.3302284,
      "y" : 0.99068516,
      "z" : 0.3302284
    }, {
      "x" : -1.9813703,
      "y" : 2.9720554,
      "z" : 0.0
    }, {
      "x" : -4.6231976,
      "y" : 2.9720554,
      "z" : -2.641827
    }, {
      "x" : -4.953426,
      "y" : 0.99068516,
      "z" : -4.292969
    }, {
      "x" : -4.6231976,
      "y" : 0.0,
      "z" : -4.6231976
    }, {
      "x" : -2.9720554,
      "y" : -1.9813703,
      "z" : -4.292969
    }, {
      "x" : -0.3302284,
      "y" : -1.9813703,
      "z" : -1.6511419
    } ],
    "faces" : [ {
      "vertices" : [ 0, 1, 2, 3, 4, 5, 6, 7 ]
    }, {
      "vertices" : [ 0, 7, 6, 5, 4, 3, 2, 1 ]
    } ]
  }, {
    "id" : "3c3149fd-5a76-475f-8022-050ac807a71e",
    "vertices" : [ {
      "x" : 0.0,
      "y" : 0.0,
      "z" : 0.0
    }, {
      "x" : 2.023916,
      "y" : -15.418261,
      "z" : -26.493404
    }, {
      "x" : 1.6157312,
      "y" : -14.553712,
      "z" : -27.027725
    }, {
      "x" : -0.40818474,
      "y" : 0.86454916,
      "z" : -0.5343208
    } ],
    "faces" : [ {
      "vertices" : [ 0, 1, 2, 3 ]
    }, {
      "vertices" : [ 0, 3, 2, 1 ]
    } ]
  }, {
    "id" : "fd013fb7-bc19-4c7e-895c-770385adbe63",
    "vertices" : [ {
      "x" : 0.0,
      "y" : 0.0,
      "z" : 0.0
    }, {
      "x" : 0.3302284,
      "y" : 1.6511419,
      "z" : -1.9813703
    }, {
      "x" : -19.318361,
      "y" : 21.29973,
      "z" : 11.117689
    }, {
      "x" : -19.648588,
      "y" : 19.648588,
      "z" : 13.099059
    } ],
    "faces" : [ {
      "vertices" : [ 0, 1, 2, 3 ]
    }, {
      "vertices" : [ 0, 3, 2, 1 ]
    } ]
  }, {
    "id" : "f7a1edcf-8514-4e99-a231-7bd7cd6d43eb",
    "orbit" : "16",
    "name" : "short",
    "vertices" : [ {
      "x" : 4.5200925,
      "y" : -3.6596358,
      "z" : 1.0240185
    }, {
      "x" : 4.6200924,
      "y" : -3.7596357,
      "z" : 0.6240185
    }, {
      "x" : 0.43333334,
      "y" : -0.6333333,
      "z" : -0.033333335
    }, {
      "x" : 0.33333334,
      "y" : -0.53333336,
      "z" : 0.36666667
    }, {
      "x" : 4.3867593,
      "y" : -4.0596356,
      "z" : 0.7573518
    }, {
      "x" : 4.286759,
      "y" : -3.9596357,
      "z" : 1.1573519
    }, {
      "x" : 0.56666666,
      "y" : -0.23333333,
      "z" : 0.23333333
    }, {
      "x" : 0.6666667,
      "y" : -0.33333334,
      "z" : -0.16666667
    } ],
    "faces" : [ {
      "vertices" : [ 2, 3, 6, 7 ]
    }, {
      "vertices" : [ 0, 5, 4, 1 ]
    }, {
      "vertices" : [ 2, 4, 5, 3 ]
    }, {
      "vertices" : [ 0, 6, 3, 5 ]
    }, {
      "vertices" : [ 0, 1, 7, 6 ]
    }, {
      "vertices" : [ 1, 4, 2, 7 ]
    } ]
  }, {
    "id" : "203aea49-5c5b-46f9-9d12-30b95d878e42",
    "vertices" : [ {
      "x" : 0.0,
      "y" : 0.0,
      "z" : 0.0
    }, {
      "x" : -0.20409237,
      "y" : 0.12613602,
      "z" : -1.0686415
    }, {
      "x" : -10.323672,
      "y" : 28.643456,
      "z" : 4.230039
    }, {
      "x" : -10.11958,
      "y" : 28.51732,
      "z" : 5.298681
    } ],
    "faces" : [ {
      "vertices" : [ 0, 1, 2, 3 ]
    }, {
      "vertices" : [ 0, 3, 2, 1 ]
    } ]
  }, {
    "id" : "97c41eb3-e9aa-4b45-8df4-c88517156844",
    "vertices" : [ {
      "x" : 0.0,
      "y" : 0.0,
      "z" : 0.0
    }, {
      "x" : 0.20409237,
      "y" : -0.12613602,
      "z" : 1.0686415
    }, {
      "x" : 10.323672,
      "y" : -28.643456,
      "z" : -4.230039
    }, {
      "x" : 10.11958,
      "y" : -28.51732,
      "z" : -5.298681
    } ],
    "faces" : [ {
      "vertices" : [ 0, 1, 2, 3 ]
    }, {
      "vertices" : [ 0, 3, 2, 1 ]
    } ]
  }, {
    "id" : "8e2925d4-d8ca-4003-9ea6-5539bafc1595",
    "vertices" : [ {
      "x" : 0.0,
      "y" : 0.0,
      "z" : 0.0
    }, {
      "x" : 5.298681,
      "y" : -10.11958,
      "z" : -28.51732
    }, {
      "x" : 5.803225,
      "y" : -13.577776,
      "z" : -27.196405
    }, {
      "x" : 0.5045441,
      "y" : -3.4581966,
      "z" : 1.3209136
    } ],
    "faces" : [ {
      "vertices" : [ 0, 1, 2, 3 ]
    }, {
      "vertices" : [ 0, 3, 2, 1 ]
    } ]
  }, {
    "id" : "a449cb50-b57c-4d9a-9f94-de7c5594ffe5",
    "vertices" : [ {
      "x" : 0.0,
      "y" : 0.0,
      "z" : 0.0
    }, {
      "x" : 19.648588,
      "y" : 13.099059,
      "z" : -19.648588
    }, {
      "x" : 19.978817,
      "y" : 15.08043,
      "z" : -17.997446
    }, {
      "x" : 0.3302284,
      "y" : 1.9813703,
      "z" : 1.6511419
    } ],
    "faces" : [ {
      "vertices" : [ 0, 1, 2, 3 ]
    }, {
      "vertices" : [ 0, 3, 2, 1 ]
    } ]
  }, {
    "id" : "a4e9fc01-60ce-4fc4-89a4-a36cb5e972ef",
    "vertices" : [ {
      "x" : 0.0,
      "y" : 0.0,
      "z" : 0.0
    }, {
      "x" : 0.3302284,
      "y" : -0.99068516,
      "z" : -0.3302284
    }, {
      "x" : 0.0,
      "y" : -2.9720554,
      "z" : -1.9813703
    }, {
      "x" : -2.641827,
      "y" : -2.9720554,
      "z" : -4.6231976
    }, {
      "x" : -4.292969,
      "y" : -0.99068516,
      "z" : -4.953426
    }, {
      "x" : -4.6231976,
      "y" : 0.0,
      "z" : -4.6231976
    }, {
      "x" : -4.292969,
      "y" : 1.9813703,
      "z" : -2.9720554
    }, {
      "x" : -1.6511419,
      "y" : 1.9813703,
      "z" : -0.3302284
    } ],
    "faces" : [ {
      "vertices" : [ 0, 1, 2, 3, 4, 5, 6, 7 ]
    }, {
      "vertices" : [ 0, 7, 6, 5, 4, 3, 2, 1 ]
    } ]
  }, {
    "id" : "a8ceddbe-36c5-44a0-a3d7-75f9e43e5053",
    "vertices" : [ {
      "x" : 0.0,
      "y" : 0.0,
      "z" : 0.0
    }, {
      "x" : -2.023916,
      "y" : 15.418261,
      "z" : 26.493404
    }, {
      "x" : -1.6157312,
      "y" : 14.553712,
      "z" : 27.027725
    }, {
      "x" : 0.40818474,
      "y" : -0.86454916,
      "z" : 0.5343208
    } ],
    "faces" : [ {
      "vertices" : [ 0, 1, 2, 3 ]
    }, {
      "vertices" : [ 0, 3, 2, 1 ]
    } ]
  }, {
    "id" : "17c3d6b8-8f49-4941-8c33-090479322c6a",
    "vertices" : [ {
      "x" : 0.0,
      "y" : 0.0,
      "z" : 0.0
    }, {
      "x" : 19.648588,
      "y" : -19.648588,
      "z" : -13.099059
    }, {
      "x" : 19.978817,
      "y" : -17.997446,
      "z" : -15.08043
    }, {
      "x" : 0.3302284,
      "y" : 1.6511419,
      "z" : -1.9813703
    } ],
    "faces" : [ {
      "vertices" : [ 0, 1, 2, 3 ]
    }, {
      "vertices" : [ 0, 3, 2, 1 ]
    } ]
  }, {
    "id" : "c7dd6a02-2fa0-44e1-bc70-afdf51d92bc6",
    "vertices" : [ {
      "x" : 0.0,
      "y" : 0.0,
      "z" : 0.0
    }, {
      "x" : 0.3302284,
      "y" : 1.9813703,
      "z" : 1.6511419
    }, {
      "x" : -19.318361,
      "y" : -11.117689,
      "z" : 21.29973
    }, {
      "x" : -19.648588,
      "y" : -13.099059,
      "z" : 19.648588
    } ],
    "faces" : [ {
      "vertices" : [ 0, 1, 2, 3 ]
    }, {
      "vertices" : [ 0, 3, 2, 1 ]
    } ]
  }, {
    "id" : "78dc9f6b-e8fa-427a-8ecc-29b4421c7f78",
    "orbit" : "15",
    "name" : "short",
    "vertices" : [ {
      "x" : 4.5200925,
      "y" : -1.0240185,
      "z" : -3.6596358
    }, {
      "x" : 4.6200924,
      "y" : -0.6240185,
      "z" : -3.7596357
    }, {
      "x" : 0.43333334,
      "y" : 0.033333335,
      "z" : -0.6333333
    }, {
      "x" : 0.33333334,
      "y" : -0.36666667,
      "z" : -0.53333336
    }, {
      "x" : 4.3867593,
      "y" : -0.7573518,
      "z" : -4.0596356
    }, {
      "x" : 4.286759,
      "y" : -1.1573519,
      "z" : -3.9596357
    }, {
      "x" : 0.56666666,
      "y" : -0.23333333,
      "z" : -0.23333333
    }, {
      "x" : 0.6666667,
      "y" : 0.16666667,
      "z" : -0.33333334
    } ],
    "faces" : [ {
      "vertices" : [ 2, 3, 6, 7 ]
    }, {
      "vertices" : [ 0, 5, 4, 1 ]
    }, {
      "vertices" : [ 2, 4, 5, 3 ]
    }, {
      "vertices" : [ 0, 6, 3, 5 ]
    }, {
      "vertices" : [ 0, 1, 7, 6 ]
    }, {
      "vertices" : [ 1, 4, 2, 7 ]
    } ]
  }, {
    "id" : "eb1a56e6-7c60-47c2-937e-b2fc3666ae2e",
    "vertices" : [ {
      "x" : 0.0,
      "y" : 0.0,
      "z" : 0.0
    }, {
      "x" : -5.298681,
      "y" : 10.11958,
      "z" : 28.51732
    }, {
      "x" : -4.7941365,
      "y" : 6.661383,
      "z" : 29.838234
    }, {
      "x" : 0.5045441,
      "y" : -3.4581966,
      "z" : 1.3209136
    } ],
    "faces" : [ {
      "vertices" : [ 0, 1, 2, 3 ]
    }, {
      "vertices" : [ 0, 3, 2, 1 ]
    } ]
  }, {
    "id" : "213c68bd-6c1e-4317-bc40-277fe5d7d5ed",
    "vertices" : [ {
      "x" : 0.0,
      "y" : 0.0,
      "z" : 0.0
    }, {
      "x" : 2.270041,
      "y" : 2.9715223,
      "z" : 0.0
    }, {
      "x" : 24.45038,
      "y" : -13.97275,
      "z" : -16.944271
    }, {
      "x" : 22.18034,
      "y" : -16.944271,
      "z" : -16.944271
    } ],
    "faces" : [ {
      "vertices" : [ 0, 1, 2, 3 ]
    }, {
      "vertices" : [ 0, 3, 2, 1 ]
    } ]
  }, {
    "id" : "ccb458bc-89f3-4f76-b58d-d73d6495f954",
    "orbit" : "0",
    "name" : " :1 +2*phi",
    "vertices" : [ {
      "x" : -16.497805,
      "y" : 16.331137,
      "z" : -21.893475
    }, {
      "x" : -16.397804,
      "y" : 16.731138,
      "z" : -21.793474
    }, {
      "x" : -0.4464678,
      "y" : 0.61313444,
      "z" : -0.28686556
    }, {
      "x" : -0.5464678,
      "y" : 0.21313445,
      "z" : -0.38686556
    }, {
      "x" : -16.697803,
      "y" : 16.864471,
      "z" : -21.56014
    }, {
      "x" : -16.797804,
      "y" : 16.46447,
      "z" : -21.660141
    }, {
      "x" : -0.24646778,
      "y" : 0.07980112,
      "z" : -0.6201989
    }, {
      "x" : -0.14646779,
      "y" : 0.47980112,
      "z" : -0.5201989
    } ],
    "faces" : [ {
      "vertices" : [ 2, 3, 6, 7 ]
    }, {
      "vertices" : [ 0, 5, 4, 1 ]
    }, {
      "vertices" : [ 2, 4, 5, 3 ]
    }, {
      "vertices" : [ 0, 6, 3, 5 ]
    }, {
      "vertices" : [ 0, 1, 7, 6 ]
    }, {
      "vertices" : [ 1, 4, 2, 7 ]
    } ]
  }, {
    "id" : "a91b321d-1188-4e3a-9849-90a32f5ead6d",
    "vertices" : [ {
      "x" : 0.0,
      "y" : 0.0,
      "z" : 0.0
    }, {
      "x" : 0.0,
      "y" : -2.7291665,
      "z" : 2.7291665
    }, {
      "x" : 22.18034,
      "y" : -19.673439,
      "z" : -14.215105
    }, {
      "x" : 22.18034,
      "y" : -16.944271,
      "z" : -16.944271
    } ],
    "faces" : [ {
      "vertices" : [ 0, 1, 2, 3 ]
    }, {
      "vertices" : [ 0, 3, 2, 1 ]
    } ]
  }, {
    "id" : "864fc5ff-fd8a-45ac-8f09-4257dc32bf13",
    "orbit" : "2",
    "name" : "short",
    "vertices" : [ {
      "x" : -5.7123785,
      "y" : 0.7762685,
      "z" : -4.604099
    }, {
      "x" : -5.8123784,
      "y" : 0.37626845,
      "z" : -4.7040987
    }, {
      "x" : -0.447436,
      "y" : -0.074787185,
      "z" : -0.63746476
    }, {
      "x" : -0.347436,
      "y" : 0.3252128,
      "z" : -0.5374648
    }, {
      "x" : -5.579045,
      "y" : 0.5096018,
      "z" : -5.0040984
    }, {
      "x" : -5.479045,
      "y" : 0.9096018,
      "z" : -4.9040985
    }, {
      "x" : -0.58076936,
      "y" : 0.19187948,
      "z" : -0.23746477
    }, {
      "x" : -0.6807693,
      "y" : -0.20812052,
      "z" : -0.33746478
    } ],
    "faces" : [ {
      "vertices" : [ 2, 3, 6, 7 ]
    }, {
      "vertices" : [ 0, 5, 4, 1 ]
    }, {
      "vertices" : [ 2, 4, 5, 3 ]
    }, {
      "vertices" : [ 0, 6, 3, 5 ]
    }, {
      "vertices" : [ 0, 1, 7, 6 ]
    }, {
      "vertices" : [ 1, 4, 2, 7 ]
    } ]
  }, {
    "id" : "512cca10-f852-4428-b37b-0ada9f209afd",
    "vertices" : [ {
      "x" : 0.0,
      "y" : 0.0,
      "z" : 0.0
    }, {
      "x" : -2.9715223,
      "y" : 0.0,
      "z" : 2.270041
    }, {
      "x" : -3.4306479,
      "y" : 0.45912546,
      "z" : 2.9715223
    }, {
      "x" : -3.4306479,
      "y" : 3.4306479,
      "z" : 5.2415633
    }, {
      "x" : -0.7014813,
      "y" : 6.1598144,
      "z" : 5.2415633
    }, {
      "x" : 2.270041,
      "y" : 6.1598144,
      "z" : 2.9715223
    }, {
      "x" : 2.7291665,
      "y" : 5.700689,
      "z" : 2.270041
    }, {
      "x" : 2.7291665,
      "y" : 2.7291665,
      "z" : 0.0
    } ],
    "faces" : [ {
      "vertices" : [ 0, 1, 2, 3, 4, 5, 6, 7 ]
    }, {
      "vertices" : [ 0, 7, 6, 5, 4, 3, 2, 1 ]
    } ]
  }, {
    "id" : "482653e7-fd4b-4af6-b715-2da235ba0fb5",
    "orbit" : "1",
    "name" : "short",
    "vertices" : [ {
      "x" : -5.7123785,
      "y" : 4.604099,
      "z" : 0.7762685
    }, {
      "x" : -5.8123784,
      "y" : 4.7040987,
      "z" : 0.37626845
    }, {
      "x" : -0.447436,
      "y" : 0.63746476,
      "z" : -0.074787185
    }, {
      "x" : -0.347436,
      "y" : 0.5374648,
      "z" : 0.3252128
    }, {
      "x" : -5.579045,
      "y" : 5.0040984,
      "z" : 0.5096018
    }, {
      "x" : -5.479045,
      "y" : 4.9040985,
      "z" : 0.9096018
    }, {
      "x" : -0.58076936,
      "y" : 0.23746477,
      "z" : 0.19187948
    }, {
      "x" : -0.6807693,
      "y" : 0.33746478,
      "z" : -0.20812052
    } ],
    "faces" : [ {
      "vertices" : [ 2, 3, 6, 7 ]
    }, {
      "vertices" : [ 0, 5, 4, 1 ]
    }, {
      "vertices" : [ 2, 4, 5, 3 ]
    }, {
      "vertices" : [ 0, 6, 3, 5 ]
    }, {
      "vertices" : [ 0, 1, 7, 6 ]
    }, {
      "vertices" : [ 1, 4, 2, 7 ]
    } ]
  }, {
    "id" : "14c5eb64-2dcd-4015-953a-11b2da53c778",
    "vertices" : [ {
      "x" : 0.0,
      "y" : 0.0,
      "z" : 0.0
    }, {
      "x" : 0.3586472,
      "y" : -0.8640585,
      "z" : 0.19606997
    }, {
      "x" : -1.2593868,
      "y" : -8.718161,
      "z" : -31.456406
    }, {
      "x" : -1.618034,
      "y" : -7.854102,
      "z" : -31.652475
    } ],
    "faces" : [ {
      "vertices" : [ 0, 1, 2, 3 ]
    }, {
      "vertices" : [ 0, 3, 2, 1 ]
    } ]
  }, {
    "id" : "8cbed4c4-86f5-42c5-be10-c727dc080823",
    "vertices" : [ {
      "x" : 0.0,
      "y" : 0.0,
      "z" : 0.0
    }, {
      "x" : 2.270041,
      "y" : 0.0,
      "z" : -2.9715223
    }, {
      "x" : -19.9103,
      "y" : 16.944271,
      "z" : -19.915794
    }, {
      "x" : -22.18034,
      "y" : 16.944271,
      "z" : -16.944271
    } ],
    "faces" : [ {
      "vertices" : [ 0, 1, 2, 3 ]
    }, {
      "vertices" : [ 0, 3, 2, 1 ]
    } ]
  }, {
    "id" : "71d350cb-eb5c-4302-b1d3-c32d7b333b7b",
    "vertices" : [ {
      "x" : 0.0,
      "y" : 0.0,
      "z" : 0.0
    }, {
      "x" : 0.0,
      "y" : -2.9715223,
      "z" : -2.270041
    }, {
      "x" : 0.45912546,
      "y" : -3.4306479,
      "z" : -2.9715223
    }, {
      "x" : 3.4306479,
      "y" : -3.4306479,
      "z" : -5.2415633
    }, {
      "x" : 6.1598144,
      "y" : -0.7014813,
      "z" : -5.2415633
    }, {
      "x" : 6.1598144,
      "y" : 2.270041,
      "z" : -2.9715223
    }, {
      "x" : 5.700689,
      "y" : 2.7291665,
      "z" : -2.270041
    }, {
      "x" : 2.7291665,
      "y" : 2.7291665,
      "z" : 0.0
    } ],
    "faces" : [ {
      "vertices" : [ 0, 1, 2, 3, 4, 5, 6, 7 ]
    }, {
      "vertices" : [ 0, 7, 6, 5, 4, 3, 2, 1 ]
    } ]
  }, {
    "id" : "006555a5-d4a4-46ea-b199-739a3b5becce",
    "vertices" : [ {
      "x" : 0.0,
      "y" : 0.0,
      "z" : 0.0
    }, {
      "x" : -0.3586472,
      "y" : 0.8640585,
      "z" : -0.19606997
    }, {
      "x" : 1.2593868,
      "y" : 8.718161,
      "z" : 31.456406
    }, {
      "x" : 1.618034,
      "y" : 7.854102,
      "z" : 31.652475
    } ],
    "faces" : [ {
      "vertices" : [ 0, 1, 2, 3 ]
    }, {
      "vertices" : [ 0, 3, 2, 1 ]
    } ]
  }, {
    "id" : "0154854d-b389-47b3-a713-f778a407cb3f",
    "vertices" : [ {
      "x" : 0.0,
      "y" : 0.0,
      "z" : 0.0
    }, {
      "x" : 2.270041,
      "y" : 2.9715223,
      "z" : 0.0
    }, {
      "x" : -19.9103,
      "y" : 19.915794,
      "z" : 16.944271
    }, {
      "x" : -22.18034,
      "y" : 16.944271,
      "z" : 16.944271
    } ],
    "faces" : [ {
      "vertices" : [ 0, 1, 2, 3 ]
    }, {
      "vertices" : [ 0, 3, 2, 1 ]
    } ]
  }, {
    "id" : "b05866a6-3429-46c3-9c62-ad94084c9c91",
    "vertices" : [ {
      "x" : 0.0,
      "y" : 0.0,
      "z" : 0.0
    }, {
      "x" : 2.270041,
      "y" : 0.0,
      "z" : -2.9715223
    }, {
      "x" : 24.45038,
      "y" : -16.944271,
      "z" : 13.97275
    }, {
      "x" : 22.18034,
      "y" : -16.944271,
      "z" : 16.944271
    } ],
    "faces" : [ {
      "vertices" : [ 0, 1, 2, 3 ]
    }, {
      "vertices" : [ 0, 3, 2, 1 ]
    } ]
  }, {
    "id" : "01ae43d7-5202-4021-bef5-e8dd646248ea",
    "vertices" : [ {
      "x" : 0.0,
      "y" : 0.0,
      "z" : 0.0
    }, {
      "x" : 0.0,
      "y" : -2.7291665,
      "z" : 2.7291665
    }, {
      "x" : -22.18034,
      "y" : 14.215105,
      "z" : 19.673439
    }, {
      "x" : -22.18034,
      "y" : 16.944271,
      "z" : 16.944271
    } ],
    "faces" : [ {
      "vertices" : [ 0, 1, 2, 3 ]
    }, {
      "vertices" : [ 0, 3, 2, 1 ]
    } ]
  }, {
    "id" : "9ebf6651-57d9-49b9-b8ae-de3e63e86f09",
    "orbit" : "6",
    "name" : "short",
    "vertices" : [ {
      "x" : 1.2933024,
      "y" : -2.8368385,
      "z" : -5.6972747
    }, {
      "x" : 0.8933024,
      "y" : -2.9368384,
      "z" : -5.7972746
    }, {
      "x" : -0.016115883,
      "y" : -0.50687927,
      "z" : -0.5023188
    }, {
      "x" : 0.38388413,
      "y" : -0.40687928,
      "z" : -0.4023188
    }, {
      "x" : 1.0266358,
      "y" : -3.2368383,
      "z" : -5.5639415
    }, {
      "x" : 1.4266357,
