{
  "polygons" : "true",
  "field" : "golden",
  "symmetry" : "icosahedral",
  "orientations" : [ [ 1.0, 0.0, 0.0, 0.0, 0.0, 1.0, 0.0, 0.0, 0.0, 0.0, 1.0, 0.0, 0.0, 0.0, 0.0, 1.0 ], [ 0.0, 0.0, 1.0, 0.0, 1.0, 0.0, 0.0, 0.0, 0.0, 1.0, 0.0, 0.0, 0.0, 0.0, 0.0, 1.0 ], [ 0.0, 1.0, 0.0, 0.0, 0.0, 0.0, 1.0, 0.0, 1.0, 0.0, 0.0, 0.0, 0.0, 0.0, 0.0, 1.0 ], [ 0.809017, 0.309017, 0.5, 0.0, 0.309017, 0.5, -0.809017, 0.0, -0.5, 0.809017, 0.309017, 0.0, 0.0, 0.0, 0.0, 1.0 ], [ -0.5, 0.809017, 0.309017, 0.0, 0.809017, 0.309017, 0.5, 0.0, 0.309017, 0.5, -0.809017, 0.0, 0.0, 0.0, 0.0, 1.0 ], [ 0.309017, 0.5, -0.809017, 0.0, -0.5, 0.809017, 0.309017, 0.0, 0.809017, 0.309017, 0.5, 0.0, 0.0, 0.0, 0.0, 1.0 ], [ 0.5, 0.809017, 0.309017, 0.0, 0.809017, -0.309017, -0.5, 0.0, -0.309017, 0.5, -0.809017, 0.0, 0.0, 0.0, 0.0, 1.0 ], [ -0.309017, 0.5, -0.809017, 0.0, 0.5, 0.809017, 0.309017, 0.0, 0.809017, -0.309017, -0.5, 0.0, 0.0, 0.0, 0.0, 1.0 ], [ 0.809017, -0.309017, -0.5, 0.0, -0.309017, 0.5, -0.809017, 0.0, 0.5, 0.809017, 0.309017, 0.0, 0.0, 0.0, 0.0, 1.0 ], [ 0.5, 0.809017, -0.309017, 0.0, 0.809017, -0.309017, 0.5, 0.0, 0.309017, -0.5, -0.809017, 0.0, 0.0, 0.0, 0.0, 1.0 ], [ 0.309017, -0.5, -0.809017, 0.0, 0.5, 0.809017, -0.309017, 0.0, 0.809017, -0.309017, 0.5, 0.0, 0.0, 0.0, 0.0, 1.0 ], [ 0.809017, -0.309017, 0.5, 0.0, 0.309017, -0.5, -0.809017, 0.0, 0.5, 0.809017, -0.309017, 0.0, 0.0, 0.0, 0.0, 1.0 ], [ 0.809017, 0.309017, -0.5, 0.0, 0.309017, 0.5, 0.809017, 0.0, 0.5, -0.809017, 0.309017, 0.0, 0.0, 0.0, 0.0, 1.0 ], [ 0.5, -0.809017, 0.309017, 0.0, 0.809017, 0.309017, -0.5, 0.0, 0.309017, 0.5, 0.809017, 0.0, 0.0, 0.0, 0.0, 1.0 ], [ 0.309017, 0.5, 0.809017, 0.0, 0.5, -0.809017, 0.309017, 0.0, 0.809017, 0.309017, -0.5, 0.0, 0.0, 0.0, 0.0, 1.0 ], [ 1.0, 0.0, 0.0, 0.0, 0.0, -1.0, 0.0, 0.0, 0.0, 0.0, -1.0, 0.0, 0.0, 0.0, 0.0, 1.0 ], [ 0.0, 0.0, 1.0, 0.0, -1.0, 0.0, 0.0, 0.0, 0.0, -1.0, 0.0, 0.0, 0.0, 0.0, 0.0, 1.0 ], [ 0.0, 1.0, 0.0, 0.0, 0.0, 0.0, -1.0, 0.0, -1.0, 0.0, 0.0, 0.0, 0.0, 0.0, 0.0, 1.0 ], [ 0.809017, 0.309017, 0.5, 0.0, -0.309017, -0.5, 0.809017, 0.0, 0.5, -0.809017, -0.309017, 0.0, 0.0, 0.0, 0.0, 1.0 ], [ -0.5, 0.809017, 0.309017, 0.0, -0.809017, -0.309017, -0.5, 0.0, -0.309017, -0.5, 0.809017, 0.0, 0.0, 0.0, 0.0, 1.0 ], [ 0.309017, 0.5, -0.809017, 0.0, 0.5, -0.809017, -0.309017, 0.0, -0.809017, -0.309017, -0.5, 0.0, 0.0, 0.0, 0.0, 1.0 ], [ 0.5, 0.809017, 0.309017, 0.0, -0.809017, 0.309017, 0.5, 0.0, 0.309017, -0.5, 0.809017, 0.0, 0.0, 0.0, 0.0, 1.0 ], [ -0.309017, 0.5, -0.809017, 0.0, -0.5, -0.809017, -0.309017, 0.0, -0.809017, 0.309017, 0.5, 0.0, 0.0, 0.0, 0.0, 1.0 ], [ 0.809017, -0.309017, -0.5, 0.0, 0.309017, -0.5, 0.809017, 0.0, -0.5, -0.809017, -0.309017, 0.0, 0.0, 0.0, 0.0, 1.0 ], [ 0.5, 0.809017, -0.309017, 0.0, -0.809017, 0.309017, -0.5, 0.0, -0.309017, 0.5, 0.809017, 0.0, 0.0, 0.0, 0.0, 1.0 ], [ 0.309017, -0.5, -0.809017, 0.0, -0.5, -0.809017, 0.309017, 0.0, -0.809017, 0.309017, -0.5, 0.0, 0.0, 0.0, 0.0, 1.0 ], [ 0.809017, -0.309017, 0.5, 0.0, -0.309017, 0.5, 0.809017, 0.0, -0.5, -0.809017, 0.309017, 0.0, 0.0, 0.0, 0.0, 1.0 ], [ 0.809017, 0.309017, -0.5, 0.0, -0.309017, -0.5, -0.809017, 0.0, -0.5, 0.809017, -0.309017, 0.0, 0.0, 0.0, 0.0, 1.0 ], [ 0.5, -0.809017, 0.309017, 0.0, -0.809017, -0.309017, 0.5, 0.0, -0.309017, -0.5, -0.809017, 0.0, 0.0, 0.0, 0.0, 1.0 ], [ 0.309017, 0.5, 0.809017, 0.0, -0.5, 0.809017, -0.309017, 0.0, -0.809017, -0.309017, 0.5, 0.0, 0.0, 0.0, 0.0, 1.0 ], [ -1.0, 0.0, 0.0, 0.0, 0.0, -1.0, 0.0, 0.0, 0.0, 0.0, 1.0, 0.0, 0.0, 0.0, 0.0, 1.0 ], [ 0.0, 0.0, -1.0, 0.0, -1.0, 0.0, 0.0, 0.0, 0.0, 1.0, 0.0, 0.0, 0.0, 0.0, 0.0, 1.0 ], [ 0.0, -1.0, 0.0, 0.0, 0.0, 0.0, -1.0, 0.0, 1.0, 0.0, 0.0, 0.0, 0.0, 0.0, 0.0, 1.0 ], [ -0.809017, -0.309017, -0.5, 0.0, -0.309017, -0.5, 0.809017, 0.0, -0.5, 0.809017, 0.309017, 0.0, 0.0, 0.0, 0.0, 1.0 ], [ 0.5, -0.809017, -0.309017, 0.0, -0.809017, -0.309017, -0.5, 0.0, 0.309017, 0.5, -0.809017, 0.0, 0.0, 0.0, 0.0, 1.0 ], [ -0.309017, -0.5, 0.809017, 0.0, 0.5, -0.809017, -0.309017, 0.0, 0.809017, 0.309017, 0.5, 0.0, 0.0, 0.0, 0.0, 1.0 ], [ -0.5, -0.809017, -0.309017, 0.0, -0.809017, 0.309017, 0.5, 0.0, -0.309017, 0.5, -0.809017, 0.0, 0.0, 0.0, 0.0, 1.0 ], [ 0.309017, -0.5, 0.809017, 0.0, -0.5, -0.809017, -0.309017, 0.0, 0.809017, -0.309017, -0.5, 0.0, 0.0, 0.0, 0.0, 1.0 ], [ -0.809017, 0.309017, 0.5, 0.0, 0.309017, -0.5, 0.809017, 0.0, 0.5, 0.809017, 0.309017, 0.0, 0.0, 0.0, 0.0, 1.0 ], [ -0.5, -0.809017, 0.309017, 0.0, -0.809017, 0.309017, -0.5, 0.0, 0.309017, -0.5, -0.809017, 0.0, 0.0, 0.0, 0.0, 1.0 ], [ -0.309017, 0.5, 0.809017, 0.0, -0.5, -0.809017, 0.309017, 0.0, 0.809017, -0.309017, 0.5, 0.0, 0.0, 0.0, 0.0, 1.0 ], [ -0.809017, 0.309017, -0.5, 0.0, -0.309017, 0.5, 0.809017, 0.0, 0.5, 0.809017, -0.309017, 0.0, 0.0, 0.0, 0.0, 1.0 ], [ -0.809017, -0.309017, 0.5, 0.0, -0.309017, -0.5, -0.809017, 0.0, 0.5, -0.809017, 0.309017, 0.0, 0.0, 0.0, 0.0, 1.0 ], [ -0.5, 0.809017, -0.309017, 0.0, -0.809017, -0.309017, 0.5, 0.0, 0.309017, 0.5, 0.809017, 0.0, 0.0, 0.0, 0.0, 1.0 ], [ -0.309017, -0.5, -0.809017, 0.0, -0.5, 0.809017, -0.309017, 0.0, 0.809017, 0.309017, -0.5, 0.0, 0.0, 0.0, 0.0, 1.0 ], [ -1.0, 0.0, 0.0, 0.0, 0.0, 1.0, 0.0, 0.0, 0.0, 0.0, -1.0, 0.0, 0.0, 0.0, 0.0, 1.0 ], [ 0.0, 0.0, -1.0, 0.0, 1.0, 0.0, 0.0, 0.0, 0.0, -1.0, 0.0, 0.0, 0.0, 0.0, 0.0, 1.0 ], [ 0.0, -1.0, 0.0, 0.0, 0.0, 0.0, 1.0, 0.0, -1.0, 0.0, 0.0, 0.0, 0.0, 0.0, 0.0, 1.0 ], [ -0.809017, -0.309017, -0.5, 0.0, 0.309017, 0.5, -0.809017, 0.0, 0.5, -0.809017, -0.309017, 0.0, 0.0, 0.0, 0.0, 1.0 ], [ 0.5, -0.809017, -0.309017, 0.0, 0.809017, 0.309017, 0.5, 0.0, -0.309017, -0.5, 0.809017, 0.0, 0.0, 0.0, 0.0, 1.0 ], [ -0.309017, -0.5, 0.809017, 0.0, -0.5, 0.809017, 0.309017, 0.0, -0.809017, -0.309017, -0.5, 0.0, 0.0, 0.0, 0.0, 1.0 ], [ -0.5, -0.809017, -0.309017, 0.0, 0.809017, -0.309017, -0.5, 0.0, 0.309017, -0.5, 0.809017, 0.0, 0.0, 0.0, 0.0, 1.0 ], [ 0.309017, -0.5, 0.809017, 0.0, 0.5, 0.809017, 0.309017, 0.0, -0.809017, 0.309017, 0.5, 0.0, 0.0, 0.0, 0.0, 1.0 ], [ -0.809017, 0.309017, 0.5, 0.0, -0.309017, 0.5, -0.809017, 0.0, -0.5, -0.809017, -0.309017, 0.0, 0.0, 0.0, 0.0, 1.0 ], [ -0.5, -0.809017, 0.309017, 0.0, 0.809017, -0.309017, 0.5, 0.0, -0.309017, 0.5, 0.809017, 0.0, 0.0, 0.0, 0.0, 1.0 ], [ -0.309017, 0.5, 0.809017, 0.0, 0.5, 0.809017, -0.309017, 0.0, -0.809017, 0.309017, -0.5, 0.0, 0.0, 0.0, 0.0, 1.0 ], [ -0.809017, 0.309017, -0.5, 0.0, 0.309017, -0.5, -0.809017, 0.0, -0.5, -0.809017, 0.309017, 0.0, 0.0, 0.0, 0.0, 1.0 ], [ -0.809017, -0.309017, 0.5, 0.0, 0.309017, 0.5, 0.809017, 0.0, -0.5, 0.809017, -0.309017, 0.0, 0.0, 0.0, 0.0, 1.0 ], [ -0.5, 0.809017, -0.309017, 0.0, 0.809017, 0.309017, -0.5, 0.0, -0.309017, -0.5, -0.809017, 0.0, 0.0, 0.0, 0.0, 1.0 ], [ -0.309017, -0.5, -0.809017, 0.0, 0.5, -0.809017, 0.309017, 0.0, -0.809017, -0.309017, 0.5, 0.0, 0.0, 0.0, 0.0, 1.0 ] ],
  "lights" : {
    "ambientColor" : "#292929",
    "backgroundColor" : "#AFC8DC",
    "directionalLights" : [ {
      "direction" : [ 1.0, -1.0, -1.0 ],
      "color" : "#EBEBE4"
    }, {
      "direction" : [ -1.0, 0.0, 0.0 ],
      "color" : "#E4E4EB"
    }, {
      "direction" : [ 0.0, 0.0, -1.0 ],
      "color" : "#1E1E1E"
    } ]
  },
  "camera" : {
    "lookDirection" : {
      "x" : 0.0,
      "y" : 1.0,
      "z" : 0.0
    },
    "upDirection" : {
      "x" : 0.0,
      "y" : 0.0,
      "z" : 1.0
    },
    "lookAtPoint" : {
      "x" : 0.0,
      "y" : 0.0,
      "z" : 0.0
    },
    "viewDistance" : 194.19821,
    "nearClipDistance" : 0.4854953,
    "farClipDistance" : 388.3959,
    "fieldOfView" : 0.4426287,
    "perspective" : false,
    "width" : 87.38916,
    "stereo" : false,
    "position" : {
      "x" : 0.0,
      "y" : -194.19821,
      "z" : 0.0
    }
  },
  "embedding" : [ 1.0, 0.0, 0.0, 0.0, 0.0, 1.0, 0.0, 0.0, 0.0, 0.0, 1.0, 0.0, 0.0, 0.0, 0.0, 1.0 ],
  "shapes" : [ {
    "id" : "401cfa45-8b5c-474c-80ca-a2a2d1b0422b",
    "vertices" : [ {
      "x" : 0.0,
      "y" : 0.0,
      "z" : 0.0
    }, {
      "x" : 2.618034,
      "y" : -4.236068,
      "z" : 6.854102
    }, {
      "x" : 7.854102,
      "y" : -17.944271,
      "z" : 6.854102
    }, {
      "x" : 10.472136,
      "y" : -27.416409,
      "z" : 0.0
    } ],
    "faces" : [ {
      "vertices" : [ 0, 1, 2, 3 ]
    }, {
      "vertices" : [ 0, 3, 2, 1 ]
    } ]
  }, {
    "id" : "d8e2cc48-68fd-4089-99ca-99471809aebf",
    "vertices" : [ {
      "x" : 0.0,
      "y" : 0.0,
      "z" : 0.0
    }, {
      "x" : 0.0,
      "y" : 0.0,
      "z" : 8.472136
    }, {
      "x" : 0.0,
      "y" : -8.472136,
      "z" : 8.472136
    }, {
      "x" : 0.0,
      "y" : -8.472136,
      "z" : 0.0
    } ],
    "faces" : [ {
      "vertices" : [ 0, 1, 2, 3 ]
    }, {
      "vertices" : [ 0, 3, 2, 1 ]
    } ]
  }, {
    "id" : "7a807644-06d2-481c-830d-bd651e5058ed",
    "vertices" : [ {
      "x" : 0.0,
      "y" : 0.0,
      "z" : 0.0
    }, {
      "x" : 0.0,
      "y" : 0.0,
      "z" : -8.472136
    }, {
      "x" : 0.0,
      "y" : 8.472136,
      "z" : -8.472136
    }, {
      "x" : 0.0,
      "y" : 8.472136,
      "z" : 0.0
    } ],
    "faces" : [ {
      "vertices" : [ 0, 1, 2, 3 ]
    }, {
      "vertices" : [ 0, 3, 2, 1 ]
    } ]
  }, {
    "id" : "805a0f54-8d7e-477b-b820-a739f578e732",
    "name" : "ball",
    "vertices" : [ {
      "x" : 0.309017,
      "y" : -0.309017,
      "z" : -0.309017
    }, {
      "x" : 0.5,
      "y" : 0.0,
      "z" : -0.19098301
    }, {
      "x" : 0.5,
      "y" : 0.0,
      "z" : 0.19098301
    }, {
      "x" : 0.309017,
      "y" : -0.309017,
      "z" : 0.309017
    }, {
      "x" : 0.19098301,
      "y" : -0.5,
      "z" : 0.0
    }, {
      "x" : 0.0,
      "y" : 0.19098301,
      "z" : 0.5
    }, {
      "x" : 0.0,
      "y" : -0.19098301,
      "z" : 0.5
    }, {
      "x" : 0.309017,
      "y" : 0.309017,
      "z" : 0.309017
    }, {
      "x" : -0.309017,
      "y" : -0.309017,
      "z" : 0.309017
    }, {
      "x" : -0.309017,
      "y" : 0.309017,
      "z" : 0.309017
    }, {
      "x" : -0.5,
      "y" : 0.0,
      "z" : 0.19098301
    }, {
      "x" : 0.0,
      "y" : -0.19098301,
      "z" : -0.5
    }, {
      "x" : 0.0,
      "y" : 0.19098301,
      "z" : -0.5
    }, {
      "x" : 0.309017,
      "y" : 0.309017,
      "z" : -0.309017
    }, {
      "x" : -0.309017,
      "y" : -0.309017,
      "z" : -0.309017
    }, {
      "x" : -0.19098301,
      "y" : -0.5,
      "z" : 0.0
    }, {
      "x" : -0.5,
      "y" : 0.0,
      "z" : -0.19098301
    }, {
      "x" : 0.19098301,
      "y" : 0.5,
      "z" : 0.0
    }, {
      "x" : -0.309017,
      "y" : 0.309017,
      "z" : -0.309017
    }, {
      "x" : 0.0,
      "y" : 0.0,
      "z" : 0.0
    }, {
      "x" : -0.19098301,
      "y" : 0.5,
      "z" : 0.0
    } ],
    "faces" : [ {
      "vertices" : [ 12, 18, 20, 17, 13 ]
    }, {
      "vertices" : [ 3, 6, 8, 15, 4 ]
    }, {
      "vertices" : [ 0, 11, 12, 13, 1 ]
    }, {
      "vertices" : [ 5, 9, 10, 8, 6 ]
    }, {
      "vertices" : [ 2, 7, 5, 6, 3 ]
    }, {
      "vertices" : [ 11, 14, 16, 18, 12 ]
    }, {
      "vertices" : [ 1, 13, 17, 7, 2 ]
    }, {
      "vertices" : [ 9, 20, 18, 16, 10 ]
    }, {
      "vertices" : [ 0, 1, 2, 3, 4 ]
    }, {
      "vertices" : [ 5, 7, 17, 20, 9 ]
    }, {
      "vertices" : [ 0, 4, 15, 14, 11 ]
    }, {
      "vertices" : [ 8, 10, 16, 14, 15 ]
    } ]
  }, {
    "id" : "b0216e5f-6faa-4bd5-b12e-0cad6b0be1d4",
    "vertices" : [ {
      "x" : 0.0,
      "y" : 0.0,
      "z" : 0.0
    }, {
      "x" : 0.0,
      "y" : -8.472136,
      "z" : 0.0
    }, {
      "x" : 0.0,
      "y" : 0.0,
      "z" : -8.472136
    } ],
    "faces" : [ {
      "vertices" : [ 0, 1, 2 ]
    }, {
      "vertices" : [ 0, 2, 1 ]
    } ]
  }, {
    "id" : "c157b500-a984-4e5c-abad-0cfd5f78af7b",
    "vertices" : [ {
      "x" : 0.0,
      "y" : 0.0,
      "z" : 0.0
    }, {
      "x" : -2.618034,
      "y" : 6.854102,
      "z" : 0.0
    }, {
      "x" : 0.0,
      "y" : 2.618034,
      "z" : 6.854102
    } ],
    "faces" : [ {
      "vertices" : [ 0, 1, 2 ]
    }, {
      "vertices" : [ 0, 2, 1 ]
    } ]
  }, {
    "id" : "bc4c5f1f-372d-4023-a63e-bc485b5e6a01",
    "vertices" : [ {
      "x" : 0.0,
      "y" : 0.0,
      "z" : 0.0
    }, {
      "x" : 0.0,
      "y" : -8.472136,
      "z" : -8.472136
    }, {
      "x" : 0.0,
      "y" : 0.0,
      "z" : -8.472136
    } ],
    "faces" : [ {
      "vertices" : [ 0, 1, 2 ]
    }, {
      "vertices" : [ 0, 2, 1 ]
    } ]
  }, {
    "id" : "04e0801b-0f3e-456f-9cfb-c5d09082012e",
    "vertices" : [ {
      "x" : 0.0,
      "y" : 0.0,
      "z" : 0.0
    }, {
      "x" : 0.0,
      "y" : 7.854102,
      "z" : 20.562305
    }, {
      "x" : 2.618034,
      "y" : 3.618034,
      "z" : 27.416409
    }, {
      "x" : 2.618034,
      "y" : -6.854102,
      "z" : 0.0
    } ],
    "faces" : [ {
      "vertices" : [ 0, 1, 2, 3 ]
    }, {
      "vertices" : [ 0, 3, 2, 1 ]
    } ]
  }, {
    "id" : "57c70796-d58d-4145-af5f-250c369fabb1",
    "vertices" : [ {
      "x" : 0.0,
      "y" : 0.0,
      "z" : 0.0
    }, {
      "x" : 2.618034,
      "y" : -4.236068,
      "z" : 6.854102
    }, {
      "x" : 7.854102,
      "y" : -17.944271,
      "z" : 6.854102
    }, {
      "x" : 5.236068,
      "y" : -13.708204,
      "z" : 0.0
    } ],
    "faces" : [ {
      "vertices" : [ 0, 1, 2, 3 ]
    }, {
      "vertices" : [ 0, 3, 2, 1 ]
    } ]
  }, {
    "id" : "509acb3f-43cc-4dd6-a5a9-67bc7586d572",
    "vertices" : [ {
      "x" : 0.0,
      "y" : 0.0,
      "z" : 0.0
    }, {
      "x" : 0.0,
      "y" : 5.236068,
      "z" : 13.708204
    }, {
      "x" : 2.618034,
      "y" : -1.618034,
      "z" : 13.708204
    }, {
      "x" : 2.618034,
      "y" : -6.854102,
      "z" : 0.0
    } ],
    "faces" : [ {
      "vertices" : [ 0, 1, 2, 3 ]
    }, {
      "vertices" : [ 0, 3, 2, 1 ]
    } ]
  }, {
    "id" : "0a7b5191-b1e6-49a5-97b4-889d15675361",
    "vertices" : [ {
      "x" : 0.0,
      "y" : 0.0,
      "z" : 0.0
    }, {
      "x" : 2.618034,
      "y" : -6.854102,
      "z" : 0.0
    }, {
      "x" : 2.618034,
      "y" : -9.472136,
      "z" : -6.854102
    } ],
    "faces" : [ {
      "vertices" : [ 0, 1, 2 ]
    }, {
      "vertices" : [ 0, 2, 1 ]
    } ]
  }, {
    "id" : "d08a1adc-0b8c-436f-b9d8-d1f8961c0b71",
    "vertices" : [ {
      "x" : 0.0,
      "y" : 0.0,
      "z" : 0.0
    }, {
      "x" : 0.0,
      "y" : 8.472136,
      "z" : 0.0
    }, {
      "x" : 0.0,
      "y" : 8.472136,
      "z" : 42.36068
    }, {
      "x" : 0.0,
      "y" : 0.0,
      "z" : 42.36068
    } ],
    "faces" : [ {
      "vertices" : [ 0, 1, 2, 3 ]
    }, {
      "vertices" : [ 0, 3, 2, 1 ]
    } ]
  }, {
    "id" : "9e83d63e-3d40-4e68-bb80-14991a31edeb",
    "vertices" : [ {
      "x" : 0.0,
      "y" : 0.0,
      "z" : 0.0
    }, {
      "x" : 0.0,
      "y" : 2.618034,
      "z" : 6.854102
    }, {
      "x" : 2.618034,
      "y" : -4.236068,
      "z" : 6.854102
    } ],
    "faces" : [ {
      "vertices" : [ 0, 1, 2 ]
    }, {
      "vertices" : [ 0, 2, 1 ]
    } ]
  }, {
    "id" : "c9b225c3-d174-417f-8741-08674d085219",
    "vertices" : [ {
      "x" : 0.0,
      "y" : 0.0,
      "z" : 0.0
    }, {
      "x" : 0.0,
      "y" : 8.472136,
      "z" : 0.0
    }, {
      "x" : 0.0,
      "y" : 8.472136,
      "z" : 8.472136
    } ],
    "faces" : [ {
      "vertices" : [ 0, 1, 2 ]
    }, {
      "vertices" : [ 0, 2, 1 ]
    } ]
  }, {
    "id" : "b6617b16-9f71-4018-93e6-01a2ba07edc2",
    "vertices" : [ {
      "x" : 0.0,
      "y" : 0.0,
      "z" : 0.0
    }, {
      "x" : 0.0,
      "y" : -2.618034,
      "z" : -6.854102
    }, {
      "x" : -2.618034,
      "y" : 4.236068,
      "z" : -6.854102
    } ],
    "faces" : [ {
      "vertices" : [ 0, 1, 2 ]
    }, {
      "vertices" : [ 0, 2, 1 ]
    } ]
  }, {
    "id" : "80d7e2c0-68f2-4c5d-8725-c7dfa9e734ef",
    "vertices" : [ {
      "x" : 0.0,
      "y" : 0.0,
      "z" : 0.0
    }, {
      "x" : 7.854102,
      "y" : -12.708204,
      "z" : 20.562305
    }, {
      "x" : 13.09017,
      "y" : -26.416409,
      "z" : 20.562305
    }, {
      "x" : 2.618034,
      "y" : -9.472136,
      "z" : -6.854102
    } ],
    "faces" : [ {
      "vertices" : [ 0, 1, 2, 3 ]
    }, {
      "vertices" : [ 0, 3, 2, 1 ]
    } ]
  }, {
    "id" : "b6faf7af-a13b-43e0-81ff-ef03c9240255",
    "vertices" : [ {
      "x" : 0.0,
      "y" : 0.0,
      "z" : 0.0
    }, {
      "x" : 2.618034,
      "y" : -4.236068,
      "z" : 6.854102
    }, {
      "x" : 5.236068,
      "y" : -13.708204,
      "z" : 0.0
    } ],
    "faces" : [ {
      "vertices" : [ 0, 1, 2 ]
    }, {
      "vertices" : [ 0, 2, 1 ]
    } ]
  }, {
    "id" : "202a1c66-b8e0-449c-aa87-3da122850275",
    "vertices" : [ {
      "x" : 0.0,
      "y" : 0.0,
      "z" : 0.0
    }, {
      "x" : 0.0,
      "y" : 2.618034,
      "z" : 6.854102
    }, {
      "x" : 2.618034,
      "y" : -4.236068,
      "z" : 6.854102
    }, {
      "x" : 2.618034,
      "y" : -6.854102,
      "z" : 0.0
    } ],
    "faces" : [ {
      "vertices" : [ 0, 1, 2, 3 ]
    }, {
      "vertices" : [ 0, 3, 2, 1 ]
    } ]
  }, {
    "id" : "2987d610-fb8a-41d4-84a2-2d54a89e3463",
    "vertices" : [ {
      "x" : 0.0,
      "y" : 0.0,
      "z" : 0.0
    }, {
      "x" : 0.0,
      "y" : -8.472136,
      "z" : 0.0
    }, {
      "x" : 0.0,
      "y" : -8.472136,
      "z" : -8.472136
    } ],
    "faces" : [ {
      "vertices" : [ 0, 1, 2 ]
    }, {
      "vertices" : [ 0, 2, 1 ]
    } ]
  }, {
    "id" : "153945aa-df0a-425c-8b48-47d62dd0f1ca",
    "vertices" : [ {
      "x" : 0.0,
      "y" : 0.0,
      "z" : 0.0
    }, {
      "x" : 2.618034,
      "y" : -6.854102,
      "z" : 0.0
    }, {
      "x" : 0.0,
      "y" : -2.618034,
      "z" : -6.854102
    } ],
    "faces" : [ {
      "vertices" : [ 0, 1, 2 ]
    }, {
      "vertices" : [ 0, 2, 1 ]
    } ]
  }, {
    "id" : "d653f6c5-1562-4ef5-aad0-b4c3dc5550a8",
    "vertices" : [ {
      "x" : 0.0,
      "y" : 0.0,
      "z" : 0.0
    }, {
      "x" : 0.0,
      "y" : 8.472136,
      "z" : 8.472136
    }, {
      "x" : 0.0,
      "y" : 0.0,
      "z" : 8.472136
    } ],
    "faces" : [ {
      "vertices" : [ 0, 1, 2 ]
    }, {
      "vertices" : [ 0, 2, 1 ]
    } ]
  }, {
    "id" : "716003a8-d0ac-41e7-abb2-1a66aeb63f23",
    "vertices" : [ {
      "x" : 0.0,
      "y" : 0.0,
      "z" : 0.0
    }, {
      "x" : 0.0,
      "y" : -8.472136,
      "z" : 0.0
    }, {
      "x" : 0.0,
      "y" : -8.472136,
      "z" : -42.36068
    }, {
      "x" : 0.0,
      "y" : 0.0,
      "z" : -42.36068
    } ],
    "faces" : [ {
      "vertices" : [ 0, 1, 2, 3 ]
    }, {
      "vertices" : [ 0, 3, 2, 1 ]
    } ]
  }, {
    "id" : "b1a67408-3374-47db-b4c0-52d697e6238c",
    "vertices" : [ {
      "x" : 0.0,
      "y" : 0.0,
      "z" : 0.0
    }, {
      "x" : 0.0,
      "y" : 8.472136,
      "z" : 0.0
    }, {
      "x" : 0.0,
      "y" : 0.0,
      "z" : 8.472136
    } ],
    "faces" : [ {
      "vertices" : [ 0, 1, 2 ]
    }, {
      "vertices" : [ 0, 2, 1 ]
    } ]
  } ],
  "instances" : [ {
    "shape" : "401cfa45-8b5c-474c-80ca-a2a2d1b0422b",
    "color" : "#7E4103",
    "position" : {
      "x" : -4.236068,
      "y" : -4.236068,
      "z" : -4.236068
    },
    "orientation" : 8
  }, {
    "shape" : "d8e2cc48-68fd-4089-99ca-99471809aebf",
    "color" : "#FFCC99",
    "position" : {
      "x" : -12.708204,
      "y" : -12.708204,
      "z" : 12.708204
    },
    "orientation" : 47
  }, {
    "shape" : "7a807644-06d2-481c-830d-bd651e5058ed",
    "color" : "#FFCC99",
    "position" : {
      "x" : 12.708204,
      "y" : -4.236068,
      "z" : -12.708204
    },
    "orientation" : 45
  }, {
    "shape" : "d8e2cc48-68fd-4089-99ca-99471809aebf",
    "color" : "#FFCC99",
    "position" : {
      "x" : -12.708204,
      "y" : 4.236068,
      "z" : -12.708204
    },
    "orientation" : 0
  }, {
    "shape" : "805a0f54-8d7e-477b-b820-a739f578e732",
    "color" : "#FFFFFF",
    "position" : {
      "x" : -21.18034,
      "y" : -21.18034,
      "z" : -12.708204
    }
  }, {
    "shape" : "d8e2cc48-68fd-4089-99ca-99471809aebf",
    "color" : "#FFCC99",
    "position" : {
      "x" : 4.236068,
      "y" : -12.708204,
      "z" : 12.708204
    },
    "orientation" : 47
  }, {
    "shape" : "805a0f54-8d7e-477b-b820-a739f578e732",
    "color" : "#FFFFFF",
    "position" : {
      "x" : 12.708204,
      "y" : -4.236068,
      "z" : -21.18034
    }
  }, {
    "shape" : "b0216e5f-6faa-4bd5-b12e-0cad6b0be1d4",
    "color" : "#7E4103",
    "position" : {
      "x" : 21.18034,
      "y" : -12.708204,
      "z" : -12.708204
    },
    "orientation" : 45
  }, {
    "shape" : "805a0f54-8d7e-477b-b820-a739f578e732",
    "color" : "#FFFFFF",
    "position" : {
      "x" : -12.708204,
      "y" : 21.18034,
      "z" : -4.236068
    }
  }, {
    "shape" : "805a0f54-8d7e-477b-b820-a739f578e732",
    "color" : "#FFFFFF",
    "position" : {
      "x" : -12.708204,
      "y" : 4.236068,
      "z" : -4.236068
    }
  }, {
    "shape" : "805a0f54-8d7e-477b-b820-a739f578e732",
    "color" : "#FFFFFF",
    "position" : {
      "x" : 12.708204,
      "y" : 21.18034,
      "z" : 21.18034
    }
  }, {
    "shape" : "401cfa45-8b5c-474c-80ca-a2a2d1b0422b",
    "color" : "#7E4103",
    "position" : {
      "x" : 4.236068,
      "y" : 4.236068,
      "z" : -4.236068
    },
    "orientation" : 38
  }, {
    "shape" : "c157b500-a984-4e5c-abad-0cfd5f78af7b",
    "color" : "#7E4103",
    "position" : {
      "x" : 8.472136,
      "y" : -8.472136,
      "z" : 0.0
    },
    "orientation" : 22
  }, {
    "shape" : "805a0f54-8d7e-477b-b820-a739f578e732",
    "color" : "#FFFFFF",
    "position" : {
      "x" : 8.472136,
      "y" : 8.472136,
      "z" : 0.0
    }
  }, {
    "shape" : "d8e2cc48-68fd-4089-99ca-99471809aebf",
    "color" : "#FFCC99",
    "position" : {
      "x" : -12.708204,
      "y" : 12.708204,
      "z" : -12.708204
    },
    "orientation" : 0
  }, {
    "shape" : "805a0f54-8d7e-477b-b820-a739f578e732",
    "color" : "#FFFFFF",
    "position" : {
      "x" : 12.708204,
      "y" : -4.236068,
      "z" : 12.708204
    }
  }, {
    "shape" : "805a0f54-8d7e-477b-b820-a739f578e732",
    "color" : "#FFFFFF",
    "position" : {
      "x" : 4.236068,
      "y" : 12.708204,
      "z" : 21.18034
    }
  }, {
    "shape" : "b0216e5f-6faa-4bd5-b12e-0cad6b0be1d4",
    "color" : "#7E4103",
    "position" : {
      "x" : -12.708204,
      "y" : 12.708204,
      "z" : -21.18034
    },
    "orientation" : 2
  }, {
    "shape" : "805a0f54-8d7e-477b-b820-a739f578e732",
    "color" : "#FFFFFF",
    "position" : {
      "x" : 21.18034,
      "y" : -4.236068,
      "z" : 12.708204
    }
  }, {
    "shape" : "401cfa45-8b5c-474c-80ca-a2a2d1b0422b",
    "color" : "#7E4103",
    "position" : {
      "x" : 4.236068,
      "y" : -4.236068,
      "z" : 4.236068
    },
    "orientation" : 52
  }, {
    "shape" : "bc4c5f1f-372d-4023-a63e-bc485b5e6a01",
    "color" : "#FFCC99",
    "position" : {
      "x" : -12.708204,
      "y" : 21.18034,
      "z" : 21.18034
    },
    "orientation" : 47
  }, {
    "shape" : "04e0801b-0f3e-456f-9cfb-c5d09082012e",
    "color" : "#7E4103",
    "position" : {
      "x" : 0.0,
      "y" : 8.472136,
      "z" : 0.0
    },
    "orientation" : 36
  }, {
    "shape" : "805a0f54-8d7e-477b-b820-a739f578e732",
    "color" : "#FFFFFF",
    "position" : {
      "x" : 12.708204,
      "y" : -21.18034,
      "z" : -21.18034
    }
  }, {
    "shape" : "57c70796-d58d-4145-af5f-250c369fabb1",
    "color" : "#7E4103",
    "position" : {
      "x" : 4.236068,
      "y" : -4.236068,
      "z" : 12.708204
    },
    "orientation" : 23
  }, {
    "shape" : "805a0f54-8d7e-477b-b820-a739f578e732",
    "color" : "#FFFFFF",
    "position" : {
      "x" : 12.708204,
      "y" : -12.708204,
      "z" : 4.236068
    }
  }, {
    "shape" : "7a807644-06d2-481c-830d-bd651e5058ed",
    "color" : "#FFCC99",
    "position" : {
      "x" : 12.708204,
      "y" : 12.708204,
      "z" : -4.236068
    },
    "orientation" : 16
  }, {
    "shape" : "805a0f54-8d7e-477b-b820-a739f578e732",
    "color" : "#FFFFFF",
    "position" : {
      "x" : -12.708204,
      "y" : 12.708204,
      "z" : -4.236068
    }
  }, {
    "shape" : "509acb3f-43cc-4dd6-a5a9-67bc7586d572",
    "color" : "#7E4103",
    "position" : {
      "x" : -4.236068,
      "y" : 12.708204,
      "z" : -4.236068
    },
    "orientation" : 53
  }, {
    "shape" : "0a7b5191-b1e6-49a5-97b4-889d15675361",
    "color" : "#7E4103",
    "position" : {
      "x" : -12.708204,
      "y" : 12.708204,
      "z" : 4.236068
    },
    "orientation" : 8
  }, {
    "shape" : "d08a1adc-0b8c-436f-b9d8-d1f8961c0b71",
    "color" : "#FFCC99",
    "position" : {
      "x" : -21.18034,
      "y" : -12.708204,
      "z" : -21.18034
    },
    "orientation" : 1
  }, {
    "shape" : "805a0f54-8d7e-477b-b820-a739f578e732",
    "color" : "#FFFFFF",
    "position" : {
      "x" : 0.0,
      "y" : 0.0,
      "z" : -8.472136
    }
  }, {
    "shape" : "7a807644-06d2-481c-830d-bd651e5058ed",
    "color" : "#FFCC99",
    "position" : {
      "x" : 12.708204,
      "y" : 12.708204,
      "z" : 4.236068
    },
    "orientation" : 16
  }, {
    "shape" : "c157b500-a984-4e5c-abad-0cfd5f78af7b",
    "color" : "#7E4103",
    "position" : {
      "x" : -8.472136,
      "y" : 0.0,
      "z" : 8.472136
    },
    "orientation" : 36
  }, {
    "shape" : "9e83d63e-3d40-4e68-bb80-14991a31edeb",
    "color" : "#7E4103",
    "position" : {
      "x" : 4.236068,
      "y" : 4.236068,
      "z" : -4.236068
    },
    "orientation" : 38
  }, {
    "shape" : "c9b225c3-d174-417f-8741-08674d085219",
    "color" : "#FFCC99",
    "position" : {
      "x" : 4.236068,
      "y" : 12.708204,
      "z" : 21.18034
    },
    "orientation" : 2
  }, {
    "shape" : "805a0f54-8d7e-477b-b820-a739f578e732",
    "color" : "#FFFFFF",
    "position" : {
      "x" : 21.18034,
      "y" : 21.18034,
      "z" : 12.708204
    }
  }, {
    "shape" : "805a0f54-8d7e-477b-b820-a739f578e732",
    "color" : "#FFFFFF",
    "position" : {
      "x" : -4.236068,
      "y" : 12.708204,
      "z" : -21.18034
    }
  }, {
    "shape" : "7a807644-06d2-481c-830d-bd651e5058ed",
    "color" : "#FFCC99",
    "position" : {
      "x" : 4.236068,
      "y" : 12.708204,
      "z" : -12.708204
    },
    "orientation" : 2
  }, {
    "shape" : "805a0f54-8d7e-477b-b820-a739f578e732",
    "color" : "#FFFFFF",
    "position" : {
      "x" : 4.236068,
      "y" : 4.236068,
      "z" : 12.708204
    }
  }, {
    "shape" : "805a0f54-8d7e-477b-b820-a739f578e732",
    "color" : "#FFFFFF",
    "position" : {
      "x" : -21.18034,
      "y" : 12.708204,
      "z" : -21.18034
    }
  }, {
    "shape" : "805a0f54-8d7e-477b-b820-a739f578e732",
    "color" : "#FFFFFF",
    "position" : {
      "x" : -4.236068,
      "y" : -12.708204,
      "z" : 21.18034
    }
  }, {
    "shape" : "d8e2cc48-68fd-4089-99ca-99471809aebf",
    "color" : "#FFCC99",
    "position" : {
      "x" : -4.236068,
      "y" : -12.708204,
      "z" : 12.708204
    },
    "orientation" : 47
  }, {
    "shape" : "b6617b16-9f71-4018-93e6-01a2ba07edc2",
    "color" : "#7E4103",
    "position" : {
      "x" : -12.708204,
      "y" : -4.236068,
      "z" : 4.236068
    },
    "orientation" : 8
  }, {
    "shape" : "57c70796-d58d-4145-af5f-250c369fabb1",
    "color" : "#7E4103",
    "position" : {
      "x" : -4.236068,
      "y" : -4.236068,
      "z" : -12.708204
    },
    "orientation" : 38
  }, {
    "shape" : "80d7e2c0-68f2-4c5d-8725-c7dfa9e734ef",
    "color" : "#FFCC99",
    "position" : {
      "x" : -12.708204,
      "y" : -21.18034,
      "z" : -4.236068
    },
    "orientation" : 38
  }, {
    "shape" : "401cfa45-8b5c-474c-80ca-a2a2d1b0422b",
    "color" : "#7E4103",
    "position" : {
      "x" : -4.236068,
      "y" : 4.236068,
      "z" : 4.236068
    },
    "orientation" : 22
  }, {
    "shape" : "805a0f54-8d7e-477b-b820-a739f578e732",
    "color" : "#FFFFFF",
    "position" : {
      "x" : 8.472136,
      "y" : -8.472136,
      "z" : -8.472136
    }
  }, {
    "shape" : "b6faf7af-a13b-43e0-81ff-ef03c9240255",
    "color" : "#FFCC99",
    "position" : {
      "x" : -12.708204,
      "y" : -12.708204,
      "z" : 4.236068
    },
    "orientation" : 53
  }, {
    "shape" : "c157b500-a984-4e5c-abad-0cfd5f78af7b",
    "color" : "#7E4103",
    "position" : {
      "x" : 8.472136,
      "y" : 8.472136,
      "z" : 0.0
    },
    "orientation" : 7
  }, {
    "shape" : "805a0f54-8d7e-477b-b820-a739f578e732",
    "color" : "#FFFFFF",
    "position" : {
      "x" : 12.708204,
      "y" : 4.236068,
      "z" : -4.236068
    }
  }, {
    "shape" : "805a0f54-8d7e-477b-b820-a739f578e732",
    "color" : "#FFFFFF",
    "position" : {
      "x" : 4.236068,
      "y" : 12.708204,
      "z" : 12.708204
    }
  }, {
    "shape" : "805a0f54-8d7e-477b-b820-a739f578e732",
    "color" : "#FFFFFF",
    "position" : {
      "x" : 12.708204,
      "y" : -4.236068,
      "z" : -12.708204
    }
  }, {
    "shape" : "7a807644-06d2-481c-830d-bd651e5058ed",
    "color" : "#FFCC99",
    "position" : {
      "x" : 12.708204,
      "y" : 12.708204,
      "z" : 12.708204
    },
    "orientation" : 47
  }, {
    "shape" : "202a1c66-b8e0-449c-aa87-3da122850275",
    "color" : "#7FC69A",
    "position" : {
      "x" : 4.236068,
      "y" : 4.236068,
      "z" : 4.236068
    },
    "orientation" : 6
  }, {
    "shape" : "805a0f54-8d7e-477b-b820-a739f578e732",
    "color" : "#FFFFFF",
    "position" : {
      "x" : -8.472136,
      "y" : 8.472136,
      "z" : -8.472136
    }
  }, {
    "shape" : "b6faf7af-a13b-43e0-81ff-ef03c9240255",
    "color" : "#FFCC99",
    "position" : {
      "x" : -4.236068,
      "y" : -12.708204,
      "z" : 12.708204
    },
    "orientation" : 21
  }, {
    "shape" : "202a1c66-b8e0-449c-aa87-3da122850275",
    "color" : "#7FC69A",
    "position" : {
      "x" : 4.236068,
      "y" : 4.236068,
      "z" : 4.236068
    },
    "orientation" : 7
  }, {
    "shape" : "805a0f54-8d7e-477b-b820-a739f578e732",
    "color" : "#FFFFFF",
    "position" : {
      "x" : -12.708204,
      "y" : 21.18034,
      "z" : -12.708204
    }
  }, {
    "shape" : "805a0f54-8d7e-477b-b820-a739f578e732",
    "color" : "#FFFFFF",
    "position" : {
      "x" : 12.708204,
      "y" : -12.708204,
      "z" : -12.708204
    }
  }, {
    "shape" : "805a0f54-8d7e-477b-b820-a739f578e732",
    "color" : "#FFFFFF",
    "position" : {
      "x" : 4.236068,
      "y" : 4.236068,
      "z" : -12.708204
    }
  }, {
    "shape" : "805a0f54-8d7e-477b-b820-a739f578e732",
    "color" : "#FFFFFF",
    "position" : {
      "x" : 0.0,
      "y" : 8.472136,
      "z" : -8.472136
    }
  }, {
    "shape" : "805a0f54-8d7e-477b-b820-a739f578e732",
    "color" : "#FFFFFF",
    "position" : {
      "x" : 12.708204,
      "y" : 12.708204,
      "z" : -21.18034
    }
  }, {
    "shape" : "bc4c5f1f-372d-4023-a63e-bc485b5e6a01",
    "color" : "#FFCC99",
    "position" : {
      "x" : -21.18034,
      "y" : 12.708204,
      "z" : 21.18034
    },
    "orientation" : 0
  }, {
    "shape" : "805a0f54-8d7e-477b-b820-a739f578e732",
    "color" : "#FFFFFF",
    "position" : {
      "x" : 4.236068,
      "y" : -12.708204,
      "z" : 4.236068
    }
  }, {
    "shape" : "202a1c66-b8e0-449c-aa87-3da122850275",
    "color" : "#7FC69A",
    "position" : {
      "x" : -4.236068,
      "y" : -4.236068,
      "z" : 4.236068
    },
    "orientation" : 37
  }, {
    "shape" : "509acb3f-43cc-4dd6-a5a9-67bc7586d572",
    "color" : "#7E4103",
    "position" : {
      "x" : -4.236068,
      "y" : -4.236068,
      "z" : 12.708204
    },
    "orientation" : 36
  }, {
    "shape" : "c157b500-a984-4e5c-abad-0cfd5f78af7b",
    "color" : "#7E4103",
    "position" : {
      "x" : -8.472136,
      "y" : 8.472136,
      "z" : 0.0
    },
    "orientation" : 52
  }, {
    "shape" : "805a0f54-8d7e-477b-b820-a739f578e732",
    "color" : "#FFFFFF",
    "position" : {
      "x" : 8.472136,
      "y" : -8.472136,
      "z" : 8.472136
    }
  }, {
    "shape" : "805a0f54-8d7e-477b-b820-a739f578e732",
    "color" : "#FFFFFF",
    "position" : {
      "x" : -12.708204,
      "y" : 12.708204,
      "z" : -12.708204
    }
  }, {
    "shape" : "805a0f54-8d7e-477b-b820-a739f578e732",
    "color" : "#FFFFFF",
    "position" : {
      "x" : -21.18034,
      "y" : 12.708204,
      "z" : -4.236068
    }
  }, {
    "shape" : "805a0f54-8d7e-477b-b820-a739f578e732",
    "color" : "#FFFFFF",
    "position" : {
      "x" : 8.472136,
      "y" : 0.0,
      "z" : -8.472136
    }
  }, {
    "shape" : "805a0f54-8d7e-477b-b820-a739f578e732",
    "color" : "#FFFFFF",
    "position" : {
      "x" : 4.236068,
      "y" : -4.236068,
      "z" : 12.708204
    }
  }, {
    "shape" : "b6faf7af-a13b-43e0-81ff-ef03c9240255",
    "color" : "#FFCC99",
    "position" : {
      "x" : -12.708204,
      "y" : 12.708204,
      "z" : -4.236068
    },
    "orientation" : 38
  }, {
    "shape" : "805a0f54-8d7e-477b-b820-a739f578e732",
    "color" : "#FFFFFF",
    "position" : {
      "x" : 12.708204,
      "y" : 12.708204,
      "z" : 4.236068
    }
  }, {
    "shape" : "805a0f54-8d7e-477b-b820-a739f578e732",
    "color" : "#FFFFFF",
    "position" : {
      "x" : 8.472136,
      "y" : 8.472136,
      "z" : -8.472136
    }
  }, {
    "shape" : "d8e2cc48-68fd-4089-99ca-99471809aebf",
    "color" : "#FFCC99",
    "position" : {
      "x" : 12.708204,
      "y" : -4.236068,
      "z" : 12.708204
    },
    "orientation" : 45
  }, {
    "shape" : "c9b225c3-d174-417f-8741-08674d085219",
    "color" : "#FFCC99",
    "position" : {
      "x" : -21.18034,
      "y" : 4.236068,
      "z" : -12.708204
    },
    "orientation" : 45
  }, {
    "shape" : "b6faf7af-a13b-43e0-81ff-ef03c9240255",
    "color" : "#FFCC99",
    "position" : {
      "x" : 12.708204,
      "y" : 12.708204,
      "z" : 4.236068
    },
    "orientation" : 23
  }, {
    "shape" : "0a7b5191-b1e6-49a5-97b4-889d15675361",
    "color" : "#7E4103",
    "position" : {
      "x" : 4.236068,
      "y" : -12.708204,
      "z" : 12.708204
    },
    "orientation" : 6
  }, {
    "shape" : "805a0f54-8d7e-477b-b820-a739f578e732",
    "color" : "#FFFFFF",
    "position" : {
      "x" : 4.236068,
      "y" : 12.708204,
      "z" : -4.236068
    }
  }, {
    "shape" : "b6617b16-9f71-4018-93e6-01a2ba07edc2",
    "color" : "#7E4103",
    "position" : {
      "x" : 4.236068,
      "y" : 4.236068,
      "z" : 12.708204
    },
    "orientation" : 52
  }, {
    "shape" : "9e83d63e-3d40-4e68-bb80-14991a31edeb",
    "color" : "#7E4103",
    "position" : {
      "x" : -4.236068,
      "y" : -4.236068,
      "z" : -4.236068
    },
    "orientation" : 8
  }, {
    "shape" : "2987d610-fb8a-41d4-84a2-2d54a89e3463",
    "color" : "#FFCC99",
    "position" : {
      "x" : 4.236068,
      "y" : -12.708204,
      "z" : -21.18034
    },
    "orientation" : 47
  }, {
    "shape" : "2987d610-fb8a-41d4-84a2-2d54a89e3463",
    "color" : "#FFCC99",
    "position" : {
      "x" : 21.18034,
      "y" : -4.236068,
      "z" : -12.708204
    },
    "orientation" : 0
  }, {
    "shape" : "805a0f54-8d7e-477b-b820-a739f578e732",
    "color" : "#FFFFFF",
    "position" : {
      "x" : 21.18034,
      "y" : 12.708204,
      "z" : 12.708204
    }
  }, {
    "shape" : "805a0f54-8d7e-477b-b820-a739f578e732",
    "color" : "#FFFFFF",
    "position" : {
      "x" : -4.236068,
      "y" : 4.236068,
      "z" : 4.236068
    }
  }, {
    "shape" : "0a7b5191-b1e6-49a5-97b4-889d15675361",
    "color" : "#7E4103",
    "position" : {
      "x" : -4.236068,
      "y" : -12.708204,
      "z" : -12.708204
    },
    "orientation" : 51
  }, {
    "shape" : "805a0f54-8d7e-477b-b820-a739f578e732",
    "color" : "#FFFFFF",
    "position" : {
      "x" : -4.236068,
      "y" : 4.236068,
      "z" : -12.708204
    }
  }, {
    "shape" : "80d7e2c0-68f2-4c5d-8725-c7dfa9e734ef",
    "color" : "#FFCC99",
    "position" : {
      "x" : 12.708204,
      "y" : -21.18034,
      "z" : 4.236068
    },
    "orientation" : 23
  }, {
    "shape" : "805a0f54-8d7e-477b-b820-a739f578e732",
    "color" : "#FFFFFF",
    "position" : {
      "x" : -4.236068,
      "y" : -12.708204,
      "z" : 12.708204
    }
  }, {
    "shape" : "153945aa-df0a-425c-8b48-47d62dd0f1ca",
    "color" : "#7E4103",
    "position" : {
      "x" : 8.472136,
      "y" : 0.0,
      "z" : 0.0
    },
    "orientation" : 36
  }, {
    "shape" : "202a1c66-b8e0-449c-aa87-3da122850275",
    "color" : "#7FC69A",
    "position" : {
      "x" : 0.0,
      "y" : 0.0,
      "z" : 0.0
    },
    "orientation" : 52
  }, {
    "shape" : "d8e2cc48-68fd-4089-99ca-99471809aebf",
    "color" : "#FFCC99",
    "position" : {
      "x" : 12.708204,
      "y" : -12.708204,
      "z" : -12.708204
    },
    "orientation" : 2
  }, {
    "shape" : "805a0f54-8d7e-477b-b820-a739f578e732",
    "color" : "#FFFFFF",
    "position" : {
      "x" : -12.708204,
      "y" : 12.708204,
      "z" : 21.18034
    }
  }, {
    "shape" : "805a0f54-8d7e-477b-b820-a739f578e732",
    "color" : "#FFFFFF",
    "position" : {
      "x" : -4.236068,
      "y" : 21.18034,
      "z" : -12.708204
    }
  }, {
    "shape" : "57c70796-d58d-4145-af5f-250c369fabb1",
    "color" : "#7E4103",
    "position" : {
      "x" : -4.236068,
      "y" : 4.236068,
      "z" : 12.708204
    },
    "orientation" : 53
  }, {
    "shape" : "b6faf7af-a13b-43e0-81ff-ef03c9240255",
    "color" : "#FFCC99",
    "position" : {
      "x" : -12.708204,
      "y" : 4.236068,
      "z" : -12.708204
    },
    "orientation" : 22
  }, {
    "shape" : "d653f6c5-1562-4ef5-aad0-b4c3dc5550a8",
    "color" : "#FFCC99",
    "position" : {
      "x" : -21.18034,
      "y" : 21.18034,
      "z" : 12.708204
    },
    "orientation" : 16
  }, {
    "shape" : "805a0f54-8d7e-477b-b820-a739f578e732",
    "color" : "#FFFFFF",
    "position" : {
      "x" : -21.18034,
      "y" : 12.708204,
      "z" : 12.708204
    }
  }, {
    "shape" : "805a0f54-8d7e-477b-b820-a739f578e732",
    "color" : "#FFFFFF",
    "position" : {
      "x" : -8.472136,
      "y" : 0.0,
      "z" : 0.0
    }
  }, {
    "shape" : "0a7b5191-b1e6-49a5-97b4-889d15675361",
    "color" : "#7E4103",
    "position" : {
      "x" : -12.708204,
      "y" : -4.236068,
      "z" : -12.708204
    },
    "orientation" : 37
  }, {
    "shape" : "b6617b16-9f71-4018-93e6-01a2ba07edc2",
    "color" : "#7E4103",
    "position" : {
      "x" : 4.236068,
      "y" : 12.708204,
      "z" : 4.236068
    },
    "orientation" : 21
  }, {
    "shape" : "c157b500-a984-4e5c-abad-0cfd5f78af7b",
    "color" : "#7E4103",
    "position" : {
      "x" : 0.0,
      "y" : 8.472136,
      "z" : -8.472136
    },
    "orientation" : 53
  }, {
    "shape" : "7a807644-06d2-481c-830d-bd651e5058ed",
    "color" : "#FFCC99",
    "position" : {
      "x" : -12.708204,
      "y" : 12.708204,
      "z" : -12.708204
    },
    "orientation" : 2
  }, {
    "shape" : "7a807644-06d2-481c-830d-bd651e5058ed",
    "color" : "#FFCC99",
    "position" : {
      "x" : 4.236068,
      "y" : 12.708204,
      "z" : 12.708204
    },
    "orientation" : 47
  }, {
    "shape" : "805a0f54-8d7e-477b-b820-a739f578e732",
    "color" : "#FFFFFF",
    "position" : {
      "x" : 21.18034,
      "y" : 4.236068,
      "z" : 12.708204
    }
  }, {
    "shape" : "805a0f54-8d7e-477b-b820-a739f578e732",
    "color" : "#FFFFFF",
    "position" : {
      "x" : 12.708204,
      "y" : -12.708204,
      "z" : 12.708204
    }
  }, {
    "shape" : "c157b500-a984-4e5c-abad-0cfd5f78af7b",
    "color" : "#7E4103",
    "position" : {
      "x" : -8.472136,
      "y" : 0.0,
      "z" : -8.472136
    },
    "orientation" : 51
  }, {
    "shape" : "805a0f54-8d7e-477b-b820-a739f578e732",
    "color" : "#FFFFFF",
    "position" : {
      "x" : 21.18034,
      "y" : 21.18034,
      "z" : -12.708204
    }
  }, {
    "shape" : "401cfa45-8b5c-474c-80ca-a2a2d1b0422b",
    "color" : "#7E4103",
    "position" : {
      "x" : -4.236068,
      "y" : -4.236068,
      "z" : -4.236068
    },
