{
  "field" : "golden",
  "symmetry" : "icosahedral",
  "orientations" : [ [ 1.0, 0.0, 0.0, 0.0, 0.0, 1.0, 0.0, 0.0, 0.0, 0.0, 1.0, 0.0, 0.0, 0.0, 0.0, 1.0 ], [ 0.0, 0.0, 1.0, 0.0, 1.0, 0.0, 0.0, 0.0, 0.0, 1.0, 0.0, 0.0, 0.0, 0.0, 0.0, 1.0 ], [ 0.0, 1.0, 0.0, 0.0, 0.0, 0.0, 1.0, 0.0, 1.0, 0.0, 0.0, 0.0, 0.0, 0.0, 0.0, 1.0 ], [ 0.809017, 0.309017, 0.5, 0.0, 0.309017, 0.5, -0.809017, 0.0, -0.5, 0.809017, 0.309017, 0.0, 0.0, 0.0, 0.0, 1.0 ], [ -0.5, 0.809017, 0.309017, 0.0, 0.809017, 0.309017, 0.5, 0.0, 0.309017, 0.5, -0.809017, 0.0, 0.0, 0.0, 0.0, 1.0 ], [ 0.309017, 0.5, -0.809017, 0.0, -0.5, 0.809017, 0.309017, 0.0, 0.809017, 0.309017, 0.5, 0.0, 0.0, 0.0, 0.0, 1.0 ], [ 0.5, 0.809017, 0.309017, 0.0, 0.809017, -0.309017, -0.5, 0.0, -0.309017, 0.5, -0.809017, 0.0, 0.0, 0.0, 0.0, 1.0 ], [ -0.309017, 0.5, -0.809017, 0.0, 0.5, 0.809017, 0.309017, 0.0, 0.809017, -0.309017, -0.5, 0.0, 0.0, 0.0, 0.0, 1.0 ], [ 0.809017, -0.309017, -0.5, 0.0, -0.309017, 0.5, -0.809017, 0.0, 0.5, 0.809017, 0.309017, 0.0, 0.0, 0.0, 0.0, 1.0 ], [ 0.5, 0.809017, -0.309017, 0.0, 0.809017, -0.309017, 0.5, 0.0, 0.309017, -0.5, -0.809017, 0.0, 0.0, 0.0, 0.0, 1.0 ], [ 0.309017, -0.5, -0.809017, 0.0, 0.5, 0.809017, -0.309017, 0.0, 0.809017, -0.309017, 0.5, 0.0, 0.0, 0.0, 0.0, 1.0 ], [ 0.809017, -0.309017, 0.5, 0.0, 0.309017, -0.5, -0.809017, 0.0, 0.5, 0.809017, -0.309017, 0.0, 0.0, 0.0, 0.0, 1.0 ], [ 0.809017, 0.309017, -0.5, 0.0, 0.309017, 0.5, 0.809017, 0.0, 0.5, -0.809017, 0.309017, 0.0, 0.0, 0.0, 0.0, 1.0 ], [ 0.5, -0.809017, 0.309017, 0.0, 0.809017, 0.309017, -0.5, 0.0, 0.309017, 0.5, 0.809017, 0.0, 0.0, 0.0, 0.0, 1.0 ], [ 0.309017, 0.5, 0.809017, 0.0, 0.5, -0.809017, 0.309017, 0.0, 0.809017, 0.309017, -0.5, 0.0, 0.0, 0.0, 0.0, 1.0 ], [ 1.0, 0.0, 0.0, 0.0, 0.0, -1.0, 0.0, 0.0, 0.0, 0.0, -1.0, 0.0, 0.0, 0.0, 0.0, 1.0 ], [ 0.0, 0.0, 1.0, 0.0, -1.0, 0.0, 0.0, 0.0, 0.0, -1.0, 0.0, 0.0, 0.0, 0.0, 0.0, 1.0 ], [ 0.0, 1.0, 0.0, 0.0, 0.0, 0.0, -1.0, 0.0, -1.0, 0.0, 0.0, 0.0, 0.0, 0.0, 0.0, 1.0 ], [ 0.809017, 0.309017, 0.5, 0.0, -0.309017, -0.5, 0.809017, 0.0, 0.5, -0.809017, -0.309017, 0.0, 0.0, 0.0, 0.0, 1.0 ], [ -0.5, 0.809017, 0.309017, 0.0, -0.809017, -0.309017, -0.5, 0.0, -0.309017, -0.5, 0.809017, 0.0, 0.0, 0.0, 0.0, 1.0 ], [ 0.309017, 0.5, -0.809017, 0.0, 0.5, -0.809017, -0.309017, 0.0, -0.809017, -0.309017, -0.5, 0.0, 0.0, 0.0, 0.0, 1.0 ], [ 0.5, 0.809017, 0.309017, 0.0, -0.809017, 0.309017, 0.5, 0.0, 0.309017, -0.5, 0.809017, 0.0, 0.0, 0.0, 0.0, 1.0 ], [ -0.309017, 0.5, -0.809017, 0.0, -0.5, -0.809017, -0.309017, 0.0, -0.809017, 0.309017, 0.5, 0.0, 0.0, 0.0, 0.0, 1.0 ], [ 0.809017, -0.309017, -0.5, 0.0, 0.309017, -0.5, 0.809017, 0.0, -0.5, -0.809017, -0.309017, 0.0, 0.0, 0.0, 0.0, 1.0 ], [ 0.5, 0.809017, -0.309017, 0.0, -0.809017, 0.309017, -0.5, 0.0, -0.309017, 0.5, 0.809017, 0.0, 0.0, 0.0, 0.0, 1.0 ], [ 0.309017, -0.5, -0.809017, 0.0, -0.5, -0.809017, 0.309017, 0.0, -0.809017, 0.309017, -0.5, 0.0, 0.0, 0.0, 0.0, 1.0 ], [ 0.809017, -0.309017, 0.5, 0.0, -0.309017, 0.5, 0.809017, 0.0, -0.5, -0.809017, 0.309017, 0.0, 0.0, 0.0, 0.0, 1.0 ], [ 0.809017, 0.309017, -0.5, 0.0, -0.309017, -0.5, -0.809017, 0.0, -0.5, 0.809017, -0.309017, 0.0, 0.0, 0.0, 0.0, 1.0 ], [ 0.5, -0.809017, 0.309017, 0.0, -0.809017, -0.309017, 0.5, 0.0, -0.309017, -0.5, -0.809017, 0.0, 0.0, 0.0, 0.0, 1.0 ], [ 0.309017, 0.5, 0.809017, 0.0, -0.5, 0.809017, -0.309017, 0.0, -0.809017, -0.309017, 0.5, 0.0, 0.0, 0.0, 0.0, 1.0 ], [ -1.0, 0.0, 0.0, 0.0, 0.0, -1.0, 0.0, 0.0, 0.0, 0.0, 1.0, 0.0, 0.0, 0.0, 0.0, 1.0 ], [ 0.0, 0.0, -1.0, 0.0, -1.0, 0.0, 0.0, 0.0, 0.0, 1.0, 0.0, 0.0, 0.0, 0.0, 0.0, 1.0 ], [ 0.0, -1.0, 0.0, 0.0, 0.0, 0.0, -1.0, 0.0, 1.0, 0.0, 0.0, 0.0, 0.0, 0.0, 0.0, 1.0 ], [ -0.809017, -0.309017, -0.5, 0.0, -0.309017, -0.5, 0.809017, 0.0, -0.5, 0.809017, 0.309017, 0.0, 0.0, 0.0, 0.0, 1.0 ], [ 0.5, -0.809017, -0.309017, 0.0, -0.809017, -0.309017, -0.5, 0.0, 0.309017, 0.5, -0.809017, 0.0, 0.0, 0.0, 0.0, 1.0 ], [ -0.309017, -0.5, 0.809017, 0.0, 0.5, -0.809017, -0.309017, 0.0, 0.809017, 0.309017, 0.5, 0.0, 0.0, 0.0, 0.0, 1.0 ], [ -0.5, -0.809017, -0.309017, 0.0, -0.809017, 0.309017, 0.5, 0.0, -0.309017, 0.5, -0.809017, 0.0, 0.0, 0.0, 0.0, 1.0 ], [ 0.309017, -0.5, 0.809017, 0.0, -0.5, -0.809017, -0.309017, 0.0, 0.809017, -0.309017, -0.5, 0.0, 0.0, 0.0, 0.0, 1.0 ], [ -0.809017, 0.309017, 0.5, 0.0, 0.309017, -0.5, 0.809017, 0.0, 0.5, 0.809017, 0.309017, 0.0, 0.0, 0.0, 0.0, 1.0 ], [ -0.5, -0.809017, 0.309017, 0.0, -0.809017, 0.309017, -0.5, 0.0, 0.309017, -0.5, -0.809017, 0.0, 0.0, 0.0, 0.0, 1.0 ], [ -0.309017, 0.5, 0.809017, 0.0, -0.5, -0.809017, 0.309017, 0.0, 0.809017, -0.309017, 0.5, 0.0, 0.0, 0.0, 0.0, 1.0 ], [ -0.809017, 0.309017, -0.5, 0.0, -0.309017, 0.5, 0.809017, 0.0, 0.5, 0.809017, -0.309017, 0.0, 0.0, 0.0, 0.0, 1.0 ], [ -0.809017, -0.309017, 0.5, 0.0, -0.309017, -0.5, -0.809017, 0.0, 0.5, -0.809017, 0.309017, 0.0, 0.0, 0.0, 0.0, 1.0 ], [ -0.5, 0.809017, -0.309017, 0.0, -0.809017, -0.309017, 0.5, 0.0, 0.309017, 0.5, 0.809017, 0.0, 0.0, 0.0, 0.0, 1.0 ], [ -0.309017, -0.5, -0.809017, 0.0, -0.5, 0.809017, -0.309017, 0.0, 0.809017, 0.309017, -0.5, 0.0, 0.0, 0.0, 0.0, 1.0 ], [ -1.0, 0.0, 0.0, 0.0, 0.0, 1.0, 0.0, 0.0, 0.0, 0.0, -1.0, 0.0, 0.0, 0.0, 0.0, 1.0 ], [ 0.0, 0.0, -1.0, 0.0, 1.0, 0.0, 0.0, 0.0, 0.0, -1.0, 0.0, 0.0, 0.0, 0.0, 0.0, 1.0 ], [ 0.0, -1.0, 0.0, 0.0, 0.0, 0.0, 1.0, 0.0, -1.0, 0.0, 0.0, 0.0, 0.0, 0.0, 0.0, 1.0 ], [ -0.809017, -0.309017, -0.5, 0.0, 0.309017, 0.5, -0.809017, 0.0, 0.5, -0.809017, -0.309017, 0.0, 0.0, 0.0, 0.0, 1.0 ], [ 0.5, -0.809017, -0.309017, 0.0, 0.809017, 0.309017, 0.5, 0.0, -0.309017, -0.5, 0.809017, 0.0, 0.0, 0.0, 0.0, 1.0 ], [ -0.309017, -0.5, 0.809017, 0.0, -0.5, 0.809017, 0.309017, 0.0, -0.809017, -0.309017, -0.5, 0.0, 0.0, 0.0, 0.0, 1.0 ], [ -0.5, -0.809017, -0.309017, 0.0, 0.809017, -0.309017, -0.5, 0.0, 0.309017, -0.5, 0.809017, 0.0, 0.0, 0.0, 0.0, 1.0 ], [ 0.309017, -0.5, 0.809017, 0.0, 0.5, 0.809017, 0.309017, 0.0, -0.809017, 0.309017, 0.5, 0.0, 0.0, 0.0, 0.0, 1.0 ], [ -0.809017, 0.309017, 0.5, 0.0, -0.309017, 0.5, -0.809017, 0.0, -0.5, -0.809017, -0.309017, 0.0, 0.0, 0.0, 0.0, 1.0 ], [ -0.5, -0.809017, 0.309017, 0.0, 0.809017, -0.309017, 0.5, 0.0, -0.309017, 0.5, 0.809017, 0.0, 0.0, 0.0, 0.0, 1.0 ], [ -0.309017, 0.5, 0.809017, 0.0, 0.5, 0.809017, -0.309017, 0.0, -0.809017, 0.309017, -0.5, 0.0, 0.0, 0.0, 0.0, 1.0 ], [ -0.809017, 0.309017, -0.5, 0.0, 0.309017, -0.5, -0.809017, 0.0, -0.5, -0.809017, 0.309017, 0.0, 0.0, 0.0, 0.0, 1.0 ], [ -0.809017, -0.309017, 0.5, 0.0, 0.309017, 0.5, 0.809017, 0.0, -0.5, 0.809017, -0.309017, 0.0, 0.0, 0.0, 0.0, 1.0 ], [ -0.5, 0.809017, -0.309017, 0.0, 0.809017, 0.309017, -0.5, 0.0, -0.309017, -0.5, -0.809017, 0.0, 0.0, 0.0, 0.0, 1.0 ], [ -0.309017, -0.5, -0.809017, 0.0, 0.5, -0.809017, 0.309017, 0.0, -0.809017, -0.309017, 0.5, 0.0, 0.0, 0.0, 0.0, 1.0 ] ],
  "lights" : {
    "backgroundColor" : "#FFFFFF",
    "ambientColor" : "#292929",
    "directionalLights" : [ {
      "direction" : {
        "x" : 1.0,
        "y" : -1.0,
        "z" : -1.0
      },
      "color" : "#EBEBE4"
    }, {
      "direction" : {
        "x" : -1.0,
        "y" : 0.0,
        "z" : 0.0
      },
      "color" : "#E4E4EB"
    }, {
      "direction" : {
        "x" : 0.0,
        "y" : 0.0,
        "z" : -1.0
      },
      "color" : "#1E1E1E"
    } ]
  },
  "camera" : {
    "width" : 130.36925,
    "stereo" : false,
    "viewDistance" : 289.70972,
    "nearClipDistance" : 0.7242748,
    "farClipDistance" : 579.41766,
    "fieldOfView" : 0.44262847,
    "perspective" : false,
    "lookAtPoint" : {
      "x" : 0.0,
      "y" : 0.0,
      "z" : 0.0
    },
    "lookDirection" : {
      "x" : 0.0,
      "y" : 0.0,
      "z" : 1.0
    },
    "upDirection" : {
      "x" : 0.0,
      "y" : -1.0,
      "z" : 0.0
    },
    "position" : {
      "x" : 0.0,
      "y" : 0.0,
      "z" : -289.70972
    }
  },
  "embedding" : [ 1.0, 0.0, 0.0, 0.0, 0.0, 1.0, 0.0, 0.0, 0.0, 0.0, 1.0, 0.0, 0.0, 0.0, 0.0, 1.0 ],
  "shapes" : [ {
    "id" : "4ddfc49e-73b5-4059-abf6-65a4301c507d",
    "vertices" : [ {
      "x" : -11.09017,
      "y" : -15.326238,
      "z" : 0.0
    }, {
      "x" : -11.09017,
      "y" : -22.18034,
      "z" : 4.236068
    }, {
      "x" : -17.944271,
      "y" : -17.944271,
      "z" : 4.236068
    }, {
      "x" : -17.944271,
      "y" : -11.09017,
      "z" : 0.0
    } ],
    "faces" : [ {
      "vertices" : [ 0, 1, 2 ]
    }, {
      "vertices" : [ 0, 2, 3 ]
    }, {
      "vertices" : [ 0, 3, 2 ]
    }, {
      "vertices" : [ 0, 2, 1 ]
    } ]
  }, {
    "id" : "4f0283f0-3e36-482a-aa2b-22e542e6ba59",
    "vertices" : [ {
      "x" : -0.309017,
      "y" : -0.19098301,
      "z" : 0.0
    }, {
      "x" : -0.309017,
      "y" : 0.19098301,
      "z" : 0.0
    }, {
      "x" : -0.19098301,
      "y" : 0.0,
      "z" : -0.309017
    }, {
      "x" : -0.19098301,
      "y" : 0.0,
      "z" : 0.309017
    }, {
      "x" : 0.0,
      "y" : -0.309017,
      "z" : -0.19098301
    }, {
      "x" : 0.0,
      "y" : -0.309017,
      "z" : 0.19098301
    }, {
      "x" : 0.0,
      "y" : 0.309017,
      "z" : -0.19098301
    }, {
      "x" : 0.0,
      "y" : 0.309017,
      "z" : 0.19098301
    }, {
      "x" : 0.19098301,
      "y" : 0.0,
      "z" : -0.309017
    }, {
      "x" : 0.19098301,
      "y" : 0.0,
      "z" : 0.309017
    }, {
      "x" : 0.309017,
      "y" : -0.19098301,
      "z" : 0.0
    }, {
      "x" : 0.309017,
      "y" : 0.19098301,
      "z" : 0.0
    } ],
    "faces" : [ {
      "vertices" : [ 0, 1, 2 ]
    }, {
      "vertices" : [ 0, 3, 1 ]
    }, {
      "vertices" : [ 0, 2, 4 ]
    }, {
      "vertices" : [ 0, 5, 3 ]
    }, {
      "vertices" : [ 0, 4, 5 ]
    }, {
      "vertices" : [ 1, 6, 2 ]
    }, {
      "vertices" : [ 1, 3, 7 ]
    }, {
      "vertices" : [ 1, 7, 6 ]
    }, {
      "vertices" : [ 2, 8, 4 ]
    }, {
      "vertices" : [ 2, 6, 8 ]
    }, {
      "vertices" : [ 3, 5, 9 ]
    }, {
      "vertices" : [ 3, 9, 7 ]
    }, {
      "vertices" : [ 4, 10, 5 ]
    }, {
      "vertices" : [ 4, 8, 10 ]
    }, {
      "vertices" : [ 5, 10, 9 ]
    }, {
      "vertices" : [ 6, 7, 11 ]
    }, {
      "vertices" : [ 6, 11, 8 ]
    }, {
      "vertices" : [ 7, 9, 11 ]
    }, {
      "vertices" : [ 8, 11, 10 ]
    }, {
      "vertices" : [ 9, 10, 11 ]
    } ]
  }, {
    "id" : "9109c856-21ad-45d5-b3b6-58a47168c646",
    "vertices" : [ {
      "x" : 4.236068,
      "y" : 4.236068,
      "z" : -4.236068
    }, {
      "x" : 0.0,
      "y" : 4.236068,
      "z" : -11.09017
    }, {
      "x" : 6.854102,
      "y" : 0.0,
      "z" : -11.09017
    }, {
      "x" : 11.09017,
      "y" : 0.0,
      "z" : -4.236068
    } ],
    "faces" : [ {
      "vertices" : [ 0, 1, 2 ]
    }, {
      "vertices" : [ 0, 2, 3 ]
    }, {
      "vertices" : [ 0, 3, 2 ]
    }, {
      "vertices" : [ 0, 2, 1 ]
    } ]
  }, {
    "id" : "83747fc7-dbb0-44dd-b76c-9ee43b254fc5",
    "vertices" : [ {
      "x" : -15.326238,
      "y" : -22.18034,
      "z" : 11.09017
    }, {
      "x" : -11.09017,
      "y" : -22.18034,
      "z" : 17.944271
    }, {
      "x" : -6.854102,
      "y" : -22.18034,
      "z" : 11.09017
    }, {
      "x" : -11.09017,
      "y" : -22.18034,
      "z" : 4.236068
    } ],
    "faces" : [ {
      "vertices" : [ 0, 1, 2 ]
    }, {
      "vertices" : [ 0, 2, 3 ]
    }, {
      "vertices" : [ 0, 3, 2 ]
    }, {
      "vertices" : [ 0, 2, 1 ]
    } ]
  }, {
    "id" : "971e8ad2-71a0-4769-b90e-92a30828d6e5",
    "vertices" : [ {
      "x" : 0.0,
      "y" : -17.944271,
      "z" : -11.09017
    }, {
      "x" : -4.236068,
      "y" : -17.944271,
      "z" : -4.236068
    }, {
      "x" : -4.236068,
      "y" : -11.09017,
      "z" : 0.0
    }, {
      "x" : 0.0,
      "y" : -11.09017,
      "z" : -6.854102
    } ],
    "faces" : [ {
      "vertices" : [ 0, 1, 2 ]
    }, {
      "vertices" : [ 0, 2, 3 ]
    }, {
      "vertices" : [ 0, 3, 2 ]
    }, {
      "vertices" : [ 0, 2, 1 ]
    } ]
  }, {
    "id" : "4de6dc17-ffc7-496b-8884-470e5e4dfb33",
    "vertices" : [ {
      "x" : -11.09017,
      "y" : 15.326238,
      "z" : 0.0
    }, {
      "x" : -15.326238,
      "y" : 15.326238,
      "z" : -6.854102
    }, {
      "x" : -22.18034,
      "y" : 11.09017,
      "z" : -6.854102
    }, {
      "x" : -17.944271,
      "y" : 11.09017,
      "z" : 0.0
    } ],
    "faces" : [ {
      "vertices" : [ 0, 1, 2 ]
    }, {
      "vertices" : [ 0, 2, 3 ]
    }, {
      "vertices" : [ 0, 3, 2 ]
    }, {
      "vertices" : [ 0, 2, 1 ]
    } ]
  }, {
    "id" : "5cc8fb1b-3d3c-4159-bc2d-96f6240dfa45",
    "vertices" : [ {
      "x" : 4.236068,
      "y" : -17.944271,
      "z" : 17.944271
    }, {
      "x" : 0.0,
      "y" : -17.944271,
      "z" : 11.09017
    }, {
      "x" : 0.0,
      "y" : -11.09017,
      "z" : 15.326238
    }, {
      "x" : 4.236068,
      "y" : -11.09017,
      "z" : 22.18034
    } ],
    "faces" : [ {
      "vertices" : [ 0, 1, 2 ]
    }, {
      "vertices" : [ 0, 2, 3 ]
    }, {
      "vertices" : [ 0, 3, 2 ]
    }, {
      "vertices" : [ 0, 2, 1 ]
    } ]
  }, {
    "id" : "a6c9d347-5e20-485c-a557-41452b61fa28",
    "vertices" : [ {
      "x" : 0.0,
      "y" : 4.236068,
      "z" : -33.27051
    }, {
      "x" : 4.236068,
      "y" : 4.236068,
      "z" : -26.416409
    }, {
      "x" : 11.09017,
      "y" : 0.0,
      "z" : -26.416409
    }, {
      "x" : 6.854102,
      "y" : 0.0,
      "z" : -33.27051
    } ],
    "faces" : [ {
      "vertices" : [ 0, 1, 2 ]
    }, {
      "vertices" : [ 0, 2, 3 ]
    }, {
      "vertices" : [ 0, 3, 2 ]
    }, {
      "vertices" : [ 0, 2, 1 ]
    } ]
  }, {
    "id" : "78b04161-1ee9-4522-b48b-a5ad2aaeb919",
    "vertices" : [ {
      "x" : -6.854102,
      "y" : -6.854102,
      "z" : -15.326238
    }, {
      "x" : -11.09017,
      "y" : -6.854102,
      "z" : -22.18034
    }, {
      "x" : -11.09017,
      "y" : 0.0,
      "z" : -17.944271
    }, {
      "x" : -6.854102,
      "y" : 0.0,
      "z" : -11.09017
    } ],
    "faces" : [ {
      "vertices" : [ 0, 1, 2 ]
    }, {
      "vertices" : [ 0, 2, 3 ]
    }, {
      "vertices" : [ 0, 3, 2 ]
    }, {
      "vertices" : [ 0, 2, 1 ]
    } ]
  }, {
    "id" : "5739a36e-7cff-4c42-aa88-7f608eda92b8",
    "vertices" : [ {
      "x" : -26.416409,
      "y" : 4.236068,
      "z" : 4.236068
    }, {
      "x" : -33.27051,
      "y" : 0.0,
      "z" : 4.236068
    }, {
      "x" : -33.27051,
      "y" : 6.854102,
      "z" : 0.0
    }, {
      "x" : -26.416409,
      "y" : 11.09017,
      "z" : 0.0
    } ],
    "faces" : [ {
      "vertices" : [ 0, 1, 2 ]
    }, {
      "vertices" : [ 0, 2, 3 ]
    }, {
      "vertices" : [ 0, 3, 2 ]
    }, {
      "vertices" : [ 0, 2, 1 ]
    } ]
  }, {
    "id" : "447b44d6-c547-4a89-988b-4e1a15e71e85",
    "vertices" : [ {
      "x" : -4.236068,
      "y" : 4.236068,
      "z" : 4.236068
    }, {
      "x" : 0.0,
      "y" : 4.236068,
      "z" : 11.09017
    }, {
      "x" : -6.854102,
      "y" : 0.0,
      "z" : 11.09017
    }, {
      "x" : -11.09017,
      "y" : 0.0,
      "z" : 4.236068
    } ],
    "faces" : [ {
      "vertices" : [ 0, 1, 2 ]
    }, {
      "vertices" : [ 0, 2, 3 ]
    }, {
      "vertices" : [ 0, 3, 2 ]
    }, {
      "vertices" : [ 0, 2, 1 ]
    } ]
  }, {
    "id" : "5a9df7e4-7bc6-4d9f-b1a2-e804c2b11e8c",
    "vertices" : [ {
      "x" : -11.09017,
      "y" : 15.326238,
      "z" : 22.18034
    }, {
      "x" : -15.326238,
      "y" : 15.326238,
      "z" : 15.326238
    }, {
      "x" : -22.18034,
      "y" : 11.09017,
      "z" : 15.326238
    }, {
      "x" : -17.944271,
      "y" : 11.09017,
      "z" : 22.18034
    } ],
    "faces" : [ {
      "vertices" : [ 0, 1, 2 ]
    }, {
      "vertices" : [ 0, 2, 3 ]
    }, {
      "vertices" : [ 0, 3, 2 ]
    }, {
      "vertices" : [ 0, 2, 1 ]
    } ]
  }, {
    "id" : "e8bd0f89-eb0a-40dc-bc51-625f5b92978b",
    "vertices" : [ {
      "x" : 11.09017,
      "y" : -15.326238,
      "z" : 0.0
    }, {
      "x" : 11.09017,
      "y" : -22.18034,
      "z" : -4.236068
    }, {
      "x" : 17.944271,
      "y" : -17.944271,
      "z" : -4.236068
    }, {
      "x" : 17.944271,
      "y" : -11.09017,
      "z" : 0.0
    } ],
    "faces" : [ {
      "vertices" : [ 0, 1, 2 ]
    }, {
      "vertices" : [ 0, 2, 3 ]
    }, {
      "vertices" : [ 0, 3, 2 ]
    }, {
      "vertices" : [ 0, 2, 1 ]
    } ]
  }, {
    "id" : "343856e5-48f0-4573-9f11-f40296e21220",
    "vertices" : [ {
      "x" : -29.034441,
      "y" : -6.854102,
      "z" : 6.854102
    }, {
      "x" : -33.27051,
      "y" : -6.854102,
      "z" : 0.0
    }, {
      "x" : -33.27051,
      "y" : 0.0,
      "z" : 4.236068
    }, {
      "x" : -29.034441,
      "y" : 0.0,
      "z" : 11.09017
    } ],
    "faces" : [ {
      "vertices" : [ 0, 1, 2 ]
    }, {
      "vertices" : [ 0, 2, 3 ]
    }, {
      "vertices" : [ 0, 3, 2 ]
    }, {
      "vertices" : [ 0, 2, 1 ]
    } ]
  }, {
    "id" : "8cf575fc-d7a3-4f0f-9722-45a665a377f3",
    "vertices" : [ {
      "x" : 4.236068,
      "y" : 11.09017,
      "z" : 22.18034
    }, {
      "x" : 11.09017,
      "y" : 6.854102,
      "z" : 22.18034
    }, {
      "x" : 11.09017,
      "y" : 0.0,
      "z" : 26.416409
    }, {
      "x" : 4.236068,
      "y" : 4.236068,
      "z" : 26.416409
    } ],
    "faces" : [ {
      "vertices" : [ 0, 1, 2 ]
    }, {
      "vertices" : [ 0, 2, 3 ]
    }, {
      "vertices" : [ 0, 3, 2 ]
    }, {
      "vertices" : [ 0, 2, 1 ]
    } ]
  }, {
    "id" : "e34d9c9b-1734-40b3-830a-b643b0fd242d",
    "vertices" : [ {
      "x" : -11.09017,
      "y" : 15.326238,
      "z" : 0.0
    }, {
      "x" : -6.854102,
      "y" : 15.326238,
      "z" : -6.854102
    }, {
      "x" : -6.854102,
      "y" : 22.18034,
      "z" : -11.09017
    }, {
      "x" : -11.09017,
      "y" : 22.18034,
      "z" : -4.236068
    } ],
    "faces" : [ {
      "vertices" : [ 0, 1, 2 ]
    }, {
      "vertices" : [ 0, 2, 3 ]
    }, {
      "vertices" : [ 0, 3, 2 ]
    }, {
      "vertices" : [ 0, 2, 1 ]
    } ]
  }, {
    "id" : "926316ba-34c1-4dba-90d8-ab27bf7e94b3",
    "vertices" : [ {
      "x" : -33.27051,
      "y" : -6.854102,
      "z" : -22.18034
    }, {
      "x" : -29.034441,
      "y" : -6.854102,
      "z" : -29.034441
    }, {
      "x" : -29.034441,
      "y" : 0.0,
      "z" : -33.27051
    }, {
      "x" : -33.27051,
      "y" : 0.0,
      "z" : -26.416409
    } ],
    "faces" : [ {
      "vertices" : [ 0, 1, 2 ]
    }, {
      "vertices" : [ 0, 2, 3 ]
    }, {
      "vertices" : [ 0, 3, 2 ]
    }, {
      "vertices" : [ 0, 2, 1 ]
    } ]
  }, {
    "id" : "81c37830-d1c9-4206-84a6-4db72f2196da",
    "vertices" : [ {
      "x" : -22.18034,
      "y" : -4.236068,
      "z" : 11.09017
    }, {
      "x" : -22.18034,
      "y" : -11.09017,
      "z" : 6.854102
    }, {
      "x" : -15.326238,
      "y" : -6.854102,
      "z" : 6.854102
    }, {
      "x" : -15.326238,
      "y" : 0.0,
      "z" : 11.09017
    } ],
    "faces" : [ {
      "vertices" : [ 0, 1, 2 ]
    }, {
      "vertices" : [ 0, 2, 3 ]
    }, {
      "vertices" : [ 0, 3, 2 ]
    }, {
      "vertices" : [ 0, 2, 1 ]
    } ]
  }, {
    "id" : "317ba676-a331-47e1-bbe3-64d48dbe7152",
    "vertices" : [ {
      "x" : 11.09017,
      "y" : 6.854102,
      "z" : -22.18034
    }, {
      "x" : 11.09017,
      "y" : 0.0,
      "z" : -17.944271
    }, {
      "x" : 4.236068,
      "y" : 4.236068,
      "z" : -17.944271
    }, {
      "x" : 4.236068,
      "y" : 11.09017,
      "z" : -22.18034
    } ],
    "faces" : [ {
      "vertices" : [ 0, 1, 2 ]
    }, {
      "vertices" : [ 0, 2, 3 ]
    }, {
      "vertices" : [ 0, 3, 2 ]
    }, {
      "vertices" : [ 0, 2, 1 ]
    } ]
  }, {
    "id" : "7b4028e7-5b25-4a24-be1e-dd1544fe88d8",
    "vertices" : [ {
      "x" : 4.236068,
      "y" : 11.09017,
      "z" : 0.0
    }, {
      "x" : 0.0,
      "y" : 11.09017,
      "z" : 6.854102
    }, {
      "x" : 6.854102,
      "y" : 15.326238,
      "z" : 6.854102
    }, {
      "x" : 11.09017,
      "y" : 15.326238,
      "z" : 0.0
    } ],
    "faces" : [ {
      "vertices" : [ 0, 1, 2 ]
    }, {
      "vertices" : [ 0, 2, 3 ]
    }, {
      "vertices" : [ 0, 3, 2 ]
    }, {
      "vertices" : [ 0, 2, 1 ]
    } ]
  }, {
    "id" : "85024405-a803-4146-90f9-466d29746a28",
    "vertices" : [ {
      "x" : 26.416409,
      "y" : 11.09017,
      "z" : -22.18034
    }, {
      "x" : 33.27051,
      "y" : 6.854102,
      "z" : -22.18034
    }, {
      "x" : 33.27051,
      "y" : 0.0,
      "z" : -17.944271
    }, {
      "x" : 26.416409,
      "y" : 4.236068,
      "z" : -17.944271
    } ],
    "faces" : [ {
      "vertices" : [ 0, 1, 2 ]
    }, {
      "vertices" : [ 0, 2, 3 ]
    }, {
      "vertices" : [ 0, 3, 2 ]
    }, {
      "vertices" : [ 0, 2, 1 ]
    } ]
  }, {
    "id" : "6576ebc4-fb1e-4417-a700-cb0cad300601",
    "vertices" : [ {
      "x" : 17.944271,
      "y" : 11.09017,
      "z" : -22.18034
    }, {
      "x" : 11.09017,
      "y" : 6.854102,
      "z" : -22.18034
    }, {
      "x" : 11.09017,
      "y" : 0.0,
      "z" : -26.416409
    }, {
      "x" : 17.944271,
      "y" : 4.236068,
      "z" : -26.416409
    } ],
    "faces" : [ {
      "vertices" : [ 0, 1, 2 ]
    }, {
      "vertices" : [ 0, 2, 3 ]
    }, {
      "vertices" : [ 0, 3, 2 ]
    }, {
      "vertices" : [ 0, 2, 1 ]
    } ]
  }, {
    "id" : "824809c1-6e9e-476e-bb00-2b2488da52e3",
    "vertices" : [ {
      "x" : 4.236068,
      "y" : 33.27051,
      "z" : 0.0
    }, {
      "x" : 4.236068,
      "y" : 26.416409,
      "z" : 4.236068
    }, {
      "x" : 0.0,
      "y" : 26.416409,
      "z" : 11.09017
    }, {
      "x" : 0.0,
      "y" : 33.27051,
      "z" : 6.854102
    } ],
    "faces" : [ {
      "vertices" : [ 0, 1, 2 ]
    }, {
      "vertices" : [ 0, 2, 3 ]
    }, {
      "vertices" : [ 0, 3, 2 ]
    }, {
      "vertices" : [ 0, 2, 1 ]
    } ]
  }, {
    "id" : "5768e5b9-f336-44f0-b06d-66683bdbb7ed",
    "vertices" : [ {
      "x" : 4.236068,
      "y" : 33.27051,
      "z" : 0.0
    }, {
      "x" : 11.09017,
      "y" : 29.034441,
      "z" : 0.0
    }, {
      "x" : 11.09017,
      "y" : 22.18034,
      "z" : 4.236068
    }, {
      "x" : 4.236068,
      "y" : 26.416409,
      "z" : 4.236068
    } ],
    "faces" : [ {
      "vertices" : [ 0, 1, 2 ]
    }, {
      "vertices" : [ 0, 2, 3 ]
    }, {
      "vertices" : [ 0, 3, 2 ]
    }, {
      "vertices" : [ 0, 2, 1 ]
    } ]
  }, {
    "id" : "2c586032-7283-4f61-8b2e-7da6a1bbedf3",
    "vertices" : [ {
      "x" : -15.326238,
      "y" : -22.18034,
      "z" : -11.09017
    }, {
      "x" : -11.09017,
      "y" : -22.18034,
      "z" : -17.944271
    }, {
      "x" : -17.944271,
      "y" : -17.944271,
      "z" : -17.944271
    }, {
      "x" : -22.18034,
      "y" : -17.944271,
      "z" : -11.09017
    } ],
    "faces" : [ {
      "vertices" : [ 0, 1, 2 ]
    }, {
      "vertices" : [ 0, 2, 3 ]
    }, {
      "vertices" : [ 0, 3, 2 ]
    }, {
      "vertices" : [ 0, 2, 1 ]
    } ]
  }, {
    "id" : "e1ad5651-3dec-4a9e-9047-809380fe40bb",
    "vertices" : [ {
      "x" : 6.854102,
      "y" : 15.326238,
      "z" : -15.326238
    }, {
      "x" : 0.0,
      "y" : 11.09017,
      "z" : -15.326238
    }, {
      "x" : 4.236068,
      "y" : 11.09017,
      "z" : -22.18034
    }, {
      "x" : 11.09017,
      "y" : 15.326238,
      "z" : -22.18034
    } ],
    "faces" : [ {
      "vertices" : [ 0, 1, 2 ]
    }, {
      "vertices" : [ 0, 2, 3 ]
    }, {
      "vertices" : [ 0, 3, 2 ]
    }, {
      "vertices" : [ 0, 2, 1 ]
    } ]
  }, {
    "id" : "8f8a92ac-0f8a-400b-9127-ad561e65bf41",
    "vertices" : [ {
      "x" : -17.944271,
      "y" : -11.09017,
      "z" : 22.18034
    }, {
      "x" : -22.18034,
      "y" : -11.09017,
      "z" : 29.034441
    }, {
      "x" : -15.326238,
      "y" : -6.854102,
      "z" : 29.034441
    }, {
      "x" : -11.09017,
      "y" : -6.854102,
      "z" : 22.18034
    } ],
    "faces" : [ {
      "vertices" : [ 0, 1, 2 ]
    }, {
      "vertices" : [ 0, 2, 3 ]
    }, {
      "vertices" : [ 0, 3, 2 ]
    }, {
      "vertices" : [ 0, 2, 1 ]
    } ]
  }, {
    "id" : "925c2fc3-8f26-4681-ba51-c38f0bc916f7",
    "vertices" : [ {
      "x" : -4.236068,
      "y" : -11.09017,
      "z" : 0.0
    }, {
      "x" : -4.236068,
      "y" : -17.944271,
      "z" : 4.236068
    }, {
      "x" : -11.09017,
      "y" : -22.18034,
      "z" : 4.236068
    }, {
      "x" : -11.09017,
      "y" : -15.326238,
      "z" : 0.0
    } ],
    "faces" : [ {
      "vertices" : [ 0, 1, 2 ]
    }, {
      "vertices" : [ 0, 2, 3 ]
    }, {
      "vertices" : [ 0, 3, 2 ]
    }, {
      "vertices" : [ 0, 2, 1 ]
    } ]
  }, {
    "id" : "3e05561d-9f46-4392-991c-3b7ea084c425",
    "vertices" : [ {
      "x" : 17.944271,
      "y" : -11.09017,
      "z" : -22.18034
    }, {
      "x" : 22.18034,
      "y" : -11.09017,
      "z" : -29.034441
    }, {
      "x" : 15.326238,
      "y" : -6.854102,
      "z" : -29.034441
    }, {
      "x" : 11.09017,
      "y" : -6.854102,
      "z" : -22.18034
    } ],
    "faces" : [ {
      "vertices" : [ 0, 1, 2 ]
    }, {
      "vertices" : [ 0, 2, 3 ]
    }, {
      "vertices" : [ 0, 3, 2 ]
    }, {
      "vertices" : [ 0, 2, 1 ]
    } ]
  }, {
    "id" : "c3b0e43f-c9b2-400f-bf75-f9970c63187f",
    "vertices" : [ {
      "x" : 0.0,
      "y" : 26.416409,
      "z" : 11.09017
    }, {
      "x" : -4.236068,
      "y" : 26.416409,
      "z" : 4.236068
    }, {
      "x" : -11.09017,
      "y" : 22.18034,
      "z" : 4.236068
    }, {
      "x" : -6.854102,
      "y" : 22.18034,
      "z" : 11.09017
    } ],
    "faces" : [ {
      "vertices" : [ 0, 1, 2 ]
    }, {
      "vertices" : [ 0, 2, 3 ]
    }, {
      "vertices" : [ 0, 3, 2 ]
    }, {
      "vertices" : [ 0, 2, 1 ]
    } ]
  }, {
    "id" : "3882ae84-c1b1-4527-abb6-1054fe214855",
    "vertices" : [ {
      "x" : 11.09017,
      "y" : 15.326238,
      "z" : 0.0
    }, {
      "x" : 15.326238,
      "y" : 15.326238,
      "z" : 6.854102
    }, {
      "x" : 15.326238,
      "y" : 22.18034,
      "z" : 11.09017
    }, {
      "x" : 11.09017,
      "y" : 22.18034,
      "z" : 4.236068
    } ],
    "faces" : [ {
      "vertices" : [ 0, 1, 2 ]
    }, {
      "vertices" : [ 0, 2, 3 ]
    }, {
      "vertices" : [ 0, 3, 2 ]
    }, {
      "vertices" : [ 0, 2, 1 ]
    } ]
  }, {
    "id" : "8663b8ac-0d52-4363-b580-87030668a3fa",
    "vertices" : [ {
      "x" : 33.27051,
      "y" : -6.854102,
      "z" : 0.0
    }, {
      "x" : 29.034441,
      "y" : -6.854102,
      "z" : 6.854102
    }, {
      "x" : 29.034441,
      "y" : 0.0,
      "z" : 11.09017
    }, {
      "x" : 33.27051,
      "y" : 0.0,
      "z" : 4.236068
    } ],
    "faces" : [ {
      "vertices" : [ 0, 1, 2 ]
    }, {
      "vertices" : [ 0, 2, 3 ]
    }, {
      "vertices" : [ 0, 3, 2 ]
    }, {
      "vertices" : [ 0, 2, 1 ]
    } ]
  }, {
    "id" : "e441efca-8f0e-42ff-9d90-5f7bedb6d412",
    "vertices" : [ {
      "x" : -22.18034,
      "y" : 4.236068,
      "z" : -11.09017
    }, {
      "x" : -26.416409,
      "y" : 4.236068,
      "z" : -17.944271
    }, {
      "x" : -26.416409,
      "y" : 11.09017,
      "z" : -22.18034
    }, {
      "x" : -22.18034,
      "y" : 11.09017,
      "z" : -15.326238
    } ],
    "faces" : [ {
      "vertices" : [ 0, 1, 2 ]
    }, {
      "vertices" : [ 0, 2, 3 ]
    }, {
      "vertices" : [ 0, 3, 2 ]
    }, {
      "vertices" : [ 0, 2, 1 ]
    } ]
  }, {
    "id" : "db1e1dbd-05ae-49f4-9ac9-c03c9e96b136",
    "vertices" : [ {
      "x" : -26.416409,
      "y" : 11.09017,
      "z" : 22.18034
    }, {
      "x" : -26.416409,
      "y" : 4.236068,
      "z" : 17.944271
    }, {
      "x" : -22.18034,
      "y" : 4.236068,
      "z" : 11.09017
    }, {
      "x" : -22.18034,
      "y" : 11.09017,
      "z" : 15.326238
    } ],
    "faces" : [ {
      "vertices" : [ 0, 1, 2 ]
    }, {
      "vertices" : [ 0, 2, 3 ]
    }, {
      "vertices" : [ 0, 3, 2 ]
    }, {
      "vertices" : [ 0, 2, 1 ]
    } ]
  }, {
    "id" : "61e99670-576c-4870-b28f-f5c955c1b5d6",
    "vertices" : [ {
      "x" : 26.416409,
      "y" : 11.09017,
      "z" : 0.0
    }, {
      "x" : 33.27051,
      "y" : 6.854102,
      "z" : 0.0
    }, {
      "x" : 33.27051,
      "y" : 0.0,
      "z" : 4.236068
    }, {
      "x" : 26.416409,
      "y" : 4.236068,
      "z" : 4.236068
    } ],
    "faces" : [ {
      "vertices" : [ 0, 1, 2 ]
    }, {
      "vertices" : [ 0, 2, 3 ]
    }, {
      "vertices" : [ 0, 3, 2 ]
    }, {
      "vertices" : [ 0, 2, 1 ]
    } ]
  }, {
    "id" : "c2c74a1a-5207-4e47-9688-3fcc85f6f3ad",
    "vertices" : [ {
      "x" : 4.236068,
      "y" : -17.944271,
      "z" : -4.236068
    }, {
      "x" : 0.0,
      "y" : -17.944271,
      "z" : -11.09017
    }, {
      "x" : 0.0,
      "y" : -11.09017,
      "z" : -6.854102
    }, {
      "x" : 4.236068,
      "y" : -11.09017,
      "z" : 0.0
    } ],
    "faces" : [ {
      "vertices" : [ 0, 1, 2 ]
    }, {
      "vertices" : [ 0, 2, 3 ]
    }, {
      "vertices" : [ 0, 3, 2 ]
    }, {
      "vertices" : [ 0, 2, 1 ]
    } ]
  }, {
    "id" : "d9a5f722-4d49-4011-9914-adf55497d6bf",
    "vertices" : [ {
      "x" : 26.416409,
      "y" : 11.09017,
      "z" : 22.18034
    }, {
      "x" : 33.27051,
      "y" : 6.854102,
      "z" : 22.18034
    }, {
      "x" : 33.27051,
      "y" : 0.0,
      "z" : 26.416409
    }, {
      "x" : 26.416409,
      "y" : 4.236068,
      "z" : 26.416409
    } ],
    "faces" : [ {
      "vertices" : [ 0, 1, 2 ]
    }, {
      "vertices" : [ 0, 2, 3 ]
    }, {
      "vertices" : [ 0, 3, 2 ]
    }, {
      "vertices" : [ 0, 2, 1 ]
    } ]
  }, {
    "id" : "66ba1738-0020-4908-9f9f-00eefd5ab5d3",
    "vertices" : [ {
      "x" : 15.326238,
      "y" : -22.18034,
      "z" : -11.09017
    }, {
      "x" : 11.09017,
      "y" : -22.18034,
      "z" : -17.944271
    }, {
      "x" : 6.854102,
      "y" : -22.18034,
      "z" : -11.09017
    }, {
      "x" : 11.09017,
      "y" : -22.18034,
      "z" : -4.236068
    } ],
    "faces" : [ {
      "vertices" : [ 0, 1, 2 ]
    }, {
      "vertices" : [ 0, 2, 3 ]
    }, {
      "vertices" : [ 0, 3, 2 ]
    }, {
      "vertices" : [ 0, 2, 1 ]
    } ]
  }, {
    "id" : "7f53c926-b21f-4e0b-a393-4a2de5d2d436",
    "vertices" : [ {
      "x" : 15.326238,
      "y" : 0.0,
      "z" : 11.09017
    }, {
      "x" : 15.326238,
      "y" : -6.854102,
      "z" : 6.854102
    }, {
      "x" : 22.18034,
      "y" : -11.09017,
      "z" : 6.854102
    }, {
      "x" : 22.18034,
      "y" : -4.236068,
      "z" : 11.09017
    } ],
    "faces" : [ {
      "vertices" : [ 0, 1, 2 ]
    }, {
      "vertices" : [ 0, 2, 3 ]
    }, {
      "vertices" : [ 0, 3, 2 ]
    }, {
      "vertices" : [ 0, 2, 1 ]
    } ]
  }, {
    "id" : "b5061935-862d-4660-a5a6-ef1f29ac5809",
    "vertices" : [ {
      "x" : 15.326238,
      "y" : 15.326238,
      "z" : -15.326238
    }, {
      "x" : 22.18034,
      "y" : 11.09017,
      "z" : -15.326238
    }, {
      "x" : 22.18034,
      "y" : 17.944271,
      "z" : -11.09017
    }, {
      "x" : 15.326238,
      "y" : 22.18034,
      "z" : -11.09017
    } ],
    "faces" : [ {
      "vertices" : [ 0, 1, 2 ]
    }, {
      "vertices" : [ 0, 2, 3 ]
    }, {
      "vertices" : [ 0, 3, 2 ]
    }, {
      "vertices" : [ 0, 2, 1 ]
    } ]
  }, {
    "id" : "7c39f9b8-ccb7-406c-94b3-e0f05988e7d1",
    "vertices" : [ {
      "x" : 15.326238,
      "y" : 15.326238,
      "z" : -6.854102
    }, {
      "x" : 22.18034,
      "y" : 11.09017,
      "z" : -6.854102
    }, {
      "x" : 17.944271,
      "y" : 11.09017,
      "z" : 0.0
    }, {
      "x" : 11.09017,
      "y" : 15.326238,
      "z" : 0.0
    } ],
    "faces" : [ {
      "vertices" : [ 0, 1, 2 ]
    }, {
      "vertices" : [ 0, 2, 3 ]
    }, {
      "vertices" : [ 0, 3, 2 ]
    }, {
      "vertices" : [ 0, 2, 1 ]
    } ]
  }, {
    "id" : "e3128dcd-a0fa-459d-998d-006e5656be15",
    "vertices" : [ {
      "x" : -22.18034,
      "y" : -4.236068,
      "z" : 33.27051
    }, {
      "x" : -22.18034,
      "y" : -11.09017,
      "z" : 29.034441
    }, {
      "x" : -15.326238,
      "y" : -6.854102,
      "z" : 29.034441
    }, {
      "x" : -15.326238,
      "y" : 0.0,
      "z" : 33.27051
    } ],
    "faces" : [ {
      "vertices" : [ 0, 1, 2 ]
    }, {
      "vertices" : [ 0, 2, 3 ]
    }, {
      "vertices" : [ 0, 3, 2 ]
    }, {
      "vertices" : [ 0, 2, 1 ]
    } ]
  }, {
    "id" : "e9118d49-c5e3-47cd-ac28-535ae2c3793f",
    "vertices" : [ {
      "x" : -11.09017,
      "y" : -6.854102,
      "z" : -22.18034
    }, {
      "x" : -15.326238,
      "y" : -6.854102,
      "z" : -15.326238
    }, {
      "x" : -15.326238,
      "y" : 0.0,
      "z" : -11.09017
    }, {
      "x" : -11.09017,
      "y" : 0.0,
      "z" : -17.944271
    } ],
    "faces" : [ {
      "vertices" : [ 0, 1, 2 ]
    }, {
      "vertices" : [ 0, 2, 3 ]
    }, {
      "vertices" : [ 0, 3, 2 ]
    }, {
      "vertices" : [ 0, 2, 1 ]
    } ]
  }, {
    "id" : "b8ceebff-43af-40d6-88df-8c5406c4c8c7",
    "vertices" : [ {
      "x" : -6.854102,
      "y" : -6.854102,
      "z" : 6.854102
    }, {
      "x" : -11.09017,
      "y" : -6.854102,
      "z" : 0.0
    }, {
      "x" : -4.236068,
      "y" : -11.09017,
      "z" : 0.0
    }, {
      "x" : 0.0,
      "y" : -11.09017,
      "z" : 6.854102
    } ],
    "faces" : [ {
      "vertices" : [ 0, 1, 2 ]
    }, {
      "vertices" : [ 0, 2, 3 ]
    }, {
      "vertices" : [ 0, 3, 2 ]
    }, {
      "vertices" : [ 0, 2, 1 ]
    } ]
  }, {
    "id" : "185d1d02-6a32-45e4-b50c-02613fe5f598",
    "vertices" : [ {
      "x" : 22.18034,
      "y" : 4.236068,
      "z" : -11.09017
    }, {
      "x" : 26.416409,
      "y" : 4.236068,
      "z" : -4.236068
    }, {
      "x" : 26.416409,
      "y" : 11.09017,
      "z" : 0.0
    }, {
      "x" : 22.18034,
      "y" : 11.09017,
      "z" : -6.854102
    } ],
    "faces" : [ {
      "vertices" : [ 0, 1, 2 ]
    }, {
      "vertices" : [ 0, 2, 3 ]
    }, {
      "vertices" : [ 0, 3, 2 ]
    }, {
      "vertices" : [ 0, 2, 1 ]
    } ]
  }, {
    "id" : "2998bc11-758d-4d74-ad60-f3f211dd1f41",
    "vertices" : [ {
      "x" : -15.326238,
      "y" : -6.854102,
      "z" : -6.854102
    }, {
      "x" : -11.09017,
      "y" : -6.854102,
      "z" : 0.0
    }, {
      "x" : -17.944271,
      "y" : -11.09017,
      "z" : 0.0
    }, {
      "x" : -22.18034,
      "y" : -11.09017,
      "z" : -6.854102
    } ],
    "faces" : [ {
      "vertices" : [ 0, 1, 2 ]
    }, {
      "vertices" : [ 0, 2, 3 ]
    }, {
      "vertices" : [ 0, 3, 2 ]
    }, {
      "vertices" : [ 0, 2, 1 ]
    } ]
  }, {
    "id" : "12dd5dbc-4211-4910-99dd-7aecd78dcda1",
    "vertices" : [ {
      "x" : -4.236068,
      "y" : 33.27051,
      "z" : 0.0
    }, {
      "x" : -11.09017,
      "y" : 29.034441,
      "z" : 0.0
    }, {
      "x" : -11.09017,
      "y" : 22.18034,
      "z" : -4.236068
    }, {
      "x" : -4.236068,
      "y" : 26.416409,
      "z" : -4.236068
    } ],
    "faces" : [ {
      "vertices" : [ 0, 1, 2 ]
    }, {
      "vertices" : [ 0, 2, 3 ]
    }, {
      "vertices" : [ 0, 3, 2 ]
    }, {
      "vertices" : [ 0, 2, 1 ]
    } ]
  }, {
    "id" : "e92845d0-7caa-4111-8d36-8e0cd6f3e42a",
    "vertices" : [ {
      "x" : -4.236068,
      "y" : 11.09017,
      "z" : 0.0
    }, {
      "x" : -4.236068,
      "y" : 4.236068,
      "z" : 4.236068
    }, {
      "x" : -11.09017,
      "y" : 0.0,
      "z" : 4.236068
    }, {
      "x" : -11.09017,
      "y" : 6.854102,
      "z" : 0.0
    } ],
    "faces" : [ {
      "vertices" : [ 0, 1, 2 ]
    }, {
      "vertices" : [ 0, 2, 3 ]
    }, {
      "vertices" : [ 0, 3, 2 ]
    }, {
      "vertices" : [ 0, 2, 1 ]
    } ]
  }, {
    "id" : "9c627ef4-b864-4bac-a726-946b071f1193",
    "vertices" : [ {
      "x" : -6.854102,
      "y" : 0.0,
      "z" : 33.27051
    }, {
      "x" : -6.854102,
      "y" : -6.854102,
      "z" : 29.034441
    }, {
      "x" : 0.0,
      "y" : -11.09017,
      "z" : 29.034441
    }, {
      "x" : 0.0,
      "y" : -4.236068,
      "z" : 33.27051
    } ],
    "faces" : [ {
      "vertices" : [ 0, 1, 2 ]
    }, {
      "vertices" : [ 0, 2, 3 ]
    }, {
      "vertices" : [ 0, 3, 2 ]
    }, {
      "vertices" : [ 0, 2, 1 ]
    } ]
  }, {
    "id" : "69c3dc4b-023a-4cb2-8123-afbc8e098754",
    "vertices" : [ {
      "x" : 0.0,
      "y" : -4.236068,
      "z" : 11.09017
    }, {
      "x" : 0.0,
      "y" : -11.09017,
      "z" : 6.854102
    }, {
      "x" : 6.854102,
      "y" : -6.854102,
      "z" : 6.854102
    }, {
      "x" : 6.854102,
      "y" : 0.0,
      "z" : 11.09017
    } ],
    "faces" : [ {
      "vertices" : [ 0, 1, 2 ]
    }, {
      "vertices" : [ 0, 2, 3 ]
    }, {
      "vertices" : [ 0, 3, 2 ]
    }, {
      "vertices" : [ 0, 2, 1 ]
    } ]
  }, {
    "id" : "918d98b9-2435-406f-8870-0fc93124674d",
    "vertices" : [ {
      "x" : -17.944271,
      "y" : 11.09017,
      "z" : 22.18034
    }, {
      "x" : -17.944271,
      "y" : 4.236068,
      "z" : 26.416409
    }, {
      "x" : -22.18034,
      "y" : 4.236068,
      "z" : 33.27051
    }, {
      "x" : -22.18034,
      "y" : 11.09017,
      "z" : 29.034441
    } ],
    "faces" : [ {
      "vertices" : [ 0, 1, 2 ]
    }, {
      "vertices" : [ 0, 2, 3 ]
    }, {
      "vertices" : [ 0, 3, 2 ]
    }, {
      "vertices" : [ 0, 2, 1 ]
    } ]
  }, {
    "id" : "841ad45e-e248-4b7a-950d-f693af6a2440",
    "vertices" : [ {
      "x" : 29.034441,
      "y" : -6.854102,
      "z" : -6.854102
    }, {
      "x" : 33.27051,
      "y" : -6.854102,
      "z" : 0.0
    }, {
      "x" : 33.27051,
      "y" : 0.0,
      "z" : -4.236068
    }, {
      "x" : 29.034441,
      "y" : 0.0,
      "z" : -11.09017
    } ],
    "faces" : [ {
      "vertices" : [ 0, 1, 2 ]
    }, {
      "vertices" : [ 0, 2, 3 ]
    }, {
      "vertices" : [ 0, 3, 2 ]
    }, {
      "vertices" : [ 0, 2, 1 ]
    } ]
  }, {
    "id" : "0facc48b-2d21-4c17-ab84-9c77fb314027",
    "vertices" : [ {
      "x" : 26.416409,
      "y" : 4.236068,
      "z" : 26.416409
    }, {
      "x" : 33.27051,
      "y" : 0.0,
      "z" : 26.416409
    }, {
      "x" : 29.034441,
      "y" : 0.0,
      "z" : 33.27051
    }, {
      "x" : 22.18034,
      "y" : 4.236068,
      "z" : 33.27051
    } ],
    "faces" : [ {
      "vertices" : [ 0, 1, 2 ]
    }, {
      "vertices" : [ 0, 2, 3 ]
    }, {
      "vertices" : [ 0, 3, 2 ]
    }, {
      "vertices" : [ 0, 2, 1 ]
    } ]
  }, {
    "id" : "51549281-7ee9-43c3-bebd-e6e0149ae596",
    "vertices" : [ {
      "x" : -4.236068,
      "y" : 11.09017,
      "z" : -22.18034
    }, {
      "x" : -4.236068,
      "y" : 4.236068,
      "z" : -26.416409
    }, {
      "x" : 0.0,
      "y" : 4.236068,
      "z" : -33.27051
    }, {
      "x" : 0.0,
      "y" : 11.09017,
      "z" : -29.034441
    } ],
    "faces" : [ {
      "vertices" : [ 0, 1, 2 ]
    }, {
      "vertices" : [ 0, 2, 3 ]
    }, {
      "vertices" : [ 0, 3, 2 ]
    }, {
      "vertices" : [ 0, 2, 1 ]
    } ]
  }, {
    "id" : "bd72d6fd-84cc-4c98-a2de-70a43b3ce611",
    "vertices" : [ {
      "x" : -11.09017,
      "y" : -6.854102,
      "z" : -22.18034
    }, {
      "x" : -6.854102,
      "y" : -6.854102,
      "z" : -29.034441
    }, {
      "x" : -6.854102,
      "y" : 0.0,
      "z" : -33.27051
    }, {
      "x" : -11.09017,
      "y" : 0.0,
      "z" : -26.416409
    } ],
    "faces" : [ {
      "vertices" : [ 0, 1, 2 ]
    }, {
      "vertices" : [ 0, 2, 3 ]
    }, {
      "vertices" : [ 0, 3, 2 ]
    }, {
      "vertices" : [ 0, 2, 1 ]
    } ]
  }, {
    "id" : "b67635cc-3c58-46af-8a63-57a68c090d0b",
    "vertices" : [ {
      "x" : -11.09017,
      "y" : -6.854102,
      "z" : 0.0
    }, {
      "x" : -6.854102,
      "y" : -6.854102,
      "z" : -6.854102
    }, {
      "x" : -6.854102,
      "y" : 0.0,
      "z" : -11.09017
    }, {
      "x" : -11.09017,
      "y" : 0.0,
      "z" : -4.236068
    } ],
    "faces" : [ {
      "vertices" : [ 0, 1, 2 ]
    }, {
      "vertices" : [ 0, 2, 3 ]
    }, {
      "vertices" : [ 0, 3, 2 ]
    }, {
