{
  "field" : "golden",
  "symmetry" : "icosahedral",
  "orientations" : [ [ 1.0, 0.0, 0.0, 0.0, 0.0, 1.0, 0.0, 0.0, 0.0, 0.0, 1.0, 0.0, 0.0, 0.0, 0.0, 1.0 ], [ 0.0, 0.0, 1.0, 0.0, 1.0, 0.0, 0.0, 0.0, 0.0, 1.0, 0.0, 0.0, 0.0, 0.0, 0.0, 1.0 ], [ 0.0, 1.0, 0.0, 0.0, 0.0, 0.0, 1.0, 0.0, 1.0, 0.0, 0.0, 0.0, 0.0, 0.0, 0.0, 1.0 ], [ 0.809017, 0.309017, 0.5, 0.0, 0.309017, 0.5, -0.809017, 0.0, -0.5, 0.809017, 0.309017, 0.0, 0.0, 0.0, 0.0, 1.0 ], [ -0.5, 0.809017, 0.309017, 0.0, 0.809017, 0.309017, 0.5, 0.0, 0.309017, 0.5, -0.809017, 0.0, 0.0, 0.0, 0.0, 1.0 ], [ 0.309017, 0.5, -0.809017, 0.0, -0.5, 0.809017, 0.309017, 0.0, 0.809017, 0.309017, 0.5, 0.0, 0.0, 0.0, 0.0, 1.0 ], [ 0.5, 0.809017, 0.309017, 0.0, 0.809017, -0.309017, -0.5, 0.0, -0.309017, 0.5, -0.809017, 0.0, 0.0, 0.0, 0.0, 1.0 ], [ -0.309017, 0.5, -0.809017, 0.0, 0.5, 0.809017, 0.309017, 0.0, 0.809017, -0.309017, -0.5, 0.0, 0.0, 0.0, 0.0, 1.0 ], [ 0.809017, -0.309017, -0.5, 0.0, -0.309017, 0.5, -0.809017, 0.0, 0.5, 0.809017, 0.309017, 0.0, 0.0, 0.0, 0.0, 1.0 ], [ 0.5, 0.809017, -0.309017, 0.0, 0.809017, -0.309017, 0.5, 0.0, 0.309017, -0.5, -0.809017, 0.0, 0.0, 0.0, 0.0, 1.0 ], [ 0.309017, -0.5, -0.809017, 0.0, 0.5, 0.809017, -0.309017, 0.0, 0.809017, -0.309017, 0.5, 0.0, 0.0, 0.0, 0.0, 1.0 ], [ 0.809017, -0.309017, 0.5, 0.0, 0.309017, -0.5, -0.809017, 0.0, 0.5, 0.809017, -0.309017, 0.0, 0.0, 0.0, 0.0, 1.0 ], [ 0.809017, 0.309017, -0.5, 0.0, 0.309017, 0.5, 0.809017, 0.0, 0.5, -0.809017, 0.309017, 0.0, 0.0, 0.0, 0.0, 1.0 ], [ 0.5, -0.809017, 0.309017, 0.0, 0.809017, 0.309017, -0.5, 0.0, 0.309017, 0.5, 0.809017, 0.0, 0.0, 0.0, 0.0, 1.0 ], [ 0.309017, 0.5, 0.809017, 0.0, 0.5, -0.809017, 0.309017, 0.0, 0.809017, 0.309017, -0.5, 0.0, 0.0, 0.0, 0.0, 1.0 ], [ 1.0, 0.0, 0.0, 0.0, 0.0, -1.0, 0.0, 0.0, 0.0, 0.0, -1.0, 0.0, 0.0, 0.0, 0.0, 1.0 ], [ 0.0, 0.0, 1.0, 0.0, -1.0, 0.0, 0.0, 0.0, 0.0, -1.0, 0.0, 0.0, 0.0, 0.0, 0.0, 1.0 ], [ 0.0, 1.0, 0.0, 0.0, 0.0, 0.0, -1.0, 0.0, -1.0, 0.0, 0.0, 0.0, 0.0, 0.0, 0.0, 1.0 ], [ 0.809017, 0.309017, 0.5, 0.0, -0.309017, -0.5, 0.809017, 0.0, 0.5, -0.809017, -0.309017, 0.0, 0.0, 0.0, 0.0, 1.0 ], [ -0.5, 0.809017, 0.309017, 0.0, -0.809017, -0.309017, -0.5, 0.0, -0.309017, -0.5, 0.809017, 0.0, 0.0, 0.0, 0.0, 1.0 ], [ 0.309017, 0.5, -0.809017, 0.0, 0.5, -0.809017, -0.309017, 0.0, -0.809017, -0.309017, -0.5, 0.0, 0.0, 0.0, 0.0, 1.0 ], [ 0.5, 0.809017, 0.309017, 0.0, -0.809017, 0.309017, 0.5, 0.0, 0.309017, -0.5, 0.809017, 0.0, 0.0, 0.0, 0.0, 1.0 ], [ -0.309017, 0.5, -0.809017, 0.0, -0.5, -0.809017, -0.309017, 0.0, -0.809017, 0.309017, 0.5, 0.0, 0.0, 0.0, 0.0, 1.0 ], [ 0.809017, -0.309017, -0.5, 0.0, 0.309017, -0.5, 0.809017, 0.0, -0.5, -0.809017, -0.309017, 0.0, 0.0, 0.0, 0.0, 1.0 ], [ 0.5, 0.809017, -0.309017, 0.0, -0.809017, 0.309017, -0.5, 0.0, -0.309017, 0.5, 0.809017, 0.0, 0.0, 0.0, 0.0, 1.0 ], [ 0.309017, -0.5, -0.809017, 0.0, -0.5, -0.809017, 0.309017, 0.0, -0.809017, 0.309017, -0.5, 0.0, 0.0, 0.0, 0.0, 1.0 ], [ 0.809017, -0.309017, 0.5, 0.0, -0.309017, 0.5, 0.809017, 0.0, -0.5, -0.809017, 0.309017, 0.0, 0.0, 0.0, 0.0, 1.0 ], [ 0.809017, 0.309017, -0.5, 0.0, -0.309017, -0.5, -0.809017, 0.0, -0.5, 0.809017, -0.309017, 0.0, 0.0, 0.0, 0.0, 1.0 ], [ 0.5, -0.809017, 0.309017, 0.0, -0.809017, -0.309017, 0.5, 0.0, -0.309017, -0.5, -0.809017, 0.0, 0.0, 0.0, 0.0, 1.0 ], [ 0.309017, 0.5, 0.809017, 0.0, -0.5, 0.809017, -0.309017, 0.0, -0.809017, -0.309017, 0.5, 0.0, 0.0, 0.0, 0.0, 1.0 ], [ -1.0, 0.0, 0.0, 0.0, 0.0, -1.0, 0.0, 0.0, 0.0, 0.0, 1.0, 0.0, 0.0, 0.0, 0.0, 1.0 ], [ 0.0, 0.0, -1.0, 0.0, -1.0, 0.0, 0.0, 0.0, 0.0, 1.0, 0.0, 0.0, 0.0, 0.0, 0.0, 1.0 ], [ 0.0, -1.0, 0.0, 0.0, 0.0, 0.0, -1.0, 0.0, 1.0, 0.0, 0.0, 0.0, 0.0, 0.0, 0.0, 1.0 ], [ -0.809017, -0.309017, -0.5, 0.0, -0.309017, -0.5, 0.809017, 0.0, -0.5, 0.809017, 0.309017, 0.0, 0.0, 0.0, 0.0, 1.0 ], [ 0.5, -0.809017, -0.309017, 0.0, -0.809017, -0.309017, -0.5, 0.0, 0.309017, 0.5, -0.809017, 0.0, 0.0, 0.0, 0.0, 1.0 ], [ -0.309017, -0.5, 0.809017, 0.0, 0.5, -0.809017, -0.309017, 0.0, 0.809017, 0.309017, 0.5, 0.0, 0.0, 0.0, 0.0, 1.0 ], [ -0.5, -0.809017, -0.309017, 0.0, -0.809017, 0.309017, 0.5, 0.0, -0.309017, 0.5, -0.809017, 0.0, 0.0, 0.0, 0.0, 1.0 ], [ 0.309017, -0.5, 0.809017, 0.0, -0.5, -0.809017, -0.309017, 0.0, 0.809017, -0.309017, -0.5, 0.0, 0.0, 0.0, 0.0, 1.0 ], [ -0.809017, 0.309017, 0.5, 0.0, 0.309017, -0.5, 0.809017, 0.0, 0.5, 0.809017, 0.309017, 0.0, 0.0, 0.0, 0.0, 1.0 ], [ -0.5, -0.809017, 0.309017, 0.0, -0.809017, 0.309017, -0.5, 0.0, 0.309017, -0.5, -0.809017, 0.0, 0.0, 0.0, 0.0, 1.0 ], [ -0.309017, 0.5, 0.809017, 0.0, -0.5, -0.809017, 0.309017, 0.0, 0.809017, -0.309017, 0.5, 0.0, 0.0, 0.0, 0.0, 1.0 ], [ -0.809017, 0.309017, -0.5, 0.0, -0.309017, 0.5, 0.809017, 0.0, 0.5, 0.809017, -0.309017, 0.0, 0.0, 0.0, 0.0, 1.0 ], [ -0.809017, -0.309017, 0.5, 0.0, -0.309017, -0.5, -0.809017, 0.0, 0.5, -0.809017, 0.309017, 0.0, 0.0, 0.0, 0.0, 1.0 ], [ -0.5, 0.809017, -0.309017, 0.0, -0.809017, -0.309017, 0.5, 0.0, 0.309017, 0.5, 0.809017, 0.0, 0.0, 0.0, 0.0, 1.0 ], [ -0.309017, -0.5, -0.809017, 0.0, -0.5, 0.809017, -0.309017, 0.0, 0.809017, 0.309017, -0.5, 0.0, 0.0, 0.0, 0.0, 1.0 ], [ -1.0, 0.0, 0.0, 0.0, 0.0, 1.0, 0.0, 0.0, 0.0, 0.0, -1.0, 0.0, 0.0, 0.0, 0.0, 1.0 ], [ 0.0, 0.0, -1.0, 0.0, 1.0, 0.0, 0.0, 0.0, 0.0, -1.0, 0.0, 0.0, 0.0, 0.0, 0.0, 1.0 ], [ 0.0, -1.0, 0.0, 0.0, 0.0, 0.0, 1.0, 0.0, -1.0, 0.0, 0.0, 0.0, 0.0, 0.0, 0.0, 1.0 ], [ -0.809017, -0.309017, -0.5, 0.0, 0.309017, 0.5, -0.809017, 0.0, 0.5, -0.809017, -0.309017, 0.0, 0.0, 0.0, 0.0, 1.0 ], [ 0.5, -0.809017, -0.309017, 0.0, 0.809017, 0.309017, 0.5, 0.0, -0.309017, -0.5, 0.809017, 0.0, 0.0, 0.0, 0.0, 1.0 ], [ -0.309017, -0.5, 0.809017, 0.0, -0.5, 0.809017, 0.309017, 0.0, -0.809017, -0.309017, -0.5, 0.0, 0.0, 0.0, 0.0, 1.0 ], [ -0.5, -0.809017, -0.309017, 0.0, 0.809017, -0.309017, -0.5, 0.0, 0.309017, -0.5, 0.809017, 0.0, 0.0, 0.0, 0.0, 1.0 ], [ 0.309017, -0.5, 0.809017, 0.0, 0.5, 0.809017, 0.309017, 0.0, -0.809017, 0.309017, 0.5, 0.0, 0.0, 0.0, 0.0, 1.0 ], [ -0.809017, 0.309017, 0.5, 0.0, -0.309017, 0.5, -0.809017, 0.0, -0.5, -0.809017, -0.309017, 0.0, 0.0, 0.0, 0.0, 1.0 ], [ -0.5, -0.809017, 0.309017, 0.0, 0.809017, -0.309017, 0.5, 0.0, -0.309017, 0.5, 0.809017, 0.0, 0.0, 0.0, 0.0, 1.0 ], [ -0.309017, 0.5, 0.809017, 0.0, 0.5, 0.809017, -0.309017, 0.0, -0.809017, 0.309017, -0.5, 0.0, 0.0, 0.0, 0.0, 1.0 ], [ -0.809017, 0.309017, -0.5, 0.0, 0.309017, -0.5, -0.809017, 0.0, -0.5, -0.809017, 0.309017, 0.0, 0.0, 0.0, 0.0, 1.0 ], [ -0.809017, -0.309017, 0.5, 0.0, 0.309017, 0.5, 0.809017, 0.0, -0.5, 0.809017, -0.309017, 0.0, 0.0, 0.0, 0.0, 1.0 ], [ -0.5, 0.809017, -0.309017, 0.0, 0.809017, 0.309017, -0.5, 0.0, -0.309017, -0.5, -0.809017, 0.0, 0.0, 0.0, 0.0, 1.0 ], [ -0.309017, -0.5, -0.809017, 0.0, 0.5, -0.809017, 0.309017, 0.0, -0.809017, -0.309017, 0.5, 0.0, 0.0, 0.0, 0.0, 1.0 ] ],
  "lights" : {
    "ambientColor" : "#292929",
    "backgroundColor" : "#FFFFF9",
    "directionalLights" : [ {
      "direction" : {
        "x" : 1.0,
        "y" : -1.0,
        "z" : -1.0
      },
      "color" : "#EBEBE4"
    }, {
      "direction" : {
        "x" : -1.0,
        "y" : 0.0,
        "z" : 0.0
      },
      "color" : "#E4E4EB"
    }, {
      "direction" : {
        "x" : 0.0,
        "y" : 0.0,
        "z" : -1.0
      },
      "color" : "#1E1E1E"
    } ]
  },
  "camera" : {
    "viewDistance" : 162.208,
    "nearClipDistance" : 0.40552014,
    "farClipDistance" : 324.41592,
    "lookAtPoint" : {
      "x" : 0.0,
      "y" : 0.0,
      "z" : 0.0
    },
    "fieldOfView" : 0.44262892,
    "perspective" : true,
    "lookDirection" : {
      "x" : 0.0,
      "y" : 0.0,
      "z" : -1.0
    },
    "upDirection" : {
      "x" : 0.0,
      "y" : 1.0,
      "z" : 0.0
    },
    "width" : 72.99361,
    "stereo" : false,
    "position" : {
      "x" : 0.0,
      "y" : 0.0,
      "z" : 162.208
    }
  },
  "embedding" : [ 1.0, 0.0, 0.0, 0.0, 0.0, 1.0, 0.0, 0.0, 0.0, 0.0, 1.0, 0.0, 0.0, 0.0, 0.0, 1.0 ],
  "shapes" : [ {
    "id" : "bac844b6-14fc-444d-a360-16b6f3cadccb",
    "vertices" : [ {
      "x" : 0.35008323,
      "y" : 12.057587,
      "z" : 0.47330347
    }, {
      "x" : 0.45008323,
      "y" : 12.157586,
      "z" : 0.07330346
    }, {
      "x" : 0.23532698,
      "y" : 0.70340383,
      "z" : -0.11150006
    }, {
      "x" : 0.13532697,
      "y" : 0.60340387,
      "z" : 0.28849992
    }, {
      "x" : 0.7500832,
      "y" : 11.924253,
      "z" : 0.2066368
    }, {
      "x" : 0.65008324,
      "y" : 11.824253,
      "z" : 0.6066368
    }, {
      "x" : -0.16467303,
      "y" : 0.83673716,
      "z" : 0.1551666
    }, {
      "x" : -0.06467303,
      "y" : 0.9367372,
      "z" : -0.2448334
    } ],
    "faces" : [ {
      "vertices" : [ 2, 3, 6 ]
    }, {
      "vertices" : [ 2, 6, 7 ]
    }, {
      "vertices" : [ 0, 5, 4 ]
    }, {
      "vertices" : [ 0, 4, 1 ]
    }, {
      "vertices" : [ 2, 4, 5 ]
    }, {
      "vertices" : [ 2, 5, 3 ]
    }, {
      "vertices" : [ 0, 6, 3 ]
    }, {
      "vertices" : [ 0, 3, 5 ]
    }, {
      "vertices" : [ 0, 1, 7 ]
    }, {
      "vertices" : [ 0, 7, 6 ]
    }, {
      "vertices" : [ 1, 4, 2 ]
    }, {
      "vertices" : [ 1, 2, 7 ]
    } ]
  }, {
    "id" : "a12c3049-5cac-4e5d-829c-a7fb91849349",
    "vertices" : [ {
      "x" : 0.42705098,
      "y" : 1.381966,
      "z" : -0.309017
    }, {
      "x" : 1.1257354,
      "y" : 5.472136,
      "z" : -0.309017
    }, {
      "x" : 1.1257354,
      "y" : 5.472136,
      "z" : 0.309017
    }, {
      "x" : 0.42705098,
      "y" : 1.381966,
      "z" : 0.309017
    }, {
      "x" : 0.045084972,
      "y" : 1.381966,
      "z" : -0.309017
    }, {
      "x" : 0.7437694,
      "y" : 5.472136,
      "z" : -0.309017
    }, {
      "x" : 0.090169944,
      "y" : 0.52786404,
      "z" : 0.0
    }, {
      "x" : 0.045084972,
      "y" : 1.381966,
      "z" : 0.309017
    }, {
      "x" : 0.7437694,
      "y" : 5.472136,
      "z" : 0.309017
    }, {
      "x" : 1.0806504,
      "y" : 6.326238,
      "z" : 0.0
    }, {
      "x" : 1.1708204,
      "y" : 6.854102,
      "z" : 0.0
    } ],
    "faces" : [ {
      "vertices" : [ 3, 7, 6 ]
    }, {
      "vertices" : [ 4, 6, 7 ]
    }, {
      "vertices" : [ 2, 9, 8 ]
    }, {
      "vertices" : [ 2, 8, 7 ]
    }, {
      "vertices" : [ 2, 7, 3 ]
    }, {
      "vertices" : [ 0, 1, 2 ]
    }, {
      "vertices" : [ 0, 2, 3 ]
    }, {
      "vertices" : [ 5, 8, 9 ]
    }, {
      "vertices" : [ 4, 7, 8 ]
    }, {
      "vertices" : [ 4, 8, 5 ]
    }, {
      "vertices" : [ 0, 3, 6 ]
    }, {
      "vertices" : [ 0, 4, 5 ]
    }, {
      "vertices" : [ 0, 5, 1 ]
    }, {
      "vertices" : [ 0, 6, 4 ]
    }, {
      "vertices" : [ 1, 9, 2 ]
    }, {
      "vertices" : [ 1, 5, 9 ]
    } ]
  }, {
    "id" : "ee7e6c21-d50c-456b-a8c3-4aaf888bbc93",
    "vertices" : [ {
      "x" : 0.309017,
      "y" : -0.309017,
      "z" : -0.309017
    }, {
      "x" : 0.5,
      "y" : 0.0,
      "z" : -0.19098301
    }, {
      "x" : 0.5,
      "y" : 0.0,
      "z" : 0.19098301
    }, {
      "x" : 0.309017,
      "y" : -0.309017,
      "z" : 0.309017
    }, {
      "x" : 0.19098301,
      "y" : -0.5,
      "z" : 0.0
    }, {
      "x" : 0.0,
      "y" : 0.19098301,
      "z" : 0.5
    }, {
      "x" : 0.0,
      "y" : -0.19098301,
      "z" : 0.5
    }, {
      "x" : 0.309017,
      "y" : 0.309017,
      "z" : 0.309017
    }, {
      "x" : -0.309017,
      "y" : -0.309017,
      "z" : 0.309017
    }, {
      "x" : -0.309017,
      "y" : 0.309017,
      "z" : 0.309017
    }, {
      "x" : -0.5,
      "y" : 0.0,
      "z" : 0.19098301
    }, {
      "x" : 0.0,
      "y" : -0.19098301,
      "z" : -0.5
    }, {
      "x" : 0.0,
      "y" : 0.19098301,
      "z" : -0.5
    }, {
      "x" : 0.309017,
      "y" : 0.309017,
      "z" : -0.309017
    }, {
      "x" : -0.309017,
      "y" : -0.309017,
      "z" : -0.309017
    }, {
      "x" : -0.19098301,
      "y" : -0.5,
      "z" : 0.0
    }, {
      "x" : -0.5,
      "y" : 0.0,
      "z" : -0.19098301
    }, {
      "x" : 0.19098301,
      "y" : 0.5,
      "z" : 0.0
    }, {
      "x" : -0.309017,
      "y" : 0.309017,
      "z" : -0.309017
    }, {
      "x" : 0.0,
      "y" : 0.0,
      "z" : 0.0
    }, {
      "x" : -0.19098301,
      "y" : 0.5,
      "z" : 0.0
    } ],
    "faces" : [ {
      "vertices" : [ 12, 18, 20 ]
    }, {
      "vertices" : [ 12, 20, 17 ]
    }, {
      "vertices" : [ 12, 17, 13 ]
    }, {
      "vertices" : [ 3, 6, 8 ]
    }, {
      "vertices" : [ 3, 8, 15 ]
    }, {
      "vertices" : [ 3, 15, 4 ]
    }, {
      "vertices" : [ 0, 11, 12 ]
    }, {
      "vertices" : [ 0, 12, 13 ]
    }, {
      "vertices" : [ 0, 13, 1 ]
    }, {
      "vertices" : [ 5, 9, 10 ]
    }, {
      "vertices" : [ 5, 10, 8 ]
    }, {
      "vertices" : [ 5, 8, 6 ]
    }, {
      "vertices" : [ 2, 7, 5 ]
    }, {
      "vertices" : [ 2, 5, 6 ]
    }, {
      "vertices" : [ 2, 6, 3 ]
    }, {
      "vertices" : [ 11, 14, 16 ]
    }, {
      "vertices" : [ 11, 16, 18 ]
    }, {
      "vertices" : [ 11, 18, 12 ]
    }, {
      "vertices" : [ 1, 13, 17 ]
    }, {
      "vertices" : [ 1, 17, 7 ]
    }, {
      "vertices" : [ 1, 7, 2 ]
    }, {
      "vertices" : [ 9, 20, 18 ]
    }, {
      "vertices" : [ 9, 18, 16 ]
    }, {
      "vertices" : [ 9, 16, 10 ]
    }, {
      "vertices" : [ 0, 1, 2 ]
    }, {
      "vertices" : [ 0, 2, 3 ]
    }, {
      "vertices" : [ 0, 3, 4 ]
    }, {
      "vertices" : [ 5, 7, 17 ]
    }, {
      "vertices" : [ 5, 17, 20 ]
    }, {
      "vertices" : [ 5, 20, 9 ]
    }, {
      "vertices" : [ 0, 4, 15 ]
    }, {
      "vertices" : [ 0, 15, 14 ]
    }, {
      "vertices" : [ 0, 14, 11 ]
    }, {
      "vertices" : [ 8, 10, 16 ]
    }, {
      "vertices" : [ 8, 16, 14 ]
    }, {
      "vertices" : [ 8, 14, 15 ]
    } ]
  }, {
    "id" : "d23bce73-1d31-4ad4-b8ba-5408b7538a19",
    "vertices" : [ {
      "x" : 0.809017,
      "y" : 0.618034,
      "z" : -0.19098301
    }, {
      "x" : 0.809017,
      "y" : 0.0,
      "z" : -0.19098301
    }, {
      "x" : 0.309017,
      "y" : 0.11803399,
      "z" : 0.0
    }, {
      "x" : 1.0854102,
      "y" : 0.7236068,
      "z" : 0.19098301
    }, {
      "x" : 0.809017,
      "y" : 0.618034,
      "z" : 0.19098301
    }, {
      "x" : 0.809017,
      "y" : 0.0,
      "z" : 0.19098301
    }, {
      "x" : 1.0854102,
      "y" : 0.10557281,
      "z" : 0.19098301
    }, {
      "x" : 1.5854102,
      "y" : 0.6055728,
      "z" : 0.0
    }, {
      "x" : 1.0854102,
      "y" : 0.7236068,
      "z" : -0.19098301
    }, {
      "x" : 1.8944272,
      "y" : 0.7236068,
      "z" : 0.0
    }, {
      "x" : 1.0854102,
      "y" : 0.10557281,
      "z" : -0.19098301
    } ],
    "faces" : [ {
      "vertices" : [ 3, 6, 7 ]
    }, {
      "vertices" : [ 3, 4, 5 ]
    }, {
      "vertices" : [ 3, 5, 6 ]
    }, {
      "vertices" : [ 3, 7, 8 ]
    }, {
      "vertices" : [ 0, 1, 2 ]
    }, {
      "vertices" : [ 0, 8, 10 ]
    }, {
      "vertices" : [ 0, 10, 1 ]
    }, {
      "vertices" : [ 1, 10, 6 ]
    }, {
      "vertices" : [ 1, 6, 5 ]
    }, {
      "vertices" : [ 0, 2, 4 ]
    }, {
      "vertices" : [ 6, 10, 7 ]
    }, {
      "vertices" : [ 1, 5, 2 ]
    }, {
      "vertices" : [ 7, 10, 8 ]
    }, {
      "vertices" : [ 2, 5, 4 ]
    }, {
      "vertices" : [ 0, 4, 3 ]
    }, {
      "vertices" : [ 0, 3, 8 ]
    } ]
  }, {
    "id" : "4191e7b3-1312-496e-a72c-450c07e12dc9",
    "vertices" : [ {
      "x" : 1.0,
      "y" : 0.309017,
      "z" : 0.19098301
    }, {
      "x" : 1.0,
      "y" : -0.309017,
      "z" : 0.19098301
    }, {
      "x" : 5.854102,
      "y" : -0.309017,
      "z" : 0.19098301
    }, {
      "x" : 5.854102,
      "y" : 0.309017,
      "z" : 0.19098301
    }, {
      "x" : 5.854102,
      "y" : -0.309017,
      "z" : -0.19098301
    }, {
      "x" : 5.854102,
      "y" : 0.309017,
      "z" : -0.19098301
    }, {
      "x" : 6.472136,
      "y" : 0.0,
      "z" : 0.0
    }, {
      "x" : 0.38196602,
      "y" : 0.0,
      "z" : 0.0
    }, {
      "x" : 1.0,
      "y" : 0.309017,
      "z" : -0.19098301
    }, {
      "x" : 1.0,
      "y" : -0.309017,
      "z" : -0.19098301
    }, {
      "x" : 6.854102,
      "y" : 0.0,
      "z" : 0.0
    } ],
    "faces" : [ {
      "vertices" : [ 1, 9, 4 ]
    }, {
      "vertices" : [ 1, 4, 2 ]
    }, {
      "vertices" : [ 0, 3, 5 ]
    }, {
      "vertices" : [ 0, 5, 8 ]
    }, {
      "vertices" : [ 1, 7, 9 ]
    }, {
      "vertices" : [ 0, 1, 2 ]
    }, {
      "vertices" : [ 0, 2, 3 ]
    }, {
      "vertices" : [ 7, 8, 9 ]
    }, {
      "vertices" : [ 0, 7, 1 ]
    }, {
      "vertices" : [ 4, 9, 8 ]
    }, {
      "vertices" : [ 4, 8, 5 ]
    }, {
      "vertices" : [ 2, 6, 3 ]
    }, {
      "vertices" : [ 2, 4, 6 ]
    }, {
      "vertices" : [ 3, 6, 5 ]
    }, {
      "vertices" : [ 4, 5, 6 ]
    }, {
      "vertices" : [ 0, 8, 7 ]
    } ]
  } ],
  "instances" : [ {
    "shape" : "bac844b6-14fc-444d-a360-16b6f3cadccb",
    "color" : "#FFFFFF",
    "position" : {
      "x" : 10.728367,
      "y" : 10.50476,
      "z" : -12.037383
    },
    "orientation" : 14
  }, {
    "shape" : "a12c3049-5cac-4e5d-829c-a7fb91849349",
    "color" : "#FF338F",
    "position" : {
      "x" : -11.67558,
      "y" : 10.142957,
      "z" : -11.451973
    },
    "orientation" : 9
  }, {
    "shape" : "ee7e6c21-d50c-456b-a8c3-4aaf888bbc93",
    "color" : "#FFFFFF",
    "position" : {
      "x" : -1.1708204,
      "y" : -6.854102,
      "z" : 17.944271
    }
  }, {
    "shape" : "ee7e6c21-d50c-456b-a8c3-4aaf888bbc93",
    "color" : "#FFFFFF",
    "position" : {
      "x" : 11.09017,
      "y" : -11.09017,
      "z" : -11.09017
    }
  }, {
    "shape" : "a12c3049-5cac-4e5d-829c-a7fb91849349",
    "color" : "#FF338F",
    "position" : {
      "x" : 5.9068885,
      "y" : 18.306076,
      "z" : -0.5854102
    },
    "orientation" : 18
  }, {
    "shape" : "d23bce73-1d31-4ad4-b8ba-5408b7538a19",
    "color" : "#6C00C6",
    "position" : {
      "x" : 12.037383,
      "y" : -10.728367,
      "z" : 10.50476
    },
    "orientation" : 38
  }, {
    "shape" : "d23bce73-1d31-4ad4-b8ba-5408b7538a19",
    "color" : "#6C00C6",
    "position" : {
      "x" : 10.142957,
      "y" : -11.451973,
      "z" : -11.67558
    },
    "orientation" : 9
  }, {
    "shape" : "bac844b6-14fc-444d-a360-16b6f3cadccb",
    "color" : "#FFFFFF",
    "position" : {
      "x" : 10.50476,
      "y" : 12.037383,
      "z" : -10.728367
    },
    "orientation" : 28
  }, {
    "shape" : "ee7e6c21-d50c-456b-a8c3-4aaf888bbc93",
    "color" : "#FFFFFF",
    "position" : {
      "x" : 14.5172205,
      "y" : 5.545085,
      "z" : 8.972136
    }
  }, {
    "shape" : "ee7e6c21-d50c-456b-a8c3-4aaf888bbc93",
    "color" : "#FFFFFF",
    "position" : {
      "x" : 6.854102,
      "y" : 17.944271,
      "z" : 0.0
    }
  }, {
    "shape" : "a12c3049-5cac-4e5d-829c-a7fb91849349",
    "color" : "#FF338F",
    "position" : {
      "x" : -17.944271,
      "y" : 1.1708204,
      "z" : -6.854102
    },
    "orientation" : 31
  }, {
    "shape" : "ee7e6c21-d50c-456b-a8c3-4aaf888bbc93",
    "color" : "#FFFFFF",
    "position" : {
      "x" : 6.854102,
      "y" : 17.944271,
      "z" : 1.1708204
    }
  }, {
    "shape" : "ee7e6c21-d50c-456b-a8c3-4aaf888bbc93",
    "color" : "#FFFFFF",
    "position" : {
      "x" : 0.0,
      "y" : -6.854102,
      "z" : 17.944271
    }
  }, {
    "shape" : "4191e7b3-1312-496e-a72c-450c07e12dc9",
    "color" : "#007695",
    "position" : {
      "x" : 5.545085,
      "y" : -8.972136,
      "z" : 14.5172205
    },
    "orientation" : 26
  }, {
    "shape" : "d23bce73-1d31-4ad4-b8ba-5408b7538a19",
    "color" : "#6C00C6",
    "position" : {
      "x" : 11.451973,
      "y" : 11.67558,
      "z" : 10.142957
    },
    "orientation" : 41
  }, {
    "shape" : "ee7e6c21-d50c-456b-a8c3-4aaf888bbc93",
    "color" : "#FFFFFF",
    "position" : {
      "x" : 6.854102,
      "y" : -17.944271,
      "z" : 0.0
    }
  }, {
    "shape" : "a12c3049-5cac-4e5d-829c-a7fb91849349",
    "color" : "#FF338F",
    "position" : {
      "x" : 6.854102,
      "y" : -17.944271,
      "z" : -1.1708204
    },
    "orientation" : 32
  }, {
    "shape" : "d23bce73-1d31-4ad4-b8ba-5408b7538a19",
    "color" : "#6C00C6",
    "position" : {
      "x" : 10.142957,
      "y" : 11.451973,
      "z" : 11.67558
    },
    "orientation" : 24
  }, {
    "shape" : "bac844b6-14fc-444d-a360-16b6f3cadccb",
    "color" : "#FFFFFF",
    "position" : {
      "x" : 0.5854102,
      "y" : 5.9068885,
      "z" : -18.306076
    },
    "orientation" : 4
  }, {
    "shape" : "ee7e6c21-d50c-456b-a8c3-4aaf888bbc93",
    "color" : "#FFFFFF",
    "position" : {
      "x" : -5.9068885,
      "y" : 18.306076,
      "z" : 0.5854102
    }
  }, {
    "shape" : "ee7e6c21-d50c-456b-a8c3-4aaf888bbc93",
    "color" : "#FFFFFF",
    "position" : {
      "x" : 10.50476,
      "y" : -12.037383,
      "z" : 10.728367
    }
  }, {
    "shape" : "ee7e6c21-d50c-456b-a8c3-4aaf888bbc93",
    "color" : "#FFFFFF",
    "position" : {
      "x" : -5.545085,
      "y" : -8.972136,
      "z" : 14.5172205
    }
  }, {
    "shape" : "4191e7b3-1312-496e-a72c-450c07e12dc9",
    "color" : "#007695",
    "position" : {
      "x" : 0.0,
      "y" : 0.0,
      "z" : -17.944271
    },
    "orientation" : 16
  }, {
    "shape" : "ee7e6c21-d50c-456b-a8c3-4aaf888bbc93",
    "color" : "#FFFFFF",
    "position" : {
      "x" : 5.545085,
      "y" : 8.972136,
      "z" : 14.5172205
    }
  }, {
    "shape" : "ee7e6c21-d50c-456b-a8c3-4aaf888bbc93",
    "color" : "#FFFFFF",
    "position" : {
      "x" : 0.0,
      "y" : 0.0,
      "z" : -17.944271
    }
  }, {
    "shape" : "ee7e6c21-d50c-456b-a8c3-4aaf888bbc93",
    "color" : "#FFFFFF",
    "position" : {
      "x" : 17.944271,
      "y" : 1.1708204,
      "z" : 6.854102
    }
  }, {
    "shape" : "4191e7b3-1312-496e-a72c-450c07e12dc9",
    "color" : "#007695",
    "position" : {
      "x" : 14.5172205,
      "y" : 5.545085,
      "z" : 8.972136
    },
    "orientation" : 24
  }, {
    "shape" : "ee7e6c21-d50c-456b-a8c3-4aaf888bbc93",
    "color" : "#FFFFFF",
    "position" : {
      "x" : 8.972136,
      "y" : 14.5172205,
      "z" : -5.545085
    }
  }, {
    "shape" : "4191e7b3-1312-496e-a72c-450c07e12dc9",
    "color" : "#007695",
    "position" : {
      "x" : 14.5172205,
      "y" : 5.545085,
      "z" : -8.972136
    },
    "orientation" : 54
  }, {
    "shape" : "ee7e6c21-d50c-456b-a8c3-4aaf888bbc93",
    "color" : "#FFFFFF",
    "position" : {
      "x" : -17.582468,
      "y" : 0.5854102,
      "z" : 7.801316
    }
  }, {
    "shape" : "4191e7b3-1312-496e-a72c-450c07e12dc9",
    "color" : "#007695",
    "position" : {
      "x" : 5.545085,
      "y" : -8.972136,
      "z" : -14.5172205
    },
    "orientation" : 8
  }, {
    "shape" : "ee7e6c21-d50c-456b-a8c3-4aaf888bbc93",
    "color" : "#FFFFFF",
    "position" : {
      "x" : -8.972136,
      "y" : -14.5172205,
      "z" : -5.545085
    }
  }, {
    "shape" : "bac844b6-14fc-444d-a360-16b6f3cadccb",
    "color" : "#FFFFFF",
    "position" : {
      "x" : -11.451973,
      "y" : 11.67558,
      "z" : -10.142957
    },
    "orientation" : 25
  }, {
    "shape" : "4191e7b3-1312-496e-a72c-450c07e12dc9",
    "color" : "#007695",
    "position" : {
      "x" : -14.5172205,
      "y" : -5.545085,
      "z" : -8.972136
    },
    "orientation" : 51
  }, {
    "shape" : "a12c3049-5cac-4e5d-829c-a7fb91849349",
    "color" : "#FF338F",
    "position" : {
      "x" : 10.50476,
      "y" : -12.037383,
      "z" : 10.728367
    },
    "orientation" : 13
  }, {
    "shape" : "4191e7b3-1312-496e-a72c-450c07e12dc9",
    "color" : "#007695",
    "position" : {
      "x" : -8.972136,
      "y" : -14.5172205,
      "z" : -5.545085
    },
    "orientation" : 55
  }, {
    "shape" : "d23bce73-1d31-4ad4-b8ba-5408b7538a19",
    "color" : "#6C00C6",
    "position" : {
      "x" : 10.50476,
      "y" : 12.037383,
      "z" : -10.728367
    },
    "orientation" : 21
  }, {
    "shape" : "ee7e6c21-d50c-456b-a8c3-4aaf888bbc93",
    "color" : "#FFFFFF",
    "position" : {
      "x" : 5.545085,
      "y" : -8.972136,
      "z" : 14.5172205
    }
  }, {
    "shape" : "d23bce73-1d31-4ad4-b8ba-5408b7538a19",
    "color" : "#6C00C6",
    "position" : {
      "x" : -0.5854102,
      "y" : 7.801316,
      "z" : 17.582468
    },
    "orientation" : 31
  }, {
    "shape" : "4191e7b3-1312-496e-a72c-450c07e12dc9",
    "color" : "#007695",
    "position" : {
      "x" : 8.972136,
      "y" : -14.5172205,
      "z" : -5.545085
    },
    "orientation" : 52
  }, {
    "shape" : "4191e7b3-1312-496e-a72c-450c07e12dc9",
    "color" : "#007695",
    "position" : {
      "x" : -14.5172205,
      "y" : 5.545085,
      "z" : 8.972136
    },
    "orientation" : 9
  }, {
    "shape" : "a12c3049-5cac-4e5d-829c-a7fb91849349",
    "color" : "#FF338F",
    "position" : {
      "x" : -0.5854102,
      "y" : -7.801316,
      "z" : -17.582468
    },
    "orientation" : 6
  }, {
    "shape" : "bac844b6-14fc-444d-a360-16b6f3cadccb",
    "color" : "#FFFFFF",
    "position" : {
      "x" : 10.50476,
      "y" : -12.037383,
      "z" : 10.728367
    },
    "orientation" : 13
  }, {
    "shape" : "bac844b6-14fc-444d-a360-16b6f3cadccb",
    "color" : "#FFFFFF",
    "position" : {
      "x" : 5.9068885,
      "y" : 18.306076,
      "z" : -0.5854102
    },
    "orientation" : 18
  }, {
    "shape" : "ee7e6c21-d50c-456b-a8c3-4aaf888bbc93",
    "color" : "#FFFFFF",
    "position" : {
      "x" : -5.545085,
      "y" : 8.972136,
      "z" : 14.5172205
    }
  }, {
    "shape" : "ee7e6c21-d50c-456b-a8c3-4aaf888bbc93",
    "color" : "#FFFFFF",
    "position" : {
      "x" : 0.0,
      "y" : 0.0,
      "z" : 17.944271
    }
  }, {
    "shape" : "a12c3049-5cac-4e5d-829c-a7fb91849349",
    "color" : "#FF338F",
    "position" : {
      "x" : 17.582468,
      "y" : 0.5854102,
      "z" : -7.801316
    },
    "orientation" : 37
  }, {
    "shape" : "a12c3049-5cac-4e5d-829c-a7fb91849349",
    "color" : "#FF338F",
    "position" : {
      "x" : -17.582468,
      "y" : 0.5854102,
      "z" : 7.801316
    },
    "orientation" : 22
  }, {
    "shape" : "d23bce73-1d31-4ad4-b8ba-5408b7538a19",
    "color" : "#6C00C6",
    "position" : {
      "x" : -6.854102,
      "y" : -17.944271,
      "z" : 1.1708204
    },
    "orientation" : 59
  }, {
    "shape" : "d23bce73-1d31-4ad4-b8ba-5408b7538a19",
    "color" : "#6C00C6",
    "position" : {
      "x" : 10.50476,
      "y" : -12.037383,
      "z" : 10.728367
    },
    "orientation" : 6
  }, {
    "shape" : "4191e7b3-1312-496e-a72c-450c07e12dc9",
    "color" : "#007695",
    "position" : {
      "x" : 8.972136,
      "y" : 14.5172205,
      "z" : -5.545085
    },
    "orientation" : 7
  }, {
    "shape" : "ee7e6c21-d50c-456b-a8c3-4aaf888bbc93",
    "color" : "#FFFFFF",
    "position" : {
      "x" : -10.50476,
      "y" : 12.037383,
      "z" : 10.728367
    }
  }, {
    "shape" : "a12c3049-5cac-4e5d-829c-a7fb91849349",
    "color" : "#FF338F",
    "position" : {
      "x" : -5.9068885,
      "y" : -18.306076,
      "z" : -0.5854102
    },
    "orientation" : 48
  }, {
    "shape" : "4191e7b3-1312-496e-a72c-450c07e12dc9",
    "color" : "#007695",
    "position" : {
      "x" : -5.545085,
      "y" : -8.972136,
      "z" : -14.5172205
    },
    "orientation" : 23
  }, {
    "shape" : "a12c3049-5cac-4e5d-829c-a7fb91849349",
    "color" : "#FF338F",
    "position" : {
      "x" : 10.142957,
      "y" : 11.451973,
      "z" : 11.67558
    },
    "orientation" : 26
  }, {
    "shape" : "ee7e6c21-d50c-456b-a8c3-4aaf888bbc93",
    "color" : "#FFFFFF",
    "position" : {
      "x" : 18.306076,
      "y" : -0.5854102,
      "z" : 5.9068885
    }
  }, {
    "shape" : "d23bce73-1d31-4ad4-b8ba-5408b7538a19",
    "color" : "#6C00C6",
    "position" : {
      "x" : -7.801316,
      "y" : -17.582468,
      "z" : -0.5854102
    },
    "orientation" : 15
  }, {
    "shape" : "ee7e6c21-d50c-456b-a8c3-4aaf888bbc93",
    "color" : "#FFFFFF",
    "position" : {
      "x" : -0.5854102,
      "y" : 7.801316,
      "z" : 17.582468
    }
  }, {
    "shape" : "a12c3049-5cac-4e5d-829c-a7fb91849349",
    "color" : "#FF338F",
    "position" : {
      "x" : -0.5854102,
      "y" : 7.801316,
      "z" : 17.582468
    },
    "orientation" : 21
  }, {
    "shape" : "a12c3049-5cac-4e5d-829c-a7fb91849349",
    "color" : "#FF338F",
    "position" : {
      "x" : -1.1708204,
      "y" : -6.854102,
      "z" : 17.944271
    },
    "orientation" : 0
  }, {
    "shape" : "4191e7b3-1312-496e-a72c-450c07e12dc9",
    "color" : "#007695",
    "position" : {
      "x" : -8.972136,
      "y" : -14.5172205,
      "z" : 5.545085
    },
    "orientation" : 25
  }, {
    "shape" : "a12c3049-5cac-4e5d-829c-a7fb91849349",
    "color" : "#FF338F",
    "position" : {
      "x" : -17.944271,
      "y" : -1.1708204,
      "z" : 6.854102
    },
    "orientation" : 46
  }, {
    "shape" : "bac844b6-14fc-444d-a360-16b6f3cadccb",
    "color" : "#FFFFFF",
    "position" : {
      "x" : -0.5854102,
      "y" : -7.801316,
      "z" : -17.582468
    },
    "orientation" : 6
  }, {
    "shape" : "d23bce73-1d31-4ad4-b8ba-5408b7538a19",
    "color" : "#6C00C6",
    "position" : {
      "x" : -17.944271,
      "y" : 1.1708204,
      "z" : -6.854102
    },
    "orientation" : 28
  }, {
    "shape" : "bac844b6-14fc-444d-a360-16b6f3cadccb",
    "color" : "#FFFFFF",
    "position" : {
      "x" : 1.1708204,
      "y" : -6.854102,
      "z" : -17.944271
    },
    "orientation" : 45
  }, {
    "shape" : "ee7e6c21-d50c-456b-a8c3-4aaf888bbc93",
    "color" : "#FFFFFF",
    "position" : {
      "x" : 0.0,
      "y" : 6.854102,
      "z" : -17.944271
    }
  }, {
    "shape" : "a12c3049-5cac-4e5d-829c-a7fb91849349",
    "color" : "#FF338F",
    "position" : {
      "x" : -10.728367,
      "y" : 10.50476,
      "z" : 12.037383
    },
    "orientation" : 59
  }, {
    "shape" : "ee7e6c21-d50c-456b-a8c3-4aaf888bbc93",
    "color" : "#FFFFFF",
    "position" : {
      "x" : -7.801316,
      "y" : -17.582468,
      "z" : -0.5854102
    }
  }, {
    "shape" : "a12c3049-5cac-4e5d-829c-a7fb91849349",
    "color" : "#FF338F",
    "position" : {
      "x" : 11.451973,
      "y" : 11.67558,
      "z" : 10.142957
    },
    "orientation" : 40
  }, {
    "shape" : "ee7e6c21-d50c-456b-a8c3-4aaf888bbc93",
    "color" : "#FFFFFF",
    "position" : {
      "x" : -11.09017,
      "y" : -11.09017,
      "z" : 11.09017
    }
  }, {
    "shape" : "ee7e6c21-d50c-456b-a8c3-4aaf888bbc93",
    "color" : "#FFFFFF",
    "position" : {
      "x" : 11.09017,
      "y" : -11.09017,
      "z" : 11.09017
    }
  }, {
    "shape" : "bac844b6-14fc-444d-a360-16b6f3cadccb",
    "color" : "#FFFFFF",
    "position" : {
      "x" : 5.9068885,
      "y" : -18.306076,
      "z" : 0.5854102
    },
    "orientation" : 3
  }, {
    "shape" : "ee7e6c21-d50c-456b-a8c3-4aaf888bbc93",
    "color" : "#FFFFFF",
    "position" : {
      "x" : -11.09017,
      "y" : 11.09017,
      "z" : -11.09017
    }
  }, {
    "shape" : "4191e7b3-1312-496e-a72c-450c07e12dc9",
    "color" : "#007695",
    "position" : {
      "x" : -17.944271,
      "y" : 0.0,
      "z" : 0.0
    },
    "orientation" : 2
  }, {
    "shape" : "4191e7b3-1312-496e-a72c-450c07e12dc9",
    "color" : "#007695",
    "position" : {
      "x" : -5.545085,
      "y" : -8.972136,
      "z" : -14.5172205
    },
    "orientation" : 41
  }, {
    "shape" : "bac844b6-14fc-444d-a360-16b6f3cadccb",
    "color" : "#FFFFFF",
    "position" : {
      "x" : 11.67558,
      "y" : 10.142957,
      "z" : 11.451973
    },
    "orientation" : 54
  }, {
    "shape" : "4191e7b3-1312-496e-a72c-450c07e12dc9",
    "color" : "#007695",
    "position" : {
      "x" : 8.972136,
      "y" : -14.5172205,
      "z" : 5.545085
    },
    "orientation" : 22
  }, {
    "shape" : "4191e7b3-1312-496e-a72c-450c07e12dc9",
    "color" : "#007695",
    "position" : {
      "x" : -5.545085,
      "y" : -8.972136,
      "z" : 14.5172205
    },
    "orientation" : 53
  }, {
    "shape" : "ee7e6c21-d50c-456b-a8c3-4aaf888bbc93",
    "color" : "#FFFFFF",
    "position" : {
      "x" : 10.142957,
      "y" : 11.451973,
      "z" : 11.67558
    }
  }, {
    "shape" : "ee7e6c21-d50c-456b-a8c3-4aaf888bbc93",
    "color" : "#FFFFFF",
    "position" : {
      "x" : -11.09017,
      "y" : -11.09017,
      "z" : -11.09017
    }
  }, {
    "shape" : "ee7e6c21-d50c-456b-a8c3-4aaf888bbc93",
    "color" : "#FFFFFF",
    "position" : {
      "x" : 0.5854102,
      "y" : 5.9068885,
      "z" : -18.306076
    }
  }, {
    "shape" : "ee7e6c21-d50c-456b-a8c3-4aaf888bbc93",
    "color" : "#FFFFFF",
    "position" : {
      "x" : 17.944271,
      "y" : 0.0,
      "z" : 0.0
    }
  }, {
    "shape" : "ee7e6c21-d50c-456b-a8c3-4aaf888bbc93",
    "color" : "#FFFFFF",
    "position" : {
      "x" : -14.5172205,
      "y" : -5.545085,
      "z" : -8.972136
    }
  }, {
    "shape" : "ee7e6c21-d50c-456b-a8c3-4aaf888bbc93",
    "color" : "#FFFFFF",
    "position" : {
      "x" : -17.944271,
      "y" : 0.0,
      "z" : 6.854102
    }
  }, {
    "shape" : "a12c3049-5cac-4e5d-829c-a7fb91849349",
    "color" : "#FF338F",
    "position" : {
      "x" : -10.142957,
      "y" : 11.451973,
      "z" : -11.67558
    },
    "orientation" : 41
  }, {
    "shape" : "d23bce73-1d31-4ad4-b8ba-5408b7538a19",
    "color" : "#6C00C6",
    "position" : {
      "x" : -11.451973,
      "y" : -11.67558,
      "z" : 10.142957
    },
    "orientation" : 11
  }, {
    "shape" : "ee7e6c21-d50c-456b-a8c3-4aaf888bbc93",
    "color" : "#FFFFFF",
    "position" : {
      "x" : -10.142957,
      "y" : -11.451973,
      "z" : 11.67558
    }
  }, {
    "shape" : "bac844b6-14fc-444d-a360-16b6f3cadccb",
    "color" : "#FFFFFF",
    "position" : {
      "x" : 12.037383,
      "y" : 10.728367,
      "z" : -10.50476
    },
    "orientation" : 57
  }, {
    "shape" : "ee7e6c21-d50c-456b-a8c3-4aaf888bbc93",
    "color" : "#FFFFFF",
    "position" : {
      "x" : -11.67558,
      "y" : 10.142957,
      "z" : -11.451973
    }
  }, {
    "shape" : "a12c3049-5cac-4e5d-829c-a7fb91849349",
    "color" : "#FF338F",
    "position" : {
      "x" : 10.728367,
      "y" : -10.50476,
      "z" : 12.037383
    },
    "orientation" : 29
  }, {
    "shape" : "a12c3049-5cac-4e5d-829c-a7fb91849349",
    "color" : "#FF338F",
    "position" : {
      "x" : -18.306076,
      "y" : 0.5854102,
      "z" : 5.9068885
    },
    "orientation" : 5
  }, {
    "shape" : "4191e7b3-1312-496e-a72c-450c07e12dc9",
    "color" : "#007695",
    "position" : {
      "x" : 14.5172205,
      "y" : 5.545085,
      "z" : 8.972136
    },
    "orientation" : 51
  }, {
    "shape" : "ee7e6c21-d50c-456b-a8c3-4aaf888bbc93",
    "color" : "#FFFFFF",
    "position" : {
      "x" : -5.9068885,
      "y" : -18.306076,
      "z" : -0.5854102
    }
  }, {
    "shape" : "d23bce73-1d31-4ad4-b8ba-5408b7538a19",
    "color" : "#6C00C6",
    "position" : {
      "x" : 17.582468,
      "y" : 0.5854102,
      "z" : -7.801316
    },
    "orientation" : 2
  }, {
    "shape" : "bac844b6-14fc-444d-a360-16b6f3cadccb",
    "color" : "#FFFFFF",
    "position" : {
      "x" : -12.037383,
      "y" : 10.728367,
      "z" : 10.50476
    },
    "orientation" : 12
  }, {
    "shape" : "bac844b6-14fc-444d-a360-16b6f3cadccb",
    "color" : "#FFFFFF",
    "position" : {
      "x" : -18.306076,
      "y" : -0.5854102,
      "z" : -5.9068885
    },
    "orientation" : 20
  }, {
    "shape" : "bac844b6-14fc-444d-a360-16b6f3cadccb",
    "color" : "#FFFFFF",
    "position" : {
      "x" : -12.037383,
      "y" : -10.728367,
      "z" : -10.50476
    },
    "orientation" : 27
  }, {
    "shape" : "ee7e6c21-d50c-456b-a8c3-4aaf888bbc93",
    "color" : "#FFFFFF",
    "position" : {
      "x" : -14.5172205,
      "y" : -5.545085,
      "z" : 8.972136
    }
  }, {
    "shape" : "ee7e6c21-d50c-456b-a8c3-4aaf888bbc93",
    "color" : "#FFFFFF",
    "position" : {
      "x" : -17.944271,
      "y" : 0.0,
      "z" : 0.0
    }
  }, {
    "shape" : "d23bce73-1d31-4ad4-b8ba-5408b7538a19",
    "color" : "#6C00C6",
    "position" : {
      "x" : -10.142957,
      "y" : -11.451973,
      "z" : 11.67558
    },
    "orientation" : 54
  }, {
    "shape" : "d23bce73-1d31-4ad4-b8ba-5408b7538a19",
    "color" : "#6C00C6",
    "position" : {
      "x" : 17.944271,
      "y" : 1.1708204,
      "z" : 6.854102
    },
    "orientation" : 43
  }, {
    "shape" : "4191e7b3-1312-496e-a72c-450c07e12dc9",
    "color" : "#007695",
    "position" : {
      "x" : -8.972136,
      "y" : 14.5172205,
      "z" : -5.545085
    },
    "orientation" : 22
  }, {
    "shape" : "ee7e6c21-d50c-456b-a8c3-4aaf888bbc93",
    "color" : "#FFFFFF",
    "position" : {
      "x" : -14.5172205,
      "y" : 5.545085,
      "z" : -8.972136
    }
  }, {
    "shape" : "ee7e6c21-d50c-456b-a8c3-4aaf888bbc93",
    "color" : "#FFFFFF",
    "position" : {
      "x" : 5.545085,
      "y" : -8.972136,
      "z" : -14.5172205
    }
  }, {
    "shape" : "d23bce73-1d31-4ad4-b8ba-5408b7538a19",
    "color" : "#6C00C6",
    "position" : {
      "x" : -17.582468,
      "y" : 0.5854102,
      "z" : 7.801316
    },
    "orientation" : 47
  }, {
    "shape" : "ee7e6c21-d50c-456b-a8c3-4aaf888bbc93",
    "color" : "#FFFFFF",
    "position" : {
      "x" : 5.9068885,
      "y" : -18.306076,
      "z" : 0.5854102
    }
  }, {
    "shape" : "ee7e6c21-d50c-456b-a8c3-4aaf888bbc93",
    "color" : "#FFFFFF",
    "position" : {
      "x" : 10.728367,
      "y" : 10.50476,
      "z" : -12.037383
    }
  }, {
    "shape" : "bac844b6-14fc-444d-a360-16b6f3cadccb",
    "color" : "#FFFFFF",
    "position" : {
      "x" : 7.801316,
      "y" : 17.582468,
      "z" : -0.5854102
    },
    "orientation" : 38
  }, {
    "shape" : "bac844b6-14fc-444d-a360-16b6f3cadccb",
    "color" : "#FFFFFF",
    "position" : {
      "x" : -10.50476,
      "y" : 12.037383,
      "z" : 10.728367
    },
    "orientation" : 43
  }, {
    "shape" : "bac844b6-14fc-444d-a360-16b6f3cadccb",
    "color" : "#FFFFFF",
    "position" : {
      "x" : -0.5854102,
      "y" : 5.9068885,
      "z" : 18.306076
    },
    "orientation" : 49
  }, {
    "shape" : "bac844b6-14fc-444d-a360-16b6f3cadccb",
    "color" : "#FFFFFF",
    "position" : {
      "x" : -7.801316,
      "y" : 17.582468,
      "z" : 0.5854102
    },
    "orientation" : 23
  }, {
    "shape" : "ee7e6c21-d50c-456b-a8c3-4aaf888bbc93",
    "color" : "#FFFFFF",
    "position" : {
      "x" : 0.5854102,
      "y" : -5.9068885,
      "z" : 18.306076
    }
  }, {
    "shape" : "ee7e6c21-d50c-456b-a8c3-4aaf888bbc93",
    "color" : "#FFFFFF",
    "position" : {
      "x" : 0.5854102,
      "y" : 7.801316,
      "z" : -17.582468
    }
  }, {
    "shape" : "ee7e6c21-d50c-456b-a8c3-4aaf888bbc93",
    "color" : "#FFFFFF",
    "position" : {
      "x" : 8.972136,
      "y" : 14.5172205,
      "z" : 5.545085
    }
  }, {
    "shape" : "a12c3049-5cac-4e5d-829c-a7fb91849349",
    "color" : "#FF338F",
    "position" : {
      "x" : 17.582468,
      "y" : -0.5854102,
      "z" : 7.801316
    },
    "orientation" : 52
  }, {
    "shape" : "d23bce73-1d31-4ad4-b8ba-5408b7538a19",
    "color" : "#6C00C6",
    "position" : {
      "x" : 18.306076,
      "y" : 0.5854102,
      "z" : -5.9068885
    },
    "orientation" : 19
  }, {
    "shape" : "bac844b6-14fc-444d-a360-16b6f3cadccb",
    "color" : "#FFFFFF",
    "position" : {
      "x" : 11.451973,
      "y" : -11.67558,
      "z" : -10.142957
    },
    "orientation" : 55
  }, {
    "shape" : "ee7e6c21-d50c-456b-a8c3-4aaf888bbc93",
    "color" : "#FFFFFF",
    "position" : {
      "x" : 12.037383,
      "y" : 10.728367,
      "z" : -10.50476
    }
  }, {
    "shape" : "4191e7b3-1312-496e-a72c-450c07e12dc9",
    "color" : "#007695",
    "position" : {
      "x" : 0.0,
      "y" : 0.0,
      "z" : 17.944271
    },
    "orientation" : 16
  }, {
    "shape" : "ee7e6c21-d50c-456b-a8c3-4aaf888bbc93",
    "color" : "#FFFFFF",
    "position" : {
      "x" : -7.801316,
      "y" : 17.582468,
