{
  "field" : "golden",
  "symmetry" : "icosahedral",
  "orientations" : [ [ 1.0, 0.0, 0.0, 0.0, 0.0, 1.0, 0.0, 0.0, 0.0, 0.0, 1.0, 0.0, 0.0, 0.0, 0.0, 1.0 ], [ 0.0, 0.0, 1.0, 0.0, 1.0, 0.0, 0.0, 0.0, 0.0, 1.0, 0.0, 0.0, 0.0, 0.0, 0.0, 1.0 ], [ 0.0, 1.0, 0.0, 0.0, 0.0, 0.0, 1.0, 0.0, 1.0, 0.0, 0.0, 0.0, 0.0, 0.0, 0.0, 1.0 ], [ 0.809017, 0.309017, 0.5, 0.0, 0.309017, 0.5, -0.809017, 0.0, -0.5, 0.809017, 0.309017, 0.0, 0.0, 0.0, 0.0, 1.0 ], [ -0.5, 0.809017, 0.309017, 0.0, 0.809017, 0.309017, 0.5, 0.0, 0.309017, 0.5, -0.809017, 0.0, 0.0, 0.0, 0.0, 1.0 ], [ 0.309017, 0.5, -0.809017, 0.0, -0.5, 0.809017, 0.309017, 0.0, 0.809017, 0.309017, 0.5, 0.0, 0.0, 0.0, 0.0, 1.0 ], [ 0.5, 0.809017, 0.309017, 0.0, 0.809017, -0.309017, -0.5, 0.0, -0.309017, 0.5, -0.809017, 0.0, 0.0, 0.0, 0.0, 1.0 ], [ -0.309017, 0.5, -0.809017, 0.0, 0.5, 0.809017, 0.309017, 0.0, 0.809017, -0.309017, -0.5, 0.0, 0.0, 0.0, 0.0, 1.0 ], [ 0.809017, -0.309017, -0.5, 0.0, -0.309017, 0.5, -0.809017, 0.0, 0.5, 0.809017, 0.309017, 0.0, 0.0, 0.0, 0.0, 1.0 ], [ 0.5, 0.809017, -0.309017, 0.0, 0.809017, -0.309017, 0.5, 0.0, 0.309017, -0.5, -0.809017, 0.0, 0.0, 0.0, 0.0, 1.0 ], [ 0.309017, -0.5, -0.809017, 0.0, 0.5, 0.809017, -0.309017, 0.0, 0.809017, -0.309017, 0.5, 0.0, 0.0, 0.0, 0.0, 1.0 ], [ 0.809017, -0.309017, 0.5, 0.0, 0.309017, -0.5, -0.809017, 0.0, 0.5, 0.809017, -0.309017, 0.0, 0.0, 0.0, 0.0, 1.0 ], [ 0.809017, 0.309017, -0.5, 0.0, 0.309017, 0.5, 0.809017, 0.0, 0.5, -0.809017, 0.309017, 0.0, 0.0, 0.0, 0.0, 1.0 ], [ 0.5, -0.809017, 0.309017, 0.0, 0.809017, 0.309017, -0.5, 0.0, 0.309017, 0.5, 0.809017, 0.0, 0.0, 0.0, 0.0, 1.0 ], [ 0.309017, 0.5, 0.809017, 0.0, 0.5, -0.809017, 0.309017, 0.0, 0.809017, 0.309017, -0.5, 0.0, 0.0, 0.0, 0.0, 1.0 ], [ 1.0, 0.0, 0.0, 0.0, 0.0, -1.0, 0.0, 0.0, 0.0, 0.0, -1.0, 0.0, 0.0, 0.0, 0.0, 1.0 ], [ 0.0, 0.0, 1.0, 0.0, -1.0, 0.0, 0.0, 0.0, 0.0, -1.0, 0.0, 0.0, 0.0, 0.0, 0.0, 1.0 ], [ 0.0, 1.0, 0.0, 0.0, 0.0, 0.0, -1.0, 0.0, -1.0, 0.0, 0.0, 0.0, 0.0, 0.0, 0.0, 1.0 ], [ 0.809017, 0.309017, 0.5, 0.0, -0.309017, -0.5, 0.809017, 0.0, 0.5, -0.809017, -0.309017, 0.0, 0.0, 0.0, 0.0, 1.0 ], [ -0.5, 0.809017, 0.309017, 0.0, -0.809017, -0.309017, -0.5, 0.0, -0.309017, -0.5, 0.809017, 0.0, 0.0, 0.0, 0.0, 1.0 ], [ 0.309017, 0.5, -0.809017, 0.0, 0.5, -0.809017, -0.309017, 0.0, -0.809017, -0.309017, -0.5, 0.0, 0.0, 0.0, 0.0, 1.0 ], [ 0.5, 0.809017, 0.309017, 0.0, -0.809017, 0.309017, 0.5, 0.0, 0.309017, -0.5, 0.809017, 0.0, 0.0, 0.0, 0.0, 1.0 ], [ -0.309017, 0.5, -0.809017, 0.0, -0.5, -0.809017, -0.309017, 0.0, -0.809017, 0.309017, 0.5, 0.0, 0.0, 0.0, 0.0, 1.0 ], [ 0.809017, -0.309017, -0.5, 0.0, 0.309017, -0.5, 0.809017, 0.0, -0.5, -0.809017, -0.309017, 0.0, 0.0, 0.0, 0.0, 1.0 ], [ 0.5, 0.809017, -0.309017, 0.0, -0.809017, 0.309017, -0.5, 0.0, -0.309017, 0.5, 0.809017, 0.0, 0.0, 0.0, 0.0, 1.0 ], [ 0.309017, -0.5, -0.809017, 0.0, -0.5, -0.809017, 0.309017, 0.0, -0.809017, 0.309017, -0.5, 0.0, 0.0, 0.0, 0.0, 1.0 ], [ 0.809017, -0.309017, 0.5, 0.0, -0.309017, 0.5, 0.809017, 0.0, -0.5, -0.809017, 0.309017, 0.0, 0.0, 0.0, 0.0, 1.0 ], [ 0.809017, 0.309017, -0.5, 0.0, -0.309017, -0.5, -0.809017, 0.0, -0.5, 0.809017, -0.309017, 0.0, 0.0, 0.0, 0.0, 1.0 ], [ 0.5, -0.809017, 0.309017, 0.0, -0.809017, -0.309017, 0.5, 0.0, -0.309017, -0.5, -0.809017, 0.0, 0.0, 0.0, 0.0, 1.0 ], [ 0.309017, 0.5, 0.809017, 0.0, -0.5, 0.809017, -0.309017, 0.0, -0.809017, -0.309017, 0.5, 0.0, 0.0, 0.0, 0.0, 1.0 ], [ -1.0, 0.0, 0.0, 0.0, 0.0, -1.0, 0.0, 0.0, 0.0, 0.0, 1.0, 0.0, 0.0, 0.0, 0.0, 1.0 ], [ 0.0, 0.0, -1.0, 0.0, -1.0, 0.0, 0.0, 0.0, 0.0, 1.0, 0.0, 0.0, 0.0, 0.0, 0.0, 1.0 ], [ 0.0, -1.0, 0.0, 0.0, 0.0, 0.0, -1.0, 0.0, 1.0, 0.0, 0.0, 0.0, 0.0, 0.0, 0.0, 1.0 ], [ -0.809017, -0.309017, -0.5, 0.0, -0.309017, -0.5, 0.809017, 0.0, -0.5, 0.809017, 0.309017, 0.0, 0.0, 0.0, 0.0, 1.0 ], [ 0.5, -0.809017, -0.309017, 0.0, -0.809017, -0.309017, -0.5, 0.0, 0.309017, 0.5, -0.809017, 0.0, 0.0, 0.0, 0.0, 1.0 ], [ -0.309017, -0.5, 0.809017, 0.0, 0.5, -0.809017, -0.309017, 0.0, 0.809017, 0.309017, 0.5, 0.0, 0.0, 0.0, 0.0, 1.0 ], [ -0.5, -0.809017, -0.309017, 0.0, -0.809017, 0.309017, 0.5, 0.0, -0.309017, 0.5, -0.809017, 0.0, 0.0, 0.0, 0.0, 1.0 ], [ 0.309017, -0.5, 0.809017, 0.0, -0.5, -0.809017, -0.309017, 0.0, 0.809017, -0.309017, -0.5, 0.0, 0.0, 0.0, 0.0, 1.0 ], [ -0.809017, 0.309017, 0.5, 0.0, 0.309017, -0.5, 0.809017, 0.0, 0.5, 0.809017, 0.309017, 0.0, 0.0, 0.0, 0.0, 1.0 ], [ -0.5, -0.809017, 0.309017, 0.0, -0.809017, 0.309017, -0.5, 0.0, 0.309017, -0.5, -0.809017, 0.0, 0.0, 0.0, 0.0, 1.0 ], [ -0.309017, 0.5, 0.809017, 0.0, -0.5, -0.809017, 0.309017, 0.0, 0.809017, -0.309017, 0.5, 0.0, 0.0, 0.0, 0.0, 1.0 ], [ -0.809017, 0.309017, -0.5, 0.0, -0.309017, 0.5, 0.809017, 0.0, 0.5, 0.809017, -0.309017, 0.0, 0.0, 0.0, 0.0, 1.0 ], [ -0.809017, -0.309017, 0.5, 0.0, -0.309017, -0.5, -0.809017, 0.0, 0.5, -0.809017, 0.309017, 0.0, 0.0, 0.0, 0.0, 1.0 ], [ -0.5, 0.809017, -0.309017, 0.0, -0.809017, -0.309017, 0.5, 0.0, 0.309017, 0.5, 0.809017, 0.0, 0.0, 0.0, 0.0, 1.0 ], [ -0.309017, -0.5, -0.809017, 0.0, -0.5, 0.809017, -0.309017, 0.0, 0.809017, 0.309017, -0.5, 0.0, 0.0, 0.0, 0.0, 1.0 ], [ -1.0, 0.0, 0.0, 0.0, 0.0, 1.0, 0.0, 0.0, 0.0, 0.0, -1.0, 0.0, 0.0, 0.0, 0.0, 1.0 ], [ 0.0, 0.0, -1.0, 0.0, 1.0, 0.0, 0.0, 0.0, 0.0, -1.0, 0.0, 0.0, 0.0, 0.0, 0.0, 1.0 ], [ 0.0, -1.0, 0.0, 0.0, 0.0, 0.0, 1.0, 0.0, -1.0, 0.0, 0.0, 0.0, 0.0, 0.0, 0.0, 1.0 ], [ -0.809017, -0.309017, -0.5, 0.0, 0.309017, 0.5, -0.809017, 0.0, 0.5, -0.809017, -0.309017, 0.0, 0.0, 0.0, 0.0, 1.0 ], [ 0.5, -0.809017, -0.309017, 0.0, 0.809017, 0.309017, 0.5, 0.0, -0.309017, -0.5, 0.809017, 0.0, 0.0, 0.0, 0.0, 1.0 ], [ -0.309017, -0.5, 0.809017, 0.0, -0.5, 0.809017, 0.309017, 0.0, -0.809017, -0.309017, -0.5, 0.0, 0.0, 0.0, 0.0, 1.0 ], [ -0.5, -0.809017, -0.309017, 0.0, 0.809017, -0.309017, -0.5, 0.0, 0.309017, -0.5, 0.809017, 0.0, 0.0, 0.0, 0.0, 1.0 ], [ 0.309017, -0.5, 0.809017, 0.0, 0.5, 0.809017, 0.309017, 0.0, -0.809017, 0.309017, 0.5, 0.0, 0.0, 0.0, 0.0, 1.0 ], [ -0.809017, 0.309017, 0.5, 0.0, -0.309017, 0.5, -0.809017, 0.0, -0.5, -0.809017, -0.309017, 0.0, 0.0, 0.0, 0.0, 1.0 ], [ -0.5, -0.809017, 0.309017, 0.0, 0.809017, -0.309017, 0.5, 0.0, -0.309017, 0.5, 0.809017, 0.0, 0.0, 0.0, 0.0, 1.0 ], [ -0.309017, 0.5, 0.809017, 0.0, 0.5, 0.809017, -0.309017, 0.0, -0.809017, 0.309017, -0.5, 0.0, 0.0, 0.0, 0.0, 1.0 ], [ -0.809017, 0.309017, -0.5, 0.0, 0.309017, -0.5, -0.809017, 0.0, -0.5, -0.809017, 0.309017, 0.0, 0.0, 0.0, 0.0, 1.0 ], [ -0.809017, -0.309017, 0.5, 0.0, 0.309017, 0.5, 0.809017, 0.0, -0.5, 0.809017, -0.309017, 0.0, 0.0, 0.0, 0.0, 1.0 ], [ -0.5, 0.809017, -0.309017, 0.0, 0.809017, 0.309017, -0.5, 0.0, -0.309017, -0.5, -0.809017, 0.0, 0.0, 0.0, 0.0, 1.0 ], [ -0.309017, -0.5, -0.809017, 0.0, 0.5, -0.809017, 0.309017, 0.0, -0.809017, -0.309017, 0.5, 0.0, 0.0, 0.0, 0.0, 1.0 ] ],
  "lights" : {
    "backgroundColor" : "#FFFFFF",
    "ambientColor" : "#292929",
    "directionalLights" : [ {
      "direction" : {
        "x" : 1.0,
        "y" : -1.0,
        "z" : -1.0
      },
      "color" : "#EBEBE4"
    }, {
      "direction" : {
        "x" : -1.0,
        "y" : 0.0,
        "z" : 0.0
      },
      "color" : "#E4E4EB"
    }, {
      "direction" : {
        "x" : 0.0,
        "y" : 0.0,
        "z" : -1.0
      },
      "color" : "#1E1E1E"
    } ]
  },
  "camera" : {
    "stereo" : false,
    "width" : 206.51479,
    "viewDistance" : 458.92166,
    "nearClipDistance" : 1.1473039,
    "farClipDistance" : 917.8433,
    "lookAtPoint" : {
      "x" : 0.0,
      "y" : 0.0,
      "z" : 0.0
    },
    "fieldOfView" : 0.44262895,
    "perspective" : false,
    "lookDirection" : {
      "x" : -0.64666426,
      "y" : 0.34964356,
      "z" : -0.6779232
    },
    "upDirection" : {
      "x" : -0.61807543,
      "y" : -0.76101834,
      "z" : 0.19707228
    },
    "position" : {
      "x" : 296.76825,
      "y" : -160.459,
      "z" : 311.11365
    }
  },
  "embedding" : [ 1.0, 0.0, 0.0, 0.0, 0.0, 1.0, 0.0, 0.0, 0.0, 0.0, 1.0, 0.0, 0.0, 0.0, 0.0, 1.0 ],
  "shapes" : [ {
    "id" : "ce7de26d-fa8e-4972-b2db-5d20ccadc995",
    "vertices" : [ {
      "x" : 40.12461,
      "y" : -40.12461,
      "z" : 17.944271
    }, {
      "x" : 35.888542,
      "y" : -46.978714,
      "z" : 20.562305
    }, {
      "x" : 35.888542,
      "y" : -44.36068,
      "z" : 22.18034
    } ],
    "faces" : [ {
      "vertices" : [ 0, 1, 2 ]
    }, {
      "vertices" : [ 0, 2, 1 ]
    } ]
  }, {
    "id" : "7667c413-835b-4183-8109-cf73baf83929",
    "vertices" : [ {
      "x" : -22.18034,
      "y" : 45.36068,
      "z" : 11.09017
    }, {
      "x" : -29.034441,
      "y" : 42.742645,
      "z" : 6.854102
    }, {
      "x" : -26.416409,
      "y" : 49.59675,
      "z" : 6.854102
    } ],
    "faces" : [ {
      "vertices" : [ 0, 1, 2 ]
    }, {
      "vertices" : [ 0, 2, 1 ]
    } ]
  }, {
    "id" : "8417685f-a53c-423a-8dbf-0a3b2eb1091c",
    "vertices" : [ {
      "x" : -22.18034,
      "y" : -51.214783,
      "z" : 9.472136
    }, {
      "x" : -17.944271,
      "y" : -46.978714,
      "z" : 13.708204
    }, {
      "x" : -11.09017,
      "y" : -46.978714,
      "z" : 11.09017
    }, {
      "x" : -15.326238,
      "y" : -51.214783,
      "z" : 6.854102
    } ],
    "faces" : [ {
      "vertices" : [ 0, 1, 2 ]
    }, {
      "vertices" : [ 0, 2, 3 ]
    }, {
      "vertices" : [ 0, 3, 2 ]
    }, {
      "vertices" : [ 0, 2, 1 ]
    } ]
  }, {
    "id" : "fd632ae7-978f-4a46-a878-144c5b182921",
    "vertices" : [ {
      "x" : 13.708204,
      "y" : 33.27051,
      "z" : 51.214783
    }, {
      "x" : 6.854102,
      "y" : 35.888542,
      "z" : 46.978714
    }, {
      "x" : 13.708204,
      "y" : 35.888542,
      "z" : 44.36068
    } ],
    "faces" : [ {
      "vertices" : [ 0, 1, 2 ]
    }, {
      "vertices" : [ 0, 2, 1 ]
    } ]
  }, {
    "id" : "601909d7-5965-42ee-a6d8-7fd670ec4786",
    "vertices" : [ {
      "x" : 6.854102,
      "y" : -6.854102,
      "z" : 51.214783
    }, {
      "x" : -1.618034,
      "y" : -6.854102,
      "z" : 51.214783
    }, {
      "x" : 2.618034,
      "y" : -11.09017,
      "z" : 46.978714
    } ],
    "faces" : [ {
      "vertices" : [ 0, 1, 2 ]
    }, {
      "vertices" : [ 0, 2, 1 ]
    } ]
  }, {
    "id" : "1f2e9846-785c-40dd-afec-6d1169dab954",
    "vertices" : [ {
      "x" : 24.798374,
      "y" : 49.59675,
      "z" : -4.236068
    }, {
      "x" : 17.944271,
      "y" : 49.59675,
      "z" : -6.854102
    }, {
      "x" : 17.944271,
      "y" : 53.832817,
      "z" : -17.944271
    }, {
      "x" : 24.798374,
      "y" : 53.832817,
      "z" : -15.326238
    } ],
    "faces" : [ {
      "vertices" : [ 0, 1, 2 ]
    }, {
      "vertices" : [ 0, 2, 3 ]
    }, {
      "vertices" : [ 0, 3, 2 ]
    }, {
      "vertices" : [ 0, 2, 1 ]
    } ]
  }, {
    "id" : "cf3bcdaf-e570-4bc4-97c5-31e8c8b0e584",
    "vertices" : [ {
      "x" : -51.214783,
      "y" : -9.472136,
      "z" : 22.18034
    }, {
      "x" : -46.978714,
      "y" : -13.708204,
      "z" : 17.944271
    }, {
      "x" : -46.978714,
      "y" : -11.09017,
      "z" : 11.09017
    }, {
      "x" : -51.214783,
      "y" : -6.854102,
      "z" : 15.326238
    } ],
    "faces" : [ {
      "vertices" : [ 0, 1, 2 ]
    }, {
      "vertices" : [ 0, 2, 3 ]
    }, {
      "vertices" : [ 0, 3, 2 ]
    }, {
      "vertices" : [ 0, 2, 1 ]
    } ]
  }, {
    "id" : "d345c979-3a33-464b-886b-cf9200d2fffb",
    "vertices" : [ {
      "x" : 22.18034,
      "y" : 40.12461,
      "z" : -24.798374
    }, {
      "x" : 24.798374,
      "y" : 33.27051,
      "z" : -24.798374
    }, {
      "x" : 20.562305,
      "y" : 29.034441,
      "z" : -29.034441
    }, {
      "x" : 17.944271,
      "y" : 35.888542,
      "z" : -29.034441
    } ],
    "faces" : [ {
      "vertices" : [ 0, 1, 2 ]
    }, {
      "vertices" : [ 0, 2, 3 ]
    }, {
      "vertices" : [ 0, 3, 2 ]
    }, {
      "vertices" : [ 0, 2, 1 ]
    } ]
  }, {
    "id" : "76678a4c-d901-4849-89e4-690c1a8be9e9",
    "vertices" : [ {
      "x" : 0.0,
      "y" : 0.0,
      "z" : 58.068882
    }, {
      "x" : -4.236068,
      "y" : -4.236068,
      "z" : 62.30495
    }, {
      "x" : -8.472136,
      "y" : 0.0,
      "z" : 58.068882
    } ],
    "faces" : [ {
      "vertices" : [ 0, 1, 2 ]
    }, {
      "vertices" : [ 0, 2, 1 ]
    } ]
  }, {
    "id" : "e07dee48-cf9f-4095-8821-080a37c409db",
    "vertices" : [ {
      "x" : 55.45085,
      "y" : -2.618034,
      "z" : 11.09017
    }, {
      "x" : 53.832817,
      "y" : -2.618034,
      "z" : 13.708204
    }, {
      "x" : 51.214783,
      "y" : 4.236068,
      "z" : 13.708204
    } ],
    "faces" : [ {
      "vertices" : [ 0, 1, 2 ]
    }, {
      "vertices" : [ 0, 2, 1 ]
    } ]
  }, {
    "id" : "97f93078-5b59-4f89-92a1-09d4f85d0e45",
    "vertices" : [ {
      "x" : -35.888542,
      "y" : -17.944271,
      "z" : 33.27051
    }, {
      "x" : -38.506577,
      "y" : -22.18034,
      "z" : 26.416409
    }, {
      "x" : -31.652475,
      "y" : -22.18034,
      "z" : 29.034441
    } ],
    "faces" : [ {
      "vertices" : [ 0, 1, 2 ]
    }, {
      "vertices" : [ 0, 2, 1 ]
    } ]
  }, {
    "id" : "e17fdb37-1551-403a-90a5-f7aea98c8151",
    "vertices" : [ {
      "x" : 35.888542,
      "y" : -13.708204,
      "z" : 22.18034
    }, {
      "x" : 29.034441,
      "y" : -20.562305,
      "z" : 29.034441
    }, {
      "x" : 33.27051,
      "y" : -24.798374,
      "z" : 24.798374
    }, {
      "x" : 40.12461,
      "y" : -17.944271,
      "z" : 17.944271
    } ],
    "faces" : [ {
      "vertices" : [ 0, 1, 2 ]
    }, {
      "vertices" : [ 0, 2, 3 ]
    }, {
      "vertices" : [ 0, 3, 2 ]
    }, {
      "vertices" : [ 0, 2, 1 ]
    } ]
  }, {
    "id" : "f275ca54-1ec8-4dc3-8af9-eb4685cda150",
    "vertices" : [ {
      "x" : -6.854102,
      "y" : -26.416409,
      "z" : -49.59675
    }, {
      "x" : -4.236068,
      "y" : -24.798374,
      "z" : -49.59675
    }, {
      "x" : -15.326238,
      "y" : -24.798374,
      "z" : -53.832817
    }, {
      "x" : -17.944271,
      "y" : -26.416409,
      "z" : -53.832817
    } ],
    "faces" : [ {
      "vertices" : [ 0, 1, 2 ]
    }, {
      "vertices" : [ 0, 2, 3 ]
    }, {
      "vertices" : [ 0, 3, 2 ]
    }, {
      "vertices" : [ 0, 2, 1 ]
    } ]
  }, {
    "id" : "65f2f3c9-1eca-4112-9f41-b885b03c4f74",
    "vertices" : [ {
      "x" : 11.09017,
      "y" : -6.854102,
      "z" : -58.068882
    }, {
      "x" : 4.236068,
      "y" : -4.236068,
      "z" : -62.30495
    }, {
      "x" : 4.236068,
      "y" : -6.854102,
      "z" : -60.686916
    } ],
    "faces" : [ {
      "vertices" : [ 0, 1, 2 ]
    }, {
      "vertices" : [ 0, 2, 1 ]
    } ]
  }, {
    "id" : "d594475d-c212-4c9d-9545-647071dd7c2e",
    "vertices" : [ {
      "x" : 6.854102,
      "y" : -35.888542,
      "z" : -46.978714
    }, {
      "x" : 13.708204,
      "y" : -33.27051,
      "z" : -51.214783
    }, {
      "x" : 11.09017,
      "y" : -31.652475,
      "z" : -51.214783
    } ],
    "faces" : [ {
      "vertices" : [ 0, 1, 2 ]
    }, {
      "vertices" : [ 0, 2, 1 ]
    } ]
  }, {
    "id" : "c7d88805-a706-4f9e-ba74-229e9af3decc",
    "vertices" : [ {
      "x" : -4.236068,
      "y" : 24.798374,
      "z" : 49.59675
    }, {
      "x" : -6.854102,
      "y" : 17.944271,
      "z" : 49.59675
    }, {
      "x" : -17.944271,
      "y" : 17.944271,
      "z" : 53.832817
    }, {
      "x" : -15.326238,
      "y" : 24.798374,
      "z" : 53.832817
    } ],
    "faces" : [ {
      "vertices" : [ 0, 1, 2 ]
    }, {
      "vertices" : [ 0, 2, 3 ]
    }, {
      "vertices" : [ 0, 3, 2 ]
    }, {
      "vertices" : [ 0, 2, 1 ]
    } ]
  }, {
    "id" : "10d02b5b-bf52-42e4-8f32-6e54b14087c8",
    "vertices" : [ {
      "x" : -2.618034,
      "y" : -24.798374,
      "z" : 46.978714
    }, {
      "x" : 0.0,
      "y" : -26.416409,
      "z" : 46.978714
    }, {
      "x" : -11.09017,
      "y" : -26.416409,
      "z" : 42.742645
    }, {
      "x" : -9.472136,
      "y" : -24.798374,
      "z" : 44.36068
    } ],
    "faces" : [ {
      "vertices" : [ 0, 1, 2 ]
    }, {
      "vertices" : [ 0, 2, 3 ]
    }, {
      "vertices" : [ 0, 3, 2 ]
    }, {
      "vertices" : [ 0, 2, 1 ]
    } ]
  }, {
    "id" : "cf7b51e3-6973-4bbf-a934-c8f1a640a787",
    "vertices" : [ {
      "x" : 26.416409,
      "y" : -49.59675,
      "z" : 6.854102
    }, {
      "x" : 24.798374,
      "y" : -49.59675,
      "z" : 4.236068
    }, {
      "x" : 17.944271,
      "y" : -49.59675,
      "z" : 6.854102
    } ],
    "faces" : [ {
      "vertices" : [ 0, 1, 2 ]
    }, {
      "vertices" : [ 0, 2, 1 ]
    } ]
  }, {
    "id" : "0d9aa974-ec16-4b67-a07c-066fff384dab",
    "vertices" : [ {
      "x" : -51.214783,
      "y" : 4.236068,
      "z" : -13.708204
    }, {
      "x" : -53.832817,
      "y" : -2.618034,
      "z" : -13.708204
    }, {
      "x" : -49.59675,
      "y" : -6.854102,
      "z" : -17.944271
    }, {
      "x" : -46.978714,
      "y" : 0.0,
      "z" : -17.944271
    } ],
    "faces" : [ {
      "vertices" : [ 0, 1, 2 ]
    }, {
      "vertices" : [ 0, 2, 3 ]
    }, {
      "vertices" : [ 0, 3, 2 ]
    }, {
      "vertices" : [ 0, 2, 1 ]
    } ]
  }, {
    "id" : "37289b76-79a3-496c-8641-d1f9efdcb174",
    "vertices" : [ {
      "x" : -13.708204,
      "y" : -51.214783,
      "z" : 4.236068
    }, {
      "x" : -15.326238,
      "y" : -51.214783,
      "z" : 6.854102
    }, {
      "x" : -4.236068,
      "y" : -51.214783,
      "z" : 2.618034
    }, {
      "x" : -6.854102,
      "y" : -51.214783,
      "z" : 1.618034
    } ],
    "faces" : [ {
      "vertices" : [ 0, 1, 2 ]
    }, {
      "vertices" : [ 0, 2, 3 ]
    }, {
      "vertices" : [ 0, 3, 2 ]
    }, {
      "vertices" : [ 0, 2, 1 ]
    } ]
  }, {
    "id" : "248c12f0-4158-4139-a59d-9a072b3f4b37",
    "vertices" : [ {
      "x" : 1.618034,
      "y" : -6.854102,
      "z" : -51.214783
    }, {
      "x" : 4.236068,
      "y" : -13.708204,
      "z" : -51.214783
    }, {
      "x" : 11.09017,
      "y" : -6.854102,
      "z" : -58.068882
    }, {
      "x" : 8.472136,
      "y" : 0.0,
      "z" : -58.068882
    } ],
    "faces" : [ {
      "vertices" : [ 0, 1, 2 ]
    }, {
      "vertices" : [ 0, 2, 3 ]
    }, {
      "vertices" : [ 0, 3, 2 ]
    }, {
      "vertices" : [ 0, 2, 1 ]
    } ]
  }, {
    "id" : "de3627ff-3387-48ca-8044-c4334af51a60",
    "vertices" : [ {
      "x" : -11.09017,
      "y" : -55.45085,
      "z" : -2.618034
    }, {
      "x" : -13.708204,
      "y" : -53.832817,
      "z" : -2.618034
    }, {
      "x" : -17.944271,
      "y" : -49.59675,
      "z" : -6.854102
    }, {
      "x" : -15.326238,
      "y" : -51.214783,
      "z" : -6.854102
    } ],
    "faces" : [ {
      "vertices" : [ 0, 1, 2 ]
    }, {
      "vertices" : [ 0, 2, 3 ]
    }, {
      "vertices" : [ 0, 3, 2 ]
    }, {
      "vertices" : [ 0, 2, 1 ]
    } ]
  }, {
    "id" : "a3c3ad0d-be22-4abe-9ad2-5b3ddd4f9bcb",
    "vertices" : [ {
      "x" : 6.854102,
      "y" : -15.326238,
      "z" : 51.214783
    }, {
      "x" : 11.09017,
      "y" : -11.09017,
      "z" : 46.978714
    }, {
      "x" : 17.944271,
      "y" : -17.944271,
      "z" : 40.12461
    }, {
      "x" : 13.708204,
      "y" : -22.18034,
      "z" : 44.36068
    } ],
    "faces" : [ {
      "vertices" : [ 0, 1, 2 ]
    }, {
      "vertices" : [ 0, 2, 3 ]
    }, {
      "vertices" : [ 0, 3, 2 ]
    }, {
      "vertices" : [ 0, 2, 1 ]
    } ]
  }, {
    "id" : "e6c51316-2d42-44ec-a727-499306af1466",
    "vertices" : [ {
      "x" : -29.034441,
      "y" : 29.034441,
      "z" : 20.562305
    }, {
      "x" : -33.27051,
      "y" : 24.798374,
      "z" : 24.798374
    }, {
      "x" : -29.034441,
      "y" : 29.034441,
      "z" : 29.034441
    }, {
      "x" : -24.798374,
      "y" : 33.27051,
      "z" : 24.798374
    } ],
    "faces" : [ {
      "vertices" : [ 0, 1, 2 ]
    }, {
      "vertices" : [ 0, 2, 3 ]
    }, {
      "vertices" : [ 0, 3, 2 ]
    }, {
      "vertices" : [ 0, 2, 1 ]
    } ]
  }, {
    "id" : "744c1bcf-c6f5-4adb-91d6-aaeea08864a1",
    "vertices" : [ {
      "x" : -15.326238,
      "y" : -51.214783,
      "z" : 6.854102
    }, {
      "x" : -11.09017,
      "y" : -46.978714,
      "z" : 11.09017
    }, {
      "x" : 0.0,
      "y" : -46.978714,
      "z" : 6.854102
    }, {
      "x" : -4.236068,
      "y" : -51.214783,
      "z" : 2.618034
    } ],
    "faces" : [ {
      "vertices" : [ 0, 1, 2 ]
    }, {
      "vertices" : [ 0, 2, 3 ]
    }, {
      "vertices" : [ 0, 3, 2 ]
    }, {
      "vertices" : [ 0, 2, 1 ]
    } ]
  }, {
    "id" : "d1f3192b-dddc-425c-95f6-2a429fd2a1ff",
    "vertices" : [ {
      "x" : 29.034441,
      "y" : -40.12461,
      "z" : 27.416409
    }, {
      "x" : 29.034441,
      "y" : -37.506577,
      "z" : 29.034441
    }, {
      "x" : 35.888542,
      "y" : -44.36068,
      "z" : 22.18034
    }, {
      "x" : 35.888542,
      "y" : -46.978714,
      "z" : 20.562305
    } ],
    "faces" : [ {
      "vertices" : [ 0, 1, 2 ]
    }, {
      "vertices" : [ 0, 2, 3 ]
    }, {
      "vertices" : [ 0, 3, 2 ]
    }, {
      "vertices" : [ 0, 2, 1 ]
    } ]
  }, {
    "id" : "329b8101-402c-4bfd-9b1c-9de2a8fab729",
    "vertices" : [ {
      "x" : -6.854102,
      "y" : -51.214783,
      "z" : -6.854102
    }, {
      "x" : -6.854102,
      "y" : -51.214783,
      "z" : 1.618034
    }, {
      "x" : -11.09017,
      "y" : -46.978714,
      "z" : -2.618034
    } ],
    "faces" : [ {
      "vertices" : [ 0, 1, 2 ]
    }, {
      "vertices" : [ 0, 2, 1 ]
    } ]
  }, {
    "id" : "16e7276f-76a3-4b3d-8791-31ce8fc4864f",
    "vertices" : [ {
      "x" : -33.27051,
      "y" : 33.27051,
      "z" : 24.798374
    }, {
      "x" : -35.888542,
      "y" : 31.652475,
      "z" : 24.798374
    }, {
      "x" : -29.034441,
      "y" : 38.506577,
      "z" : 17.944271
    }, {
      "x" : -29.034441,
      "y" : 37.506577,
      "z" : 20.562305
    } ],
    "faces" : [ {
      "vertices" : [ 0, 1, 2 ]
    }, {
      "vertices" : [ 0, 2, 3 ]
    }, {
      "vertices" : [ 0, 3, 2 ]
    }, {
      "vertices" : [ 0, 2, 1 ]
    } ]
  }, {
    "id" : "d2729d11-3e85-4d87-b227-3e45cca13ae2",
    "vertices" : [ {
      "x" : -44.36068,
      "y" : 9.472136,
      "z" : -24.798374
    }, {
      "x" : -46.978714,
      "y" : 13.708204,
      "z" : -17.944271
    }, {
      "x" : -51.214783,
      "y" : 9.472136,
      "z" : -22.18034
    } ],
    "faces" : [ {
      "vertices" : [ 0, 1, 2 ]
    }, {
      "vertices" : [ 0, 2, 1 ]
    } ]
  }, {
    "id" : "230ea75e-58b6-4ca3-bc2d-49e6e4f35433",
    "vertices" : [ {
      "x" : 2.618034,
      "y" : -11.09017,
      "z" : 55.45085
    }, {
      "x" : 2.618034,
      "y" : -13.708204,
      "z" : 53.832817
    }, {
      "x" : -4.236068,
      "y" : -13.708204,
      "z" : 51.214783
    } ],
    "faces" : [ {
      "vertices" : [ 0, 1, 2 ]
    }, {
      "vertices" : [ 0, 2, 1 ]
    } ]
  }, {
    "id" : "7d36f434-7737-4c33-99f4-c02cdfa97ee2",
    "vertices" : [ {
      "x" : -4.236068,
      "y" : 13.708204,
      "z" : -51.214783
    }, {
      "x" : 2.618034,
      "y" : 13.708204,
      "z" : -53.832817
    }, {
      "x" : 6.854102,
      "y" : 17.944271,
      "z" : -49.59675
    }, {
      "x" : 0.0,
      "y" : 17.944271,
      "z" : -46.978714
    } ],
    "faces" : [ {
      "vertices" : [ 0, 1, 2 ]
    }, {
      "vertices" : [ 0, 2, 3 ]
    }, {
      "vertices" : [ 0, 3, 2 ]
    }, {
      "vertices" : [ 0, 2, 1 ]
    } ]
  }, {
    "id" : "f87fc619-515b-4afe-a58c-2f3e3b12af74",
    "vertices" : [ {
      "x" : 35.888542,
      "y" : 13.708204,
      "z" : -22.18034
    }, {
      "x" : 29.034441,
      "y" : 20.562305,
      "z" : -29.034441
    }, {
      "x" : 33.27051,
      "y" : 24.798374,
      "z" : -24.798374
    }, {
      "x" : 40.12461,
      "y" : 17.944271,
      "z" : -17.944271
    } ],
    "faces" : [ {
      "vertices" : [ 0, 1, 2 ]
    }, {
      "vertices" : [ 0, 2, 3 ]
    }, {
      "vertices" : [ 0, 3, 2 ]
    }, {
      "vertices" : [ 0, 2, 1 ]
    } ]
  }, {
    "id" : "71a687f5-ae17-4692-a6ad-cf804dce60ca",
    "vertices" : [ {
      "x" : 29.034441,
      "y" : 46.978714,
      "z" : -17.944271
    }, {
      "x" : 26.416409,
      "y" : 53.832817,
      "z" : -17.944271
    }, {
      "x" : 22.18034,
      "y" : 49.59675,
      "z" : -22.18034
    } ],
    "faces" : [ {
      "vertices" : [ 0, 1, 2 ]
    }, {
      "vertices" : [ 0, 2, 1 ]
    } ]
  }, {
    "id" : "c42d41a1-e866-4d9a-a1b4-45a82d3e9a5e",
    "vertices" : [ {
      "x" : -31.652475,
      "y" : 24.798374,
      "z" : -35.888542
    }, {
      "x" : -29.034441,
      "y" : 17.944271,
      "z" : -35.888542
    }, {
      "x" : -17.944271,
      "y" : 17.944271,
      "z" : -40.12461
    }, {
      "x" : -20.562305,
      "y" : 24.798374,
      "z" : -40.12461
    } ],
    "faces" : [ {
      "vertices" : [ 0, 1, 2 ]
    }, {
      "vertices" : [ 0, 2, 3 ]
    }, {
      "vertices" : [ 0, 3, 2 ]
    }, {
      "vertices" : [ 0, 2, 1 ]
    } ]
  }, {
    "id" : "6c3695b7-bf67-4b9f-93dc-502f4414b61a",
    "vertices" : [ {
      "x" : 27.416409,
      "y" : -29.034441,
      "z" : 40.12461
    }, {
      "x" : 29.034441,
      "y" : -29.034441,
      "z" : 37.506577
    }, {
      "x" : 22.18034,
      "y" : -35.888542,
      "z" : 44.36068
    }, {
      "x" : 20.562305,
      "y" : -35.888542,
      "z" : 46.978714
    } ],
    "faces" : [ {
      "vertices" : [ 0, 1, 2 ]
    }, {
      "vertices" : [ 0, 2, 3 ]
    }, {
      "vertices" : [ 0, 3, 2 ]
    }, {
      "vertices" : [ 0, 2, 1 ]
    } ]
  }, {
    "id" : "cca675d2-77bb-4543-b417-e59b87a1934b",
    "vertices" : [ {
      "x" : 42.742645,
      "y" : 6.854102,
      "z" : -29.034441
    }, {
      "x" : 45.36068,
      "y" : 11.09017,
      "z" : -22.18034
    }, {
      "x" : 42.742645,
      "y" : 4.236068,
      "z" : -22.18034
    } ],
    "faces" : [ {
      "vertices" : [ 0, 1, 2 ]
    }, {
      "vertices" : [ 0, 2, 1 ]
    } ]
  }, {
    "id" : "77e926c0-b294-42b4-a14f-15f5fa6153c5",
    "vertices" : [ {
      "x" : 22.18034,
      "y" : -26.416409,
      "z" : -38.506577
    }, {
      "x" : 17.944271,
      "y" : -33.27051,
      "z" : -35.888542
    }, {
      "x" : 24.798374,
      "y" : -33.27051,
      "z" : -38.506577
    } ],
    "faces" : [ {
      "vertices" : [ 0, 1, 2 ]
    }, {
      "vertices" : [ 0, 2, 1 ]
    } ]
  }, {
    "id" : "132c36bc-7ae9-4a4c-904e-a1200bbb0c48",
    "vertices" : [ {
      "x" : -26.416409,
      "y" : -49.59675,
      "z" : -6.854102
    }, {
      "x" : -24.798374,
      "y" : -49.59675,
      "z" : -4.236068
    }, {
      "x" : -17.944271,
      "y" : -49.59675,
      "z" : -6.854102
    } ],
    "faces" : [ {
      "vertices" : [ 0, 1, 2 ]
    }, {
      "vertices" : [ 0, 2, 1 ]
    } ]
  }, {
    "id" : "0cdb40ff-7449-4984-a5a3-98c6aacb8666",
    "vertices" : [ {
      "x" : 26.416409,
      "y" : 35.888542,
      "z" : 29.034441
    }, {
      "x" : 33.27051,
      "y" : 35.888542,
      "z" : 26.416409
    }, {
      "x" : 35.888542,
      "y" : 29.034441,
      "z" : 26.416409
    }, {
      "x" : 29.034441,
      "y" : 29.034441,
      "z" : 29.034441
    } ],
    "faces" : [ {
      "vertices" : [ 0, 1, 2 ]
    }, {
      "vertices" : [ 0, 2, 3 ]
    }, {
      "vertices" : [ 0, 3, 2 ]
    }, {
      "vertices" : [ 0, 2, 1 ]
    } ]
  }, {
    "id" : "1572baa1-cd06-413d-8698-dbd10b06991b",
    "vertices" : [ {
      "x" : 42.742645,
      "y" : -6.854102,
      "z" : 29.034441
    }, {
      "x" : 42.742645,
      "y" : -4.236068,
      "z" : 22.18034
    }, {
      "x" : 40.12461,
      "y" : 2.618034,
      "z" : 22.18034
    }, {
      "x" : 40.12461,
      "y" : 0.0,
      "z" : 29.034441
    } ],
    "faces" : [ {
      "vertices" : [ 0, 1, 2 ]
    }, {
      "vertices" : [ 0, 2, 3 ]
    }, {
      "vertices" : [ 0, 3, 2 ]
    }, {
      "vertices" : [ 0, 2, 1 ]
    } ]
  }, {
    "id" : "7d2ebe2c-c367-4680-92b4-a72cf424a643",
    "vertices" : [ {
      "x" : -35.888542,
      "y" : 46.978714,
      "z" : -6.854102
    }, {
      "x" : -33.27051,
      "y" : 51.214783,
      "z" : -13.708204
    }, {
      "x" : -31.652475,
      "y" : 51.214783,
      "z" : -11.09017
    } ],
    "faces" : [ {
      "vertices" : [ 0, 1, 2 ]
    }, {
      "vertices" : [ 0, 2, 1 ]
    } ]
  }, {
    "id" : "62cb2149-c4d8-401f-9e67-1a1b67523fd2",
    "vertices" : [ {
      "x" : 29.034441,
      "y" : -37.506577,
      "z" : 20.562305
    }, {
      "x" : 29.034441,
      "y" : -38.506577,
      "z" : 17.944271
    }, {
      "x" : 22.18034,
      "y" : -45.36068,
      "z" : 11.09017
    }, {
      "x" : 22.18034,
      "y" : -44.36068,
      "z" : 13.708204
    } ],
    "faces" : [ {
      "vertices" : [ 0, 1, 2 ]
    }, {
      "vertices" : [ 0, 2, 3 ]
    }, {
      "vertices" : [ 0, 3, 2 ]
    }, {
      "vertices" : [ 0, 2, 1 ]
    } ]
  }, {
    "id" : "29e56ffa-7da6-4844-b907-b8b0c43034b7",
    "vertices" : [ {
      "x" : -17.944271,
      "y" : 29.034441,
      "z" : -46.978714
    }, {
      "x" : -24.798374,
      "y" : 29.034441,
      "z" : -49.59675
    }, {
      "x" : -22.18034,
      "y" : 22.18034,
      "z" : -49.59675
    } ],
    "faces" : [ {
      "vertices" : [ 0, 1, 2 ]
    }, {
      "vertices" : [ 0, 2, 1 ]
    } ]
  }, {
    "id" : "7021cb43-733b-487d-a0c0-0455093dfd20",
    "vertices" : [ {
      "x" : 24.798374,
      "y" : -33.27051,
      "z" : -38.506577
    }, {
      "x" : 26.416409,
      "y" : -33.27051,
      "z" : -35.888542
    }, {
      "x" : 26.416409,
      "y" : -35.888542,
      "z" : -29.034441
    }, {
      "x" : 24.798374,
      "y" : -35.888542,
      "z" : -31.652475
    } ],
    "faces" : [ {
      "vertices" : [ 0, 1, 2 ]
    }, {
      "vertices" : [ 0, 2, 3 ]
    }, {
      "vertices" : [ 0, 3, 2 ]
    }, {
      "vertices" : [ 0, 2, 1 ]
    } ]
  }, {
    "id" : "f416d1a8-48ee-4bd7-a7c5-09b0f3778d38",
    "vertices" : [ {
      "x" : 0.0,
      "y" : 0.0,
      "z" : 44.36068
    }, {
      "x" : -4.236068,
      "y" : -11.09017,
      "z" : 44.36068
    }, {
      "x" : 2.618034,
      "y" : -11.09017,
      "z" : 46.978714
    }, {
      "x" : 6.854102,
      "y" : 0.0,
      "z" : 46.978714
    } ],
    "faces" : [ {
      "vertices" : [ 0, 1, 2 ]
    }, {
      "vertices" : [ 0, 2, 3 ]
    }, {
      "vertices" : [ 0, 3, 2 ]
    }, {
      "vertices" : [ 0, 2, 1 ]
    } ]
  }, {
    "id" : "e86dfe3e-323b-4be9-b827-a8e553bd31fa",
    "vertices" : [ {
      "x" : 4.236068,
      "y" : -62.30495,
      "z" : -4.236068
    }, {
      "x" : 6.854102,
      "y" : -58.068882,
      "z" : -11.09017
    }, {
      "x" : 0.0,
      "y" : -58.068882,
      "z" : -8.472136
    } ],
    "faces" : [ {
      "vertices" : [ 0, 1, 2 ]
    }, {
      "vertices" : [ 0, 2, 1 ]
    } ]
  }, {
    "id" : "2456c49d-1d68-49c6-aab2-64f30c7a02d6",
    "vertices" : [ {
      "x" : 0.0,
      "y" : 0.0,
      "z" : -58.068882
    }, {
      "x" : 4.236068,
      "y" : -4.236068,
      "z" : -62.30495
    }, {
      "x" : 8.472136,
      "y" : 0.0,
      "z" : -58.068882
    } ],
    "faces" : [ {
      "vertices" : [ 0, 1, 2 ]
    }, {
      "vertices" : [ 0, 2, 1 ]
    } ]
  }, {
    "id" : "2990fb32-1cbc-4ee7-81bf-6861afe2d1a8",
    "vertices" : [ {
      "x" : -44.36068,
      "y" : -9.472136,
      "z" : 24.798374
    }, {
      "x" : -44.36068,
      "y" : -6.854102,
      "z" : 17.944271
    }, {
      "x" : -46.978714,
      "y" : 0.0,
      "z" : 17.944271
    }, {
      "x" : -46.978714,
      "y" : -2.618034,
      "z" : 24.798374
    } ],
    "faces" : [ {
      "vertices" : [ 0, 1, 2 ]
    }, {
      "vertices" : [ 0, 2, 3 ]
    }, {
      "vertices" : [ 0, 3, 2 ]
    }, {
      "vertices" : [ 0, 2, 1 ]
    } ]
  }, {
    "id" : "8e9a40f7-5929-4e33-bbab-39b320c1b80c",
    "vertices" : [ {
      "x" : 6.854102,
      "y" : -17.944271,
      "z" : 49.59675
    }, {
      "x" : 6.854102,
      "y" : -15.326238,
      "z" : 51.214783
    }, {
      "x" : 13.708204,
      "y" : -22.18034,
      "z" : 44.36068
    }, {
      "x" : 11.09017,
      "y" : -22.18034,
      "z" : 45.36068
    } ],
    "faces" : [ {
      "vertices" : [ 0, 1, 2 ]
    }, {
      "vertices" : [ 0, 2, 3 ]
    }, {
      "vertices" : [ 0, 3, 2 ]
    }, {
      "vertices" : [ 0, 2, 1 ]
    } ]
  }, {
    "id" : "68bdc2bc-6b24-4509-844a-b225566d4d90",
    "vertices" : [ {
      "x" : 40.12461,
      "y" : -24.798374,
      "z" : 22.18034
    }, {
      "x" : 37.506577,
      "y" : -20.562305,
      "z" : 29.034441
    }, {
      "x" : 33.27051,
      "y" : -24.798374,
      "z" : 24.798374
    } ],
    "faces" : [ {
      "vertices" : [ 0, 1, 2 ]
    }, {
      "vertices" : [ 0, 2, 1 ]
    } ]
  }, {
    "id" : "46219384-d67b-4f05-af25-8ec1265903a0",
    "vertices" : [ {
      "x" : -4.236068,
      "y" : -4.236068,
      "z" : 62.30495
    }, {
      "x" : -11.09017,
      "y" : -6.854102,
      "z" : 58.068882
    }, {
      "x" : -8.472136,
      "y" : 0.0,
      "z" : 58.068882
    } ],
    "faces" : [ {
      "vertices" : [ 0, 1, 2 ]
    }, {
      "vertices" : [ 0, 2, 1 ]
    } ]
  }, {
    "id" : "46524d87-6586-4546-9988-e5a95eefbc49",
    "vertices" : [ {
      "x" : -22.18034,
      "y" : 51.214783,
      "z" : -9.472136
    }, {
      "x" : -17.944271,
      "y" : 46.978714,
      "z" : -13.708204
    }, {
      "x" : -11.09017,
      "y" : 46.978714,
      "z" : -11.09017
    }, {
      "x" : -15.326238,
      "y" : 51.214783,
      "z" : -6.854102
    } ],
    "faces" : [ {
      "vertices" : [ 0, 1, 2 ]
    }, {
      "vertices" : [ 0, 2, 3 ]
    }, {
      "vertices" : [ 0, 3, 2 ]
    }, {
      "vertices" : [ 0, 2, 1 ]
    } ]
  }, {
    "id" : "1ed67e13-ff95-4cd0-a471-1969933b201e",
    "vertices" : [ {
      "x" : 49.59675,
      "y" : 6.854102,
      "z" : -26.416409
    }, {
      "x" : 42.742645,
      "y" : 6.854102,
      "z" : -29.034441
    }, {
      "x" : 40.12461,
      "y" : 0.0,
      "z" : -29.034441
    }, {
      "x" : 46.978714,
      "y" : 0.0,
      "z" : -26.416409
    } ],
    "faces" : [ {
      "vertices" : [ 0, 1, 2 ]
    }, {
      "vertices" : [ 0, 2, 3 ]
    }, {
      "vertices" : [ 0, 3, 2 ]
    }, {
      "vertices" : [ 0, 2, 1 ]
    } ]
  }, {
    "id" : "c12e6786-db26-4a34-8de8-c9bb623cfb73",
    "vertices" : [ {
      "x" : -42.742645,
      "y" : -11.09017,
      "z" : 26.416409
    }, {
      "x" : -35.888542,
      "y" : -11.09017,
      "z" : 29.034441
    }, {
      "x" : -31.652475,
      "y" : -22.18034,
      "z" : 29.034441
    }, {
      "x" : -38.506577,
      "y" : -22.18034,
      "z" : 26.416409
    } ],
    "faces" : [ {
      "vertices" : [ 0, 1, 2 ]
    }, {
      "vertices" : [ 0, 2, 3 ]
    }, {
      "vertices" : [ 0, 3, 2 ]
    }, {
      "vertices" : [ 0, 2, 1 ]
    } ]
  }, {
    "id" : "56422a0a-8aee-4e3a-928f-54aada2283d2",
    "vertices" : [ {
      "x" : 51.214783,
      "y" : 9.472136,
      "z" : 22.18034
    }, {
      "x" : 51.214783,
      "y" : 6.854102,
      "z" : 20.562305
    }, {
      "x" : 51.214783,
      "y" : 11.09017,
      "z" : 31.652475
    }, {
      "x" : 51.214783,
      "y" : 13.708204,
      "z" : 33.27051
    } ],
    "faces" : [ {
      "vertices" : [ 0, 1, 2 ]
    }, {
      "vertices" : [ 0, 2, 3 ]
    }, {
      "vertices" : [ 0, 3, 2 ]
    }, {
      "vertices" : [ 0, 2, 1 ]
    } ]
  }, {
    "id" : "6bb10847-2e31-4fab-854a-4f3572b6939b",
    "vertices" : [ {
      "x" : 17.944271,
      "y" : -29.034441,
      "z" : 46.978714
    }, {
      "x" : 20.562305,
      "y" : -35.888542,
      "z" : 46.978714
    }, {
      "x" : 13.708204,
      "y" : -35.888542,
      "z" : 44.36068
    } ],
    "faces" : [ {
      "vertices" : [ 0, 1, 2 ]
    }, {
      "vertices" : [ 0, 2, 1 ]
    } ]
  }, {
    "id" : "75506667-e8d3-47e2-b730-03bc3e89a09b",
    "vertices" : [ {
      "x" : 33.27051,
      "y" : 33.27051,
      "z" : -24.798374
    }, {
      "x" : 29.034441,
      "y" : 37.506577,
      "z" : -20.562305
    }, {
      "x" : 29.034441,
      "y" : 40.12461,
      "z" : -27.416409
    } ],
    "faces" : [ {
      "vertices" : [ 0, 1, 2 ]
    }, {
      "vertices" : [ 0, 2, 1 ]
    } ]
  }, {
    "id" : "8bccc30d-41e6-4157-9234-2131cc12f622",
    "vertices" : [ {
      "x" : 0.0,
      "y" : 26.416409,
      "z" : 46.978714
    }, {
      "x" : 0.0,
      "y" : 29.034441,
      "z" : 40.12461
    }, {
      "x" : 11.09017,
      "y" : 29.034441,
      "z" : 35.888542
    }, {
      "x" : 11.09017,
      "y" : 26.416409,
      "z" : 42.742645
    } ],
    "faces" : [ {
      "vertices" : [ 0, 1, 2 ]
    }, {
      "vertices" : [ 0, 2, 3 ]
    }, {
      "vertices" : [ 0, 3, 2 ]
    }, {
      "vertices" : [ 0, 2, 1 ]
    } ]
  }, {
    "id" : "b42592a2-6fde-46b9-9273-55c8c67c3861",
    "vertices" : [ {
      "x" : -51.214783,
      "y" : -6.854102,
      "z" : 15.326238
    }, {
      "x" : -46.978714,
      "y" : -11.09017,
      "z" : 11.09017
    }, {
      "x" : -46.978714,
      "y" : -6.854102,
      "z" : 0.0
    }, {
      "x" : -51.214783,
      "y" : -2.618034,
      "z" : 4.236068
    } ],
    "faces" : [ {
      "vertices" : [ 0, 1, 2 ]
    }, {
      "vertices" : [ 0, 2, 3 ]
    }, {
      "vertices" : [ 0, 3, 2 ]
    }, {
      "vertices" : [ 0, 2, 1 ]
    } ]
  }, {
    "id" : "e0463e66-d35a-447e-8057-3d0080cc3350",
    "vertices" : [ {
      "x" : 6.854102,
      "y" : 29.034441,
      "z" : -42.742645
    }, {
      "x" : 4.236068,
      "y" : 22.18034,
      "z" : -42.742645
    }, {
      "x" : -2.618034,
      "y" : 22.18034,
      "z" : -40.12461
    }, {
      "x" : 0.0,
      "y" : 29.034441,
      "z" : -40.12461
    } ],
    "faces" : [ {
      "vertices" : [ 0, 1, 2 ]
    }, {
      "vertices" : [ 0, 2, 3 ]
    }, {
      "vertices" : [ 0, 3, 2 ]
    }, {
      "vertices" : [ 0, 2, 1 ]
    } ]
  }, {
    "id" : "7db2c847-9edf-4456-860a-1152d535c109",
    "vertices" : [ {
      "x" : 17.944271,
      "y" : 17.944271,
      "z" : -40.12461
    }, {
      "x" : 11.09017,
      "y" : 11.09017,
      "z" : -46.978714
    }, {
      "x" : 6.854102,
      "y" : 15.326238,
      "z" : -42.742645
    }, {
      "x" : 13.708204,
      "y" : 22.18034,
      "z" : -35.888542
    } ],
    "faces" : [ {
      "vertices" : [ 0, 1, 2 ]
    }, {
      "vertices" : [ 0, 2, 3 ]
    }, {
      "vertices" : [ 0, 3, 2 ]
    }, {
      "vertices" : [ 0, 2, 1 ]
    } ]
  }, {
    "id" : "a862c651-0b0f-4799-bf43-2f01d97f2f54",
    "vertices" : [ {
      "x" : -22.18034,
      "y" : -40.12461,
      "z" : -24.798374
    }, {
      "x" : -29.034441,
      "y" : -40.12461,
      "z" : -27.416409
    }, {
      "x" : -35.888542,
      "y" : -46.978714,
      "z" : -20.562305
    }, {
      "x" : -29.034441,
      "y" : -46.978714,
      "z" : -17.944271
    } ],
    "faces" : [ {
      "vertices" : [ 0, 1, 2 ]
    }, {
      "vertices" : [ 0, 2, 3 ]
    }, {
      "vertices" : [ 0, 3, 2 ]
    }, {
      "vertices" : [ 0, 2, 1 ]
    } ]
  }, {
    "id" : "b04952f3-07d4-4de6-8f35-5a07ed6b752e",
    "vertices" : [ {
      "x" : 40.12461,
      "y" : 17.944271,
      "z" : -17.944271
    }, {
      "x" : 46.978714,
      "y" : 11.09017,
      "z" : -11.09017
    }, {
      "x" : 42.742645,
      "y" : 6.854102,
      "z" : -15.326238
    }, {
      "x" : 35.888542,
      "y" : 13.708204,
      "z" : -22.18034
    } ],
    "faces" : [ {
      "vertices" : [ 0, 1, 2 ]
    }, {
      "vertices" : [ 0, 2, 3 ]
    }, {
      "vertices" : [ 0, 3, 2 ]
    }, {
      "vertices" : [ 0, 2, 1 ]
    } ]
  }, {
    "id" : "723c5c98-4c63-4d7a-bacb-307992b1a097",
    "vertices" : [ {
      "x" : 26.416409,
      "y" : -35.888542,
      "z" : -29.034441
    }, {
      "x" : 24.798374,
      "y" : -35.888542,
      "z" : -31.652475
    }, {
      "x" : 24.798374,
      "y" : -40.12461,
      "z" : -20.562305
    }, {
      "x" : 26.416409,
      "y" : -38.506577,
      "z" : -22.18034
    } ],
    "faces" : [ {
      "vertices" : [ 0, 1, 2 ]
    }, {
      "vertices" : [ 0, 2, 3 ]
    }, {
