{
  "field" : "golden",
  "symmetry" : "icosahedral",
  "orientations" : [ [ 1.0, 0.0, 0.0, 0.0, 0.0, 1.0, 0.0, 0.0, 0.0, 0.0, 1.0, 0.0, 0.0, 0.0, 0.0, 1.0 ], [ 0.0, 0.0, 1.0, 0.0, 1.0, 0.0, 0.0, 0.0, 0.0, 1.0, 0.0, 0.0, 0.0, 0.0, 0.0, 1.0 ], [ 0.0, 1.0, 0.0, 0.0, 0.0, 0.0, 1.0, 0.0, 1.0, 0.0, 0.0, 0.0, 0.0, 0.0, 0.0, 1.0 ], [ 0.809017, 0.309017, 0.5, 0.0, 0.309017, 0.5, -0.809017, 0.0, -0.5, 0.809017, 0.309017, 0.0, 0.0, 0.0, 0.0, 1.0 ], [ -0.5, 0.809017, 0.309017, 0.0, 0.809017, 0.309017, 0.5, 0.0, 0.309017, 0.5, -0.809017, 0.0, 0.0, 0.0, 0.0, 1.0 ], [ 0.309017, 0.5, -0.809017, 0.0, -0.5, 0.809017, 0.309017, 0.0, 0.809017, 0.309017, 0.5, 0.0, 0.0, 0.0, 0.0, 1.0 ], [ 0.5, 0.809017, 0.309017, 0.0, 0.809017, -0.309017, -0.5, 0.0, -0.309017, 0.5, -0.809017, 0.0, 0.0, 0.0, 0.0, 1.0 ], [ -0.309017, 0.5, -0.809017, 0.0, 0.5, 0.809017, 0.309017, 0.0, 0.809017, -0.309017, -0.5, 0.0, 0.0, 0.0, 0.0, 1.0 ], [ 0.809017, -0.309017, -0.5, 0.0, -0.309017, 0.5, -0.809017, 0.0, 0.5, 0.809017, 0.309017, 0.0, 0.0, 0.0, 0.0, 1.0 ], [ 0.5, 0.809017, -0.309017, 0.0, 0.809017, -0.309017, 0.5, 0.0, 0.309017, -0.5, -0.809017, 0.0, 0.0, 0.0, 0.0, 1.0 ], [ 0.309017, -0.5, -0.809017, 0.0, 0.5, 0.809017, -0.309017, 0.0, 0.809017, -0.309017, 0.5, 0.0, 0.0, 0.0, 0.0, 1.0 ], [ 0.809017, -0.309017, 0.5, 0.0, 0.309017, -0.5, -0.809017, 0.0, 0.5, 0.809017, -0.309017, 0.0, 0.0, 0.0, 0.0, 1.0 ], [ 0.809017, 0.309017, -0.5, 0.0, 0.309017, 0.5, 0.809017, 0.0, 0.5, -0.809017, 0.309017, 0.0, 0.0, 0.0, 0.0, 1.0 ], [ 0.5, -0.809017, 0.309017, 0.0, 0.809017, 0.309017, -0.5, 0.0, 0.309017, 0.5, 0.809017, 0.0, 0.0, 0.0, 0.0, 1.0 ], [ 0.309017, 0.5, 0.809017, 0.0, 0.5, -0.809017, 0.309017, 0.0, 0.809017, 0.309017, -0.5, 0.0, 0.0, 0.0, 0.0, 1.0 ], [ 1.0, 0.0, 0.0, 0.0, 0.0, -1.0, 0.0, 0.0, 0.0, 0.0, -1.0, 0.0, 0.0, 0.0, 0.0, 1.0 ], [ 0.0, 0.0, 1.0, 0.0, -1.0, 0.0, 0.0, 0.0, 0.0, -1.0, 0.0, 0.0, 0.0, 0.0, 0.0, 1.0 ], [ 0.0, 1.0, 0.0, 0.0, 0.0, 0.0, -1.0, 0.0, -1.0, 0.0, 0.0, 0.0, 0.0, 0.0, 0.0, 1.0 ], [ 0.809017, 0.309017, 0.5, 0.0, -0.309017, -0.5, 0.809017, 0.0, 0.5, -0.809017, -0.309017, 0.0, 0.0, 0.0, 0.0, 1.0 ], [ -0.5, 0.809017, 0.309017, 0.0, -0.809017, -0.309017, -0.5, 0.0, -0.309017, -0.5, 0.809017, 0.0, 0.0, 0.0, 0.0, 1.0 ], [ 0.309017, 0.5, -0.809017, 0.0, 0.5, -0.809017, -0.309017, 0.0, -0.809017, -0.309017, -0.5, 0.0, 0.0, 0.0, 0.0, 1.0 ], [ 0.5, 0.809017, 0.309017, 0.0, -0.809017, 0.309017, 0.5, 0.0, 0.309017, -0.5, 0.809017, 0.0, 0.0, 0.0, 0.0, 1.0 ], [ -0.309017, 0.5, -0.809017, 0.0, -0.5, -0.809017, -0.309017, 0.0, -0.809017, 0.309017, 0.5, 0.0, 0.0, 0.0, 0.0, 1.0 ], [ 0.809017, -0.309017, -0.5, 0.0, 0.309017, -0.5, 0.809017, 0.0, -0.5, -0.809017, -0.309017, 0.0, 0.0, 0.0, 0.0, 1.0 ], [ 0.5, 0.809017, -0.309017, 0.0, -0.809017, 0.309017, -0.5, 0.0, -0.309017, 0.5, 0.809017, 0.0, 0.0, 0.0, 0.0, 1.0 ], [ 0.309017, -0.5, -0.809017, 0.0, -0.5, -0.809017, 0.309017, 0.0, -0.809017, 0.309017, -0.5, 0.0, 0.0, 0.0, 0.0, 1.0 ], [ 0.809017, -0.309017, 0.5, 0.0, -0.309017, 0.5, 0.809017, 0.0, -0.5, -0.809017, 0.309017, 0.0, 0.0, 0.0, 0.0, 1.0 ], [ 0.809017, 0.309017, -0.5, 0.0, -0.309017, -0.5, -0.809017, 0.0, -0.5, 0.809017, -0.309017, 0.0, 0.0, 0.0, 0.0, 1.0 ], [ 0.5, -0.809017, 0.309017, 0.0, -0.809017, -0.309017, 0.5, 0.0, -0.309017, -0.5, -0.809017, 0.0, 0.0, 0.0, 0.0, 1.0 ], [ 0.309017, 0.5, 0.809017, 0.0, -0.5, 0.809017, -0.309017, 0.0, -0.809017, -0.309017, 0.5, 0.0, 0.0, 0.0, 0.0, 1.0 ], [ -1.0, 0.0, 0.0, 0.0, 0.0, -1.0, 0.0, 0.0, 0.0, 0.0, 1.0, 0.0, 0.0, 0.0, 0.0, 1.0 ], [ 0.0, 0.0, -1.0, 0.0, -1.0, 0.0, 0.0, 0.0, 0.0, 1.0, 0.0, 0.0, 0.0, 0.0, 0.0, 1.0 ], [ 0.0, -1.0, 0.0, 0.0, 0.0, 0.0, -1.0, 0.0, 1.0, 0.0, 0.0, 0.0, 0.0, 0.0, 0.0, 1.0 ], [ -0.809017, -0.309017, -0.5, 0.0, -0.309017, -0.5, 0.809017, 0.0, -0.5, 0.809017, 0.309017, 0.0, 0.0, 0.0, 0.0, 1.0 ], [ 0.5, -0.809017, -0.309017, 0.0, -0.809017, -0.309017, -0.5, 0.0, 0.309017, 0.5, -0.809017, 0.0, 0.0, 0.0, 0.0, 1.0 ], [ -0.309017, -0.5, 0.809017, 0.0, 0.5, -0.809017, -0.309017, 0.0, 0.809017, 0.309017, 0.5, 0.0, 0.0, 0.0, 0.0, 1.0 ], [ -0.5, -0.809017, -0.309017, 0.0, -0.809017, 0.309017, 0.5, 0.0, -0.309017, 0.5, -0.809017, 0.0, 0.0, 0.0, 0.0, 1.0 ], [ 0.309017, -0.5, 0.809017, 0.0, -0.5, -0.809017, -0.309017, 0.0, 0.809017, -0.309017, -0.5, 0.0, 0.0, 0.0, 0.0, 1.0 ], [ -0.809017, 0.309017, 0.5, 0.0, 0.309017, -0.5, 0.809017, 0.0, 0.5, 0.809017, 0.309017, 0.0, 0.0, 0.0, 0.0, 1.0 ], [ -0.5, -0.809017, 0.309017, 0.0, -0.809017, 0.309017, -0.5, 0.0, 0.309017, -0.5, -0.809017, 0.0, 0.0, 0.0, 0.0, 1.0 ], [ -0.309017, 0.5, 0.809017, 0.0, -0.5, -0.809017, 0.309017, 0.0, 0.809017, -0.309017, 0.5, 0.0, 0.0, 0.0, 0.0, 1.0 ], [ -0.809017, 0.309017, -0.5, 0.0, -0.309017, 0.5, 0.809017, 0.0, 0.5, 0.809017, -0.309017, 0.0, 0.0, 0.0, 0.0, 1.0 ], [ -0.809017, -0.309017, 0.5, 0.0, -0.309017, -0.5, -0.809017, 0.0, 0.5, -0.809017, 0.309017, 0.0, 0.0, 0.0, 0.0, 1.0 ], [ -0.5, 0.809017, -0.309017, 0.0, -0.809017, -0.309017, 0.5, 0.0, 0.309017, 0.5, 0.809017, 0.0, 0.0, 0.0, 0.0, 1.0 ], [ -0.309017, -0.5, -0.809017, 0.0, -0.5, 0.809017, -0.309017, 0.0, 0.809017, 0.309017, -0.5, 0.0, 0.0, 0.0, 0.0, 1.0 ], [ -1.0, 0.0, 0.0, 0.0, 0.0, 1.0, 0.0, 0.0, 0.0, 0.0, -1.0, 0.0, 0.0, 0.0, 0.0, 1.0 ], [ 0.0, 0.0, -1.0, 0.0, 1.0, 0.0, 0.0, 0.0, 0.0, -1.0, 0.0, 0.0, 0.0, 0.0, 0.0, 1.0 ], [ 0.0, -1.0, 0.0, 0.0, 0.0, 0.0, 1.0, 0.0, -1.0, 0.0, 0.0, 0.0, 0.0, 0.0, 0.0, 1.0 ], [ -0.809017, -0.309017, -0.5, 0.0, 0.309017, 0.5, -0.809017, 0.0, 0.5, -0.809017, -0.309017, 0.0, 0.0, 0.0, 0.0, 1.0 ], [ 0.5, -0.809017, -0.309017, 0.0, 0.809017, 0.309017, 0.5, 0.0, -0.309017, -0.5, 0.809017, 0.0, 0.0, 0.0, 0.0, 1.0 ], [ -0.309017, -0.5, 0.809017, 0.0, -0.5, 0.809017, 0.309017, 0.0, -0.809017, -0.309017, -0.5, 0.0, 0.0, 0.0, 0.0, 1.0 ], [ -0.5, -0.809017, -0.309017, 0.0, 0.809017, -0.309017, -0.5, 0.0, 0.309017, -0.5, 0.809017, 0.0, 0.0, 0.0, 0.0, 1.0 ], [ 0.309017, -0.5, 0.809017, 0.0, 0.5, 0.809017, 0.309017, 0.0, -0.809017, 0.309017, 0.5, 0.0, 0.0, 0.0, 0.0, 1.0 ], [ -0.809017, 0.309017, 0.5, 0.0, -0.309017, 0.5, -0.809017, 0.0, -0.5, -0.809017, -0.309017, 0.0, 0.0, 0.0, 0.0, 1.0 ], [ -0.5, -0.809017, 0.309017, 0.0, 0.809017, -0.309017, 0.5, 0.0, -0.309017, 0.5, 0.809017, 0.0, 0.0, 0.0, 0.0, 1.0 ], [ -0.309017, 0.5, 0.809017, 0.0, 0.5, 0.809017, -0.309017, 0.0, -0.809017, 0.309017, -0.5, 0.0, 0.0, 0.0, 0.0, 1.0 ], [ -0.809017, 0.309017, -0.5, 0.0, 0.309017, -0.5, -0.809017, 0.0, -0.5, -0.809017, 0.309017, 0.0, 0.0, 0.0, 0.0, 1.0 ], [ -0.809017, -0.309017, 0.5, 0.0, 0.309017, 0.5, 0.809017, 0.0, -0.5, 0.809017, -0.309017, 0.0, 0.0, 0.0, 0.0, 1.0 ], [ -0.5, 0.809017, -0.309017, 0.0, 0.809017, 0.309017, -0.5, 0.0, -0.309017, -0.5, -0.809017, 0.0, 0.0, 0.0, 0.0, 1.0 ], [ -0.309017, -0.5, -0.809017, 0.0, 0.5, -0.809017, 0.309017, 0.0, -0.809017, -0.309017, 0.5, 0.0, 0.0, 0.0, 0.0, 1.0 ] ],
  "lights" : {
    "ambientColor" : "#292929",
    "backgroundColor" : "#AFC8DC",
    "directionalLights" : [ {
      "direction" : {
        "x" : 1.0,
        "y" : -1.0,
        "z" : -1.0
      },
      "color" : "#EBEBE4"
    }, {
      "direction" : {
        "x" : -1.0,
        "y" : 0.0,
        "z" : 0.0
      },
      "color" : "#E4E4EB"
    }, {
      "direction" : {
        "x" : 0.0,
        "y" : 0.0,
        "z" : -1.0
      },
      "color" : "#1E1E1E"
    } ]
  },
  "camera" : {
    "viewDistance" : 256.94946,
    "nearClipDistance" : 0.64237344,
    "farClipDistance" : 513.8978,
    "lookAtPoint" : {
      "x" : 0.0,
      "y" : 0.0,
      "z" : 0.0
    },
    "fieldOfView" : 0.44262823,
    "perspective" : true,
    "lookDirection" : {
      "x" : 0.45439506,
      "y" : 0.80596507,
      "z" : 0.37942877
    },
    "upDirection" : {
      "x" : 0.32641426,
      "y" : 0.24567133,
      "z" : -0.91275465
    },
    "width" : 115.62709,
    "stereo" : false,
    "position" : {
      "x" : -116.75657,
      "y" : -207.09229,
      "z" : -97.49402
    }
  },
  "embedding" : [ 1.0, 0.0, 0.0, 0.0, 0.0, 1.0, 0.0, 0.0, 0.0, 0.0, 1.0, 0.0, 0.0, 0.0, 0.0, 1.0 ],
  "shapes" : [ {
    "id" : "0f85306e-7de3-4c31-83d3-871c07a2f59c",
    "vertices" : [ {
      "x" : 0.309017,
      "y" : -0.309017,
      "z" : -0.309017
    }, {
      "x" : 0.5,
      "y" : 0.0,
      "z" : -0.19098301
    }, {
      "x" : 0.5,
      "y" : 0.0,
      "z" : 0.19098301
    }, {
      "x" : 0.309017,
      "y" : -0.309017,
      "z" : 0.309017
    }, {
      "x" : 0.19098301,
      "y" : -0.5,
      "z" : 0.0
    }, {
      "x" : 0.0,
      "y" : 0.19098301,
      "z" : 0.5
    }, {
      "x" : 0.0,
      "y" : -0.19098301,
      "z" : 0.5
    }, {
      "x" : 0.309017,
      "y" : 0.309017,
      "z" : 0.309017
    }, {
      "x" : -0.309017,
      "y" : -0.309017,
      "z" : 0.309017
    }, {
      "x" : -0.309017,
      "y" : 0.309017,
      "z" : 0.309017
    }, {
      "x" : -0.5,
      "y" : 0.0,
      "z" : 0.19098301
    }, {
      "x" : 0.0,
      "y" : -0.19098301,
      "z" : -0.5
    }, {
      "x" : 0.0,
      "y" : 0.19098301,
      "z" : -0.5
    }, {
      "x" : 0.309017,
      "y" : 0.309017,
      "z" : -0.309017
    }, {
      "x" : -0.309017,
      "y" : -0.309017,
      "z" : -0.309017
    }, {
      "x" : -0.19098301,
      "y" : -0.5,
      "z" : 0.0
    }, {
      "x" : -0.5,
      "y" : 0.0,
      "z" : -0.19098301
    }, {
      "x" : 0.19098301,
      "y" : 0.5,
      "z" : 0.0
    }, {
      "x" : -0.309017,
      "y" : 0.309017,
      "z" : -0.309017
    }, {
      "x" : 0.0,
      "y" : 0.0,
      "z" : 0.0
    }, {
      "x" : -0.19098301,
      "y" : 0.5,
      "z" : 0.0
    } ],
    "faces" : [ {
      "vertices" : [ 12, 18, 20 ]
    }, {
      "vertices" : [ 12, 20, 17 ]
    }, {
      "vertices" : [ 12, 17, 13 ]
    }, {
      "vertices" : [ 3, 6, 8 ]
    }, {
      "vertices" : [ 3, 8, 15 ]
    }, {
      "vertices" : [ 3, 15, 4 ]
    }, {
      "vertices" : [ 0, 11, 12 ]
    }, {
      "vertices" : [ 0, 12, 13 ]
    }, {
      "vertices" : [ 0, 13, 1 ]
    }, {
      "vertices" : [ 5, 9, 10 ]
    }, {
      "vertices" : [ 5, 10, 8 ]
    }, {
      "vertices" : [ 5, 8, 6 ]
    }, {
      "vertices" : [ 2, 7, 5 ]
    }, {
      "vertices" : [ 2, 5, 6 ]
    }, {
      "vertices" : [ 2, 6, 3 ]
    }, {
      "vertices" : [ 11, 14, 16 ]
    }, {
      "vertices" : [ 11, 16, 18 ]
    }, {
      "vertices" : [ 11, 18, 12 ]
    }, {
      "vertices" : [ 1, 13, 17 ]
    }, {
      "vertices" : [ 1, 17, 7 ]
    }, {
      "vertices" : [ 1, 7, 2 ]
    }, {
      "vertices" : [ 9, 20, 18 ]
    }, {
      "vertices" : [ 9, 18, 16 ]
    }, {
      "vertices" : [ 9, 16, 10 ]
    }, {
      "vertices" : [ 0, 1, 2 ]
    }, {
      "vertices" : [ 0, 2, 3 ]
    }, {
      "vertices" : [ 0, 3, 4 ]
    }, {
      "vertices" : [ 5, 7, 17 ]
    }, {
      "vertices" : [ 5, 17, 20 ]
    }, {
      "vertices" : [ 5, 20, 9 ]
    }, {
      "vertices" : [ 0, 4, 15 ]
    }, {
      "vertices" : [ 0, 15, 14 ]
    }, {
      "vertices" : [ 0, 14, 11 ]
    }, {
      "vertices" : [ 8, 10, 16 ]
    }, {
      "vertices" : [ 8, 16, 14 ]
    }, {
      "vertices" : [ 8, 14, 15 ]
    } ]
  }, {
    "id" : "86bb6b6c-02e4-4d64-a803-629384f3e4b5",
    "vertices" : [ {
      "x" : 1.0,
      "y" : 0.309017,
      "z" : 0.19098301
    }, {
      "x" : 1.0,
      "y" : -0.309017,
      "z" : 0.19098301
    }, {
      "x" : 7.472136,
      "y" : -0.309017,
      "z" : 0.19098301
    }, {
      "x" : 7.472136,
      "y" : 0.309017,
      "z" : 0.19098301
    }, {
      "x" : 7.472136,
      "y" : -0.309017,
      "z" : -0.19098301
    }, {
      "x" : 7.472136,
      "y" : 0.309017,
      "z" : -0.19098301
    }, {
      "x" : 8.09017,
      "y" : 0.0,
      "z" : 0.0
    }, {
      "x" : 0.38196602,
      "y" : 0.0,
      "z" : 0.0
    }, {
      "x" : 1.0,
      "y" : 0.309017,
      "z" : -0.19098301
    }, {
      "x" : 1.0,
      "y" : -0.309017,
      "z" : -0.19098301
    }, {
      "x" : 8.472136,
      "y" : 0.0,
      "z" : 0.0
    } ],
    "faces" : [ {
      "vertices" : [ 1, 9, 4 ]
    }, {
      "vertices" : [ 1, 4, 2 ]
    }, {
      "vertices" : [ 0, 3, 5 ]
    }, {
      "vertices" : [ 0, 5, 8 ]
    }, {
      "vertices" : [ 1, 7, 9 ]
    }, {
      "vertices" : [ 0, 1, 2 ]
    }, {
      "vertices" : [ 0, 2, 3 ]
    }, {
      "vertices" : [ 7, 8, 9 ]
    }, {
      "vertices" : [ 0, 7, 1 ]
    }, {
      "vertices" : [ 4, 9, 8 ]
    }, {
      "vertices" : [ 4, 8, 5 ]
    }, {
      "vertices" : [ 2, 6, 3 ]
    }, {
      "vertices" : [ 2, 4, 6 ]
    }, {
      "vertices" : [ 3, 6, 5 ]
    }, {
      "vertices" : [ 4, 5, 6 ]
    }, {
      "vertices" : [ 0, 8, 7 ]
    } ]
  }, {
    "id" : "5358a3f9-5a84-4815-aa27-216b0f250d84",
    "vertices" : [ {
      "x" : -2.312929,
      "y" : -7.288106,
      "z" : -1.8390433
    }, {
      "x" : -2.2129288,
      "y" : -7.188106,
      "z" : -2.2390432
    }, {
      "x" : -0.30510515,
      "y" : -0.43867394,
      "z" : -0.4456574
    }, {
      "x" : -0.40510514,
      "y" : -0.53867394,
      "z" : -0.04565741
    }, {
      "x" : -2.512929,
      "y" : -6.9547725,
      "z" : -2.3723767
    }, {
      "x" : -2.6129289,
      "y" : -7.054773,
      "z" : -1.9723766
    }, {
      "x" : -0.10510514,
      "y" : -0.7720073,
      "z" : 0.08767592
    }, {
      "x" : -0.005105143,
      "y" : -0.67200726,
      "z" : -0.31232408
    } ],
    "faces" : [ {
      "vertices" : [ 2, 3, 6 ]
    }, {
      "vertices" : [ 2, 6, 7 ]
    }, {
      "vertices" : [ 0, 5, 4 ]
    }, {
      "vertices" : [ 0, 4, 1 ]
    }, {
      "vertices" : [ 2, 4, 5 ]
    }, {
      "vertices" : [ 2, 5, 3 ]
    }, {
      "vertices" : [ 0, 6, 3 ]
    }, {
      "vertices" : [ 0, 3, 5 ]
    }, {
      "vertices" : [ 0, 1, 7 ]
    }, {
      "vertices" : [ 0, 7, 6 ]
    }, {
      "vertices" : [ 1, 4, 2 ]
    }, {
      "vertices" : [ 1, 2, 7 ]
    } ]
  }, {
    "id" : "f242ceb6-b4bb-4e90-abce-ce2ff083663a",
    "vertices" : [ {
      "x" : -19.562305,
      "y" : 23.18034,
      "z" : 17.326239
    }, {
      "x" : -12.708204,
      "y" : 22.307661,
      "z" : 12.423503
    }, {
      "x" : -16.944271,
      "y" : 25.671051,
      "z" : 5.9027348
    }, {
      "x" : -23.798374,
      "y" : 26.54373,
      "z" : 10.8054695
    } ],
    "faces" : [ {
      "vertices" : [ 0, 1, 2 ]
    }, {
      "vertices" : [ 0, 2, 3 ]
    }, {
      "vertices" : [ 0, 3, 2 ]
    }, {
      "vertices" : [ 0, 2, 1 ]
    } ]
  }, {
    "id" : "ffd7592a-a1e3-4c77-8c25-e57a24cbed12",
    "vertices" : [ {
      "x" : 20.562305,
      "y" : 9.599458,
      "z" : 17.277605
    }, {
      "x" : 27.416409,
      "y" : 8.72678,
      "z" : 12.37487
    }, {
      "x" : 20.562305,
      "y" : 6.108746,
      "z" : 8.138803
    }, {
      "x" : 13.708204,
      "y" : 6.981424,
      "z" : 13.041537
    } ],
    "faces" : [ {
      "vertices" : [ 0, 1, 2 ]
    }, {
      "vertices" : [ 0, 2, 3 ]
    }, {
      "vertices" : [ 0, 3, 2 ]
    }, {
      "vertices" : [ 0, 2, 1 ]
    } ]
  }, {
    "id" : "ba1a1535-52fc-4b27-8a8c-dcf984de7e2e",
    "vertices" : [ {
      "x" : -4.236068,
      "y" : -3.618034,
      "z" : -24.798374
    }, {
      "x" : -2.618034,
      "y" : -14.708204,
      "z" : -20.562305
    }, {
      "x" : 6.854102,
      "y" : -7.854102,
      "z" : -23.18034
    } ],
    "faces" : [ {
      "vertices" : [ 0, 1, 2 ]
    }, {
      "vertices" : [ 0, 2, 1 ]
    } ]
  }, {
    "id" : "2d6e5a4b-25b4-4832-a6cb-a6873c04cbfb",
    "vertices" : [ {
      "x" : 2.618034,
      "y" : 2.490712,
      "z" : -11.423503
    }, {
      "x" : -11.09017,
      "y" : 0.74535596,
      "z" : -10.756837
    }, {
      "x" : -6.854102,
      "y" : -4.36339,
      "z" : -8.8054695
    } ],
    "faces" : [ {
      "vertices" : [ 0, 1, 2 ]
    }, {
      "vertices" : [ 0, 2, 1 ]
    } ]
  }, {
    "id" : "60294355-0e3a-46ce-8e20-dae367d0481c",
    "vertices" : [ {
      "x" : 3.236068,
      "y" : -11.708204,
      "z" : 35.888542
    }, {
      "x" : 10.09017,
      "y" : -12.580882,
      "z" : 30.98581
    }, {
      "x" : 12.708204,
      "y" : -8.344814,
      "z" : 24.131708
    }, {
      "x" : 5.854102,
      "y" : -7.472136,
      "z" : 29.034441
    } ],
    "faces" : [ {
      "vertices" : [ 0, 1, 2 ]
    }, {
      "vertices" : [ 0, 2, 3 ]
    }, {
      "vertices" : [ 0, 3, 2 ]
    }, {
      "vertices" : [ 0, 2, 1 ]
    } ]
  }, {
    "id" : "754c4f59-36e3-4f96-8296-718a7bf81ca1",
    "vertices" : [ {
      "x" : 2.618034,
      "y" : 14.708204,
      "z" : 20.562305
    }, {
      "x" : -1.618034,
      "y" : 18.071594,
      "z" : 14.041537
    }, {
      "x" : 5.236068,
      "y" : 17.198915,
      "z" : 9.138803
    }, {
      "x" : 9.472136,
      "y" : 13.8355255,
      "z" : 15.659572
    } ],
    "faces" : [ {
      "vertices" : [ 0, 1, 2 ]
    }, {
      "vertices" : [ 0, 2, 3 ]
    }, {
      "vertices" : [ 0, 3, 2 ]
    }, {
      "vertices" : [ 0, 2, 1 ]
    } ]
  }, {
    "id" : "02e39980-1dd7-4692-9151-93da3c3ad6ab",
    "vertices" : [ {
      "x" : -2.618034,
      "y" : -11.217492,
      "z" : -11.423503
    }, {
      "x" : -5.236068,
      "y" : -17.198915,
      "z" : -9.138803
    }, {
      "x" : 8.472136,
      "y" : -15.45356,
      "z" : -9.8054695
    } ],
    "faces" : [ {
      "vertices" : [ 0, 1, 2 ]
    }, {
      "vertices" : [ 0, 2, 1 ]
    } ]
  }, {
    "id" : "0fab9bfc-26e9-4b57-be2c-5536b7d3a2be",
    "vertices" : [ {
      "x" : -11.09017,
      "y" : 7.72678,
      "z" : 7.5207686
    }, {
      "x" : -17.944271,
      "y" : 5.108746,
      "z" : 3.2847006
    }, {
      "x" : -22.18034,
      "y" : 8.472136,
      "z" : -3.236068
    }, {
      "x" : -15.326238,
      "y" : 11.09017,
      "z" : 1.0
    } ],
    "faces" : [ {
      "vertices" : [ 0, 1, 2 ]
    }, {
      "vertices" : [ 0, 2, 3 ]
    }, {
      "vertices" : [ 0, 3, 2 ]
    }, {
      "vertices" : [ 0, 2, 1 ]
    } ]
  }, {
    "id" : "eca2ad64-2db4-4e6b-a181-e6d319fa9cc4",
    "vertices" : [ {
      "x" : 1.618034,
      "y" : -14.580882,
      "z" : -4.9027348
    }, {
      "x" : -6.854102,
      "y" : -4.36339,
      "z" : -8.8054695
    }, {
      "x" : -9.472136,
      "y" : -10.344814,
      "z" : -6.5207686
    } ],
    "faces" : [ {
      "vertices" : [ 0, 1, 2 ]
    }, {
      "vertices" : [ 0, 2, 1 ]
    } ]
  }, {
    "id" : "f0f4adfb-ab51-4fb4-a7e0-9999daba9dab",
    "vertices" : [ {
      "x" : 4.236068,
      "y" : -8.599458,
      "z" : -7.187435
    }, {
      "x" : 9.472136,
      "y" : 3.36339,
      "z" : -11.756837
    }, {
      "x" : 2.618034,
      "y" : 2.490712,
      "z" : -11.423503
    } ],
    "faces" : [ {
      "vertices" : [ 0, 1, 2 ]
    }, {
      "vertices" : [ 0, 2, 1 ]
    } ]
  }, {
    "id" : "fd11303c-e522-4bac-a87b-8b28b3bb8de3",
    "vertices" : [ {
      "x" : 7.854102,
      "y" : 24.925695,
      "z" : 11.423503
    }, {
      "x" : 5.236068,
      "y" : 17.198915,
      "z" : 9.138803
    }, {
      "x" : 7.854102,
      "y" : 21.434984,
      "z" : 2.2847006
    }, {
      "x" : 10.472136,
      "y" : 29.161764,
      "z" : 4.5694013
    } ],
    "faces" : [ {
      "vertices" : [ 0, 1, 2 ]
    }, {
      "vertices" : [ 0, 2, 3 ]
    }, {
      "vertices" : [ 0, 3, 2 ]
    }, {
      "vertices" : [ 0, 2, 1 ]
    } ]
  }, {
    "id" : "935f0c34-1354-47c6-963d-73376a220eca",
    "vertices" : [ {
      "x" : -1.618034,
      "y" : 14.580882,
      "z" : 4.9027348
    }, {
      "x" : -4.236068,
      "y" : 6.854102,
      "z" : 2.618034
    }, {
      "x" : 0.0,
      "y" : 0.0,
      "z" : 0.0
    }, {
      "x" : 2.618034,
      "y" : 7.72678,
      "z" : 2.2847006
    } ],
    "faces" : [ {
      "vertices" : [ 0, 1, 2 ]
    }, {
      "vertices" : [ 0, 2, 3 ]
    }, {
      "vertices" : [ 0, 3, 2 ]
    }, {
      "vertices" : [ 0, 2, 1 ]
    } ]
  }, {
    "id" : "e1d1ffe8-ffcb-449b-aafe-cfd0afac2f8e",
    "vertices" : [ {
      "x" : 22.18034,
      "y" : 2.0,
      "z" : 30.652475
    }, {
      "x" : 15.326238,
      "y" : -0.618034,
      "z" : 26.416409
    }, {
      "x" : 12.708204,
      "y" : -8.344814,
      "z" : 24.131708
    }, {
      "x" : 19.562305,
      "y" : -5.72678,
      "z" : 28.367775
    } ],
    "faces" : [ {
      "vertices" : [ 0, 1, 2 ]
    }, {
      "vertices" : [ 0, 2, 3 ]
    }, {
      "vertices" : [ 0, 3, 2 ]
    }, {
      "vertices" : [ 0, 2, 1 ]
    } ]
  }, {
    "id" : "5860d340-bc83-45f0-833c-493acae2623b",
    "vertices" : [ {
      "x" : -31.652475,
      "y" : 5.108746,
      "z" : 8.520768
    }, {
      "x" : -29.034441,
      "y" : 9.344814,
      "z" : 1.6666666
    }, {
      "x" : -22.18034,
      "y" : 8.472136,
      "z" : -3.236068
    }, {
      "x" : -24.798374,
      "y" : 4.236068,
      "z" : 3.618034
    } ],
    "faces" : [ {
      "vertices" : [ 0, 1, 2 ]
    }, {
      "vertices" : [ 0, 2, 3 ]
    }, {
      "vertices" : [ 0, 3, 2 ]
    }, {
      "vertices" : [ 0, 2, 1 ]
    } ]
  }, {
    "id" : "5c84a7ce-0ad3-4df6-9103-80c4683f84e0",
    "vertices" : [ {
      "x" : 22.18034,
      "y" : 2.0,
      "z" : 30.652475
    }, {
      "x" : 29.034441,
      "y" : 1.127322,
      "z" : 25.74974
    }, {
      "x" : 31.652475,
      "y" : 5.36339,
      "z" : 18.89564
    }, {
      "x" : 24.798374,
      "y" : 6.236068,
      "z" : 23.798374
    } ],
    "faces" : [ {
      "vertices" : [ 0, 1, 2 ]
    }, {
      "vertices" : [ 0, 2, 3 ]
    }, {
      "vertices" : [ 0, 3, 2 ]
    }, {
      "vertices" : [ 0, 2, 1 ]
    } ]
  }, {
    "id" : "70d2313d-560f-401c-8d87-2e224d5ff0b2",
    "vertices" : [ {
      "x" : 35.888542,
      "y" : -1.4907119,
      "z" : 16.277605
    }, {
      "x" : 33.27051,
      "y" : -9.217492,
      "z" : 13.992905
    }, {
      "x" : 29.034441,
      "y" : -5.854102,
      "z" : 7.472136
    }, {
      "x" : 31.652475,
      "y" : 1.872678,
      "z" : 9.756837
    } ],
    "faces" : [ {
      "vertices" : [ 0, 1, 2 ]
    }, {
      "vertices" : [ 0, 2, 3 ]
    }, {
      "vertices" : [ 0, 3, 2 ]
    }, {
      "vertices" : [ 0, 2, 1 ]
    } ]
  }, {
    "id" : "04923227-dc5e-47cb-be5e-42ada568d27d",
    "vertices" : [ {
      "x" : 31.652475,
      "y" : 5.36339,
      "z" : 18.89564
    }, {
      "x" : 35.888542,
      "y" : -1.4907119,
      "z" : 16.277605
    }, {
      "x" : 31.652475,
      "y" : 1.872678,
      "z" : 9.756837
    }, {
      "x" : 27.416409,
      "y" : 8.72678,
      "z" : 12.37487
    } ],
    "faces" : [ {
      "vertices" : [ 0, 1, 2 ]
    }, {
      "vertices" : [ 0, 2, 3 ]
    }, {
      "vertices" : [ 0, 3, 2 ]
    }, {
      "vertices" : [ 0, 2, 1 ]
    } ]
  }, {
    "id" : "79f5c064-cadf-4f36-83f2-368b77b8b0e9",
    "vertices" : [ {
      "x" : 2.618034,
      "y" : -1.0,
      "z" : -20.562305
    }, {
      "x" : 9.472136,
      "y" : -0.127322,
      "z" : -20.89564
    }, {
      "x" : -1.618034,
      "y" : 4.108746,
      "z" : -22.513674
    } ],
    "faces" : [ {
      "vertices" : [ 0, 1, 2 ]
    }, {
      "vertices" : [ 0, 2, 1 ]
    } ]
  }, {
    "id" : "d0fbff59-3e73-4c87-9954-97e0333b420e",
    "vertices" : [ {
      "x" : -9.472136,
      "y" : -3.36339,
      "z" : 11.756837
    }, {
      "x" : -2.618034,
      "y" : -4.236068,
      "z" : 6.854102
    }, {
      "x" : 0.0,
      "y" : 0.0,
      "z" : 0.0
    }, {
      "x" : -6.854102,
      "y" : 0.872678,
      "z" : 4.9027348
    } ],
    "faces" : [ {
      "vertices" : [ 0, 1, 2 ]
    }, {
      "vertices" : [ 0, 2, 3 ]
    }, {
      "vertices" : [ 0, 3, 2 ]
    }, {
      "vertices" : [ 0, 2, 1 ]
    } ]
  }, {
    "id" : "2d44d2d8-96d4-48d7-a8ab-e35c0bdbb923",
    "vertices" : [ {
      "x" : -2.0,
      "y" : -28.90712,
      "z" : 26.74974
    }, {
      "x" : -6.236068,
      "y" : -25.54373,
      "z" : 20.228973
    }, {
      "x" : 0.618034,
      "y" : -26.416409,
      "z" : 15.326238
    }, {
      "x" : 4.854102,
      "y" : -29.779799,
      "z" : 21.847006
    } ],
    "faces" : [ {
      "vertices" : [ 0, 1, 2 ]
    }, {
      "vertices" : [ 0, 2, 3 ]
    }, {
      "vertices" : [ 0, 3, 2 ]
    }, {
      "vertices" : [ 0, 2, 1 ]
    } ]
  }, {
    "id" : "0b83abb7-18eb-42d1-8cc8-9bcef3965cc1",
    "vertices" : [ {
      "x" : 29.034441,
      "y" : 1.127322,
      "z" : 25.74974
    }, {
      "x" : 33.27051,
      "y" : -5.72678,
      "z" : 23.131708
    }, {
      "x" : 35.888542,
      "y" : -1.4907119,
      "z" : 16.277605
    }, {
      "x" : 31.652475,
      "y" : 5.36339,
      "z" : 18.89564
    } ],
    "faces" : [ {
      "vertices" : [ 0, 1, 2 ]
    }, {
      "vertices" : [ 0, 2, 3 ]
    }, {
      "vertices" : [ 0, 3, 2 ]
    }, {
      "vertices" : [ 0, 2, 1 ]
    } ]
  }, {
    "id" : "ae2c3fa4-669c-4a46-be1a-a8f410f82701",
    "vertices" : [ {
      "x" : -33.27051,
      "y" : 16.198915,
      "z" : 4.284701
    }, {
      "x" : -26.416409,
      "y" : 15.326238,
      "z" : -0.618034
    }, {
      "x" : -22.18034,
      "y" : 8.472136,
      "z" : -3.236068
    }, {
      "x" : -29.034441,
      "y" : 9.344814,
      "z" : 1.6666666
    } ],
    "faces" : [ {
      "vertices" : [ 0, 1, 2 ]
    }, {
      "vertices" : [ 0, 2, 3 ]
    }, {
      "vertices" : [ 0, 3, 2 ]
    }, {
      "vertices" : [ 0, 2, 1 ]
    } ]
  }, {
    "id" : "147a9d7c-4bdb-4983-91f4-df1ae223bedf",
    "vertices" : [ {
      "x" : -18.944271,
      "y" : -3.236068,
      "z" : 32.652477
    }, {
      "x" : -16.326239,
      "y" : 1.0,
      "z" : 25.798374
    }, {
      "x" : -20.562305,
      "y" : 4.36339,
      "z" : 19.277605
    }, {
      "x" : -23.18034,
      "y" : 0.127322,
      "z" : 26.131708
    } ],
    "faces" : [ {
      "vertices" : [ 0, 1, 2 ]
    }, {
      "vertices" : [ 0, 2, 3 ]
    }, {
      "vertices" : [ 0, 3, 2 ]
    }, {
      "vertices" : [ 0, 2, 1 ]
    } ]
  }, {
    "id" : "a7831ea0-4b85-4ba7-ba4b-e2401c809187",
    "vertices" : [ {
      "x" : 0.0,
      "y" : -5.236068,
      "z" : -13.708204
    }, {
      "x" : -13.708204,
      "y" : -6.981424,
      "z" : -13.041537
    }, {
      "x" : -2.618034,
      "y" : -11.217492,
      "z" : -11.423503
    } ],
    "faces" : [ {
      "vertices" : [ 0, 1, 2 ]
    }, {
      "vertices" : [ 0, 2, 1 ]
    } ]
  }, {
    "id" : "835844bc-1f65-4f96-8a45-9f6d6f419603",
    "vertices" : [ {
      "x" : -17.326239,
      "y" : -21.307661,
      "z" : 18.610939
    }, {
      "x" : -21.562305,
      "y" : -17.944271,
      "z" : 12.09017
    }, {
      "x" : -18.944271,
      "y" : -13.708204,
      "z" : 5.236068
    }, {
      "x" : -14.708204,
      "y" : -17.071594,
      "z" : 11.756837
    } ],
    "faces" : [ {
      "vertices" : [ 0, 1, 2 ]
    }, {
      "vertices" : [ 0, 2, 3 ]
    }, {
      "vertices" : [ 0, 3, 2 ]
    }, {
      "vertices" : [ 0, 2, 1 ]
    } ]
  }, {
    "id" : "839a0e7f-539e-432e-af18-1d6c7f233047",
    "vertices" : [ {
      "x" : 18.944271,
      "y" : 24.18034,
      "z" : 22.18034
    }, {
      "x" : 25.798374,
      "y" : 23.307661,
      "z" : 17.277605
    }, {
      "x" : 28.416409,
      "y" : 27.54373,
      "z" : 10.423503
    }, {
      "x" : 21.562305,
      "y" : 28.416409,
      "z" : 15.326238
    } ],
    "faces" : [ {
      "vertices" : [ 0, 1, 2 ]
    }, {
      "vertices" : [ 0, 2, 3 ]
    }, {
      "vertices" : [ 0, 3, 2 ]
    }, {
      "vertices" : [ 0, 2, 1 ]
    } ]
  }, {
    "id" : "5b0b0bf6-c48d-40b3-b7ec-fcdce89df043",
    "vertices" : [ {
      "x" : -23.798374,
      "y" : 26.54373,
      "z" : 10.8054695
    }, {
      "x" : -16.944271,
      "y" : 25.671051,
      "z" : 5.9027348
    }, {
      "x" : -23.798374,
      "y" : 23.053019,
      "z" : 1.6666666
    }, {
      "x" : -30.652475,
      "y" : 23.925695,
      "z" : 6.5694013
    } ],
    "faces" : [ {
      "vertices" : [ 0, 1, 2 ]
    }, {
      "vertices" : [ 0, 2, 3 ]
    }, {
      "vertices" : [ 0, 3, 2 ]
    }, {
      "vertices" : [ 0, 2, 1 ]
    } ]
  }, {
    "id" : "57be8920-ac38-4ec6-9cdc-1ed922924ecb",
    "vertices" : [ {
      "x" : -6.854102,
      "y" : -7.854102,
      "z" : -17.944271
    }, {
      "x" : -9.472136,
      "y" : -13.8355255,
      "z" : -15.659572
    }, {
      "x" : 4.236068,
      "y" : -12.09017,
      "z" : -16.326239
    } ],
    "faces" : [ {
      "vertices" : [ 0, 1, 2 ]
    }, {
      "vertices" : [ 0, 2, 1 ]
    } ]
  }, {
    "id" : "92e62f3d-d0a5-419e-b74c-377db04c46e3",
    "vertices" : [ {
      "x" : 28.416409,
      "y" : 27.54373,
      "z" : 10.423503
    }, {
      "x" : 32.652477,
      "y" : 20.689629,
      "z" : 7.8054695
    }, {
      "x" : 28.416409,
      "y" : 24.053019,
      "z" : 1.2847006
    }, {
      "x" : 24.18034,
      "y" : 30.90712,
      "z" : 3.9027348
    } ],
    "faces" : [ {
      "vertices" : [ 0, 1, 2 ]
    }, {
      "vertices" : [ 0, 2, 3 ]
    }, {
      "vertices" : [ 0, 3, 2 ]
    }, {
      "vertices" : [ 0, 2, 1 ]
    } ]
  }, {
    "id" : "0f1c5f4d-3f0b-4aac-a9f3-87dba8a13675",
    "vertices" : [ {
      "x" : 0.0,
      "y" : 10.472136,
      "z" : 27.416409
    }, {
      "x" : 2.618034,
      "y" : 14.708204,
      "z" : 20.562305
    }, {
      "x" : 9.472136,
      "y" : 13.8355255,
      "z" : 15.659572
    }, {
      "x" : 6.854102,
      "y" : 9.599458,
      "z" : 22.513674
    } ],
    "faces" : [ {
      "vertices" : [ 0, 1, 2 ]
    }, {
      "vertices" : [ 0, 2, 3 ]
    }, {
      "vertices" : [ 0, 3, 2 ]
    }, {
      "vertices" : [ 0, 2, 1 ]
    } ]
  }, {
    "id" : "8f11a9f3-69bf-4424-8fb1-6042e70e61df",
    "vertices" : [ {
      "x" : -23.798374,
      "y" : 23.053019,
      "z" : 1.6666666
    }, {
      "x" : -19.562305,
      "y" : 16.198915,
      "z" : -0.9513673
    }, {
      "x" : -22.18034,
      "y" : 8.472136,
      "z" : -3.236068
    }, {
      "x" : -26.416409,
      "y" : 15.326238,
      "z" : -0.618034
    } ],
    "faces" : [ {
      "vertices" : [ 0, 1, 2 ]
    }, {
      "vertices" : [ 0, 2, 3 ]
    }, {
      "vertices" : [ 0, 3, 2 ]
    }, {
      "vertices" : [ 0, 2, 1 ]
    } ]
  }, {
    "id" : "8ccfc5d9-56b1-4041-94b8-a4692af5e3e9",
    "vertices" : [ {
      "x" : 15.326238,
      "y" : -0.618034,
      "z" : 26.416409
    }, {
      "x" : 11.09017,
      "y" : 2.745356,
      "z" : 19.89564
    }, {
      "x" : 8.472136,
      "y" : -4.981424,
      "z" : 17.610939
    }, {
      "x" : 12.708204,
      "y" : -8.344814,
      "z" : 24.131708
    } ],
    "faces" : [ {
      "vertices" : [ 0, 1, 2 ]
    }, {
      "vertices" : [ 0, 2, 3 ]
    }, {
      "vertices" : [ 0, 3, 2 ]
    }, {
      "vertices" : [ 0, 2, 1 ]
    } ]
  }, {
    "id" : "a18e0f46-4d7b-421a-8c0d-5da4dfbcb674",
    "vertices" : [ {
      "x" : 0.0,
      "y" : -5.236068,
      "z" : -13.708204
    }, {
      "x" : 5.236068,
      "y" : 6.72678,
      "z" : -18.277605
    }, {
      "x" : -4.236068,
      "y" : -0.127322,
      "z" : -15.659572
    } ],
    "faces" : [ {
      "vertices" : [ 0, 1, 2 ]
    }, {
      "vertices" : [ 0, 2, 1 ]
    } ]
  }, {
    "id" : "65650ae5-a512-410b-8d1b-5298c66c9415",
    "vertices" : [ {
      "x" : -12.708204,
      "y" : 22.307661,
      "z" : 12.423503
    }, {
      "x" : -16.944271,
      "y" : 25.671051,
      "z" : 5.9027348
    }, {
      "x" : -12.708204,
      "y" : 18.81695,
      "z" : 3.2847006
    }, {
      "x" : -8.472136,
      "y" : 15.45356,
      "z" : 9.8054695
    } ],
    "faces" : [ {
      "vertices" : [ 0, 1, 2 ]
    }, {
      "vertices" : [ 0, 2, 3 ]
    }, {
      "vertices" : [ 0, 3, 2 ]
    }, {
      "vertices" : [ 0, 2, 1 ]
    } ]
  }, {
    "id" : "675dc8e2-2684-4684-95d0-bccdd2210fe0",
    "vertices" : [ {
      "x" : 19.562305,
      "y" : -5.72678,
      "z" : 28.367775
    }, {
      "x" : 12.708204,
      "y" : -8.344814,
      "z" : 24.131708
    }, {
      "x" : 16.944271,
      "y" : -15.1989155,
      "z" : 21.513674
    }, {
      "x" : 23.798374,
      "y" : -12.580882,
      "z" : 25.74974
    } ],
    "faces" : [ {
      "vertices" : [ 0, 1, 2 ]
    }, {
      "vertices" : [ 0, 2, 3 ]
    }, {
      "vertices" : [ 0, 3, 2 ]
    }, {
      "vertices" : [ 0, 2, 1 ]
    } ]
  }, {
    "id" : "0586340f-394d-4569-baf2-de1bc39678f3",
    "vertices" : [ {
      "x" : -22.18034,
      "y" : 18.944271,
      "z" : 24.18034
    }, {
      "x" : -26.416409,
      "y" : 22.307661,
      "z" : 17.65957
    }, {
      "x" : -33.27051,
      "y" : 19.689629,
      "z" : 13.423503
    }, {
      "x" : -29.034441,
      "y" : 16.326239,
      "z" : 19.944271
    } ],
    "faces" : [ {
      "vertices" : [ 0, 1, 2 ]
    }, {
      "vertices" : [ 0, 2, 3 ]
    }, {
      "vertices" : [ 0, 3, 2 ]
    }, {
      "vertices" : [ 0, 2, 1 ]
    } ]
  }, {
    "id" : "5632092b-fcad-41e1-8efe-7ccacbaeb876",
    "vertices" : [ {
      "x" : -30.034441,
      "y" : -2.490712,
      "z" : 21.89564
    }, {
      "x" : -27.416409,
      "y" : 1.745356,
      "z" : 15.041537
    }, {
      "x" : -30.034441,
      "y" : -5.981424,
      "z" : 12.756837
    }, {
      "x" : -32.652477,
      "y" : -10.217492,
      "z" : 19.610939
    } ],
    "faces" : [ {
      "vertices" : [ 0, 1, 2 ]
    }, {
      "vertices" : [ 0, 2, 3 ]
    }, {
      "vertices" : [ 0, 3, 2 ]
    }, {
      "vertices" : [ 0, 2, 1 ]
    } ]
  }, {
    "id" : "8c2c6aa5-ab02-4fa2-8072-c40a1628ed1e",
    "vertices" : [ {
      "x" : 18.944271,
      "y" : 24.18034,
      "z" : 22.18034
    }, {
      "x" : 12.09017,
      "y" : 21.562305,
      "z" : 17.944271
    }, {
      "x" : 9.472136,
      "y" : 13.8355255,
      "z" : 15.659572
    }, {
      "x" : 16.326239,
      "y" : 16.45356,
      "z" : 19.89564
    } ],
    "faces" : [ {
      "vertices" : [ 0, 1, 2 ]
    }, {
      "vertices" : [ 0, 2, 3 ]
    }, {
      "vertices" : [ 0, 3, 2 ]
    }, {
      "vertices" : [ 0, 2, 1 ]
    } ]
  }, {
    "id" : "8c39451c-5304-4e9b-bb52-cd8a3c055f2c",
    "vertices" : [ {
      "x" : 8.472136,
      "y" : -4.981424,
      "z" : 17.610939
    }, {
      "x" : 11.09017,
      "y" : -0.74535596,
      "z" : 10.756837
    }, {
      "x" : 15.326238,
      "y" : -7.5994577,
      "z" : 8.138803
    }, {
      "x" : 12.708204,
      "y" : -11.8355255,
      "z" : 14.992905
    } ],
    "faces" : [ {
      "vertices" : [ 0, 1, 2 ]
    }, {
      "vertices" : [ 0, 2, 3 ]
    }, {
      "vertices" : [ 0, 3, 2 ]
    }, {
      "vertices" : [ 0, 2, 1 ]
    } ]
  }, {
    "id" : "00c8b57d-b31f-4a8c-8518-c7f583907866",
    "vertices" : [ {
      "x" : -6.854102,
      "y" : 7.854102,
      "z" : 23.18034
    }, {
      "x" : -9.472136,
      "y" : 0.127322,
      "z" : 20.89564
    }, {
      "x" : -13.708204,
      "y" : 3.490712,
      "z" : 14.37487
    }, {
      "x" : -11.09017,
      "y" : 11.217492,
      "z" : 16.65957
    } ],
    "faces" : [ {
      "vertices" : [ 0, 1, 2 ]
    }, {
      "vertices" : [ 0, 2, 3 ]
    }, {
      "vertices" : [ 0, 3, 2 ]
    }, {
      "vertices" : [ 0, 2, 1 ]
    } ]
  }, {
    "id" : "96f6cdbc-ca91-464c-a151-1e142ac8e3f7",
    "vertices" : [ {
      "x" : 6.854102,
      "y" : 9.599458,
      "z" : 22.513674
    }, {
      "x" : 9.472136,
      "y" : 13.8355255,
      "z" : 15.659572
    }, {
      "x" : 13.708204,
      "y" : 6.981424,
      "z" : 13.041537
    }, {
      "x" : 11.09017,
      "y" : 2.745356,
      "z" : 19.89564
    } ],
    "faces" : [ {
      "vertices" : [ 0, 1, 2 ]
    }, {
      "vertices" : [ 0, 2, 3 ]
    }, {
      "vertices" : [ 0, 3, 2 ]
    }, {
      "vertices" : [ 0, 2, 1 ]
    } ]
  }, {
    "id" : "12871fe6-e2db-4305-af45-2df83d3a2d5c",
    "vertices" : [ {
      "x" : -4.236068,
      "y" : 13.8355255,
      "z" : 20.89564
    }, {
      "x" : -11.09017,
      "y" : 11.217492,
      "z" : 16.65957
    }, {
      "x" : -8.472136,
      "y" : 15.45356,
      "z" : 9.8054695
    }, {
      "x" : -1.618034,
      "y" : 18.071594,
      "z" : 14.041537
    } ],
    "faces" : [ {
      "vertices" : [ 0, 1, 2 ]
    }, {
      "vertices" : [ 0, 2, 3 ]
    }, {
      "vertices" : [ 0, 3, 2 ]
    }, {
      "vertices" : [ 0, 2, 1 ]
    } ]
  }, {
    "id" : "bbcdbcc5-e92a-4699-a1b0-081957319828",
    "vertices" : [ {
      "x" : -18.944271,
      "y" : -3.236068,
      "z" : 32.652477
    }, {
      "x" : -25.798374,
      "y" : -5.854102,
      "z" : 28.416409
    }, {
      "x" : -28.416409,
      "y" : -13.580882,
      "z" : 26.131708
    }, {
      "x" : -21.562305,
      "y" : -10.962848,
      "z" : 30.367775
    } ],
    "faces" : [ {
      "vertices" : [ 0, 1, 2 ]
    }, {
      "vertices" : [ 0, 2, 3 ]
    }, {
      "vertices" : [ 0, 3, 2 ]
    }, {
      "vertices" : [ 0, 2, 1 ]
    } ]
  }, {
    "id" : "5d49da0f-841a-4bcc-99b8-6a7ce5b536bd",
    "vertices" : [ {
      "x" : -6.854102,
      "y" : -4.36339,
      "z" : -8.8054695
    }, {
      "x" : 1.618034,
      "y" : -14.580882,
      "z" : -4.9027348
    }, {
      "x" : 4.236068,
      "y" : -8.599458,
      "z" : -7.187435
    } ],
    "faces" : [ {
      "vertices" : [ 0, 1, 2 ]
    }, {
      "vertices" : [ 0, 2, 1 ]
    } ]
  }, {
    "id" : "03a1dbd5-a24f-469d-8f20-994b297e57a0",
    "vertices" : [ {
      "x" : 23.798374,
      "y" : -16.071594,
      "z" : 16.610939
    }, {
      "x" : 19.562305,
      "y" : -12.708204,
      "z" : 10.09017
    }, {
      "x" : 22.18034,
      "y" : -8.472136,
      "z" : 3.236068
    }, {
      "x" : 26.416409,
      "y" : -11.8355255,
      "z" : 9.756837
    } ],
    "faces" : [ {
      "vertices" : [ 0, 1, 2 ]
    }, {
      "vertices" : [ 0, 2, 3 ]
    }, {
      "vertices" : [ 0, 3, 2 ]
    }, {
      "vertices" : [ 0, 2, 1 ]
    } ]
  }, {
    "id" : "262e22ad-e85f-4a42-9073-9209b58e0f47",
    "vertices" : [ {
      "x" : -21.562305,
      "y" : -10.962848,
      "z" : 30.367775
    }, {
      "x" : -28.416409,
      "y" : -13.580882,
      "z" : 26.131708
    }, {
      "x" : -24.18034,
      "y" : -20.434984,
      "z" : 23.513674
    }, {
      "x" : -17.326239,
      "y" : -17.81695,
      "z" : 27.74974
    } ],
    "faces" : [ {
      "vertices" : [ 0, 1, 2 ]
    }, {
      "vertices" : [ 0, 2, 3 ]
    }, {
      "vertices" : [ 0, 3, 2 ]
    }, {
      "vertices" : [ 0, 2, 1 ]
    } ]
  }, {
    "id" : "864eddac-a39b-4af3-9217-3a187e2e866a",
    "vertices" : [ {
      "x" : 28.416409,
      "y" : 24.053019,
      "z" : 1.2847006
    }, {
      "x" : 25.798374,
      "y" : 16.326239,
      "z" : -1.0
    }, {
      "x" : 18.944271,
      "y" : 13.708204,
      "z" : -5.236068
    }, {
      "x" : 21.562305,
      "y" : 21.434984,
      "z" : -2.9513674
    } ],
    "faces" : [ {
      "vertices" : [ 0, 1, 2 ]
    }, {
      "vertices" : [ 0, 2, 3 ]
    }, {
      "vertices" : [ 0, 3, 2 ]
    }, {
      "vertices" : [ 0, 2, 1 ]
    } ]
  }, {
    "id" : "c9b4b4c5-ab85-4a57-9c85-0746dc9e05c3",
    "vertices" : [ {
      "x" : -15.326238,
      "y" : 18.071594,
      "z" : 19.277605
    }, {
      "x" : -11.09017,
      "y" : 11.217492,
      "z" : 16.65957
    }, {
      "x" : -8.472136,
      "y" : 15.45356,
      "z" : 9.8054695
    }, {
      "x" : -12.708204,
      "y" : 22.307661,
      "z" : 12.423503
    } ],
    "faces" : [ {
      "vertices" : [ 0, 1, 2 ]
    }, {
      "vertices" : [ 0, 2, 3 ]
    }, {
      "vertices" : [ 0, 3, 2 ]
    }, {
      "vertices" : [ 0, 2, 1 ]
    } ]
  }, {
    "id" : "e303ec37-d8b9-4780-8dfa-c0f997545295",
    "vertices" : [ {
      "x" : 22.18034,
      "y" : 2.0,
      "z" : 30.652475
    }, {
      "x" : 19.562305,
      "y" : -5.72678,
      "z" : 28.367775
    }, {
      "x" : 23.798374,
      "y" : -12.580882,
      "z" : 25.74974
    }, {
      "x" : 26.416409,
      "y" : -4.854102,
      "z" : 28.034441
    } ],
    "faces" : [ {
      "vertices" : [ 0, 1, 2 ]
    }, {
      "vertices" : [ 0, 2, 3 ]
    }, {
      "vertices" : [ 0, 3, 2 ]
    }, {
      "vertices" : [ 0, 2, 1 ]
    } ]
  }, {
    "id" : "d3c37598-e98b-48e6-a034-3d2df673be3f",
    "vertices" : [ {
      "x" : -10.472136,
      "y" : -18.689629,
      "z" : 22.847006
    }, {
      "x" : -17.326239,
      "y" : -21.307661,
      "z" : 18.610939
    }, {
      "x" : -14.708204,
