{
  "field" : "golden",
  "symmetry" : "icosahedral",
  "orientations" : [ [ 1.0, 0.0, 0.0, 0.0, 0.0, 1.0, 0.0, 0.0, 0.0, 0.0, 1.0, 0.0, 0.0, 0.0, 0.0, 1.0 ], [ 0.0, 0.0, 1.0, 0.0, 1.0, 0.0, 0.0, 0.0, 0.0, 1.0, 0.0, 0.0, 0.0, 0.0, 0.0, 1.0 ], [ 0.0, 1.0, 0.0, 0.0, 0.0, 0.0, 1.0, 0.0, 1.0, 0.0, 0.0, 0.0, 0.0, 0.0, 0.0, 1.0 ], [ 0.809017, 0.309017, 0.5, 0.0, 0.309017, 0.5, -0.809017, 0.0, -0.5, 0.809017, 0.309017, 0.0, 0.0, 0.0, 0.0, 1.0 ], [ -0.5, 0.809017, 0.309017, 0.0, 0.809017, 0.309017, 0.5, 0.0, 0.309017, 0.5, -0.809017, 0.0, 0.0, 0.0, 0.0, 1.0 ], [ 0.309017, 0.5, -0.809017, 0.0, -0.5, 0.809017, 0.309017, 0.0, 0.809017, 0.309017, 0.5, 0.0, 0.0, 0.0, 0.0, 1.0 ], [ 0.5, 0.809017, 0.309017, 0.0, 0.809017, -0.309017, -0.5, 0.0, -0.309017, 0.5, -0.809017, 0.0, 0.0, 0.0, 0.0, 1.0 ], [ -0.309017, 0.5, -0.809017, 0.0, 0.5, 0.809017, 0.309017, 0.0, 0.809017, -0.309017, -0.5, 0.0, 0.0, 0.0, 0.0, 1.0 ], [ 0.809017, -0.309017, -0.5, 0.0, -0.309017, 0.5, -0.809017, 0.0, 0.5, 0.809017, 0.309017, 0.0, 0.0, 0.0, 0.0, 1.0 ], [ 0.5, 0.809017, -0.309017, 0.0, 0.809017, -0.309017, 0.5, 0.0, 0.309017, -0.5, -0.809017, 0.0, 0.0, 0.0, 0.0, 1.0 ], [ 0.309017, -0.5, -0.809017, 0.0, 0.5, 0.809017, -0.309017, 0.0, 0.809017, -0.309017, 0.5, 0.0, 0.0, 0.0, 0.0, 1.0 ], [ 0.809017, -0.309017, 0.5, 0.0, 0.309017, -0.5, -0.809017, 0.0, 0.5, 0.809017, -0.309017, 0.0, 0.0, 0.0, 0.0, 1.0 ], [ 0.809017, 0.309017, -0.5, 0.0, 0.309017, 0.5, 0.809017, 0.0, 0.5, -0.809017, 0.309017, 0.0, 0.0, 0.0, 0.0, 1.0 ], [ 0.5, -0.809017, 0.309017, 0.0, 0.809017, 0.309017, -0.5, 0.0, 0.309017, 0.5, 0.809017, 0.0, 0.0, 0.0, 0.0, 1.0 ], [ 0.309017, 0.5, 0.809017, 0.0, 0.5, -0.809017, 0.309017, 0.0, 0.809017, 0.309017, -0.5, 0.0, 0.0, 0.0, 0.0, 1.0 ], [ 1.0, 0.0, 0.0, 0.0, 0.0, -1.0, 0.0, 0.0, 0.0, 0.0, -1.0, 0.0, 0.0, 0.0, 0.0, 1.0 ], [ 0.0, 0.0, 1.0, 0.0, -1.0, 0.0, 0.0, 0.0, 0.0, -1.0, 0.0, 0.0, 0.0, 0.0, 0.0, 1.0 ], [ 0.0, 1.0, 0.0, 0.0, 0.0, 0.0, -1.0, 0.0, -1.0, 0.0, 0.0, 0.0, 0.0, 0.0, 0.0, 1.0 ], [ 0.809017, 0.309017, 0.5, 0.0, -0.309017, -0.5, 0.809017, 0.0, 0.5, -0.809017, -0.309017, 0.0, 0.0, 0.0, 0.0, 1.0 ], [ -0.5, 0.809017, 0.309017, 0.0, -0.809017, -0.309017, -0.5, 0.0, -0.309017, -0.5, 0.809017, 0.0, 0.0, 0.0, 0.0, 1.0 ], [ 0.309017, 0.5, -0.809017, 0.0, 0.5, -0.809017, -0.309017, 0.0, -0.809017, -0.309017, -0.5, 0.0, 0.0, 0.0, 0.0, 1.0 ], [ 0.5, 0.809017, 0.309017, 0.0, -0.809017, 0.309017, 0.5, 0.0, 0.309017, -0.5, 0.809017, 0.0, 0.0, 0.0, 0.0, 1.0 ], [ -0.309017, 0.5, -0.809017, 0.0, -0.5, -0.809017, -0.309017, 0.0, -0.809017, 0.309017, 0.5, 0.0, 0.0, 0.0, 0.0, 1.0 ], [ 0.809017, -0.309017, -0.5, 0.0, 0.309017, -0.5, 0.809017, 0.0, -0.5, -0.809017, -0.309017, 0.0, 0.0, 0.0, 0.0, 1.0 ], [ 0.5, 0.809017, -0.309017, 0.0, -0.809017, 0.309017, -0.5, 0.0, -0.309017, 0.5, 0.809017, 0.0, 0.0, 0.0, 0.0, 1.0 ], [ 0.309017, -0.5, -0.809017, 0.0, -0.5, -0.809017, 0.309017, 0.0, -0.809017, 0.309017, -0.5, 0.0, 0.0, 0.0, 0.0, 1.0 ], [ 0.809017, -0.309017, 0.5, 0.0, -0.309017, 0.5, 0.809017, 0.0, -0.5, -0.809017, 0.309017, 0.0, 0.0, 0.0, 0.0, 1.0 ], [ 0.809017, 0.309017, -0.5, 0.0, -0.309017, -0.5, -0.809017, 0.0, -0.5, 0.809017, -0.309017, 0.0, 0.0, 0.0, 0.0, 1.0 ], [ 0.5, -0.809017, 0.309017, 0.0, -0.809017, -0.309017, 0.5, 0.0, -0.309017, -0.5, -0.809017, 0.0, 0.0, 0.0, 0.0, 1.0 ], [ 0.309017, 0.5, 0.809017, 0.0, -0.5, 0.809017, -0.309017, 0.0, -0.809017, -0.309017, 0.5, 0.0, 0.0, 0.0, 0.0, 1.0 ], [ -1.0, 0.0, 0.0, 0.0, 0.0, -1.0, 0.0, 0.0, 0.0, 0.0, 1.0, 0.0, 0.0, 0.0, 0.0, 1.0 ], [ 0.0, 0.0, -1.0, 0.0, -1.0, 0.0, 0.0, 0.0, 0.0, 1.0, 0.0, 0.0, 0.0, 0.0, 0.0, 1.0 ], [ 0.0, -1.0, 0.0, 0.0, 0.0, 0.0, -1.0, 0.0, 1.0, 0.0, 0.0, 0.0, 0.0, 0.0, 0.0, 1.0 ], [ -0.809017, -0.309017, -0.5, 0.0, -0.309017, -0.5, 0.809017, 0.0, -0.5, 0.809017, 0.309017, 0.0, 0.0, 0.0, 0.0, 1.0 ], [ 0.5, -0.809017, -0.309017, 0.0, -0.809017, -0.309017, -0.5, 0.0, 0.309017, 0.5, -0.809017, 0.0, 0.0, 0.0, 0.0, 1.0 ], [ -0.309017, -0.5, 0.809017, 0.0, 0.5, -0.809017, -0.309017, 0.0, 0.809017, 0.309017, 0.5, 0.0, 0.0, 0.0, 0.0, 1.0 ], [ -0.5, -0.809017, -0.309017, 0.0, -0.809017, 0.309017, 0.5, 0.0, -0.309017, 0.5, -0.809017, 0.0, 0.0, 0.0, 0.0, 1.0 ], [ 0.309017, -0.5, 0.809017, 0.0, -0.5, -0.809017, -0.309017, 0.0, 0.809017, -0.309017, -0.5, 0.0, 0.0, 0.0, 0.0, 1.0 ], [ -0.809017, 0.309017, 0.5, 0.0, 0.309017, -0.5, 0.809017, 0.0, 0.5, 0.809017, 0.309017, 0.0, 0.0, 0.0, 0.0, 1.0 ], [ -0.5, -0.809017, 0.309017, 0.0, -0.809017, 0.309017, -0.5, 0.0, 0.309017, -0.5, -0.809017, 0.0, 0.0, 0.0, 0.0, 1.0 ], [ -0.309017, 0.5, 0.809017, 0.0, -0.5, -0.809017, 0.309017, 0.0, 0.809017, -0.309017, 0.5, 0.0, 0.0, 0.0, 0.0, 1.0 ], [ -0.809017, 0.309017, -0.5, 0.0, -0.309017, 0.5, 0.809017, 0.0, 0.5, 0.809017, -0.309017, 0.0, 0.0, 0.0, 0.0, 1.0 ], [ -0.809017, -0.309017, 0.5, 0.0, -0.309017, -0.5, -0.809017, 0.0, 0.5, -0.809017, 0.309017, 0.0, 0.0, 0.0, 0.0, 1.0 ], [ -0.5, 0.809017, -0.309017, 0.0, -0.809017, -0.309017, 0.5, 0.0, 0.309017, 0.5, 0.809017, 0.0, 0.0, 0.0, 0.0, 1.0 ], [ -0.309017, -0.5, -0.809017, 0.0, -0.5, 0.809017, -0.309017, 0.0, 0.809017, 0.309017, -0.5, 0.0, 0.0, 0.0, 0.0, 1.0 ], [ -1.0, 0.0, 0.0, 0.0, 0.0, 1.0, 0.0, 0.0, 0.0, 0.0, -1.0, 0.0, 0.0, 0.0, 0.0, 1.0 ], [ 0.0, 0.0, -1.0, 0.0, 1.0, 0.0, 0.0, 0.0, 0.0, -1.0, 0.0, 0.0, 0.0, 0.0, 0.0, 1.0 ], [ 0.0, -1.0, 0.0, 0.0, 0.0, 0.0, 1.0, 0.0, -1.0, 0.0, 0.0, 0.0, 0.0, 0.0, 0.0, 1.0 ], [ -0.809017, -0.309017, -0.5, 0.0, 0.309017, 0.5, -0.809017, 0.0, 0.5, -0.809017, -0.309017, 0.0, 0.0, 0.0, 0.0, 1.0 ], [ 0.5, -0.809017, -0.309017, 0.0, 0.809017, 0.309017, 0.5, 0.0, -0.309017, -0.5, 0.809017, 0.0, 0.0, 0.0, 0.0, 1.0 ], [ -0.309017, -0.5, 0.809017, 0.0, -0.5, 0.809017, 0.309017, 0.0, -0.809017, -0.309017, -0.5, 0.0, 0.0, 0.0, 0.0, 1.0 ], [ -0.5, -0.809017, -0.309017, 0.0, 0.809017, -0.309017, -0.5, 0.0, 0.309017, -0.5, 0.809017, 0.0, 0.0, 0.0, 0.0, 1.0 ], [ 0.309017, -0.5, 0.809017, 0.0, 0.5, 0.809017, 0.309017, 0.0, -0.809017, 0.309017, 0.5, 0.0, 0.0, 0.0, 0.0, 1.0 ], [ -0.809017, 0.309017, 0.5, 0.0, -0.309017, 0.5, -0.809017, 0.0, -0.5, -0.809017, -0.309017, 0.0, 0.0, 0.0, 0.0, 1.0 ], [ -0.5, -0.809017, 0.309017, 0.0, 0.809017, -0.309017, 0.5, 0.0, -0.309017, 0.5, 0.809017, 0.0, 0.0, 0.0, 0.0, 1.0 ], [ -0.309017, 0.5, 0.809017, 0.0, 0.5, 0.809017, -0.309017, 0.0, -0.809017, 0.309017, -0.5, 0.0, 0.0, 0.0, 0.0, 1.0 ], [ -0.809017, 0.309017, -0.5, 0.0, 0.309017, -0.5, -0.809017, 0.0, -0.5, -0.809017, 0.309017, 0.0, 0.0, 0.0, 0.0, 1.0 ], [ -0.809017, -0.309017, 0.5, 0.0, 0.309017, 0.5, 0.809017, 0.0, -0.5, 0.809017, -0.309017, 0.0, 0.0, 0.0, 0.0, 1.0 ], [ -0.5, 0.809017, -0.309017, 0.0, 0.809017, 0.309017, -0.5, 0.0, -0.309017, -0.5, -0.809017, 0.0, 0.0, 0.0, 0.0, 1.0 ], [ -0.309017, -0.5, -0.809017, 0.0, 0.5, -0.809017, 0.309017, 0.0, -0.809017, -0.309017, 0.5, 0.0, 0.0, 0.0, 0.0, 1.0 ] ],
  "lights" : {
    "ambientColor" : "#292929",
    "backgroundColor" : "#D8EBFF",
    "directionalLights" : [ {
      "direction" : {
        "x" : 1.0,
        "y" : -1.0,
        "z" : -1.0
      },
      "color" : "#EBEBE4"
    }, {
      "direction" : {
        "x" : -1.0,
        "y" : 0.0,
        "z" : 0.0
      },
      "color" : "#E4E4EB"
    }, {
      "direction" : {
        "x" : 0.0,
        "y" : 0.0,
        "z" : -1.0
      },
      "color" : "#1E1E1E"
    } ]
  },
  "camera" : {
    "width" : 70.13185,
    "stereo" : false,
    "lookDirection" : {
      "x" : 0.0020334274,
      "y" : -0.019594481,
      "z" : -0.99980545
    },
    "upDirection" : {
      "x" : -0.024705645,
      "y" : 0.99949896,
      "z" : -0.019638633
    },
    "lookAtPoint" : {
      "x" : 0.0,
      "y" : 0.0,
      "z" : 0.0
    },
    "viewDistance" : 155.84773,
    "nearClipDistance" : 0.38962126,
    "farClipDistance" : 311.69623,
    "fieldOfView" : 0.44263116,
    "perspective" : true,
    "position" : {
      "x" : -0.31690505,
      "y" : 3.0537555,
      "z" : 155.81741
    }
  },
  "embedding" : [ 1.0, 0.0, 0.0, 0.0, 0.0, 1.0, 0.0, 0.0, 0.0, 0.0, 1.0, 0.0, 0.0, 0.0, 0.0, 1.0 ],
  "shapes" : [ {
    "id" : "8d8b8c57-b5b5-4e3b-a86b-d9a162536010",
    "vertices" : [ {
      "x" : -22.18034,
      "y" : 0.0,
      "z" : 0.0
    }, {
      "x" : -19.069708,
      "y" : -2.6353688,
      "z" : 1.6287476
    }, {
      "x" : -5.892864,
      "y" : 6.8994856,
      "z" : 17.056465
    }, {
      "x" : -6.854102,
      "y" : 11.09017,
      "z" : 17.944271
    } ],
    "faces" : [ {
      "vertices" : [ 0, 1, 2 ]
    }, {
      "vertices" : [ 0, 2, 3 ]
    }, {
      "vertices" : [ 0, 3, 2 ]
    }, {
      "vertices" : [ 0, 2, 1 ]
    } ]
  }, {
    "id" : "12fa6c67-f825-41e7-affe-1821c00c62b8",
    "vertices" : [ {
      "x" : 11.09017,
      "y" : -17.944271,
      "z" : -6.854102
    }, {
      "x" : 12.170223,
      "y" : -13.798971,
      "z" : -5.892864
    }, {
      "x" : 2.6353688,
      "y" : 1.6287476,
      "z" : -19.069708
    }, {
      "x" : 0.0,
      "y" : 0.0,
      "z" : -22.18034
    } ],
    "faces" : [ {
      "vertices" : [ 0, 1, 2 ]
    }, {
      "vertices" : [ 0, 2, 3 ]
    }, {
      "vertices" : [ 0, 3, 2 ]
    }, {
      "vertices" : [ 0, 2, 1 ]
    } ]
  }, {
    "id" : "5831a0db-39d6-4785-b0c3-6bef710182e9",
    "vertices" : [ {
      "x" : 17.944271,
      "y" : 0.0,
      "z" : 0.0
    }, {
      "x" : 19.069708,
      "y" : -2.6353688,
      "z" : 1.6287476
    }, {
      "x" : 5.892864,
      "y" : -12.170223,
      "z" : -13.798971
    }, {
      "x" : 5.545085,
      "y" : -8.972136,
      "z" : -14.5172205
    } ],
    "faces" : [ {
      "vertices" : [ 0, 1, 2 ]
    }, {
      "vertices" : [ 0, 2, 3 ]
    }, {
      "vertices" : [ 0, 3, 2 ]
    }, {
      "vertices" : [ 0, 2, 1 ]
    } ]
  }, {
    "id" : "208672d0-b258-4f89-a810-532b030bf6a6",
    "vertices" : [ {
      "x" : -14.5172205,
      "y" : -5.545085,
      "z" : -8.972136
    }, {
      "x" : -15.427718,
      "y" : -3.2574952,
      "z" : -11.163602
    }, {
      "x" : 5.892864,
      "y" : -6.8994856,
      "z" : -17.056465
    }, {
      "x" : 5.545085,
      "y" : -8.972136,
      "z" : -14.5172205
    } ],
    "faces" : [ {
      "vertices" : [ 0, 1, 2 ]
    }, {
      "vertices" : [ 0, 2, 3 ]
    }, {
      "vertices" : [ 0, 3, 2 ]
    }, {
      "vertices" : [ 0, 2, 1 ]
    } ]
  }, {
    "id" : "5ac8c318-0afb-450c-8d7b-4dab09db8a40",
    "vertices" : [ {
      "x" : 17.944271,
      "y" : 6.854102,
      "z" : 11.09017
    }, {
      "x" : 13.798971,
      "y" : 5.892864,
      "z" : 12.170223
    }, {
      "x" : -1.6287476,
      "y" : 19.069708,
      "z" : 2.6353688
    }, {
      "x" : 0.0,
      "y" : 22.18034,
      "z" : 0.0
    } ],
    "faces" : [ {
      "vertices" : [ 0, 1, 2 ]
    }, {
      "vertices" : [ 0, 2, 3 ]
    }, {
      "vertices" : [ 0, 3, 2 ]
    }, {
      "vertices" : [ 0, 2, 1 ]
    } ]
  }, {
    "id" : "67c61b9d-9b6b-4771-a3ba-3c54a215f95b",
    "vertices" : [ {
      "x" : 11.09017,
      "y" : -17.944271,
      "z" : 6.854102
    }, {
      "x" : 11.163602,
      "y" : -15.427718,
      "z" : 3.2574952
    }, {
      "x" : -7.906107,
      "y" : -15.427718,
      "z" : -8.528233
    }, {
      "x" : -11.09017,
      "y" : -17.944271,
      "z" : -6.854102
    } ],
    "faces" : [ {
      "vertices" : [ 0, 1, 2 ]
    }, {
      "vertices" : [ 0, 2, 3 ]
    }, {
      "vertices" : [ 0, 3, 2 ]
    }, {
      "vertices" : [ 0, 2, 1 ]
    } ]
  }, {
    "id" : "82176206-9b40-4746-ba12-4b5decf35889",
    "vertices" : [ {
      "x" : 8.972136,
      "y" : 14.5172205,
      "z" : -5.545085
    }, {
      "x" : 6.8994856,
      "y" : 17.056465,
      "z" : -5.892864
    }, {
      "x" : -2.6353688,
      "y" : 1.6287476,
      "z" : -19.069708
    }, {
      "x" : 0.0,
      "y" : 0.0,
      "z" : -17.944271
    } ],
    "faces" : [ {
      "vertices" : [ 0, 1, 2 ]
    }, {
      "vertices" : [ 0, 2, 3 ]
    }, {
      "vertices" : [ 0, 3, 2 ]
    }, {
      "vertices" : [ 0, 2, 1 ]
    } ]
  }, {
    "id" : "c9449207-d410-410b-9e86-d0b4134cba8c",
    "vertices" : [ {
      "x" : -17.944271,
      "y" : 6.854102,
      "z" : 11.09017
    }, {
      "x" : -15.427718,
      "y" : 3.2574952,
      "z" : 11.163602
    }, {
      "x" : -15.427718,
      "y" : -8.528233,
      "z" : -7.906107
    }, {
      "x" : -17.944271,
      "y" : -6.854102,
      "z" : -11.09017
    } ],
    "faces" : [ {
      "vertices" : [ 0, 1, 2 ]
    }, {
      "vertices" : [ 0, 2, 3 ]
    }, {
      "vertices" : [ 0, 3, 2 ]
    }, {
      "vertices" : [ 0, 2, 1 ]
    } ]
  }, {
    "id" : "79a501f8-a922-448e-a2e3-9ac97050df13",
    "vertices" : [ {
      "x" : -8.972136,
      "y" : 14.5172205,
      "z" : -5.545085
    }, {
      "x" : -6.8994856,
      "y" : 17.056465,
      "z" : -5.892864
    }, {
      "x" : 2.6353688,
      "y" : 1.6287476,
      "z" : -19.069708
    }, {
      "x" : 0.0,
      "y" : 0.0,
      "z" : -17.944271
    } ],
    "faces" : [ {
      "vertices" : [ 0, 1, 2 ]
    }, {
      "vertices" : [ 0, 2, 3 ]
    }, {
      "vertices" : [ 0, 3, 2 ]
    }, {
      "vertices" : [ 0, 2, 1 ]
    } ]
  }, {
    "id" : "000f93e7-db1d-4867-a35c-b1ec6d67cb80",
    "vertices" : [ {
      "x" : 11.09017,
      "y" : -17.944271,
      "z" : -6.854102
    }, {
      "x" : 11.163602,
      "y" : -15.427718,
      "z" : -3.2574952
    }, {
      "x" : -7.906107,
      "y" : -15.427718,
      "z" : 8.528233
    }, {
      "x" : -11.09017,
      "y" : -17.944271,
      "z" : 6.854102
    } ],
    "faces" : [ {
      "vertices" : [ 0, 1, 2 ]
    }, {
      "vertices" : [ 0, 2, 3 ]
    }, {
      "vertices" : [ 0, 3, 2 ]
    }, {
      "vertices" : [ 0, 2, 1 ]
    } ]
  }, {
    "id" : "09ffe675-39b1-49d0-bf75-14f84c6e8318",
    "vertices" : [ {
      "x" : 0.0,
      "y" : 0.0,
      "z" : -22.18034
    }, {
      "x" : -2.6353688,
      "y" : -1.6287476,
      "z" : -19.069708
    }, {
      "x" : 6.8994856,
      "y" : -17.056465,
      "z" : -5.892864
    }, {
      "x" : 11.09017,
      "y" : -17.944271,
      "z" : -6.854102
    } ],
    "faces" : [ {
      "vertices" : [ 0, 1, 2 ]
    }, {
      "vertices" : [ 0, 2, 3 ]
    }, {
      "vertices" : [ 0, 3, 2 ]
    }, {
      "vertices" : [ 0, 2, 1 ]
    } ]
  }, {
    "id" : "cd8e3fa2-98d6-45de-9c3f-750aa09ea23c",
    "vertices" : [ {
      "x" : 0.0,
      "y" : 0.0,
      "z" : -22.18034
    }, {
      "x" : -2.6353688,
      "y" : 1.6287476,
      "z" : -19.069708
    }, {
      "x" : 6.8994856,
      "y" : 17.056465,
      "z" : -5.892864
    }, {
      "x" : 11.09017,
      "y" : 17.944271,
      "z" : -6.854102
    } ],
    "faces" : [ {
      "vertices" : [ 0, 1, 2 ]
    }, {
      "vertices" : [ 0, 2, 3 ]
    }, {
      "vertices" : [ 0, 3, 2 ]
    }, {
      "vertices" : [ 0, 2, 1 ]
    } ]
  }, {
    "id" : "a0e251f6-b79c-4e19-b7ac-e31eb9512360",
    "vertices" : [ {
      "x" : -14.5172205,
      "y" : -5.545085,
      "z" : -8.972136
    }, {
      "x" : -17.056465,
      "y" : -5.892864,
      "z" : -6.8994856
    }, {
      "x" : -1.6287476,
      "y" : -19.069708,
      "z" : 2.6353688
    }, {
      "x" : 0.0,
      "y" : -17.944271,
      "z" : 0.0
    } ],
    "faces" : [ {
      "vertices" : [ 0, 1, 2 ]
    }, {
      "vertices" : [ 0, 2, 3 ]
    }, {
      "vertices" : [ 0, 3, 2 ]
    }, {
      "vertices" : [ 0, 2, 1 ]
    } ]
  }, {
    "id" : "f20d86db-534c-42f6-8829-036e742f6f08",
    "vertices" : [ {
      "x" : 0.0,
      "y" : 0.0,
      "z" : 17.944271
    }, {
      "x" : 2.6353688,
      "y" : 1.6287476,
      "z" : 19.069708
    }, {
      "x" : 12.170223,
      "y" : -13.798971,
      "z" : 5.892864
    }, {
      "x" : 8.972136,
      "y" : -14.5172205,
      "z" : 5.545085
    } ],
    "faces" : [ {
      "vertices" : [ 0, 1, 2 ]
    }, {
      "vertices" : [ 0, 2, 3 ]
    }, {
      "vertices" : [ 0, 3, 2 ]
    }, {
      "vertices" : [ 0, 2, 1 ]
    } ]
  }, {
    "id" : "8d35addf-042b-434b-9846-a666b1d16c81",
    "vertices" : [ {
      "x" : -11.09017,
      "y" : 17.944271,
      "z" : 6.854102
    }, {
      "x" : -6.8994856,
      "y" : 17.056465,
      "z" : 5.892864
    }, {
      "x" : -3.2574952,
      "y" : 11.163602,
      "z" : -15.427718
    }, {
      "x" : -6.854102,
      "y" : 11.09017,
      "z" : -17.944271
    } ],
    "faces" : [ {
      "vertices" : [ 0, 1, 2 ]
    }, {
      "vertices" : [ 0, 2, 3 ]
    }, {
      "vertices" : [ 0, 3, 2 ]
    }, {
      "vertices" : [ 0, 2, 1 ]
    } ]
  }, {
    "id" : "0c4f4e4f-0269-4580-8f51-8447e72a8367",
    "vertices" : [ {
      "x" : 6.854102,
      "y" : -11.09017,
      "z" : 17.944271
    }, {
      "x" : 8.528233,
      "y" : -7.906107,
      "z" : 15.427718
    }, {
      "x" : 12.170223,
      "y" : -13.798971,
      "z" : -5.892864
    }, {
      "x" : 11.09017,
      "y" : -17.944271,
      "z" : -6.854102
    } ],
    "faces" : [ {
      "vertices" : [ 0, 1, 2 ]
    }, {
      "vertices" : [ 0, 2, 3 ]
    }, {
      "vertices" : [ 0, 3, 2 ]
    }, {
      "vertices" : [ 0, 2, 1 ]
    } ]
  }, {
    "id" : "5cd2c07e-f5c9-47b2-8cf9-b62657cc7b26",
    "vertices" : [ {
      "x" : 8.972136,
      "y" : -14.5172205,
      "z" : -5.545085
    }, {
      "x" : 6.8994856,
      "y" : -17.056465,
      "z" : -5.892864
    }, {
      "x" : -2.6353688,
      "y" : -1.6287476,
      "z" : -19.069708
    }, {
      "x" : 0.0,
      "y" : 0.0,
      "z" : -17.944271
    } ],
    "faces" : [ {
      "vertices" : [ 0, 1, 2 ]
    }, {
      "vertices" : [ 0, 2, 3 ]
    }, {
      "vertices" : [ 0, 3, 2 ]
    }, {
      "vertices" : [ 0, 2, 1 ]
    } ]
  }, {
    "id" : "efb29f30-2535-42ec-a994-ff542af93e82",
    "vertices" : [ {
      "x" : 8.972136,
      "y" : 14.5172205,
      "z" : 5.545085
    }, {
      "x" : 6.8994856,
      "y" : 17.056465,
      "z" : 5.892864
    }, {
      "x" : -2.6353688,
      "y" : 1.6287476,
      "z" : 19.069708
    }, {
      "x" : 0.0,
      "y" : 0.0,
      "z" : 17.944271
    } ],
    "faces" : [ {
      "vertices" : [ 0, 1, 2 ]
    }, {
      "vertices" : [ 0, 2, 3 ]
    }, {
      "vertices" : [ 0, 3, 2 ]
    }, {
      "vertices" : [ 0, 2, 1 ]
    } ]
  }, {
    "id" : "5efa300f-f516-4dff-8fef-ac7913f9c82c",
    "vertices" : [ {
      "x" : -5.545085,
      "y" : 8.972136,
      "z" : 14.5172205
    }, {
      "x" : -3.2574952,
      "y" : 11.163602,
      "z" : 15.427718
    }, {
      "x" : -6.8994856,
      "y" : 17.056465,
      "z" : -5.892864
    }, {
      "x" : -8.972136,
      "y" : 14.5172205,
      "z" : -5.545085
    } ],
    "faces" : [ {
      "vertices" : [ 0, 1, 2 ]
    }, {
      "vertices" : [ 0, 2, 3 ]
    }, {
      "vertices" : [ 0, 3, 2 ]
    }, {
      "vertices" : [ 0, 2, 1 ]
    } ]
  }, {
    "id" : "1c8c3d50-0b39-4c86-986b-a2f3d003750c",
    "vertices" : [ {
      "x" : 8.972136,
      "y" : 14.5172205,
      "z" : 5.545085
    }, {
      "x" : 12.170223,
      "y" : 13.798971,
      "z" : 5.892864
    }, {
      "x" : 8.528233,
      "y" : 7.906107,
      "z" : -15.427718
    }, {
      "x" : 5.545085,
      "y" : 8.972136,
      "z" : -14.5172205
    } ],
    "faces" : [ {
      "vertices" : [ 0, 1, 2 ]
    }, {
      "vertices" : [ 0, 2, 3 ]
    }, {
      "vertices" : [ 0, 3, 2 ]
    }, {
      "vertices" : [ 0, 2, 1 ]
    } ]
  }, {
    "id" : "371ac03f-4e51-49bc-9a18-12e524b4f462",
    "vertices" : [ {
      "x" : 0.0,
      "y" : 17.944271,
      "z" : 0.0
    }, {
      "x" : -1.6287476,
      "y" : 19.069708,
      "z" : 2.6353688
    }, {
      "x" : 13.798971,
      "y" : 5.892864,
      "z" : 12.170223
    }, {
      "x" : 14.5172205,
      "y" : 5.545085,
      "z" : 8.972136
    } ],
    "faces" : [ {
      "vertices" : [ 0, 1, 2 ]
    }, {
      "vertices" : [ 0, 2, 3 ]
    }, {
      "vertices" : [ 0, 3, 2 ]
    }, {
      "vertices" : [ 0, 2, 1 ]
    } ]
  }, {
    "id" : "6c1835d6-6eb7-43e9-b090-bb4f2dd96075",
    "vertices" : [ {
      "x" : 0.0,
      "y" : 22.18034,
      "z" : 0.0
    }, {
      "x" : -1.6287476,
      "y" : 19.069708,
      "z" : -2.6353688
    }, {
      "x" : -17.056465,
      "y" : 5.892864,
      "z" : 6.8994856
    }, {
      "x" : -17.944271,
      "y" : 6.854102,
      "z" : 11.09017
    } ],
    "faces" : [ {
      "vertices" : [ 0, 1, 2 ]
    }, {
      "vertices" : [ 0, 2, 3 ]
    }, {
      "vertices" : [ 0, 3, 2 ]
    }, {
      "vertices" : [ 0, 2, 1 ]
    } ]
  }, {
    "id" : "bc05da7e-6efd-4fd5-a474-fddc9e8771b8",
    "vertices" : [ {
      "x" : -14.5172205,
      "y" : 5.545085,
      "z" : 8.972136
    }, {
      "x" : -17.056465,
      "y" : 5.892864,
      "z" : 6.8994856
    }, {
      "x" : -1.6287476,
      "y" : 19.069708,
      "z" : -2.6353688
    }, {
      "x" : 0.0,
      "y" : 17.944271,
      "z" : 0.0
    } ],
    "faces" : [ {
      "vertices" : [ 0, 1, 2 ]
    }, {
      "vertices" : [ 0, 2, 3 ]
    }, {
      "vertices" : [ 0, 3, 2 ]
    }, {
      "vertices" : [ 0, 2, 1 ]
    } ]
  }, {
    "id" : "938fd4f6-e872-4976-a7c9-a6e9dbd85a88",
    "vertices" : [ {
      "x" : -5.545085,
      "y" : 8.972136,
      "z" : 14.5172205
    }, {
      "x" : -5.892864,
      "y" : 12.170223,
      "z" : 13.798971
    }, {
      "x" : 15.427718,
      "y" : 8.528233,
      "z" : 7.906107
    }, {
      "x" : 14.5172205,
      "y" : 5.545085,
      "z" : 8.972136
    } ],
    "faces" : [ {
      "vertices" : [ 0, 1, 2 ]
    }, {
      "vertices" : [ 0, 2, 3 ]
    }, {
      "vertices" : [ 0, 3, 2 ]
    }, {
      "vertices" : [ 0, 2, 1 ]
    } ]
  }, {
    "id" : "ebe18cb2-4566-4dac-8f6c-35b86ca7d61d",
    "vertices" : [ {
      "x" : 17.944271,
      "y" : -6.854102,
      "z" : 11.09017
    }, {
      "x" : 15.427718,
      "y" : -3.2574952,
      "z" : 11.163602
    }, {
      "x" : 15.427718,
      "y" : 8.528233,
      "z" : -7.906107
    }, {
      "x" : 17.944271,
      "y" : 6.854102,
      "z" : -11.09017
    } ],
    "faces" : [ {
      "vertices" : [ 0, 1, 2 ]
    }, {
      "vertices" : [ 0, 2, 3 ]
    }, {
      "vertices" : [ 0, 3, 2 ]
    }, {
      "vertices" : [ 0, 2, 1 ]
    } ]
  }, {
    "id" : "c4892501-748c-45b4-9a3d-f35d1059788f",
    "vertices" : [ {
      "x" : 5.545085,
      "y" : 8.972136,
      "z" : -14.5172205
    }, {
      "x" : 8.528233,
      "y" : 7.906107,
      "z" : -15.427718
    }, {
      "x" : -3.2574952,
      "y" : -11.163602,
      "z" : -15.427718
    }, {
      "x" : -5.545085,
      "y" : -8.972136,
      "z" : -14.5172205
    } ],
    "faces" : [ {
      "vertices" : [ 0, 1, 2 ]
    }, {
      "vertices" : [ 0, 2, 3 ]
    }, {
      "vertices" : [ 0, 3, 2 ]
    }, {
      "vertices" : [ 0, 2, 1 ]
    } ]
  }, {
    "id" : "9a6c7ba9-9909-43a3-abbb-08f2f48e74b7",
    "vertices" : [ {
      "x" : 14.5172205,
      "y" : 5.545085,
      "z" : -8.972136
    }, {
      "x" : 17.056465,
      "y" : 5.892864,
      "z" : -6.8994856
    }, {
      "x" : 1.6287476,
      "y" : 19.069708,
      "z" : 2.6353688
    }, {
      "x" : 0.0,
      "y" : 17.944271,
      "z" : 0.0
    } ],
    "faces" : [ {
      "vertices" : [ 0, 1, 2 ]
    }, {
      "vertices" : [ 0, 2, 3 ]
    }, {
      "vertices" : [ 0, 3, 2 ]
    }, {
      "vertices" : [ 0, 2, 1 ]
    } ]
  }, {
    "id" : "70fcaac8-2619-454b-a579-7059c47f0693",
    "vertices" : [ {
      "x" : 17.944271,
      "y" : -6.854102,
      "z" : -11.09017
    }, {
      "x" : 15.427718,
      "y" : -8.528233,
      "z" : -7.906107
    }, {
      "x" : -5.892864,
      "y" : -12.170223,
      "z" : -13.798971
    }, {
      "x" : -6.854102,
      "y" : -11.09017,
      "z" : -17.944271
    } ],
    "faces" : [ {
      "vertices" : [ 0, 1, 2 ]
    }, {
      "vertices" : [ 0, 2, 3 ]
    }, {
      "vertices" : [ 0, 3, 2 ]
    }, {
      "vertices" : [ 0, 2, 1 ]
    } ]
  }, {
    "id" : "25956acc-1d3d-45b2-ab1a-4c99eebab72d",
    "vertices" : [ {
      "x" : 14.5172205,
      "y" : -5.545085,
      "z" : 8.972136
    }, {
      "x" : 15.427718,
      "y" : -8.528233,
      "z" : 7.906107
    }, {
      "x" : 15.427718,
      "y" : 3.2574952,
      "z" : -11.163602
    }, {
      "x" : 14.5172205,
      "y" : 5.545085,
      "z" : -8.972136
    } ],
    "faces" : [ {
      "vertices" : [ 0, 1, 2 ]
    }, {
      "vertices" : [ 0, 2, 3 ]
    }, {
      "vertices" : [ 0, 3, 2 ]
    }, {
      "vertices" : [ 0, 2, 1 ]
    } ]
  }, {
    "id" : "0f9eb2c8-1bd2-4335-aae3-83c4d82e2401",
    "vertices" : [ {
      "x" : 17.944271,
      "y" : -6.854102,
      "z" : 11.09017
    }, {
      "x" : 15.427718,
      "y" : -8.528233,
      "z" : 7.906107
    }, {
      "x" : -5.892864,
      "y" : -12.170223,
      "z" : 13.798971
    }, {
      "x" : -6.854102,
      "y" : -11.09017,
      "z" : 17.944271
    } ],
    "faces" : [ {
      "vertices" : [ 0, 1, 2 ]
    }, {
      "vertices" : [ 0, 2, 3 ]
    }, {
      "vertices" : [ 0, 3, 2 ]
    }, {
      "vertices" : [ 0, 2, 1 ]
    } ]
  }, {
    "id" : "e914ae9a-3cf9-4f74-b422-c1d2e21dc0ae",
    "vertices" : [ {
      "x" : -8.972136,
      "y" : 14.5172205,
      "z" : -5.545085
    }, {
      "x" : -11.163602,
      "y" : 15.427718,
      "z" : -3.2574952
    }, {
      "x" : -17.056465,
      "y" : -5.892864,
      "z" : -6.8994856
    }, {
      "x" : -14.5172205,
      "y" : -5.545085,
      "z" : -8.972136
    } ],
    "faces" : [ {
      "vertices" : [ 0, 1, 2 ]
    }, {
      "vertices" : [ 0, 2, 3 ]
    }, {
      "vertices" : [ 0, 3, 2 ]
    }, {
      "vertices" : [ 0, 2, 1 ]
    } ]
  }, {
    "id" : "39bf5945-b006-46e1-a5e8-3efc52d3e7d7",
    "vertices" : [ {
      "x" : 0.0,
      "y" : 0.0,
      "z" : -17.944271
    }, {
      "x" : 2.6353688,
      "y" : -1.6287476,
      "z" : -19.069708
    }, {
      "x" : 12.170223,
      "y" : 13.798971,
      "z" : -5.892864
    }, {
      "x" : 8.972136,
      "y" : 14.5172205,
      "z" : -5.545085
    } ],
    "faces" : [ {
      "vertices" : [ 0, 1, 2 ]
    }, {
      "vertices" : [ 0, 2, 3 ]
    }, {
      "vertices" : [ 0, 3, 2 ]
    }, {
      "vertices" : [ 0, 2, 1 ]
    } ]
  }, {
    "id" : "412ecee8-d2ad-4e95-be36-d0f6f528710e",
    "vertices" : [ {
      "x" : 11.09017,
      "y" : 17.944271,
      "z" : 6.854102
    }, {
      "x" : 12.170223,
      "y" : 13.798971,
      "z" : 5.892864
    }, {
      "x" : 2.6353688,
      "y" : -1.6287476,
      "z" : 19.069708
    }, {
      "x" : 0.0,
      "y" : 0.0,
      "z" : 22.18034
    } ],
    "faces" : [ {
      "vertices" : [ 0, 1, 2 ]
    }, {
      "vertices" : [ 0, 2, 3 ]
    }, {
      "vertices" : [ 0, 3, 2 ]
    }, {
      "vertices" : [ 0, 2, 1 ]
    } ]
  }, {
    "id" : "46536fae-ab3e-4927-8a25-ca2f8fd53360",
    "vertices" : [ {
      "x" : 5.545085,
      "y" : 8.972136,
      "z" : 14.5172205
    }, {
      "x" : 3.2574952,
      "y" : 11.163602,
      "z" : 15.427718
    }, {
      "x" : 6.8994856,
      "y" : 17.056465,
      "z" : -5.892864
    }, {
      "x" : 8.972136,
      "y" : 14.5172205,
      "z" : -5.545085
    } ],
    "faces" : [ {
      "vertices" : [ 0, 1, 2 ]
    }, {
      "vertices" : [ 0, 2, 3 ]
    }, {
      "vertices" : [ 0, 3, 2 ]
    }, {
      "vertices" : [ 0, 2, 1 ]
    } ]
  }, {
    "id" : "2ea8b29b-42fd-48c6-867c-62065c5f700c",
    "vertices" : [ {
      "x" : 0.0,
      "y" : 0.0,
      "z" : 22.18034
    }, {
      "x" : 2.6353688,
      "y" : -1.6287476,
      "z" : 19.069708
    }, {
      "x" : -6.8994856,
      "y" : -17.056465,
      "z" : 5.892864
    }, {
      "x" : -11.09017,
      "y" : -17.944271,
      "z" : 6.854102
    } ],
    "faces" : [ {
      "vertices" : [ 0, 1, 2 ]
    }, {
      "vertices" : [ 0, 2, 3 ]
    }, {
      "vertices" : [ 0, 3, 2 ]
    }, {
      "vertices" : [ 0, 2, 1 ]
    } ]
  }, {
    "id" : "faa57494-6022-44e7-b418-89d320c65bd8",
    "vertices" : [ {
      "x" : 0.0,
      "y" : 17.944271,
      "z" : 0.0
    }, {
      "x" : -1.6287476,
      "y" : 19.069708,
      "z" : -2.6353688
    }, {
      "x" : 13.798971,
      "y" : 5.892864,
      "z" : -12.170223
    }, {
      "x" : 14.5172205,
      "y" : 5.545085,
      "z" : -8.972136
    } ],
    "faces" : [ {
      "vertices" : [ 0, 1, 2 ]
    }, {
      "vertices" : [ 0, 2, 3 ]
    }, {
      "vertices" : [ 0, 3, 2 ]
    }, {
      "vertices" : [ 0, 2, 1 ]
    } ]
  }, {
    "id" : "762a5736-cb93-43fc-9afa-bd7ca2eb3b59",
    "vertices" : [ {
      "x" : 17.944271,
      "y" : -6.854102,
      "z" : -11.09017
    }, {
      "x" : 17.056465,
      "y" : -5.892864,
      "z" : -6.8994856
    }, {
      "x" : 11.163602,
      "y" : 15.427718,
      "z" : -3.2574952
    }, {
      "x" : 11.09017,
      "y" : 17.944271,
      "z" : -6.854102
    } ],
    "faces" : [ {
      "vertices" : [ 0, 1, 2 ]
    }, {
      "vertices" : [ 0, 2, 3 ]
    }, {
      "vertices" : [ 0, 3, 2 ]
    }, {
      "vertices" : [ 0, 2, 1 ]
    } ]
  }, {
    "id" : "80bedbcd-04d6-4617-b43f-cb049410c923",
    "vertices" : [ {
      "x" : -8.972136,
      "y" : 14.5172205,
      "z" : 5.545085
    }, {
      "x" : -12.170223,
      "y" : 13.798971,
      "z" : 5.892864
    }, {
      "x" : -8.528233,
      "y" : 7.906107,
      "z" : -15.427718
    }, {
      "x" : -5.545085,
      "y" : 8.972136,
      "z" : -14.5172205
    } ],
    "faces" : [ {
      "vertices" : [ 0, 1, 2 ]
    }, {
      "vertices" : [ 0, 2, 3 ]
    }, {
      "vertices" : [ 0, 3, 2 ]
    }, {
      "vertices" : [ 0, 2, 1 ]
    } ]
  }, {
    "id" : "7d3e3de1-3691-4389-9031-3f62b325fed6",
    "vertices" : [ {
      "x" : 17.944271,
      "y" : 0.0,
      "z" : 0.0
    }, {
      "x" : 19.069708,
      "y" : 2.6353688,
      "z" : 1.6287476
    }, {
      "x" : 5.892864,
      "y" : 12.170223,
      "z" : -13.798971
    }, {
      "x" : 5.545085,
      "y" : 8.972136,
      "z" : -14.5172205
    } ],
    "faces" : [ {
      "vertices" : [ 0, 1, 2 ]
    }, {
      "vertices" : [ 0, 2, 3 ]
    }, {
      "vertices" : [ 0, 3, 2 ]
    }, {
      "vertices" : [ 0, 2, 1 ]
    } ]
  }, {
    "id" : "631c98b9-2114-4169-947f-213247519106",
    "vertices" : [ {
      "x" : -6.854102,
      "y" : 11.09017,
      "z" : -17.944271
    }, {
      "x" : -5.892864,
      "y" : 12.170223,
      "z" : -13.798971
    }, {
      "x" : -19.069708,
      "y" : 2.6353688,
      "z" : 1.6287476
    }, {
      "x" : -22.18034,
      "y" : 0.0,
      "z" : 0.0
    } ],
    "faces" : [ {
      "vertices" : [ 0, 1, 2 ]
    }, {
      "vertices" : [ 0, 2, 3 ]
    }, {
      "vertices" : [ 0, 3, 2 ]
    }, {
      "vertices" : [ 0, 2, 1 ]
    } ]
  }, {
    "id" : "8c81a895-f1ae-4799-b619-cb4eb638c26e",
    "vertices" : [ {
      "x" : -14.5172205,
      "y" : -5.545085,
      "z" : 8.972136
    }, {
      "x" : -13.798971,
      "y" : -5.892864,
      "z" : 12.170223
    }, {
      "x" : -7.906107,
      "y" : 15.427718,
      "z" : 8.528233
    }, {
      "x" : -8.972136,
      "y" : 14.5172205,
      "z" : 5.545085
    } ],
    "faces" : [ {
      "vertices" : [ 0, 1, 2 ]
    }, {
      "vertices" : [ 0, 2, 3 ]
    }, {
      "vertices" : [ 0, 3, 2 ]
    }, {
      "vertices" : [ 0, 2, 1 ]
    } ]
  }, {
    "id" : "d74fce31-cf81-4578-a78c-95a6a80da6e6",
    "vertices" : [ {
      "x" : 17.944271,
      "y" : 6.854102,
      "z" : -11.09017
    }, {
      "x" : 17.056465,
      "y" : 5.892864,
      "z" : -6.8994856
    }, {
      "x" : 11.163602,
      "y" : -15.427718,
      "z" : -3.2574952
    }, {
      "x" : 11.09017,
      "y" : -17.944271,
      "z" : -6.854102
    } ],
    "faces" : [ {
      "vertices" : [ 0, 1, 2 ]
    }, {
      "vertices" : [ 0, 2, 3 ]
    }, {
      "vertices" : [ 0, 3, 2 ]
    }, {
      "vertices" : [ 0, 2, 1 ]
    } ]
  }, {
    "id" : "cecfe0b0-07b0-4bb9-94d3-154a8da2cc41",
    "vertices" : [ {
      "x" : 5.545085,
      "y" : -8.972136,
      "z" : 14.5172205
    }, {
      "x" : 3.2574952,
      "y" : -11.163602,
      "z" : 15.427718
    }, {
      "x" : 6.8994856,
      "y" : -17.056465,
      "z" : -5.892864
    }, {
      "x" : 8.972136,
      "y" : -14.5172205,
      "z" : -5.545085
    } ],
    "faces" : [ {
      "vertices" : [ 0, 1, 2 ]
    }, {
      "vertices" : [ 0, 2, 3 ]
    }, {
      "vertices" : [ 0, 3, 2 ]
    }, {
      "vertices" : [ 0, 2, 1 ]
    } ]
  }, {
    "id" : "db3e791d-d475-4cee-88f7-fbe9b6742bce",
    "vertices" : [ {
      "x" : 5.545085,
      "y" : 8.972136,
      "z" : -14.5172205
    }, {
      "x" : 5.892864,
      "y" : 6.8994856,
      "z" : -17.056465
    }, {
      "x" : 19.069708,
      "y" : -2.6353688,
      "z" : -1.6287476
    }, {
      "x" : 17.944271,
      "y" : 0.0,
      "z" : 0.0
    } ],
    "faces" : [ {
      "vertices" : [ 0, 1, 2 ]
    }, {
      "vertices" : [ 0, 2, 3 ]
    }, {
      "vertices" : [ 0, 3, 2 ]
    }, {
      "vertices" : [ 0, 2, 1 ]
    } ]
  }, {
    "id" : "f97ccdc1-ac1e-461a-9907-c8bf8ea638c9",
    "vertices" : [ {
      "x" : -11.09017,
      "y" : 17.944271,
      "z" : -6.854102
    }, {
      "x" : -12.170223,
      "y" : 13.798971,
      "z" : -5.892864
    }, {
      "x" : -2.6353688,
      "y" : -1.6287476,
      "z" : -19.069708
    }, {
      "x" : 0.0,
      "y" : 0.0,
      "z" : -22.18034
    } ],
    "faces" : [ {
      "vertices" : [ 0, 1, 2 ]
    }, {
      "vertices" : [ 0, 2, 3 ]
    }, {
      "vertices" : [ 0, 3, 2 ]
    }, {
      "vertices" : [ 0, 2, 1 ]
    } ]
  }, {
    "id" : "3c7707a2-c215-47bd-bb37-fd54e81e6daa",
    "vertices" : [ {
      "x" : -6.854102,
      "y" : 11.09017,
      "z" : 17.944271
    }, {
      "x" : -5.892864,
      "y" : 6.8994856,
      "z" : 17.056465
    }, {
      "x" : 15.427718,
      "y" : 3.2574952,
      "z" : 11.163602
    }, {
      "x" : 17.944271,
      "y" : 6.854102,
      "z" : 11.09017
    } ],
    "faces" : [ {
      "vertices" : [ 0, 1, 2 ]
    }, {
      "vertices" : [ 0, 2, 3 ]
    }, {
      "vertices" : [ 0, 3, 2 ]
    }, {
      "vertices" : [ 0, 2, 1 ]
    } ]
  }, {
    "id" : "51969c2e-ca7a-473c-a4fa-bf2822519cfc",
    "vertices" : [ {
      "x" : 6.854102,
      "y" : 11.09017,
      "z" : -17.944271
    }, {
      "x" : 5.892864,
      "y" : 12.170223,
      "z" : -13.798971
    }, {
      "x" : 19.069708,
      "y" : 2.6353688,
      "z" : 1.6287476
    }, {
      "x" : 22.18034,
      "y" : 0.0,
      "z" : 0.0
    } ],
    "faces" : [ {
      "vertices" : [ 0, 1, 2 ]
    }, {
      "vertices" : [ 0, 2, 3 ]
    }, {
      "vertices" : [ 0, 3, 2 ]
    }, {
      "vertices" : [ 0, 2, 1 ]
    } ]
  }, {
    "id" : "193f57d3-6855-4765-81c7-9c99e5ccdd3c",
    "vertices" : [ {
      "x" : 0.0,
      "y" : 0.0,
      "z" : 17.944271
    }, {
      "x" : -2.6353688,
      "y" : -1.6287476,
      "z" : 19.069708
    }, {
      "x" : -12.170223,
      "y" : 13.798971,
      "z" : 5.892864
    }, {
      "x" : -8.972136,
      "y" : 14.5172205,
      "z" : 5.545085
    } ],
    "faces" : [ {
      "vertices" : [ 0, 1, 2 ]
    }, {
      "vertices" : [ 0, 2, 3 ]
    }, {
      "vertices" : [ 0, 3, 2 ]
    }, {
      "vertices" : [ 0, 2, 1 ]
    } ]
  }, {
    "id" : "b308c19c-240c-416d-9be4-52ab61ca421c",
    "vertices" : [ {
      "x" : 0.0,
      "y" : 0.0,
      "z" : 17.944271
    }, {
      "x" : -2.6353688,
      "y" : 1.6287476,
      "z" : 19.069708
    }, {
      "x" : -12.170223,
      "y" : -13.798971,
      "z" : 5.892864
    }, {
      "x" : -8.972136,
      "y" : -14.5172205,
      "z" : 5.545085
    } ],
    "faces" : [ {
      "vertices" : [ 0, 1, 2 ]
    }, {
      "vertices" : [ 0, 2, 3 ]
    }, {
      "vertices" : [ 0, 3, 2 ]
    }, {
      "vertices" : [ 0, 2, 1 ]
    } ]
  }, {
    "id" : "3062fce5-a44a-4c95-a0d1-ec4d813a5f3f",
    "vertices" : [ {
      "x" : 0.0,
      "y" : 0.0,
      "z" : 17.944271
    }, {
      "x" : 2.6353688,
      "y" : -1.6287476,
      "z" : 19.069708
    }, {
      "x" : 12.170223,
      "y" : 13.798971,
      "z" : 5.892864
    }, {
      "x" : 8.972136,
      "y" : 14.5172205,
      "z" : 5.545085
    } ],
    "faces" : [ {
      "vertices" : [ 0, 1, 2 ]
    }, {
      "vertices" : [ 0, 2, 3 ]
    }, {
      "vertices" : [ 0, 3, 2 ]
    }, {
      "vertices" : [ 0, 2, 1 ]
    } ]
  }, {
    "id" : "8f148f8a-0232-4b03-abaa-3473fc49cb31",
    "vertices" : [ {
      "x" : 14.5172205,
      "y" : -5.545085,
      "z" : -8.972136
    }, {
      "x" : 15.427718,
      "y" : -8.528233,
      "z" : -7.906107
    }, {
      "x" : 15.427718,
      "y" : 3.2574952,
      "z" : 11.163602
    }, {
      "x" : 14.5172205,
      "y" : 5.545085,
      "z" : 8.972136
    } ],
    "faces" : [ {
      "vertices" : [ 0, 1, 2 ]
    }, {
      "vertices" : [ 0, 2, 3 ]
    }, {
      "vertices" : [ 0, 3, 2 ]
    }, {
      "vertices" : [ 0, 2, 1 ]
    } ]
  }, {
    "id" : "d303151e-e8cf-4004-8c42-509d5b526e18",
    "vertices" : [ {
      "x" : -5.545085,
      "y" : 8.972136,
      "z" : 14.5172205
    }, {
      "x" : -8.528233,
      "y" : 7.906107,
      "z" : 15.427718
    }, {
      "x" : 3.2574952,
      "y" : -11.163602,
      "z" : 15.427718
    }, {
      "x" : 5.545085,
      "y" : -8.972136,
      "z" : 14.5172205
    } ],
    "faces" : [ {
      "vertices" : [ 0, 1, 2 ]
    }, {
      "vertices" : [ 0, 2, 3 ]
    }, {
      "vertices" : [ 0, 3, 2 ]
    }, {
      "vertices" : [ 0, 2, 1 ]
    } ]
  }, {
    "id" : "7343c63d-7666-4c7e-b165-43fce8df0bd8",
    "vertices" : [ {
      "x" : -8.972136,
      "y" : -14.5172205,
      "z" : 5.545085
    }, {
      "x" : -11.163602,
      "y" : -15.427718,
      "z" : 3.2574952
    }, {
      "x" : -17.056465,
      "y" : 5.892864,
      "z" : 6.8994856
    }, {
      "x" : -14.5172205,
      "y" : 5.545085,
      "z" : 8.972136
    } ],
    "faces" : [ {
      "vertices" : [ 0, 1, 2 ]
    }, {
      "vertices" : [ 0, 2, 3 ]
    }, {
      "vertices" : [ 0, 3, 2 ]
    }, {
      "vertices" : [ 0, 2, 1 ]
    } ]
  }, {
    "id" : "68f78129-eb41-435d-9681-6465b4161d40",
    "vertices" : [ {
      "x" : -17.944271,
      "y" : 6.854102,
      "z" : 11.09017
    }, {
      "x" : -13.798971,
      "y" : 5.892864,
      "z" : 12.170223
    }, {
      "x" : 1.6287476,
      "y" : 19.069708,
      "z" : 2.6353688
    }, {
      "x" : 0.0,
      "y" : 22.18034,
      "z" : 0.0
    } ],
    "faces" : [ {
      "vertices" : [ 0, 1, 2 ]
    }, {
      "vertices" : [ 0, 2, 3 ]
    }, {
      "vertices" : [ 0, 3, 2 ]
    }, {
      "vertices" : [ 0, 2, 1 ]
    } ]
  }, {
    "id" : "d668f230-f543-40b8-b21c-58f3187afb6f",
    "vertices" : [ {
      "x" : -5.545085,
      "y" : -8.972136,
      "z" : 14.5172205
    }, {
      "x" : -8.528233,
      "y" : -7.906107,
      "z" : 15.427718
    }, {
      "x" : 3.2574952,
      "y" : 11.163602,
      "z" : 15.427718
    }, {
      "x" : 5.545085,
      "y" : 8.972136,
      "z" : 14.5172205
    } ],
    "faces" : [ {
      "vertices" : [ 0, 1, 2 ]
    }, {
      "vertices" : [ 0, 2, 3 ]
    }, {
      "vertices" : [ 0, 3, 2 ]
    }, {
      "vertices" : [ 0, 2, 1 ]
    } ]
  }, {
    "id" : "2216d4d9-f152-4392-827e-2d739a6d02cd",
    "vertices" : [ {
      "x" : -11.09017,
      "y" : -17.944271,
      "z" : -6.854102
    }, {
      "x" : -6.8994856,
      "y" : -17.056465,
      "z" : -5.892864
    }, {
      "x" : -3.2574952,
      "y" : -11.163602,
      "z" : 15.427718
    }, {
      "x" : -6.854102,
      "y" : -11.09017,
      "z" : 17.944271
    } ],
    "faces" : [ {
      "vertices" : [ 0, 1, 2 ]
    }, {
      "vertices" : [ 0, 2, 3 ]
    }, {
      "vertices" : [ 0, 3, 2 ]
    }, {
      "vertices" : [ 0, 2, 1 ]
    } ]
  }, {
    "id" : "1ed7f324-f09d-47c6-ab55-2a12730ebbda",
    "vertices" : [ {
      "x" : -14.5172205,
      "y" : -5.545085,
      "z" : 8.972136
    }, {
      "x" : -15.427718,
      "y" : -8.528233,
      "z" : 7.906107
    }, {
      "x" : -15.427718,
      "y" : 3.2574952,
      "z" : -11.163602
    }, {
      "x" : -14.5172205,
      "y" : 5.545085,
      "z" : -8.972136
    } ],
    "faces" : [ {
      "vertices" : [ 0, 1, 2 ]
    }, {
      "vertices" : [ 0, 2, 3 ]
    }, {
      "vertices" : [ 0, 3, 2 ]
    }, {
      "vertices" : [ 0, 2, 1 ]
    } ]
  }, {
    "id" : "8db882ce-eb55-4ec9-b36b-3b89ddc187db",
    "vertices" : [ {
      "x" : -17.944271,
      "y" : 6.854102,
