{
  "field" : "golden",
  "symmetry" : "icosahedral",
  "orientations" : [ [ 1.0, 0.0, 0.0, 0.0, 0.0, 1.0, 0.0, 0.0, 0.0, 0.0, 1.0, 0.0, 0.0, 0.0, 0.0, 1.0 ], [ 0.0, 0.0, 1.0, 0.0, 1.0, 0.0, 0.0, 0.0, 0.0, 1.0, 0.0, 0.0, 0.0, 0.0, 0.0, 1.0 ], [ 0.0, 1.0, 0.0, 0.0, 0.0, 0.0, 1.0, 0.0, 1.0, 0.0, 0.0, 0.0, 0.0, 0.0, 0.0, 1.0 ], [ 0.809017, 0.309017, 0.5, 0.0, 0.309017, 0.5, -0.809017, 0.0, -0.5, 0.809017, 0.309017, 0.0, 0.0, 0.0, 0.0, 1.0 ], [ -0.5, 0.809017, 0.309017, 0.0, 0.809017, 0.309017, 0.5, 0.0, 0.309017, 0.5, -0.809017, 0.0, 0.0, 0.0, 0.0, 1.0 ], [ 0.309017, 0.5, -0.809017, 0.0, -0.5, 0.809017, 0.309017, 0.0, 0.809017, 0.309017, 0.5, 0.0, 0.0, 0.0, 0.0, 1.0 ], [ 0.5, 0.809017, 0.309017, 0.0, 0.809017, -0.309017, -0.5, 0.0, -0.309017, 0.5, -0.809017, 0.0, 0.0, 0.0, 0.0, 1.0 ], [ -0.309017, 0.5, -0.809017, 0.0, 0.5, 0.809017, 0.309017, 0.0, 0.809017, -0.309017, -0.5, 0.0, 0.0, 0.0, 0.0, 1.0 ], [ 0.809017, -0.309017, -0.5, 0.0, -0.309017, 0.5, -0.809017, 0.0, 0.5, 0.809017, 0.309017, 0.0, 0.0, 0.0, 0.0, 1.0 ], [ 0.5, 0.809017, -0.309017, 0.0, 0.809017, -0.309017, 0.5, 0.0, 0.309017, -0.5, -0.809017, 0.0, 0.0, 0.0, 0.0, 1.0 ], [ 0.309017, -0.5, -0.809017, 0.0, 0.5, 0.809017, -0.309017, 0.0, 0.809017, -0.309017, 0.5, 0.0, 0.0, 0.0, 0.0, 1.0 ], [ 0.809017, -0.309017, 0.5, 0.0, 0.309017, -0.5, -0.809017, 0.0, 0.5, 0.809017, -0.309017, 0.0, 0.0, 0.0, 0.0, 1.0 ], [ 0.809017, 0.309017, -0.5, 0.0, 0.309017, 0.5, 0.809017, 0.0, 0.5, -0.809017, 0.309017, 0.0, 0.0, 0.0, 0.0, 1.0 ], [ 0.5, -0.809017, 0.309017, 0.0, 0.809017, 0.309017, -0.5, 0.0, 0.309017, 0.5, 0.809017, 0.0, 0.0, 0.0, 0.0, 1.0 ], [ 0.309017, 0.5, 0.809017, 0.0, 0.5, -0.809017, 0.309017, 0.0, 0.809017, 0.309017, -0.5, 0.0, 0.0, 0.0, 0.0, 1.0 ], [ 1.0, 0.0, 0.0, 0.0, 0.0, -1.0, 0.0, 0.0, 0.0, 0.0, -1.0, 0.0, 0.0, 0.0, 0.0, 1.0 ], [ 0.0, 0.0, 1.0, 0.0, -1.0, 0.0, 0.0, 0.0, 0.0, -1.0, 0.0, 0.0, 0.0, 0.0, 0.0, 1.0 ], [ 0.0, 1.0, 0.0, 0.0, 0.0, 0.0, -1.0, 0.0, -1.0, 0.0, 0.0, 0.0, 0.0, 0.0, 0.0, 1.0 ], [ 0.809017, 0.309017, 0.5, 0.0, -0.309017, -0.5, 0.809017, 0.0, 0.5, -0.809017, -0.309017, 0.0, 0.0, 0.0, 0.0, 1.0 ], [ -0.5, 0.809017, 0.309017, 0.0, -0.809017, -0.309017, -0.5, 0.0, -0.309017, -0.5, 0.809017, 0.0, 0.0, 0.0, 0.0, 1.0 ], [ 0.309017, 0.5, -0.809017, 0.0, 0.5, -0.809017, -0.309017, 0.0, -0.809017, -0.309017, -0.5, 0.0, 0.0, 0.0, 0.0, 1.0 ], [ 0.5, 0.809017, 0.309017, 0.0, -0.809017, 0.309017, 0.5, 0.0, 0.309017, -0.5, 0.809017, 0.0, 0.0, 0.0, 0.0, 1.0 ], [ -0.309017, 0.5, -0.809017, 0.0, -0.5, -0.809017, -0.309017, 0.0, -0.809017, 0.309017, 0.5, 0.0, 0.0, 0.0, 0.0, 1.0 ], [ 0.809017, -0.309017, -0.5, 0.0, 0.309017, -0.5, 0.809017, 0.0, -0.5, -0.809017, -0.309017, 0.0, 0.0, 0.0, 0.0, 1.0 ], [ 0.5, 0.809017, -0.309017, 0.0, -0.809017, 0.309017, -0.5, 0.0, -0.309017, 0.5, 0.809017, 0.0, 0.0, 0.0, 0.0, 1.0 ], [ 0.309017, -0.5, -0.809017, 0.0, -0.5, -0.809017, 0.309017, 0.0, -0.809017, 0.309017, -0.5, 0.0, 0.0, 0.0, 0.0, 1.0 ], [ 0.809017, -0.309017, 0.5, 0.0, -0.309017, 0.5, 0.809017, 0.0, -0.5, -0.809017, 0.309017, 0.0, 0.0, 0.0, 0.0, 1.0 ], [ 0.809017, 0.309017, -0.5, 0.0, -0.309017, -0.5, -0.809017, 0.0, -0.5, 0.809017, -0.309017, 0.0, 0.0, 0.0, 0.0, 1.0 ], [ 0.5, -0.809017, 0.309017, 0.0, -0.809017, -0.309017, 0.5, 0.0, -0.309017, -0.5, -0.809017, 0.0, 0.0, 0.0, 0.0, 1.0 ], [ 0.309017, 0.5, 0.809017, 0.0, -0.5, 0.809017, -0.309017, 0.0, -0.809017, -0.309017, 0.5, 0.0, 0.0, 0.0, 0.0, 1.0 ], [ -1.0, 0.0, 0.0, 0.0, 0.0, -1.0, 0.0, 0.0, 0.0, 0.0, 1.0, 0.0, 0.0, 0.0, 0.0, 1.0 ], [ 0.0, 0.0, -1.0, 0.0, -1.0, 0.0, 0.0, 0.0, 0.0, 1.0, 0.0, 0.0, 0.0, 0.0, 0.0, 1.0 ], [ 0.0, -1.0, 0.0, 0.0, 0.0, 0.0, -1.0, 0.0, 1.0, 0.0, 0.0, 0.0, 0.0, 0.0, 0.0, 1.0 ], [ -0.809017, -0.309017, -0.5, 0.0, -0.309017, -0.5, 0.809017, 0.0, -0.5, 0.809017, 0.309017, 0.0, 0.0, 0.0, 0.0, 1.0 ], [ 0.5, -0.809017, -0.309017, 0.0, -0.809017, -0.309017, -0.5, 0.0, 0.309017, 0.5, -0.809017, 0.0, 0.0, 0.0, 0.0, 1.0 ], [ -0.309017, -0.5, 0.809017, 0.0, 0.5, -0.809017, -0.309017, 0.0, 0.809017, 0.309017, 0.5, 0.0, 0.0, 0.0, 0.0, 1.0 ], [ -0.5, -0.809017, -0.309017, 0.0, -0.809017, 0.309017, 0.5, 0.0, -0.309017, 0.5, -0.809017, 0.0, 0.0, 0.0, 0.0, 1.0 ], [ 0.309017, -0.5, 0.809017, 0.0, -0.5, -0.809017, -0.309017, 0.0, 0.809017, -0.309017, -0.5, 0.0, 0.0, 0.0, 0.0, 1.0 ], [ -0.809017, 0.309017, 0.5, 0.0, 0.309017, -0.5, 0.809017, 0.0, 0.5, 0.809017, 0.309017, 0.0, 0.0, 0.0, 0.0, 1.0 ], [ -0.5, -0.809017, 0.309017, 0.0, -0.809017, 0.309017, -0.5, 0.0, 0.309017, -0.5, -0.809017, 0.0, 0.0, 0.0, 0.0, 1.0 ], [ -0.309017, 0.5, 0.809017, 0.0, -0.5, -0.809017, 0.309017, 0.0, 0.809017, -0.309017, 0.5, 0.0, 0.0, 0.0, 0.0, 1.0 ], [ -0.809017, 0.309017, -0.5, 0.0, -0.309017, 0.5, 0.809017, 0.0, 0.5, 0.809017, -0.309017, 0.0, 0.0, 0.0, 0.0, 1.0 ], [ -0.809017, -0.309017, 0.5, 0.0, -0.309017, -0.5, -0.809017, 0.0, 0.5, -0.809017, 0.309017, 0.0, 0.0, 0.0, 0.0, 1.0 ], [ -0.5, 0.809017, -0.309017, 0.0, -0.809017, -0.309017, 0.5, 0.0, 0.309017, 0.5, 0.809017, 0.0, 0.0, 0.0, 0.0, 1.0 ], [ -0.309017, -0.5, -0.809017, 0.0, -0.5, 0.809017, -0.309017, 0.0, 0.809017, 0.309017, -0.5, 0.0, 0.0, 0.0, 0.0, 1.0 ], [ -1.0, 0.0, 0.0, 0.0, 0.0, 1.0, 0.0, 0.0, 0.0, 0.0, -1.0, 0.0, 0.0, 0.0, 0.0, 1.0 ], [ 0.0, 0.0, -1.0, 0.0, 1.0, 0.0, 0.0, 0.0, 0.0, -1.0, 0.0, 0.0, 0.0, 0.0, 0.0, 1.0 ], [ 0.0, -1.0, 0.0, 0.0, 0.0, 0.0, 1.0, 0.0, -1.0, 0.0, 0.0, 0.0, 0.0, 0.0, 0.0, 1.0 ], [ -0.809017, -0.309017, -0.5, 0.0, 0.309017, 0.5, -0.809017, 0.0, 0.5, -0.809017, -0.309017, 0.0, 0.0, 0.0, 0.0, 1.0 ], [ 0.5, -0.809017, -0.309017, 0.0, 0.809017, 0.309017, 0.5, 0.0, -0.309017, -0.5, 0.809017, 0.0, 0.0, 0.0, 0.0, 1.0 ], [ -0.309017, -0.5, 0.809017, 0.0, -0.5, 0.809017, 0.309017, 0.0, -0.809017, -0.309017, -0.5, 0.0, 0.0, 0.0, 0.0, 1.0 ], [ -0.5, -0.809017, -0.309017, 0.0, 0.809017, -0.309017, -0.5, 0.0, 0.309017, -0.5, 0.809017, 0.0, 0.0, 0.0, 0.0, 1.0 ], [ 0.309017, -0.5, 0.809017, 0.0, 0.5, 0.809017, 0.309017, 0.0, -0.809017, 0.309017, 0.5, 0.0, 0.0, 0.0, 0.0, 1.0 ], [ -0.809017, 0.309017, 0.5, 0.0, -0.309017, 0.5, -0.809017, 0.0, -0.5, -0.809017, -0.309017, 0.0, 0.0, 0.0, 0.0, 1.0 ], [ -0.5, -0.809017, 0.309017, 0.0, 0.809017, -0.309017, 0.5, 0.0, -0.309017, 0.5, 0.809017, 0.0, 0.0, 0.0, 0.0, 1.0 ], [ -0.309017, 0.5, 0.809017, 0.0, 0.5, 0.809017, -0.309017, 0.0, -0.809017, 0.309017, -0.5, 0.0, 0.0, 0.0, 0.0, 1.0 ], [ -0.809017, 0.309017, -0.5, 0.0, 0.309017, -0.5, -0.809017, 0.0, -0.5, -0.809017, 0.309017, 0.0, 0.0, 0.0, 0.0, 1.0 ], [ -0.809017, -0.309017, 0.5, 0.0, 0.309017, 0.5, 0.809017, 0.0, -0.5, 0.809017, -0.309017, 0.0, 0.0, 0.0, 0.0, 1.0 ], [ -0.5, 0.809017, -0.309017, 0.0, 0.809017, 0.309017, -0.5, 0.0, -0.309017, -0.5, -0.809017, 0.0, 0.0, 0.0, 0.0, 1.0 ], [ -0.309017, -0.5, -0.809017, 0.0, 0.5, -0.809017, 0.309017, 0.0, -0.809017, -0.309017, 0.5, 0.0, 0.0, 0.0, 0.0, 1.0 ] ],
  "lights" : {
    "ambientColor" : "#292929",
    "backgroundColor" : "#AFC8DC",
    "directionalLights" : [ {
      "direction" : {
        "x" : 1.0,
        "y" : -1.0,
        "z" : -1.0
      },
      "color" : "#EBEBE4"
    }, {
      "direction" : {
        "x" : -1.0,
        "y" : 0.0,
        "z" : 0.0
      },
      "color" : "#E4E4EB"
    }, {
      "direction" : {
        "x" : 0.0,
        "y" : 0.0,
        "z" : -1.0
      },
      "color" : "#1E1E1E"
    } ]
  },
  "camera" : {
    "stereo" : false,
    "width" : 102.55232,
    "perspective" : false,
    "lookDirection" : {
      "x" : 0.0,
      "y" : 0.0,
      "z" : -1.0
    },
    "upDirection" : {
      "x" : 0.0,
      "y" : 1.0,
      "z" : 0.0
    },
    "lookAtPoint" : {
      "x" : 0.0,
      "y" : 0.0,
      "z" : 0.0
    },
    "viewDistance" : 227.89374,
    "nearClipDistance" : 0.5697345,
    "farClipDistance" : 455.78842,
    "fieldOfView" : 0.44262946,
    "position" : {
      "x" : 0.0,
      "y" : 0.0,
      "z" : 227.89374
    }
  },
  "embedding" : [ 1.0, 0.0, 0.0, 0.0, 0.0, 1.0, 0.0, 0.0, 0.0, 0.0, 1.0, 0.0, 0.0, 0.0, 0.0, 1.0 ],
  "shapes" : [ {
    "id" : "39de5d39-bb89-4494-8150-c83e57d7e56d",
    "vertices" : [ {
      "x" : 14.612713,
      "y" : 2.4635255,
      "z" : -3.677051
    }, {
      "x" : 14.980746,
      "y" : 2.559017,
      "z" : -4.1405764
    }, {
      "x" : 1.0954915,
      "y" : 0.1545085,
      "z" : 0.059016995
    }, {
      "x" : 14.421729,
      "y" : 2.7725425,
      "z" : -4.177051
    }, {
      "x" : 0.9045085,
      "y" : 0.4635255,
      "z" : -0.440983
    }, {
      "x" : 14.421729,
      "y" : 2.1545086,
      "z" : -3.795085
    }, {
      "x" : 0.9045085,
      "y" : -0.1545085,
      "z" : -0.059016995
    }, {
      "x" : 14.230746,
      "y" : 2.4635255,
      "z" : -4.295085
    }, {
      "x" : 15.326238,
      "y" : 2.618034,
      "z" : -4.236068
    }, {
      "x" : 0.3454915,
      "y" : 0.059016995,
      "z" : -0.095491506
    }, {
      "x" : 0.7135255,
      "y" : 0.1545085,
      "z" : -0.559017
    } ],
    "faces" : [ {
      "vertices" : [ 2, 9, 6 ]
    }, {
      "vertices" : [ 0, 1, 3 ]
    }, {
      "vertices" : [ 0, 5, 1 ]
    }, {
      "vertices" : [ 4, 10, 9 ]
    }, {
      "vertices" : [ 3, 7, 10 ]
    }, {
      "vertices" : [ 3, 10, 4 ]
    }, {
      "vertices" : [ 0, 3, 4 ]
    }, {
      "vertices" : [ 0, 4, 2 ]
    }, {
      "vertices" : [ 6, 9, 10 ]
    }, {
      "vertices" : [ 1, 7, 3 ]
    }, {
      "vertices" : [ 5, 6, 10 ]
    }, {
      "vertices" : [ 5, 10, 7 ]
    }, {
      "vertices" : [ 0, 2, 6 ]
    }, {
      "vertices" : [ 0, 6, 5 ]
    }, {
      "vertices" : [ 1, 5, 7 ]
    }, {
      "vertices" : [ 2, 4, 9 ]
    } ]
  }, {
    "id" : "554ce0af-c54b-4c8f-b2bb-59ba212057ec",
    "vertices" : [ {
      "x" : 0.309017,
      "y" : -0.309017,
      "z" : -0.309017
    }, {
      "x" : 0.5,
      "y" : 0.0,
      "z" : -0.19098301
    }, {
      "x" : 0.5,
      "y" : 0.0,
      "z" : 0.19098301
    }, {
      "x" : 0.309017,
      "y" : -0.309017,
      "z" : 0.309017
    }, {
      "x" : 0.19098301,
      "y" : -0.5,
      "z" : 0.0
    }, {
      "x" : 0.0,
      "y" : 0.19098301,
      "z" : 0.5
    }, {
      "x" : 0.0,
      "y" : -0.19098301,
      "z" : 0.5
    }, {
      "x" : 0.309017,
      "y" : 0.309017,
      "z" : 0.309017
    }, {
      "x" : -0.309017,
      "y" : -0.309017,
      "z" : 0.309017
    }, {
      "x" : -0.309017,
      "y" : 0.309017,
      "z" : 0.309017
    }, {
      "x" : -0.5,
      "y" : 0.0,
      "z" : 0.19098301
    }, {
      "x" : 0.0,
      "y" : -0.19098301,
      "z" : -0.5
    }, {
      "x" : 0.0,
      "y" : 0.19098301,
      "z" : -0.5
    }, {
      "x" : 0.309017,
      "y" : 0.309017,
      "z" : -0.309017
    }, {
      "x" : -0.309017,
      "y" : -0.309017,
      "z" : -0.309017
    }, {
      "x" : -0.19098301,
      "y" : -0.5,
      "z" : 0.0
    }, {
      "x" : -0.5,
      "y" : 0.0,
      "z" : -0.19098301
    }, {
      "x" : 0.19098301,
      "y" : 0.5,
      "z" : 0.0
    }, {
      "x" : -0.309017,
      "y" : 0.309017,
      "z" : -0.309017
    }, {
      "x" : 0.0,
      "y" : 0.0,
      "z" : 0.0
    }, {
      "x" : -0.19098301,
      "y" : 0.5,
      "z" : 0.0
    } ],
    "faces" : [ {
      "vertices" : [ 12, 18, 20 ]
    }, {
      "vertices" : [ 12, 20, 17 ]
    }, {
      "vertices" : [ 12, 17, 13 ]
    }, {
      "vertices" : [ 3, 6, 8 ]
    }, {
      "vertices" : [ 3, 8, 15 ]
    }, {
      "vertices" : [ 3, 15, 4 ]
    }, {
      "vertices" : [ 0, 11, 12 ]
    }, {
      "vertices" : [ 0, 12, 13 ]
    }, {
      "vertices" : [ 0, 13, 1 ]
    }, {
      "vertices" : [ 5, 9, 10 ]
    }, {
      "vertices" : [ 5, 10, 8 ]
    }, {
      "vertices" : [ 5, 8, 6 ]
    }, {
      "vertices" : [ 2, 7, 5 ]
    }, {
      "vertices" : [ 2, 5, 6 ]
    }, {
      "vertices" : [ 2, 6, 3 ]
    }, {
      "vertices" : [ 11, 14, 16 ]
    }, {
      "vertices" : [ 11, 16, 18 ]
    }, {
      "vertices" : [ 11, 18, 12 ]
    }, {
      "vertices" : [ 1, 13, 17 ]
    }, {
      "vertices" : [ 1, 17, 7 ]
    }, {
      "vertices" : [ 1, 7, 2 ]
    }, {
      "vertices" : [ 9, 20, 18 ]
    }, {
      "vertices" : [ 9, 18, 16 ]
    }, {
      "vertices" : [ 9, 16, 10 ]
    }, {
      "vertices" : [ 0, 1, 2 ]
    }, {
      "vertices" : [ 0, 2, 3 ]
    }, {
      "vertices" : [ 0, 3, 4 ]
    }, {
      "vertices" : [ 5, 7, 17 ]
    }, {
      "vertices" : [ 5, 17, 20 ]
    }, {
      "vertices" : [ 5, 20, 9 ]
    }, {
      "vertices" : [ 0, 4, 15 ]
    }, {
      "vertices" : [ 0, 15, 14 ]
    }, {
      "vertices" : [ 0, 14, 11 ]
    }, {
      "vertices" : [ 8, 10, 16 ]
    }, {
      "vertices" : [ 8, 16, 14 ]
    }, {
      "vertices" : [ 8, 14, 15 ]
    } ]
  }, {
    "id" : "4affc146-0913-47cd-93da-3a4fea73f8a9",
    "vertices" : [ {
      "x" : 0.809017,
      "y" : 0.618034,
      "z" : -0.19098301
    }, {
      "x" : 0.809017,
      "y" : 0.0,
      "z" : -0.19098301
    }, {
      "x" : 0.309017,
      "y" : 0.11803399,
      "z" : 0.0
    }, {
      "x" : 6.045085,
      "y" : 2.618034,
      "z" : 0.19098301
    }, {
      "x" : 0.809017,
      "y" : 0.618034,
      "z" : 0.19098301
    }, {
      "x" : 0.809017,
      "y" : 0.0,
      "z" : 0.19098301
    }, {
      "x" : 6.045085,
      "y" : 2.0,
      "z" : 0.19098301
    }, {
      "x" : 6.545085,
      "y" : 2.5,
      "z" : 0.0
    }, {
      "x" : 6.045085,
      "y" : 2.618034,
      "z" : -0.19098301
    }, {
      "x" : 6.854102,
      "y" : 2.618034,
      "z" : 0.0
    }, {
      "x" : 6.045085,
      "y" : 2.0,
      "z" : -0.19098301
    } ],
    "faces" : [ {
      "vertices" : [ 3, 6, 7 ]
    }, {
      "vertices" : [ 3, 4, 5 ]
    }, {
      "vertices" : [ 3, 5, 6 ]
    }, {
      "vertices" : [ 3, 7, 8 ]
    }, {
      "vertices" : [ 0, 1, 2 ]
    }, {
      "vertices" : [ 0, 8, 10 ]
    }, {
      "vertices" : [ 0, 10, 1 ]
    }, {
      "vertices" : [ 1, 10, 6 ]
    }, {
      "vertices" : [ 1, 6, 5 ]
    }, {
      "vertices" : [ 0, 2, 4 ]
    }, {
      "vertices" : [ 6, 10, 7 ]
    }, {
      "vertices" : [ 1, 5, 2 ]
    }, {
      "vertices" : [ 7, 10, 8 ]
    }, {
      "vertices" : [ 2, 5, 4 ]
    }, {
      "vertices" : [ 0, 4, 3 ]
    }, {
      "vertices" : [ 0, 3, 8 ]
    } ]
  }, {
    "id" : "cd79616b-39f3-41e1-b40b-0a48223e4661",
    "vertices" : [ {
      "x" : 13.708204,
      "y" : 0.0,
      "z" : -5.236068
    }, {
      "x" : 13.399187,
      "y" : 0.0,
      "z" : -5.118034
    }, {
      "x" : 12.9946785,
      "y" : -0.1545085,
      "z" : -4.677051
    }, {
      "x" : 12.803696,
      "y" : -0.1545085,
      "z" : -5.177051
    }, {
      "x" : 0.9045085,
      "y" : -0.1545085,
      "z" : -0.059016995
    }, {
      "x" : 0.809017,
      "y" : 0.309017,
      "z" : -0.309017
    }, {
      "x" : 0.309017,
      "y" : 0.0,
      "z" : -0.11803399
    }, {
      "x" : 12.899187,
      "y" : 0.309017,
      "z" : -4.927051
    }, {
      "x" : 0.7135255,
      "y" : -0.1545085,
      "z" : -0.559017
    } ],
    "faces" : [ {
      "vertices" : [ 2, 4, 8 ]
    }, {
      "vertices" : [ 2, 8, 3 ]
    }, {
      "vertices" : [ 2, 7, 5 ]
    }, {
      "vertices" : [ 2, 5, 4 ]
    }, {
      "vertices" : [ 4, 6, 8 ]
    }, {
      "vertices" : [ 5, 8, 6 ]
    }, {
      "vertices" : [ 1, 2, 3 ]
    }, {
      "vertices" : [ 3, 8, 5 ]
    }, {
      "vertices" : [ 3, 5, 7 ]
    }, {
      "vertices" : [ 1, 7, 2 ]
    }, {
      "vertices" : [ 1, 3, 7 ]
    }, {
      "vertices" : [ 4, 5, 6 ]
    } ]
  }, {
    "id" : "17a844dd-e0ec-4f30-b9ad-3c0d4cb9a87f",
    "vertices" : [ {
      "x" : 0.9045085,
      "y" : 0.3454915,
      "z" : 0.25
    }, {
      "x" : 6.1405764,
      "y" : 3.5815594,
      "z" : 0.25
    }, {
      "x" : 5.9495935,
      "y" : 3.8905764,
      "z" : 0.25
    }, {
      "x" : 0.7135255,
      "y" : 0.6545085,
      "z" : 0.25
    }, {
      "x" : 0.809017,
      "y" : 0.5,
      "z" : -0.309017
    }, {
      "x" : 0.9635255,
      "y" : 0.25,
      "z" : -0.095491506
    }, {
      "x" : 0.309017,
      "y" : 0.19098301,
      "z" : 0.0
    }, {
      "x" : 6.545085,
      "y" : 4.045085,
      "z" : 0.0
    }, {
      "x" : 5.8905764,
      "y" : 3.986068,
      "z" : -0.095491506
    }, {
      "x" : 6.045085,
      "y" : 3.736068,
      "z" : -0.309017
    }, {
      "x" : 6.854102,
      "y" : 4.236068,
      "z" : 0.0
    }, {
      "x" : 0.6545085,
      "y" : 0.75,
      "z" : -0.095491506
    }, {
      "x" : 6.1995935,
      "y" : 3.486068,
      "z" : -0.095491506
    } ],
    "faces" : [ {
      "vertices" : [ 4, 11, 8 ]
    }, {
      "vertices" : [ 4, 8, 9 ]
    }, {
      "vertices" : [ 0, 1, 2 ]
    }, {
      "vertices" : [ 0, 2, 3 ]
    }, {
      "vertices" : [ 0, 3, 6 ]
    }, {
      "vertices" : [ 1, 7, 2 ]
    }, {
      "vertices" : [ 0, 6, 5 ]
    }, {
      "vertices" : [ 4, 5, 6 ]
    }, {
      "vertices" : [ 2, 7, 8 ]
    }, {
      "vertices" : [ 0, 5, 12 ]
    }, {
      "vertices" : [ 0, 12, 1 ]
    }, {
      "vertices" : [ 1, 12, 7 ]
    }, {
      "vertices" : [ 3, 11, 6 ]
    }, {
      "vertices" : [ 4, 6, 11 ]
    }, {
      "vertices" : [ 7, 9, 8 ]
    }, {
      "vertices" : [ 2, 8, 11 ]
    }, {
      "vertices" : [ 2, 11, 3 ]
    }, {
      "vertices" : [ 7, 12, 9 ]
    }, {
      "vertices" : [ 4, 9, 12 ]
    }, {
      "vertices" : [ 4, 12, 5 ]
    } ]
  }, {
    "id" : "25dd70f7-2d72-4be2-b8c8-4edaca6de921",
    "vertices" : [ {
      "x" : 10.781153,
      "y" : 4.118034,
      "z" : -1.572949
    }, {
      "x" : 10.399187,
      "y" : 3.663119,
      "z" : -1.381966
    }, {
      "x" : 10.236068,
      "y" : 3.927051,
      "z" : -1.809017
    }, {
      "x" : 10.163119,
      "y" : 4.190983,
      "z" : -1.618034
    }, {
      "x" : 0.85410196,
      "y" : 0.309017,
      "z" : 0.19098301
    }, {
      "x" : 0.690983,
      "y" : 0.572949,
      "z" : -0.23606798
    }, {
      "x" : 0.309017,
      "y" : 0.11803399,
      "z" : -0.045084972
    }, {
      "x" : 0.76393205,
      "y" : 0.309017,
      "z" : -0.42705098
    }, {
      "x" : 0.927051,
      "y" : 0.045084972,
      "z" : 0.0
    }, {
      "x" : 10.326238,
      "y" : 3.927051,
      "z" : -1.190983
    }, {
      "x" : 11.09017,
      "y" : 4.236068,
      "z" : -1.618034
    } ],
    "faces" : [ {
      "vertices" : [ 2, 7, 5 ]
    }, {
      "vertices" : [ 2, 5, 3 ]
    }, {
      "vertices" : [ 1, 8, 7 ]
    }, {
      "vertices" : [ 1, 7, 2 ]
    }, {
      "vertices" : [ 4, 6, 8 ]
    }, {
      "vertices" : [ 5, 7, 6 ]
    }, {
      "vertices" : [ 0, 1, 2 ]
    }, {
      "vertices" : [ 0, 2, 3 ]
    }, {
      "vertices" : [ 6, 7, 8 ]
    }, {
      "vertices" : [ 3, 5, 4 ]
    }, {
      "vertices" : [ 3, 4, 9 ]
    }, {
      "vertices" : [ 1, 9, 4 ]
    }, {
      "vertices" : [ 1, 4, 8 ]
    }, {
      "vertices" : [ 0, 9, 1 ]
    }, {
      "vertices" : [ 0, 3, 9 ]
    }, {
      "vertices" : [ 4, 5, 6 ]
    } ]
  }, {
    "id" : "5b2f84df-93e1-4a14-a124-a328bdbe824f",
    "vertices" : [ {
      "x" : 11.09017,
      "y" : 0.0,
      "z" : -4.236068
    }, {
      "x" : 10.781153,
      "y" : 0.0,
      "z" : -4.118034
    }, {
      "x" : 10.376644,
      "y" : -0.1545085,
      "z" : -3.677051
    }, {
      "x" : 10.185661,
      "y" : -0.1545085,
      "z" : -4.177051
    }, {
      "x" : 0.9045085,
      "y" : -0.1545085,
      "z" : -0.059016995
    }, {
      "x" : 0.809017,
      "y" : 0.309017,
      "z" : -0.309017
    }, {
      "x" : 0.309017,
      "y" : 0.0,
      "z" : -0.11803399
    }, {
      "x" : 10.281153,
      "y" : 0.309017,
      "z" : -3.927051
    }, {
      "x" : 0.7135255,
      "y" : -0.1545085,
      "z" : -0.559017
    } ],
    "faces" : [ {
      "vertices" : [ 2, 4, 8 ]
    }, {
      "vertices" : [ 2, 8, 3 ]
    }, {
      "vertices" : [ 2, 7, 5 ]
    }, {
      "vertices" : [ 2, 5, 4 ]
    }, {
      "vertices" : [ 4, 6, 8 ]
    }, {
      "vertices" : [ 5, 8, 6 ]
    }, {
      "vertices" : [ 1, 2, 3 ]
    }, {
      "vertices" : [ 3, 8, 5 ]
    }, {
      "vertices" : [ 3, 5, 7 ]
    }, {
      "vertices" : [ 1, 7, 2 ]
    }, {
      "vertices" : [ 1, 3, 7 ]
    }, {
      "vertices" : [ 4, 5, 6 ]
    } ]
  } ],
  "instances" : [ {
    "shape" : "39de5d39-bb89-4494-8150-c83e57d7e56d",
    "color" : "#DC4C00",
    "position" : {
      "x" : 8.472136,
      "y" : 0.0,
      "z" : -22.18034
    },
    "orientation" : 51
  }, {
    "shape" : "39de5d39-bb89-4494-8150-c83e57d7e56d",
    "color" : "#DC4C00",
    "position" : {
      "x" : -22.18034,
      "y" : 0.0,
      "z" : -13.708204
    },
    "orientation" : 6
  }, {
    "shape" : "554ce0af-c54b-4c8f-b2bb-59ba212057ec",
    "color" : "#FFFFFF",
    "position" : {
      "x" : 0.0,
      "y" : 22.18034,
      "z" : -8.472136
    }
  }, {
    "shape" : "554ce0af-c54b-4c8f-b2bb-59ba212057ec",
    "color" : "#FFFFFF",
    "position" : {
      "x" : -9.472136,
      "y" : -6.854102,
      "z" : 0.0
    }
  }, {
    "shape" : "4affc146-0913-47cd-93da-3a4fea73f8a9",
    "color" : "#6C00C6",
    "position" : {
      "x" : 0.0,
      "y" : 9.472136,
      "z" : 6.854102
    },
    "orientation" : 47
  }, {
    "shape" : "554ce0af-c54b-4c8f-b2bb-59ba212057ec",
    "color" : "#FFFFFF",
    "position" : {
      "x" : -18.944271,
      "y" : 5.236068,
      "z" : 0.0
    }
  }, {
    "shape" : "cd79616b-39f3-41e1-b40b-0a48223e4661",
    "color" : "#F0A000",
    "position" : {
      "x" : -18.944271,
      "y" : 0.0,
      "z" : 13.708204
    },
    "orientation" : 22
  }, {
    "shape" : "cd79616b-39f3-41e1-b40b-0a48223e4661",
    "color" : "#F0A000",
    "position" : {
      "x" : 0.0,
      "y" : 18.944271,
      "z" : 5.236068
    },
    "orientation" : 2
  }, {
    "shape" : "4affc146-0913-47cd-93da-3a4fea73f8a9",
    "color" : "#6C00C6",
    "position" : {
      "x" : 9.472136,
      "y" : 6.854102,
      "z" : 0.0
    },
    "orientation" : 45
  }, {
    "shape" : "cd79616b-39f3-41e1-b40b-0a48223e4661",
    "color" : "#F0A000",
    "position" : {
      "x" : -5.236068,
      "y" : 0.0,
      "z" : -18.944271
    },
    "orientation" : 38
  }, {
    "shape" : "4affc146-0913-47cd-93da-3a4fea73f8a9",
    "color" : "#6C00C6",
    "position" : {
      "x" : 6.854102,
      "y" : 6.854102,
      "z" : -6.854102
    },
    "orientation" : 45
  }, {
    "shape" : "39de5d39-bb89-4494-8150-c83e57d7e56d",
    "color" : "#DC4C00",
    "position" : {
      "x" : 0.0,
      "y" : -13.708204,
      "z" : 22.18034
    },
    "orientation" : 23
  }, {
    "shape" : "554ce0af-c54b-4c8f-b2bb-59ba212057ec",
    "color" : "#FFFFFF",
    "position" : {
      "x" : -11.09017,
      "y" : -6.854102,
      "z" : 0.0
    }
  }, {
    "shape" : "554ce0af-c54b-4c8f-b2bb-59ba212057ec",
    "color" : "#FFFFFF",
    "position" : {
      "x" : -16.944271,
      "y" : 0.0,
      "z" : -8.472136
    }
  }, {
    "shape" : "cd79616b-39f3-41e1-b40b-0a48223e4661",
    "color" : "#F0A000",
    "position" : {
      "x" : -18.944271,
      "y" : 0.0,
      "z" : 13.708204
    },
    "orientation" : 17
  }, {
    "shape" : "39de5d39-bb89-4494-8150-c83e57d7e56d",
    "color" : "#DC4C00",
    "position" : {
      "x" : 0.0,
      "y" : 22.18034,
      "z" : 8.472136
    },
    "orientation" : 53
  }, {
    "shape" : "39de5d39-bb89-4494-8150-c83e57d7e56d",
    "color" : "#DC4C00",
    "position" : {
      "x" : 22.18034,
      "y" : -8.472136,
      "z" : 0.0
    },
    "orientation" : 36
  }, {
    "shape" : "17a844dd-e0ec-4f30-b9ad-3c0d4cb9a87f",
    "color" : "#AF0000",
    "position" : {
      "x" : 11.09017,
      "y" : -6.854102,
      "z" : 0.0
    },
    "orientation" : 46
  }, {
    "shape" : "554ce0af-c54b-4c8f-b2bb-59ba212057ec",
    "color" : "#FFFFFF",
    "position" : {
      "x" : 0.0,
      "y" : 9.472136,
      "z" : -6.854102
    }
  }, {
    "shape" : "554ce0af-c54b-4c8f-b2bb-59ba212057ec",
    "color" : "#FFFFFF",
    "position" : {
      "x" : 8.472136,
      "y" : 8.472136,
      "z" : -8.472136
    }
  }, {
    "shape" : "cd79616b-39f3-41e1-b40b-0a48223e4661",
    "color" : "#F0A000",
    "position" : {
      "x" : -18.944271,
      "y" : -5.236068,
      "z" : 0.0
    },
    "orientation" : 21
  }, {
    "shape" : "554ce0af-c54b-4c8f-b2bb-59ba212057ec",
    "color" : "#FFFFFF",
    "position" : {
      "x" : -16.944271,
      "y" : 8.472136,
      "z" : 0.0
    }
  }, {
    "shape" : "554ce0af-c54b-4c8f-b2bb-59ba212057ec",
    "color" : "#FFFFFF",
    "position" : {
      "x" : 8.472136,
      "y" : 0.0,
      "z" : 16.944271
    }
  }, {
    "shape" : "554ce0af-c54b-4c8f-b2bb-59ba212057ec",
    "color" : "#FFFFFF",
    "position" : {
      "x" : 22.18034,
      "y" : 0.0,
      "z" : -13.708204
    }
  }, {
    "shape" : "4affc146-0913-47cd-93da-3a4fea73f8a9",
    "color" : "#6C00C6",
    "position" : {
      "x" : -6.854102,
      "y" : -6.854102,
      "z" : -6.854102
    },
    "orientation" : 15
  }, {
    "shape" : "cd79616b-39f3-41e1-b40b-0a48223e4661",
    "color" : "#F0A000",
    "position" : {
      "x" : 5.236068,
      "y" : 0.0,
      "z" : -18.944271
    },
    "orientation" : 8
  }, {
    "shape" : "25dd70f7-2d72-4be2-b8c8-4edaca6de921",
    "color" : "#008D36",
    "position" : {
      "x" : 8.472136,
      "y" : 0.0,
      "z" : -16.944271
    },
    "orientation" : 8
  }, {
    "shape" : "554ce0af-c54b-4c8f-b2bb-59ba212057ec",
    "color" : "#FFFFFF",
    "position" : {
      "x" : -13.708204,
      "y" : -13.708204,
      "z" : -13.708204
    }
  }, {
    "shape" : "554ce0af-c54b-4c8f-b2bb-59ba212057ec",
    "color" : "#FFFFFF",
    "position" : {
      "x" : 0.0,
      "y" : -22.18034,
      "z" : 8.472136
    }
  }, {
    "shape" : "17a844dd-e0ec-4f30-b9ad-3c0d4cb9a87f",
    "color" : "#AF0000",
    "position" : {
      "x" : 0.0,
      "y" : -11.09017,
      "z" : -6.854102
    },
    "orientation" : 0
  }, {
    "shape" : "cd79616b-39f3-41e1-b40b-0a48223e4661",
    "color" : "#F0A000",
    "position" : {
      "x" : -13.708204,
      "y" : -13.708204,
      "z" : -13.708204
    },
    "orientation" : 0
  }, {
    "shape" : "5b2f84df-93e1-4a14-a124-a328bdbe824f",
    "color" : "#F0A000",
    "position" : {
      "x" : -6.854102,
      "y" : 6.854102,
      "z" : 6.854102
    },
    "orientation" : 4
  }, {
    "shape" : "25dd70f7-2d72-4be2-b8c8-4edaca6de921",
    "color" : "#008D36",
    "position" : {
      "x" : 0.0,
      "y" : -8.472136,
      "z" : -16.944271
    },
    "orientation" : 8
  }, {
    "shape" : "39de5d39-bb89-4494-8150-c83e57d7e56d",
    "color" : "#DC4C00",
    "position" : {
      "x" : 22.18034,
      "y" : 0.0,
      "z" : 13.708204
    },
    "orientation" : 52
  }, {
    "shape" : "4affc146-0913-47cd-93da-3a4fea73f8a9",
    "color" : "#6C00C6",
    "position" : {
      "x" : -9.472136,
      "y" : 0.0,
      "z" : -2.618034
    },
    "orientation" : 31
  }, {
    "shape" : "39de5d39-bb89-4494-8150-c83e57d7e56d",
    "color" : "#DC4C00",
    "position" : {
      "x" : 22.18034,
      "y" : 8.472136,
      "z" : 0.0
    },
    "orientation" : 51
  }, {
    "shape" : "554ce0af-c54b-4c8f-b2bb-59ba212057ec",
    "color" : "#FFFFFF",
    "position" : {
      "x" : 0.0,
      "y" : -13.708204,
      "z" : 22.18034
    }
  }, {
    "shape" : "39de5d39-bb89-4494-8150-c83e57d7e56d",
    "color" : "#DC4C00",
    "position" : {
      "x" : 8.472136,
      "y" : 0.0,
      "z" : -22.18034
    },
    "orientation" : 8
  }, {
    "shape" : "17a844dd-e0ec-4f30-b9ad-3c0d4cb9a87f",
    "color" : "#AF0000",
    "position" : {
      "x" : -11.09017,
      "y" : 6.854102,
      "z" : 0.0
    },
    "orientation" : 0
  }, {
    "shape" : "554ce0af-c54b-4c8f-b2bb-59ba212057ec",
    "color" : "#FFFFFF",
    "position" : {
      "x" : 9.472136,
      "y" : 0.0,
      "z" : -2.618034
    }
  }, {
    "shape" : "554ce0af-c54b-4c8f-b2bb-59ba212057ec",
    "color" : "#FFFFFF",
    "position" : {
      "x" : 0.0,
      "y" : 13.708204,
      "z" : -18.944271
    }
  }, {
    "shape" : "17a844dd-e0ec-4f30-b9ad-3c0d4cb9a87f",
    "color" : "#AF0000",
    "position" : {
      "x" : 0.0,
      "y" : 11.09017,
      "z" : -6.854102
    },
    "orientation" : 30
  }, {
    "shape" : "cd79616b-39f3-41e1-b40b-0a48223e4661",
    "color" : "#F0A000",
    "position" : {
      "x" : 13.708204,
      "y" : -18.944271,
      "z" : 0.0
    },
    "orientation" : 30
  }, {
    "shape" : "554ce0af-c54b-4c8f-b2bb-59ba212057ec",
    "color" : "#FFFFFF",
    "position" : {
      "x" : -13.708204,
      "y" : -22.18034,
      "z" : 0.0
    }
  }, {
    "shape" : "17a844dd-e0ec-4f30-b9ad-3c0d4cb9a87f",
    "color" : "#AF0000",
    "position" : {
      "x" : 0.0,
      "y" : -11.09017,
      "z" : -6.854102
    },
    "orientation" : 32
  }, {
    "shape" : "554ce0af-c54b-4c8f-b2bb-59ba212057ec",
    "color" : "#FFFFFF",
    "position" : {
      "x" : 0.0,
      "y" : -18.944271,
      "z" : -5.236068
    }
  }, {
    "shape" : "4affc146-0913-47cd-93da-3a4fea73f8a9",
    "color" : "#6C00C6",
    "position" : {
      "x" : -2.618034,
      "y" : -9.472136,
      "z" : 0.0
    },
    "orientation" : 17
  }, {
    "shape" : "25dd70f7-2d72-4be2-b8c8-4edaca6de921",
    "color" : "#008D36",
    "position" : {
      "x" : -8.472136,
      "y" : 0.0,
      "z" : -16.944271
    },
    "orientation" : 38
  }, {
    "shape" : "5b2f84df-93e1-4a14-a124-a328bdbe824f",
    "color" : "#F0A000",
    "position" : {
      "x" : 6.854102,
      "y" : -6.854102,
      "z" : 6.854102
    },
    "orientation" : 5
  }, {
    "shape" : "554ce0af-c54b-4c8f-b2bb-59ba212057ec",
    "color" : "#FFFFFF",
    "position" : {
      "x" : 0.0,
      "y" : 13.708204,
      "z" : 18.944271
    }
  }, {
    "shape" : "cd79616b-39f3-41e1-b40b-0a48223e4661",
    "color" : "#F0A000",
    "position" : {
      "x" : 13.708204,
      "y" : 13.708204,
      "z" : -13.708204
    },
    "orientation" : 30
  }, {
    "shape" : "4affc146-0913-47cd-93da-3a4fea73f8a9",
    "color" : "#6C00C6",
    "position" : {
      "x" : -6.854102,
      "y" : 6.854102,
      "z" : 6.854102
    },
    "orientation" : 0
  }, {
    "shape" : "25dd70f7-2d72-4be2-b8c8-4edaca6de921",
    "color" : "#008D36",
    "position" : {
      "x" : -8.472136,
      "y" : 16.944271,
      "z" : 0.0
    },
    "orientation" : 8
  }, {
    "shape" : "cd79616b-39f3-41e1-b40b-0a48223e4661",
    "color" : "#F0A000",
    "position" : {
      "x" : 13.708204,
      "y" : -13.708204,
      "z" : -13.708204
    },
    "orientation" : 6
  }, {
    "shape" : "17a844dd-e0ec-4f30-b9ad-3c0d4cb9a87f",
    "color" : "#AF0000",
    "position" : {
      "x" : 11.09017,
      "y" : -6.854102,
      "z" : 0.0
    },
    "orientation" : 30
  }, {
    "shape" : "4affc146-0913-47cd-93da-3a4fea73f8a9",
    "color" : "#6C00C6",
    "position" : {
      "x" : -6.854102,
      "y" : 6.854102,
      "z" : -6.854102
    },
    "orientation" : 16
  }, {
    "shape" : "cd79616b-39f3-41e1-b40b-0a48223e4661",
    "color" : "#F0A000",
    "position" : {
      "x" : 0.0,
      "y" : -13.708204,
      "z" : 18.944271
    },
    "orientation" : 1
  }, {
    "shape" : "39de5d39-bb89-4494-8150-c83e57d7e56d",
    "color" : "#DC4C00",
    "position" : {
      "x" : 0.0,
      "y" : 22.18034,
      "z" : 8.472136
    },
    "orientation" : 37
  }, {
    "shape" : "554ce0af-c54b-4c8f-b2bb-59ba212057ec",
    "color" : "#FFFFFF",
    "position" : {
      "x" : -5.236068,
      "y" : 0.0,
      "z" : -18.944271
    }
  }, {
    "shape" : "25dd70f7-2d72-4be2-b8c8-4edaca6de921",
    "color" : "#008D36",
    "position" : {
      "x" : -8.472136,
      "y" : -8.472136,
      "z" : 8.472136
    },
    "orientation" : 7
  }, {
    "shape" : "554ce0af-c54b-4c8f-b2bb-59ba212057ec",
    "color" : "#FFFFFF",
    "position" : {
      "x" : -8.472136,
      "y" : 0.0,
      "z" : 22.18034
    }
  }, {
    "shape" : "17a844dd-e0ec-4f30-b9ad-3c0d4cb9a87f",
    "color" : "#AF0000",
    "position" : {
      "x" : 11.09017,
      "y" : -6.854102,
      "z" : 0.0
    },
    "orientation" : 1
  }, {
    "shape" : "554ce0af-c54b-4c8f-b2bb-59ba212057ec",
    "color" : "#FFFFFF",
    "position" : {
      "x" : 9.472136,
      "y" : 6.854102,
      "z" : 0.0
    }
  }, {
    "shape" : "554ce0af-c54b-4c8f-b2bb-59ba212057ec",
    "color" : "#FFFFFF",
    "position" : {
      "x" : 0.0,
      "y" : 8.472136,
      "z" : -16.944271
    }
  }, {
    "shape" : "554ce0af-c54b-4c8f-b2bb-59ba212057ec",
    "color" : "#FFFFFF",
    "position" : {
      "x" : 0.0,
      "y" : 9.472136,
      "z" : 6.854102
    }
  }, {
    "shape" : "25dd70f7-2d72-4be2-b8c8-4edaca6de921",
    "color" : "#008D36",
    "position" : {
      "x" : 0.0,
      "y" : 16.944271,
      "z" : -8.472136
    },
    "orientation" : 21
  }, {
    "shape" : "17a844dd-e0ec-4f30-b9ad-3c0d4cb9a87f",
    "color" : "#AF0000",
    "position" : {
      "x" : 0.0,
      "y" : 11.09017,
      "z" : 6.854102
    },
    "orientation" : 17
  }, {
    "shape" : "39de5d39-bb89-4494-8150-c83e57d7e56d",
    "color" : "#DC4C00",
    "position" : {
      "x" : -22.18034,
      "y" : 0.0,
      "z" : 13.708204
    },
    "orientation" : 21
  }, {
    "shape" : "39de5d39-bb89-4494-8150-c83e57d7e56d",
    "color" : "#DC4C00",
    "position" : {
      "x" : 0.0,
      "y" : 13.708204,
      "z" : -22.18034
    },
    "orientation" : 8
  }, {
    "shape" : "554ce0af-c54b-4c8f-b2bb-59ba212057ec",
    "color" : "#FFFFFF",
    "position" : {
      "x" : -8.472136,
      "y" : -16.944271,
      "z" : 0.0
    }
  }, {
    "shape" : "39de5d39-bb89-4494-8150-c83e57d7e56d",
    "color" : "#DC4C00",
    "position" : {
      "x" : -13.708204,
      "y" : -22.18034,
      "z" : 0.0
    },
    "orientation" : 7
  }, {
    "shape" : "cd79616b-39f3-41e1-b40b-0a48223e4661",
    "color" : "#F0A000",
    "position" : {
      "x" : 18.944271,
      "y" : -5.236068,
      "z" : 0.0
    },
    "orientation" : 16
  }, {
    "shape" : "5b2f84df-93e1-4a14-a124-a328bdbe824f",
    "color" : "#F0A000",
    "position" : {
      "x" : 6.854102,
      "y" : 6.854102,
      "z" : 6.854102
    },
    "orientation" : 9
  }, {
    "shape" : "4affc146-0913-47cd-93da-3a4fea73f8a9",
    "color" : "#6C00C6",
    "position" : {
      "x" : -6.854102,
      "y" : 6.854102,
      "z" : -6.854102
    },
    "orientation" : 0
  }, {
    "shape" : "554ce0af-c54b-4c8f-b2bb-59ba212057ec",
    "color" : "#FFFFFF",
    "position" : {
      "x" : 0.0,
      "y" : 8.472136,
      "z" : 16.944271
    }
  }, {
    "shape" : "5b2f84df-93e1-4a14-a124-a328bdbe824f",
    "color" : "#F0A000",
    "position" : {
      "x" : -6.854102,
      "y" : -6.854102,
      "z" : 6.854102
    },
    "orientation" : 39
  }, {
    "shape" : "4affc146-0913-47cd-93da-3a4fea73f8a9",
    "color" : "#6C00C6",
    "position" : {
      "x" : 0.0,
      "y" : -2.618034,
      "z" : -9.472136
    },
    "orientation" : 45
  }, {
    "shape" : "39de5d39-bb89-4494-8150-c83e57d7e56d",
    "color" : "#DC4C00",
    "position" : {
      "x" : 22.18034,
      "y" : 0.0,
      "z" : -13.708204
    },
    "orientation" : 51
  }, {
    "shape" : "554ce0af-c54b-4c8f-b2bb-59ba212057ec",
    "color" : "#FFFFFF",
    "position" : {
      "x" : -5.236068,
      "y" : 0.0,
      "z" : 18.944271
    }
  }, {
    "shape" : "39de5d39-bb89-4494-8150-c83e57d7e56d",
    "color" : "#DC4C00",
    "position" : {
      "x" : -22.18034,
      "y" : -8.472136,
      "z" : 0.0
    },
    "orientation" : 52
  }, {
    "shape" : "4affc146-0913-47cd-93da-3a4fea73f8a9",
    "color" : "#6C00C6",
    "position" : {
      "x" : -9.472136,
      "y" : 0.0,
      "z" : -2.618034
    },
    "orientation" : 1
  }, {
    "shape" : "25dd70f7-2d72-4be2-b8c8-4edaca6de921",
    "color" : "#008D36",
    "position" : {
      "x" : -16.944271,
      "y" : 8.472136,
      "z" : 0.0
    },
    "orientation" : 23
  }, {
    "shape" : "39de5d39-bb89-4494-8150-c83e57d7e56d",
    "color" : "#DC4C00",
    "position" : {
      "x" : -8.472136,
      "y" : 0.0,
      "z" : -22.18034
    },
    "orientation" : 38
  }, {
    "shape" : "17a844dd-e0ec-4f30-b9ad-3c0d4cb9a87f",
    "color" : "#AF0000",
    "position" : {
      "x" : -11.09017,
      "y" : 6.854102,
      "z" : 0.0
    },
    "orientation" : 31
  }, {
    "shape" : "4affc146-0913-47cd-93da-3a4fea73f8a9",
    "color" : "#6C00C6",
    "position" : {
      "x" : 0.0,
      "y" : -9.472136,
      "z" : 6.854102
    },
    "orientation" : 1
  }, {
    "shape" : "17a844dd-e0ec-4f30-b9ad-3c0d4cb9a87f",
    "color" : "#AF0000",
    "position" : {
      "x" : -6.854102,
      "y" : 0.0,
      "z" : 11.09017
    },
    "orientation" : 15
  }, {
    "shape" : "25dd70f7-2d72-4be2-b8c8-4edaca6de921",
    "color" : "#008D36",
    "position" : {
      "x" : 0.0,
      "y" : 8.472136,
      "z" : -16.944271
    },
    "orientation" : 38
  }, {
    "shape" : "25dd70f7-2d72-4be2-b8c8-4edaca6de921",
    "color" : "#008D36",
    "position" : {
      "x" : 8.472136,
      "y" : 16.944271,
      "z" : 0.0
    },
    "orientation" : 22
  }, {
    "shape" : "cd79616b-39f3-41e1-b40b-0a48223e4661",
    "color" : "#F0A000",
    "position" : {
      "x" : -13.708204,
      "y" : -13.708204,
      "z" : 13.708204
    },
    "orientation" : 22
  }, {
    "shape" : "25dd70f7-2d72-4be2-b8c8-4edaca6de921",
    "color" : "#008D36",
    "position" : {
      "x" : 0.0,
      "y" : -8.472136,
      "z" : 16.944271
    },
    "orientation" : 23
  }, {
    "shape" : "4affc146-0913-47cd-93da-3a4fea73f8a9",
    "color" : "#6C00C6",
    "position" : {
      "x" : 6.854102,
      "y" : -6.854102,
      "z" : -6.854102
    },
    "orientation" : 30
  }, {
    "shape" : "25dd70f7-2d72-4be2-b8c8-4edaca6de921",
    "color" : "#008D36",
    "position" : {
      "x" : -8.472136,
      "y" : 0.0,
      "z" : -16.944271
    },
    "orientation" : 7
  }, {
    "shape" : "554ce0af-c54b-4c8f-b2bb-59ba212057ec",
    "color" : "#FFFFFF",
    "position" : {
      "x" : 16.944271,
      "y" : 8.472136,
      "z" : 0.0
    }
  }, {
    "shape" : "25dd70f7-2d72-4be2-b8c8-4edaca6de921",
    "color" : "#008D36",
    "position" : {
      "x" : -8.472136,
      "y" : 0.0,
      "z" : -16.944271
    },
    "orientation" : 37
  }, {
    "shape" : "4affc146-0913-47cd-93da-3a4fea73f8a9",
    "color" : "#6C00C6",
    "position" : {
      "x" : 9.472136,
      "y" : 0.0,
      "z" : 2.618034
    },
    "orientation" : 46
  }, {
    "shape" : "25dd70f7-2d72-4be2-b8c8-4edaca6de921",
    "color" : "#008D36",
    "position" : {
      "x" : -8.472136,
      "y" : -16.944271,
      "z" : 0.0
    },
    "orientation" : 8
  }, {
    "shape" : "17a844dd-e0ec-4f30-b9ad-3c0d4cb9a87f",
    "color" : "#AF0000",
    "position" : {
      "x" : 0.0,
      "y" : -11.09017,
      "z" : 6.854102
    },
    "orientation" : 1
  }, {
    "shape" : "39de5d39-bb89-4494-8150-c83e57d7e56d",
    "color" : "#DC4C00",
    "position" : {
      "x" : -13.708204,
      "y" : -22.18034,
      "z" : 0.0
    },
    "orientation" : 8
  }, {
    "shape" : "25dd70f7-2d72-4be2-b8c8-4edaca6de921",
    "color" : "#008D36",
    "position" : {
      "x" : 0.0,
      "y" : -8.472136,
      "z" : -16.944271
    },
    "orientation" : 51
  }, {
    "shape" : "4affc146-0913-47cd-93da-3a4fea73f8a9",
    "color" : "#6C00C6",
    "position" : {
      "x" : 0.0,
      "y" : 2.618034,
      "z" : 9.472136
    },
    "orientation" : 15
  }, {
    "shape" : "25dd70f7-2d72-4be2-b8c8-4edaca6de921",
    "color" : "#008D36",
    "position" : {
      "x" : 8.472136,
      "y" : 8.472136,
      "z" : 8.472136
    },
    "orientation" : 51
  }, {
    "shape" : "554ce0af-c54b-4c8f-b2bb-59ba212057ec",
    "color" : "#FFFFFF",
    "position" : {
      "x" : 11.09017,
      "y" : 0.0,
      "z" : -4.236068
    }
  }, {
    "shape" : "25dd70f7-2d72-4be2-b8c8-4edaca6de921",
    "color" : "#008D36",
    "position" : {
      "x" : -16.944271,
      "y" : 0.0,
      "z" : 8.472136
    },
    "orientation" : 21
  }, {
    "shape" : "25dd70f7-2d72-4be2-b8c8-4edaca6de921",
    "color" : "#008D36",
    "position" : {
      "x" : 8.472136,
      "y" : -8.472136,
      "z" : -8.472136
    },
    "orientation" : 36
  }, {
