{
  "field" : "golden",
  "symmetry" : "icosahedral",
  "orientations" : [ [ 1.0, 0.0, 0.0, 0.0, 0.0, 1.0, 0.0, 0.0, 0.0, 0.0, 1.0, 0.0, 0.0, 0.0, 0.0, 1.0 ], [ 0.0, 0.0, 1.0, 0.0, 1.0, 0.0, 0.0, 0.0, 0.0, 1.0, 0.0, 0.0, 0.0, 0.0, 0.0, 1.0 ], [ 0.0, 1.0, 0.0, 0.0, 0.0, 0.0, 1.0, 0.0, 1.0, 0.0, 0.0, 0.0, 0.0, 0.0, 0.0, 1.0 ], [ 0.809017, 0.309017, 0.5, 0.0, 0.309017, 0.5, -0.809017, 0.0, -0.5, 0.809017, 0.309017, 0.0, 0.0, 0.0, 0.0, 1.0 ], [ -0.5, 0.809017, 0.309017, 0.0, 0.809017, 0.309017, 0.5, 0.0, 0.309017, 0.5, -0.809017, 0.0, 0.0, 0.0, 0.0, 1.0 ], [ 0.309017, 0.5, -0.809017, 0.0, -0.5, 0.809017, 0.309017, 0.0, 0.809017, 0.309017, 0.5, 0.0, 0.0, 0.0, 0.0, 1.0 ], [ 0.5, 0.809017, 0.309017, 0.0, 0.809017, -0.309017, -0.5, 0.0, -0.309017, 0.5, -0.809017, 0.0, 0.0, 0.0, 0.0, 1.0 ], [ -0.309017, 0.5, -0.809017, 0.0, 0.5, 0.809017, 0.309017, 0.0, 0.809017, -0.309017, -0.5, 0.0, 0.0, 0.0, 0.0, 1.0 ], [ 0.809017, -0.309017, -0.5, 0.0, -0.309017, 0.5, -0.809017, 0.0, 0.5, 0.809017, 0.309017, 0.0, 0.0, 0.0, 0.0, 1.0 ], [ 0.5, 0.809017, -0.309017, 0.0, 0.809017, -0.309017, 0.5, 0.0, 0.309017, -0.5, -0.809017, 0.0, 0.0, 0.0, 0.0, 1.0 ], [ 0.309017, -0.5, -0.809017, 0.0, 0.5, 0.809017, -0.309017, 0.0, 0.809017, -0.309017, 0.5, 0.0, 0.0, 0.0, 0.0, 1.0 ], [ 0.809017, -0.309017, 0.5, 0.0, 0.309017, -0.5, -0.809017, 0.0, 0.5, 0.809017, -0.309017, 0.0, 0.0, 0.0, 0.0, 1.0 ], [ 0.809017, 0.309017, -0.5, 0.0, 0.309017, 0.5, 0.809017, 0.0, 0.5, -0.809017, 0.309017, 0.0, 0.0, 0.0, 0.0, 1.0 ], [ 0.5, -0.809017, 0.309017, 0.0, 0.809017, 0.309017, -0.5, 0.0, 0.309017, 0.5, 0.809017, 0.0, 0.0, 0.0, 0.0, 1.0 ], [ 0.309017, 0.5, 0.809017, 0.0, 0.5, -0.809017, 0.309017, 0.0, 0.809017, 0.309017, -0.5, 0.0, 0.0, 0.0, 0.0, 1.0 ], [ 1.0, 0.0, 0.0, 0.0, 0.0, -1.0, 0.0, 0.0, 0.0, 0.0, -1.0, 0.0, 0.0, 0.0, 0.0, 1.0 ], [ 0.0, 0.0, 1.0, 0.0, -1.0, 0.0, 0.0, 0.0, 0.0, -1.0, 0.0, 0.0, 0.0, 0.0, 0.0, 1.0 ], [ 0.0, 1.0, 0.0, 0.0, 0.0, 0.0, -1.0, 0.0, -1.0, 0.0, 0.0, 0.0, 0.0, 0.0, 0.0, 1.0 ], [ 0.809017, 0.309017, 0.5, 0.0, -0.309017, -0.5, 0.809017, 0.0, 0.5, -0.809017, -0.309017, 0.0, 0.0, 0.0, 0.0, 1.0 ], [ -0.5, 0.809017, 0.309017, 0.0, -0.809017, -0.309017, -0.5, 0.0, -0.309017, -0.5, 0.809017, 0.0, 0.0, 0.0, 0.0, 1.0 ], [ 0.309017, 0.5, -0.809017, 0.0, 0.5, -0.809017, -0.309017, 0.0, -0.809017, -0.309017, -0.5, 0.0, 0.0, 0.0, 0.0, 1.0 ], [ 0.5, 0.809017, 0.309017, 0.0, -0.809017, 0.309017, 0.5, 0.0, 0.309017, -0.5, 0.809017, 0.0, 0.0, 0.0, 0.0, 1.0 ], [ -0.309017, 0.5, -0.809017, 0.0, -0.5, -0.809017, -0.309017, 0.0, -0.809017, 0.309017, 0.5, 0.0, 0.0, 0.0, 0.0, 1.0 ], [ 0.809017, -0.309017, -0.5, 0.0, 0.309017, -0.5, 0.809017, 0.0, -0.5, -0.809017, -0.309017, 0.0, 0.0, 0.0, 0.0, 1.0 ], [ 0.5, 0.809017, -0.309017, 0.0, -0.809017, 0.309017, -0.5, 0.0, -0.309017, 0.5, 0.809017, 0.0, 0.0, 0.0, 0.0, 1.0 ], [ 0.309017, -0.5, -0.809017, 0.0, -0.5, -0.809017, 0.309017, 0.0, -0.809017, 0.309017, -0.5, 0.0, 0.0, 0.0, 0.0, 1.0 ], [ 0.809017, -0.309017, 0.5, 0.0, -0.309017, 0.5, 0.809017, 0.0, -0.5, -0.809017, 0.309017, 0.0, 0.0, 0.0, 0.0, 1.0 ], [ 0.809017, 0.309017, -0.5, 0.0, -0.309017, -0.5, -0.809017, 0.0, -0.5, 0.809017, -0.309017, 0.0, 0.0, 0.0, 0.0, 1.0 ], [ 0.5, -0.809017, 0.309017, 0.0, -0.809017, -0.309017, 0.5, 0.0, -0.309017, -0.5, -0.809017, 0.0, 0.0, 0.0, 0.0, 1.0 ], [ 0.309017, 0.5, 0.809017, 0.0, -0.5, 0.809017, -0.309017, 0.0, -0.809017, -0.309017, 0.5, 0.0, 0.0, 0.0, 0.0, 1.0 ], [ -1.0, 0.0, 0.0, 0.0, 0.0, -1.0, 0.0, 0.0, 0.0, 0.0, 1.0, 0.0, 0.0, 0.0, 0.0, 1.0 ], [ 0.0, 0.0, -1.0, 0.0, -1.0, 0.0, 0.0, 0.0, 0.0, 1.0, 0.0, 0.0, 0.0, 0.0, 0.0, 1.0 ], [ 0.0, -1.0, 0.0, 0.0, 0.0, 0.0, -1.0, 0.0, 1.0, 0.0, 0.0, 0.0, 0.0, 0.0, 0.0, 1.0 ], [ -0.809017, -0.309017, -0.5, 0.0, -0.309017, -0.5, 0.809017, 0.0, -0.5, 0.809017, 0.309017, 0.0, 0.0, 0.0, 0.0, 1.0 ], [ 0.5, -0.809017, -0.309017, 0.0, -0.809017, -0.309017, -0.5, 0.0, 0.309017, 0.5, -0.809017, 0.0, 0.0, 0.0, 0.0, 1.0 ], [ -0.309017, -0.5, 0.809017, 0.0, 0.5, -0.809017, -0.309017, 0.0, 0.809017, 0.309017, 0.5, 0.0, 0.0, 0.0, 0.0, 1.0 ], [ -0.5, -0.809017, -0.309017, 0.0, -0.809017, 0.309017, 0.5, 0.0, -0.309017, 0.5, -0.809017, 0.0, 0.0, 0.0, 0.0, 1.0 ], [ 0.309017, -0.5, 0.809017, 0.0, -0.5, -0.809017, -0.309017, 0.0, 0.809017, -0.309017, -0.5, 0.0, 0.0, 0.0, 0.0, 1.0 ], [ -0.809017, 0.309017, 0.5, 0.0, 0.309017, -0.5, 0.809017, 0.0, 0.5, 0.809017, 0.309017, 0.0, 0.0, 0.0, 0.0, 1.0 ], [ -0.5, -0.809017, 0.309017, 0.0, -0.809017, 0.309017, -0.5, 0.0, 0.309017, -0.5, -0.809017, 0.0, 0.0, 0.0, 0.0, 1.0 ], [ -0.309017, 0.5, 0.809017, 0.0, -0.5, -0.809017, 0.309017, 0.0, 0.809017, -0.309017, 0.5, 0.0, 0.0, 0.0, 0.0, 1.0 ], [ -0.809017, 0.309017, -0.5, 0.0, -0.309017, 0.5, 0.809017, 0.0, 0.5, 0.809017, -0.309017, 0.0, 0.0, 0.0, 0.0, 1.0 ], [ -0.809017, -0.309017, 0.5, 0.0, -0.309017, -0.5, -0.809017, 0.0, 0.5, -0.809017, 0.309017, 0.0, 0.0, 0.0, 0.0, 1.0 ], [ -0.5, 0.809017, -0.309017, 0.0, -0.809017, -0.309017, 0.5, 0.0, 0.309017, 0.5, 0.809017, 0.0, 0.0, 0.0, 0.0, 1.0 ], [ -0.309017, -0.5, -0.809017, 0.0, -0.5, 0.809017, -0.309017, 0.0, 0.809017, 0.309017, -0.5, 0.0, 0.0, 0.0, 0.0, 1.0 ], [ -1.0, 0.0, 0.0, 0.0, 0.0, 1.0, 0.0, 0.0, 0.0, 0.0, -1.0, 0.0, 0.0, 0.0, 0.0, 1.0 ], [ 0.0, 0.0, -1.0, 0.0, 1.0, 0.0, 0.0, 0.0, 0.0, -1.0, 0.0, 0.0, 0.0, 0.0, 0.0, 1.0 ], [ 0.0, -1.0, 0.0, 0.0, 0.0, 0.0, 1.0, 0.0, -1.0, 0.0, 0.0, 0.0, 0.0, 0.0, 0.0, 1.0 ], [ -0.809017, -0.309017, -0.5, 0.0, 0.309017, 0.5, -0.809017, 0.0, 0.5, -0.809017, -0.309017, 0.0, 0.0, 0.0, 0.0, 1.0 ], [ 0.5, -0.809017, -0.309017, 0.0, 0.809017, 0.309017, 0.5, 0.0, -0.309017, -0.5, 0.809017, 0.0, 0.0, 0.0, 0.0, 1.0 ], [ -0.309017, -0.5, 0.809017, 0.0, -0.5, 0.809017, 0.309017, 0.0, -0.809017, -0.309017, -0.5, 0.0, 0.0, 0.0, 0.0, 1.0 ], [ -0.5, -0.809017, -0.309017, 0.0, 0.809017, -0.309017, -0.5, 0.0, 0.309017, -0.5, 0.809017, 0.0, 0.0, 0.0, 0.0, 1.0 ], [ 0.309017, -0.5, 0.809017, 0.0, 0.5, 0.809017, 0.309017, 0.0, -0.809017, 0.309017, 0.5, 0.0, 0.0, 0.0, 0.0, 1.0 ], [ -0.809017, 0.309017, 0.5, 0.0, -0.309017, 0.5, -0.809017, 0.0, -0.5, -0.809017, -0.309017, 0.0, 0.0, 0.0, 0.0, 1.0 ], [ -0.5, -0.809017, 0.309017, 0.0, 0.809017, -0.309017, 0.5, 0.0, -0.309017, 0.5, 0.809017, 0.0, 0.0, 0.0, 0.0, 1.0 ], [ -0.309017, 0.5, 0.809017, 0.0, 0.5, 0.809017, -0.309017, 0.0, -0.809017, 0.309017, -0.5, 0.0, 0.0, 0.0, 0.0, 1.0 ], [ -0.809017, 0.309017, -0.5, 0.0, 0.309017, -0.5, -0.809017, 0.0, -0.5, -0.809017, 0.309017, 0.0, 0.0, 0.0, 0.0, 1.0 ], [ -0.809017, -0.309017, 0.5, 0.0, 0.309017, 0.5, 0.809017, 0.0, -0.5, 0.809017, -0.309017, 0.0, 0.0, 0.0, 0.0, 1.0 ], [ -0.5, 0.809017, -0.309017, 0.0, 0.809017, 0.309017, -0.5, 0.0, -0.309017, -0.5, -0.809017, 0.0, 0.0, 0.0, 0.0, 1.0 ], [ -0.309017, -0.5, -0.809017, 0.0, 0.5, -0.809017, 0.309017, 0.0, -0.809017, -0.309017, 0.5, 0.0, 0.0, 0.0, 0.0, 1.0 ] ],
  "lights" : {
    "ambientColor" : "#292929",
    "backgroundColor" : "#AFC8DC",
    "directionalLights" : [ {
      "direction" : {
        "x" : 1.0,
        "y" : -1.0,
        "z" : -1.0
      },
      "color" : "#EBEBE4"
    }, {
      "direction" : {
        "x" : -1.0,
        "y" : 0.0,
        "z" : 0.0
      },
      "color" : "#E4E4EB"
    }, {
      "direction" : {
        "x" : 0.0,
        "y" : 0.0,
        "z" : -1.0
      },
      "color" : "#1E1E1E"
    } ]
  },
  "camera" : {
    "stereo" : false,
    "width" : 70.13162,
    "lookDirection" : {
      "x" : 0.60750765,
      "y" : 0.33580098,
      "z" : -0.7198408
    },
    "upDirection" : {
      "x" : -0.34001392,
      "y" : -0.70904714,
      "z" : -0.61772025
    },
    "lookAtPoint" : {
      "x" : 0.0,
      "y" : 0.0,
      "z" : 0.0
    },
    "viewDistance" : 155.84773,
    "nearClipDistance" : 0.38961977,
    "farClipDistance" : 311.69498,
    "fieldOfView" : 0.44262975,
    "perspective" : false,
    "position" : {
      "x" : -94.67869,
      "y" : -52.33382,
      "z" : 112.18556
    }
  },
  "embedding" : [ 1.0, 0.0, 0.0, 0.0, 0.0, 1.0, 0.0, 0.0, 0.0, 0.0, 1.0, 0.0, 0.0, 0.0, 0.0, 1.0 ],
  "shapes" : [ {
    "id" : "ab668667-b100-4b21-9b33-8a2aecd033b1",
    "vertices" : [ {
      "x" : -2.5022166,
      "y" : 1.603929,
      "z" : -7.2416954
    }, {
      "x" : -2.4022167,
      "y" : 2.0039291,
      "z" : -7.1416955
    }, {
      "x" : -0.32182872,
      "y" : 0.42612758,
      "z" : -0.43645173
    }, {
      "x" : -0.42182872,
      "y" : 0.026127595,
      "z" : -0.5364517
    }, {
      "x" : -2.7022166,
      "y" : 2.1372623,
      "z" : -6.9083624
    }, {
      "x" : -2.8022165,
      "y" : 1.7372624,
      "z" : -7.0083623
    }, {
      "x" : -0.12182873,
      "y" : -0.10720574,
      "z" : -0.76978505
    }, {
      "x" : -0.021828732,
      "y" : 0.29279426,
      "z" : -0.6697851
    } ],
    "faces" : [ {
      "vertices" : [ 2, 3, 6 ]
    }, {
      "vertices" : [ 2, 6, 7 ]
    }, {
      "vertices" : [ 0, 5, 4 ]
    }, {
      "vertices" : [ 0, 4, 1 ]
    }, {
      "vertices" : [ 2, 4, 5 ]
    }, {
      "vertices" : [ 2, 5, 3 ]
    }, {
      "vertices" : [ 0, 6, 3 ]
    }, {
      "vertices" : [ 0, 3, 5 ]
    }, {
      "vertices" : [ 0, 1, 7 ]
    }, {
      "vertices" : [ 0, 7, 6 ]
    }, {
      "vertices" : [ 1, 4, 2 ]
    }, {
      "vertices" : [ 1, 2, 7 ]
    } ]
  }, {
    "id" : "9063bf0b-0141-4a4b-b547-6690d2560e94",
    "vertices" : [ {
      "x" : 0.0,
      "y" : 0.0,
      "z" : 0.0
    }, {
      "x" : -2.8240454,
      "y" : 2.0300567,
      "z" : -7.6781473
    }, {
      "x" : -5.648091,
      "y" : 7.6781473,
      "z" : -2.0300567
    }, {
      "x" : -2.8240454,
      "y" : 5.648091,
      "z" : 5.648091
    } ],
    "faces" : [ {
      "vertices" : [ 0, 1, 2 ]
    }, {
      "vertices" : [ 0, 2, 3 ]
    }, {
      "vertices" : [ 0, 3, 2 ]
    }, {
      "vertices" : [ 0, 2, 1 ]
    } ]
  }, {
    "id" : "90642e7b-9938-4005-95a9-8516144b645f",
    "vertices" : [ {
      "x" : 1.0,
      "y" : 0.309017,
      "z" : 0.19098301
    }, {
      "x" : 1.0,
      "y" : -0.309017,
      "z" : 0.19098301
    }, {
      "x" : 7.472136,
      "y" : -0.309017,
      "z" : 0.19098301
    }, {
      "x" : 7.472136,
      "y" : 0.309017,
      "z" : 0.19098301
    }, {
      "x" : 7.472136,
      "y" : -0.309017,
      "z" : -0.19098301
    }, {
      "x" : 7.472136,
      "y" : 0.309017,
      "z" : -0.19098301
    }, {
      "x" : 8.09017,
      "y" : 0.0,
      "z" : 0.0
    }, {
      "x" : 0.38196602,
      "y" : 0.0,
      "z" : 0.0
    }, {
      "x" : 1.0,
      "y" : 0.309017,
      "z" : -0.19098301
    }, {
      "x" : 1.0,
      "y" : -0.309017,
      "z" : -0.19098301
    }, {
      "x" : 8.472136,
      "y" : 0.0,
      "z" : 0.0
    } ],
    "faces" : [ {
      "vertices" : [ 1, 9, 4 ]
    }, {
      "vertices" : [ 1, 4, 2 ]
    }, {
      "vertices" : [ 0, 3, 5 ]
    }, {
      "vertices" : [ 0, 5, 8 ]
    }, {
      "vertices" : [ 1, 7, 9 ]
    }, {
      "vertices" : [ 0, 1, 2 ]
    }, {
      "vertices" : [ 0, 2, 3 ]
    }, {
      "vertices" : [ 7, 8, 9 ]
    }, {
      "vertices" : [ 0, 7, 1 ]
    }, {
      "vertices" : [ 4, 9, 8 ]
    }, {
      "vertices" : [ 4, 8, 5 ]
    }, {
      "vertices" : [ 2, 6, 3 ]
    }, {
      "vertices" : [ 2, 4, 6 ]
    }, {
      "vertices" : [ 3, 6, 5 ]
    }, {
      "vertices" : [ 4, 5, 6 ]
    }, {
      "vertices" : [ 0, 8, 7 ]
    } ]
  }, {
    "id" : "9fc87f41-3ef7-4bc5-9304-2d92bb8bee06",
    "vertices" : [ {
      "x" : -13.326238,
      "y" : 8.472136,
      "z" : 13.326238
    }, {
      "x" : -7.6781473,
      "y" : 14.120227,
      "z" : 10.5021925
    }, {
      "x" : -10.5021925,
      "y" : 16.150284,
      "z" : 2.8240454
    }, {
      "x" : -16.150284,
      "y" : 10.5021925,
      "z" : 5.648091
    } ],
    "faces" : [ {
      "vertices" : [ 0, 1, 2 ]
    }, {
      "vertices" : [ 0, 2, 3 ]
    }, {
      "vertices" : [ 0, 3, 2 ]
    }, {
      "vertices" : [ 0, 2, 1 ]
    } ]
  }, {
    "id" : "eb8383d6-82d6-4ce1-a3a9-d57b8ee75aab",
    "vertices" : [ {
      "x" : -21.004385,
      "y" : 5.648091,
      "z" : 15.356295
    }, {
      "x" : -13.326238,
      "y" : 8.472136,
      "z" : 13.326238
    }, {
      "x" : -7.6781473,
      "y" : 5.648091,
      "z" : 18.974329
    }, {
      "x" : -15.356295,
      "y" : 2.8240454,
      "z" : 21.004385
    } ],
    "faces" : [ {
      "vertices" : [ 0, 1, 2 ]
    }, {
      "vertices" : [ 0, 2, 3 ]
    }, {
      "vertices" : [ 0, 3, 2 ]
    }, {
      "vertices" : [ 0, 2, 1 ]
    } ]
  }, {
    "id" : "fdd70cfe-ec5a-4baf-a7b8-1f8f21732652",
    "vertices" : [ {
      "x" : 0.309017,
      "y" : -0.309017,
      "z" : -0.309017
    }, {
      "x" : 0.5,
      "y" : 0.0,
      "z" : -0.19098301
    }, {
      "x" : 0.5,
      "y" : 0.0,
      "z" : 0.19098301
    }, {
      "x" : 0.309017,
      "y" : -0.309017,
      "z" : 0.309017
    }, {
      "x" : 0.19098301,
      "y" : -0.5,
      "z" : 0.0
    }, {
      "x" : 0.0,
      "y" : 0.19098301,
      "z" : 0.5
    }, {
      "x" : 0.0,
      "y" : -0.19098301,
      "z" : 0.5
    }, {
      "x" : 0.309017,
      "y" : 0.309017,
      "z" : 0.309017
    }, {
      "x" : -0.309017,
      "y" : -0.309017,
      "z" : 0.309017
    }, {
      "x" : -0.309017,
      "y" : 0.309017,
      "z" : 0.309017
    }, {
      "x" : -0.5,
      "y" : 0.0,
      "z" : 0.19098301
    }, {
      "x" : 0.0,
      "y" : -0.19098301,
      "z" : -0.5
    }, {
      "x" : 0.0,
      "y" : 0.19098301,
      "z" : -0.5
    }, {
      "x" : 0.309017,
      "y" : 0.309017,
      "z" : -0.309017
    }, {
      "x" : -0.309017,
      "y" : -0.309017,
      "z" : -0.309017
    }, {
      "x" : -0.19098301,
      "y" : -0.5,
      "z" : 0.0
    }, {
      "x" : -0.5,
      "y" : 0.0,
      "z" : -0.19098301
    }, {
      "x" : 0.19098301,
      "y" : 0.5,
      "z" : 0.0
    }, {
      "x" : -0.309017,
      "y" : 0.309017,
      "z" : -0.309017
    }, {
      "x" : 0.0,
      "y" : 0.0,
      "z" : 0.0
    }, {
      "x" : -0.19098301,
      "y" : 0.5,
      "z" : 0.0
    } ],
    "faces" : [ {
      "vertices" : [ 12, 18, 20 ]
    }, {
      "vertices" : [ 12, 20, 17 ]
    }, {
      "vertices" : [ 12, 17, 13 ]
    }, {
      "vertices" : [ 3, 6, 8 ]
    }, {
      "vertices" : [ 3, 8, 15 ]
    }, {
      "vertices" : [ 3, 15, 4 ]
    }, {
      "vertices" : [ 0, 11, 12 ]
    }, {
      "vertices" : [ 0, 12, 13 ]
    }, {
      "vertices" : [ 0, 13, 1 ]
    }, {
      "vertices" : [ 5, 9, 10 ]
    }, {
      "vertices" : [ 5, 10, 8 ]
    }, {
      "vertices" : [ 5, 8, 6 ]
    }, {
      "vertices" : [ 2, 7, 5 ]
    }, {
      "vertices" : [ 2, 5, 6 ]
    }, {
      "vertices" : [ 2, 6, 3 ]
    }, {
      "vertices" : [ 11, 14, 16 ]
    }, {
      "vertices" : [ 11, 16, 18 ]
    }, {
      "vertices" : [ 11, 18, 12 ]
    }, {
      "vertices" : [ 1, 13, 17 ]
    }, {
      "vertices" : [ 1, 17, 7 ]
    }, {
      "vertices" : [ 1, 7, 2 ]
    }, {
      "vertices" : [ 9, 20, 18 ]
    }, {
      "vertices" : [ 9, 18, 16 ]
    }, {
      "vertices" : [ 9, 16, 10 ]
    }, {
      "vertices" : [ 0, 1, 2 ]
    }, {
      "vertices" : [ 0, 2, 3 ]
    }, {
      "vertices" : [ 0, 3, 4 ]
    }, {
      "vertices" : [ 5, 7, 17 ]
    }, {
      "vertices" : [ 5, 17, 20 ]
    }, {
      "vertices" : [ 5, 20, 9 ]
    }, {
      "vertices" : [ 0, 4, 15 ]
    }, {
      "vertices" : [ 0, 15, 14 ]
    }, {
      "vertices" : [ 0, 14, 11 ]
    }, {
      "vertices" : [ 8, 10, 16 ]
    }, {
      "vertices" : [ 8, 16, 14 ]
    }, {
      "vertices" : [ 8, 14, 15 ]
    } ]
  }, {
    "id" : "7e3592b7-f594-4f6c-8079-fd59de4075e5",
    "vertices" : [ {
      "x" : 7.2416954,
      "y" : -1.603929,
      "z" : 2.5022166
    }, {
      "x" : 7.1416955,
      "y" : -2.0039291,
      "z" : 2.4022167
    }, {
      "x" : 0.43645173,
      "y" : -0.42612758,
      "z" : 0.32182872
    }, {
      "x" : 0.5364517,
      "y" : -0.026127595,
      "z" : 0.42182872
    }, {
      "x" : 6.9083624,
      "y" : -2.1372623,
      "z" : 2.7022166
    }, {
      "x" : 7.0083623,
      "y" : -1.7372624,
      "z" : 2.8022165
    }, {
      "x" : 0.76978505,
      "y" : 0.10720574,
      "z" : 0.12182873
    }, {
      "x" : 0.6697851,
      "y" : -0.29279426,
      "z" : 0.021828732
    } ],
    "faces" : [ {
      "vertices" : [ 2, 3, 6 ]
    }, {
      "vertices" : [ 2, 6, 7 ]
    }, {
      "vertices" : [ 0, 5, 4 ]
    }, {
      "vertices" : [ 0, 4, 1 ]
    }, {
      "vertices" : [ 2, 4, 5 ]
    }, {
      "vertices" : [ 2, 5, 3 ]
    }, {
      "vertices" : [ 0, 6, 3 ]
    }, {
      "vertices" : [ 0, 3, 5 ]
    }, {
      "vertices" : [ 0, 1, 7 ]
    }, {
      "vertices" : [ 0, 7, 6 ]
    }, {
      "vertices" : [ 1, 4, 2 ]
    }, {
      "vertices" : [ 1, 2, 7 ]
    } ]
  }, {
    "id" : "68e2a7c7-2e8c-4b5f-9159-4d54b8f59279",
    "vertices" : [ {
      "x" : -10.5021925,
      "y" : -0.79398865,
      "z" : -5.648091
    }, {
      "x" : -13.326238,
      "y" : 4.854102,
      "z" : 0.0
    }, {
      "x" : -21.798374,
      "y" : 4.854102,
      "z" : 0.0
    }, {
      "x" : -18.974329,
      "y" : -0.79398865,
      "z" : -5.648091
    } ],
    "faces" : [ {
      "vertices" : [ 0, 1, 2 ]
    }, {
      "vertices" : [ 0, 2, 3 ]
    }, {
      "vertices" : [ 0, 3, 2 ]
    }, {
      "vertices" : [ 0, 2, 1 ]
    } ]
  }, {
    "id" : "dc4ef443-d0e7-4a4b-bfc7-0fe05c91205f",
    "vertices" : [ {
      "x" : -5.3703127,
      "y" : -5.1036463,
      "z" : 2.3351564
    }, {
      "x" : -5.270313,
      "y" : -5.0036464,
      "z" : 2.7351565
    }, {
      "x" : -0.2777778,
      "y" : -0.54444444,
      "z" : 0.4888889
    }, {
      "x" : -0.37777779,
      "y" : -0.64444447,
      "z" : 0.08888889
    }, {
      "x" : -5.0369797,
      "y" : -5.303646,
      "z" : 2.8684897
    }, {
      "x" : -5.1369796,
      "y" : -5.403646,
      "z" : 2.4684896
    }, {
      "x" : -0.6111111,
      "y" : -0.34444445,
      "z" : -0.044444446
    }, {
      "x" : -0.51111114,
      "y" : -0.24444444,
      "z" : 0.35555556
    } ],
    "faces" : [ {
      "vertices" : [ 2, 3, 6 ]
    }, {
      "vertices" : [ 2, 6, 7 ]
    }, {
      "vertices" : [ 0, 5, 4 ]
    }, {
      "vertices" : [ 0, 4, 1 ]
    }, {
      "vertices" : [ 2, 4, 5 ]
    }, {
      "vertices" : [ 2, 5, 3 ]
    }, {
      "vertices" : [ 0, 6, 3 ]
    }, {
      "vertices" : [ 0, 3, 5 ]
    }, {
      "vertices" : [ 0, 1, 7 ]
    }, {
      "vertices" : [ 0, 7, 6 ]
    }, {
      "vertices" : [ 1, 4, 2 ]
    }, {
      "vertices" : [ 1, 2, 7 ]
    } ]
  }, {
    "id" : "96e25ce3-5497-4b16-adac-d50c209c1006",
    "vertices" : [ {
      "x" : -4.854102,
      "y" : 0.0,
      "z" : 13.326238
    }, {
      "x" : 2.8240454,
      "y" : 2.8240454,
      "z" : 11.296182
    }, {
      "x" : 10.5021925,
      "y" : 0.79398865,
      "z" : 14.120227
    }, {
      "x" : 2.8240454,
      "y" : -2.0300567,
      "z" : 16.150284
    } ],
    "faces" : [ {
      "vertices" : [ 0, 1, 2 ]
    }, {
      "vertices" : [ 0, 2, 3 ]
    }, {
      "vertices" : [ 0, 3, 2 ]
    }, {
      "vertices" : [ 0, 2, 1 ]
    } ]
  }, {
    "id" : "709390f7-f12d-46b0-8407-b7df9d7686cd",
    "vertices" : [ {
      "x" : -4.854102,
      "y" : 8.472136,
      "z" : 13.326238
    }, {
      "x" : -7.6781473,
      "y" : 10.5021925,
      "z" : 5.648091
    }, {
      "x" : -15.356295,
      "y" : 7.6781473,
      "z" : 7.6781473
    }, {
      "x" : -12.532249,
      "y" : 5.648091,
      "z" : 15.356295
    } ],
    "faces" : [ {
      "vertices" : [ 0, 1, 2 ]
    }, {
      "vertices" : [ 0, 2, 3 ]
    }, {
      "vertices" : [ 0, 3, 2 ]
    }, {
      "vertices" : [ 0, 2, 1 ]
    } ]
  }, {
    "id" : "fb6bb369-47e3-4a2a-8b79-0e54cba1bf78",
    "vertices" : [ {
      "x" : -16.944271,
      "y" : -16.944271,
      "z" : -16.944271
    }, {
      "x" : -16.944271,
      "y" : -8.472136,
      "z" : -16.944271
    }, {
      "x" : -16.944271,
      "y" : -8.472136,
      "z" : -8.472136
    }, {
      "x" : -16.944271,
      "y" : -16.944271,
      "z" : -8.472136
    } ],
    "faces" : [ {
      "vertices" : [ 0, 1, 2 ]
    }, {
      "vertices" : [ 0, 2, 3 ]
    }, {
      "vertices" : [ 0, 3, 2 ]
    }, {
      "vertices" : [ 0, 2, 1 ]
    } ]
  }, {
    "id" : "304a952b-8e5c-45bc-91a0-7a37a50f7e09",
    "vertices" : [ {
      "x" : 0.0,
      "y" : 0.0,
      "z" : 0.0
    }, {
      "x" : -2.8240454,
      "y" : 5.648091,
      "z" : 5.648091
    }, {
      "x" : -10.5021925,
      "y" : 2.8240454,
      "z" : 7.6781473
    }, {
      "x" : -7.6781473,
      "y" : -2.8240454,
      "z" : 2.0300567
    } ],
    "faces" : [ {
      "vertices" : [ 0, 1, 2 ]
    }, {
      "vertices" : [ 0, 2, 3 ]
    }, {
      "vertices" : [ 0, 3, 2 ]
    }, {
      "vertices" : [ 0, 2, 1 ]
    } ]
  }, {
    "id" : "92cc29fc-e7cb-4df0-bd9b-6b116e845599",
    "vertices" : [ {
      "x" : 2.8240454,
      "y" : 2.8240454,
      "z" : 11.296182
    }, {
      "x" : 10.5021925,
      "y" : 0.79398865,
      "z" : 14.120227
    }, {
      "x" : 16.150284,
      "y" : 6.4420795,
      "z" : 11.296182
    }, {
      "x" : 8.472136,
      "y" : 8.472136,
      "z" : 8.472136
    } ],
    "faces" : [ {
      "vertices" : [ 0, 1, 2 ]
    }, {
      "vertices" : [ 0, 2, 3 ]
    }, {
      "vertices" : [ 0, 3, 2 ]
    }, {
      "vertices" : [ 0, 2, 1 ]
    } ]
  }, {
    "id" : "15bc0b55-5f4e-4ab2-acbf-94bbbe162314",
    "vertices" : [ {
      "x" : -12.532249,
      "y" : 5.648091,
      "z" : 15.356295
    }, {
      "x" : -10.5021925,
      "y" : 2.8240454,
      "z" : 7.6781473
    }, {
      "x" : -4.854102,
      "y" : 0.0,
      "z" : 13.326238
    }, {
      "x" : -6.8841586,
      "y" : 2.8240454,
      "z" : 21.004385
    } ],
    "faces" : [ {
      "vertices" : [ 0, 1, 2 ]
    }, {
      "vertices" : [ 0, 2, 3 ]
    }, {
      "vertices" : [ 0, 3, 2 ]
    }, {
      "vertices" : [ 0, 2, 1 ]
    } ]
  }, {
    "id" : "e6cacb1c-2781-492e-8790-38faf4c73744",
    "vertices" : [ {
      "x" : -14.120227,
      "y" : 7.6781473,
      "z" : -10.5021925
    }, {
      "x" : -11.296182,
      "y" : 2.0300567,
      "z" : -16.150284
    }, {
      "x" : -2.8240454,
      "y" : 2.0300567,
      "z" : -16.150284
    }, {
      "x" : -5.648091,
      "y" : 7.6781473,
      "z" : -10.5021925
    } ],
    "faces" : [ {
      "vertices" : [ 0, 1, 2 ]
    }, {
      "vertices" : [ 0, 2, 3 ]
    }, {
      "vertices" : [ 0, 3, 2 ]
    }, {
      "vertices" : [ 0, 2, 1 ]
    } ]
  }, {
    "id" : "388848cb-0be4-40a6-b5a3-8c30a6128555",
    "vertices" : [ {
      "x" : -21.004385,
      "y" : 5.648091,
      "z" : 15.356295
    }, {
      "x" : -12.532249,
      "y" : 5.648091,
      "z" : 15.356295
    }, {
      "x" : -10.5021925,
      "y" : 2.8240454,
      "z" : 7.6781473
    }, {
      "x" : -18.974329,
      "y" : 2.8240454,
      "z" : 7.6781473
    } ],
    "faces" : [ {
      "vertices" : [ 0, 1, 2 ]
    }, {
      "vertices" : [ 0, 2, 3 ]
    }, {
      "vertices" : [ 0, 3, 2 ]
    }, {
      "vertices" : [ 0, 2, 1 ]
    } ]
  }, {
    "id" : "944f90c6-d048-496d-ae40-45702f900c5b",
    "vertices" : [ {
      "x" : -13.326238,
      "y" : 4.854102,
      "z" : -8.472136
    }, {
      "x" : -5.648091,
      "y" : 7.6781473,
      "z" : -10.5021925
    }, {
      "x" : -7.6781473,
      "y" : 10.5021925,
      "z" : -2.8240454
    }, {
      "x" : -15.356295,
      "y" : 7.6781473,
      "z" : -0.79398865
    } ],
    "faces" : [ {
      "vertices" : [ 0, 1, 2 ]
    }, {
      "vertices" : [ 0, 2, 3 ]
    }, {
      "vertices" : [ 0, 3, 2 ]
    }, {
      "vertices" : [ 0, 2, 1 ]
    } ]
  }, {
    "id" : "cf6c57b5-2e03-4619-a970-77a8d0303940",
    "vertices" : [ {
      "x" : -0.79398865,
      "y" : -5.648091,
      "z" : -10.5021925
    }, {
      "x" : 2.0300567,
      "y" : -7.6781473,
      "z" : -2.8240454
    }, {
      "x" : 0.0,
      "y" : 0.0,
      "z" : 0.0
    }, {
      "x" : -2.8240454,
      "y" : 2.0300567,
      "z" : -7.6781473
    } ],
    "faces" : [ {
      "vertices" : [ 0, 1, 2 ]
    }, {
      "vertices" : [ 0, 2, 3 ]
    }, {
      "vertices" : [ 0, 3, 2 ]
    }, {
      "vertices" : [ 0, 2, 1 ]
    } ]
  }, {
    "id" : "9bacdf1a-ac61-4ba8-b65a-0515a86ddaab",
    "vertices" : [ {
      "x" : -8.472136,
      "y" : -16.944271,
      "z" : -16.944271
    }, {
      "x" : -0.79398865,
      "y" : -14.120227,
      "z" : -18.974329
    }, {
      "x" : -0.79398865,
      "y" : -14.120227,
      "z" : -10.5021925
    }, {
      "x" : -8.472136,
      "y" : -16.944271,
      "z" : -8.472136
    } ],
    "faces" : [ {
      "vertices" : [ 0, 1, 2 ]
    }, {
      "vertices" : [ 0, 2, 3 ]
    }, {
      "vertices" : [ 0, 3, 2 ]
    }, {
      "vertices" : [ 0, 2, 1 ]
    } ]
  }, {
    "id" : "255d703a-005d-4535-af5b-244c64f2bb48",
    "vertices" : [ {
      "x" : -4.854102,
      "y" : 8.472136,
      "z" : 13.326238
    }, {
      "x" : -13.326238,
      "y" : 8.472136,
      "z" : 13.326238
    }, {
      "x" : -7.6781473,
      "y" : 14.120227,
      "z" : 10.5021925
    }, {
      "x" : 0.79398865,
      "y" : 14.120227,
      "z" : 10.5021925
    } ],
    "faces" : [ {
      "vertices" : [ 0, 1, 2 ]
    }, {
      "vertices" : [ 0, 2, 3 ]
    }, {
      "vertices" : [ 0, 3, 2 ]
    }, {
      "vertices" : [ 0, 2, 1 ]
    } ]
  }, {
    "id" : "f71110f7-e091-47ed-af99-8f923e12b34a",
    "vertices" : [ {
      "x" : -5.648091,
      "y" : 7.6781473,
      "z" : -2.0300567
    }, {
      "x" : -13.326238,
      "y" : 4.854102,
      "z" : 0.0
    }, {
      "x" : -15.356295,
      "y" : 7.6781473,
      "z" : 7.6781473
    }, {
      "x" : -7.6781473,
      "y" : 10.5021925,
      "z" : 5.648091
    } ],
    "faces" : [ {
      "vertices" : [ 0, 1, 2 ]
    }, {
      "vertices" : [ 0, 2, 3 ]
    }, {
      "vertices" : [ 0, 3, 2 ]
    }, {
      "vertices" : [ 0, 2, 1 ]
    } ]
  }, {
    "id" : "e04e58d9-3f7a-49a4-b3c7-846590173626",
    "vertices" : [ {
      "x" : -6.8841586,
      "y" : 2.8240454,
      "z" : 21.004385
    }, {
      "x" : -4.854102,
      "y" : 0.0,
      "z" : 13.326238
    }, {
      "x" : 2.8240454,
      "y" : 2.8240454,
      "z" : 11.296182
    }, {
      "x" : 0.79398865,
      "y" : 5.648091,
      "z" : 18.974329
    } ],
    "faces" : [ {
      "vertices" : [ 0, 1, 2 ]
    }, {
      "vertices" : [ 0, 2, 3 ]
    }, {
      "vertices" : [ 0, 3, 2 ]
    }, {
      "vertices" : [ 0, 2, 1 ]
    } ]
  }, {
    "id" : "4c8964be-acd7-4034-b3c1-ed8b4f6166dd",
    "vertices" : [ {
      "x" : -15.356295,
      "y" : 7.6781473,
      "z" : 7.6781473
    }, {
      "x" : -23.82843,
      "y" : 7.6781473,
      "z" : 7.6781473
    }, {
      "x" : -16.150284,
      "y" : 10.5021925,
      "z" : 5.648091
    }, {
      "x" : -7.6781473,
      "y" : 10.5021925,
      "z" : 5.648091
    } ],
    "faces" : [ {
      "vertices" : [ 0, 1, 2 ]
    }, {
      "vertices" : [ 0, 2, 3 ]
    }, {
      "vertices" : [ 0, 3, 2 ]
    }, {
      "vertices" : [ 0, 2, 1 ]
    } ]
  }, {
    "id" : "7bebe3fb-1238-4b10-b7cd-4a74bbae68aa",
    "vertices" : [ {
      "x" : 6.4420795,
      "y" : 11.296182,
      "z" : 16.150284
    }, {
      "x" : 9.266125,
      "y" : 18.974329,
      "z" : 14.120227
    }, {
      "x" : 16.944271,
      "y" : 16.944271,
      "z" : 16.944271
    }, {
      "x" : 14.120227,
      "y" : 9.266125,
      "z" : 18.974329
    } ],
    "faces" : [ {
      "vertices" : [ 0, 1, 2 ]
    }, {
      "vertices" : [ 0, 2, 3 ]
    }, {
      "vertices" : [ 0, 3, 2 ]
    }, {
      "vertices" : [ 0, 2, 1 ]
    } ]
  }, {
    "id" : "e14cc446-4f6b-4d36-b693-b30fed658bad",
    "vertices" : [ {
      "x" : -7.6781473,
      "y" : 14.120227,
      "z" : 10.5021925
    }, {
      "x" : 0.79398865,
      "y" : 14.120227,
      "z" : 10.5021925
    }, {
      "x" : -2.0300567,
      "y" : 16.150284,
      "z" : 2.8240454
    }, {
      "x" : -10.5021925,
      "y" : 16.150284,
      "z" : 2.8240454
    } ],
    "faces" : [ {
      "vertices" : [ 0, 1, 2 ]
    }, {
      "vertices" : [ 0, 2, 3 ]
    }, {
      "vertices" : [ 0, 3, 2 ]
    }, {
      "vertices" : [ 0, 2, 1 ]
    } ]
  }, {
    "id" : "cc9000ea-44cf-4c44-9eaf-53d9ec37ee34",
    "vertices" : [ {
      "x" : 8.472136,
      "y" : 8.472136,
      "z" : 8.472136
    }, {
      "x" : 11.296182,
      "y" : 16.150284,
      "z" : 6.4420795
    }, {
      "x" : 9.266125,
      "y" : 18.974329,
      "z" : 14.120227
    }, {
      "x" : 6.4420795,
      "y" : 11.296182,
      "z" : 16.150284
    } ],
    "faces" : [ {
      "vertices" : [ 0, 1, 2 ]
    }, {
      "vertices" : [ 0, 2, 3 ]
    }, {
      "vertices" : [ 0, 3, 2 ]
    }, {
      "vertices" : [ 0, 2, 1 ]
    } ]
  }, {
    "id" : "cd0ec822-cedb-423c-a990-423d4fd416e4",
    "vertices" : [ {
      "x" : -7.6781473,
      "y" : 0.79398865,
      "z" : 23.82843
    }, {
      "x" : 0.79398865,
      "y" : 0.79398865,
      "z" : 23.82843
    }, {
      "x" : 2.8240454,
      "y" : -2.0300567,
      "z" : 16.150284
    }, {
      "x" : -5.648091,
      "y" : -2.0300567,
      "z" : 16.150284
    } ],
    "faces" : [ {
      "vertices" : [ 0, 1, 2 ]
    }, {
      "vertices" : [ 0, 2, 3 ]
    }, {
      "vertices" : [ 0, 3, 2 ]
    }, {
      "vertices" : [ 0, 2, 1 ]
    } ]
  }, {
    "id" : "3c66d4be-f1df-4f66-a175-4e6754ccd14c",
    "vertices" : [ {
      "x" : -10.5021925,
      "y" : -0.79398865,
      "z" : -5.648091
    }, {
      "x" : -10.5021925,
      "y" : -0.79398865,
      "z" : -14.120227
    }, {
      "x" : -13.326238,
      "y" : 4.854102,
      "z" : -8.472136
    }, {
      "x" : -13.326238,
      "y" : 4.854102,
      "z" : 0.0
    } ],
    "faces" : [ {
      "vertices" : [ 0, 1, 2 ]
    }, {
      "vertices" : [ 0, 2, 3 ]
    }, {
      "vertices" : [ 0, 3, 2 ]
    }, {
      "vertices" : [ 0, 2, 1 ]
    } ]
  }, {
    "id" : "d25436f6-1b33-44d7-97af-2fb4ed9f7f86",
    "vertices" : [ {
      "x" : -21.004385,
      "y" : 5.648091,
      "z" : 15.356295
    }, {
      "x" : -15.356295,
      "y" : 2.8240454,
      "z" : 21.004385
    }, {
      "x" : -6.8841586,
      "y" : 2.8240454,
      "z" : 21.004385
    }, {
      "x" : -12.532249,
      "y" : 5.648091,
      "z" : 15.356295
    } ],
    "faces" : [ {
      "vertices" : [ 0, 1, 2 ]
    }, {
      "vertices" : [ 0, 2, 3 ]
    }, {
      "vertices" : [ 0, 3, 2 ]
    }, {
      "vertices" : [ 0, 2, 1 ]
    } ]
  }, {
    "id" : "bab5eaae-e5f0-4109-95a5-78d11f8e7aee",
    "vertices" : [ {
      "x" : -10.5021925,
      "y" : 2.8240454,
      "z" : 7.6781473
    }, {
      "x" : -2.8240454,
      "y" : 5.648091,
      "z" : 5.648091
    }, {
      "x" : 2.8240454,
      "y" : 2.8240454,
      "z" : 11.296182
    }, {
      "x" : -4.854102,
      "y" : 0.0,
      "z" : 13.326238
    } ],
    "faces" : [ {
      "vertices" : [ 0, 1, 2 ]
    }, {
      "vertices" : [ 0, 2, 3 ]
    }, {
      "vertices" : [ 0, 3, 2 ]
    }, {
      "vertices" : [ 0, 2, 1 ]
    } ]
  }, {
    "id" : "89a7bcd0-f514-49fa-a7c2-6eb3c87a0015",
    "vertices" : [ {
      "x" : -2.8240454,
      "y" : 5.648091,
      "z" : 5.648091
    }, {
      "x" : -5.648091,
      "y" : 7.6781473,
      "z" : -2.0300567
    }, {
      "x" : -7.6781473,
      "y" : 10.5021925,
      "z" : 5.648091
    }, {
      "x" : -4.854102,
      "y" : 8.472136,
      "z" : 13.326238
    } ],
    "faces" : [ {
      "vertices" : [ 0, 1, 2 ]
    }, {
      "vertices" : [ 0, 2, 3 ]
    }, {
      "vertices" : [ 0, 3, 2 ]
    }, {
      "vertices" : [ 0, 2, 1 ]
    } ]
  }, {
    "id" : "d68ff828-735f-4b0b-a25b-0775777dc7a5",
    "vertices" : [ {
      "x" : -2.8240454,
      "y" : 2.0300567,
      "z" : -7.6781473
    }, {
      "x" : -0.79398865,
      "y" : -5.648091,
      "z" : -10.5021925
    }, {
      "x" : -0.79398865,
      "y" : -5.648091,
      "z" : -18.974329
    }, {
      "x" : -2.8240454,
      "y" : 2.0300567,
      "z" : -16.150284
    } ],
    "faces" : [ {
      "vertices" : [ 0, 1, 2 ]
    }, {
      "vertices" : [ 0, 2, 3 ]
    }, {
      "vertices" : [ 0, 3, 2 ]
    }, {
      "vertices" : [ 0, 2, 1 ]
    } ]
  }, {
    "id" : "52744e51-02e6-43a1-95c9-c47a357ce16d",
    "vertices" : [ {
      "x" : 8.472136,
      "y" : 3.618034,
      "z" : 21.798374
    }, {
      "x" : 14.120227,
      "y" : 9.266125,
      "z" : 18.974329
    }, {
      "x" : 16.150284,
      "y" : 6.4420795,
      "z" : 11.296182
    }, {
      "x" : 10.5021925,
      "y" : 0.79398865,
      "z" : 14.120227
    } ],
    "faces" : [ {
      "vertices" : [ 0, 1, 2 ]
    }, {
      "vertices" : [ 0, 2, 3 ]
    }, {
      "vertices" : [ 0, 3, 2 ]
    }, {
      "vertices" : [ 0, 2, 1 ]
    } ]
  }, {
    "id" : "521d8928-7dfb-434c-b368-2503fd058e2b",
    "vertices" : [ {
      "x" : 8.472136,
      "y" : 8.472136,
      "z" : 8.472136
    }, {
      "x" : 6.4420795,
      "y" : 11.296182,
      "z" : 16.150284
    }, {
      "x" : 0.79398865,
      "y" : 5.648091,
      "z" : 18.974329
    }, {
      "x" : 2.8240454,
      "y" : 2.8240454,
      "z" : 11.296182
    } ],
    "faces" : [ {
      "vertices" : [ 0, 1, 2 ]
    }, {
      "vertices" : [ 0, 2, 3 ]
    }, {
      "vertices" : [ 0, 3, 2 ]
    }, {
      "vertices" : [ 0, 2, 1 ]
    } ]
  }, {
    "id" : "d65e7664-7ec4-4189-a999-078b55a8fad1",
    "vertices" : [ {
      "x" : -7.6781473,
      "y" : 10.5021925,
      "z" : 5.648091
    }, {
      "x" : -16.150284,
      "y" : 10.5021925,
      "z" : 5.648091
    }, {
      "x" : -13.326238,
      "y" : 8.472136,
      "z" : 13.326238
    }, {
      "x" : -4.854102,
      "y" : 8.472136,
      "z" : 13.326238
    } ],
    "faces" : [ {
      "vertices" : [ 0, 1, 2 ]
    }, {
      "vertices" : [ 0, 2, 3 ]
    }, {
      "vertices" : [ 0, 3, 2 ]
    }, {
      "vertices" : [ 0, 2, 1 ]
    } ]
  }, {
    "id" : "01c44d0a-c2c2-4d95-91a7-876014d8f9af",
    "vertices" : [ {
      "x" : 2.8240454,
      "y" : 11.296182,
      "z" : 2.8240454
    }, {
      "x" : -2.8240454,
      "y" : 5.648091,
      "z" : 5.648091
    }, {
      "x" : -4.854102,
      "y" : 8.472136,
      "z" : 13.326238
    }, {
      "x" : 0.79398865,
      "y" : 14.120227,
      "z" : 10.5021925
    } ],
    "faces" : [ {
      "vertices" : [ 0, 1, 2 ]
    }, {
      "vertices" : [ 0, 2, 3 ]
    }, {
      "vertices" : [ 0, 3, 2 ]
    }, {
      "vertices" : [ 0, 2, 1 ]
    } ]
  }, {
    "id" : "c1972d8f-3802-4470-a83c-30b45c5373e8",
    "vertices" : [ {
      "x" : -13.326238,
      "y" : 4.854102,
      "z" : 0.0
    }, {
      "x" : -21.798374,
      "y" : 4.854102,
      "z" : 0.0
    }, {
      "x" : -23.82843,
      "y" : 7.6781473,
      "z" : 7.6781473
    }, {
      "x" : -15.356295,
      "y" : 7.6781473,
      "z" : 7.6781473
    } ],
    "faces" : [ {
      "vertices" : [ 0, 1, 2 ]
    }, {
      "vertices" : [ 0, 2, 3 ]
    }, {
      "vertices" : [ 0, 3, 2 ]
    }, {
      "vertices" : [ 0, 2, 1 ]
    } ]
  }, {
    "id" : "7137bd38-28a3-4ee0-8487-44c75aa0df31",
    "vertices" : [ {
      "x" : -7.6781473,
      "y" : 5.648091,
      "z" : 18.974329
    }, {
      "x" : 0.0,
      "y" : 3.618034,
      "z" : 21.798374
    }, {
      "x" : 8.472136,
      "y" : 3.618034,
      "z" : 21.798374
    }, {
      "x" : 0.79398865,
      "y" : 5.648091,
      "z" : 18.974329
    } ],
    "faces" : [ {
      "vertices" : [ 0, 1, 2 ]
    }, {
      "vertices" : [ 0, 2, 3 ]
    }, {
      "vertices" : [ 0, 3, 2 ]
    }, {
      "vertices" : [ 0, 2, 1 ]
    } ]
  }, {
    "id" : "b1e6597d-6888-42a0-946a-236a63796c05",
    "vertices" : [ {
      "x" : -8.472136,
      "y" : -8.472136,
      "z" : -8.472136
    }, {
      "x" : -5.648091,
      "y" : -10.5021925,
      "z" : -0.79398865
    }, {
      "x" : 2.0300567,
      "y" : -7.6781473,
      "z" : -2.8240454
    }, {
      "x" : -0.79398865,
      "y" : -5.648091,
      "z" : -10.5021925
    } ],
    "faces" : [ {
      "vertices" : [ 0, 1, 2 ]
    }, {
      "vertices" : [ 0, 2, 3 ]
    }, {
      "vertices" : [ 0, 3, 2 ]
    }, {
      "vertices" : [ 0, 2, 1 ]
    } ]
  }, {
    "id" : "2bf09acd-b42c-40f4-8ba7-1fc36d07b5c9",
    "vertices" : [ {
      "x" : -13.326238,
      "y" : 4.854102,
      "z" : 0.0
    }, {
      "x" : -5.648091,
      "y" : 7.6781473,
      "z" : -2.0300567
    }, {
      "x" : -5.648091,
      "y" : 7.6781473,
      "z" : -10.5021925
    }, {
      "x" : -13.326238,
      "y" : 4.854102,
      "z" : -8.472136
    } ],
    "faces" : [ {
      "vertices" : [ 0, 1, 2 ]
    }, {
      "vertices" : [ 0, 2, 3 ]
    }, {
      "vertices" : [ 0, 3, 2 ]
    }, {
      "vertices" : [ 0, 2, 1 ]
    } ]
  }, {
    "id" : "49160f0b-2f9f-4eb4-9e02-aa315f0481e9",
    "vertices" : [ {
      "x" : -16.944271,
      "y" : -8.472136,
      "z" : -16.944271
    }, {
      "x" : -8.472136,
      "y" : -8.472136,
      "z" : -16.944271
    }, {
      "x" : -0.79398865,
      "y" : -5.648091,
      "z" : -18.974329
    }, {
      "x" : -9.266125,
      "y" : -5.648091,
      "z" : -18.974329
    } ],
    "faces" : [ {
      "vertices" : [ 0, 1, 2 ]
    }, {
      "vertices" : [ 0, 2, 3 ]
    }, {
      "vertices" : [ 0, 3, 2 ]
    }, {
      "vertices" : [ 0, 2, 1 ]
    } ]
  }, {
    "id" : "ff4372a5-c920-4547-8321-407cfb763571",
    "vertices" : [ {
      "x" : -15.356295,
      "y" : 7.6781473,
      "z" : 7.6781473
    }, {
      "x" : -23.82843,
      "y" : 7.6781473,
      "z" : 7.6781473
    }, {
      "x" : -23.82843,
      "y" : 7.6781473,
      "z" : -0.79398865
    }, {
      "x" : -15.356295,
      "y" : 7.6781473,
      "z" : -0.79398865
    } ],
    "faces" : [ {
      "vertices" : [ 0, 1, 2 ]
    }, {
      "vertices" : [ 0, 2, 3 ]
    }, {
      "vertices" : [ 0, 3, 2 ]
    }, {
      "vertices" : [ 0, 2, 1 ]
    } ]
  }, {
    "id" : "9198c45d-2ec2-4316-b7d0-b8a4b1b2e371",
    "vertices" : [ {
      "x" : -10.5021925,
      "y" : 2.8240454,
      "z" : 7.6781473
    }, {
      "x" : -12.532249,
      "y" : 5.648091,
      "z" : 15.356295
    }, {
      "x" : -15.356295,
      "y" : 7.6781473,
      "z" : 7.6781473
    }, {
      "x" : -13.326238,
      "y" : 4.854102,
      "z" : 0.0
    } ],
    "faces" : [ {
      "vertices" : [ 0, 1, 2 ]
    }, {
      "vertices" : [ 0, 2, 3 ]
    }, {
      "vertices" : [ 0, 3, 2 ]
    }, {
      "vertices" : [ 0, 2, 1 ]
    } ]
  }, {
    "id" : "9af0aaec-b652-43b1-b9e4-8eef85c72cbe",
    "vertices" : [ {
      "x" : -16.944271,
      "y" : -16.944271,
      "z" : -16.944271
    }, {
      "x" : -8.472136,
      "y" : -16.944271,
      "z" : -16.944271
    }, {
      "x" : -0.79398865,
      "y" : -14.120227,
      "z" : -18.974329
    }, {
      "x" : -9.266125,
      "y" : -14.120227,
      "z" : -18.974329
    } ],
    "faces" : [ {
      "vertices" : [ 0, 1, 2 ]
    }, {
      "vertices" : [ 0, 2, 3 ]
    }, {
      "vertices" : [ 0, 3, 2 ]
    }, {
      "vertices" : [ 0, 2, 1 ]
    } ]
  }, {
    "id" : "1fe0f0b4-2e1a-4a4d-9cfa-77a729dcb11f",
    "vertices" : [ {
      "x" : -13.326238,
      "y" : 4.854102,
      "z" : -8.472136
    }, {
      "x" : -15.356295,
      "y" : 7.6781473,
      "z" : -0.79398865
    }, {
      "x" : -23.82843,
      "y" : 7.6781473,
      "z" : -0.79398865
    }, {
      "x" : -21.798374,
      "y" : 4.854102,
      "z" : -8.472136
    } ],
    "faces" : [ {
      "vertices" : [ 0, 1, 2 ]
    }, {
      "vertices" : [ 0, 2, 3 ]
    }, {
      "vertices" : [ 0, 3, 2 ]
    }, {
      "vertices" : [ 0, 2, 1 ]
    } ]
  }, {
    "id" : "35d3da2f-bae0-4dfa-aff4-83a3c57ab89d",
    "vertices" : [ {
      "x" : -9.266125,
      "y" : -5.648091,
      "z" : -18.974329
    }, {
      "x" : -9.266125,
      "y" : -14.120227,
      "z" : -18.974329
    }, {
      "x" : -0.79398865,
      "y" : -14.120227,
      "z" : -18.974329
    }, {
      "x" : -0.79398865,
      "y" : -5.648091,
      "z" : -18.974329
    } ],
    "faces" : [ {
      "vertices" : [ 0, 1, 2 ]
    }, {
      "vertices" : [ 0, 2, 3 ]
    }, {
      "vertices" : [ 0, 3, 2 ]
    }, {
      "vertices" : [ 0, 2, 1 ]
    } ]
  }, {
    "id" : "4c8b8b73-2955-47c1-bb97-7ed550034d30",
