{
  "field" : "golden",
  "symmetry" : "icosahedral",
  "orientations" : [ [ 1.0, 0.0, 0.0, 0.0, 0.0, 1.0, 0.0, 0.0, 0.0, 0.0, 1.0, 0.0, 0.0, 0.0, 0.0, 1.0 ], [ 0.0, 0.0, 1.0, 0.0, 1.0, 0.0, 0.0, 0.0, 0.0, 1.0, 0.0, 0.0, 0.0, 0.0, 0.0, 1.0 ], [ 0.0, 1.0, 0.0, 0.0, 0.0, 0.0, 1.0, 0.0, 1.0, 0.0, 0.0, 0.0, 0.0, 0.0, 0.0, 1.0 ], [ 0.809017, 0.309017, 0.5, 0.0, 0.309017, 0.5, -0.809017, 0.0, -0.5, 0.809017, 0.309017, 0.0, 0.0, 0.0, 0.0, 1.0 ], [ -0.5, 0.809017, 0.309017, 0.0, 0.809017, 0.309017, 0.5, 0.0, 0.309017, 0.5, -0.809017, 0.0, 0.0, 0.0, 0.0, 1.0 ], [ 0.309017, 0.5, -0.809017, 0.0, -0.5, 0.809017, 0.309017, 0.0, 0.809017, 0.309017, 0.5, 0.0, 0.0, 0.0, 0.0, 1.0 ], [ 0.5, 0.809017, 0.309017, 0.0, 0.809017, -0.309017, -0.5, 0.0, -0.309017, 0.5, -0.809017, 0.0, 0.0, 0.0, 0.0, 1.0 ], [ -0.309017, 0.5, -0.809017, 0.0, 0.5, 0.809017, 0.309017, 0.0, 0.809017, -0.309017, -0.5, 0.0, 0.0, 0.0, 0.0, 1.0 ], [ 0.809017, -0.309017, -0.5, 0.0, -0.309017, 0.5, -0.809017, 0.0, 0.5, 0.809017, 0.309017, 0.0, 0.0, 0.0, 0.0, 1.0 ], [ 0.5, 0.809017, -0.309017, 0.0, 0.809017, -0.309017, 0.5, 0.0, 0.309017, -0.5, -0.809017, 0.0, 0.0, 0.0, 0.0, 1.0 ], [ 0.309017, -0.5, -0.809017, 0.0, 0.5, 0.809017, -0.309017, 0.0, 0.809017, -0.309017, 0.5, 0.0, 0.0, 0.0, 0.0, 1.0 ], [ 0.809017, -0.309017, 0.5, 0.0, 0.309017, -0.5, -0.809017, 0.0, 0.5, 0.809017, -0.309017, 0.0, 0.0, 0.0, 0.0, 1.0 ], [ 0.809017, 0.309017, -0.5, 0.0, 0.309017, 0.5, 0.809017, 0.0, 0.5, -0.809017, 0.309017, 0.0, 0.0, 0.0, 0.0, 1.0 ], [ 0.5, -0.809017, 0.309017, 0.0, 0.809017, 0.309017, -0.5, 0.0, 0.309017, 0.5, 0.809017, 0.0, 0.0, 0.0, 0.0, 1.0 ], [ 0.309017, 0.5, 0.809017, 0.0, 0.5, -0.809017, 0.309017, 0.0, 0.809017, 0.309017, -0.5, 0.0, 0.0, 0.0, 0.0, 1.0 ], [ 1.0, 0.0, 0.0, 0.0, 0.0, -1.0, 0.0, 0.0, 0.0, 0.0, -1.0, 0.0, 0.0, 0.0, 0.0, 1.0 ], [ 0.0, 0.0, 1.0, 0.0, -1.0, 0.0, 0.0, 0.0, 0.0, -1.0, 0.0, 0.0, 0.0, 0.0, 0.0, 1.0 ], [ 0.0, 1.0, 0.0, 0.0, 0.0, 0.0, -1.0, 0.0, -1.0, 0.0, 0.0, 0.0, 0.0, 0.0, 0.0, 1.0 ], [ 0.809017, 0.309017, 0.5, 0.0, -0.309017, -0.5, 0.809017, 0.0, 0.5, -0.809017, -0.309017, 0.0, 0.0, 0.0, 0.0, 1.0 ], [ -0.5, 0.809017, 0.309017, 0.0, -0.809017, -0.309017, -0.5, 0.0, -0.309017, -0.5, 0.809017, 0.0, 0.0, 0.0, 0.0, 1.0 ], [ 0.309017, 0.5, -0.809017, 0.0, 0.5, -0.809017, -0.309017, 0.0, -0.809017, -0.309017, -0.5, 0.0, 0.0, 0.0, 0.0, 1.0 ], [ 0.5, 0.809017, 0.309017, 0.0, -0.809017, 0.309017, 0.5, 0.0, 0.309017, -0.5, 0.809017, 0.0, 0.0, 0.0, 0.0, 1.0 ], [ -0.309017, 0.5, -0.809017, 0.0, -0.5, -0.809017, -0.309017, 0.0, -0.809017, 0.309017, 0.5, 0.0, 0.0, 0.0, 0.0, 1.0 ], [ 0.809017, -0.309017, -0.5, 0.0, 0.309017, -0.5, 0.809017, 0.0, -0.5, -0.809017, -0.309017, 0.0, 0.0, 0.0, 0.0, 1.0 ], [ 0.5, 0.809017, -0.309017, 0.0, -0.809017, 0.309017, -0.5, 0.0, -0.309017, 0.5, 0.809017, 0.0, 0.0, 0.0, 0.0, 1.0 ], [ 0.309017, -0.5, -0.809017, 0.0, -0.5, -0.809017, 0.309017, 0.0, -0.809017, 0.309017, -0.5, 0.0, 0.0, 0.0, 0.0, 1.0 ], [ 0.809017, -0.309017, 0.5, 0.0, -0.309017, 0.5, 0.809017, 0.0, -0.5, -0.809017, 0.309017, 0.0, 0.0, 0.0, 0.0, 1.0 ], [ 0.809017, 0.309017, -0.5, 0.0, -0.309017, -0.5, -0.809017, 0.0, -0.5, 0.809017, -0.309017, 0.0, 0.0, 0.0, 0.0, 1.0 ], [ 0.5, -0.809017, 0.309017, 0.0, -0.809017, -0.309017, 0.5, 0.0, -0.309017, -0.5, -0.809017, 0.0, 0.0, 0.0, 0.0, 1.0 ], [ 0.309017, 0.5, 0.809017, 0.0, -0.5, 0.809017, -0.309017, 0.0, -0.809017, -0.309017, 0.5, 0.0, 0.0, 0.0, 0.0, 1.0 ], [ -1.0, 0.0, 0.0, 0.0, 0.0, -1.0, 0.0, 0.0, 0.0, 0.0, 1.0, 0.0, 0.0, 0.0, 0.0, 1.0 ], [ 0.0, 0.0, -1.0, 0.0, -1.0, 0.0, 0.0, 0.0, 0.0, 1.0, 0.0, 0.0, 0.0, 0.0, 0.0, 1.0 ], [ 0.0, -1.0, 0.0, 0.0, 0.0, 0.0, -1.0, 0.0, 1.0, 0.0, 0.0, 0.0, 0.0, 0.0, 0.0, 1.0 ], [ -0.809017, -0.309017, -0.5, 0.0, -0.309017, -0.5, 0.809017, 0.0, -0.5, 0.809017, 0.309017, 0.0, 0.0, 0.0, 0.0, 1.0 ], [ 0.5, -0.809017, -0.309017, 0.0, -0.809017, -0.309017, -0.5, 0.0, 0.309017, 0.5, -0.809017, 0.0, 0.0, 0.0, 0.0, 1.0 ], [ -0.309017, -0.5, 0.809017, 0.0, 0.5, -0.809017, -0.309017, 0.0, 0.809017, 0.309017, 0.5, 0.0, 0.0, 0.0, 0.0, 1.0 ], [ -0.5, -0.809017, -0.309017, 0.0, -0.809017, 0.309017, 0.5, 0.0, -0.309017, 0.5, -0.809017, 0.0, 0.0, 0.0, 0.0, 1.0 ], [ 0.309017, -0.5, 0.809017, 0.0, -0.5, -0.809017, -0.309017, 0.0, 0.809017, -0.309017, -0.5, 0.0, 0.0, 0.0, 0.0, 1.0 ], [ -0.809017, 0.309017, 0.5, 0.0, 0.309017, -0.5, 0.809017, 0.0, 0.5, 0.809017, 0.309017, 0.0, 0.0, 0.0, 0.0, 1.0 ], [ -0.5, -0.809017, 0.309017, 0.0, -0.809017, 0.309017, -0.5, 0.0, 0.309017, -0.5, -0.809017, 0.0, 0.0, 0.0, 0.0, 1.0 ], [ -0.309017, 0.5, 0.809017, 0.0, -0.5, -0.809017, 0.309017, 0.0, 0.809017, -0.309017, 0.5, 0.0, 0.0, 0.0, 0.0, 1.0 ], [ -0.809017, 0.309017, -0.5, 0.0, -0.309017, 0.5, 0.809017, 0.0, 0.5, 0.809017, -0.309017, 0.0, 0.0, 0.0, 0.0, 1.0 ], [ -0.809017, -0.309017, 0.5, 0.0, -0.309017, -0.5, -0.809017, 0.0, 0.5, -0.809017, 0.309017, 0.0, 0.0, 0.0, 0.0, 1.0 ], [ -0.5, 0.809017, -0.309017, 0.0, -0.809017, -0.309017, 0.5, 0.0, 0.309017, 0.5, 0.809017, 0.0, 0.0, 0.0, 0.0, 1.0 ], [ -0.309017, -0.5, -0.809017, 0.0, -0.5, 0.809017, -0.309017, 0.0, 0.809017, 0.309017, -0.5, 0.0, 0.0, 0.0, 0.0, 1.0 ], [ -1.0, 0.0, 0.0, 0.0, 0.0, 1.0, 0.0, 0.0, 0.0, 0.0, -1.0, 0.0, 0.0, 0.0, 0.0, 1.0 ], [ 0.0, 0.0, -1.0, 0.0, 1.0, 0.0, 0.0, 0.0, 0.0, -1.0, 0.0, 0.0, 0.0, 0.0, 0.0, 1.0 ], [ 0.0, -1.0, 0.0, 0.0, 0.0, 0.0, 1.0, 0.0, -1.0, 0.0, 0.0, 0.0, 0.0, 0.0, 0.0, 1.0 ], [ -0.809017, -0.309017, -0.5, 0.0, 0.309017, 0.5, -0.809017, 0.0, 0.5, -0.809017, -0.309017, 0.0, 0.0, 0.0, 0.0, 1.0 ], [ 0.5, -0.809017, -0.309017, 0.0, 0.809017, 0.309017, 0.5, 0.0, -0.309017, -0.5, 0.809017, 0.0, 0.0, 0.0, 0.0, 1.0 ], [ -0.309017, -0.5, 0.809017, 0.0, -0.5, 0.809017, 0.309017, 0.0, -0.809017, -0.309017, -0.5, 0.0, 0.0, 0.0, 0.0, 1.0 ], [ -0.5, -0.809017, -0.309017, 0.0, 0.809017, -0.309017, -0.5, 0.0, 0.309017, -0.5, 0.809017, 0.0, 0.0, 0.0, 0.0, 1.0 ], [ 0.309017, -0.5, 0.809017, 0.0, 0.5, 0.809017, 0.309017, 0.0, -0.809017, 0.309017, 0.5, 0.0, 0.0, 0.0, 0.0, 1.0 ], [ -0.809017, 0.309017, 0.5, 0.0, -0.309017, 0.5, -0.809017, 0.0, -0.5, -0.809017, -0.309017, 0.0, 0.0, 0.0, 0.0, 1.0 ], [ -0.5, -0.809017, 0.309017, 0.0, 0.809017, -0.309017, 0.5, 0.0, -0.309017, 0.5, 0.809017, 0.0, 0.0, 0.0, 0.0, 1.0 ], [ -0.309017, 0.5, 0.809017, 0.0, 0.5, 0.809017, -0.309017, 0.0, -0.809017, 0.309017, -0.5, 0.0, 0.0, 0.0, 0.0, 1.0 ], [ -0.809017, 0.309017, -0.5, 0.0, 0.309017, -0.5, -0.809017, 0.0, -0.5, -0.809017, 0.309017, 0.0, 0.0, 0.0, 0.0, 1.0 ], [ -0.809017, -0.309017, 0.5, 0.0, 0.309017, 0.5, 0.809017, 0.0, -0.5, 0.809017, -0.309017, 0.0, 0.0, 0.0, 0.0, 1.0 ], [ -0.5, 0.809017, -0.309017, 0.0, 0.809017, 0.309017, -0.5, 0.0, -0.309017, -0.5, -0.809017, 0.0, 0.0, 0.0, 0.0, 1.0 ], [ -0.309017, -0.5, -0.809017, 0.0, 0.5, -0.809017, 0.309017, 0.0, -0.809017, -0.309017, 0.5, 0.0, 0.0, 0.0, 0.0, 1.0 ] ],
  "lights" : {
    "backgroundColor" : "#AFC8DC",
    "ambientColor" : "#292929",
    "directionalLights" : [ {
      "direction" : [ 1.0, -1.0, -1.0 ],
      "color" : "#EBEBE4"
    }, {
      "direction" : [ -1.0, 0.0, 0.0 ],
      "color" : "#E4E4EB"
    }, {
      "direction" : [ 0.0, 0.0, -1.0 ],
      "color" : "#1E1E1E"
    } ]
  },
  "camera" : {
    "viewDistance" : 158.99606,
    "nearClipDistance" : 0.39748996,
    "farClipDistance" : 317.992,
    "lookAtPoint" : {
      "x" : 0.0,
      "y" : 0.0,
      "z" : 0.0
    },
    "fieldOfView" : 0.44262868,
    "perspective" : true,
    "lookDirection" : {
      "x" : 0.0,
      "y" : 0.0,
      "z" : -1.0
    },
    "upDirection" : {
      "x" : 0.0,
      "y" : 1.0,
      "z" : 0.0
    },
    "stereo" : false,
    "width" : 71.548195,
    "position" : {
      "x" : 0.0,
      "y" : 0.0,
      "z" : 158.99606
    }
  },
  "embedding" : [ 1.0, 0.0, 0.0, 0.0, 0.0, 1.0, 0.0, 0.0, 0.0, 0.0, 1.0, 0.0, 0.0, 0.0, 0.0, 1.0 ],
  "shapes" : [ {
    "id" : "da66fc54-6ecd-47f8-9434-2b24e3a3a6d9",
    "vertices" : [ {
      "x" : 4.236068,
      "y" : 4.236068,
      "z" : -17.944271
    }, {
      "x" : -4.236068,
      "y" : 4.236068,
      "z" : -17.944271
    }, {
      "x" : 0.0,
      "y" : 11.09017,
      "z" : -15.326238
    } ],
    "faces" : [ {
      "vertices" : [ 0, 1, 2 ]
    }, {
      "vertices" : [ 0, 2, 1 ]
    } ]
  }, {
    "id" : "62cec5a0-9839-41eb-b374-c79bf86bd798",
    "vertices" : [ {
      "x" : -6.372922,
      "y" : -4.3632493,
      "z" : -0.5448013
    }, {
      "x" : -6.4729223,
      "y" : -4.463249,
      "z" : -0.14480127
    }, {
      "x" : -0.4811798,
      "y" : -0.5964254,
      "z" : 0.097587675
    }, {
      "x" : -0.3811798,
      "y" : -0.49642542,
      "z" : -0.30241233
    }, {
      "x" : -6.2395887,
      "y" : -4.7632494,
      "z" : -0.2781346
    }, {
      "x" : -6.139589,
      "y" : -4.6632495,
      "z" : -0.6781346
    }, {
      "x" : -0.61451316,
      "y" : -0.19642544,
      "z" : -0.16907899
    }, {
      "x" : -0.7145131,
      "y" : -0.29642543,
      "z" : 0.230921
    } ],
    "faces" : [ {
      "vertices" : [ 2, 3, 6 ]
    }, {
      "vertices" : [ 2, 6, 7 ]
    }, {
      "vertices" : [ 0, 5, 4 ]
    }, {
      "vertices" : [ 0, 4, 1 ]
    }, {
      "vertices" : [ 2, 4, 5 ]
    }, {
      "vertices" : [ 2, 5, 3 ]
    }, {
      "vertices" : [ 0, 6, 3 ]
    }, {
      "vertices" : [ 0, 3, 5 ]
    }, {
      "vertices" : [ 0, 1, 7 ]
    }, {
      "vertices" : [ 0, 7, 6 ]
    }, {
      "vertices" : [ 1, 4, 2 ]
    }, {
      "vertices" : [ 1, 2, 7 ]
    } ]
  }, {
    "id" : "24b85b71-9180-43ef-b72a-db5750ffde42",
    "vertices" : [ {
      "x" : -0.73606795,
      "y" : 0.690983,
      "z" : 0.0
    }, {
      "x" : -0.42705098,
      "y" : 0.5,
      "z" : 0.0
    }, {
      "x" : -0.5,
      "y" : 0.38196602,
      "z" : 0.19098301
    }, {
      "x" : -0.809017,
      "y" : 0.572949,
      "z" : 0.19098301
    }, {
      "x" : 0.73606795,
      "y" : -0.690983,
      "z" : 0.0
    }, {
      "x" : 0.7254249,
      "y" : -0.7532889,
      "z" : 0.0
    }, {
      "x" : 0.8196601,
      "y" : -0.6008131,
      "z" : -0.24671109
    }, {
      "x" : 0.809017,
      "y" : -0.572949,
      "z" : -0.19098301
    }, {
      "x" : 0.572949,
      "y" : -0.19098301,
      "z" : -0.809017
    }, {
      "x" : 0.38196602,
      "y" : -0.19098301,
      "z" : -0.5
    }, {
      "x" : 0.5,
      "y" : 0.0,
      "z" : -0.42705098
    }, {
      "x" : 0.690983,
      "y" : 0.0,
      "z" : -0.73606795
    }, {
      "x" : 0.9655582,
      "y" : 0.19098301,
      "z" : -0.11803399
    }, {
      "x" : 0.618034,
      "y" : 0.19098301,
      "z" : -0.11803399
    }, {
      "x" : 0.618034,
      "y" : -0.19098301,
      "z" : -0.11803399
    }, {
      "x" : 0.9655582,
      "y" : -0.19098301,
      "z" : -0.11803399
    }, {
      "x" : -0.809017,
      "y" : 0.618034,
      "z" : -0.309017
    }, {
      "x" : -0.7586105,
      "y" : 0.6094235,
      "z" : -0.36803398
    }, {
      "x" : -0.6094235,
      "y" : 0.36803398,
      "z" : -0.7586105
    }, {
      "x" : -0.618034,
      "y" : 0.309017,
      "z" : -0.809017
    }, {
      "x" : -0.19098301,
      "y" : 0.809017,
      "z" : -0.572949
    }, {
      "x" : -0.24671109,
      "y" : 0.8196601,
      "z" : -0.6008131
    }, {
      "x" : -0.15247585,
      "y" : 0.97213596,
      "z" : -0.35410196
    }, {
      "x" : -0.11803399,
      "y" : 0.927051,
      "z" : -0.38196602
    }, {
      "x" : -0.11803399,
      "y" : -0.9655582,
      "z" : 0.19098301
    }, {
      "x" : 0.11803399,
      "y" : -0.9655582,
      "z" : 0.19098301
    }, {
      "x" : 0.13525492,
      "y" : -1.0,
      "z" : 0.21884705
    }, {
      "x" : -0.13525492,
      "y" : -1.0,
      "z" : 0.21884705
    }, {
      "x" : -0.690983,
      "y" : -0.572949,
      "z" : 0.38196602
    }, {
      "x" : -0.5,
      "y" : -0.38196602,
      "z" : 0.19098301
    }, {
      "x" : -0.38196602,
      "y" : -0.19098301,
      "z" : 0.5
    }, {
      "x" : -0.572949,
      "y" : -0.38196602,
      "z" : 0.690983
    }, {
      "x" : 0.9655582,
      "y" : 0.19098301,
      "z" : 0.11803399
    }, {
      "x" : 1.0,
      "y" : 0.21884705,
      "z" : -0.13525492
    }, {
      "x" : 1.0,
      "y" : 0.21884705,
      "z" : 0.13525492
    }, {
      "x" : -1.0,
      "y" : -0.309017,
      "z" : 0.19098301
    }, {
      "x" : -0.98606795,
      "y" : -0.24138954,
      "z" : 0.22745751
    }, {
      "x" : -0.98606795,
      "y" : 0.24138954,
      "z" : 0.22745751
    }, {
      "x" : -1.0,
      "y" : 0.309017,
      "z" : 0.19098301
    }, {
      "x" : -0.29837388,
      "y" : 0.29179606,
      "z" : 0.8991869
    }, {
      "x" : -0.48935688,
      "y" : 0.36474508,
      "z" : 0.78115296
    }, {
      "x" : -0.52786404,
      "y" : 0.36474508,
      "z" : 0.809017
    }, {
      "x" : -0.309017,
      "y" : 0.28115296,
      "z" : 0.9442719
    }, {
      "x" : -0.38196602,
      "y" : 0.690983,
      "z" : 0.572949
    }, {
      "x" : -0.19098301,
      "y" : 0.5,
      "z" : 0.38196602
    }, {
      "x" : -0.38196602,
      "y" : 0.19098301,
      "z" : 0.5
    }, {
      "x" : -0.572949,
      "y" : 0.38196602,
      "z" : 0.690983
    }, {
      "x" : -0.19098301,
      "y" : 0.5,
      "z" : -0.38196602
    }, {
      "x" : 0.0,
      "y" : 0.42705098,
      "z" : -0.5
    }, {
      "x" : 0.0,
      "y" : 0.73606795,
      "z" : -0.690983
    }, {
      "x" : -0.809017,
      "y" : 0.090169944,
      "z" : 0.6352549
    }, {
      "x" : -0.78115296,
      "y" : 0.10739087,
      "z" : 0.6008131
    }, {
      "x" : -0.8991869,
      "y" : 0.29837388,
      "z" : 0.29179606
    }, {
      "x" : -0.9442719,
      "y" : 0.309017,
      "z" : 0.28115296
    }, {
      "x" : 0.0,
      "y" : 0.54508495,
      "z" : 0.809017
    }, {
      "x" : 0.0,
      "y" : 0.42705098,
      "z" : 0.5
    }, {
      "x" : 0.19098301,
      "y" : 0.11803399,
      "z" : 0.618034
    }, {
      "x" : 0.19098301,
      "y" : 0.23606798,
      "z" : 0.927051
    }, {
      "x" : 0.19098301,
      "y" : -0.809017,
      "z" : 0.572949
    }, {
      "x" : 0.19098301,
      "y" : -0.5,
      "z" : 0.38196602
    }, {
      "x" : 0.11803399,
      "y" : -0.618034,
      "z" : 0.19098301
    }, {
      "x" : 0.11803399,
      "y" : -0.927051,
      "z" : 0.38196602
    }, {
      "x" : 0.6737621,
      "y" : 0.309017,
      "z" : 0.71884704
    }, {
      "x" : 0.66311896,
      "y" : 0.29837388,
      "z" : 0.6737621
    }, {
      "x" : 0.78115296,
      "y" : 0.48935688,
      "z" : 0.36474508
    }, {
      "x" : 0.809017,
      "y" : 0.52786404,
      "z" : 0.36474508
    }, {
      "x" : 0.6737621,
      "y" : -0.66311896,
      "z" : -0.29837388
    }, {
      "x" : 0.5,
      "y" : -0.38196602,
      "z" : -0.19098301
    }, {
      "x" : 0.19098301,
      "y" : -0.5,
      "z" : -0.38196602
    }, {
      "x" : 0.36474508,
      "y" : -0.78115296,
      "z" : -0.48935688
    }, {
      "x" : -0.19098301,
      "y" : 0.809017,
      "z" : 0.572949
    }, {
      "x" : -0.24671109,
      "y" : 0.8196601,
      "z" : 0.6008131
    }, {
      "x" : 0.0,
      "y" : 0.7254249,
      "z" : 0.7532889
    }, {
      "x" : 0.0,
      "y" : 0.73606795,
      "z" : 0.690983
    }, {
      "x" : 0.13525492,
      "y" : 1.0,
      "z" : 0.21884705
    }, {
      "x" : -0.13525492,
      "y" : 1.0,
      "z" : 0.21884705
    }, {
      "x" : -0.19098301,
      "y" : 1.0,
      "z" : 0.309017
    }, {
      "x" : 0.19098301,
      "y" : 1.0,
      "z" : 0.309017
    }, {
      "x" : 0.0,
      "y" : 0.690983,
      "z" : -0.809017
    }, {
      "x" : 0.090169944,
      "y" : 0.6352549,
      "z" : -0.809017
    }, {
      "x" : 0.309017,
      "y" : 0.28115296,
      "z" : -0.9442719
    }, {
      "x" : 0.309017,
      "y" : 0.19098301,
      "z" : -1.0
    }, {
      "x" : 1.0,
      "y" : 0.309017,
      "z" : 0.19098301
    }, {
      "x" : 0.9442719,
      "y" : 0.309017,
      "z" : 0.28115296
    }, {
      "x" : 0.809017,
      "y" : 0.090169944,
      "z" : 0.6352549
    }, {
      "x" : 0.809017,
      "y" : 0.0,
      "z" : 0.690983
    }, {
      "x" : -0.9655582,
      "y" : 0.19098301,
      "z" : -0.11803399
    }, {
      "x" : -0.9655582,
      "y" : 0.19098301,
      "z" : 0.11803399
    }, {
      "x" : -1.0,
      "y" : 0.21884705,
      "z" : 0.13525492
    }, {
      "x" : -1.0,
      "y" : 0.21884705,
      "z" : -0.13525492
    }, {
      "x" : -0.9655582,
      "y" : -0.19098301,
      "z" : 0.11803399
    }, {
      "x" : -1.0,
      "y" : -0.21884705,
      "z" : 0.13525492
    }, {
      "x" : 0.21884705,
      "y" : 0.13525492,
      "z" : -1.0
    }, {
      "x" : -0.21884705,
      "y" : 0.13525492,
      "z" : -1.0
    }, {
      "x" : -0.309017,
      "y" : 0.19098301,
      "z" : -1.0
    }, {
      "x" : 0.48935688,
      "y" : -0.36474508,
      "z" : -0.78115296
    }, {
      "x" : 0.29837388,
      "y" : -0.29179606,
      "z" : -0.8991869
    }, {
      "x" : 0.309017,
      "y" : -0.28115296,
      "z" : -0.9442719
    }, {
      "x" : 0.52786404,
      "y" : -0.36474508,
      "z" : -0.809017
    }, {
      "x" : 0.48935688,
      "y" : 0.36474508,
      "z" : 0.78115296
    }, {
      "x" : 0.29837388,
      "y" : 0.29179606,
      "z" : 0.8991869
    }, {
      "x" : 0.309017,
      "y" : 0.28115296,
      "z" : 0.9442719
    }, {
      "x" : 0.52786404,
      "y" : 0.36474508,
      "z" : 0.809017
    }, {
      "x" : -0.618034,
      "y" : 0.19098301,
      "z" : 0.11803399
    }, {
      "x" : -0.78115296,
      "y" : 0.48935688,
      "z" : 0.36474508
    }, {
      "x" : -0.6008131,
      "y" : 0.78115296,
      "z" : 0.10739087
    }, {
      "x" : -0.6737621,
      "y" : 0.66311896,
      "z" : 0.29837388
    }, {
      "x" : 0.809017,
      "y" : -0.618034,
      "z" : -0.309017
    }, {
      "x" : 0.71884704,
      "y" : -0.6737621,
      "z" : -0.309017
    }, {
      "x" : 0.36474508,
      "y" : -0.809017,
      "z" : -0.52786404
    }, {
      "x" : 0.309017,
      "y" : -0.809017,
      "z" : -0.618034
    }, {
      "x" : 0.38196602,
      "y" : 0.11803399,
      "z" : 0.927051
    }, {
      "x" : 0.38196602,
      "y" : 0.19098301,
      "z" : 0.5
    }, {
      "x" : 0.572949,
      "y" : 0.19098301,
      "z" : 0.809017
    }, {
      "x" : 0.0,
      "y" : -0.690983,
      "z" : 0.809017
    }, {
      "x" : 0.0,
      "y" : -0.618034,
      "z" : 0.83688104
    }, {
      "x" : -0.24138954,
      "y" : -0.22745751,
      "z" : 0.98606795
    }, {
      "x" : -0.309017,
      "y" : -0.19098301,
      "z" : 1.0
    }, {
      "x" : 0.19098301,
      "y" : 0.11803399,
      "z" : -0.9655582
    }, {
      "x" : 0.19098301,
      "y" : 0.11803399,
      "z" : -0.618034
    }, {
      "x" : -0.19098301,
      "y" : 0.11803399,
      "z" : -0.618034
    }, {
      "x" : -0.19098301,
      "y" : 0.11803399,
      "z" : -0.9655582
    }, {
      "x" : 0.572949,
      "y" : -0.19098301,
      "z" : 0.809017
    }, {
      "x" : 0.38196602,
      "y" : -0.19098301,
      "z" : 0.5
    }, {
      "x" : 0.19098301,
      "y" : -0.11803399,
      "z" : 0.618034
    }, {
      "x" : 0.38196602,
      "y" : -0.11803399,
      "z" : 0.927051
    }, {
      "x" : -0.927051,
      "y" : 0.19098301,
      "z" : 0.23606798
    }, {
      "x" : -0.809017,
      "y" : 0.0,
      "z" : 0.54508495
    }, {
      "x" : -0.83688104,
      "y" : 0.0,
      "z" : 0.618034
    }, {
      "x" : -1.0,
      "y" : -0.309017,
      "z" : -0.19098301
    }, {
      "x" : -0.98606795,
      "y" : -0.24138954,
      "z" : -0.22745751
    }, {
      "x" : -0.83688104,
      "y" : 0.0,
      "z" : -0.618034
    }, {
      "x" : -0.809017,
      "y" : 0.0,
      "z" : -0.690983
    }, {
      "x" : -0.71884704,
      "y" : 0.6737621,
      "z" : -0.309017
    }, {
      "x" : -0.36474508,
      "y" : 0.809017,
      "z" : -0.52786404
    }, {
      "x" : -0.309017,
      "y" : 0.809017,
      "z" : -0.618034
    }, {
      "x" : 0.809017,
      "y" : 0.572949,
      "z" : -0.19098301
    }, {
      "x" : 0.8196601,
      "y" : 0.6008131,
      "z" : -0.24671109
    }, {
      "x" : 0.7254249,
      "y" : 0.7532889,
      "z" : 0.0
    }, {
      "x" : 0.73606795,
      "y" : 0.690983,
      "z" : 0.0
    }, {
      "x" : 0.572949,
      "y" : -0.38196602,
      "z" : 0.690983
    }, {
      "x" : 0.5,
      "y" : -0.38196602,
      "z" : 0.19098301
    }, {
      "x" : 0.690983,
      "y" : -0.572949,
      "z" : 0.38196602
    }, {
      "x" : -0.78115296,
      "y" : 0.48935688,
      "z" : -0.36474508
    }, {
      "x" : -0.8991869,
      "y" : 0.29837388,
      "z" : -0.29179606
    }, {
      "x" : -0.9442719,
      "y" : 0.309017,
      "z" : -0.28115296
    }, {
      "x" : -0.809017,
      "y" : 0.52786404,
      "z" : -0.36474508
    }, {
      "x" : -0.36803398,
      "y" : 0.7586105,
      "z" : 0.6094235
    }, {
      "x" : -0.6094235,
      "y" : 0.36803398,
      "z" : 0.7586105
    }, {
      "x" : 0.927051,
      "y" : -0.38196602,
      "z" : -0.11803399
    }, {
      "x" : 0.97213596,
      "y" : -0.35410196,
      "z" : -0.15247585
    }, {
      "x" : 0.97213596,
      "y" : -0.35410196,
      "z" : 0.15247585
    }, {
      "x" : 0.927051,
      "y" : -0.38196602,
      "z" : 0.11803399
    }, {
      "x" : -0.11803399,
      "y" : -0.927051,
      "z" : -0.38196602
    }, {
      "x" : -0.15247585,
      "y" : -0.97213596,
      "z" : -0.35410196
    }, {
      "x" : -0.24671109,
      "y" : -0.8196601,
      "z" : -0.6008131
    }, {
      "x" : -0.19098301,
      "y" : -0.809017,
      "z" : -0.572949
    }, {
      "x" : -0.7586105,
      "y" : -0.6094235,
      "z" : -0.36803398
    }, {
      "x" : -0.690983,
      "y" : -0.572949,
      "z" : -0.38196602
    }, {
      "x" : -0.38196602,
      "y" : -0.690983,
      "z" : -0.572949
    }, {
      "x" : -0.36803398,
      "y" : -0.7586105,
      "z" : -0.6094235
    }, {
      "x" : 0.19098301,
      "y" : -0.11803399,
      "z" : 0.9655582
    }, {
      "x" : -0.19098301,
      "y" : -0.11803399,
      "z" : 0.618034
    }, {
      "x" : -0.19098301,
      "y" : -0.11803399,
      "z" : 0.9655582
    }, {
      "x" : -0.66311896,
      "y" : -0.29837388,
      "z" : 0.6737621
    }, {
      "x" : -0.78115296,
      "y" : -0.48935688,
      "z" : 0.36474508
    }, {
      "x" : -0.11803399,
      "y" : 0.9655582,
      "z" : 0.19098301
    }, {
      "x" : -0.11803399,
      "y" : 0.618034,
      "z" : 0.19098301
    }, {
      "x" : -0.11803399,
      "y" : 0.618034,
      "z" : -0.19098301
    }, {
      "x" : -0.11803399,
      "y" : 0.9655582,
      "z" : -0.19098301
    }, {
      "x" : 0.5,
      "y" : 0.38196602,
      "z" : -0.19098301
    }, {
      "x" : 0.927051,
      "y" : 0.38196602,
      "z" : -0.11803399
    }, {
      "x" : 0.090169944,
      "y" : -0.6352549,
      "z" : 0.809017
    }, {
      "x" : 0.10739087,
      "y" : -0.6008131,
      "z" : 0.78115296
    }, {
      "x" : 0.29837388,
      "y" : -0.29179606,
      "z" : 0.8991869
    }, {
      "x" : 0.309017,
      "y" : -0.28115296,
      "z" : 0.9442719
    }, {
      "x" : 0.24138954,
      "y" : 0.22745751,
      "z" : -0.98606795
    }, {
      "x" : 0.19098301,
      "y" : 0.23606798,
      "z" : -0.927051
    }, {
      "x" : 0.0,
      "y" : 0.54508495,
      "z" : -0.809017
    }, {
      "x" : 0.0,
      "y" : 0.618034,
      "z" : -0.83688104
    }, {
      "x" : 0.48935688,
      "y" : 0.36474508,
      "z" : -0.78115296
    }, {
      "x" : 0.38196602,
      "y" : 0.19098301,
      "z" : -0.5
    }, {
      "x" : 0.19098301,
      "y" : 0.5,
      "z" : -0.38196602
    }, {
      "x" : 0.29837388,
      "y" : 0.6737621,
      "z" : -0.66311896
    }, {
      "x" : -0.309017,
      "y" : -0.19098301,
      "z" : -1.0
    }, {
      "x" : -0.21884705,
      "y" : -0.13525492,
      "z" : -1.0
    }, {
      "x" : 0.21884705,
      "y" : -0.13525492,
      "z" : -1.0
    }, {
      "x" : 0.309017,
      "y" : -0.19098301,
      "z" : -1.0
    }, {
      "x" : -0.309017,
      "y" : 0.809017,
      "z" : 0.618034
    }, {
      "x" : -0.618034,
      "y" : 0.309017,
      "z" : 0.809017
    }, {
      "x" : -0.29179606,
      "y" : 0.8991869,
      "z" : 0.29837388
    }, {
      "x" : -0.36474508,
      "y" : 0.78115296,
      "z" : 0.48935688
    }, {
      "x" : -0.36474508,
      "y" : 0.809017,
      "z" : 0.52786404
    }, {
      "x" : -0.28115296,
      "y" : 0.9442719,
      "z" : 0.309017
    }, {
      "x" : 0.35410196,
      "y" : 0.15247585,
      "z" : -0.97213596
    }, {
      "x" : 0.618034,
      "y" : 0.309017,
      "z" : -0.809017
    }, {
      "x" : 0.6008131,
      "y" : 0.24671109,
      "z" : -0.8196601
    }, {
      "x" : 0.19098301,
      "y" : -0.11803399,
      "z" : -0.618034
    }, {
      "x" : -0.66311896,
      "y" : -0.29837388,
      "z" : -0.6737621
    }, {
      "x" : -0.78115296,
      "y" : -0.10739087,
      "z" : -0.6008131
    }, {
      "x" : -0.809017,
      "y" : -0.090169944,
      "z" : -0.6352549
    }, {
      "x" : -0.6737621,
      "y" : -0.309017,
      "z" : -0.71884704
    }, {
      "x" : -0.618034,
      "y" : -0.309017,
      "z" : 0.809017
    }, {
      "x" : -0.6094235,
      "y" : -0.36803398,
      "z" : 0.7586105
    }, {
      "x" : -0.36803398,
      "y" : -0.7586105,
      "z" : 0.6094235
    }, {
      "x" : -0.309017,
      "y" : -0.809017,
      "z" : 0.618034
    }, {
      "x" : -0.19098301,
      "y" : -0.809017,
      "z" : 0.572949
    }, {
      "x" : -0.24671109,
      "y" : -0.8196601,
      "z" : 0.6008131
    }, {
      "x" : -0.15247585,
      "y" : -0.97213596,
      "z" : 0.35410196
    }, {
      "x" : -0.11803399,
      "y" : -0.927051,
      "z" : 0.38196602
    }, {
      "x" : -0.7586105,
      "y" : -0.6094235,
      "z" : 0.36803398
    }, {
      "x" : -0.809017,
      "y" : -0.618034,
      "z" : 0.309017
    }, {
      "x" : 0.809017,
      "y" : 0.0,
      "z" : -0.54508495
    }, {
      "x" : 0.927051,
      "y" : -0.19098301,
      "z" : -0.23606798
    }, {
      "x" : 0.78115296,
      "y" : -0.48935688,
      "z" : 0.36474508
    }, {
      "x" : 0.66311896,
      "y" : -0.29837388,
      "z" : 0.6737621
    }, {
      "x" : 0.29837388,
      "y" : 0.29179606,
      "z" : -0.8991869
    }, {
      "x" : -0.309017,
      "y" : 0.19098301,
      "z" : 1.0
    }, {
      "x" : -0.572949,
      "y" : 0.38196602,
      "z" : -0.690983
    }, {
      "x" : -0.38196602,
      "y" : 0.19098301,
      "z" : -0.5
    }, {
      "x" : -0.38196602,
      "y" : 0.690983,
      "z" : -0.572949
    }, {
      "x" : -0.28115296,
      "y" : 0.9442719,
      "z" : -0.309017
    }, {
      "x" : -0.19098301,
      "y" : 1.0,
      "z" : -0.309017
    }, {
      "x" : 0.66311896,
      "y" : -0.29837388,
      "z" : -0.6737621
    }, {
      "x" : 0.78115296,
      "y" : -0.48935688,
      "z" : -0.36474508
    }, {
      "x" : -0.23606798,
      "y" : -0.927051,
      "z" : 0.19098301
    }, {
      "x" : -0.11803399,
      "y" : -0.618034,
      "z" : 0.19098301
    }, {
      "x" : -0.11803399,
      "y" : -0.618034,
      "z" : -0.19098301
    }, {
      "x" : -0.23606798,
      "y" : -0.927051,
      "z" : -0.19098301
    }, {
      "x" : 0.0,
      "y" : -0.42705098,
      "z" : 0.5
    }, {
      "x" : 0.29837388,
      "y" : -0.6737621,
      "z" : 0.66311896
    }, {
      "x" : 0.19098301,
      "y" : 0.809017,
      "z" : 0.572949
    }, {
      "x" : 0.19098301,
      "y" : 0.5,
      "z" : 0.38196602
    }, {
      "x" : 0.0,
      "y" : -0.54508495,
      "z" : -0.809017
    }, {
      "x" : 0.0,
      "y" : -0.42705098,
      "z" : -0.5
    }, {
      "x" : 0.19098301,
      "y" : -0.23606798,
      "z" : -0.927051
    }, {
      "x" : -0.28115296,
      "y" : -0.9442719,
      "z" : 0.309017
    }, {
      "x" : -0.29179606,
      "y" : -0.8991869,
      "z" : 0.29837388
    }, {
      "x" : -0.6008131,
      "y" : -0.78115296,
      "z" : 0.10739087
    }, {
      "x" : -0.6352549,
      "y" : -0.809017,
      "z" : 0.090169944
    }, {
      "x" : -0.24138954,
      "y" : 0.22745751,
      "z" : -0.98606795
    }, {
      "x" : -0.572949,
      "y" : 0.19098301,
      "z" : -0.809017
    }, {
      "x" : -0.5,
      "y" : 0.0,
      "z" : -0.42705098
    }, {
      "x" : -0.690983,
      "y" : 0.0,
      "z" : -0.73606795
    }, {
      "x" : 0.10739087,
      "y" : -0.6008131,
      "z" : -0.78115296
    }, {
      "x" : 0.090169944,
      "y" : -0.6352549,
      "z" : -0.809017
    }, {
      "x" : -0.809017,
      "y" : 0.0,
      "z" : -0.54508495
    }, {
      "x" : -0.927051,
      "y" : 0.19098301,
      "z" : -0.23606798
    }, {
      "x" : -0.98606795,
      "y" : 0.24138954,
      "z" : -0.22745751
    }, {
      "x" : 0.6008131,
      "y" : 0.78115296,
      "z" : -0.10739087
    }, {
      "x" : 0.42705098,
      "y" : 0.5,
      "z" : 0.0
    }, {
      "x" : 0.11803399,
      "y" : 0.618034,
      "z" : -0.19098301
    }, {
      "x" : 0.29179606,
      "y" : 0.8991869,
      "z" : -0.29837388
    }, {
      "x" : 0.19098301,
      "y" : 1.0,
      "z" : -0.309017
    }, {
      "x" : 0.22745751,
      "y" : 0.98606795,
      "z" : -0.24138954
    }, {
      "x" : 0.618034,
      "y" : 0.83688104,
      "z" : 0.0
    }, {
      "x" : 0.690983,
      "y" : 0.809017,
      "z" : 0.0
    }, {
      "x" : -0.7532889,
      "y" : 0.0,
      "z" : -0.7254249
    }, {
      "x" : -0.6008131,
      "y" : 0.24671109,
      "z" : -0.8196601
    }, {
      "x" : -0.809017,
      "y" : 0.52786404,
      "z" : 0.36474508
    }, {
      "x" : -0.29837388,
      "y" : 0.6737621,
      "z" : 0.66311896
    }, {
      "x" : -0.309017,
      "y" : 0.71884704,
      "z" : 0.6737621
    }, {
      "x" : -0.21884705,
      "y" : -0.13525492,
      "z" : 1.0
    }, {
      "x" : -0.21884705,
      "y" : 0.13525492,
      "z" : 1.0
    }, {
      "x" : -0.927051,
      "y" : 0.38196602,
      "z" : 0.11803399
    }, {
      "x" : -0.97213596,
      "y" : 0.35410196,
      "z" : 0.15247585
    }, {
      "x" : -0.8196601,
      "y" : 0.6008131,
      "z" : 0.24671109
    }, {
      "x" : 0.78115296,
      "y" : 0.10739087,
      "z" : 0.6008131
    }, {
      "x" : -0.29837388,
      "y" : -0.29179606,
      "z" : -0.8991869
    }, {
      "x" : -0.48935688,
      "y" : -0.36474508,
      "z" : -0.78115296
    }, {
      "x" : -0.52786404,
      "y" : -0.36474508,
      "z" : -0.809017
    }, {
      "x" : -0.309017,
      "y" : -0.28115296,
      "z" : -0.9442719
    }, {
      "x" : -0.29179606,
      "y" : 0.8991869,
      "z" : -0.29837388
    }, {
      "x" : -0.6008131,
      "y" : 0.78115296,
      "z" : -0.10739087
    }, {
      "x" : -0.19098301,
      "y" : -0.11803399,
      "z" : -0.618034
    }, {
      "x" : -0.38196602,
      "y" : -0.19098301,
      "z" : -0.5
    }, {
      "x" : 0.38196602,
      "y" : -0.11803399,
      "z" : -0.927051
    }, {
      "x" : 0.35410196,
      "y" : -0.15247585,
      "z" : -0.97213596
    }, {
      "x" : 0.38196602,
      "y" : 0.11803399,
      "z" : -0.927051
    }, {
      "x" : -0.7532889,
      "y" : 0.0,
      "z" : 0.7254249
    }, {
      "x" : -0.809017,
      "y" : 0.0,
      "z" : 0.690983
    }, {
      "x" : -0.6008131,
      "y" : -0.24671109,
      "z" : 0.8196601
    }, {
      "x" : 0.11803399,
      "y" : 0.927051,
      "z" : 0.38196602
    }, {
      "x" : 0.11803399,
      "y" : 0.618034,
      "z" : 0.19098301
    }, {
      "x" : -0.927051,
      "y" : -0.19098301,
      "z" : -0.23606798
    }, {
      "x" : -0.809017,
      "y" : 0.572949,
      "z" : -0.19098301
    }, {
      "x" : -0.8196601,
      "y" : 0.6008131,
      "z" : -0.24671109
    }, {
      "x" : -0.97213596,
      "y" : 0.35410196,
      "z" : -0.15247585
    }, {
      "x" : -0.927051,
      "y" : 0.38196602,
      "z" : -0.11803399
    }, {
      "x" : -0.6737621,
      "y" : 0.66311896,
      "z" : -0.29837388
    }, {
      "x" : -0.5,
      "y" : 0.38196602,
      "z" : -0.19098301
    }, {
      "x" : -0.36474508,
      "y" : 0.78115296,
      "z" : -0.48935688
    }, {
      "x" : 0.8196601,
      "y" : 0.6008131,
      "z" : 0.24671109
    }, {
      "x" : 0.809017,
      "y" : 0.572949,
      "z" : 0.19098301
    }, {
      "x" : 0.618034,
      "y" : -0.19098301,
      "z" : 0.11803399
    }, {
      "x" : 0.8991869,
      "y" : -0.29837388,
      "z" : 0.29179606
    }, {
      "x" : -0.54508495,
      "y" : -0.809017,
      "z" : 0.0
    }, {
      "x" : -0.42705098,
      "y" : -0.5,
      "z" : 0.0
    }, {
      "x" : 1.0,
      "y" : -0.309017,
      "z" : 0.19098301
    }, {
      "x" : 0.809017,
      "y" : -0.618034,
      "z" : 0.309017
    }, {
      "x" : 0.8196601,
      "y" : -0.6008131,
      "z" : 0.24671109
    }, {
      "x" : 0.52786404,
      "y" : 0.36474508,
      "z" : -0.809017
    }, {
      "x" : -0.36803398,
      "y" : 0.7586105,
      "z" : -0.6094235
    }, {
      "x" : 0.690983,
      "y" : -0.572949,
      "z" : -0.38196602
    }, {
      "x" : 0.572949,
      "y" : -0.38196602,
      "z" : -0.690983
    }, {
      "x" : -0.29837388,
      "y" : -0.6737621,
      "z" : -0.66311896
    }, {
      "x" : -0.309017,
      "y" : -0.71884704,
      "z" : -0.6737621
    }, {
      "x" : 0.7586105,
      "y" : -0.6094235,
      "z" : -0.36803398
    }, {
      "x" : 0.6094235,
      "y" : -0.36803398,
      "z" : -0.7586105
    }, {
      "x" : 0.618034,
      "y" : -0.309017,
      "z" : -0.809017
    }, {
      "x" : -0.19098301,
      "y" : -1.0,
      "z" : -0.309017
    }, {
      "x" : -0.309017,
      "y" : -0.809017,
      "z" : -0.618034
    }, {
      "x" : 0.690983,
      "y" : -0.809017,
      "z" : 0.0
    }, {
      "x" : -0.690983,
      "y" : 0.572949,
      "z" : -0.38196602
    }, {
      "x" : -0.35410196,
      "y" : -0.15247585,
      "z" : 0.97213596
    }, {
      "x" : -0.35410196,
      "y" : 0.15247585,
      "z" : 0.97213596
    }, {
      "x" : 0.11803399,
      "y" : -0.618034,
      "z" : -0.19098301
    }, {
      "x" : 0.11803399,
      "y" : -0.927051,
      "z" : -0.38196602
    }, {
      "x" : 0.10739087,
      "y" : 0.6008131,
      "z" : -0.78115296
    }, {
      "x" : -0.19098301,
      "y" : 0.23606798,
      "z" : -0.927051
    }, {
      "x" : -0.38196602,
      "y" : -0.11803399,
      "z" : 0.927051
    }, {
      "x" : -0.572949,
      "y" : -0.19098301,
      "z" : 0.809017
    }, {
      "x" : -0.309017,
      "y" : -0.71884704,
      "z" : 0.6737621
    }, {
      "x" : -0.52786404,
      "y" : -0.36474508,
      "z" : 0.809017
    }, {
      "x" : 0.21884705,
      "y" : 0.13525492,
      "z" : 1.0
    }, {
      "x" : 0.309017,
      "y" : 0.19098301,
      "z" : 1.0
    }, {
      "x" : -0.618034,
      "y" : -0.83688104,
      "z" : 0.0
    }, {
      "x" : -0.22745751,
      "y" : -0.98606795,
      "z" : 0.24138954
    }, {
      "x" : -0.090169944,
      "y" : -0.6352549,
      "z" : 0.809017
    }, {
      "x" : 0.6352549,
      "y" : 0.809017,
      "z" : -0.090169944
    }, {
      "x" : 0.28115296,
      "y" : 0.9442719,
      "z" : -0.309017
    }, {
      "x" : 0.97213596,
      "y" : 0.35410196,
      "z" : 0.15247585
    }, {
      "x" : 1.0,
      "y" : 0.309017,
      "z" : -0.19098301
    }, {
      "x" : 0.97213596,
      "y" : 0.35410196,
      "z" : -0.15247585
    }, {
      "x" : -0.809017,
      "y" : -0.572949,
      "z" : -0.19098301
    }, {
      "x" : -0.8196601,
      "y" : -0.6008131,
      "z" : -0.24671109
    }, {
      "x" : -0.7254249,
      "y" : -0.7532889,
      "z" : 0.0
    }, {
      "x" : -0.73606795,
      "y" : -0.690983,
      "z" : 0.0
    }, {
      "x" : 0.78115296,
      "y" : 0.10739087,
      "z" : -0.6008131
    }, {
      "x" : 0.8991869,
      "y" : 0.29837388,
      "z" : -0.29179606
    }, {
      "x" : 0.309017,
      "y" : 0.809017,
      "z" : -0.618034
    }, {
      "x" : 0.36474508,
      "y" : 0.809017,
      "z" : -0.52786404
    }, {
      "x" : 0.71884704,
      "y" : 0.6737621,
      "z" : -0.309017
    }, {
      "x" : 0.809017,
      "y" : 0.618034,
      "z" : -0.309017
    }, {
      "x" : 0.690983,
      "y" : 0.0,
      "z" : 0.73606795
    }, {
      "x" : 0.7532889,
      "y" : 0.0,
      "z" : 0.7254249
    }, {
      "x" : 0.6008131,
      "y" : 0.24671109,
      "z" : 0.8196601
    }, {
      "x" : -0.71884704,
      "y" : -0.6737621,
      "z" : -0.309017
    }, {
      "x" : -0.6352549,
      "y" : -0.809017,
      "z" : -0.090169944
    }, {
      "x" : -0.690983,
      "y" : -0.809017,
      "z" : 0.0
    }, {
      "x" : -0.809017,
      "y" : -0.618034,
      "z" : -0.309017
    }, {
      "x" : -0.78115296,
      "y" : 0.10739087,
      "z" : -0.6008131
    }, {
      "x" : -0.809017,
      "y" : 0.090169944,
      "z" : -0.6352549
    }, {
      "x" : 0.15247585,
      "y" : -0.97213596,
      "z" : 0.35410196
    }, {
      "x" : 0.29837388,
      "y" : -0.6737621,
      "z" : -0.66311896
    }, {
      "x" : 0.19098301,
      "y" : -0.809017,
      "z" : -0.572949
    }, {
      "x" : -1.0,
      "y" : 0.309017,
      "z" : -0.19098301
    }, {
      "x" : 0.0,
      "y" : -0.73606795,
      "z" : -0.690983
    }, {
      "x" : -0.19098301,
      "y" : -0.5,
      "z" : -0.38196602
    }, {
      "x" : -0.9655582,
      "y" : -0.19098301,
      "z" : -0.11803399
    }, {
      "x" : -1.0,
      "y" : -0.21884705,
      "z" : -0.13525492
    }, {
      "x" : -0.6737621,
      "y" : -0.309017,
      "z" : 0.71884704
    }, {
      "x" : -0.809017,
      "y" : -0.52786404,
      "z" : 0.36474508
    }, {
      "x" : 0.0,
      "y" : -0.73606795,
      "z" : 0.690983
    }, {
      "x" : 0.0,
      "y" : -0.7254249,
      "z" : 0.7532889
    }, {
      "x" : -0.22745751,
      "y" : -0.98606795,
      "z" : -0.24138954
    }, {
      "x" : 0.24138954,
      "y" : 0.22745751,
      "z" : 0.98606795
    }, {
      "x" : -0.24138954,
      "y" : 0.22745751,
      "z" : 0.98606795
    }, {
      "x" : 1.0,
      "y" : -0.309017,
      "z" : -0.19098301
    }, {
      "x" : -0.19098301,
      "y" : 0.11803399,
      "z" : 0.618034
    }, {
      "x" : 0.6008131,
      "y" : -0.78115296,
      "z" : 0.10739087
    }, {
      "x" : 0.42705098,
      "y" : -0.5,
      "z" : 0.0
    }, {
      "x" : 0.29179606,
      "y" : -0.8991869,
      "z" : 0.29837388
    }, {
      "x" : 0.15247585,
      "y" : 0.97213596,
      "z" : 0.35410196
    }, {
      "x" : -0.15247585,
      "y" : 0.97213596,
      "z" : 0.35410196
    }, {
      "x" : -0.6094235,
      "y" : -0.36803398,
      "z" : -0.7586105
    }, {
      "x" : -0.572949,
      "y" : -0.38196602,
      "z" : -0.690983
    }, {
      "x" : 0.572949,
      "y" : 0.19098301,
      "z" : -0.809017
    }, {
      "x" : -0.19098301,
      "y" : -1.0,
      "z" : 0.309017
    }, {
      "x" : 1.0,
      "y" : -0.21884705,
      "z" : -0.13525492
    }, {
      "x" : 0.7532889,
      "y" : 0.0,
      "z" : -0.7254249
    }, {
      "x" : 0.6008131,
      "y" : -0.24671109,
      "z" : -0.8196601
    }, {
      "x" : 0.0,
      "y" : -0.54508495,
      "z" : 0.809017
    }, {
      "x" : -0.19098301,
      "y" : -0.23606798,
      "z" : 0.927051
    }, {
      "x" : 0.6008131,
      "y" : -0.78115296,
      "z" : -0.10739087
    }, {
      "x" : 0.6352549,
      "y" : -0.809017,
      "z" : -0.090169944
    }, {
      "x" : -0.97213596,
      "y" : -0.35410196,
      "z" : -0.15247585
    }, {
      "x" : -0.618034,
      "y" : 0.19098301,
      "z" : -0.11803399
    }, {
      "x" : 0.38196602,
      "y" : 0.690983,
      "z" : 0.572949
    }, {
      "x" : 0.5,
      "y" : 0.38196602,
      "z" : 0.19098301
    }, {
      "x" : 0.690983,
      "y" : 0.572949,
      "z" : 0.38196602
    }, {
      "x" : 0.23606798,
      "y" : 0.927051,
      "z" : -0.19098301
    }, {
      "x" : 0.54508495,
      "y" : 0.809017,
      "z" : 0.0
    }, {
      "x" : 0.24671109,
      "y" : 0.8196601,
      "z" : 0.6008131
    }, {
