{
  "field" : "golden",
  "symmetry" : "icosahedral",
  "orientations" : [ [ 1.0, 0.0, 0.0, 0.0, 0.0, 1.0, 0.0, 0.0, 0.0, 0.0, 1.0, 0.0, 0.0, 0.0, 0.0, 1.0 ], [ 0.0, 0.0, 1.0, 0.0, 1.0, 0.0, 0.0, 0.0, 0.0, 1.0, 0.0, 0.0, 0.0, 0.0, 0.0, 1.0 ], [ 0.0, 1.0, 0.0, 0.0, 0.0, 0.0, 1.0, 0.0, 1.0, 0.0, 0.0, 0.0, 0.0, 0.0, 0.0, 1.0 ], [ 0.809017, 0.309017, 0.5, 0.0, 0.309017, 0.5, -0.809017, 0.0, -0.5, 0.809017, 0.309017, 0.0, 0.0, 0.0, 0.0, 1.0 ], [ -0.5, 0.809017, 0.309017, 0.0, 0.809017, 0.309017, 0.5, 0.0, 0.309017, 0.5, -0.809017, 0.0, 0.0, 0.0, 0.0, 1.0 ], [ 0.309017, 0.5, -0.809017, 0.0, -0.5, 0.809017, 0.309017, 0.0, 0.809017, 0.309017, 0.5, 0.0, 0.0, 0.0, 0.0, 1.0 ], [ 0.5, 0.809017, 0.309017, 0.0, 0.809017, -0.309017, -0.5, 0.0, -0.309017, 0.5, -0.809017, 0.0, 0.0, 0.0, 0.0, 1.0 ], [ -0.309017, 0.5, -0.809017, 0.0, 0.5, 0.809017, 0.309017, 0.0, 0.809017, -0.309017, -0.5, 0.0, 0.0, 0.0, 0.0, 1.0 ], [ 0.809017, -0.309017, -0.5, 0.0, -0.309017, 0.5, -0.809017, 0.0, 0.5, 0.809017, 0.309017, 0.0, 0.0, 0.0, 0.0, 1.0 ], [ 0.5, 0.809017, -0.309017, 0.0, 0.809017, -0.309017, 0.5, 0.0, 0.309017, -0.5, -0.809017, 0.0, 0.0, 0.0, 0.0, 1.0 ], [ 0.309017, -0.5, -0.809017, 0.0, 0.5, 0.809017, -0.309017, 0.0, 0.809017, -0.309017, 0.5, 0.0, 0.0, 0.0, 0.0, 1.0 ], [ 0.809017, -0.309017, 0.5, 0.0, 0.309017, -0.5, -0.809017, 0.0, 0.5, 0.809017, -0.309017, 0.0, 0.0, 0.0, 0.0, 1.0 ], [ 0.809017, 0.309017, -0.5, 0.0, 0.309017, 0.5, 0.809017, 0.0, 0.5, -0.809017, 0.309017, 0.0, 0.0, 0.0, 0.0, 1.0 ], [ 0.5, -0.809017, 0.309017, 0.0, 0.809017, 0.309017, -0.5, 0.0, 0.309017, 0.5, 0.809017, 0.0, 0.0, 0.0, 0.0, 1.0 ], [ 0.309017, 0.5, 0.809017, 0.0, 0.5, -0.809017, 0.309017, 0.0, 0.809017, 0.309017, -0.5, 0.0, 0.0, 0.0, 0.0, 1.0 ], [ 1.0, 0.0, 0.0, 0.0, 0.0, -1.0, 0.0, 0.0, 0.0, 0.0, -1.0, 0.0, 0.0, 0.0, 0.0, 1.0 ], [ 0.0, 0.0, 1.0, 0.0, -1.0, 0.0, 0.0, 0.0, 0.0, -1.0, 0.0, 0.0, 0.0, 0.0, 0.0, 1.0 ], [ 0.0, 1.0, 0.0, 0.0, 0.0, 0.0, -1.0, 0.0, -1.0, 0.0, 0.0, 0.0, 0.0, 0.0, 0.0, 1.0 ], [ 0.809017, 0.309017, 0.5, 0.0, -0.309017, -0.5, 0.809017, 0.0, 0.5, -0.809017, -0.309017, 0.0, 0.0, 0.0, 0.0, 1.0 ], [ -0.5, 0.809017, 0.309017, 0.0, -0.809017, -0.309017, -0.5, 0.0, -0.309017, -0.5, 0.809017, 0.0, 0.0, 0.0, 0.0, 1.0 ], [ 0.309017, 0.5, -0.809017, 0.0, 0.5, -0.809017, -0.309017, 0.0, -0.809017, -0.309017, -0.5, 0.0, 0.0, 0.0, 0.0, 1.0 ], [ 0.5, 0.809017, 0.309017, 0.0, -0.809017, 0.309017, 0.5, 0.0, 0.309017, -0.5, 0.809017, 0.0, 0.0, 0.0, 0.0, 1.0 ], [ -0.309017, 0.5, -0.809017, 0.0, -0.5, -0.809017, -0.309017, 0.0, -0.809017, 0.309017, 0.5, 0.0, 0.0, 0.0, 0.0, 1.0 ], [ 0.809017, -0.309017, -0.5, 0.0, 0.309017, -0.5, 0.809017, 0.0, -0.5, -0.809017, -0.309017, 0.0, 0.0, 0.0, 0.0, 1.0 ], [ 0.5, 0.809017, -0.309017, 0.0, -0.809017, 0.309017, -0.5, 0.0, -0.309017, 0.5, 0.809017, 0.0, 0.0, 0.0, 0.0, 1.0 ], [ 0.309017, -0.5, -0.809017, 0.0, -0.5, -0.809017, 0.309017, 0.0, -0.809017, 0.309017, -0.5, 0.0, 0.0, 0.0, 0.0, 1.0 ], [ 0.809017, -0.309017, 0.5, 0.0, -0.309017, 0.5, 0.809017, 0.0, -0.5, -0.809017, 0.309017, 0.0, 0.0, 0.0, 0.0, 1.0 ], [ 0.809017, 0.309017, -0.5, 0.0, -0.309017, -0.5, -0.809017, 0.0, -0.5, 0.809017, -0.309017, 0.0, 0.0, 0.0, 0.0, 1.0 ], [ 0.5, -0.809017, 0.309017, 0.0, -0.809017, -0.309017, 0.5, 0.0, -0.309017, -0.5, -0.809017, 0.0, 0.0, 0.0, 0.0, 1.0 ], [ 0.309017, 0.5, 0.809017, 0.0, -0.5, 0.809017, -0.309017, 0.0, -0.809017, -0.309017, 0.5, 0.0, 0.0, 0.0, 0.0, 1.0 ], [ -1.0, 0.0, 0.0, 0.0, 0.0, -1.0, 0.0, 0.0, 0.0, 0.0, 1.0, 0.0, 0.0, 0.0, 0.0, 1.0 ], [ 0.0, 0.0, -1.0, 0.0, -1.0, 0.0, 0.0, 0.0, 0.0, 1.0, 0.0, 0.0, 0.0, 0.0, 0.0, 1.0 ], [ 0.0, -1.0, 0.0, 0.0, 0.0, 0.0, -1.0, 0.0, 1.0, 0.0, 0.0, 0.0, 0.0, 0.0, 0.0, 1.0 ], [ -0.809017, -0.309017, -0.5, 0.0, -0.309017, -0.5, 0.809017, 0.0, -0.5, 0.809017, 0.309017, 0.0, 0.0, 0.0, 0.0, 1.0 ], [ 0.5, -0.809017, -0.309017, 0.0, -0.809017, -0.309017, -0.5, 0.0, 0.309017, 0.5, -0.809017, 0.0, 0.0, 0.0, 0.0, 1.0 ], [ -0.309017, -0.5, 0.809017, 0.0, 0.5, -0.809017, -0.309017, 0.0, 0.809017, 0.309017, 0.5, 0.0, 0.0, 0.0, 0.0, 1.0 ], [ -0.5, -0.809017, -0.309017, 0.0, -0.809017, 0.309017, 0.5, 0.0, -0.309017, 0.5, -0.809017, 0.0, 0.0, 0.0, 0.0, 1.0 ], [ 0.309017, -0.5, 0.809017, 0.0, -0.5, -0.809017, -0.309017, 0.0, 0.809017, -0.309017, -0.5, 0.0, 0.0, 0.0, 0.0, 1.0 ], [ -0.809017, 0.309017, 0.5, 0.0, 0.309017, -0.5, 0.809017, 0.0, 0.5, 0.809017, 0.309017, 0.0, 0.0, 0.0, 0.0, 1.0 ], [ -0.5, -0.809017, 0.309017, 0.0, -0.809017, 0.309017, -0.5, 0.0, 0.309017, -0.5, -0.809017, 0.0, 0.0, 0.0, 0.0, 1.0 ], [ -0.309017, 0.5, 0.809017, 0.0, -0.5, -0.809017, 0.309017, 0.0, 0.809017, -0.309017, 0.5, 0.0, 0.0, 0.0, 0.0, 1.0 ], [ -0.809017, 0.309017, -0.5, 0.0, -0.309017, 0.5, 0.809017, 0.0, 0.5, 0.809017, -0.309017, 0.0, 0.0, 0.0, 0.0, 1.0 ], [ -0.809017, -0.309017, 0.5, 0.0, -0.309017, -0.5, -0.809017, 0.0, 0.5, -0.809017, 0.309017, 0.0, 0.0, 0.0, 0.0, 1.0 ], [ -0.5, 0.809017, -0.309017, 0.0, -0.809017, -0.309017, 0.5, 0.0, 0.309017, 0.5, 0.809017, 0.0, 0.0, 0.0, 0.0, 1.0 ], [ -0.309017, -0.5, -0.809017, 0.0, -0.5, 0.809017, -0.309017, 0.0, 0.809017, 0.309017, -0.5, 0.0, 0.0, 0.0, 0.0, 1.0 ], [ -1.0, 0.0, 0.0, 0.0, 0.0, 1.0, 0.0, 0.0, 0.0, 0.0, -1.0, 0.0, 0.0, 0.0, 0.0, 1.0 ], [ 0.0, 0.0, -1.0, 0.0, 1.0, 0.0, 0.0, 0.0, 0.0, -1.0, 0.0, 0.0, 0.0, 0.0, 0.0, 1.0 ], [ 0.0, -1.0, 0.0, 0.0, 0.0, 0.0, 1.0, 0.0, -1.0, 0.0, 0.0, 0.0, 0.0, 0.0, 0.0, 1.0 ], [ -0.809017, -0.309017, -0.5, 0.0, 0.309017, 0.5, -0.809017, 0.0, 0.5, -0.809017, -0.309017, 0.0, 0.0, 0.0, 0.0, 1.0 ], [ 0.5, -0.809017, -0.309017, 0.0, 0.809017, 0.309017, 0.5, 0.0, -0.309017, -0.5, 0.809017, 0.0, 0.0, 0.0, 0.0, 1.0 ], [ -0.309017, -0.5, 0.809017, 0.0, -0.5, 0.809017, 0.309017, 0.0, -0.809017, -0.309017, -0.5, 0.0, 0.0, 0.0, 0.0, 1.0 ], [ -0.5, -0.809017, -0.309017, 0.0, 0.809017, -0.309017, -0.5, 0.0, 0.309017, -0.5, 0.809017, 0.0, 0.0, 0.0, 0.0, 1.0 ], [ 0.309017, -0.5, 0.809017, 0.0, 0.5, 0.809017, 0.309017, 0.0, -0.809017, 0.309017, 0.5, 0.0, 0.0, 0.0, 0.0, 1.0 ], [ -0.809017, 0.309017, 0.5, 0.0, -0.309017, 0.5, -0.809017, 0.0, -0.5, -0.809017, -0.309017, 0.0, 0.0, 0.0, 0.0, 1.0 ], [ -0.5, -0.809017, 0.309017, 0.0, 0.809017, -0.309017, 0.5, 0.0, -0.309017, 0.5, 0.809017, 0.0, 0.0, 0.0, 0.0, 1.0 ], [ -0.309017, 0.5, 0.809017, 0.0, 0.5, 0.809017, -0.309017, 0.0, -0.809017, 0.309017, -0.5, 0.0, 0.0, 0.0, 0.0, 1.0 ], [ -0.809017, 0.309017, -0.5, 0.0, 0.309017, -0.5, -0.809017, 0.0, -0.5, -0.809017, 0.309017, 0.0, 0.0, 0.0, 0.0, 1.0 ], [ -0.809017, -0.309017, 0.5, 0.0, 0.309017, 0.5, 0.809017, 0.0, -0.5, 0.809017, -0.309017, 0.0, 0.0, 0.0, 0.0, 1.0 ], [ -0.5, 0.809017, -0.309017, 0.0, 0.809017, 0.309017, -0.5, 0.0, -0.309017, -0.5, -0.809017, 0.0, 0.0, 0.0, 0.0, 1.0 ], [ -0.309017, -0.5, -0.809017, 0.0, 0.5, -0.809017, 0.309017, 0.0, -0.809017, -0.309017, 0.5, 0.0, 0.0, 0.0, 0.0, 1.0 ] ],
  "lights" : {
    "ambientColor" : "#292929",
    "backgroundColor" : "#CCCCCC",
    "directionalLights" : [ {
      "direction" : {
        "x" : 1.0,
        "y" : -1.0,
        "z" : -1.0
      },
      "color" : "#EBEBE4"
    }, {
      "direction" : {
        "x" : -1.0,
        "y" : 0.0,
        "z" : 0.0
      },
      "color" : "#E4E4EB"
    }, {
      "direction" : {
        "x" : 0.0,
        "y" : 0.0,
        "z" : -1.0
      },
      "color" : "#1E1E1E"
    } ]
  },
  "camera" : {
    "perspective" : true,
    "lookDirection" : {
      "x" : 0.0,
      "y" : 0.0,
      "z" : -1.0
    },
    "upDirection" : {
      "x" : 0.0,
      "y" : 1.0,
      "z" : 0.0
    },
    "lookAtPoint" : {
      "x" : 0.0,
      "y" : 0.0,
      "z" : 0.0
    },
    "viewDistance" : 202.12361,
    "nearClipDistance" : 0.5053093,
    "farClipDistance" : 404.24637,
    "fieldOfView" : 0.44262853,
    "stereo" : false,
    "width" : 90.95555,
    "position" : {
      "x" : 0.0,
      "y" : 0.0,
      "z" : 202.12361
    }
  },
  "embedding" : [ 1.0, 0.0, 0.0, 0.0, 0.0, 1.0, 0.0, 0.0, 0.0, 0.0, 1.0, 0.0, 0.0, 0.0, 0.0, 1.0 ],
  "shapes" : [ {
    "id" : "248746fb-1c0b-4c96-b299-7a9b6344e501",
    "vertices" : [ {
      "x" : 29.034441,
      "y" : 0.0,
      "z" : -11.09017
    }, {
      "x" : 28.725426,
      "y" : 0.0,
      "z" : -10.972136
    }, {
      "x" : 28.320917,
      "y" : -0.1545085,
      "z" : -10.531153
    }, {
      "x" : 28.129932,
      "y" : -0.1545085,
      "z" : -11.031153
    }, {
      "x" : 0.9045085,
      "y" : -0.1545085,
      "z" : -0.059016995
    }, {
      "x" : 0.809017,
      "y" : 0.309017,
      "z" : -0.309017
    }, {
      "x" : 0.309017,
      "y" : 0.0,
      "z" : -0.11803399
    }, {
      "x" : 28.225426,
      "y" : 0.309017,
      "z" : -10.781153
    }, {
      "x" : 0.7135255,
      "y" : -0.1545085,
      "z" : -0.559017
    } ],
    "faces" : [ {
      "vertices" : [ 2, 4, 8 ]
    }, {
      "vertices" : [ 2, 8, 3 ]
    }, {
      "vertices" : [ 2, 7, 5 ]
    }, {
      "vertices" : [ 2, 5, 4 ]
    }, {
      "vertices" : [ 4, 6, 8 ]
    }, {
      "vertices" : [ 5, 8, 6 ]
    }, {
      "vertices" : [ 1, 2, 3 ]
    }, {
      "vertices" : [ 3, 8, 5 ]
    }, {
      "vertices" : [ 3, 5, 7 ]
    }, {
      "vertices" : [ 1, 7, 2 ]
    }, {
      "vertices" : [ 1, 3, 7 ]
    }, {
      "vertices" : [ 4, 5, 6 ]
    } ]
  }, {
    "id" : "79fdb3a4-3729-4792-8e5a-2b8c344a29c6",
    "vertices" : [ {
      "x" : 5.545085,
      "y" : 0.0,
      "z" : -2.118034
    }, {
      "x" : 5.236068,
      "y" : 0.0,
      "z" : -2.0
    }, {
      "x" : 4.8315597,
      "y" : -0.1545085,
      "z" : -1.559017
    }, {
      "x" : 4.6405764,
      "y" : -0.1545085,
      "z" : -2.059017
    }, {
      "x" : 0.9045085,
      "y" : -0.1545085,
      "z" : -0.059016995
    }, {
      "x" : 0.809017,
      "y" : 0.309017,
      "z" : -0.309017
    }, {
      "x" : 0.309017,
      "y" : 0.0,
      "z" : -0.11803399
    }, {
      "x" : 4.736068,
      "y" : 0.309017,
      "z" : -1.809017
    }, {
      "x" : 0.7135255,
      "y" : -0.1545085,
      "z" : -0.559017
    } ],
    "faces" : [ {
      "vertices" : [ 2, 4, 8 ]
    }, {
      "vertices" : [ 2, 8, 3 ]
    }, {
      "vertices" : [ 2, 7, 5 ]
    }, {
      "vertices" : [ 2, 5, 4 ]
    }, {
      "vertices" : [ 4, 6, 8 ]
    }, {
      "vertices" : [ 5, 8, 6 ]
    }, {
      "vertices" : [ 1, 2, 3 ]
    }, {
      "vertices" : [ 3, 8, 5 ]
    }, {
      "vertices" : [ 3, 5, 7 ]
    }, {
      "vertices" : [ 1, 7, 2 ]
    }, {
      "vertices" : [ 1, 3, 7 ]
    }, {
      "vertices" : [ 4, 5, 6 ]
    } ]
  }, {
    "id" : "23eabf43-3966-4588-89dd-bcc7c70c1d2b",
    "vertices" : [ {
      "x" : 1.3416408,
      "y" : 2.572949,
      "z" : -0.8416408
    }, {
      "x" : 0.14589803,
      "y" : 0.32623792,
      "z" : -0.14589803
    }, {
      "x" : 0.690983,
      "y" : 0.66311896,
      "z" : -0.38196602
    }, {
      "x" : 0.572949,
      "y" : 0.85410196,
      "z" : -0.072949015
    }, {
      "x" : 1.3867258,
      "y" : 3.1008132,
      "z" : -1.3867258
    }, {
      "x" : 1.4596747,
      "y" : 2.381966,
      "z" : -1.1506578
    }, {
      "x" : 0.9371323,
      "y" : 2.5364745,
      "z" : -1.4457427
    }, {
      "x" : 0.8190983,
      "y" : 2.7274575,
      "z" : -1.1367258
    }, {
      "x" : 0.16844052,
      "y" : 0.81762743,
      "z" : -0.677051
    }, {
      "x" : 0.05040653,
      "y" : 1.0086105,
      "z" : -0.36803398
    }, {
      "x" : 1.5326238,
      "y" : 3.427051,
      "z" : -1.5326238
    } ],
    "faces" : [ {
      "vertices" : [ 4, 6, 7 ]
    }, {
      "vertices" : [ 1, 9, 8 ]
    }, {
      "vertices" : [ 0, 7, 9 ]
    }, {
      "vertices" : [ 0, 9, 3 ]
    }, {
      "vertices" : [ 2, 8, 6 ]
    }, {
      "vertices" : [ 2, 6, 5 ]
    }, {
      "vertices" : [ 1, 2, 3 ]
    }, {
      "vertices" : [ 0, 5, 4 ]
    }, {
      "vertices" : [ 0, 3, 2 ]
    }, {
      "vertices" : [ 0, 2, 5 ]
    }, {
      "vertices" : [ 0, 4, 7 ]
    }, {
      "vertices" : [ 1, 8, 2 ]
    }, {
      "vertices" : [ 1, 3, 9 ]
    }, {
      "vertices" : [ 6, 8, 9 ]
    }, {
      "vertices" : [ 6, 9, 7 ]
    }, {
      "vertices" : [ 4, 5, 6 ]
    } ]
  }, {
    "id" : "189deac2-5fc7-439d-9712-81120895bed7",
    "vertices" : [ {
      "x" : 24.798374,
      "y" : 0.0,
      "z" : -9.472136
    }, {
      "x" : 24.489357,
      "y" : 0.0,
      "z" : -9.354102
    }, {
      "x" : 24.084848,
      "y" : -0.1545085,
      "z" : -8.913119
    }, {
      "x" : 23.893866,
      "y" : -0.1545085,
      "z" : -9.413119
    }, {
      "x" : 0.9045085,
      "y" : -0.1545085,
      "z" : -0.059016995
    }, {
      "x" : 0.809017,
      "y" : 0.309017,
      "z" : -0.309017
    }, {
      "x" : 0.309017,
      "y" : 0.0,
      "z" : -0.11803399
    }, {
      "x" : 23.989357,
      "y" : 0.309017,
      "z" : -9.163119
    }, {
      "x" : 0.7135255,
      "y" : -0.1545085,
      "z" : -0.559017
    } ],
    "faces" : [ {
      "vertices" : [ 2, 4, 8 ]
    }, {
      "vertices" : [ 2, 8, 3 ]
    }, {
      "vertices" : [ 2, 7, 5 ]
    }, {
      "vertices" : [ 2, 5, 4 ]
    }, {
      "vertices" : [ 4, 6, 8 ]
    }, {
      "vertices" : [ 5, 8, 6 ]
    }, {
      "vertices" : [ 1, 2, 3 ]
    }, {
      "vertices" : [ 3, 8, 5 ]
    }, {
      "vertices" : [ 3, 5, 7 ]
    }, {
      "vertices" : [ 1, 7, 2 ]
    }, {
      "vertices" : [ 1, 3, 7 ]
    }, {
      "vertices" : [ 4, 5, 6 ]
    } ]
  }, {
    "id" : "b299276f-f050-4283-b404-cf9c95edf93c",
    "vertices" : [ {
      "x" : 0.309017,
      "y" : -0.309017,
      "z" : -0.309017
    }, {
      "x" : 0.5,
      "y" : 0.0,
      "z" : -0.19098301
    }, {
      "x" : 0.5,
      "y" : 0.0,
      "z" : 0.19098301
    }, {
      "x" : 0.309017,
      "y" : -0.309017,
      "z" : 0.309017
    }, {
      "x" : 0.19098301,
      "y" : -0.5,
      "z" : 0.0
    }, {
      "x" : 0.0,
      "y" : 0.19098301,
      "z" : 0.5
    }, {
      "x" : 0.0,
      "y" : -0.19098301,
      "z" : 0.5
    }, {
      "x" : 0.309017,
      "y" : 0.309017,
      "z" : 0.309017
    }, {
      "x" : -0.309017,
      "y" : -0.309017,
      "z" : 0.309017
    }, {
      "x" : -0.309017,
      "y" : 0.309017,
      "z" : 0.309017
    }, {
      "x" : -0.5,
      "y" : 0.0,
      "z" : 0.19098301
    }, {
      "x" : 0.0,
      "y" : -0.19098301,
      "z" : -0.5
    }, {
      "x" : 0.0,
      "y" : 0.19098301,
      "z" : -0.5
    }, {
      "x" : 0.309017,
      "y" : 0.309017,
      "z" : -0.309017
    }, {
      "x" : -0.309017,
      "y" : -0.309017,
      "z" : -0.309017
    }, {
      "x" : -0.19098301,
      "y" : -0.5,
      "z" : 0.0
    }, {
      "x" : -0.5,
      "y" : 0.0,
      "z" : -0.19098301
    }, {
      "x" : 0.19098301,
      "y" : 0.5,
      "z" : 0.0
    }, {
      "x" : -0.309017,
      "y" : 0.309017,
      "z" : -0.309017
    }, {
      "x" : 0.0,
      "y" : 0.0,
      "z" : 0.0
    }, {
      "x" : -0.19098301,
      "y" : 0.5,
      "z" : 0.0
    } ],
    "faces" : [ {
      "vertices" : [ 12, 18, 20 ]
    }, {
      "vertices" : [ 12, 20, 17 ]
    }, {
      "vertices" : [ 12, 17, 13 ]
    }, {
      "vertices" : [ 3, 6, 8 ]
    }, {
      "vertices" : [ 3, 8, 15 ]
    }, {
      "vertices" : [ 3, 15, 4 ]
    }, {
      "vertices" : [ 0, 11, 12 ]
    }, {
      "vertices" : [ 0, 12, 13 ]
    }, {
      "vertices" : [ 0, 13, 1 ]
    }, {
      "vertices" : [ 5, 9, 10 ]
    }, {
      "vertices" : [ 5, 10, 8 ]
    }, {
      "vertices" : [ 5, 8, 6 ]
    }, {
      "vertices" : [ 2, 7, 5 ]
    }, {
      "vertices" : [ 2, 5, 6 ]
    }, {
      "vertices" : [ 2, 6, 3 ]
    }, {
      "vertices" : [ 11, 14, 16 ]
    }, {
      "vertices" : [ 11, 16, 18 ]
    }, {
      "vertices" : [ 11, 18, 12 ]
    }, {
      "vertices" : [ 1, 13, 17 ]
    }, {
      "vertices" : [ 1, 17, 7 ]
    }, {
      "vertices" : [ 1, 7, 2 ]
    }, {
      "vertices" : [ 9, 20, 18 ]
    }, {
      "vertices" : [ 9, 18, 16 ]
    }, {
      "vertices" : [ 9, 16, 10 ]
    }, {
      "vertices" : [ 0, 1, 2 ]
    }, {
      "vertices" : [ 0, 2, 3 ]
    }, {
      "vertices" : [ 0, 3, 4 ]
    }, {
      "vertices" : [ 5, 7, 17 ]
    }, {
      "vertices" : [ 5, 17, 20 ]
    }, {
      "vertices" : [ 5, 20, 9 ]
    }, {
      "vertices" : [ 0, 4, 15 ]
    }, {
      "vertices" : [ 0, 15, 14 ]
    }, {
      "vertices" : [ 0, 14, 11 ]
    }, {
      "vertices" : [ 8, 10, 16 ]
    }, {
      "vertices" : [ 8, 16, 14 ]
    }, {
      "vertices" : [ 8, 14, 15 ]
    } ]
  }, {
    "id" : "7545b95d-95c2-4a7b-8a40-f790c784965c",
    "vertices" : [ {
      "x" : 17.944271,
      "y" : 11.09017,
      "z" : 0.0
    }, {
      "x" : 6.854102,
      "y" : 17.944271,
      "z" : 0.0
    }, {
      "x" : 17.944271,
      "y" : 29.034441,
      "z" : 11.09017
    } ],
    "faces" : [ {
      "vertices" : [ 0, 1, 2 ]
    }, {
      "vertices" : [ 0, 2, 1 ]
    } ]
  }, {
    "id" : "0be240cc-d2e3-4464-92b0-4fba7808bef3",
    "vertices" : [ {
      "x" : -17.944271,
      "y" : 11.09017,
      "z" : 0.0
    }, {
      "x" : -11.09017,
      "y" : 11.09017,
      "z" : 11.09017
    }, {
      "x" : -29.034441,
      "y" : 11.09017,
      "z" : 17.944271
    } ],
    "faces" : [ {
      "vertices" : [ 0, 1, 2 ]
    }, {
      "vertices" : [ 0, 2, 1 ]
    } ]
  }, {
    "id" : "23cebf89-bbf9-48a4-b5f6-c6ea45be5644",
    "vertices" : [ {
      "x" : 29.034441,
      "y" : 17.944271,
      "z" : 0.0
    }, {
      "x" : 17.944271,
      "y" : -11.09017,
      "z" : 0.0
    }, {
      "x" : 0.0,
      "y" : -29.034441,
      "z" : -17.944271
    }, {
      "x" : 11.09017,
      "y" : 0.0,
      "z" : -17.944271
    } ],
    "faces" : [ {
      "vertices" : [ 0, 1, 2 ]
    }, {
      "vertices" : [ 0, 2, 3 ]
    }, {
      "vertices" : [ 0, 3, 2 ]
    }, {
      "vertices" : [ 0, 2, 1 ]
    } ]
  }, {
    "id" : "7b21388d-44f2-4c7c-89e9-3141d7211f57",
    "vertices" : [ {
      "x" : 1.5278641,
      "y" : 6.472136,
      "z" : 1.5278641
    }, {
      "x" : 1.190983,
      "y" : 5.854102,
      "z" : 1.072949
    }, {
      "x" : 1.072949,
      "y" : 6.045085,
      "z" : 1.381966
    }, {
      "x" : 0.090169944,
      "y" : 0.38196602,
      "z" : 0.090169944
    }, {
      "x" : -0.072949015,
      "y" : 1.190983,
      "z" : 0.23606798
    }, {
      "x" : 0.045084972,
      "y" : 1.0,
      "z" : -0.072949015
    }, {
      "x" : 1.572949,
      "y" : 5.854102,
      "z" : 1.690983
    }, {
      "x" : 0.54508495,
      "y" : 0.809017,
      "z" : 0.23606798
    }, {
      "x" : 1.690983,
      "y" : 5.663119,
      "z" : 1.381966
    }, {
      "x" : 1.618034,
      "y" : 6.854102,
      "z" : 1.618034
    }, {
      "x" : 0.42705098,
      "y" : 1.0,
      "z" : 0.54508495
    } ],
    "faces" : [ {
      "vertices" : [ 3, 10, 4 ]
    }, {
      "vertices" : [ 0, 1, 2 ]
    }, {
      "vertices" : [ 3, 7, 10 ]
    }, {
      "vertices" : [ 1, 8, 7 ]
    }, {
      "vertices" : [ 1, 7, 5 ]
    }, {
      "vertices" : [ 2, 4, 10 ]
    }, {
      "vertices" : [ 2, 10, 6 ]
    }, {
      "vertices" : [ 0, 2, 6 ]
    }, {
      "vertices" : [ 0, 8, 1 ]
    }, {
      "vertices" : [ 3, 4, 5 ]
    }, {
      "vertices" : [ 1, 5, 4 ]
    }, {
      "vertices" : [ 1, 4, 2 ]
    }, {
      "vertices" : [ 0, 6, 8 ]
    }, {
      "vertices" : [ 6, 10, 7 ]
    }, {
      "vertices" : [ 6, 7, 8 ]
    }, {
      "vertices" : [ 3, 5, 7 ]
    } ]
  }, {
    "id" : "73431abd-bf76-41b9-89dd-33e5eab05d2b",
    "vertices" : [ {
      "x" : 17.944271,
      "y" : 0.0,
      "z" : -6.854102
    }, {
      "x" : 17.635256,
      "y" : 0.0,
      "z" : -6.736068
    }, {
      "x" : 17.230747,
      "y" : -0.1545085,
      "z" : -6.295085
    }, {
      "x" : 17.039762,
      "y" : -0.1545085,
      "z" : -6.795085
    }, {
      "x" : 0.9045085,
      "y" : -0.1545085,
      "z" : -0.059016995
    }, {
      "x" : 0.809017,
      "y" : 0.309017,
      "z" : -0.309017
    }, {
      "x" : 0.309017,
      "y" : 0.0,
      "z" : -0.11803399
    }, {
      "x" : 17.135256,
      "y" : 0.309017,
      "z" : -6.545085
    }, {
      "x" : 0.7135255,
      "y" : -0.1545085,
      "z" : -0.559017
    } ],
    "faces" : [ {
      "vertices" : [ 2, 4, 8 ]
    }, {
      "vertices" : [ 2, 8, 3 ]
    }, {
      "vertices" : [ 2, 7, 5 ]
    }, {
      "vertices" : [ 2, 5, 4 ]
    }, {
      "vertices" : [ 4, 6, 8 ]
    }, {
      "vertices" : [ 5, 8, 6 ]
    }, {
      "vertices" : [ 1, 2, 3 ]
    }, {
      "vertices" : [ 3, 8, 5 ]
    }, {
      "vertices" : [ 3, 5, 7 ]
    }, {
      "vertices" : [ 1, 7, 2 ]
    }, {
      "vertices" : [ 1, 3, 7 ]
    }, {
      "vertices" : [ 4, 5, 6 ]
    } ]
  }, {
    "id" : "7211eb62-f386-409c-9377-929b7fbacf81",
    "vertices" : [ {
      "x" : 11.09017,
      "y" : 0.0,
      "z" : -17.944271
    }, {
      "x" : 11.09017,
      "y" : 11.09017,
      "z" : -11.09017
    }, {
      "x" : 29.034441,
      "y" : 11.09017,
      "z" : -17.944271
    } ],
    "faces" : [ {
      "vertices" : [ 0, 1, 2 ]
    }, {
      "vertices" : [ 0, 2, 1 ]
    } ]
  }, {
    "id" : "845604cc-a3bc-418c-9b5b-ff6901860643",
    "vertices" : [ {
      "x" : 17.944271,
      "y" : 11.09017,
      "z" : 0.0
    }, {
      "x" : 11.09017,
      "y" : 11.09017,
      "z" : 11.09017
    }, {
      "x" : 29.034441,
      "y" : 11.09017,
      "z" : 17.944271
    } ],
    "faces" : [ {
      "vertices" : [ 0, 1, 2 ]
    }, {
      "vertices" : [ 0, 2, 1 ]
    } ]
  }, {
    "id" : "3ea18f17-9269-4596-8789-c511aa9b50a5",
    "vertices" : [ {
      "x" : 11.09017,
      "y" : 0.0,
      "z" : -17.944271
    }, {
      "x" : 11.09017,
      "y" : -11.09017,
      "z" : -11.09017
    }, {
      "x" : 11.09017,
      "y" : -17.944271,
      "z" : -29.034441
    } ],
    "faces" : [ {
      "vertices" : [ 0, 1, 2 ]
    }, {
      "vertices" : [ 0, 2, 1 ]
    } ]
  }, {
    "id" : "3a63112a-520f-4692-a2df-9ec0a23c2ce9",
    "vertices" : [ {
      "x" : 17.944271,
      "y" : -11.09017,
      "z" : 0.0
    }, {
      "x" : 17.944271,
      "y" : -17.944271,
      "z" : 17.944271
    }, {
      "x" : 11.09017,
      "y" : 0.0,
      "z" : 17.944271
    } ],
    "faces" : [ {
      "vertices" : [ 0, 1, 2 ]
    }, {
      "vertices" : [ 0, 2, 1 ]
    } ]
  }, {
    "id" : "1f1c00cb-ffb0-49ba-a03a-7ae218a86b72",
    "vertices" : [ {
      "x" : 0.9045085,
      "y" : 0.3454915,
      "z" : 0.25
    }, {
      "x" : 28.320917,
      "y" : 17.289762,
      "z" : 0.25
    }, {
      "x" : 28.129932,
      "y" : 17.59878,
      "z" : 0.25
    }, {
      "x" : 0.7135255,
      "y" : 0.6545085,
      "z" : 0.25
    }, {
      "x" : 0.809017,
      "y" : 0.5,
      "z" : -0.309017
    }, {
      "x" : 0.9635255,
      "y" : 0.25,
      "z" : -0.095491506
    }, {
      "x" : 0.309017,
      "y" : 0.19098301,
      "z" : 0.0
    }, {
      "x" : 28.725426,
      "y" : 17.753288,
      "z" : 0.0
    }, {
      "x" : 28.070917,
      "y" : 17.694271,
      "z" : -0.095491506
    }, {
      "x" : 28.225426,
      "y" : 17.444271,
      "z" : -0.309017
    }, {
      "x" : 29.034441,
      "y" : 17.944271,
      "z" : 0.0
    }, {
      "x" : 0.6545085,
      "y" : 0.75,
      "z" : -0.095491506
    }, {
      "x" : 28.379932,
      "y" : 17.194271,
      "z" : -0.095491506
    } ],
    "faces" : [ {
      "vertices" : [ 4, 11, 8 ]
    }, {
      "vertices" : [ 4, 8, 9 ]
    }, {
      "vertices" : [ 0, 1, 2 ]
    }, {
      "vertices" : [ 0, 2, 3 ]
    }, {
      "vertices" : [ 0, 3, 6 ]
    }, {
      "vertices" : [ 1, 7, 2 ]
    }, {
      "vertices" : [ 0, 6, 5 ]
    }, {
      "vertices" : [ 4, 5, 6 ]
    }, {
      "vertices" : [ 2, 7, 8 ]
    }, {
      "vertices" : [ 0, 5, 12 ]
    }, {
      "vertices" : [ 0, 12, 1 ]
    }, {
      "vertices" : [ 1, 12, 7 ]
    }, {
      "vertices" : [ 3, 11, 6 ]
    }, {
      "vertices" : [ 4, 6, 11 ]
    }, {
      "vertices" : [ 7, 9, 8 ]
    }, {
      "vertices" : [ 2, 8, 11 ]
    }, {
      "vertices" : [ 2, 11, 3 ]
    }, {
      "vertices" : [ 7, 12, 9 ]
    }, {
      "vertices" : [ 4, 9, 12 ]
    }, {
      "vertices" : [ 4, 12, 5 ]
    } ]
  }, {
    "id" : "4553ebeb-3201-4d12-b0a5-6c42cef9ea55",
    "vertices" : [ {
      "x" : -17.944271,
      "y" : 11.09017,
      "z" : 0.0
    }, {
      "x" : -6.854102,
      "y" : 17.944271,
      "z" : 0.0
    }, {
      "x" : -17.944271,
      "y" : 29.034441,
      "z" : -11.09017
    } ],
    "faces" : [ {
      "vertices" : [ 0, 1, 2 ]
    }, {
      "vertices" : [ 0, 2, 1 ]
    } ]
  }, {
    "id" : "bad6cf36-5a1c-4254-ab49-c60d3a6a78d3",
    "vertices" : [ {
      "x" : -17.944271,
      "y" : 11.09017,
      "z" : 0.0
    }, {
      "x" : -6.854102,
      "y" : 17.944271,
      "z" : 0.0
    }, {
      "x" : -17.944271,
      "y" : 29.034441,
      "z" : 11.09017
    } ],
    "faces" : [ {
      "vertices" : [ 0, 1, 2 ]
    }, {
      "vertices" : [ 0, 2, 1 ]
    } ]
  }, {
    "id" : "395ee75a-a0a2-4205-bcac-c7249d014ffd",
    "vertices" : [ {
      "x" : 11.09017,
      "y" : 0.0,
      "z" : 17.944271
    }, {
      "x" : 17.944271,
      "y" : -17.944271,
      "z" : 17.944271
    }, {
      "x" : 0.0,
      "y" : -17.944271,
      "z" : 11.09017
    } ],
    "faces" : [ {
      "vertices" : [ 0, 1, 2 ]
    }, {
      "vertices" : [ 0, 2, 1 ]
    } ]
  }, {
    "id" : "0c94c4f5-de95-4065-8588-ff6ee6ecc903",
    "vertices" : [ {
      "x" : 0.0,
      "y" : -17.944271,
      "z" : -11.09017
    }, {
      "x" : 17.944271,
      "y" : -17.944271,
      "z" : -17.944271
    }, {
      "x" : 11.09017,
      "y" : 0.0,
      "z" : -17.944271
    } ],
    "faces" : [ {
      "vertices" : [ 0, 1, 2 ]
    }, {
      "vertices" : [ 0, 2, 1 ]
    } ]
  }, {
    "id" : "86bf0eb3-bbb4-425b-b50a-ffd4750f8966",
    "vertices" : [ {
      "x" : 0.0,
      "y" : 17.944271,
      "z" : 11.09017
    }, {
      "x" : 11.09017,
      "y" : 11.09017,
      "z" : 11.09017
    }, {
      "x" : 11.09017,
      "y" : 17.944271,
      "z" : 29.034441
    } ],
    "faces" : [ {
      "vertices" : [ 0, 1, 2 ]
    }, {
      "vertices" : [ 0, 2, 1 ]
    } ]
  }, {
    "id" : "ee5f5f60-256e-4a13-a117-200019d5c802",
    "vertices" : [ {
      "x" : -11.09017,
      "y" : 0.0,
      "z" : -17.944271
    }, {
      "x" : -17.944271,
      "y" : -17.944271,
      "z" : -17.944271
    }, {
      "x" : 0.0,
      "y" : -17.944271,
      "z" : -11.09017
    } ],
    "faces" : [ {
      "vertices" : [ 0, 1, 2 ]
    }, {
      "vertices" : [ 0, 2, 1 ]
    } ]
  }, {
    "id" : "37ede7c5-8257-4d63-94f1-b02687d34a59",
    "vertices" : [ {
      "x" : -11.09017,
      "y" : 0.0,
      "z" : -17.944271
    }, {
      "x" : -11.09017,
      "y" : 11.09017,
      "z" : -11.09017
    }, {
      "x" : -11.09017,
      "y" : 17.944271,
      "z" : -29.034441
    } ],
    "faces" : [ {
      "vertices" : [ 0, 1, 2 ]
    }, {
      "vertices" : [ 0, 2, 1 ]
    } ]
  }, {
    "id" : "5f7b4b52-5beb-47cb-85a9-f399cedf7a39",
    "vertices" : [ {
      "x" : 17.944271,
      "y" : -11.09017,
      "z" : 0.0
    }, {
      "x" : 11.09017,
      "y" : -11.09017,
      "z" : 11.09017
    }, {
      "x" : 17.944271,
      "y" : -29.034441,
      "z" : 11.09017
    } ],
    "faces" : [ {
      "vertices" : [ 0, 1, 2 ]
    }, {
      "vertices" : [ 0, 2, 1 ]
    } ]
  }, {
    "id" : "89e033cc-acf4-4ce6-a331-b24c5a1fa8db",
    "vertices" : [ {
      "x" : 0.0,
      "y" : -17.944271,
      "z" : 11.09017
    }, {
      "x" : -17.944271,
      "y" : -17.944271,
      "z" : 17.944271
    }, {
      "x" : -11.09017,
      "y" : 0.0,
      "z" : 17.944271
    } ],
    "faces" : [ {
      "vertices" : [ 0, 1, 2 ]
    }, {
      "vertices" : [ 0, 2, 1 ]
    } ]
  }, {
    "id" : "efd25838-6f1f-4f3b-aa8c-655b83999da8",
    "vertices" : [ {
      "x" : 0.0,
      "y" : 17.944271,
      "z" : -11.09017
    }, {
      "x" : -11.09017,
      "y" : 11.09017,
      "z" : -11.09017
    }, {
      "x" : -11.09017,
      "y" : 17.944271,
      "z" : -29.034441
    } ],
    "faces" : [ {
      "vertices" : [ 0, 1, 2 ]
    }, {
      "vertices" : [ 0, 2, 1 ]
    } ]
  }, {
    "id" : "5bb9000a-8198-4c00-ae53-4f5fc1efe488",
    "vertices" : [ {
      "x" : 17.944271,
      "y" : -11.09017,
      "z" : 0.0
    }, {
      "x" : 11.09017,
      "y" : -11.09017,
      "z" : -11.09017
    }, {
      "x" : 29.034441,
      "y" : -11.09017,
      "z" : -17.944271
    } ],
    "faces" : [ {
      "vertices" : [ 0, 1, 2 ]
    }, {
      "vertices" : [ 0, 2, 1 ]
    } ]
  }, {
    "id" : "653675dc-950d-4c43-aa02-7396d18054ea",
    "vertices" : [ {
      "x" : 0.0,
      "y" : -17.944271,
      "z" : -11.09017
    }, {
      "x" : -11.09017,
      "y" : -11.09017,
      "z" : -11.09017
    }, {
      "x" : -11.09017,
      "y" : -17.944271,
      "z" : -29.034441
    } ],
    "faces" : [ {
      "vertices" : [ 0, 1, 2 ]
    }, {
      "vertices" : [ 0, 2, 1 ]
    } ]
  }, {
    "id" : "3a7122f0-ca02-457e-847d-fe4833710b1c",
    "vertices" : [ {
      "x" : 11.09017,
      "y" : 0.0,
      "z" : 17.944271
    }, {
      "x" : 0.0,
      "y" : -6.854102,
      "z" : 17.944271
    }, {
      "x" : 0.0,
      "y" : 0.0,
      "z" : 35.888542
    } ],
    "faces" : [ {
      "vertices" : [ 0, 1, 2 ]
    }, {
      "vertices" : [ 0, 2, 1 ]
    } ]
  }, {
    "id" : "3ebdbc9e-fa8e-47cd-982d-71826150d21a",
    "vertices" : [ {
      "x" : -17.944271,
      "y" : 11.09017,
      "z" : 0.0
    }, {
      "x" : -17.944271,
      "y" : 0.0,
      "z" : 6.854102
    }, {
      "x" : -29.034441,
      "y" : 11.09017,
      "z" : 17.944271
    } ],
    "faces" : [ {
      "vertices" : [ 0, 1, 2 ]
    }, {
      "vertices" : [ 0, 2, 1 ]
    } ]
  }, {
    "id" : "b64ed31d-46a2-4f34-8d9d-ad01e87d248d",
    "vertices" : [ {
      "x" : 0.0,
      "y" : -17.944271,
      "z" : -11.09017
    }, {
      "x" : 11.09017,
      "y" : -11.09017,
      "z" : -11.09017
    }, {
      "x" : 17.944271,
      "y" : -29.034441,
      "z" : -11.09017
    } ],
    "faces" : [ {
      "vertices" : [ 0, 1, 2 ]
    }, {
      "vertices" : [ 0, 2, 1 ]
    } ]
  }, {
    "id" : "33f6cd5f-fe7d-4b90-832f-56229a27df7c",
    "vertices" : [ {
      "x" : 0.0,
      "y" : -17.944271,
      "z" : -11.09017
    }, {
      "x" : -11.09017,
      "y" : -11.09017,
      "z" : -11.09017
    }, {
      "x" : -17.944271,
      "y" : -29.034441,
      "z" : -11.09017
    } ],
    "faces" : [ {
      "vertices" : [ 0, 1, 2 ]
    }, {
      "vertices" : [ 0, 2, 1 ]
    } ]
  }, {
    "id" : "a12cfff3-abfe-4b5c-a6c5-be440899f1c7",
    "vertices" : [ {
      "x" : 0.0,
      "y" : 29.034441,
      "z" : -17.944271
    }, {
      "x" : 11.09017,
      "y" : 0.0,
      "z" : -17.944271
    }, {
      "x" : 0.0,
      "y" : -29.034441,
      "z" : -17.944271
    }, {
      "x" : -11.09017,
      "y" : 0.0,
      "z" : -17.944271
    } ],
    "faces" : [ {
      "vertices" : [ 0, 1, 2 ]
    }, {
      "vertices" : [ 0, 2, 3 ]
    }, {
      "vertices" : [ 0, 3, 2 ]
    }, {
      "vertices" : [ 0, 2, 1 ]
    } ]
  }, {
    "id" : "df6eb415-9ed0-4221-b639-d40db7e73761",
    "vertices" : [ {
      "x" : -17.944271,
      "y" : 0.0,
      "z" : -29.034441
    }, {
      "x" : 0.0,
      "y" : -17.944271,
      "z" : -11.09017
    }, {
      "x" : 0.0,
      "y" : -29.034441,
      "z" : 17.944271
    }, {
      "x" : -17.944271,
      "y" : -11.09017,
      "z" : 0.0
    } ],
    "faces" : [ {
      "vertices" : [ 0, 1, 2 ]
    }, {
      "vertices" : [ 0, 2, 3 ]
    }, {
      "vertices" : [ 0, 3, 2 ]
    }, {
      "vertices" : [ 0, 2, 1 ]
    } ]
  }, {
    "id" : "08de63c4-2925-4b65-b513-75e98aa75fc4",
    "vertices" : [ {
      "x" : 11.09017,
      "y" : 0.0,
      "z" : -17.944271
    }, {
      "x" : 0.0,
      "y" : 6.854102,
      "z" : -17.944271
    }, {
      "x" : 0.0,
      "y" : 0.0,
      "z" : -35.888542
    } ],
    "faces" : [ {
      "vertices" : [ 0, 1, 2 ]
    }, {
      "vertices" : [ 0, 2, 1 ]
    } ]
  }, {
    "id" : "31223ce9-a75c-434b-b432-fc4e77dd55e6",
    "vertices" : [ {
      "x" : 0.0,
      "y" : 17.944271,
      "z" : -11.09017
    }, {
      "x" : 11.09017,
      "y" : 11.09017,
      "z" : -11.09017
    }, {
      "x" : 11.09017,
      "y" : 17.944271,
      "z" : -29.034441
    } ],
    "faces" : [ {
      "vertices" : [ 0, 1, 2 ]
    }, {
      "vertices" : [ 0, 2, 1 ]
    } ]
  }, {
    "id" : "e6d9b294-d8b1-4537-bde5-ba1a66133f18",
    "vertices" : [ {
      "x" : -17.944271,
      "y" : -11.09017,
      "z" : 0.0
    }, {
      "x" : -6.854102,
      "y" : -17.944271,
      "z" : 0.0
    }, {
      "x" : -17.944271,
      "y" : -29.034441,
      "z" : 11.09017
    } ],
    "faces" : [ {
      "vertices" : [ 0, 1, 2 ]
    }, {
      "vertices" : [ 0, 2, 1 ]
    } ]
  }, {
    "id" : "e2bb1e19-7e3c-4572-8e7b-53633f70a06c",
    "vertices" : [ {
      "x" : 11.09017,
      "y" : 0.0,
      "z" : 17.944271
    }, {
      "x" : 0.0,
      "y" : 6.854102,
      "z" : 17.944271
    }, {
      "x" : 11.09017,
      "y" : 17.944271,
      "z" : 29.034441
    } ],
    "faces" : [ {
      "vertices" : [ 0, 1, 2 ]
    }, {
      "vertices" : [ 0, 2, 1 ]
    } ]
  }, {
    "id" : "3148734a-6fdd-496b-8dd3-8fd9f5dd0b68",
    "vertices" : [ {
      "x" : -29.034441,
      "y" : 17.944271,
      "z" : 0.0
    }, {
      "x" : 0.0,
      "y" : 17.944271,
      "z" : -11.09017
    }, {
      "x" : 17.944271,
      "y" : 0.0,
      "z" : -29.034441
    }, {
      "x" : -11.09017,
      "y" : 0.0,
      "z" : -17.944271
    } ],
    "faces" : [ {
      "vertices" : [ 0, 1, 2 ]
    }, {
      "vertices" : [ 0, 2, 3 ]
    }, {
      "vertices" : [ 0, 3, 2 ]
    }, {
      "vertices" : [ 0, 2, 1 ]
    } ]
  }, {
    "id" : "ae8d508a-b78a-464d-878d-8ed1bf71a7aa",
    "vertices" : [ {
      "x" : -17.944271,
      "y" : 11.09017,
      "z" : 0.0
    }, {
      "x" : -17.944271,
      "y" : 17.944271,
      "z" : 17.944271
    }, {
      "x" : -11.09017,
      "y" : 0.0,
      "z" : 17.944271
    } ],
    "faces" : [ {
      "vertices" : [ 0, 1, 2 ]
    }, {
      "vertices" : [ 0, 2, 1 ]
    } ]
  }, {
    "id" : "c3edeacf-e309-4c0d-a0a8-790fd4d01c79",
    "vertices" : [ {
      "x" : -17.944271,
      "y" : -11.09017,
      "z" : 0.0
    }, {
      "x" : -17.944271,
      "y" : -17.944271,
      "z" : 17.944271
    }, {
      "x" : 0.0,
      "y" : -17.944271,
      "z" : 11.09017
    } ],
    "faces" : [ {
      "vertices" : [ 0, 1, 2 ]
    }, {
      "vertices" : [ 0, 2, 1 ]
    } ]
  }, {
    "id" : "9190eb13-9afe-4732-b596-3c35355b2c11",
    "vertices" : [ {
      "x" : 11.09017,
      "y" : 0.0,
      "z" : 17.944271
    }, {
      "x" : 11.09017,
      "y" : -11.09017,
      "z" : 11.09017
    }, {
      "x" : 11.09017,
      "y" : -17.944271,
      "z" : 29.034441
    } ],
    "faces" : [ {
      "vertices" : [ 0, 1, 2 ]
    }, {
      "vertices" : [ 0, 2, 1 ]
    } ]
  }, {
    "id" : "481620e3-8b40-454a-a1b4-0666dd53853a",
    "vertices" : [ {
      "x" : -11.09017,
      "y" : 0.0,
      "z" : 17.944271
    }, {
      "x" : -17.944271,
      "y" : -17.944271,
      "z" : 17.944271
    }, {
      "x" : -17.944271,
      "y" : -11.09017,
      "z" : 0.0
    } ],
    "faces" : [ {
      "vertices" : [ 0, 1, 2 ]
    }, {
      "vertices" : [ 0, 2, 1 ]
    } ]
  }, {
    "id" : "f15525fd-ad49-4d52-92ff-77bf2714c329",
    "vertices" : [ {
      "x" : 0.0,
      "y" : 17.944271,
      "z" : -11.09017
    }, {
      "x" : -17.944271,
      "y" : 17.944271,
      "z" : -17.944271
    }, {
      "x" : -11.09017,
      "y" : 0.0,
      "z" : -17.944271
    } ],
    "faces" : [ {
      "vertices" : [ 0, 1, 2 ]
    }, {
      "vertices" : [ 0, 2, 1 ]
    } ]
  }, {
    "id" : "57f86263-81de-4e20-8a12-13e1e46af418",
    "vertices" : [ {
      "x" : 0.0,
      "y" : 17.944271,
      "z" : -11.09017
    }, {
      "x" : 11.09017,
      "y" : 29.034441,
      "z" : 0.0
    }, {
      "x" : 0.0,
      "y" : 17.944271,
      "z" : 11.09017
    } ],
    "faces" : [ {
      "vertices" : [ 0, 1, 2 ]
    }, {
      "vertices" : [ 0, 2, 1 ]
    } ]
  }, {
    "id" : "ee8c750b-9021-4852-8912-d55dff4947e7",
    "vertices" : [ {
      "x" : -17.944271,
      "y" : -11.09017,
      "z" : 0.0
    }, {
      "x" : -17.944271,
      "y" : 0.0,
      "z" : -6.854102
    }, {
      "x" : -29.034441,
      "y" : -11.09017,
      "z" : -17.944271
    } ],
    "faces" : [ {
      "vertices" : [ 0, 1, 2 ]
    }, {
      "vertices" : [ 0, 2, 1 ]
    } ]
  }, {
    "id" : "33f6797c-0386-4dec-a058-5e57abdcdba1",
    "vertices" : [ {
      "x" : -11.09017,
      "y" : 0.0,
      "z" : -17.944271
    }, {
      "x" : -29.034441,
      "y" : 0.0,
      "z" : -11.09017
    }, {
      "x" : -17.944271,
      "y" : -11.09017,
      "z" : 0.0
    } ],
    "faces" : [ {
      "vertices" : [ 0, 1, 2 ]
    }, {
      "vertices" : [ 0, 2, 1 ]
    } ]
  }, {
    "id" : "863dc663-7ae7-4c97-99f7-d3423bfe8389",
    "vertices" : [ {
      "x" : 0.0,
      "y" : 17.944271,
      "z" : 11.09017
    }, {
      "x" : 0.0,
      "y" : 6.854102,
      "z" : 17.944271
    }, {
      "x" : 11.09017,
      "y" : 17.944271,
      "z" : 29.034441
    } ],
    "faces" : [ {
      "vertices" : [ 0, 1, 2 ]
    }, {
      "vertices" : [ 0, 2, 1 ]
    } ]
  }, {
    "id" : "e34f391e-3c16-4909-85dc-f2e2944784cf",
    "vertices" : [ {
      "x" : 17.944271,
      "y" : 0.0,
      "z" : -29.034441
    }, {
      "x" : 17.944271,
      "y" : -11.09017,
      "z" : 0.0
    }, {
      "x" : 0.0,
      "y" : -29.034441,
      "z" : 17.944271
    }, {
      "x" : 0.0,
      "y" : -17.944271,
      "z" : -11.09017
    } ],
    "faces" : [ {
      "vertices" : [ 0, 1, 2 ]
    }, {
      "vertices" : [ 0, 2, 3 ]
    }, {
      "vertices" : [ 0, 3, 2 ]
    }, {
      "vertices" : [ 0, 2, 1 ]
    } ]
  }, {
    "id" : "bdb3e083-ed19-4dcb-80dd-ef532a5221ad",
    "vertices" : [ {
      "x" : 17.944271,
      "y" : -11.09017,
      "z" : 0.0
    }, {
      "x" : 6.854102,
      "y" : -17.944271,
      "z" : 0.0
    }, {
      "x" : 17.944271,
      "y" : -29.034441,
      "z" : 11.09017
    } ],
    "faces" : [ {
      "vertices" : [ 0, 1, 2 ]
    }, {
      "vertices" : [ 0, 2, 1 ]
    } ]
  }, {
    "id" : "4687d4a5-29f4-47a1-a80a-7160695e6fda",
    "vertices" : [ {
      "x" : -29.034441,
      "y" : -17.944271,
      "z" : 0.0
    }, {
      "x" : 0.0,
      "y" : -17.944271,
      "z" : -11.09017
    }, {
      "x" : 29.034441,
      "y" : -17.944271,
      "z" : 0.0
    }, {
      "x" : 0.0,
      "y" : -17.944271,
      "z" : 11.09017
    } ],
    "faces" : [ {
      "vertices" : [ 0, 1, 2 ]
    }, {
      "vertices" : [ 0, 2, 3 ]
    }, {
      "vertices" : [ 0, 3, 2 ]
    }, {
      "vertices" : [ 0, 2, 1 ]
    } ]
  }, {
    "id" : "6b1737dc-6497-4e71-aea2-8e440b571442",
    "vertices" : [ {
      "x" : 0.0,
      "y" : -17.944271,
      "z" : -11.09017
    }, {
      "x" : 0.0,
      "y" : -6.854102,
      "z" : -17.944271
    }, {
      "x" : -11.09017,
      "y" : -17.944271,
      "z" : -29.034441
    } ],
    "faces" : [ {
      "vertices" : [ 0, 1, 2 ]
    }, {
      "vertices" : [ 0, 2, 1 ]
    } ]
  }, {
    "id" : "8d383e48-e7d9-4404-a321-0d5948328414",
    "vertices" : [ {
      "x" : -11.09017,
      "y" : 0.0,
      "z" : 17.944271
    }, {
      "x" : -17.944271,
      "y" : 0.0,
      "z" : 6.854102
    }, {
      "x" : -29.034441,
      "y" : 11.09017,
      "z" : 17.944271
    } ],
    "faces" : [ {
      "vertices" : [ 0, 1, 2 ]
    }, {
      "vertices" : [ 0, 2, 1 ]
    } ]
  }, {
    "id" : "344a8aab-a120-4508-b0b5-d7587d98a43f",
    "vertices" : [ {
      "x" : -11.09017,
      "y" : 0.0,
      "z" : -17.944271
    }, {
      "x" : -17.944271,
      "y" : 0.0,
      "z" : -6.854102
    }, {
      "x" : -29.034441,
      "y" : 11.09017,
      "z" : -17.944271
    } ],
    "faces" : [ {
      "vertices" : [ 0, 1, 2 ]
    }, {
      "vertices" : [ 0, 2, 1 ]
    } ]
  }, {
    "id" : "a57655b8-bdb5-4f6a-9934-ab8e1980fec2",
    "vertices" : [ {
      "x" : 17.944271,
      "y" : -11.09017,
      "z" : 0.0
    }, {
      "x" : 11.09017,
      "y" : -11.09017,
      "z" : 11.09017
