{
  "field" : "golden",
  "symmetry" : "icosahedral",
  "orientations" : [ [ 1.0, 0.0, 0.0, 0.0, 0.0, 1.0, 0.0, 0.0, 0.0, 0.0, 1.0, 0.0, 0.0, 0.0, 0.0, 1.0 ], [ 0.0, 0.0, 1.0, 0.0, 1.0, 0.0, 0.0, 0.0, 0.0, 1.0, 0.0, 0.0, 0.0, 0.0, 0.0, 1.0 ], [ 0.0, 1.0, 0.0, 0.0, 0.0, 0.0, 1.0, 0.0, 1.0, 0.0, 0.0, 0.0, 0.0, 0.0, 0.0, 1.0 ], [ 0.809017, 0.309017, 0.5, 0.0, 0.309017, 0.5, -0.809017, 0.0, -0.5, 0.809017, 0.309017, 0.0, 0.0, 0.0, 0.0, 1.0 ], [ -0.5, 0.809017, 0.309017, 0.0, 0.809017, 0.309017, 0.5, 0.0, 0.309017, 0.5, -0.809017, 0.0, 0.0, 0.0, 0.0, 1.0 ], [ 0.309017, 0.5, -0.809017, 0.0, -0.5, 0.809017, 0.309017, 0.0, 0.809017, 0.309017, 0.5, 0.0, 0.0, 0.0, 0.0, 1.0 ], [ 0.5, 0.809017, 0.309017, 0.0, 0.809017, -0.309017, -0.5, 0.0, -0.309017, 0.5, -0.809017, 0.0, 0.0, 0.0, 0.0, 1.0 ], [ -0.309017, 0.5, -0.809017, 0.0, 0.5, 0.809017, 0.309017, 0.0, 0.809017, -0.309017, -0.5, 0.0, 0.0, 0.0, 0.0, 1.0 ], [ 0.809017, -0.309017, -0.5, 0.0, -0.309017, 0.5, -0.809017, 0.0, 0.5, 0.809017, 0.309017, 0.0, 0.0, 0.0, 0.0, 1.0 ], [ 0.5, 0.809017, -0.309017, 0.0, 0.809017, -0.309017, 0.5, 0.0, 0.309017, -0.5, -0.809017, 0.0, 0.0, 0.0, 0.0, 1.0 ], [ 0.309017, -0.5, -0.809017, 0.0, 0.5, 0.809017, -0.309017, 0.0, 0.809017, -0.309017, 0.5, 0.0, 0.0, 0.0, 0.0, 1.0 ], [ 0.809017, -0.309017, 0.5, 0.0, 0.309017, -0.5, -0.809017, 0.0, 0.5, 0.809017, -0.309017, 0.0, 0.0, 0.0, 0.0, 1.0 ], [ 0.809017, 0.309017, -0.5, 0.0, 0.309017, 0.5, 0.809017, 0.0, 0.5, -0.809017, 0.309017, 0.0, 0.0, 0.0, 0.0, 1.0 ], [ 0.5, -0.809017, 0.309017, 0.0, 0.809017, 0.309017, -0.5, 0.0, 0.309017, 0.5, 0.809017, 0.0, 0.0, 0.0, 0.0, 1.0 ], [ 0.309017, 0.5, 0.809017, 0.0, 0.5, -0.809017, 0.309017, 0.0, 0.809017, 0.309017, -0.5, 0.0, 0.0, 0.0, 0.0, 1.0 ], [ 1.0, 0.0, 0.0, 0.0, 0.0, -1.0, 0.0, 0.0, 0.0, 0.0, -1.0, 0.0, 0.0, 0.0, 0.0, 1.0 ], [ 0.0, 0.0, 1.0, 0.0, -1.0, 0.0, 0.0, 0.0, 0.0, -1.0, 0.0, 0.0, 0.0, 0.0, 0.0, 1.0 ], [ 0.0, 1.0, 0.0, 0.0, 0.0, 0.0, -1.0, 0.0, -1.0, 0.0, 0.0, 0.0, 0.0, 0.0, 0.0, 1.0 ], [ 0.809017, 0.309017, 0.5, 0.0, -0.309017, -0.5, 0.809017, 0.0, 0.5, -0.809017, -0.309017, 0.0, 0.0, 0.0, 0.0, 1.0 ], [ -0.5, 0.809017, 0.309017, 0.0, -0.809017, -0.309017, -0.5, 0.0, -0.309017, -0.5, 0.809017, 0.0, 0.0, 0.0, 0.0, 1.0 ], [ 0.309017, 0.5, -0.809017, 0.0, 0.5, -0.809017, -0.309017, 0.0, -0.809017, -0.309017, -0.5, 0.0, 0.0, 0.0, 0.0, 1.0 ], [ 0.5, 0.809017, 0.309017, 0.0, -0.809017, 0.309017, 0.5, 0.0, 0.309017, -0.5, 0.809017, 0.0, 0.0, 0.0, 0.0, 1.0 ], [ -0.309017, 0.5, -0.809017, 0.0, -0.5, -0.809017, -0.309017, 0.0, -0.809017, 0.309017, 0.5, 0.0, 0.0, 0.0, 0.0, 1.0 ], [ 0.809017, -0.309017, -0.5, 0.0, 0.309017, -0.5, 0.809017, 0.0, -0.5, -0.809017, -0.309017, 0.0, 0.0, 0.0, 0.0, 1.0 ], [ 0.5, 0.809017, -0.309017, 0.0, -0.809017, 0.309017, -0.5, 0.0, -0.309017, 0.5, 0.809017, 0.0, 0.0, 0.0, 0.0, 1.0 ], [ 0.309017, -0.5, -0.809017, 0.0, -0.5, -0.809017, 0.309017, 0.0, -0.809017, 0.309017, -0.5, 0.0, 0.0, 0.0, 0.0, 1.0 ], [ 0.809017, -0.309017, 0.5, 0.0, -0.309017, 0.5, 0.809017, 0.0, -0.5, -0.809017, 0.309017, 0.0, 0.0, 0.0, 0.0, 1.0 ], [ 0.809017, 0.309017, -0.5, 0.0, -0.309017, -0.5, -0.809017, 0.0, -0.5, 0.809017, -0.309017, 0.0, 0.0, 0.0, 0.0, 1.0 ], [ 0.5, -0.809017, 0.309017, 0.0, -0.809017, -0.309017, 0.5, 0.0, -0.309017, -0.5, -0.809017, 0.0, 0.0, 0.0, 0.0, 1.0 ], [ 0.309017, 0.5, 0.809017, 0.0, -0.5, 0.809017, -0.309017, 0.0, -0.809017, -0.309017, 0.5, 0.0, 0.0, 0.0, 0.0, 1.0 ], [ -1.0, 0.0, 0.0, 0.0, 0.0, -1.0, 0.0, 0.0, 0.0, 0.0, 1.0, 0.0, 0.0, 0.0, 0.0, 1.0 ], [ 0.0, 0.0, -1.0, 0.0, -1.0, 0.0, 0.0, 0.0, 0.0, 1.0, 0.0, 0.0, 0.0, 0.0, 0.0, 1.0 ], [ 0.0, -1.0, 0.0, 0.0, 0.0, 0.0, -1.0, 0.0, 1.0, 0.0, 0.0, 0.0, 0.0, 0.0, 0.0, 1.0 ], [ -0.809017, -0.309017, -0.5, 0.0, -0.309017, -0.5, 0.809017, 0.0, -0.5, 0.809017, 0.309017, 0.0, 0.0, 0.0, 0.0, 1.0 ], [ 0.5, -0.809017, -0.309017, 0.0, -0.809017, -0.309017, -0.5, 0.0, 0.309017, 0.5, -0.809017, 0.0, 0.0, 0.0, 0.0, 1.0 ], [ -0.309017, -0.5, 0.809017, 0.0, 0.5, -0.809017, -0.309017, 0.0, 0.809017, 0.309017, 0.5, 0.0, 0.0, 0.0, 0.0, 1.0 ], [ -0.5, -0.809017, -0.309017, 0.0, -0.809017, 0.309017, 0.5, 0.0, -0.309017, 0.5, -0.809017, 0.0, 0.0, 0.0, 0.0, 1.0 ], [ 0.309017, -0.5, 0.809017, 0.0, -0.5, -0.809017, -0.309017, 0.0, 0.809017, -0.309017, -0.5, 0.0, 0.0, 0.0, 0.0, 1.0 ], [ -0.809017, 0.309017, 0.5, 0.0, 0.309017, -0.5, 0.809017, 0.0, 0.5, 0.809017, 0.309017, 0.0, 0.0, 0.0, 0.0, 1.0 ], [ -0.5, -0.809017, 0.309017, 0.0, -0.809017, 0.309017, -0.5, 0.0, 0.309017, -0.5, -0.809017, 0.0, 0.0, 0.0, 0.0, 1.0 ], [ -0.309017, 0.5, 0.809017, 0.0, -0.5, -0.809017, 0.309017, 0.0, 0.809017, -0.309017, 0.5, 0.0, 0.0, 0.0, 0.0, 1.0 ], [ -0.809017, 0.309017, -0.5, 0.0, -0.309017, 0.5, 0.809017, 0.0, 0.5, 0.809017, -0.309017, 0.0, 0.0, 0.0, 0.0, 1.0 ], [ -0.809017, -0.309017, 0.5, 0.0, -0.309017, -0.5, -0.809017, 0.0, 0.5, -0.809017, 0.309017, 0.0, 0.0, 0.0, 0.0, 1.0 ], [ -0.5, 0.809017, -0.309017, 0.0, -0.809017, -0.309017, 0.5, 0.0, 0.309017, 0.5, 0.809017, 0.0, 0.0, 0.0, 0.0, 1.0 ], [ -0.309017, -0.5, -0.809017, 0.0, -0.5, 0.809017, -0.309017, 0.0, 0.809017, 0.309017, -0.5, 0.0, 0.0, 0.0, 0.0, 1.0 ], [ -1.0, 0.0, 0.0, 0.0, 0.0, 1.0, 0.0, 0.0, 0.0, 0.0, -1.0, 0.0, 0.0, 0.0, 0.0, 1.0 ], [ 0.0, 0.0, -1.0, 0.0, 1.0, 0.0, 0.0, 0.0, 0.0, -1.0, 0.0, 0.0, 0.0, 0.0, 0.0, 1.0 ], [ 0.0, -1.0, 0.0, 0.0, 0.0, 0.0, 1.0, 0.0, -1.0, 0.0, 0.0, 0.0, 0.0, 0.0, 0.0, 1.0 ], [ -0.809017, -0.309017, -0.5, 0.0, 0.309017, 0.5, -0.809017, 0.0, 0.5, -0.809017, -0.309017, 0.0, 0.0, 0.0, 0.0, 1.0 ], [ 0.5, -0.809017, -0.309017, 0.0, 0.809017, 0.309017, 0.5, 0.0, -0.309017, -0.5, 0.809017, 0.0, 0.0, 0.0, 0.0, 1.0 ], [ -0.309017, -0.5, 0.809017, 0.0, -0.5, 0.809017, 0.309017, 0.0, -0.809017, -0.309017, -0.5, 0.0, 0.0, 0.0, 0.0, 1.0 ], [ -0.5, -0.809017, -0.309017, 0.0, 0.809017, -0.309017, -0.5, 0.0, 0.309017, -0.5, 0.809017, 0.0, 0.0, 0.0, 0.0, 1.0 ], [ 0.309017, -0.5, 0.809017, 0.0, 0.5, 0.809017, 0.309017, 0.0, -0.809017, 0.309017, 0.5, 0.0, 0.0, 0.0, 0.0, 1.0 ], [ -0.809017, 0.309017, 0.5, 0.0, -0.309017, 0.5, -0.809017, 0.0, -0.5, -0.809017, -0.309017, 0.0, 0.0, 0.0, 0.0, 1.0 ], [ -0.5, -0.809017, 0.309017, 0.0, 0.809017, -0.309017, 0.5, 0.0, -0.309017, 0.5, 0.809017, 0.0, 0.0, 0.0, 0.0, 1.0 ], [ -0.309017, 0.5, 0.809017, 0.0, 0.5, 0.809017, -0.309017, 0.0, -0.809017, 0.309017, -0.5, 0.0, 0.0, 0.0, 0.0, 1.0 ], [ -0.809017, 0.309017, -0.5, 0.0, 0.309017, -0.5, -0.809017, 0.0, -0.5, -0.809017, 0.309017, 0.0, 0.0, 0.0, 0.0, 1.0 ], [ -0.809017, -0.309017, 0.5, 0.0, 0.309017, 0.5, 0.809017, 0.0, -0.5, 0.809017, -0.309017, 0.0, 0.0, 0.0, 0.0, 1.0 ], [ -0.5, 0.809017, -0.309017, 0.0, 0.809017, 0.309017, -0.5, 0.0, -0.309017, -0.5, -0.809017, 0.0, 0.0, 0.0, 0.0, 1.0 ], [ -0.309017, -0.5, -0.809017, 0.0, 0.5, -0.809017, 0.309017, 0.0, -0.809017, -0.309017, 0.5, 0.0, 0.0, 0.0, 0.0, 1.0 ] ],
  "lights" : {
    "backgroundColor" : "#AFC8DC",
    "ambientColor" : "#292929",
    "directionalLights" : [ {
      "direction" : {
        "x" : 1.0,
        "y" : -1.0,
        "z" : -1.0
      },
      "color" : "#EBEBE4"
    }, {
      "direction" : {
        "x" : -1.0,
        "y" : 0.0,
        "z" : 0.0
      },
      "color" : "#E4E4EB"
    }, {
      "direction" : {
        "x" : 0.0,
        "y" : 0.0,
        "z" : -1.0
      },
      "color" : "#1E1E1E"
    } ]
  },
  "camera" : {
    "width" : 90.95556,
    "stereo" : false,
    "viewDistance" : 202.12361,
    "nearClipDistance" : 0.50530916,
    "farClipDistance" : 404.2465,
    "lookAtPoint" : {
      "x" : 0.0,
      "y" : 0.0,
      "z" : 0.0
    },
    "fieldOfView" : 0.44262856,
    "perspective" : false,
    "lookDirection" : {
      "x" : 0.7226495,
      "y" : -0.5763407,
      "z" : 0.38155654
    },
    "upDirection" : {
      "x" : -0.48927948,
      "y" : -0.8164375,
      "z" : -0.30650395
    },
    "position" : {
      "x" : -146.06453,
      "y" : 116.49206,
      "z" : -77.12159
    }
  },
  "embedding" : [ 1.0, 0.0, 0.0, 0.0, 0.0, 1.0, 0.0, 0.0, 0.0, 0.0, 1.0, 0.0, 0.0, 0.0, 0.0, 1.0 ],
  "shapes" : [ {
    "id" : "6b919c39-73c8-498d-8d7a-30cc3e5e5243",
    "vertices" : [ {
      "x" : 3.545085,
      "y" : 8.208204,
      "z" : -15.753289
    }, {
      "x" : 4.017221,
      "y" : 8.972136,
      "z" : -16.989357
    }, {
      "x" : 3.545085,
      "y" : 8.972136,
      "z" : -17.753288
    }, {
      "x" : 2.927051,
      "y" : 7.972136,
      "z" : -16.135256
    } ],
    "faces" : [ {
      "vertices" : [ 0, 1, 2 ]
    }, {
      "vertices" : [ 0, 2, 3 ]
    }, {
      "vertices" : [ 0, 3, 2 ]
    }, {
      "vertices" : [ 0, 2, 1 ]
    } ]
  }, {
    "id" : "d069fd82-1689-4d18-978e-0546e6418d06",
    "vertices" : [ {
      "x" : 2.927051,
      "y" : -9.972136,
      "z" : -5.045085
    }, {
      "x" : 3.545085,
      "y" : -9.736068,
      "z" : -4.663119
    }, {
      "x" : 4.017221,
      "y" : -10.5,
      "z" : -4.954915
    }, {
      "x" : 3.545085,
      "y" : -10.972136,
      "z" : -5.427051
    } ],
    "faces" : [ {
      "vertices" : [ 0, 1, 2 ]
    }, {
      "vertices" : [ 0, 2, 3 ]
    }, {
      "vertices" : [ 0, 3, 2 ]
    }, {
      "vertices" : [ 0, 2, 1 ]
    } ]
  }, {
    "id" : "5ac0c4af-fb2e-4deb-86d6-b614cc78e9bd",
    "vertices" : [ {
      "x" : 4.927051,
      "y" : -4.881966,
      "z" : -4.954915
    }, {
      "x" : 2.309017,
      "y" : -5.881966,
      "z" : -6.572949
    }, {
      "x" : -5.635255,
      "y" : 6.972136,
      "z" : -1.663119
    }, {
      "x" : -3.017221,
      "y" : 7.972136,
      "z" : -0.045084972
    } ],
    "faces" : [ {
      "vertices" : [ 0, 1, 2 ]
    }, {
      "vertices" : [ 0, 2, 3 ]
    }, {
      "vertices" : [ 0, 3, 2 ]
    }, {
      "vertices" : [ 0, 2, 1 ]
    } ]
  }, {
    "id" : "13086399-0b0f-46bb-8f78-77aef3a9c684",
    "vertices" : [ {
      "x" : 2.927051,
      "y" : 9.972136,
      "z" : -16.135256
    }, {
      "x" : 5.545085,
      "y" : 8.972136,
      "z" : -14.5172205
    }, {
      "x" : -5.545085,
      "y" : 8.972136,
      "z" : 3.427051
    }, {
      "x" : -8.163119,
      "y" : 9.972136,
      "z" : 1.809017
    } ],
    "faces" : [ {
      "vertices" : [ 0, 1, 2 ]
    }, {
      "vertices" : [ 0, 2, 3 ]
    }, {
      "vertices" : [ 0, 3, 2 ]
    }, {
      "vertices" : [ 0, 2, 1 ]
    } ]
  }, {
    "id" : "df6065fd-46d0-46a4-9e07-890afd52cded",
    "vertices" : [ {
      "x" : -8.0172205,
      "y" : 26.916409,
      "z" : 14.5172205
    }, {
      "x" : -8.0172205,
      "y" : 28.444271,
      "z" : 14.5172205
    }, {
      "x" : -8.0172205,
      "y" : 8.972136,
      "z" : 2.482779
    }, {
      "x" : -8.0172205,
      "y" : 8.972136,
      "z" : 3.427051
    } ],
    "faces" : [ {
      "vertices" : [ 0, 1, 2 ]
    }, {
      "vertices" : [ 0, 2, 3 ]
    }, {
      "vertices" : [ 0, 3, 2 ]
    }, {
      "vertices" : [ 0, 2, 1 ]
    } ]
  }, {
    "id" : "58233a41-847d-4e0c-b914-0380af5de7bf",
    "vertices" : [ {
      "x" : -8.781153,
      "y" : 25.68034,
      "z" : 14.5172205
    }, {
      "x" : -8.781153,
      "y" : 26.916409,
      "z" : 14.5172205
    }, {
      "x" : -8.781153,
      "y" : 8.972136,
      "z" : 3.427051
    }, {
      "x" : -8.781153,
      "y" : 8.972136,
      "z" : 4.190983
    } ],
    "faces" : [ {
      "vertices" : [ 0, 1, 2 ]
    }, {
      "vertices" : [ 0, 2, 3 ]
    }, {
      "vertices" : [ 0, 3, 2 ]
    }, {
      "vertices" : [ 0, 2, 1 ]
    } ]
  }, {
    "id" : "19d59ca3-55fd-45fa-baeb-d8f4ebeb1c12",
    "vertices" : [ {
      "x" : 2.927051,
      "y" : 7.972136,
      "z" : -16.135256
    }, {
      "x" : 3.545085,
      "y" : 8.972136,
      "z" : -17.753288
    }, {
      "x" : 3.545085,
      "y" : -10.972136,
      "z" : -5.427051
    }, {
      "x" : 2.927051,
      "y" : -9.972136,
      "z" : -5.045085
    } ],
    "faces" : [ {
      "vertices" : [ 0, 1, 2 ]
    }, {
      "vertices" : [ 0, 2, 3 ]
    }, {
      "vertices" : [ 0, 3, 2 ]
    }, {
      "vertices" : [ 0, 2, 1 ]
    } ]
  }, {
    "id" : "b921c721-eb1b-4cbd-add9-0c519773eea2",
    "vertices" : [ {
      "x" : 5.545085,
      "y" : 26.916409,
      "z" : -3.427051
    }, {
      "x" : 5.163119,
      "y" : 26.298374,
      "z" : -3.190983
    }, {
      "x" : 5.163119,
      "y" : 9.59017,
      "z" : -13.5172205
    }, {
      "x" : 5.545085,
      "y" : 8.972136,
      "z" : -14.5172205
    } ],
    "faces" : [ {
      "vertices" : [ 0, 1, 2 ]
    }, {
      "vertices" : [ 0, 2, 3 ]
    }, {
      "vertices" : [ 0, 3, 2 ]
    }, {
      "vertices" : [ 0, 2, 1 ]
    } ]
  }, {
    "id" : "c297e97d-a2e5-4b37-bc9b-28eeaa7cf0a8",
    "vertices" : [ {
      "x" : 23.489357,
      "y" : 20.062305,
      "z" : -14.5172205
    }, {
      "x" : 23.489357,
      "y" : 19.298374,
      "z" : -14.5172205
    }, {
      "x" : 6.7811527,
      "y" : 8.972136,
      "z" : -14.5172205
    }, {
      "x" : 5.545085,
      "y" : 8.972136,
      "z" : -14.5172205
    } ],
    "faces" : [ {
      "vertices" : [ 0, 1, 2 ]
    }, {
      "vertices" : [ 0, 2, 3 ]
    }, {
      "vertices" : [ 0, 3, 2 ]
    }, {
      "vertices" : [ 0, 2, 1 ]
    } ]
  }, {
    "id" : "216b6639-0ecc-4440-97a8-9aa90453703d",
    "vertices" : [ {
      "x" : -7.7811527,
      "y" : 7.354102,
      "z" : 1.572949
    }, {
      "x" : -5.163119,
      "y" : 8.354102,
      "z" : 3.190983
    }, {
      "x" : 5.163119,
      "y" : 8.354102,
      "z" : -13.5172205
    }, {
      "x" : 2.545085,
      "y" : 7.354102,
      "z" : -15.135255
    } ],
    "faces" : [ {
      "vertices" : [ 0, 1, 2 ]
    }, {
      "vertices" : [ 0, 2, 3 ]
    }, {
      "vertices" : [ 0, 3, 2 ]
    }, {
      "vertices" : [ 0, 2, 1 ]
    } ]
  }, {
    "id" : "5c7bb984-5482-457c-95ac-887011436839",
    "vertices" : [ {
      "x" : 2.781153,
      "y" : -8.354102,
      "z" : 0.66311896
    }, {
      "x" : 3.017221,
      "y" : -7.972136,
      "z" : 0.045084972
    }, {
      "x" : -4.927051,
      "y" : 4.881966,
      "z" : 4.954915
    }, {
      "x" : -5.163119,
      "y" : 4.5,
      "z" : 5.572949
    } ],
    "faces" : [ {
      "vertices" : [ 0, 1, 2 ]
    }, {
      "vertices" : [ 0, 2, 3 ]
    }, {
      "vertices" : [ 0, 3, 2 ]
    }, {
      "vertices" : [ 0, 2, 1 ]
    } ]
  }, {
    "id" : "e8b8bf25-4f8a-4a53-93e0-f3705ff3d8bd",
    "vertices" : [ {
      "x" : -7.545085,
      "y" : 27.68034,
      "z" : 13.281153
    }, {
      "x" : -8.0172205,
      "y" : 28.444271,
      "z" : 14.5172205
    }, {
      "x" : -8.0172205,
      "y" : 8.972136,
      "z" : 2.482779
    }, {
      "x" : -7.545085,
      "y" : 9.736068,
      "z" : 2.190983
    } ],
    "faces" : [ {
      "vertices" : [ 0, 1, 2 ]
    }, {
      "vertices" : [ 0, 2, 3 ]
    }, {
      "vertices" : [ 0, 3, 2 ]
    }, {
      "vertices" : [ 0, 2, 1 ]
    } ]
  }, {
    "id" : "3177a7fc-7893-4482-9095-93ebb08522e8",
    "vertices" : [ {
      "x" : 2.927051,
      "y" : 9.972136,
      "z" : -16.135256
    }, {
      "x" : 3.545085,
      "y" : 8.972136,
      "z" : -17.753288
    }, {
      "x" : -8.781153,
      "y" : 8.972136,
      "z" : 2.190983
    }, {
      "x" : -8.163119,
      "y" : 9.972136,
      "z" : 1.809017
    } ],
    "faces" : [ {
      "vertices" : [ 0, 1, 2 ]
    }, {
      "vertices" : [ 0, 2, 3 ]
    }, {
      "vertices" : [ 0, 3, 2 ]
    }, {
      "vertices" : [ 0, 2, 1 ]
    } ]
  }, {
    "id" : "f7ca18ac-a1cd-4e1f-8497-079ffd1fc993",
    "vertices" : [ {
      "x" : 5.545085,
      "y" : -8.972136,
      "z" : -3.427051
    }, {
      "x" : 6.163119,
      "y" : -8.736068,
      "z" : -3.809017
    }, {
      "x" : 22.871323,
      "y" : -19.062305,
      "z" : -3.809017
    }, {
      "x" : 23.489357,
      "y" : -20.062305,
      "z" : -3.427051
    } ],
    "faces" : [ {
      "vertices" : [ 0, 1, 2 ]
    }, {
      "vertices" : [ 0, 2, 3 ]
    }, {
      "vertices" : [ 0, 3, 2 ]
    }, {
      "vertices" : [ 0, 2, 1 ]
    } ]
  }, {
    "id" : "446671a9-ec1f-4d6c-99fc-ec12aeb81f27",
    "vertices" : [ {
      "x" : 3.545085,
      "y" : 8.972136,
      "z" : -17.753288
    }, {
      "x" : 5.545085,
      "y" : 8.972136,
      "z" : -17.753288
    }, {
      "x" : 5.545085,
      "y" : 8.972136,
      "z" : -16.989357
    }, {
      "x" : 4.017221,
      "y" : 8.972136,
      "z" : -16.989357
    } ],
    "faces" : [ {
      "vertices" : [ 0, 1, 2 ]
    }, {
      "vertices" : [ 0, 2, 3 ]
    }, {
      "vertices" : [ 0, 3, 2 ]
    }, {
      "vertices" : [ 0, 2, 1 ]
    } ]
  }, {
    "id" : "c2ee4fc8-142f-4785-8d5f-4ba8ec851366",
    "vertices" : [ {
      "x" : 8.781153,
      "y" : 11.59017,
      "z" : -14.135255
    }, {
      "x" : 6.163119,
      "y" : 12.59017,
      "z" : -12.5172205
    }, {
      "x" : 6.163119,
      "y" : 13.354102,
      "z" : -12.045085
    }, {
      "x" : 9.545085,
      "y" : 12.062305,
      "z" : -14.135255
    } ],
    "faces" : [ {
      "vertices" : [ 0, 1, 2 ]
    }, {
      "vertices" : [ 0, 2, 3 ]
    }, {
      "vertices" : [ 0, 3, 2 ]
    }, {
      "vertices" : [ 0, 2, 1 ]
    } ]
  }, {
    "id" : "40deaf56-9089-4d87-b2bd-8848209b0aa3",
    "vertices" : [ {
      "x" : -5.163119,
      "y" : -0.618034,
      "z" : 8.736068
    }, {
      "x" : -0.38196602,
      "y" : -8.354102,
      "z" : 5.7811527
    }, {
      "x" : 0.090169944,
      "y" : -8.354102,
      "z" : 5.017221
    }, {
      "x" : -5.163119,
      "y" : 0.14589803,
      "z" : 8.263932
    } ],
    "faces" : [ {
      "vertices" : [ 0, 1, 2 ]
    }, {
      "vertices" : [ 0, 2, 3 ]
    }, {
      "vertices" : [ 0, 3, 2 ]
    }, {
      "vertices" : [ 0, 2, 1 ]
    } ]
  }, {
    "id" : "19c6993f-5edb-4300-9a02-ead6ea6e6dad",
    "vertices" : [ {
      "x" : 9.399187,
      "y" : 7.354102,
      "z" : -17.753288
    }, {
      "x" : 9.399187,
      "y" : 10.59017,
      "z" : -17.753288
    }, {
      "x" : 10.163119,
      "y" : 11.062305,
      "z" : -17.753288
    }, {
      "x" : 10.163119,
      "y" : 6.881966,
      "z" : -17.753288
    } ],
    "faces" : [ {
      "vertices" : [ 0, 1, 2 ]
    }, {
      "vertices" : [ 0, 2, 3 ]
    }, {
      "vertices" : [ 0, 3, 2 ]
    }, {
      "vertices" : [ 0, 2, 1 ]
    } ]
  }, {
    "id" : "93291dfb-e9ba-4263-9bc4-db0ef1697d03",
    "vertices" : [ {
      "x" : 5.163119,
      "y" : -7.736068,
      "z" : -8.045085
    }, {
      "x" : 7.7811527,
      "y" : -11.972136,
      "z" : -6.427051
    }, {
      "x" : 8.781153,
      "y" : -10.354102,
      "z" : -3.809017
    }, {
      "x" : 6.163119,
      "y" : -6.118034,
      "z" : -5.427051
    } ],
    "faces" : [ {
      "vertices" : [ 0, 1, 2 ]
    }, {
      "vertices" : [ 0, 2, 3 ]
    }, {
      "vertices" : [ 0, 3, 2 ]
    }, {
      "vertices" : [ 0, 2, 1 ]
    } ]
  }, {
    "id" : "271f6cee-f47b-4828-86f3-e0bf60a85402",
    "vertices" : [ {
      "x" : 2.927051,
      "y" : 7.972136,
      "z" : -16.135256
    }, {
      "x" : 5.545085,
      "y" : 8.972136,
      "z" : -14.5172205
    }, {
      "x" : -5.545085,
      "y" : 8.972136,
      "z" : 3.427051
    }, {
      "x" : -8.163119,
      "y" : 7.972136,
      "z" : 1.809017
    } ],
    "faces" : [ {
      "vertices" : [ 0, 1, 2 ]
    }, {
      "vertices" : [ 0, 2, 3 ]
    }, {
      "vertices" : [ 0, 3, 2 ]
    }, {
      "vertices" : [ 0, 2, 1 ]
    } ]
  }, {
    "id" : "5b6b8bcf-28e9-41df-9bbe-65d9e17bdea1",
    "vertices" : [ {
      "x" : 21.871323,
      "y" : -20.68034,
      "z" : -6.427051
    }, {
      "x" : 22.489357,
      "y" : -21.68034,
      "z" : -6.045085
    }, {
      "x" : 4.545085,
      "y" : -10.59017,
      "z" : -6.045085
    }, {
      "x" : 5.163119,
      "y" : -10.354102,
      "z" : -6.427051
    } ],
    "faces" : [ {
      "vertices" : [ 0, 1, 2 ]
    }, {
      "vertices" : [ 0, 2, 3 ]
    }, {
      "vertices" : [ 0, 3, 2 ]
    }, {
      "vertices" : [ 0, 2, 1 ]
    } ]
  }, {
    "id" : "4f579082-4455-46e9-a9ce-ce9545b69124",
    "vertices" : [ {
      "x" : 2.927051,
      "y" : 9.972136,
      "z" : -16.135256
    }, {
      "x" : 2.545085,
      "y" : 10.59017,
      "z" : -15.135255
    }, {
      "x" : 5.163119,
      "y" : 9.59017,
      "z" : -13.5172205
    }, {
      "x" : 5.545085,
      "y" : 8.972136,
      "z" : -14.5172205
    } ],
    "faces" : [ {
      "vertices" : [ 0, 1, 2 ]
    }, {
      "vertices" : [ 0, 2, 3 ]
    }, {
      "vertices" : [ 0, 3, 2 ]
    }, {
      "vertices" : [ 0, 2, 1 ]
    } ]
  }, {
    "id" : "fdf4b56f-8279-4b47-a179-24a938282113",
    "vertices" : [ {
      "x" : 4.545085,
      "y" : 10.59017,
      "z" : -17.135256
    }, {
      "x" : 3.545085,
      "y" : 8.972136,
      "z" : -17.753288
    }, {
      "x" : 23.489357,
      "y" : 21.298374,
      "z" : -17.753288
    }, {
      "x" : 22.489357,
      "y" : 21.68034,
      "z" : -17.135256
    } ],
    "faces" : [ {
      "vertices" : [ 0, 1, 2 ]
    }, {
      "vertices" : [ 0, 2, 3 ]
    }, {
      "vertices" : [ 0, 3, 2 ]
    }, {
      "vertices" : [ 0, 2, 1 ]
    } ]
  }, {
    "id" : "14da4277-bcee-4507-bc75-b0ef8969043f",
    "vertices" : [ {
      "x" : 4.545085,
      "y" : 7.354102,
      "z" : -17.135256
    }, {
      "x" : 3.545085,
      "y" : 8.972136,
      "z" : -17.753288
    }, {
      "x" : 3.545085,
      "y" : -10.972136,
      "z" : -5.427051
    }, {
      "x" : 4.545085,
      "y" : -10.59017,
      "z" : -6.045085
    } ],
    "faces" : [ {
      "vertices" : [ 0, 1, 2 ]
    }, {
      "vertices" : [ 0, 2, 3 ]
    }, {
      "vertices" : [ 0, 3, 2 ]
    }, {
      "vertices" : [ 0, 2, 1 ]
    } ]
  }, {
    "id" : "b790f2f4-c8c7-45db-8d4f-10051b4a0096",
    "vertices" : [ {
      "x" : 5.163119,
      "y" : -10.354102,
      "z" : -6.427051
    }, {
      "x" : 6.163119,
      "y" : -8.736068,
      "z" : -3.809017
    }, {
      "x" : 6.163119,
      "y" : 7.972136,
      "z" : -14.135255
    }, {
      "x" : 5.163119,
      "y" : 6.354102,
      "z" : -16.753288
    } ],
    "faces" : [ {
      "vertices" : [ 0, 1, 2 ]
    }, {
      "vertices" : [ 0, 2, 3 ]
    }, {
      "vertices" : [ 0, 3, 2 ]
    }, {
      "vertices" : [ 0, 2, 1 ]
    } ]
  }, {
    "id" : "277f4438-2f44-45a6-882d-ace901bb4625",
    "vertices" : [ {
      "x" : -7.7811527,
      "y" : 10.59017,
      "z" : 1.572949
    }, {
      "x" : -5.163119,
      "y" : 9.59017,
      "z" : 3.190983
    }, {
      "x" : -5.163119,
      "y" : 26.298374,
      "z" : 13.5172205
    }, {
      "x" : -7.7811527,
      "y" : 27.298374,
      "z" : 11.899187
    } ],
    "faces" : [ {
      "vertices" : [ 0, 1, 2 ]
    }, {
      "vertices" : [ 0, 2, 3 ]
    }, {
      "vertices" : [ 0, 3, 2 ]
    }, {
      "vertices" : [ 0, 2, 1 ]
    } ]
  }, {
    "id" : "a7e48a44-e83b-4436-817c-b9e796bd9d08",
    "vertices" : [ {
      "x" : -5.545085,
      "y" : 12.826238,
      "z" : 6.572949
    }, {
      "x" : -5.545085,
      "y" : 11.59017,
      "z" : 5.809017
    }, {
      "x" : -5.545085,
      "y" : 6.354102,
      "z" : 5.809017
    }, {
      "x" : -5.545085,
      "y" : 5.118034,
      "z" : 6.572949
    } ],
    "faces" : [ {
      "vertices" : [ 0, 1, 2 ]
    }, {
      "vertices" : [ 0, 2, 3 ]
    }, {
      "vertices" : [ 0, 3, 2 ]
    }, {
      "vertices" : [ 0, 2, 1 ]
    } ]
  }, {
    "id" : "176ff0a0-2f83-4cef-919a-c48314bce1da",
    "vertices" : [ {
      "x" : 4.545085,
      "y" : 28.534441,
      "z" : -6.045085
    }, {
      "x" : 4.7811527,
      "y" : 28.152475,
      "z" : -5.427051
    }, {
      "x" : 4.017221,
      "y" : 28.444271,
      "z" : -4.954915
    }, {
      "x" : 3.545085,
      "y" : 28.916409,
      "z" : -5.427051
    } ],
    "faces" : [ {
      "vertices" : [ 0, 1, 2 ]
    }, {
      "vertices" : [ 0, 2, 3 ]
    }, {
      "vertices" : [ 0, 3, 2 ]
    }, {
      "vertices" : [ 0, 2, 1 ]
    } ]
  }, {
    "id" : "c4ebbaa7-bdb0-4472-bc40-fdd9b25b4701",
    "vertices" : [ {
      "x" : -8.163119,
      "y" : 7.972136,
      "z" : 1.809017
    }, {
      "x" : -7.545085,
      "y" : 8.208204,
      "z" : 2.190983
    }, {
      "x" : -8.0172205,
      "y" : 8.972136,
      "z" : 2.482779
    }, {
      "x" : -8.781153,
      "y" : 8.972136,
      "z" : 2.190983
    } ],
    "faces" : [ {
      "vertices" : [ 0, 1, 2 ]
    }, {
      "vertices" : [ 0, 2, 3 ]
    }, {
      "vertices" : [ 0, 3, 2 ]
    }, {
      "vertices" : [ 0, 2, 1 ]
    } ]
  }, {
    "id" : "cc078ea1-1ab8-4a42-851d-d98ed594edf3",
    "vertices" : [ {
      "x" : 2.545085,
      "y" : -9.354102,
      "z" : -4.809017
    }, {
      "x" : 5.163119,
      "y" : -8.354102,
      "z" : -3.190983
    }, {
      "x" : -5.163119,
      "y" : -8.354102,
      "z" : 13.5172205
    }, {
      "x" : -7.7811527,
      "y" : -9.354102,
      "z" : 11.899187
    } ],
    "faces" : [ {
      "vertices" : [ 0, 1, 2 ]
    }, {
      "vertices" : [ 0, 2, 3 ]
    }, {
      "vertices" : [ 0, 3, 2 ]
    }, {
      "vertices" : [ 0, 2, 1 ]
    } ]
  }, {
    "id" : "241ce8f7-1998-4605-88b9-49d30fb00aaf",
    "vertices" : [ {
      "x" : -7.7811527,
      "y" : -6.736068,
      "z" : 10.281153
    }, {
      "x" : -6.163119,
      "y" : -9.354102,
      "z" : 9.281153
    }, {
      "x" : -5.690983,
      "y" : -9.354102,
      "z" : 8.5172205
    }, {
      "x" : -7.7811527,
      "y" : -5.972136,
      "z" : 9.809017
    } ],
    "faces" : [ {
      "vertices" : [ 0, 1, 2 ]
    }, {
      "vertices" : [ 0, 2, 3 ]
    }, {
      "vertices" : [ 0, 3, 2 ]
    }, {
      "vertices" : [ 0, 2, 1 ]
    } ]
  }, {
    "id" : "5e6ffa8f-eb84-400b-9245-2c26081594dd",
    "vertices" : [ {
      "x" : 8.781153,
      "y" : 6.354102,
      "z" : -14.135255
    }, {
      "x" : 7.7811527,
      "y" : 4.736068,
      "z" : -16.753288
    }, {
      "x" : 5.163119,
      "y" : 3.736068,
      "z" : -15.135255
    }, {
      "x" : 6.163119,
      "y" : 5.354102,
      "z" : -12.5172205
    } ],
    "faces" : [ {
      "vertices" : [ 0, 1, 2 ]
    }, {
      "vertices" : [ 0, 2, 3 ]
    }, {
      "vertices" : [ 0, 3, 2 ]
    }, {
      "vertices" : [ 0, 2, 1 ]
    } ]
  }, {
    "id" : "cca0de1e-a55f-4c6d-bf49-f414e1013c9b",
    "vertices" : [ {
      "x" : -8.163119,
      "y" : -9.972136,
      "z" : 12.899187
    }, {
      "x" : -8.781153,
      "y" : -10.972136,
      "z" : 14.5172205
    }, {
      "x" : 3.545085,
      "y" : -10.972136,
      "z" : -5.427051
    }, {
      "x" : 2.927051,
      "y" : -9.972136,
      "z" : -5.045085
    } ],
    "faces" : [ {
      "vertices" : [ 0, 1, 2 ]
    }, {
      "vertices" : [ 0, 2, 3 ]
    }, {
      "vertices" : [ 0, 3, 2 ]
    }, {
      "vertices" : [ 0, 2, 1 ]
    } ]
  }, {
    "id" : "56466ca0-84db-4cdc-b57c-ce58c37249fa",
    "vertices" : [ {
      "x" : 5.545085,
      "y" : 8.972136,
      "z" : -17.753288
    }, {
      "x" : 5.545085,
      "y" : 8.972136,
      "z" : -14.5172205
    }, {
      "x" : 23.489357,
      "y" : -2.118034,
      "z" : -14.5172205
    }, {
      "x" : 23.489357,
      "y" : -2.118034,
      "z" : -17.753288
    } ],
    "faces" : [ {
      "vertices" : [ 0, 1, 2 ]
    }, {
      "vertices" : [ 0, 2, 3 ]
    }, {
      "vertices" : [ 0, 3, 2 ]
    }, {
      "vertices" : [ 0, 2, 1 ]
    } ]
  }, {
    "id" : "e6c784cb-e309-4bab-bc30-a995fc9137f0",
    "vertices" : [ {
      "x" : 5.545085,
      "y" : -8.972136,
      "z" : -3.427051
    }, {
      "x" : 6.163119,
      "y" : -8.736068,
      "z" : -3.809017
    }, {
      "x" : 6.163119,
      "y" : 7.972136,
      "z" : -14.135255
    }, {
      "x" : 5.545085,
      "y" : 8.972136,
      "z" : -14.5172205
    } ],
    "faces" : [ {
      "vertices" : [ 0, 1, 2 ]
    }, {
      "vertices" : [ 0, 2, 3 ]
    }, {
      "vertices" : [ 0, 3, 2 ]
    }, {
      "vertices" : [ 0, 2, 1 ]
    } ]
  }, {
    "id" : "c648f5d5-f60c-47df-b98d-e8293068b8b7",
    "vertices" : [ {
      "x" : -7.7811527,
      "y" : 3.5,
      "z" : 3.954915
    }, {
      "x" : -5.399187,
      "y" : 7.354102,
      "z" : -2.281153
    }, {
      "x" : -2.781153,
      "y" : 8.354102,
      "z" : -0.66311896
    }, {
      "x" : -5.163119,
      "y" : 4.5,
      "z" : 5.572949
    } ],
    "faces" : [ {
      "vertices" : [ 0, 1, 2 ]
    }, {
      "vertices" : [ 0, 2, 3 ]
    }, {
      "vertices" : [ 0, 3, 2 ]
    }, {
      "vertices" : [ 0, 2, 1 ]
    } ]
  }, {
    "id" : "d3d16a09-c5d1-405d-a217-181ad6104055",
    "vertices" : [ {
      "x" : 0.927051,
      "y" : 7.354102,
      "z" : -12.5172205
    }, {
      "x" : 2.545085,
      "y" : 4.736068,
      "z" : -13.5172205
    }, {
      "x" : 2.545085,
      "y" : 3.972136,
      "z" : -13.045085
    }, {
      "x" : 0.45491502,
      "y" : 7.354102,
      "z" : -11.753289
    } ],
    "faces" : [ {
      "vertices" : [ 0, 1, 2 ]
    }, {
      "vertices" : [ 0, 2, 3 ]
    }, {
      "vertices" : [ 0, 3, 2 ]
    }, {
      "vertices" : [ 0, 2, 1 ]
    } ]
  }, {
    "id" : "4c232e71-15e0-4ac7-8bd7-018a2f7e5add",
    "vertices" : [ {
      "x" : -8.163119,
      "y" : -9.972136,
      "z" : 12.899187
    }, {
      "x" : -5.545085,
      "y" : -8.972136,
      "z" : 14.5172205
    }, {
      "x" : 5.545085,
      "y" : -8.972136,
      "z" : -3.427051
    }, {
      "x" : 2.927051,
      "y" : -9.972136,
      "z" : -5.045085
    } ],
    "faces" : [ {
      "vertices" : [ 0, 1, 2 ]
    }, {
      "vertices" : [ 0, 2, 3 ]
    }, {
      "vertices" : [ 0, 3, 2 ]
    }, {
      "vertices" : [ 0, 2, 1 ]
    } ]
  }, {
    "id" : "c82a556d-e14d-402e-b40b-e768c6a8c527",
    "vertices" : [ {
      "x" : 9.399187,
      "y" : 10.59017,
      "z" : -14.5172205
    }, {
      "x" : 9.399187,
      "y" : 10.59017,
      "z" : -17.753288
    }, {
      "x" : 9.399187,
      "y" : 7.354102,
      "z" : -17.753288
    }, {
      "x" : 9.399187,
      "y" : 7.354102,
      "z" : -14.5172205
    } ],
    "faces" : [ {
      "vertices" : [ 0, 1, 2 ]
    }, {
      "vertices" : [ 0, 2, 3 ]
    }, {
      "vertices" : [ 0, 3, 2 ]
    }, {
      "vertices" : [ 0, 2, 1 ]
    } ]
  }, {
    "id" : "d9ef69ac-751d-4e39-a49a-498e21988f70",
    "vertices" : [ {
      "x" : 5.545085,
      "y" : -8.972136,
      "z" : -3.427051
    }, {
      "x" : 5.163119,
      "y" : -8.354102,
      "z" : -3.190983
    }, {
      "x" : 5.163119,
      "y" : 8.354102,
      "z" : -13.5172205
    }, {
      "x" : 5.545085,
      "y" : 8.972136,
      "z" : -14.5172205
    } ],
    "faces" : [ {
      "vertices" : [ 0, 1, 2 ]
    }, {
      "vertices" : [ 0, 2, 3 ]
    }, {
      "vertices" : [ 0, 3, 2 ]
    }, {
      "vertices" : [ 0, 2, 1 ]
    } ]
  }, {
    "id" : "1dcfbce2-744c-4c13-871d-0e557bbebb1b",
    "vertices" : [ {
      "x" : -8.781153,
      "y" : -8.972136,
      "z" : 14.5172205
    }, {
      "x" : -5.545085,
      "y" : -8.972136,
      "z" : 14.5172205
    }, {
      "x" : -5.545085,
      "y" : 8.972136,
      "z" : 3.427051
    }, {
      "x" : -8.781153,
      "y" : 8.972136,
      "z" : 3.427051
    } ],
    "faces" : [ {
      "vertices" : [ 0, 1, 2 ]
    }, {
      "vertices" : [ 0, 2, 3 ]
    }, {
      "vertices" : [ 0, 3, 2 ]
    }, {
      "vertices" : [ 0, 2, 1 ]
    } ]
  }, {
    "id" : "82452bd0-1dc4-4c1a-8d54-4f519fe4108e",
    "vertices" : [ {
      "x" : -7.7811527,
      "y" : -0.85410196,
      "z" : 6.645898
    }, {
      "x" : -7.7811527,
      "y" : -1.618034,
      "z" : 7.118034
    }, {
      "x" : -3.0,
      "y" : -9.354102,
      "z" : 4.163119
    }, {
      "x" : -2.527864,
      "y" : -9.354102,
      "z" : 3.3991868
    } ],
    "faces" : [ {
      "vertices" : [ 0, 1, 2 ]
    }, {
      "vertices" : [ 0, 2, 3 ]
    }, {
      "vertices" : [ 0, 3, 2 ]
    }, {
      "vertices" : [ 0, 2, 1 ]
    } ]
  }, {
    "id" : "7eb9f66a-0865-4d17-bc16-603f5c61cf5b",
    "vertices" : [ {
      "x" : 20.871323,
      "y" : -22.298374,
      "z" : -3.809017
    }, {
      "x" : 21.871323,
      "y" : -22.68034,
      "z" : -4.427051
    }, {
      "x" : 3.927051,
      "y" : -11.59017,
      "z" : -4.427051
    }, {
      "x" : 4.163119,
      "y" : -11.972136,
      "z" : -3.809017
    } ],
    "faces" : [ {
      "vertices" : [ 0, 1, 2 ]
    }, {
      "vertices" : [ 0, 2, 3 ]
    }, {
      "vertices" : [ 0, 3, 2 ]
    }, {
      "vertices" : [ 0, 2, 1 ]
    } ]
  }, {
    "id" : "f8cced50-8c3f-4197-b039-d542dc0a8073",
    "vertices" : [ {
      "x" : -5.545085,
      "y" : 8.972136,
      "z" : 4.190983
    }, {
      "x" : -5.545085,
      "y" : 8.972136,
      "z" : 3.427051
    }, {
      "x" : -8.781153,
      "y" : 8.972136,
      "z" : 3.427051
    }, {
      "x" : -8.781153,
      "y" : 8.972136,
      "z" : 4.190983
    } ],
    "faces" : [ {
      "vertices" : [ 0, 1, 2 ]
    }, {
      "vertices" : [ 0, 2, 3 ]
    }, {
      "vertices" : [ 0, 3, 2 ]
    }, {
      "vertices" : [ 0, 2, 1 ]
    } ]
  }, {
    "id" : "d1c78ff7-0df3-4bd9-a162-068829ea4c1f",
    "vertices" : [ {
      "x" : 2.545085,
      "y" : -5.5,
      "z" : -7.190983
    }, {
      "x" : 5.163119,
      "y" : -4.5,
      "z" : -5.572949
    }, {
      "x" : -2.781153,
      "y" : 8.354102,
      "z" : -0.66311896
    }, {
      "x" : -5.399187,
      "y" : 7.354102,
      "z" : -2.281153
    } ],
    "faces" : [ {
      "vertices" : [ 0, 1, 2 ]
    }, {
      "vertices" : [ 0, 2, 3 ]
    }, {
      "vertices" : [ 0, 3, 2 ]
    }, {
      "vertices" : [ 0, 2, 1 ]
    } ]
  }, {
    "id" : "6b1a74c2-aabf-48c7-ae4a-570b9dd41957",
    "vertices" : [ {
      "x" : 6.163119,
      "y" : -8.736068,
      "z" : -3.809017
    }, {
      "x" : 5.545085,
      "y" : -8.972136,
      "z" : -3.427051
    }, {
      "x" : 4.545085,
      "y" : -10.59017,
      "z" : -6.045085
    }, {
      "x" : 5.163119,
      "y" : -10.354102,
      "z" : -6.427051
    } ],
    "faces" : [ {
      "vertices" : [ 0, 1, 2 ]
    }, {
      "vertices" : [ 0, 2, 3 ]
    }, {
      "vertices" : [ 0, 3, 2 ]
    }, {
      "vertices" : [ 0, 2, 1 ]
    } ]
  }, {
    "id" : "b6816f14-479b-4f75-a3b7-3c7881b31bb8",
    "vertices" : [ {
      "x" : 2.927051,
      "y" : 9.972136,
      "z" : -16.135256
    }, {
      "x" : 3.545085,
      "y" : 8.972136,
      "z" : -17.753288
    }, {
      "x" : 3.545085,
      "y" : 28.916409,
      "z" : -5.427051
    }, {
      "x" : 2.927051,
      "y" : 27.916409,
      "z" : -5.045085
    } ],
    "faces" : [ {
      "vertices" : [ 0, 1, 2 ]
    }, {
      "vertices" : [ 0, 2, 3 ]
    }, {
      "vertices" : [ 0, 3, 2 ]
    }, {
      "vertices" : [ 0, 2, 1 ]
    } ]
  }, {
    "id" : "c53e1062-6c36-40a8-a53a-0309e65ee680",
    "vertices" : [ {
      "x" : 22.725426,
      "y" : -21.298374,
      "z" : -5.427051
    }, {
      "x" : 23.489357,
      "y" : -22.534441,
      "z" : -4.954915
    }, {
      "x" : 23.489357,
      "y" : -23.298374,
      "z" : -5.427051
    }, {
      "x" : 22.489357,
      "y" : -21.68034,
      "z" : -6.045085
    } ],
    "faces" : [ {
      "vertices" : [ 0, 1, 2 ]
    }, {
      "vertices" : [ 0, 2, 3 ]
    }, {
      "vertices" : [ 0, 3, 2 ]
    }, {
      "vertices" : [ 0, 2, 1 ]
    } ]
  }, {
    "id" : "60641cd6-b61b-4bcd-a809-e98ce95e219a",
    "vertices" : [ {
      "x" : -7.545085,
      "y" : -9.736068,
      "z" : 13.281153
    }, {
      "x" : -8.0172205,
      "y" : -10.5,
      "z" : 14.5172205
    }, {
      "x" : -8.0172205,
      "y" : 8.972136,
      "z" : 2.482779
    }, {
      "x" : -7.545085,
      "y" : 8.208204,
      "z" : 2.190983
    } ],
    "faces" : [ {
      "vertices" : [ 0, 1, 2 ]
    }, {
      "vertices" : [ 0, 2, 3 ]
    }, {
      "vertices" : [ 0, 3, 2 ]
    }, {
      "vertices" : [ 0, 2, 1 ]
    } ]
  }, {
    "id" : "843fc292-e06e-4668-aae7-2eefa29a74c9",
    "vertices" : [ {
      "x" : 23.489357,
      "y" : -23.298374,
      "z" : -5.427051
    }, {
      "x" : 21.871323,
      "y" : -22.68034,
      "z" : -4.427051
    }, {
      "x" : 22.253288,
      "y" : -22.062305,
      "z" : -4.190983
    }, {
      "x" : 23.489357,
      "y" : -22.534441,
      "z" : -4.954915
    } ],
    "faces" : [ {
      "vertices" : [ 0, 1, 2 ]
    }, {
      "vertices" : [ 0, 2, 3 ]
    }, {
      "vertices" : [ 0, 3, 2 ]
    }, {
      "vertices" : [ 0, 2, 1 ]
    } ]
  }, {
    "id" : "2a72f30c-87de-451a-8460-2dc1f4ebb9e2",
    "vertices" : [ {
      "x" : 4.545085,
      "y" : 7.354102,
      "z" : -17.135256
    }, {
      "x" : 5.545085,
      "y" : 8.972136,
      "z" : -14.5172205
    }, {
      "x" : 5.545085,
      "y" : -8.972136,
      "z" : -3.427051
    }, {
      "x" : 4.545085,
      "y" : -10.59017,
      "z" : -6.045085
    } ],
    "faces" : [ {
      "vertices" : [ 0, 1, 2 ]
    }, {
      "vertices" : [ 0, 2, 3 ]
    }, {
      "vertices" : [ 0, 3, 2 ]
    }, {
      "vertices" : [ 0, 2, 1 ]
    } ]
  }, {
    "id" : "8f8af2eb-5fe6-457b-8cac-ed5d44e7895b",
    "vertices" : [ {
      "x" : 5.545085,
      "y" : 8.972136,
      "z" : -16.989357
    }, {
      "x" : 4.017221,
      "y" : 8.972136,
      "z" : -16.989357
    }, {
      "x" : 23.489357,
      "y" : -3.062306,
      "z" : -16.989357
    }, {
      "x" : 23.489357,
      "y" : -2.118034,
      "z" : -16.989357
    } ],
    "faces" : [ {
      "vertices" : [ 0, 1, 2 ]
    }, {
      "vertices" : [ 0, 2, 3 ]
    }, {
      "vertices" : [ 0, 3, 2 ]
    }, {
      "vertices" : [ 0, 2, 1 ]
    } ]
  }, {
    "id" : "28881fa1-b9cf-407c-8855-bf0b972d7804",
    "vertices" : [ {
      "x" : 3.545085,
      "y" : 8.208204,
      "z" : -15.753289
    }, {
      "x" : 4.017221,
      "y" : 8.972136,
      "z" : -16.989357
    }, {
      "x" : -8.0172205,
      "y" : 8.972136,
      "z" : 2.482779
    }, {
      "x" : -7.545085,
      "y" : 8.208204,
      "z" : 2.190983
    } ],
    "faces" : [ {
      "vertices" : [ 0, 1, 2 ]
    }, {
      "vertices" : [ 0, 2, 3 ]
    }, {
      "vertices" : [ 0, 3, 2 ]
    }, {
      "vertices" : [ 0, 2, 1 ]
    } ]
  }, {
    "id" : "49b7d05d-34c3-4d8f-bf6b-91b81e923a6b",
    "vertices" : [ {
      "x" : 5.545085,
      "y" : 26.916409,
      "z" : -3.427051
    }, {
      "x" : 6.163119,
      "y" : 26.68034,
      "z" : -3.809017
    }, {
      "x" : 6.163119,
      "y" : 9.972136,
      "z" : -14.135255
    }, {
      "x" : 5.545085,
      "y" : 8.972136,
      "z" : -14.5172205
    } ],
    "faces" : [ {
      "vertices" : [ 0, 1, 2 ]
    }, {
      "vertices" : [ 0, 2, 3 ]
    }, {
      "vertices" : [ 0, 3, 2 ]
    }, {
      "vertices" : [ 0, 2, 1 ]
    } ]
  }, {
    "id" : "9b2bebb5-572f-4805-9e69-ee5c39e92d82",
    "vertices" : [ {
      "x" : 2.545085,
      "y" : 7.354102,
      "z" : -15.135255
    }, {
      "x" : 2.927051,
      "y" : 7.972136,
      "z" : -16.135256
    }, {
      "x" : 2.927051,
      "y" : -9.972136,
      "z" : -5.045085
    }, {
      "x" : 2.545085,
      "y" : -9.354102,
      "z" : -4.809017
    } ],
    "faces" : [ {
      "vertices" : [ 0, 1, 2 ]
    }, {
      "vertices" : [ 0, 2, 3 ]
    }, {
      "vertices" : [ 0, 3, 2 ]
    }, {
      "vertices" : [ 0, 2, 1 ]
    } ]
  }, {
    "id" : "7917c950-3779-4e73-986e-0a6c87846e81",
    "vertices" : [ {
      "x" : 4.163119,
      "y" : -11.972136,
      "z" : -3.809017
    }, {
      "x" : 5.7811527,
      "y" : -9.354102,
      "z" : -2.809017
    }, {
      "x" : 22.489357,
      "y" : -19.68034,
      "z" : -2.809017
    }, {
      "x" : 20.871323,
      "y" : -22.298374,
      "z" : -3.809017
    } ],
    "faces" : [ {
      "vertices" : [ 0, 1, 2 ]
    }, {
      "vertices" : [ 0, 2, 3 ]
    }, {
      "vertices" : [ 0, 3, 2 ]
    }, {
      "vertices" : [ 0, 2, 1 ]
    } ]
  }, {
    "id" : "a1134482-4724-4c54-98c7-dad212d1dce8",
    "vertices" : [ {
      "x" : -8.781153,
      "y" : 26.916409,
      "z" : 14.5172205
    }, {
      "x" : -5.545085,
      "y" : 26.916409,
      "z" : 14.5172205
    }, {
      "x" : -5.545085,
      "y" : 8.972136,
      "z" : 3.427051
    }, {
      "x" : -8.781153,
      "y" : 8.972136,
      "z" : 3.427051
    } ],
    "faces" : [ {
      "vertices" : [ 0, 1, 2 ]
    }, {
      "vertices" : [ 0, 2, 3 ]
    }, {
      "vertices" : [ 0, 3, 2 ]
    }, {
      "vertices" : [ 0, 2, 1 ]
    } ]
  }, {
