{
  "field" : "golden",
  "symmetry" : "icosahedral",
  "orientations" : [ [ 1.0, 0.0, 0.0, 0.0, 0.0, 1.0, 0.0, 0.0, 0.0, 0.0, 1.0, 0.0, 0.0, 0.0, 0.0, 1.0 ], [ 0.0, 0.0, 1.0, 0.0, 1.0, 0.0, 0.0, 0.0, 0.0, 1.0, 0.0, 0.0, 0.0, 0.0, 0.0, 1.0 ], [ 0.0, 1.0, 0.0, 0.0, 0.0, 0.0, 1.0, 0.0, 1.0, 0.0, 0.0, 0.0, 0.0, 0.0, 0.0, 1.0 ], [ 0.809017, 0.309017, 0.5, 0.0, 0.309017, 0.5, -0.809017, 0.0, -0.5, 0.809017, 0.309017, 0.0, 0.0, 0.0, 0.0, 1.0 ], [ -0.5, 0.809017, 0.309017, 0.0, 0.809017, 0.309017, 0.5, 0.0, 0.309017, 0.5, -0.809017, 0.0, 0.0, 0.0, 0.0, 1.0 ], [ 0.309017, 0.5, -0.809017, 0.0, -0.5, 0.809017, 0.309017, 0.0, 0.809017, 0.309017, 0.5, 0.0, 0.0, 0.0, 0.0, 1.0 ], [ 0.5, 0.809017, 0.309017, 0.0, 0.809017, -0.309017, -0.5, 0.0, -0.309017, 0.5, -0.809017, 0.0, 0.0, 0.0, 0.0, 1.0 ], [ -0.309017, 0.5, -0.809017, 0.0, 0.5, 0.809017, 0.309017, 0.0, 0.809017, -0.309017, -0.5, 0.0, 0.0, 0.0, 0.0, 1.0 ], [ 0.809017, -0.309017, -0.5, 0.0, -0.309017, 0.5, -0.809017, 0.0, 0.5, 0.809017, 0.309017, 0.0, 0.0, 0.0, 0.0, 1.0 ], [ 0.5, 0.809017, -0.309017, 0.0, 0.809017, -0.309017, 0.5, 0.0, 0.309017, -0.5, -0.809017, 0.0, 0.0, 0.0, 0.0, 1.0 ], [ 0.309017, -0.5, -0.809017, 0.0, 0.5, 0.809017, -0.309017, 0.0, 0.809017, -0.309017, 0.5, 0.0, 0.0, 0.0, 0.0, 1.0 ], [ 0.809017, -0.309017, 0.5, 0.0, 0.309017, -0.5, -0.809017, 0.0, 0.5, 0.809017, -0.309017, 0.0, 0.0, 0.0, 0.0, 1.0 ], [ 0.809017, 0.309017, -0.5, 0.0, 0.309017, 0.5, 0.809017, 0.0, 0.5, -0.809017, 0.309017, 0.0, 0.0, 0.0, 0.0, 1.0 ], [ 0.5, -0.809017, 0.309017, 0.0, 0.809017, 0.309017, -0.5, 0.0, 0.309017, 0.5, 0.809017, 0.0, 0.0, 0.0, 0.0, 1.0 ], [ 0.309017, 0.5, 0.809017, 0.0, 0.5, -0.809017, 0.309017, 0.0, 0.809017, 0.309017, -0.5, 0.0, 0.0, 0.0, 0.0, 1.0 ], [ 1.0, 0.0, 0.0, 0.0, 0.0, -1.0, 0.0, 0.0, 0.0, 0.0, -1.0, 0.0, 0.0, 0.0, 0.0, 1.0 ], [ 0.0, 0.0, 1.0, 0.0, -1.0, 0.0, 0.0, 0.0, 0.0, -1.0, 0.0, 0.0, 0.0, 0.0, 0.0, 1.0 ], [ 0.0, 1.0, 0.0, 0.0, 0.0, 0.0, -1.0, 0.0, -1.0, 0.0, 0.0, 0.0, 0.0, 0.0, 0.0, 1.0 ], [ 0.809017, 0.309017, 0.5, 0.0, -0.309017, -0.5, 0.809017, 0.0, 0.5, -0.809017, -0.309017, 0.0, 0.0, 0.0, 0.0, 1.0 ], [ -0.5, 0.809017, 0.309017, 0.0, -0.809017, -0.309017, -0.5, 0.0, -0.309017, -0.5, 0.809017, 0.0, 0.0, 0.0, 0.0, 1.0 ], [ 0.309017, 0.5, -0.809017, 0.0, 0.5, -0.809017, -0.309017, 0.0, -0.809017, -0.309017, -0.5, 0.0, 0.0, 0.0, 0.0, 1.0 ], [ 0.5, 0.809017, 0.309017, 0.0, -0.809017, 0.309017, 0.5, 0.0, 0.309017, -0.5, 0.809017, 0.0, 0.0, 0.0, 0.0, 1.0 ], [ -0.309017, 0.5, -0.809017, 0.0, -0.5, -0.809017, -0.309017, 0.0, -0.809017, 0.309017, 0.5, 0.0, 0.0, 0.0, 0.0, 1.0 ], [ 0.809017, -0.309017, -0.5, 0.0, 0.309017, -0.5, 0.809017, 0.0, -0.5, -0.809017, -0.309017, 0.0, 0.0, 0.0, 0.0, 1.0 ], [ 0.5, 0.809017, -0.309017, 0.0, -0.809017, 0.309017, -0.5, 0.0, -0.309017, 0.5, 0.809017, 0.0, 0.0, 0.0, 0.0, 1.0 ], [ 0.309017, -0.5, -0.809017, 0.0, -0.5, -0.809017, 0.309017, 0.0, -0.809017, 0.309017, -0.5, 0.0, 0.0, 0.0, 0.0, 1.0 ], [ 0.809017, -0.309017, 0.5, 0.0, -0.309017, 0.5, 0.809017, 0.0, -0.5, -0.809017, 0.309017, 0.0, 0.0, 0.0, 0.0, 1.0 ], [ 0.809017, 0.309017, -0.5, 0.0, -0.309017, -0.5, -0.809017, 0.0, -0.5, 0.809017, -0.309017, 0.0, 0.0, 0.0, 0.0, 1.0 ], [ 0.5, -0.809017, 0.309017, 0.0, -0.809017, -0.309017, 0.5, 0.0, -0.309017, -0.5, -0.809017, 0.0, 0.0, 0.0, 0.0, 1.0 ], [ 0.309017, 0.5, 0.809017, 0.0, -0.5, 0.809017, -0.309017, 0.0, -0.809017, -0.309017, 0.5, 0.0, 0.0, 0.0, 0.0, 1.0 ], [ -1.0, 0.0, 0.0, 0.0, 0.0, -1.0, 0.0, 0.0, 0.0, 0.0, 1.0, 0.0, 0.0, 0.0, 0.0, 1.0 ], [ 0.0, 0.0, -1.0, 0.0, -1.0, 0.0, 0.0, 0.0, 0.0, 1.0, 0.0, 0.0, 0.0, 0.0, 0.0, 1.0 ], [ 0.0, -1.0, 0.0, 0.0, 0.0, 0.0, -1.0, 0.0, 1.0, 0.0, 0.0, 0.0, 0.0, 0.0, 0.0, 1.0 ], [ -0.809017, -0.309017, -0.5, 0.0, -0.309017, -0.5, 0.809017, 0.0, -0.5, 0.809017, 0.309017, 0.0, 0.0, 0.0, 0.0, 1.0 ], [ 0.5, -0.809017, -0.309017, 0.0, -0.809017, -0.309017, -0.5, 0.0, 0.309017, 0.5, -0.809017, 0.0, 0.0, 0.0, 0.0, 1.0 ], [ -0.309017, -0.5, 0.809017, 0.0, 0.5, -0.809017, -0.309017, 0.0, 0.809017, 0.309017, 0.5, 0.0, 0.0, 0.0, 0.0, 1.0 ], [ -0.5, -0.809017, -0.309017, 0.0, -0.809017, 0.309017, 0.5, 0.0, -0.309017, 0.5, -0.809017, 0.0, 0.0, 0.0, 0.0, 1.0 ], [ 0.309017, -0.5, 0.809017, 0.0, -0.5, -0.809017, -0.309017, 0.0, 0.809017, -0.309017, -0.5, 0.0, 0.0, 0.0, 0.0, 1.0 ], [ -0.809017, 0.309017, 0.5, 0.0, 0.309017, -0.5, 0.809017, 0.0, 0.5, 0.809017, 0.309017, 0.0, 0.0, 0.0, 0.0, 1.0 ], [ -0.5, -0.809017, 0.309017, 0.0, -0.809017, 0.309017, -0.5, 0.0, 0.309017, -0.5, -0.809017, 0.0, 0.0, 0.0, 0.0, 1.0 ], [ -0.309017, 0.5, 0.809017, 0.0, -0.5, -0.809017, 0.309017, 0.0, 0.809017, -0.309017, 0.5, 0.0, 0.0, 0.0, 0.0, 1.0 ], [ -0.809017, 0.309017, -0.5, 0.0, -0.309017, 0.5, 0.809017, 0.0, 0.5, 0.809017, -0.309017, 0.0, 0.0, 0.0, 0.0, 1.0 ], [ -0.809017, -0.309017, 0.5, 0.0, -0.309017, -0.5, -0.809017, 0.0, 0.5, -0.809017, 0.309017, 0.0, 0.0, 0.0, 0.0, 1.0 ], [ -0.5, 0.809017, -0.309017, 0.0, -0.809017, -0.309017, 0.5, 0.0, 0.309017, 0.5, 0.809017, 0.0, 0.0, 0.0, 0.0, 1.0 ], [ -0.309017, -0.5, -0.809017, 0.0, -0.5, 0.809017, -0.309017, 0.0, 0.809017, 0.309017, -0.5, 0.0, 0.0, 0.0, 0.0, 1.0 ], [ -1.0, 0.0, 0.0, 0.0, 0.0, 1.0, 0.0, 0.0, 0.0, 0.0, -1.0, 0.0, 0.0, 0.0, 0.0, 1.0 ], [ 0.0, 0.0, -1.0, 0.0, 1.0, 0.0, 0.0, 0.0, 0.0, -1.0, 0.0, 0.0, 0.0, 0.0, 0.0, 1.0 ], [ 0.0, -1.0, 0.0, 0.0, 0.0, 0.0, 1.0, 0.0, -1.0, 0.0, 0.0, 0.0, 0.0, 0.0, 0.0, 1.0 ], [ -0.809017, -0.309017, -0.5, 0.0, 0.309017, 0.5, -0.809017, 0.0, 0.5, -0.809017, -0.309017, 0.0, 0.0, 0.0, 0.0, 1.0 ], [ 0.5, -0.809017, -0.309017, 0.0, 0.809017, 0.309017, 0.5, 0.0, -0.309017, -0.5, 0.809017, 0.0, 0.0, 0.0, 0.0, 1.0 ], [ -0.309017, -0.5, 0.809017, 0.0, -0.5, 0.809017, 0.309017, 0.0, -0.809017, -0.309017, -0.5, 0.0, 0.0, 0.0, 0.0, 1.0 ], [ -0.5, -0.809017, -0.309017, 0.0, 0.809017, -0.309017, -0.5, 0.0, 0.309017, -0.5, 0.809017, 0.0, 0.0, 0.0, 0.0, 1.0 ], [ 0.309017, -0.5, 0.809017, 0.0, 0.5, 0.809017, 0.309017, 0.0, -0.809017, 0.309017, 0.5, 0.0, 0.0, 0.0, 0.0, 1.0 ], [ -0.809017, 0.309017, 0.5, 0.0, -0.309017, 0.5, -0.809017, 0.0, -0.5, -0.809017, -0.309017, 0.0, 0.0, 0.0, 0.0, 1.0 ], [ -0.5, -0.809017, 0.309017, 0.0, 0.809017, -0.309017, 0.5, 0.0, -0.309017, 0.5, 0.809017, 0.0, 0.0, 0.0, 0.0, 1.0 ], [ -0.309017, 0.5, 0.809017, 0.0, 0.5, 0.809017, -0.309017, 0.0, -0.809017, 0.309017, -0.5, 0.0, 0.0, 0.0, 0.0, 1.0 ], [ -0.809017, 0.309017, -0.5, 0.0, 0.309017, -0.5, -0.809017, 0.0, -0.5, -0.809017, 0.309017, 0.0, 0.0, 0.0, 0.0, 1.0 ], [ -0.809017, -0.309017, 0.5, 0.0, 0.309017, 0.5, 0.809017, 0.0, -0.5, 0.809017, -0.309017, 0.0, 0.0, 0.0, 0.0, 1.0 ], [ -0.5, 0.809017, -0.309017, 0.0, 0.809017, 0.309017, -0.5, 0.0, -0.309017, -0.5, -0.809017, 0.0, 0.0, 0.0, 0.0, 1.0 ], [ -0.309017, -0.5, -0.809017, 0.0, 0.5, -0.809017, 0.309017, 0.0, -0.809017, -0.309017, 0.5, 0.0, 0.0, 0.0, 0.0, 1.0 ] ],
  "lights" : {
    "ambientColor" : "#292929",
    "backgroundColor" : "#AFC8DC",
    "directionalLights" : [ {
      "direction" : {
        "x" : 1.0,
        "y" : -1.0,
        "z" : -1.0
      },
      "color" : "#EBEBE4"
    }, {
      "direction" : {
        "x" : -1.0,
        "y" : 0.0,
        "z" : 0.0
      },
      "color" : "#E4E4EB"
    }, {
      "direction" : {
        "x" : 0.0,
        "y" : 0.0,
        "z" : -1.0
      },
      "color" : "#1E1E1E"
    } ]
  },
  "camera" : {
    "width" : 41.6946,
    "stereo" : false,
    "viewDistance" : 92.654686,
    "nearClipDistance" : 0.2316369,
    "farClipDistance" : 185.30974,
    "lookAtPoint" : {
      "x" : 0.0,
      "y" : 0.0,
      "z" : 0.0
    },
    "fieldOfView" : 0.4426288,
    "perspective" : false,
    "lookDirection" : {
      "x" : -0.42688948,
      "y" : -0.11858466,
      "z" : -0.89649874
    },
    "upDirection" : {
      "x" : -0.12813373,
      "y" : 0.9892897,
      "z" : -0.06985243
    },
    "position" : {
      "x" : 39.55331,
      "y" : 10.987425,
      "z" : 83.06481
    }
  },
  "embedding" : [ 1.0, 0.0, 0.0, 0.0, 0.0, 1.0, 0.0, 0.0, 0.0, 0.0, 1.0, 0.0, 0.0, 0.0, 0.0, 1.0 ],
  "shapes" : [ {
    "id" : "66516105-912a-4cff-9442-3c013624f1b6",
    "vertices" : [ {
      "x" : 1.0,
      "y" : 0.309017,
      "z" : 0.19098301
    }, {
      "x" : 1.0,
      "y" : -0.309017,
      "z" : 0.19098301
    }, {
      "x" : 4.236068,
      "y" : -0.309017,
      "z" : 0.19098301
    }, {
      "x" : 4.236068,
      "y" : 0.309017,
      "z" : 0.19098301
    }, {
      "x" : 4.236068,
      "y" : -0.309017,
      "z" : -0.19098301
    }, {
      "x" : 4.236068,
      "y" : 0.309017,
      "z" : -0.19098301
    }, {
      "x" : 4.854102,
      "y" : 0.0,
      "z" : 0.0
    }, {
      "x" : 0.38196602,
      "y" : 0.0,
      "z" : 0.0
    }, {
      "x" : 1.0,
      "y" : 0.309017,
      "z" : -0.19098301
    }, {
      "x" : 1.0,
      "y" : -0.309017,
      "z" : -0.19098301
    }, {
      "x" : 5.236068,
      "y" : 0.0,
      "z" : 0.0
    } ],
    "faces" : [ {
      "vertices" : [ 1, 9, 4 ]
    }, {
      "vertices" : [ 1, 4, 2 ]
    }, {
      "vertices" : [ 0, 3, 5 ]
    }, {
      "vertices" : [ 0, 5, 8 ]
    }, {
      "vertices" : [ 1, 7, 9 ]
    }, {
      "vertices" : [ 0, 1, 2 ]
    }, {
      "vertices" : [ 0, 2, 3 ]
    }, {
      "vertices" : [ 7, 8, 9 ]
    }, {
      "vertices" : [ 0, 7, 1 ]
    }, {
      "vertices" : [ 4, 9, 8 ]
    }, {
      "vertices" : [ 4, 8, 5 ]
    }, {
      "vertices" : [ 2, 6, 3 ]
    }, {
      "vertices" : [ 2, 4, 6 ]
    }, {
      "vertices" : [ 3, 6, 5 ]
    }, {
      "vertices" : [ 4, 5, 6 ]
    }, {
      "vertices" : [ 0, 8, 7 ]
    } ]
  }, {
    "id" : "fc7722f5-b1eb-46f1-9259-2477b669a1f3",
    "vertices" : [ {
      "x" : 0.309017,
      "y" : -0.309017,
      "z" : -0.309017
    }, {
      "x" : 0.5,
      "y" : 0.0,
      "z" : -0.19098301
    }, {
      "x" : 0.5,
      "y" : 0.0,
      "z" : 0.19098301
    }, {
      "x" : 0.309017,
      "y" : -0.309017,
      "z" : 0.309017
    }, {
      "x" : 0.19098301,
      "y" : -0.5,
      "z" : 0.0
    }, {
      "x" : 0.0,
      "y" : 0.19098301,
      "z" : 0.5
    }, {
      "x" : 0.0,
      "y" : -0.19098301,
      "z" : 0.5
    }, {
      "x" : 0.309017,
      "y" : 0.309017,
      "z" : 0.309017
    }, {
      "x" : -0.309017,
      "y" : -0.309017,
      "z" : 0.309017
    }, {
      "x" : -0.309017,
      "y" : 0.309017,
      "z" : 0.309017
    }, {
      "x" : -0.5,
      "y" : 0.0,
      "z" : 0.19098301
    }, {
      "x" : 0.0,
      "y" : -0.19098301,
      "z" : -0.5
    }, {
      "x" : 0.0,
      "y" : 0.19098301,
      "z" : -0.5
    }, {
      "x" : 0.309017,
      "y" : 0.309017,
      "z" : -0.309017
    }, {
      "x" : -0.309017,
      "y" : -0.309017,
      "z" : -0.309017
    }, {
      "x" : -0.19098301,
      "y" : -0.5,
      "z" : 0.0
    }, {
      "x" : -0.5,
      "y" : 0.0,
      "z" : -0.19098301
    }, {
      "x" : 0.19098301,
      "y" : 0.5,
      "z" : 0.0
    }, {
      "x" : -0.309017,
      "y" : 0.309017,
      "z" : -0.309017
    }, {
      "x" : 0.0,
      "y" : 0.0,
      "z" : 0.0
    }, {
      "x" : -0.19098301,
      "y" : 0.5,
      "z" : 0.0
    } ],
    "faces" : [ {
      "vertices" : [ 12, 18, 20 ]
    }, {
      "vertices" : [ 12, 20, 17 ]
    }, {
      "vertices" : [ 12, 17, 13 ]
    }, {
      "vertices" : [ 3, 6, 8 ]
    }, {
      "vertices" : [ 3, 8, 15 ]
    }, {
      "vertices" : [ 3, 15, 4 ]
    }, {
      "vertices" : [ 0, 11, 12 ]
    }, {
      "vertices" : [ 0, 12, 13 ]
    }, {
      "vertices" : [ 0, 13, 1 ]
    }, {
      "vertices" : [ 5, 9, 10 ]
    }, {
      "vertices" : [ 5, 10, 8 ]
    }, {
      "vertices" : [ 5, 8, 6 ]
    }, {
      "vertices" : [ 2, 7, 5 ]
    }, {
      "vertices" : [ 2, 5, 6 ]
    }, {
      "vertices" : [ 2, 6, 3 ]
    }, {
      "vertices" : [ 11, 14, 16 ]
    }, {
      "vertices" : [ 11, 16, 18 ]
    }, {
      "vertices" : [ 11, 18, 12 ]
    }, {
      "vertices" : [ 1, 13, 17 ]
    }, {
      "vertices" : [ 1, 17, 7 ]
    }, {
      "vertices" : [ 1, 7, 2 ]
    }, {
      "vertices" : [ 9, 20, 18 ]
    }, {
      "vertices" : [ 9, 18, 16 ]
    }, {
      "vertices" : [ 9, 16, 10 ]
    }, {
      "vertices" : [ 0, 1, 2 ]
    }, {
      "vertices" : [ 0, 2, 3 ]
    }, {
      "vertices" : [ 0, 3, 4 ]
    }, {
      "vertices" : [ 5, 7, 17 ]
    }, {
      "vertices" : [ 5, 17, 20 ]
    }, {
      "vertices" : [ 5, 20, 9 ]
    }, {
      "vertices" : [ 0, 4, 15 ]
    }, {
      "vertices" : [ 0, 15, 14 ]
    }, {
      "vertices" : [ 0, 14, 11 ]
    }, {
      "vertices" : [ 8, 10, 16 ]
    }, {
      "vertices" : [ 8, 16, 14 ]
    }, {
      "vertices" : [ 8, 14, 15 ]
    } ]
  }, {
    "id" : "60ec537e-6040-430a-9d1a-3461313903ce",
    "vertices" : [ {
      "x" : -0.8276995,
      "y" : 3.7024152,
      "z" : 1.3526499
    }, {
      "x" : -0.4276995,
      "y" : 3.8024151,
      "z" : 1.45265
    }, {
      "x" : 0.018682517,
      "y" : 0.5336528,
      "z" : 0.45636702
    }, {
      "x" : -0.3813175,
      "y" : 0.4336528,
      "z" : 0.35636702
    }, {
      "x" : -0.56103283,
      "y" : 3.5690818,
      "z" : 1.75265
    }, {
      "x" : -0.96103287,
      "y" : 3.4690819,
      "z" : 1.65265
    }, {
      "x" : -0.24798416,
      "y" : 0.6669861,
      "z" : 0.056367017
    }, {
      "x" : 0.15201585,
      "y" : 0.76698613,
      "z" : 0.15636702
    } ],
    "faces" : [ {
      "vertices" : [ 2, 3, 6 ]
    }, {
      "vertices" : [ 2, 6, 7 ]
    }, {
      "vertices" : [ 0, 5, 4 ]
    }, {
      "vertices" : [ 0, 4, 1 ]
    }, {
      "vertices" : [ 2, 4, 5 ]
    }, {
      "vertices" : [ 2, 5, 3 ]
    }, {
      "vertices" : [ 0, 6, 3 ]
    }, {
      "vertices" : [ 0, 3, 5 ]
    }, {
      "vertices" : [ 0, 1, 7 ]
    }, {
      "vertices" : [ 0, 7, 6 ]
    }, {
      "vertices" : [ 1, 4, 2 ]
    }, {
      "vertices" : [ 1, 2, 7 ]
    } ]
  }, {
    "id" : "681ecfb7-d469-4aec-a962-ed6e5ae845c8",
    "vertices" : [ {
      "x" : 4.177051,
      "y" : 1.5954915,
      "z" : -0.6094235
    }, {
      "x" : 3.795085,
      "y" : 1.1405765,
      "z" : -0.41844052
    }, {
      "x" : 3.631966,
      "y" : 1.4045085,
      "z" : -0.8454915
    }, {
      "x" : 3.559017,
      "y" : 1.6684405,
      "z" : -0.6545085
    }, {
      "x" : 0.85410196,
      "y" : 0.309017,
      "z" : 0.19098301
    }, {
      "x" : 0.690983,
      "y" : 0.572949,
      "z" : -0.23606798
    }, {
      "x" : 0.309017,
      "y" : 0.11803399,
      "z" : -0.045084972
    }, {
      "x" : 0.76393205,
      "y" : 0.309017,
      "z" : -0.42705098
    }, {
      "x" : 0.927051,
      "y" : 0.045084972,
      "z" : 0.0
    }, {
      "x" : 3.722136,
      "y" : 1.4045085,
      "z" : -0.22745751
    }, {
      "x" : 4.486068,
      "y" : 1.7135255,
      "z" : -0.6545085
    } ],
    "faces" : [ {
      "vertices" : [ 2, 7, 5 ]
    }, {
      "vertices" : [ 2, 5, 3 ]
    }, {
      "vertices" : [ 1, 8, 7 ]
    }, {
      "vertices" : [ 1, 7, 2 ]
    }, {
      "vertices" : [ 4, 6, 8 ]
    }, {
      "vertices" : [ 5, 7, 6 ]
    }, {
      "vertices" : [ 0, 1, 2 ]
    }, {
      "vertices" : [ 0, 2, 3 ]
    }, {
      "vertices" : [ 6, 7, 8 ]
    }, {
      "vertices" : [ 3, 5, 4 ]
    }, {
      "vertices" : [ 3, 4, 9 ]
    }, {
      "vertices" : [ 1, 9, 4 ]
    }, {
      "vertices" : [ 1, 4, 8 ]
    }, {
      "vertices" : [ 0, 9, 1 ]
    }, {
      "vertices" : [ 0, 3, 9 ]
    }, {
      "vertices" : [ 4, 5, 6 ]
    } ]
  } ],
  "instances" : [ {
    "shape" : "66516105-912a-4cff-9442-3c013624f1b6",
    "color" : "#007695",
    "position" : {
      "x" : -4.236068,
      "y" : 4.236068,
      "z" : 7.663119
    },
    "orientation" : 36
  }, {
    "shape" : "fc7722f5-b1eb-46f1-9259-2477b669a1f3",
    "color" : "#FFFFFF",
    "position" : {
      "x" : 0.0,
      "y" : -2.618034,
      "z" : -10.281153
    }
  }, {
    "shape" : "60ec537e-6040-430a-9d1a-3461313903ce",
    "color" : "#FFFFFF",
    "position" : {
      "x" : 4.236068,
      "y" : -7.663119,
      "z" : 4.236068
    },
    "orientation" : 16
  }, {
    "shape" : "681ecfb7-d469-4aec-a962-ed6e5ae845c8",
    "color" : "#008D36",
    "position" : {
      "x" : 4.236068,
      "y" : -7.663119,
      "z" : 4.236068
    },
    "orientation" : 7
  }, {
    "shape" : "fc7722f5-b1eb-46f1-9259-2477b669a1f3",
    "color" : "#FFFFFF",
    "position" : {
      "x" : -2.618034,
      "y" : 10.281153,
      "z" : 0.0
    }
  }, {
    "shape" : "66516105-912a-4cff-9442-3c013624f1b6",
    "color" : "#007695",
    "position" : {
      "x" : 2.618034,
      "y" : 10.281153,
      "z" : 0.0
    },
    "orientation" : 25
  }, {
    "shape" : "fc7722f5-b1eb-46f1-9259-2477b669a1f3",
    "color" : "#FFFFFF",
    "position" : {
      "x" : -4.236068,
      "y" : -7.663119,
      "z" : 4.236068
    }
  }, {
    "shape" : "681ecfb7-d469-4aec-a962-ed6e5ae845c8",
    "color" : "#008D36",
    "position" : {
      "x" : 4.236068,
      "y" : 4.236068,
      "z" : -7.663119
    },
    "orientation" : 8
  }, {
    "shape" : "60ec537e-6040-430a-9d1a-3461313903ce",
    "color" : "#FFFFFF",
    "position" : {
      "x" : 7.663119,
      "y" : 4.236068,
      "z" : -4.236068
    },
    "orientation" : 15
  }, {
    "shape" : "66516105-912a-4cff-9442-3c013624f1b6",
    "color" : "#007695",
    "position" : {
      "x" : -6.045085,
      "y" : 6.854102,
      "z" : 0.0
    },
    "orientation" : 40
  }, {
    "shape" : "60ec537e-6040-430a-9d1a-3461313903ce",
    "color" : "#FFFFFF",
    "position" : {
      "x" : -7.663119,
      "y" : -4.236068,
      "z" : -4.236068
    },
    "orientation" : 45
  }, {
    "shape" : "60ec537e-6040-430a-9d1a-3461313903ce",
    "color" : "#FFFFFF",
    "position" : {
      "x" : 0.0,
      "y" : -6.045085,
      "z" : 6.854102
    },
    "orientation" : 47
  }, {
    "shape" : "66516105-912a-4cff-9442-3c013624f1b6",
    "color" : "#007695",
    "position" : {
      "x" : 0.0,
      "y" : 6.045085,
      "z" : -6.854102
    },
    "orientation" : 38
  }, {
    "shape" : "681ecfb7-d469-4aec-a962-ed6e5ae845c8",
    "color" : "#008D36",
    "position" : {
      "x" : 0.0,
      "y" : -6.045085,
      "z" : 6.854102
    },
    "orientation" : 7
  }, {
    "shape" : "66516105-912a-4cff-9442-3c013624f1b6",
    "color" : "#007695",
    "position" : {
      "x" : 6.854102,
      "y" : 0.0,
      "z" : -6.045085
    },
    "orientation" : 36
  }, {
    "shape" : "681ecfb7-d469-4aec-a962-ed6e5ae845c8",
    "color" : "#008D36",
    "position" : {
      "x" : -6.854102,
      "y" : 0.0,
      "z" : 6.045085
    },
    "orientation" : 53
  }, {
    "shape" : "66516105-912a-4cff-9442-3c013624f1b6",
    "color" : "#007695",
    "position" : {
      "x" : -4.236068,
      "y" : 7.663119,
      "z" : -4.236068
    },
    "orientation" : 10
  }, {
    "shape" : "fc7722f5-b1eb-46f1-9259-2477b669a1f3",
    "color" : "#FFFFFF",
    "position" : {
      "x" : 7.663119,
      "y" : 4.236068,
      "z" : 4.236068
    }
  }, {
    "shape" : "fc7722f5-b1eb-46f1-9259-2477b669a1f3",
    "color" : "#FFFFFF",
    "position" : {
      "x" : -4.236068,
      "y" : -4.236068,
      "z" : 7.663119
    }
  }, {
    "shape" : "fc7722f5-b1eb-46f1-9259-2477b669a1f3",
    "color" : "#FFFFFF",
    "position" : {
      "x" : -2.618034,
      "y" : -10.281153,
      "z" : 0.0
    }
  }, {
    "shape" : "681ecfb7-d469-4aec-a962-ed6e5ae845c8",
    "color" : "#008D36",
    "position" : {
      "x" : 7.663119,
      "y" : 4.236068,
      "z" : 4.236068
    },
    "orientation" : 51
  }, {
    "shape" : "681ecfb7-d469-4aec-a962-ed6e5ae845c8",
    "color" : "#008D36",
    "position" : {
      "x" : 7.663119,
      "y" : -4.236068,
      "z" : -4.236068
    },
    "orientation" : 36
  }, {
    "shape" : "681ecfb7-d469-4aec-a962-ed6e5ae845c8",
    "color" : "#008D36",
    "position" : {
      "x" : -4.236068,
      "y" : -7.663119,
      "z" : 4.236068
    },
    "orientation" : 7
  }, {
    "shape" : "66516105-912a-4cff-9442-3c013624f1b6",
    "color" : "#007695",
    "position" : {
      "x" : 6.045085,
      "y" : 6.854102,
      "z" : 0.0
    },
    "orientation" : 25
  }, {
    "shape" : "66516105-912a-4cff-9442-3c013624f1b6",
    "color" : "#007695",
    "position" : {
      "x" : -2.618034,
      "y" : 10.281153,
      "z" : 0.0
    },
    "orientation" : 40
  }, {
    "shape" : "60ec537e-6040-430a-9d1a-3461313903ce",
    "color" : "#FFFFFF",
    "position" : {
      "x" : -4.236068,
      "y" : -7.663119,
      "z" : -4.236068
    },
    "orientation" : 31
  }, {
    "shape" : "fc7722f5-b1eb-46f1-9259-2477b669a1f3",
    "color" : "#FFFFFF",
    "position" : {
      "x" : -4.236068,
      "y" : 7.663119,
      "z" : -4.236068
    }
  }, {
    "shape" : "fc7722f5-b1eb-46f1-9259-2477b669a1f3",
    "color" : "#FFFFFF",
    "position" : {
      "x" : 0.0,
      "y" : 6.045085,
      "z" : 6.854102
    }
  }, {
    "shape" : "66516105-912a-4cff-9442-3c013624f1b6",
    "color" : "#007695",
    "position" : {
      "x" : 0.0,
      "y" : 2.618034,
      "z" : 10.281153
    },
    "orientation" : 56
  }, {
    "shape" : "fc7722f5-b1eb-46f1-9259-2477b669a1f3",
    "color" : "#FFFFFF",
    "position" : {
      "x" : 4.236068,
      "y" : -4.236068,
      "z" : -7.663119
    }
  }, {
    "shape" : "fc7722f5-b1eb-46f1-9259-2477b669a1f3",
    "color" : "#FFFFFF",
    "position" : {
      "x" : -10.281153,
      "y" : 0.0,
      "z" : 2.618034
    }
  }, {
    "shape" : "66516105-912a-4cff-9442-3c013624f1b6",
    "color" : "#007695",
    "position" : {
      "x" : -4.236068,
      "y" : -7.663119,
      "z" : 4.236068
    },
    "orientation" : 25
  }, {
    "shape" : "66516105-912a-4cff-9442-3c013624f1b6",
    "color" : "#007695",
    "position" : {
      "x" : 0.0,
      "y" : -6.045085,
      "z" : -6.854102
    },
    "orientation" : 41
  }, {
    "shape" : "fc7722f5-b1eb-46f1-9259-2477b669a1f3",
    "color" : "#FFFFFF",
    "position" : {
      "x" : 4.236068,
      "y" : 7.663119,
      "z" : 4.236068
    }
  }, {
    "shape" : "60ec537e-6040-430a-9d1a-3461313903ce",
    "color" : "#FFFFFF",
    "position" : {
      "x" : 6.854102,
      "y" : 0.0,
      "z" : -6.045085
    },
    "orientation" : 30
  }, {
    "shape" : "fc7722f5-b1eb-46f1-9259-2477b669a1f3",
    "color" : "#FFFFFF",
    "position" : {
      "x" : -4.236068,
      "y" : 4.236068,
      "z" : -7.663119
    }
  }, {
    "shape" : "681ecfb7-d469-4aec-a962-ed6e5ae845c8",
    "color" : "#008D36",
    "position" : {
      "x" : 0.0,
      "y" : 6.045085,
      "z" : -6.854102
    },
    "orientation" : 22
  }, {
    "shape" : "fc7722f5-b1eb-46f1-9259-2477b669a1f3",
    "color" : "#FFFFFF",
    "position" : {
      "x" : -4.236068,
      "y" : -4.236068,
      "z" : -7.663119
    }
  }, {
    "shape" : "681ecfb7-d469-4aec-a962-ed6e5ae845c8",
    "color" : "#008D36",
    "position" : {
      "x" : -4.236068,
      "y" : -4.236068,
      "z" : 7.663119
    },
    "orientation" : 53
  }, {
    "shape" : "fc7722f5-b1eb-46f1-9259-2477b669a1f3",
    "color" : "#FFFFFF",
    "position" : {
      "x" : 6.045085,
      "y" : 6.854102,
      "z" : 0.0
    }
  }, {
    "shape" : "681ecfb7-d469-4aec-a962-ed6e5ae845c8",
    "color" : "#008D36",
    "position" : {
      "x" : 0.0,
      "y" : 6.045085,
      "z" : 6.854102
    },
    "orientation" : 37
  }, {
    "shape" : "681ecfb7-d469-4aec-a962-ed6e5ae845c8",
    "color" : "#008D36",
    "position" : {
      "x" : -7.663119,
      "y" : 4.236068,
      "z" : 4.236068
    },
    "orientation" : 6
  }, {
    "shape" : "681ecfb7-d469-4aec-a962-ed6e5ae845c8",
    "color" : "#008D36",
    "position" : {
      "x" : -6.045085,
      "y" : 6.854102,
      "z" : 0.0
    },
    "orientation" : 6
  }, {
    "shape" : "66516105-912a-4cff-9442-3c013624f1b6",
    "color" : "#007695",
    "position" : {
      "x" : -10.281153,
      "y" : 0.0,
      "z" : -2.618034
    },
    "orientation" : 24
  }, {
    "shape" : "fc7722f5-b1eb-46f1-9259-2477b669a1f3",
    "color" : "#FFFFFF",
    "position" : {
      "x" : 0.0,
      "y" : -6.045085,
      "z" : -6.854102
    }
  }, {
    "shape" : "fc7722f5-b1eb-46f1-9259-2477b669a1f3",
    "color" : "#FFFFFF",
    "position" : {
      "x" : 0.0,
      "y" : 0.0,
      "z" : 0.0
    }
  }, {
    "shape" : "66516105-912a-4cff-9442-3c013624f1b6",
    "color" : "#007695",
    "position" : {
      "x" : 0.0,
      "y" : 6.045085,
      "z" : -6.854102
    },
    "orientation" : 11
  }, {
    "shape" : "fc7722f5-b1eb-46f1-9259-2477b669a1f3",
    "color" : "#FFFFFF",
    "position" : {
      "x" : -7.663119,
      "y" : 4.236068,
      "z" : 4.236068
    }
  }, {
    "shape" : "66516105-912a-4cff-9442-3c013624f1b6",
    "color" : "#007695",
    "position" : {
      "x" : 0.0,
      "y" : -2.618034,
      "z" : 10.281153
    },
    "orientation" : 26
  }, {
    "shape" : "66516105-912a-4cff-9442-3c013624f1b6",
    "color" : "#007695",
    "position" : {
      "x" : 6.045085,
      "y" : 6.854102,
      "z" : 0.0
    },
    "orientation" : 37
  }, {
    "shape" : "66516105-912a-4cff-9442-3c013624f1b6",
    "color" : "#007695",
    "position" : {
      "x" : 0.0,
      "y" : -6.045085,
      "z" : 6.854102
    },
    "orientation" : 26
  }, {
    "shape" : "fc7722f5-b1eb-46f1-9259-2477b669a1f3",
    "color" : "#FFFFFF",
    "position" : {
      "x" : 4.236068,
      "y" : 7.663119,
      "z" : -4.236068
    }
  }, {
    "shape" : "fc7722f5-b1eb-46f1-9259-2477b669a1f3",
    "color" : "#FFFFFF",
    "position" : {
      "x" : -10.281153,
      "y" : 0.0,
      "z" : -2.618034
    }
  }, {
    "shape" : "681ecfb7-d469-4aec-a962-ed6e5ae845c8",
    "color" : "#008D36",
    "position" : {
      "x" : -4.236068,
      "y" : 4.236068,
      "z" : 7.663119
    },
    "orientation" : 53
  }, {
    "shape" : "66516105-912a-4cff-9442-3c013624f1b6",
    "color" : "#007695",
    "position" : {
      "x" : -6.045085,
      "y" : 6.854102,
      "z" : 0.0
    },
    "orientation" : 22
  }, {
    "shape" : "60ec537e-6040-430a-9d1a-3461313903ce",
    "color" : "#FFFFFF",
    "position" : {
      "x" : 4.236068,
      "y" : -4.236068,
      "z" : 7.663119
    },
    "orientation" : 32
  }, {
    "shape" : "681ecfb7-d469-4aec-a962-ed6e5ae845c8",
    "color" : "#008D36",
    "position" : {
      "x" : 4.236068,
      "y" : 7.663119,
      "z" : 4.236068
    },
    "orientation" : 37
  }, {
    "shape" : "60ec537e-6040-430a-9d1a-3461313903ce",
    "color" : "#FFFFFF",
    "position" : {
      "x" : -4.236068,
      "y" : 7.663119,
      "z" : 4.236068
    },
    "orientation" : 46
  }, {
    "shape" : "fc7722f5-b1eb-46f1-9259-2477b669a1f3",
    "color" : "#FFFFFF",
    "position" : {
      "x" : -4.236068,
      "y" : 4.236068,
      "z" : 7.663119
    }
  }, {
    "shape" : "fc7722f5-b1eb-46f1-9259-2477b669a1f3",
    "color" : "#FFFFFF",
    "position" : {
      "x" : -6.045085,
      "y" : -6.854102,
      "z" : 0.0
    }
  }, {
    "shape" : "66516105-912a-4cff-9442-3c013624f1b6",
    "color" : "#007695",
    "position" : {
      "x" : -6.854102,
      "y" : 0.0,
      "z" : -6.045085
    },
    "orientation" : 24
  }, {
    "shape" : "66516105-912a-4cff-9442-3c013624f1b6",
    "color" : "#007695",
    "position" : {
      "x" : -10.281153,
      "y" : 0.0,
      "z" : 2.618034
    },
    "orientation" : 9
  }, {
    "shape" : "681ecfb7-d469-4aec-a962-ed6e5ae845c8",
    "color" : "#008D36",
    "position" : {
      "x" : 6.045085,
      "y" : 6.854102,
      "z" : 0.0
    },
    "orientation" : 51
  }, {
    "shape" : "66516105-912a-4cff-9442-3c013624f1b6",
    "color" : "#007695",
    "position" : {
      "x" : 10.281153,
      "y" : 0.0,
      "z" : 2.618034
    },
    "orientation" : 47
  }, {
    "shape" : "681ecfb7-d469-4aec-a962-ed6e5ae845c8",
    "color" : "#008D36",
    "position" : {
      "x" : -4.236068,
      "y" : 7.663119,
      "z" : 4.236068
    },
    "orientation" : 37
  }, {
    "shape" : "fc7722f5-b1eb-46f1-9259-2477b669a1f3",
    "color" : "#FFFFFF",
    "position" : {
      "x" : 6.854102,
      "y" : 0.0,
      "z" : 6.045085
    }
  }, {
    "shape" : "66516105-912a-4cff-9442-3c013624f1b6",
    "color" : "#007695",
    "position" : {
      "x" : 4.236068,
      "y" : 7.663119,
      "z" : 4.236068
    },
    "orientation" : 55
  }, {
    "shape" : "60ec537e-6040-430a-9d1a-3461313903ce",
    "color" : "#FFFFFF",
    "position" : {
      "x" : -6.854102,
      "y" : 0.0,
      "z" : -6.045085
    },
    "orientation" : 0
  }, {
    "shape" : "66516105-912a-4cff-9442-3c013624f1b6",
    "color" : "#007695",
    "position" : {
      "x" : -6.854102,
      "y" : 0.0,
      "z" : 6.045085
    },
    "orientation" : 21
  }, {
    "shape" : "fc7722f5-b1eb-46f1-9259-2477b669a1f3",
    "color" : "#FFFFFF",
    "position" : {
      "x" : -6.854102,
      "y" : 0.0,
      "z" : 6.045085
    }
  }, {
    "shape" : "fc7722f5-b1eb-46f1-9259-2477b669a1f3",
    "color" : "#FFFFFF",
    "position" : {
      "x" : 2.618034,
      "y" : -10.281153,
      "z" : 0.0
    }
  }, {
    "shape" : "66516105-912a-4cff-9442-3c013624f1b6",
    "color" : "#007695",
    "position" : {
      "x" : 0.0,
      "y" : -2.618034,
      "z" : 10.281153
    },
    "orientation" : 53
  }, {
    "shape" : "60ec537e-6040-430a-9d1a-3461313903ce",
    "color" : "#FFFFFF",
    "position" : {
      "x" : 4.236068,
      "y" : 7.663119,
      "z" : -4.236068
    },
    "orientation" : 1
  }, {
    "shape" : "60ec537e-6040-430a-9d1a-3461313903ce",
    "color" : "#FFFFFF",
    "position" : {
      "x" : -6.854102,
      "y" : 0.0,
      "z" : 6.045085
    },
    "orientation" : 15
  }, {
    "shape" : "681ecfb7-d469-4aec-a962-ed6e5ae845c8",
    "color" : "#008D36",
    "position" : {
      "x" : -7.663119,
      "y" : -4.236068,
      "z" : 4.236068
    },
    "orientation" : 21
  }, {
    "shape" : "66516105-912a-4cff-9442-3c013624f1b6",
    "color" : "#007695",
    "position" : {
      "x" : -2.618034,
      "y" : -10.281153,
      "z" : 0.0
    },
    "orientation" : 55
  }, {
    "shape" : "fc7722f5-b1eb-46f1-9259-2477b669a1f3",
    "color" : "#FFFFFF",
    "position" : {
      "x" : 7.663119,
      "y" : -4.236068,
      "z" : 4.236068
    }
  }, {
    "shape" : "681ecfb7-d469-4aec-a962-ed6e5ae845c8",
    "color" : "#008D36",
    "position" : {
      "x" : 4.236068,
      "y" : 4.236068,
      "z" : 7.663119
    },
    "orientation" : 23
  }, {
    "shape" : "fc7722f5-b1eb-46f1-9259-2477b669a1f3",
    "color" : "#FFFFFF",
    "position" : {
      "x" : 10.281153,
      "y" : 0.0,
      "z" : -2.618034
    }
  }, {
    "shape" : "66516105-912a-4cff-9442-3c013624f1b6",
    "color" : "#007695",
    "position" : {
      "x" : 2.618034,
      "y" : -10.281153,
      "z" : 0.0
    },
    "orientation" : 45
  }, {
    "shape" : "60ec537e-6040-430a-9d1a-3461313903ce",
    "color" : "#FFFFFF",
    "position" : {
      "x" : -4.236068,
      "y" : -4.236068,
      "z" : -7.663119
    },
    "orientation" : 17
  }, {
    "shape" : "66516105-912a-4cff-9442-3c013624f1b6",
    "color" : "#007695",
    "position" : {
      "x" : 2.618034,
      "y" : -10.281153,
      "z" : 0.0
    },
    "orientation" : 10
  }, {
    "shape" : "681ecfb7-d469-4aec-a962-ed6e5ae845c8",
    "color" : "#008D36",
    "position" : {
      "x" : -4.236068,
      "y" : -4.236068,
      "z" : -7.663119
    },
    "orientation" : 38
  }, {
    "shape" : "fc7722f5-b1eb-46f1-9259-2477b669a1f3",
    "color" : "#FFFFFF",
    "position" : {
      "x" : -4.236068,
      "y" : 7.663119,
      "z" : 4.236068
    }
  }, {
    "shape" : "60ec537e-6040-430a-9d1a-3461313903ce",
    "color" : "#FFFFFF",
    "position" : {
      "x" : -6.045085,
      "y" : -6.854102,
      "z" : 0.0
    },
    "orientation" : 1
  }, {
    "shape" : "fc7722f5-b1eb-46f1-9259-2477b669a1f3",
    "color" : "#FFFFFF",
    "position" : {
      "x" : 10.281153,
      "y" : 0.0,
      "z" : 2.618034
    }
  }, {
    "shape" : "fc7722f5-b1eb-46f1-9259-2477b669a1f3",
    "color" : "#FFFFFF",
    "position" : {
      "x" : 0.0,
      "y" : 2.618034,
      "z" : -10.281153
    }
  }, {
    "shape" : "fc7722f5-b1eb-46f1-9259-2477b669a1f3",
    "color" : "#FFFFFF",
    "position" : {
      "x" : 0.0,
      "y" : -2.618034,
      "z" : 10.281153
    }
  }, {
    "shape" : "66516105-912a-4cff-9442-3c013624f1b6",
    "color" : "#007695",
    "position" : {
      "x" : -4.236068,
      "y" : 4.236068,
      "z" : -7.663119
    },
    "orientation" : 26
  }, {
    "shape" : "fc7722f5-b1eb-46f1-9259-2477b669a1f3",
    "color" : "#FFFFFF",
    "position" : {
      "x" : -6.045085,
      "y" : 6.854102,
      "z" : 0.0
    }
  }, {
    "shape" : "681ecfb7-d469-4aec-a962-ed6e5ae845c8",
    "color" : "#008D36",
    "position" : {
      "x" : -6.045085,
      "y" : -6.854102,
      "z" : 0.0
    },
    "orientation" : 21
  }, {
    "shape" : "681ecfb7-d469-4aec-a962-ed6e5ae845c8",
    "color" : "#008D36",
    "position" : {
      "x" : -4.236068,
      "y" : 4.236068,
      "z" : -7.663119
    },
    "orientation" : 38
  }, {
    "shape" : "66516105-912a-4cff-9442-3c013624f1b6",
    "color" : "#007695",
    "position" : {
      "x" : -6.045085,
      "y" : -6.854102,
      "z" : 0.0
    },
    "orientation" : 55
  }, {
    "shape" : "66516105-912a-4cff-9442-3c013624f1b6",
    "color" : "#007695",
    "position" : {
      "x" : -7.663119,
      "y" : -4.236068,
      "z" : 4.236068
    },
    "orientation" : 54
  }, {
    "shape" : "66516105-912a-4cff-9442-3c013624f1b6",
    "color" : "#007695",
    "position" : {
      "x" : 0.0,
      "y" : 2.618034,
      "z" : -10.281153
    },
    "orientation" : 11
  }, {
    "shape" : "60ec537e-6040-430a-9d1a-3461313903ce",
    "color" : "#FFFFFF",
    "position" : {
      "x" : 7.663119,
      "y" : -4.236068,
      "z" : 4.236068
    },
    "orientation" : 0
  }, {
    "shape" : "681ecfb7-d469-4aec-a962-ed6e5ae845c8",
    "color" : "#008D36",
    "position" : {
      "x" : 0.0,
      "y" : -6.045085,
      "z" : -6.854102
    },
    "orientation" : 52
  }, {
    "shape" : "66516105-912a-4cff-9442-3c013624f1b6",
    "color" : "#007695",
    "position" : {
      "x" : 4.236068,
      "y" : -7.663119,
      "z" : -4.236068
    },
    "orientation" : 40
  }, {
    "shape" : "66516105-912a-4cff-9442-3c013624f1b6",
    "color" : "#007695",
    "position" : {
      "x" : 0.0,
      "y" : 2.618034,
      "z" : 10.281153
    },
    "orientation" : 16
  }, {
    "shape" : "66516105-912a-4cff-9442-3c013624f1b6",
    "color" : "#007695",
    "position" : {
      "x" : -6.045085,
      "y" : -6.854102,
      "z" : 0.0
    },
    "orientation" : 7
  }, {
    "shape" : "681ecfb7-d469-4aec-a962-ed6e5ae845c8",
    "color" : "#008D36",
    "position" : {
      "x" : 6.045085,
      "y" : -6.854102,
      "z" : 0.0
    },
    "orientation" : 36
  }, {
    "shape" : "681ecfb7-d469-4aec-a962-ed6e5ae845c8",
    "color" : "#008D36",
    "position" : {
      "x" : -4.236068,
      "y" : -7.663119,
      "z" : -4.236068
    },
    "orientation" : 52
  }, {
    "shape" : "66516105-912a-4cff-9442-3c013624f1b6",
    "color" : "#007695",
    "position" : {
      "x" : 0.0,
      "y" : -6.045085,
      "z" : -6.854102
    },
    "orientation" : 8
  }, {
    "shape" : "66516105-912a-4cff-9442-3c013624f1b6",
    "color" : "#007695",
    "position" : {
      "x" : 10.281153,
      "y" : 0.0,
      "z" : 2.618034
    },
    "orientation" : 39
  }, {
    "shape" : "fc7722f5-b1eb-46f1-9259-2477b669a1f3",
    "color" : "#FFFFFF",
    "position" : {
      "x" : -7.663119,
      "y" : -4.236068,
      "z" : 4.236068
    }
  }, {
    "shape" : "66516105-912a-4cff-9442-3c013624f1b6",
    "color" : "#007695",
    "position" : {
      "x" : 0.0,
      "y" : -2.618034,
      "z" : -10.281153
    },
    "orientation" : 1
  }, {
    "shape" : "681ecfb7-d469-4aec-a962-ed6e5ae845c8",
    "color" : "#008D36",
    "position" : {
      "x" : 6.854102,
      "y" : 0.0,
      "z" : 6.045085
    },
    "orientation" : 23
  }, {
    "shape" : "60ec537e-6040-430a-9d1a-3461313903ce",
    "color" : "#FFFFFF",
    "position" : {
      "x" : 0.0,
      "y" : -6.045085,
      "z" : -6.854102
    },
    "orientation" : 2
  }, {
    "shape" : "66516105-912a-4cff-9442-3c013624f1b6",
    "color" : "#007695",
    "position" : {
      "x" : 0.0,
      "y" : -6.045085,
      "z" : 6.854102
    },
    "orientation" : 53
  }, {
    "shape" : "66516105-912a-4cff-9442-3c013624f1b6",
    "color" : "#007695",
    "position" : {
      "x" : 10.281153,
      "y" : 0.0,
      "z" : -2.618034
    },
    "orientation" : 54
  }, {
    "shape" : "681ecfb7-d469-4aec-a962-ed6e5ae845c8",
    "color" : "#008D36",
    "position" : {
      "x" : -4.236068,
      "y" : 7.663119,
      "z" : -4.236068
    },
    "orientation" : 22
  }, {
    "shape" : "66516105-912a-4cff-9442-3c013624f1b6",
    "color" : "#007695",
    "position" : {
      "x" : 6.045085,
      "y" : -6.854102,
      "z" : 0.0
    },
    "orientation" : 52
  }, {
    "shape" : "681ecfb7-d469-4aec-a962-ed6e5ae845c8",
    "color" : "#008D36",
    "position" : {
      "x" : -7.663119,
      "y" : 4.236068,
      "z" : -4.236068
    },
    "orientation" : 6
  }, {
    "shape" : "681ecfb7-d469-4aec-a962-ed6e5ae845c8",
    "color" : "#008D36",
    "position" : {
      "x" : 4.236068,
      "y" : -7.663119,
      "z" : -4.236068
    },
    "orientation" : 52
  }, {
    "shape" : "66516105-912a-4cff-9442-3c013624f1b6",
    "color" : "#007695",
    "position" : {
      "x" : 6.854102,
      "y" : 0.0,
      "z" : 6.045085
    },
    "orientation" : 51
  }, {
    "shape" : "fc7722f5-b1eb-46f1-9259-2477b669a1f3",
    "color" : "#FFFFFF",
    "position" : {
      "x" : 6.854102,
      "y" : 0.0,
      "z" : -6.045085
    }
  }, {
    "shape" : "60ec537e-6040-430a-9d1a-3461313903ce",
    "color" : "#FFFFFF",
    "position" : {
      "x" : 4.236068,
      "y" : 4.236068,
      "z" : -7.663119
    },
    "orientation" : 47
  }, {
    "shape" : "fc7722f5-b1eb-46f1-9259-2477b669a1f3",
    "color" : "#FFFFFF",
    "position" : {
      "x" : -6.854102,
      "y" : 0.0,
      "z" : -6.045085
    }
  }, {
    "shape" : "66516105-912a-4cff-9442-3c013624f1b6",
    "color" : "#007695",
    "position" : {
      "x" : 0.0,
      "y" : -2.618034,
      "z" : -10.281153
    },
    "orientation" : 41
  }, {
    "shape" : "60ec537e-6040-430a-9d1a-3461313903ce",
    "color" : "#FFFFFF",
    "position" : {
      "x" : 0.0,
      "y" : 6.045085,
      "z" : -6.854102
    },
    "orientation" : 32
  }, {
    "shape" : "681ecfb7-d469-4aec-a962-ed6e5ae845c8",
    "color" : "#008D36",
    "position" : {
      "x" : 4.236068,
      "y" : 7.663119,
      "z" : -4.236068
    },
    "orientation" : 22
  }, {
    "shape" : "681ecfb7-d469-4aec-a962-ed6e5ae845c8",
    "color" : "#008D36",
    "position" : {
      "x" : -7.663119,
      "y" : -4.236068,
      "z" : -4.236068
    },
    "orientation" : 21
  }, {
    "shape" : "66516105-912a-4cff-9442-3c013624f1b6",
    "color" : "#007695",
    "position" : {
      "x" : 6.045085,
      "y" : -6.854102,
      "z" : 0.0
    },
    "orientation" : 10
  }, {
    "shape" : "fc7722f5-b1eb-46f1-9259-2477b669a1f3",
    "color" : "#FFFFFF",
    "position" : {
      "x" : 4.236068,
      "y" : 4.236068,
      "z" : -7.663119
    }
  }, {
    "shape" : "681ecfb7-d469-4aec-a962-ed6e5ae845c8",
    "color" : "#008D36",
    "position" : {
      "x" : -6.854102,
      "y" : 0.0,
      "z" : -6.045085
    },
    "orientation" : 38
  }, {
    "shape" : "60ec537e-6040-430a-9d1a-3461313903ce",
    "color" : "#FFFFFF",
    "position" : {
      "x" : -6.045085,
      "y" : 6.854102,
      "z" : 0.0
    },
    "orientation" : 16
  }, {
    "shape" : "681ecfb7-d469-4aec-a962-ed6e5ae845c8",
    "color" : "#008D36",
    "position" : {
      "x" : 4.236068,
      "y" : -4.236068,
      "z" : 7.663119
    },
    "orientation" : 23
  }, {
    "shape" : "66516105-912a-4cff-9442-3c013624f1b6",
    "color" : "#007695",
    "position" : {
      "x" : 6.854102,
      "y" : 0.0,
      "z" : 6.045085
    },
    "orientation" : 39
  }, {
    "shape" : "60ec537e-6040-430a-9d1a-3461313903ce",
