{
  "field" : "golden",
  "symmetry" : "icosahedral",
  "orientations" : [ [ 1.0, 0.0, 0.0, 0.0, 0.0, 1.0, 0.0, 0.0, 0.0, 0.0, 1.0, 0.0, 0.0, 0.0, 0.0, 1.0 ], [ 0.0, 0.0, 1.0, 0.0, 1.0, 0.0, 0.0, 0.0, 0.0, 1.0, 0.0, 0.0, 0.0, 0.0, 0.0, 1.0 ], [ 0.0, 1.0, 0.0, 0.0, 0.0, 0.0, 1.0, 0.0, 1.0, 0.0, 0.0, 0.0, 0.0, 0.0, 0.0, 1.0 ], [ 0.809017, 0.309017, 0.5, 0.0, 0.309017, 0.5, -0.809017, 0.0, -0.5, 0.809017, 0.309017, 0.0, 0.0, 0.0, 0.0, 1.0 ], [ -0.5, 0.809017, 0.309017, 0.0, 0.809017, 0.309017, 0.5, 0.0, 0.309017, 0.5, -0.809017, 0.0, 0.0, 0.0, 0.0, 1.0 ], [ 0.309017, 0.5, -0.809017, 0.0, -0.5, 0.809017, 0.309017, 0.0, 0.809017, 0.309017, 0.5, 0.0, 0.0, 0.0, 0.0, 1.0 ], [ 0.5, 0.809017, 0.309017, 0.0, 0.809017, -0.309017, -0.5, 0.0, -0.309017, 0.5, -0.809017, 0.0, 0.0, 0.0, 0.0, 1.0 ], [ -0.309017, 0.5, -0.809017, 0.0, 0.5, 0.809017, 0.309017, 0.0, 0.809017, -0.309017, -0.5, 0.0, 0.0, 0.0, 0.0, 1.0 ], [ 0.809017, -0.309017, -0.5, 0.0, -0.309017, 0.5, -0.809017, 0.0, 0.5, 0.809017, 0.309017, 0.0, 0.0, 0.0, 0.0, 1.0 ], [ 0.5, 0.809017, -0.309017, 0.0, 0.809017, -0.309017, 0.5, 0.0, 0.309017, -0.5, -0.809017, 0.0, 0.0, 0.0, 0.0, 1.0 ], [ 0.309017, -0.5, -0.809017, 0.0, 0.5, 0.809017, -0.309017, 0.0, 0.809017, -0.309017, 0.5, 0.0, 0.0, 0.0, 0.0, 1.0 ], [ 0.809017, -0.309017, 0.5, 0.0, 0.309017, -0.5, -0.809017, 0.0, 0.5, 0.809017, -0.309017, 0.0, 0.0, 0.0, 0.0, 1.0 ], [ 0.809017, 0.309017, -0.5, 0.0, 0.309017, 0.5, 0.809017, 0.0, 0.5, -0.809017, 0.309017, 0.0, 0.0, 0.0, 0.0, 1.0 ], [ 0.5, -0.809017, 0.309017, 0.0, 0.809017, 0.309017, -0.5, 0.0, 0.309017, 0.5, 0.809017, 0.0, 0.0, 0.0, 0.0, 1.0 ], [ 0.309017, 0.5, 0.809017, 0.0, 0.5, -0.809017, 0.309017, 0.0, 0.809017, 0.309017, -0.5, 0.0, 0.0, 0.0, 0.0, 1.0 ], [ 1.0, 0.0, 0.0, 0.0, 0.0, -1.0, 0.0, 0.0, 0.0, 0.0, -1.0, 0.0, 0.0, 0.0, 0.0, 1.0 ], [ 0.0, 0.0, 1.0, 0.0, -1.0, 0.0, 0.0, 0.0, 0.0, -1.0, 0.0, 0.0, 0.0, 0.0, 0.0, 1.0 ], [ 0.0, 1.0, 0.0, 0.0, 0.0, 0.0, -1.0, 0.0, -1.0, 0.0, 0.0, 0.0, 0.0, 0.0, 0.0, 1.0 ], [ 0.809017, 0.309017, 0.5, 0.0, -0.309017, -0.5, 0.809017, 0.0, 0.5, -0.809017, -0.309017, 0.0, 0.0, 0.0, 0.0, 1.0 ], [ -0.5, 0.809017, 0.309017, 0.0, -0.809017, -0.309017, -0.5, 0.0, -0.309017, -0.5, 0.809017, 0.0, 0.0, 0.0, 0.0, 1.0 ], [ 0.309017, 0.5, -0.809017, 0.0, 0.5, -0.809017, -0.309017, 0.0, -0.809017, -0.309017, -0.5, 0.0, 0.0, 0.0, 0.0, 1.0 ], [ 0.5, 0.809017, 0.309017, 0.0, -0.809017, 0.309017, 0.5, 0.0, 0.309017, -0.5, 0.809017, 0.0, 0.0, 0.0, 0.0, 1.0 ], [ -0.309017, 0.5, -0.809017, 0.0, -0.5, -0.809017, -0.309017, 0.0, -0.809017, 0.309017, 0.5, 0.0, 0.0, 0.0, 0.0, 1.0 ], [ 0.809017, -0.309017, -0.5, 0.0, 0.309017, -0.5, 0.809017, 0.0, -0.5, -0.809017, -0.309017, 0.0, 0.0, 0.0, 0.0, 1.0 ], [ 0.5, 0.809017, -0.309017, 0.0, -0.809017, 0.309017, -0.5, 0.0, -0.309017, 0.5, 0.809017, 0.0, 0.0, 0.0, 0.0, 1.0 ], [ 0.309017, -0.5, -0.809017, 0.0, -0.5, -0.809017, 0.309017, 0.0, -0.809017, 0.309017, -0.5, 0.0, 0.0, 0.0, 0.0, 1.0 ], [ 0.809017, -0.309017, 0.5, 0.0, -0.309017, 0.5, 0.809017, 0.0, -0.5, -0.809017, 0.309017, 0.0, 0.0, 0.0, 0.0, 1.0 ], [ 0.809017, 0.309017, -0.5, 0.0, -0.309017, -0.5, -0.809017, 0.0, -0.5, 0.809017, -0.309017, 0.0, 0.0, 0.0, 0.0, 1.0 ], [ 0.5, -0.809017, 0.309017, 0.0, -0.809017, -0.309017, 0.5, 0.0, -0.309017, -0.5, -0.809017, 0.0, 0.0, 0.0, 0.0, 1.0 ], [ 0.309017, 0.5, 0.809017, 0.0, -0.5, 0.809017, -0.309017, 0.0, -0.809017, -0.309017, 0.5, 0.0, 0.0, 0.0, 0.0, 1.0 ], [ -1.0, 0.0, 0.0, 0.0, 0.0, -1.0, 0.0, 0.0, 0.0, 0.0, 1.0, 0.0, 0.0, 0.0, 0.0, 1.0 ], [ 0.0, 0.0, -1.0, 0.0, -1.0, 0.0, 0.0, 0.0, 0.0, 1.0, 0.0, 0.0, 0.0, 0.0, 0.0, 1.0 ], [ 0.0, -1.0, 0.0, 0.0, 0.0, 0.0, -1.0, 0.0, 1.0, 0.0, 0.0, 0.0, 0.0, 0.0, 0.0, 1.0 ], [ -0.809017, -0.309017, -0.5, 0.0, -0.309017, -0.5, 0.809017, 0.0, -0.5, 0.809017, 0.309017, 0.0, 0.0, 0.0, 0.0, 1.0 ], [ 0.5, -0.809017, -0.309017, 0.0, -0.809017, -0.309017, -0.5, 0.0, 0.309017, 0.5, -0.809017, 0.0, 0.0, 0.0, 0.0, 1.0 ], [ -0.309017, -0.5, 0.809017, 0.0, 0.5, -0.809017, -0.309017, 0.0, 0.809017, 0.309017, 0.5, 0.0, 0.0, 0.0, 0.0, 1.0 ], [ -0.5, -0.809017, -0.309017, 0.0, -0.809017, 0.309017, 0.5, 0.0, -0.309017, 0.5, -0.809017, 0.0, 0.0, 0.0, 0.0, 1.0 ], [ 0.309017, -0.5, 0.809017, 0.0, -0.5, -0.809017, -0.309017, 0.0, 0.809017, -0.309017, -0.5, 0.0, 0.0, 0.0, 0.0, 1.0 ], [ -0.809017, 0.309017, 0.5, 0.0, 0.309017, -0.5, 0.809017, 0.0, 0.5, 0.809017, 0.309017, 0.0, 0.0, 0.0, 0.0, 1.0 ], [ -0.5, -0.809017, 0.309017, 0.0, -0.809017, 0.309017, -0.5, 0.0, 0.309017, -0.5, -0.809017, 0.0, 0.0, 0.0, 0.0, 1.0 ], [ -0.309017, 0.5, 0.809017, 0.0, -0.5, -0.809017, 0.309017, 0.0, 0.809017, -0.309017, 0.5, 0.0, 0.0, 0.0, 0.0, 1.0 ], [ -0.809017, 0.309017, -0.5, 0.0, -0.309017, 0.5, 0.809017, 0.0, 0.5, 0.809017, -0.309017, 0.0, 0.0, 0.0, 0.0, 1.0 ], [ -0.809017, -0.309017, 0.5, 0.0, -0.309017, -0.5, -0.809017, 0.0, 0.5, -0.809017, 0.309017, 0.0, 0.0, 0.0, 0.0, 1.0 ], [ -0.5, 0.809017, -0.309017, 0.0, -0.809017, -0.309017, 0.5, 0.0, 0.309017, 0.5, 0.809017, 0.0, 0.0, 0.0, 0.0, 1.0 ], [ -0.309017, -0.5, -0.809017, 0.0, -0.5, 0.809017, -0.309017, 0.0, 0.809017, 0.309017, -0.5, 0.0, 0.0, 0.0, 0.0, 1.0 ], [ -1.0, 0.0, 0.0, 0.0, 0.0, 1.0, 0.0, 0.0, 0.0, 0.0, -1.0, 0.0, 0.0, 0.0, 0.0, 1.0 ], [ 0.0, 0.0, -1.0, 0.0, 1.0, 0.0, 0.0, 0.0, 0.0, -1.0, 0.0, 0.0, 0.0, 0.0, 0.0, 1.0 ], [ 0.0, -1.0, 0.0, 0.0, 0.0, 0.0, 1.0, 0.0, -1.0, 0.0, 0.0, 0.0, 0.0, 0.0, 0.0, 1.0 ], [ -0.809017, -0.309017, -0.5, 0.0, 0.309017, 0.5, -0.809017, 0.0, 0.5, -0.809017, -0.309017, 0.0, 0.0, 0.0, 0.0, 1.0 ], [ 0.5, -0.809017, -0.309017, 0.0, 0.809017, 0.309017, 0.5, 0.0, -0.309017, -0.5, 0.809017, 0.0, 0.0, 0.0, 0.0, 1.0 ], [ -0.309017, -0.5, 0.809017, 0.0, -0.5, 0.809017, 0.309017, 0.0, -0.809017, -0.309017, -0.5, 0.0, 0.0, 0.0, 0.0, 1.0 ], [ -0.5, -0.809017, -0.309017, 0.0, 0.809017, -0.309017, -0.5, 0.0, 0.309017, -0.5, 0.809017, 0.0, 0.0, 0.0, 0.0, 1.0 ], [ 0.309017, -0.5, 0.809017, 0.0, 0.5, 0.809017, 0.309017, 0.0, -0.809017, 0.309017, 0.5, 0.0, 0.0, 0.0, 0.0, 1.0 ], [ -0.809017, 0.309017, 0.5, 0.0, -0.309017, 0.5, -0.809017, 0.0, -0.5, -0.809017, -0.309017, 0.0, 0.0, 0.0, 0.0, 1.0 ], [ -0.5, -0.809017, 0.309017, 0.0, 0.809017, -0.309017, 0.5, 0.0, -0.309017, 0.5, 0.809017, 0.0, 0.0, 0.0, 0.0, 1.0 ], [ -0.309017, 0.5, 0.809017, 0.0, 0.5, 0.809017, -0.309017, 0.0, -0.809017, 0.309017, -0.5, 0.0, 0.0, 0.0, 0.0, 1.0 ], [ -0.809017, 0.309017, -0.5, 0.0, 0.309017, -0.5, -0.809017, 0.0, -0.5, -0.809017, 0.309017, 0.0, 0.0, 0.0, 0.0, 1.0 ], [ -0.809017, -0.309017, 0.5, 0.0, 0.309017, 0.5, 0.809017, 0.0, -0.5, 0.809017, -0.309017, 0.0, 0.0, 0.0, 0.0, 1.0 ], [ -0.5, 0.809017, -0.309017, 0.0, 0.809017, 0.309017, -0.5, 0.0, -0.309017, -0.5, -0.809017, 0.0, 0.0, 0.0, 0.0, 1.0 ], [ -0.309017, -0.5, -0.809017, 0.0, 0.5, -0.809017, 0.309017, 0.0, -0.809017, -0.309017, 0.5, 0.0, 0.0, 0.0, 0.0, 1.0 ] ],
  "lights" : {
    "ambientColor" : "#292929",
    "backgroundColor" : "#CCCCCC",
    "directionalLights" : [ {
      "direction" : {
        "x" : 1.0,
        "y" : -1.0,
        "z" : -1.0
      },
      "color" : "#EBEBE4"
    }, {
      "direction" : {
        "x" : -1.0,
        "y" : 0.0,
        "z" : 0.0
      },
      "color" : "#E4E4EB"
    }, {
      "direction" : {
        "x" : 0.0,
        "y" : 0.0,
        "z" : -1.0
      },
      "color" : "#1E1E1E"
    } ]
  },
  "camera" : {
    "width" : 102.55232,
    "stereo" : false,
    "lookDirection" : {
      "x" : 0.0,
      "y" : 0.0,
      "z" : -1.0
    },
    "upDirection" : {
      "x" : 0.0,
      "y" : 1.0,
      "z" : 0.0
    },
    "lookAtPoint" : {
      "x" : 0.0,
      "y" : 0.0,
      "z" : 0.0
    },
    "viewDistance" : 227.89374,
    "nearClipDistance" : 0.56973565,
    "farClipDistance" : 455.78845,
    "fieldOfView" : 0.44262946,
    "perspective" : true,
    "position" : {
      "x" : 0.0,
      "y" : 0.0,
      "z" : 227.89374
    }
  },
  "embedding" : [ 1.0, 0.0, 0.0, 0.0, 0.0, 1.0, 0.0, 0.0, 0.0, 0.0, 1.0, 0.0, 0.0, 0.0, 0.0, 1.0 ],
  "shapes" : [ {
    "id" : "1b8b8d8b-d21a-42f6-b591-8b19cdd8b8fa",
    "vertices" : [ {
      "x" : 24.798374,
      "y" : -9.472136,
      "z" : 15.326238
    }, {
      "x" : 23.501863,
      "y" : -11.750932,
      "z" : 17.77283
    }, {
      "x" : -11.750932,
      "y" : -17.77283,
      "z" : -23.501863
    }, {
      "x" : -9.472136,
      "y" : -15.326238,
      "z" : -24.798374
    } ],
    "faces" : [ {
      "vertices" : [ 0, 1, 2 ]
    }, {
      "vertices" : [ 0, 2, 3 ]
    }, {
      "vertices" : [ 0, 3, 2 ]
    }, {
      "vertices" : [ 0, 2, 1 ]
    } ]
  }, {
    "id" : "55263cab-e9fb-46fa-9b1b-dec2205bfcd6",
    "vertices" : [ {
      "x" : -9.472136,
      "y" : 15.326238,
      "z" : -24.798374
    }, {
      "x" : -12.99151,
      "y" : 15.76553,
      "z" : -24.268583
    }, {
      "x" : 6.495755,
      "y" : 15.76553,
      "z" : 26.74974
    }, {
      "x" : 9.472136,
      "y" : 15.326238,
      "z" : 24.798374
    } ],
    "faces" : [ {
      "vertices" : [ 0, 1, 2 ]
    }, {
      "vertices" : [ 0, 2, 3 ]
    }, {
      "vertices" : [ 0, 3, 2 ]
    }, {
      "vertices" : [ 0, 2, 1 ]
    } ]
  }, {
    "id" : "51bfdfe0-bfba-4629-a205-4c45ddb99ffd",
    "vertices" : [ {
      "x" : -24.798374,
      "y" : 9.472136,
      "z" : 15.326238
    }, {
      "x" : -26.74974,
      "y" : 6.495755,
      "z" : 15.76553
    }, {
      "x" : -1.2405789,
      "y" : -3.2478776,
      "z" : -31.53106
    }, {
      "x" : 0.0,
      "y" : 0.0,
      "z" : -30.652475
    } ],
    "faces" : [ {
      "vertices" : [ 0, 1, 2 ]
    }, {
      "vertices" : [ 0, 2, 3 ]
    }, {
      "vertices" : [ 0, 3, 2 ]
    }, {
      "vertices" : [ 0, 2, 1 ]
    } ]
  }, {
    "id" : "0184f95c-5222-4776-ad8a-35e06395ac7c",
    "vertices" : [ {
      "x" : -15.326238,
      "y" : 24.798374,
      "z" : -9.472136
    }, {
      "x" : -15.76553,
      "y" : 24.268583,
      "z" : -12.99151
    }, {
      "x" : -15.76553,
      "y" : -26.74974,
      "z" : 6.495755
    }, {
      "x" : -15.326238,
      "y" : -24.798374,
      "z" : 9.472136
    } ],
    "faces" : [ {
      "vertices" : [ 0, 1, 2 ]
    }, {
      "vertices" : [ 0, 2, 3 ]
    }, {
      "vertices" : [ 0, 3, 2 ]
    }, {
      "vertices" : [ 0, 2, 1 ]
    } ]
  }, {
    "id" : "466ecbef-9b8b-41e5-9625-9c924f5fc041",
    "vertices" : [ {
      "x" : 11.09017,
      "y" : -17.944271,
      "z" : -29.034441
    }, {
      "x" : 6.495755,
      "y" : -15.76553,
      "z" : -26.74974
    }, {
      "x" : -12.99151,
      "y" : -15.76553,
      "z" : 24.268583
    }, {
      "x" : -11.09017,
      "y" : -17.944271,
      "z" : 29.034441
    } ],
    "faces" : [ {
      "vertices" : [ 0, 1, 2 ]
    }, {
      "vertices" : [ 0, 2, 3 ]
    }, {
      "vertices" : [ 0, 3, 2 ]
    }, {
      "vertices" : [ 0, 2, 1 ]
    } ]
  }, {
    "id" : "01ef0e1f-7aa5-4138-817b-9b77add71c6c",
    "vertices" : [ {
      "x" : -9.472136,
      "y" : -15.326238,
      "z" : -24.798374
    }, {
      "x" : -7.7363343,
      "y" : -13.75823,
      "z" : -27.51646
    }, {
      "x" : 27.51646,
      "y" : -7.7363343,
      "z" : 13.75823
    }, {
      "x" : 24.798374,
      "y" : -9.472136,
      "z" : 15.326238
    } ],
    "faces" : [ {
      "vertices" : [ 0, 1, 2 ]
    }, {
      "vertices" : [ 0, 2, 3 ]
    }, {
      "vertices" : [ 0, 3, 2 ]
    }, {
      "vertices" : [ 0, 2, 1 ]
    } ]
  }, {
    "id" : "8683cdf3-0c1c-43a9-8539-c7bf1934cfc9",
    "vertices" : [ {
      "x" : 17.944271,
      "y" : -29.034441,
      "z" : 11.09017
    }, {
      "x" : 15.76553,
      "y" : -24.268583,
      "z" : 12.99151
    }, {
      "x" : -31.53106,
      "y" : 1.2405789,
      "z" : 3.2478776
    }, {
      "x" : -35.888542,
      "y" : 0.0,
      "z" : 0.0
    } ],
    "faces" : [ {
      "vertices" : [ 0, 1, 2 ]
    }, {
      "vertices" : [ 0, 2, 3 ]
    }, {
      "vertices" : [ 0, 3, 2 ]
    }, {
      "vertices" : [ 0, 2, 1 ]
    } ]
  }, {
    "id" : "ca98ca14-3c4a-4a18-9ac8-57c79c3fb43b",
    "vertices" : [ {
      "x" : 0.0,
      "y" : 0.0,
      "z" : 30.652475
    }, {
      "x" : -1.2405789,
      "y" : 3.2478776,
      "z" : 31.53106
    }, {
      "x" : 24.268583,
      "y" : 12.99151,
      "z" : -15.76553
    }, {
      "x" : 24.798374,
      "y" : 9.472136,
      "z" : -15.326238
    } ],
    "faces" : [ {
      "vertices" : [ 0, 1, 2 ]
    }, {
      "vertices" : [ 0, 2, 3 ]
    }, {
      "vertices" : [ 0, 3, 2 ]
    }, {
      "vertices" : [ 0, 2, 1 ]
    } ]
  }, {
    "id" : "129f9324-c0d3-45c4-b396-75cf94b20965",
    "vertices" : [ {
      "x" : -15.326238,
      "y" : -24.798374,
      "z" : 9.472136
    }, {
      "x" : -15.76553,
      "y" : -24.268583,
      "z" : 12.99151
    }, {
      "x" : -15.76553,
      "y" : 26.74974,
      "z" : -6.495755
    }, {
      "x" : -15.326238,
      "y" : 24.798374,
      "z" : -9.472136
    } ],
    "faces" : [ {
      "vertices" : [ 0, 1, 2 ]
    }, {
      "vertices" : [ 0, 2, 3 ]
    }, {
      "vertices" : [ 0, 3, 2 ]
    }, {
      "vertices" : [ 0, 2, 1 ]
    } ]
  }, {
    "id" : "394ba4be-9701-489b-8121-777e96d514c9",
    "vertices" : [ {
      "x" : 9.472136,
      "y" : -15.326238,
      "z" : 24.798374
    }, {
      "x" : 7.7363343,
      "y" : -13.75823,
      "z" : 27.51646
    }, {
      "x" : -27.51646,
      "y" : -7.7363343,
      "z" : -13.75823
    }, {
      "x" : -24.798374,
      "y" : -9.472136,
      "z" : -15.326238
    } ],
    "faces" : [ {
      "vertices" : [ 0, 1, 2 ]
    }, {
      "vertices" : [ 0, 2, 3 ]
    }, {
      "vertices" : [ 0, 3, 2 ]
    }, {
      "vertices" : [ 0, 2, 1 ]
    } ]
  }, {
    "id" : "0017f04c-d34c-46e5-8095-78be1db2d4ae",
    "vertices" : [ {
      "x" : 9.472136,
      "y" : 15.326238,
      "z" : 24.798374
    }, {
      "x" : 7.7363343,
      "y" : 13.75823,
      "z" : 27.51646
    }, {
      "x" : -27.51646,
      "y" : 7.7363343,
      "z" : -13.75823
    }, {
      "x" : -24.798374,
      "y" : 9.472136,
      "z" : -15.326238
    } ],
    "faces" : [ {
      "vertices" : [ 0, 1, 2 ]
    }, {
      "vertices" : [ 0, 2, 3 ]
    }, {
      "vertices" : [ 0, 3, 2 ]
    }, {
      "vertices" : [ 0, 2, 1 ]
    } ]
  }, {
    "id" : "d5fb8afe-c6ff-432a-a781-4fbd88a1b9af",
    "vertices" : [ {
      "x" : 0.0,
      "y" : -35.888542,
      "z" : 0.0
    }, {
      "x" : 3.2478776,
      "y" : -31.53106,
      "z" : 1.2405789
    }, {
      "x" : -6.495755,
      "y" : 15.76553,
      "z" : 26.74974
    }, {
      "x" : -11.09017,
      "y" : 17.944271,
      "z" : 29.034441
    } ],
    "faces" : [ {
      "vertices" : [ 0, 1, 2 ]
    }, {
      "vertices" : [ 0, 2, 3 ]
    }, {
      "vertices" : [ 0, 3, 2 ]
    }, {
      "vertices" : [ 0, 2, 1 ]
    } ]
  }, {
    "id" : "6d59342e-e8bd-45e0-8a98-e7404cb2e643",
    "vertices" : [ {
      "x" : -9.472136,
      "y" : -15.326238,
      "z" : -24.798374
    }, {
      "x" : -12.99151,
      "y" : -15.76553,
      "z" : -24.268583
    }, {
      "x" : 6.495755,
      "y" : -15.76553,
      "z" : 26.74974
    }, {
      "x" : 9.472136,
      "y" : -15.326238,
      "z" : 24.798374
    } ],
    "faces" : [ {
      "vertices" : [ 0, 1, 2 ]
    }, {
      "vertices" : [ 0, 2, 3 ]
    }, {
      "vertices" : [ 0, 3, 2 ]
    }, {
      "vertices" : [ 0, 2, 1 ]
    } ]
  }, {
    "id" : "01788902-bb4a-4baa-bd68-7ca4455b900c",
    "vertices" : [ {
      "x" : 29.034441,
      "y" : 11.09017,
      "z" : -17.944271
    }, {
      "x" : 26.74974,
      "y" : 6.495755,
      "z" : -15.76553
    }, {
      "x" : -24.268583,
      "y" : -12.99151,
      "z" : -15.76553
    }, {
      "x" : -29.034441,
      "y" : -11.09017,
      "z" : -17.944271
    } ],
    "faces" : [ {
      "vertices" : [ 0, 1, 2 ]
    }, {
      "vertices" : [ 0, 2, 3 ]
    }, {
      "vertices" : [ 0, 3, 2 ]
    }, {
      "vertices" : [ 0, 2, 1 ]
    } ]
  }, {
    "id" : "62d102de-bc78-4442-963a-5f7f6e2d0665",
    "vertices" : [ {
      "x" : 11.09017,
      "y" : 17.944271,
      "z" : 29.034441
    }, {
      "x" : 11.750932,
      "y" : 17.77283,
      "z" : 23.501863
    }, {
      "x" : -23.501863,
      "y" : 11.750932,
      "z" : -17.77283
    }, {
      "x" : -29.034441,
      "y" : 11.09017,
      "z" : -17.944271
    } ],
    "faces" : [ {
      "vertices" : [ 0, 1, 2 ]
    }, {
      "vertices" : [ 0, 2, 3 ]
    }, {
      "vertices" : [ 0, 3, 2 ]
    }, {
      "vertices" : [ 0, 2, 1 ]
    } ]
  }, {
    "id" : "9669cc66-2f55-4782-9918-39d71f5b4899",
    "vertices" : [ {
      "x" : -15.326238,
      "y" : 24.798374,
      "z" : 9.472136
    }, {
      "x" : -15.76553,
      "y" : 24.268583,
      "z" : 12.99151
    }, {
      "x" : -15.76553,
      "y" : -26.74974,
      "z" : -6.495755
    }, {
      "x" : -15.326238,
      "y" : -24.798374,
      "z" : -9.472136
    } ],
    "faces" : [ {
      "vertices" : [ 0, 1, 2 ]
    }, {
      "vertices" : [ 0, 2, 3 ]
    }, {
      "vertices" : [ 0, 3, 2 ]
    }, {
      "vertices" : [ 0, 2, 1 ]
    } ]
  }, {
    "id" : "efc67577-4458-4ae2-b6e8-88f48eca0d58",
    "vertices" : [ {
      "x" : -17.944271,
      "y" : -29.034441,
      "z" : 11.09017
    }, {
      "x" : -17.77283,
      "y" : -23.501863,
      "z" : 11.750932
    }, {
      "x" : -11.750932,
      "y" : 17.77283,
      "z" : -23.501863
    }, {
      "x" : -11.09017,
      "y" : 17.944271,
      "z" : -29.034441
    } ],
    "faces" : [ {
      "vertices" : [ 0, 1, 2 ]
    }, {
      "vertices" : [ 0, 2, 3 ]
    }, {
      "vertices" : [ 0, 3, 2 ]
    }, {
      "vertices" : [ 0, 2, 1 ]
    } ]
  }, {
    "id" : "14f7a907-129e-4a49-9e30-132fb24e67ae",
    "vertices" : [ {
      "x" : -9.472136,
      "y" : 15.326238,
      "z" : 24.798374
    }, {
      "x" : -12.99151,
      "y" : 15.76553,
      "z" : 24.268583
    }, {
      "x" : 6.495755,
      "y" : 15.76553,
      "z" : -26.74974
    }, {
      "x" : 9.472136,
      "y" : 15.326238,
      "z" : -24.798374
    } ],
    "faces" : [ {
      "vertices" : [ 0, 1, 2 ]
    }, {
      "vertices" : [ 0, 2, 3 ]
    }, {
      "vertices" : [ 0, 3, 2 ]
    }, {
      "vertices" : [ 0, 2, 1 ]
    } ]
  }, {
    "id" : "2ab333c0-363f-4152-8a7c-4b580ec4ea28",
    "vertices" : [ {
      "x" : 17.944271,
      "y" : -29.034441,
      "z" : 11.09017
    }, {
      "x" : 13.75823,
      "y" : -27.51646,
      "z" : 7.7363343
    }, {
      "x" : -27.51646,
      "y" : 7.7363343,
      "z" : 13.75823
    }, {
      "x" : -29.034441,
      "y" : 11.09017,
      "z" : 17.944271
    } ],
    "faces" : [ {
      "vertices" : [ 0, 1, 2 ]
    }, {
      "vertices" : [ 0, 2, 3 ]
    }, {
      "vertices" : [ 0, 3, 2 ]
    }, {
      "vertices" : [ 0, 2, 1 ]
    } ]
  }, {
    "id" : "940783a5-28cb-4368-a2ac-1c0642ffedd6",
    "vertices" : [ {
      "x" : 29.034441,
      "y" : -11.09017,
      "z" : 17.944271
    }, {
      "x" : 24.268583,
      "y" : -12.99151,
      "z" : 15.76553
    }, {
      "x" : -1.2405789,
      "y" : -3.2478776,
      "z" : -31.53106
    }, {
      "x" : 0.0,
      "y" : 0.0,
      "z" : -35.888542
    } ],
    "faces" : [ {
      "vertices" : [ 0, 1, 2 ]
    }, {
      "vertices" : [ 0, 2, 3 ]
    }, {
      "vertices" : [ 0, 3, 2 ]
    }, {
      "vertices" : [ 0, 2, 1 ]
    } ]
  }, {
    "id" : "f0c8598e-b111-4fe7-9c9d-629bc20d55de",
    "vertices" : [ {
      "x" : -15.326238,
      "y" : -24.798374,
      "z" : 9.472136
    }, {
      "x" : -15.76553,
      "y" : -26.74974,
      "z" : 6.495755
    }, {
      "x" : 31.53106,
      "y" : -1.2405789,
      "z" : -3.2478776
    }, {
      "x" : 30.652475,
      "y" : 0.0,
      "z" : 0.0
    } ],
    "faces" : [ {
      "vertices" : [ 0, 1, 2 ]
    }, {
      "vertices" : [ 0, 2, 3 ]
    }, {
      "vertices" : [ 0, 3, 2 ]
    }, {
      "vertices" : [ 0, 2, 1 ]
    } ]
  }, {
    "id" : "201ab1a5-d035-4f41-86fe-1562cd2862f0",
    "vertices" : [ {
      "x" : 9.472136,
      "y" : 15.326238,
      "z" : -24.798374
    }, {
      "x" : 12.99151,
      "y" : 15.76553,
      "z" : -24.268583
    }, {
      "x" : -6.495755,
      "y" : 15.76553,
      "z" : 26.74974
    }, {
      "x" : -9.472136,
      "y" : 15.326238,
      "z" : 24.798374
    } ],
    "faces" : [ {
      "vertices" : [ 0, 1, 2 ]
    }, {
      "vertices" : [ 0, 2, 3 ]
    }, {
      "vertices" : [ 0, 3, 2 ]
    }, {
      "vertices" : [ 0, 2, 1 ]
    } ]
  }, {
    "id" : "fc9fb65d-f016-4a1a-a59d-1cd78c7bf63a",
    "vertices" : [ {
      "x" : 0.0,
      "y" : 30.652475,
      "z" : 0.0
    }, {
      "x" : -3.2478776,
      "y" : 31.53106,
      "z" : 1.2405789
    }, {
      "x" : -12.99151,
      "y" : -15.76553,
      "z" : -24.268583
    }, {
      "x" : -9.472136,
      "y" : -15.326238,
      "z" : -24.798374
    } ],
    "faces" : [ {
      "vertices" : [ 0, 1, 2 ]
    }, {
      "vertices" : [ 0, 2, 3 ]
    }, {
      "vertices" : [ 0, 3, 2 ]
    }, {
      "vertices" : [ 0, 2, 1 ]
    } ]
  }, {
    "id" : "d719e51e-f699-4c24-b75f-91475f739353",
    "vertices" : [ {
      "x" : -17.944271,
      "y" : 29.034441,
      "z" : -11.09017
    }, {
      "x" : -13.75823,
      "y" : 27.51646,
      "z" : -7.7363343
    }, {
      "x" : 27.51646,
      "y" : -7.7363343,
      "z" : -13.75823
    }, {
      "x" : 29.034441,
      "y" : -11.09017,
      "z" : -17.944271
    } ],
    "faces" : [ {
      "vertices" : [ 0, 1, 2 ]
    }, {
      "vertices" : [ 0, 2, 3 ]
    }, {
      "vertices" : [ 0, 3, 2 ]
    }, {
      "vertices" : [ 0, 2, 1 ]
    } ]
  }, {
    "id" : "1ebb3e88-ff2a-4e2b-b912-109549951c98",
    "vertices" : [ {
      "x" : -11.09017,
      "y" : -17.944271,
      "z" : -29.034441
    }, {
      "x" : -11.750932,
      "y" : -17.77283,
      "z" : -23.501863
    }, {
      "x" : 23.501863,
      "y" : -11.750932,
      "z" : 17.77283
    }, {
      "x" : 29.034441,
      "y" : -11.09017,
      "z" : 17.944271
    } ],
    "faces" : [ {
      "vertices" : [ 0, 1, 2 ]
    }, {
      "vertices" : [ 0, 2, 3 ]
    }, {
      "vertices" : [ 0, 3, 2 ]
    }, {
      "vertices" : [ 0, 2, 1 ]
    } ]
  }, {
    "id" : "92cdb63b-f9cc-4b02-905e-1fb22f07fb22",
    "vertices" : [ {
      "x" : -24.798374,
      "y" : 9.472136,
      "z" : -15.326238
    }, {
      "x" : -26.74974,
      "y" : 6.495755,
      "z" : -15.76553
    }, {
      "x" : -1.2405789,
      "y" : -3.2478776,
      "z" : 31.53106
    }, {
      "x" : 0.0,
      "y" : 0.0,
      "z" : 30.652475
    } ],
    "faces" : [ {
      "vertices" : [ 0, 1, 2 ]
    }, {
      "vertices" : [ 0, 2, 3 ]
    }, {
      "vertices" : [ 0, 3, 2 ]
    }, {
      "vertices" : [ 0, 2, 1 ]
    } ]
  }, {
    "id" : "63249985-9596-4b07-b208-23a89da3f7ac",
    "vertices" : [ {
      "x" : 30.652475,
      "y" : 0.0,
      "z" : 0.0
    }, {
      "x" : 31.53106,
      "y" : -1.2405789,
      "z" : -3.2478776
    }, {
      "x" : -15.76553,
      "y" : 24.268583,
      "z" : -12.99151
    }, {
      "x" : -15.326238,
      "y" : 24.798374,
      "z" : -9.472136
    } ],
    "faces" : [ {
      "vertices" : [ 0, 1, 2 ]
    }, {
      "vertices" : [ 0, 2, 3 ]
    }, {
      "vertices" : [ 0, 3, 2 ]
    }, {
      "vertices" : [ 0, 2, 1 ]
    } ]
  }, {
    "id" : "33abc293-1cde-4b38-9f3d-f44acd867254",
    "vertices" : [ {
      "x" : -9.472136,
      "y" : -15.326238,
      "z" : 24.798374
    }, {
      "x" : -6.495755,
      "y" : -15.76553,
      "z" : 26.74974
    }, {
      "x" : 3.2478776,
      "y" : 31.53106,
      "z" : 1.2405789
    }, {
      "x" : 0.0,
      "y" : 30.652475,
      "z" : 0.0
    } ],
    "faces" : [ {
      "vertices" : [ 0, 1, 2 ]
    }, {
      "vertices" : [ 0, 2, 3 ]
    }, {
      "vertices" : [ 0, 3, 2 ]
    }, {
      "vertices" : [ 0, 2, 1 ]
    } ]
  }, {
    "id" : "882c615a-adb9-4763-a99d-29bdcc4aeb89",
    "vertices" : [ {
      "x" : 11.09017,
      "y" : -17.944271,
      "z" : -29.034441
    }, {
      "x" : 11.750932,
      "y" : -17.77283,
      "z" : -23.501863
    }, {
      "x" : -23.501863,
      "y" : -11.750932,
      "z" : 17.77283
    }, {
      "x" : -29.034441,
      "y" : -11.09017,
      "z" : 17.944271
    } ],
    "faces" : [ {
      "vertices" : [ 0, 1, 2 ]
    }, {
      "vertices" : [ 0, 2, 3 ]
    }, {
      "vertices" : [ 0, 3, 2 ]
    }, {
      "vertices" : [ 0, 2, 1 ]
    } ]
  }, {
    "id" : "1b0d86c5-4826-4e31-ab2c-de18380cbb1a",
    "vertices" : [ {
      "x" : 0.0,
      "y" : -30.652475,
      "z" : 0.0
    }, {
      "x" : -3.2478776,
      "y" : -31.53106,
      "z" : 1.2405789
    }, {
      "x" : -12.99151,
      "y" : 15.76553,
      "z" : -24.268583
    }, {
      "x" : -9.472136,
      "y" : 15.326238,
      "z" : -24.798374
    } ],
    "faces" : [ {
      "vertices" : [ 0, 1, 2 ]
    }, {
      "vertices" : [ 0, 2, 3 ]
    }, {
      "vertices" : [ 0, 3, 2 ]
    }, {
      "vertices" : [ 0, 2, 1 ]
    } ]
  }, {
    "id" : "34124f04-0cd4-479d-b000-02a19ad2aa5f",
    "vertices" : [ {
      "x" : -15.326238,
      "y" : 24.798374,
      "z" : 9.472136
    }, {
      "x" : -17.77283,
      "y" : 23.501863,
      "z" : 11.750932
    }, {
      "x" : 23.501863,
      "y" : -11.750932,
      "z" : 17.77283
    }, {
      "x" : 24.798374,
      "y" : -9.472136,
      "z" : 15.326238
    } ],
    "faces" : [ {
      "vertices" : [ 0, 1, 2 ]
    }, {
      "vertices" : [ 0, 2, 3 ]
    }, {
      "vertices" : [ 0, 3, 2 ]
    }, {
      "vertices" : [ 0, 2, 1 ]
    } ]
  }, {
    "id" : "621815fe-c91e-4ef7-b9b6-c715a5a331a0",
    "vertices" : [ {
      "x" : 17.944271,
      "y" : 29.034441,
      "z" : -11.09017
    }, {
      "x" : 17.77283,
      "y" : 23.501863,
      "z" : -11.750932
    }, {
      "x" : 11.750932,
      "y" : -17.77283,
      "z" : 23.501863
    }, {
      "x" : 11.09017,
      "y" : -17.944271,
      "z" : 29.034441
    } ],
    "faces" : [ {
      "vertices" : [ 0, 1, 2 ]
    }, {
      "vertices" : [ 0, 2, 3 ]
    }, {
      "vertices" : [ 0, 3, 2 ]
    }, {
      "vertices" : [ 0, 2, 1 ]
    } ]
  }, {
    "id" : "25ef6f91-30dc-4381-af58-77761845568d",
    "vertices" : [ {
      "x" : 15.326238,
      "y" : 24.798374,
      "z" : 9.472136
    }, {
      "x" : 17.77283,
      "y" : 23.501863,
      "z" : 11.750932
    }, {
      "x" : -23.501863,
      "y" : -11.750932,
      "z" : 17.77283
    }, {
      "x" : -24.798374,
      "y" : -9.472136,
      "z" : 15.326238
    } ],
    "faces" : [ {
      "vertices" : [ 0, 1, 2 ]
    }, {
      "vertices" : [ 0, 2, 3 ]
    }, {
      "vertices" : [ 0, 3, 2 ]
    }, {
      "vertices" : [ 0, 2, 1 ]
    } ]
  }, {
    "id" : "611e1480-fb6c-4886-90c1-16f26d6fda56",
    "vertices" : [ {
      "x" : -24.798374,
      "y" : 9.472136,
      "z" : 15.326238
    }, {
      "x" : -27.51646,
      "y" : 7.7363343,
      "z" : 13.75823
    }, {
      "x" : 13.75823,
      "y" : -27.51646,
      "z" : 7.7363343
    }, {
      "x" : 15.326238,
      "y" : -24.798374,
      "z" : 9.472136
    } ],
    "faces" : [ {
      "vertices" : [ 0, 1, 2 ]
    }, {
      "vertices" : [ 0, 2, 3 ]
    }, {
      "vertices" : [ 0, 3, 2 ]
    }, {
      "vertices" : [ 0, 2, 1 ]
    } ]
  }, {
    "id" : "9c2fab85-1688-4cd0-bf2a-a01a36d13f64",
    "vertices" : [ {
      "x" : 24.798374,
      "y" : 9.472136,
      "z" : 15.326238
    }, {
      "x" : 24.268583,
      "y" : 12.99151,
      "z" : 15.76553
    }, {
      "x" : -26.74974,
      "y" : -6.495755,
      "z" : 15.76553
    }, {
      "x" : -24.798374,
      "y" : -9.472136,
      "z" : 15.326238
    } ],
    "faces" : [ {
      "vertices" : [ 0, 1, 2 ]
    }, {
      "vertices" : [ 0, 2, 3 ]
    }, {
      "vertices" : [ 0, 3, 2 ]
    }, {
      "vertices" : [ 0, 2, 1 ]
    } ]
  }, {
    "id" : "02daa32f-6aff-4c8d-b9ad-fbb2e6c859a9",
    "vertices" : [ {
      "x" : -29.034441,
      "y" : 11.09017,
      "z" : 17.944271
    }, {
      "x" : -27.51646,
      "y" : 7.7363343,
      "z" : 13.75823
    }, {
      "x" : 7.7363343,
      "y" : 13.75823,
      "z" : -27.51646
    }, {
      "x" : 11.09017,
      "y" : 17.944271,
      "z" : -29.034441
    } ],
    "faces" : [ {
      "vertices" : [ 0, 1, 2 ]
    }, {
      "vertices" : [ 0, 2, 3 ]
    }, {
      "vertices" : [ 0, 3, 2 ]
    }, {
      "vertices" : [ 0, 2, 1 ]
    } ]
  }, {
    "id" : "eb26d6eb-55eb-4d08-b4c5-c722acc5cdc1",
    "vertices" : [ {
      "x" : 0.0,
      "y" : -35.888542,
      "z" : 0.0
    }, {
      "x" : 3.2478776,
      "y" : -31.53106,
      "z" : -1.2405789
    }, {
      "x" : -6.495755,
      "y" : 15.76553,
      "z" : -26.74974
    }, {
      "x" : -11.09017,
      "y" : 17.944271,
      "z" : -29.034441
    } ],
    "faces" : [ {
      "vertices" : [ 0, 1, 2 ]
    }, {
      "vertices" : [ 0, 2, 3 ]
    }, {
      "vertices" : [ 0, 3, 2 ]
    }, {
      "vertices" : [ 0, 2, 1 ]
    } ]
  }, {
    "id" : "cf6a110b-6774-4202-abf9-b694cf047502",
    "vertices" : [ {
      "x" : -24.798374,
      "y" : 9.472136,
      "z" : 15.326238
    }, {
      "x" : -24.268583,
      "y" : 12.99151,
      "z" : 15.76553
    }, {
      "x" : 26.74974,
      "y" : -6.495755,
      "z" : 15.76553
    }, {
      "x" : 24.798374,
      "y" : -9.472136,
      "z" : 15.326238
    } ],
    "faces" : [ {
      "vertices" : [ 0, 1, 2 ]
    }, {
      "vertices" : [ 0, 2, 3 ]
    }, {
      "vertices" : [ 0, 3, 2 ]
    }, {
      "vertices" : [ 0, 2, 1 ]
    } ]
  }, {
    "id" : "ecf2a3d9-9895-431a-986f-4a8dd6db8c27",
    "vertices" : [ {
      "x" : 24.798374,
      "y" : -9.472136,
      "z" : 15.326238
    }, {
      "x" : 27.51646,
      "y" : -7.7363343,
      "z" : 13.75823
    }, {
      "x" : -13.75823,
      "y" : 27.51646,
      "z" : 7.7363343
    }, {
      "x" : -15.326238,
      "y" : 24.798374,
      "z" : 9.472136
    } ],
    "faces" : [ {
      "vertices" : [ 0, 1, 2 ]
    }, {
      "vertices" : [ 0, 2, 3 ]
    }, {
      "vertices" : [ 0, 3, 2 ]
    }, {
      "vertices" : [ 0, 2, 1 ]
    } ]
  }, {
    "id" : "08128a43-d19f-4e59-8ae3-8312b35db750",
    "vertices" : [ {
      "x" : -11.09017,
      "y" : -17.944271,
      "z" : 29.034441
    }, {
      "x" : -11.750932,
      "y" : -17.77283,
      "z" : 23.501863
    }, {
      "x" : 23.501863,
      "y" : -11.750932,
      "z" : -17.77283
    }, {
      "x" : 29.034441,
      "y" : -11.09017,
      "z" : -17.944271
    } ],
    "faces" : [ {
      "vertices" : [ 0, 1, 2 ]
    }, {
      "vertices" : [ 0, 2, 3 ]
    }, {
      "vertices" : [ 0, 3, 2 ]
    }, {
      "vertices" : [ 0, 2, 1 ]
    } ]
  }, {
    "id" : "e0c9e2c4-185c-4337-b722-43e5c8b8ecb8",
    "vertices" : [ {
      "x" : -11.09017,
      "y" : 17.944271,
      "z" : -29.034441
    }, {
      "x" : -7.7363343,
      "y" : 13.75823,
      "z" : -27.51646
    }, {
      "x" : -13.75823,
      "y" : -27.51646,
      "z" : 7.7363343
    }, {
      "x" : -17.944271,
      "y" : -29.034441,
      "z" : 11.09017
    } ],
    "faces" : [ {
      "vertices" : [ 0, 1, 2 ]
    }, {
      "vertices" : [ 0, 2, 3 ]
    }, {
      "vertices" : [ 0, 3, 2 ]
    }, {
      "vertices" : [ 0, 2, 1 ]
    } ]
  }, {
    "id" : "8d5fe81f-2122-41e5-98a3-b82b8f6f3001",
    "vertices" : [ {
      "x" : -11.09017,
      "y" : 17.944271,
      "z" : -29.034441
    }, {
      "x" : -12.99151,
      "y" : 15.76553,
      "z" : -24.268583
    }, {
      "x" : -3.2478776,
      "y" : -31.53106,
      "z" : 1.2405789
    }, {
      "x" : 0.0,
      "y" : -35.888542,
      "z" : 0.0
    } ],
    "faces" : [ {
      "vertices" : [ 0, 1, 2 ]
    }, {
      "vertices" : [ 0, 2, 3 ]
    }, {
      "vertices" : [ 0, 3, 2 ]
    }, {
      "vertices" : [ 0, 2, 1 ]
    } ]
  }, {
    "id" : "fce2cca9-1eb3-4f17-be0e-f2e228ed0ed2",
    "vertices" : [ {
      "x" : -29.034441,
      "y" : -11.09017,
      "z" : -17.944271
    }, {
      "x" : -27.51646,
      "y" : -7.7363343,
      "z" : -13.75823
    }, {
      "x" : 7.7363343,
      "y" : -13.75823,
      "z" : 27.51646
    }, {
      "x" : 11.09017,
      "y" : -17.944271,
      "z" : 29.034441
    } ],
    "faces" : [ {
      "vertices" : [ 0, 1, 2 ]
    }, {
      "vertices" : [ 0, 2, 3 ]
    }, {
      "vertices" : [ 0, 3, 2 ]
    }, {
      "vertices" : [ 0, 2, 1 ]
    } ]
  }, {
    "id" : "3c5fa348-0c8b-4d43-b63b-1ccaef85b25a",
    "vertices" : [ {
      "x" : -29.034441,
      "y" : 11.09017,
      "z" : 17.944271
    }, {
      "x" : -23.501863,
      "y" : 11.750932,
      "z" : 17.77283
    }, {
      "x" : 17.77283,
      "y" : -23.501863,
      "z" : 11.750932
    }, {
      "x" : 17.944271,
      "y" : -29.034441,
      "z" : 11.09017
    } ],
    "faces" : [ {
      "vertices" : [ 0, 1, 2 ]
    }, {
      "vertices" : [ 0, 2, 3 ]
    }, {
      "vertices" : [ 0, 3, 2 ]
    }, {
      "vertices" : [ 0, 2, 1 ]
    } ]
  }, {
    "id" : "ebfce854-a396-4852-a9ac-f5c85dc7d868",
    "vertices" : [ {
      "x" : 17.944271,
      "y" : 29.034441,
      "z" : -11.09017
    }, {
      "x" : 15.76553,
      "y" : 24.268583,
      "z" : -12.99151
    }, {
      "x" : -31.53106,
      "y" : -1.2405789,
      "z" : -3.2478776
    }, {
      "x" : -35.888542,
      "y" : 0.0,
      "z" : 0.0
    } ],
    "faces" : [ {
      "vertices" : [ 0, 1, 2 ]
    }, {
      "vertices" : [ 0, 2, 3 ]
    }, {
      "vertices" : [ 0, 3, 2 ]
    }, {
      "vertices" : [ 0, 2, 1 ]
    } ]
  }, {
    "id" : "8ac65e09-7236-4630-ab6d-31c8cc09a504",
    "vertices" : [ {
      "x" : -9.472136,
      "y" : -15.326238,
      "z" : -24.798374
    }, {
      "x" : -6.495755,
      "y" : -15.76553,
      "z" : -26.74974
    }, {
      "x" : 3.2478776,
      "y" : 31.53106,
      "z" : -1.2405789
    }, {
      "x" : 0.0,
      "y" : 30.652475,
      "z" : 0.0
    } ],
    "faces" : [ {
      "vertices" : [ 0, 1, 2 ]
    }, {
      "vertices" : [ 0, 2, 3 ]
    }, {
      "vertices" : [ 0, 3, 2 ]
    }, {
      "vertices" : [ 0, 2, 1 ]
    } ]
  }, {
    "id" : "ea11bf53-7e50-4e48-8a8c-d41ea9b1dfce",
    "vertices" : [ {
      "x" : 11.09017,
      "y" : -17.944271,
      "z" : -29.034441
    }, {
      "x" : 12.99151,
      "y" : -15.76553,
      "z" : -24.268583
    }, {
      "x" : 3.2478776,
      "y" : 31.53106,
      "z" : 1.2405789
    }, {
      "x" : 0.0,
      "y" : 35.888542,
      "z" : 0.0
    } ],
    "faces" : [ {
      "vertices" : [ 0, 1, 2 ]
    }, {
      "vertices" : [ 0, 2, 3 ]
    }, {
      "vertices" : [ 0, 3, 2 ]
    }, {
      "vertices" : [ 0, 2, 1 ]
    } ]
  }, {
    "id" : "21e2835a-1dcd-4e1b-a249-339ffeb7629a",
    "vertices" : [ {
      "x" : -11.09017,
      "y" : -17.944271,
      "z" : 29.034441
    }, {
      "x" : -7.7363343,
      "y" : -13.75823,
      "z" : 27.51646
    }, {
      "x" : -13.75823,
      "y" : 27.51646,
      "z" : -7.7363343
    }, {
      "x" : -17.944271,
      "y" : 29.034441,
      "z" : -11.09017
    } ],
    "faces" : [ {
      "vertices" : [ 0, 1, 2 ]
    }, {
      "vertices" : [ 0, 2, 3 ]
    }, {
      "vertices" : [ 0, 3, 2 ]
    }, {
      "vertices" : [ 0, 2, 1 ]
    } ]
  }, {
    "id" : "74c3d3a6-8a07-4762-b1b4-7899c194109f",
    "vertices" : [ {
      "x" : -35.888542,
      "y" : 0.0,
      "z" : 0.0
    }, {
      "x" : -31.53106,
      "y" : -1.2405789,
      "z" : -3.2478776
    }, {
      "x" : 15.76553,
      "y" : -26.74974,
      "z" : 6.495755
    }, {
      "x" : 17.944271,
      "y" : -29.034441,
      "z" : 11.09017
    } ],
    "faces" : [ {
      "vertices" : [ 0, 1, 2 ]
    }, {
      "vertices" : [ 0, 2, 3 ]
    }, {
      "vertices" : [ 0, 3, 2 ]
    }, {
      "vertices" : [ 0, 2, 1 ]
    } ]
  }, {
    "id" : "c954c4aa-9648-405c-9c8a-34be550c4483",
    "vertices" : [ {
      "x" : -35.888542,
      "y" : 0.0,
      "z" : 0.0
    }, {
      "x" : -31.53106,
      "y" : -1.2405789,
      "z" : 3.2478776
    }, {
      "x" : 15.76553,
      "y" : -26.74974,
      "z" : -6.495755
    }, {
      "x" : 17.944271,
      "y" : -29.034441,
      "z" : -11.09017
    } ],
    "faces" : [ {
      "vertices" : [ 0, 1, 2 ]
    }, {
      "vertices" : [ 0, 2, 3 ]
    }, {
      "vertices" : [ 0, 3, 2 ]
    }, {
      "vertices" : [ 0, 2, 1 ]
    } ]
  }, {
    "id" : "ce326674-06f4-47e9-be97-67f3bff5a587",
    "vertices" : [ {
      "x" : -15.326238,
      "y" : -24.798374,
      "z" : -9.472136
    }, {
      "x" : -15.76553,
      "y" : -26.74974,
      "z" : -6.495755
    }, {
      "x" : 31.53106,
      "y" : -1.2405789,
      "z" : 3.2478776
    }, {
      "x" : 30.652475,
      "y" : 0.0,
      "z" : 0.0
    } ],
    "faces" : [ {
      "vertices" : [ 0, 1, 2 ]
    }, {
      "vertices" : [ 0, 2, 3 ]
    }, {
      "vertices" : [ 0, 3, 2 ]
    }, {
      "vertices" : [ 0, 2, 1 ]
    } ]
  }, {
    "id" : "d7e88edb-02b8-4e54-86c0-0145cee97440",
    "vertices" : [ {
      "x" : -11.09017,
      "y" : 17.944271,
      "z" : 29.034441
    }, {
      "x" : -12.99151,
      "y" : 15.76553,
      "z" : 24.268583
    }, {
      "x" : -3.2478776,
      "y" : -31.53106,
      "z" : -1.2405789
    }, {
      "x" : 0.0,
      "y" : -35.888542,
      "z" : 0.0
    } ],
    "faces" : [ {
      "vertices" : [ 0, 1, 2 ]
    }, {
      "vertices" : [ 0, 2, 3 ]
    }, {
      "vertices" : [ 0, 3, 2 ]
    }, {
      "vertices" : [ 0, 2, 1 ]
    } ]
  }, {
    "id" : "bb7ce15d-b4b9-4d02-abd5-1cd45440f413",
    "vertices" : [ {
      "x" : 15.326238,
      "y" : 24.798374,
      "z" : -9.472136
    }, {
      "x" : 15.76553,
      "y" : 26.74974,
      "z" : -6.495755
    }, {
      "x" : -31.53106,
      "y" : 1.2405789,
      "z" : 3.2478776
    }, {
      "x" : -30.652475,
      "y" : 0.0,
      "z" : 0.0
    } ],
    "faces" : [ {
      "vertices" : [ 0, 1, 2 ]
    }, {
      "vertices" : [ 0, 2, 3 ]
    }, {
      "vertices" : [ 0, 3, 2 ]
    }, {
      "vertices" : [ 0, 2, 1 ]
    } ]
  }, {
    "id" : "cc9920f5-5fe5-4f5c-b969-50b9219edf27",
    "vertices" : [ {
      "x" : 29.034441,
      "y" : 11.09017,
      "z" : -17.944271
    }, {
      "x" : 23.501863,
      "y" : 11.750932,
      "z" : -17.77283
    }, {
      "x" : -17.77283,
      "y" : -23.501863,
      "z" : -11.750932
    }, {
      "x" : -17.944271,
      "y" : -29.034441,
      "z" : -11.09017
    } ],
    "faces" : [ {
      "vertices" : [ 0, 1, 2 ]
    }, {
      "vertices" : [ 0, 2, 3 ]
    }, {
      "vertices" : [ 0, 3, 2 ]
    }, {
      "vertices" : [ 0, 2, 1 ]
    } ]
  }, {
    "id" : "3f2a3314-6310-4feb-920c-696abbf971d8",
    "vertices" : [ {
      "x" : 9.472136,
      "y" : -15.326238,
      "z" : 24.798374
    }, {
      "x" : 6.495755,
      "y" : -15.76553,
      "z" : 26.74974
    }, {
      "x" : -3.2478776,
      "y" : 31.53106,
      "z" : 1.2405789
    }, {
      "x" : 0.0,
      "y" : 30.652475,
      "z" : 0.0
    } ],
    "faces" : [ {
      "vertices" : [ 0, 1, 2 ]
    }, {
      "vertices" : [ 0, 2, 3 ]
    }, {
      "vertices" : [ 0, 3, 2 ]
    }, {
      "vertices" : [ 0, 2, 1 ]
    } ]
  }, {
    "id" : "6cec5a58-8fda-4ae1-ade9-5a7d487772c2",
    "vertices" : [ {
      "x" : 0.0,
      "y" : 35.888542,
      "z" : 0.0
    }, {
      "x" : 3.2478776,
      "y" : 31.53106,
      "z" : 1.2405789
    }, {
      "x" : -6.495755,
      "y" : -15.76553,
      "z" : 26.74974
    }, {
      "x" : -11.09017,
      "y" : -17.944271,
      "z" : 29.034441
    } ],
    "faces" : [ {
      "vertices" : [ 0, 1, 2 ]
    }, {
      "vertices" : [ 0, 2, 3 ]
    }, {
      "vertices" : [ 0, 3, 2 ]
    }, {
      "vertices" : [ 0, 2, 1 ]
    } ]
  }, {
    "id" : "ec9331a5-c640-4849-879b-3f04de6fef7b",
    "vertices" : [ {
      "x" : -17.944271,
      "y" : -29.034441,
      "z" : 11.09017
    }, {
      "x" : -13.75823,
      "y" : -27.51646,
      "z" : 7.7363343
    }, {
      "x" : 27.51646,
      "y" : 7.7363343,
      "z" : 13.75823
    }, {
      "x" : 29.034441,
      "y" : 11.09017,
      "z" : 17.944271
    } ],
    "faces" : [ {
      "vertices" : [ 0, 1, 2 ]
    }, {
      "vertices" : [ 0, 2, 3 ]
    }, {
      "vertices" : [ 0, 3, 2 ]
    }, {
      "vertices" : [ 0, 2, 1 ]
    } ]
  }, {
    "id" : "710de3f0-70f9-40ef-b8a4-504cb7f12302",
    "vertices" : [ {
      "x" : 0.0,
      "y" : 0.0,
      "z" : -35.888542
    }, {
