{
  "field" : "golden",
  "symmetry" : "icosahedral",
  "orientations" : [ [ 1.0, 0.0, 0.0, 0.0, 0.0, 1.0, 0.0, 0.0, 0.0, 0.0, 1.0, 0.0, 0.0, 0.0, 0.0, 1.0 ], [ 0.0, 0.0, 1.0, 0.0, 1.0, 0.0, 0.0, 0.0, 0.0, 1.0, 0.0, 0.0, 0.0, 0.0, 0.0, 1.0 ], [ 0.0, 1.0, 0.0, 0.0, 0.0, 0.0, 1.0, 0.0, 1.0, 0.0, 0.0, 0.0, 0.0, 0.0, 0.0, 1.0 ], [ 0.809017, 0.309017, 0.5, 0.0, 0.309017, 0.5, -0.809017, 0.0, -0.5, 0.809017, 0.309017, 0.0, 0.0, 0.0, 0.0, 1.0 ], [ -0.5, 0.809017, 0.309017, 0.0, 0.809017, 0.309017, 0.5, 0.0, 0.309017, 0.5, -0.809017, 0.0, 0.0, 0.0, 0.0, 1.0 ], [ 0.309017, 0.5, -0.809017, 0.0, -0.5, 0.809017, 0.309017, 0.0, 0.809017, 0.309017, 0.5, 0.0, 0.0, 0.0, 0.0, 1.0 ], [ 0.5, 0.809017, 0.309017, 0.0, 0.809017, -0.309017, -0.5, 0.0, -0.309017, 0.5, -0.809017, 0.0, 0.0, 0.0, 0.0, 1.0 ], [ -0.309017, 0.5, -0.809017, 0.0, 0.5, 0.809017, 0.309017, 0.0, 0.809017, -0.309017, -0.5, 0.0, 0.0, 0.0, 0.0, 1.0 ], [ 0.809017, -0.309017, -0.5, 0.0, -0.309017, 0.5, -0.809017, 0.0, 0.5, 0.809017, 0.309017, 0.0, 0.0, 0.0, 0.0, 1.0 ], [ 0.5, 0.809017, -0.309017, 0.0, 0.809017, -0.309017, 0.5, 0.0, 0.309017, -0.5, -0.809017, 0.0, 0.0, 0.0, 0.0, 1.0 ], [ 0.309017, -0.5, -0.809017, 0.0, 0.5, 0.809017, -0.309017, 0.0, 0.809017, -0.309017, 0.5, 0.0, 0.0, 0.0, 0.0, 1.0 ], [ 0.809017, -0.309017, 0.5, 0.0, 0.309017, -0.5, -0.809017, 0.0, 0.5, 0.809017, -0.309017, 0.0, 0.0, 0.0, 0.0, 1.0 ], [ 0.809017, 0.309017, -0.5, 0.0, 0.309017, 0.5, 0.809017, 0.0, 0.5, -0.809017, 0.309017, 0.0, 0.0, 0.0, 0.0, 1.0 ], [ 0.5, -0.809017, 0.309017, 0.0, 0.809017, 0.309017, -0.5, 0.0, 0.309017, 0.5, 0.809017, 0.0, 0.0, 0.0, 0.0, 1.0 ], [ 0.309017, 0.5, 0.809017, 0.0, 0.5, -0.809017, 0.309017, 0.0, 0.809017, 0.309017, -0.5, 0.0, 0.0, 0.0, 0.0, 1.0 ], [ 1.0, 0.0, 0.0, 0.0, 0.0, -1.0, 0.0, 0.0, 0.0, 0.0, -1.0, 0.0, 0.0, 0.0, 0.0, 1.0 ], [ 0.0, 0.0, 1.0, 0.0, -1.0, 0.0, 0.0, 0.0, 0.0, -1.0, 0.0, 0.0, 0.0, 0.0, 0.0, 1.0 ], [ 0.0, 1.0, 0.0, 0.0, 0.0, 0.0, -1.0, 0.0, -1.0, 0.0, 0.0, 0.0, 0.0, 0.0, 0.0, 1.0 ], [ 0.809017, 0.309017, 0.5, 0.0, -0.309017, -0.5, 0.809017, 0.0, 0.5, -0.809017, -0.309017, 0.0, 0.0, 0.0, 0.0, 1.0 ], [ -0.5, 0.809017, 0.309017, 0.0, -0.809017, -0.309017, -0.5, 0.0, -0.309017, -0.5, 0.809017, 0.0, 0.0, 0.0, 0.0, 1.0 ], [ 0.309017, 0.5, -0.809017, 0.0, 0.5, -0.809017, -0.309017, 0.0, -0.809017, -0.309017, -0.5, 0.0, 0.0, 0.0, 0.0, 1.0 ], [ 0.5, 0.809017, 0.309017, 0.0, -0.809017, 0.309017, 0.5, 0.0, 0.309017, -0.5, 0.809017, 0.0, 0.0, 0.0, 0.0, 1.0 ], [ -0.309017, 0.5, -0.809017, 0.0, -0.5, -0.809017, -0.309017, 0.0, -0.809017, 0.309017, 0.5, 0.0, 0.0, 0.0, 0.0, 1.0 ], [ 0.809017, -0.309017, -0.5, 0.0, 0.309017, -0.5, 0.809017, 0.0, -0.5, -0.809017, -0.309017, 0.0, 0.0, 0.0, 0.0, 1.0 ], [ 0.5, 0.809017, -0.309017, 0.0, -0.809017, 0.309017, -0.5, 0.0, -0.309017, 0.5, 0.809017, 0.0, 0.0, 0.0, 0.0, 1.0 ], [ 0.309017, -0.5, -0.809017, 0.0, -0.5, -0.809017, 0.309017, 0.0, -0.809017, 0.309017, -0.5, 0.0, 0.0, 0.0, 0.0, 1.0 ], [ 0.809017, -0.309017, 0.5, 0.0, -0.309017, 0.5, 0.809017, 0.0, -0.5, -0.809017, 0.309017, 0.0, 0.0, 0.0, 0.0, 1.0 ], [ 0.809017, 0.309017, -0.5, 0.0, -0.309017, -0.5, -0.809017, 0.0, -0.5, 0.809017, -0.309017, 0.0, 0.0, 0.0, 0.0, 1.0 ], [ 0.5, -0.809017, 0.309017, 0.0, -0.809017, -0.309017, 0.5, 0.0, -0.309017, -0.5, -0.809017, 0.0, 0.0, 0.0, 0.0, 1.0 ], [ 0.309017, 0.5, 0.809017, 0.0, -0.5, 0.809017, -0.309017, 0.0, -0.809017, -0.309017, 0.5, 0.0, 0.0, 0.0, 0.0, 1.0 ], [ -1.0, 0.0, 0.0, 0.0, 0.0, -1.0, 0.0, 0.0, 0.0, 0.0, 1.0, 0.0, 0.0, 0.0, 0.0, 1.0 ], [ 0.0, 0.0, -1.0, 0.0, -1.0, 0.0, 0.0, 0.0, 0.0, 1.0, 0.0, 0.0, 0.0, 0.0, 0.0, 1.0 ], [ 0.0, -1.0, 0.0, 0.0, 0.0, 0.0, -1.0, 0.0, 1.0, 0.0, 0.0, 0.0, 0.0, 0.0, 0.0, 1.0 ], [ -0.809017, -0.309017, -0.5, 0.0, -0.309017, -0.5, 0.809017, 0.0, -0.5, 0.809017, 0.309017, 0.0, 0.0, 0.0, 0.0, 1.0 ], [ 0.5, -0.809017, -0.309017, 0.0, -0.809017, -0.309017, -0.5, 0.0, 0.309017, 0.5, -0.809017, 0.0, 0.0, 0.0, 0.0, 1.0 ], [ -0.309017, -0.5, 0.809017, 0.0, 0.5, -0.809017, -0.309017, 0.0, 0.809017, 0.309017, 0.5, 0.0, 0.0, 0.0, 0.0, 1.0 ], [ -0.5, -0.809017, -0.309017, 0.0, -0.809017, 0.309017, 0.5, 0.0, -0.309017, 0.5, -0.809017, 0.0, 0.0, 0.0, 0.0, 1.0 ], [ 0.309017, -0.5, 0.809017, 0.0, -0.5, -0.809017, -0.309017, 0.0, 0.809017, -0.309017, -0.5, 0.0, 0.0, 0.0, 0.0, 1.0 ], [ -0.809017, 0.309017, 0.5, 0.0, 0.309017, -0.5, 0.809017, 0.0, 0.5, 0.809017, 0.309017, 0.0, 0.0, 0.0, 0.0, 1.0 ], [ -0.5, -0.809017, 0.309017, 0.0, -0.809017, 0.309017, -0.5, 0.0, 0.309017, -0.5, -0.809017, 0.0, 0.0, 0.0, 0.0, 1.0 ], [ -0.309017, 0.5, 0.809017, 0.0, -0.5, -0.809017, 0.309017, 0.0, 0.809017, -0.309017, 0.5, 0.0, 0.0, 0.0, 0.0, 1.0 ], [ -0.809017, 0.309017, -0.5, 0.0, -0.309017, 0.5, 0.809017, 0.0, 0.5, 0.809017, -0.309017, 0.0, 0.0, 0.0, 0.0, 1.0 ], [ -0.809017, -0.309017, 0.5, 0.0, -0.309017, -0.5, -0.809017, 0.0, 0.5, -0.809017, 0.309017, 0.0, 0.0, 0.0, 0.0, 1.0 ], [ -0.5, 0.809017, -0.309017, 0.0, -0.809017, -0.309017, 0.5, 0.0, 0.309017, 0.5, 0.809017, 0.0, 0.0, 0.0, 0.0, 1.0 ], [ -0.309017, -0.5, -0.809017, 0.0, -0.5, 0.809017, -0.309017, 0.0, 0.809017, 0.309017, -0.5, 0.0, 0.0, 0.0, 0.0, 1.0 ], [ -1.0, 0.0, 0.0, 0.0, 0.0, 1.0, 0.0, 0.0, 0.0, 0.0, -1.0, 0.0, 0.0, 0.0, 0.0, 1.0 ], [ 0.0, 0.0, -1.0, 0.0, 1.0, 0.0, 0.0, 0.0, 0.0, -1.0, 0.0, 0.0, 0.0, 0.0, 0.0, 1.0 ], [ 0.0, -1.0, 0.0, 0.0, 0.0, 0.0, 1.0, 0.0, -1.0, 0.0, 0.0, 0.0, 0.0, 0.0, 0.0, 1.0 ], [ -0.809017, -0.309017, -0.5, 0.0, 0.309017, 0.5, -0.809017, 0.0, 0.5, -0.809017, -0.309017, 0.0, 0.0, 0.0, 0.0, 1.0 ], [ 0.5, -0.809017, -0.309017, 0.0, 0.809017, 0.309017, 0.5, 0.0, -0.309017, -0.5, 0.809017, 0.0, 0.0, 0.0, 0.0, 1.0 ], [ -0.309017, -0.5, 0.809017, 0.0, -0.5, 0.809017, 0.309017, 0.0, -0.809017, -0.309017, -0.5, 0.0, 0.0, 0.0, 0.0, 1.0 ], [ -0.5, -0.809017, -0.309017, 0.0, 0.809017, -0.309017, -0.5, 0.0, 0.309017, -0.5, 0.809017, 0.0, 0.0, 0.0, 0.0, 1.0 ], [ 0.309017, -0.5, 0.809017, 0.0, 0.5, 0.809017, 0.309017, 0.0, -0.809017, 0.309017, 0.5, 0.0, 0.0, 0.0, 0.0, 1.0 ], [ -0.809017, 0.309017, 0.5, 0.0, -0.309017, 0.5, -0.809017, 0.0, -0.5, -0.809017, -0.309017, 0.0, 0.0, 0.0, 0.0, 1.0 ], [ -0.5, -0.809017, 0.309017, 0.0, 0.809017, -0.309017, 0.5, 0.0, -0.309017, 0.5, 0.809017, 0.0, 0.0, 0.0, 0.0, 1.0 ], [ -0.309017, 0.5, 0.809017, 0.0, 0.5, 0.809017, -0.309017, 0.0, -0.809017, 0.309017, -0.5, 0.0, 0.0, 0.0, 0.0, 1.0 ], [ -0.809017, 0.309017, -0.5, 0.0, 0.309017, -0.5, -0.809017, 0.0, -0.5, -0.809017, 0.309017, 0.0, 0.0, 0.0, 0.0, 1.0 ], [ -0.809017, -0.309017, 0.5, 0.0, 0.309017, 0.5, 0.809017, 0.0, -0.5, 0.809017, -0.309017, 0.0, 0.0, 0.0, 0.0, 1.0 ], [ -0.5, 0.809017, -0.309017, 0.0, 0.809017, 0.309017, -0.5, 0.0, -0.309017, -0.5, -0.809017, 0.0, 0.0, 0.0, 0.0, 1.0 ], [ -0.309017, -0.5, -0.809017, 0.0, 0.5, -0.809017, 0.309017, 0.0, -0.809017, -0.309017, 0.5, 0.0, 0.0, 0.0, 0.0, 1.0 ] ],
  "lights" : {
    "backgroundColor" : "#AFC8DC",
    "ambientColor" : "#292929",
    "directionalLights" : [ {
      "direction" : {
        "x" : 1.0,
        "y" : -1.0,
        "z" : -1.0
      },
      "color" : "#EBEBE4"
    }, {
      "direction" : {
        "x" : -1.0,
        "y" : 0.0,
        "z" : 0.0
      },
      "color" : "#E4E4EB"
    }, {
      "direction" : {
        "x" : 0.0,
        "y" : 0.0,
        "z" : -1.0
      },
      "color" : "#1E1E1E"
    } ]
  },
  "camera" : {
    "stereo" : false,
    "width" : 37.726906,
    "perspective" : false,
    "viewDistance" : 83.83742,
    "nearClipDistance" : 0.20959376,
    "farClipDistance" : 167.67522,
    "lookAtPoint" : {
      "x" : 0.0,
      "y" : 0.0,
      "z" : 0.0
    },
    "fieldOfView" : 0.44262967,
    "lookDirection" : {
      "x" : 0.0,
      "y" : 0.0,
      "z" : -1.0
    },
    "upDirection" : {
      "x" : 0.0,
      "y" : 1.0,
      "z" : 0.0
    },
    "position" : {
      "x" : 0.0,
      "y" : 0.0,
      "z" : 83.83742
    }
  },
  "embedding" : [ 1.0, 0.0, 0.0, 0.0, 0.0, 1.0, 0.0, 0.0, 0.0, 0.0, 1.0, 0.0, 0.0, 0.0, 0.0, 1.0 ],
  "shapes" : [ {
    "id" : "f661812e-aa42-424f-9594-bf0b32fa5721",
    "vertices" : [ {
      "x" : -0.94134843,
      "y" : 3.7653937,
      "z" : -7.5307875
    }, {
      "x" : -0.6275656,
      "y" : 3.137828,
      "z" : -7.84457
    }, {
      "x" : -3.137828,
      "y" : 3.137828,
      "z" : -7.217005
    } ],
    "faces" : [ {
      "vertices" : [ 0, 1, 2 ]
    }, {
      "vertices" : [ 0, 2, 1 ]
    } ]
  }, {
    "id" : "23ecfbd8-05fd-455a-8818-2290bc916404",
    "vertices" : [ {
      "x" : -0.309017,
      "y" : -0.19098301,
      "z" : 0.0
    }, {
      "x" : -0.309017,
      "y" : 0.19098301,
      "z" : 0.0
    }, {
      "x" : -0.19098301,
      "y" : 0.0,
      "z" : -0.309017
    }, {
      "x" : -0.19098301,
      "y" : 0.0,
      "z" : 0.309017
    }, {
      "x" : 0.0,
      "y" : -0.309017,
      "z" : -0.19098301
    }, {
      "x" : 0.0,
      "y" : -0.309017,
      "z" : 0.19098301
    }, {
      "x" : 0.0,
      "y" : 0.309017,
      "z" : -0.19098301
    }, {
      "x" : 0.0,
      "y" : 0.309017,
      "z" : 0.19098301
    }, {
      "x" : 0.19098301,
      "y" : 0.0,
      "z" : -0.309017
    }, {
      "x" : 0.19098301,
      "y" : 0.0,
      "z" : 0.309017
    }, {
      "x" : 0.309017,
      "y" : -0.19098301,
      "z" : 0.0
    }, {
      "x" : 0.309017,
      "y" : 0.19098301,
      "z" : 0.0
    } ],
    "faces" : [ {
      "vertices" : [ 0, 1, 2 ]
    }, {
      "vertices" : [ 0, 3, 1 ]
    }, {
      "vertices" : [ 0, 2, 4 ]
    }, {
      "vertices" : [ 0, 5, 3 ]
    }, {
      "vertices" : [ 0, 4, 5 ]
    }, {
      "vertices" : [ 1, 6, 2 ]
    }, {
      "vertices" : [ 1, 3, 7 ]
    }, {
      "vertices" : [ 1, 7, 6 ]
    }, {
      "vertices" : [ 2, 8, 4 ]
    }, {
      "vertices" : [ 2, 6, 8 ]
    }, {
      "vertices" : [ 3, 5, 9 ]
    }, {
      "vertices" : [ 3, 9, 7 ]
    }, {
      "vertices" : [ 4, 10, 5 ]
    }, {
      "vertices" : [ 4, 8, 10 ]
    }, {
      "vertices" : [ 5, 10, 9 ]
    }, {
      "vertices" : [ 6, 7, 11 ]
    }, {
      "vertices" : [ 6, 11, 8 ]
    }, {
      "vertices" : [ 7, 9, 11 ]
    }, {
      "vertices" : [ 8, 11, 10 ]
    }, {
      "vertices" : [ 9, 10, 11 ]
    } ]
  }, {
    "id" : "83e57091-2df3-4c12-bf45-defa33045d7b",
    "vertices" : [ {
      "x" : 4.250332,
      "y" : 3.693599,
      "z" : -9.857397
    }, {
      "x" : 4.350332,
      "y" : 3.293599,
      "z" : -9.9573965
    }, {
      "x" : 0.45641026,
      "y" : 0.071794875,
      "z" : -0.4974359
    }, {
      "x" : 0.35641026,
      "y" : 0.47179487,
      "z" : -0.3974359
    }, {
      "x" : 4.650332,
      "y" : 3.4269323,
      "z" : -9.724064
    }, {
      "x" : 4.550332,
      "y" : 3.8269322,
      "z" : -9.6240635
    }, {
      "x" : 0.056410257,
      "y" : 0.33846155,
      "z" : -0.63076925
    }, {
      "x" : 0.15641026,
      "y" : -0.06153846,
      "z" : -0.7307692
    } ],
    "faces" : [ {
      "vertices" : [ 2, 3, 6 ]
    }, {
      "vertices" : [ 2, 6, 7 ]
    }, {
      "vertices" : [ 0, 5, 4 ]
    }, {
      "vertices" : [ 0, 4, 1 ]
    }, {
      "vertices" : [ 2, 4, 5 ]
    }, {
      "vertices" : [ 2, 5, 3 ]
    }, {
      "vertices" : [ 0, 6, 3 ]
    }, {
      "vertices" : [ 0, 3, 5 ]
    }, {
      "vertices" : [ 0, 1, 7 ]
    }, {
      "vertices" : [ 0, 7, 6 ]
    }, {
      "vertices" : [ 1, 4, 2 ]
    }, {
      "vertices" : [ 1, 2, 7 ]
    } ]
  }, {
    "id" : "63e0e6ab-f247-443f-a236-3d6c36891d2f",
    "vertices" : [ {
      "x" : -7.217005,
      "y" : 3.137828,
      "z" : -3.137828
    }, {
      "x" : -7.5307875,
      "y" : 3.7653937,
      "z" : -0.94134843
    }, {
      "x" : -5.648091,
      "y" : 5.648091,
      "z" : -2.8240454
    }, {
      "x" : -6.589439,
      "y" : 3.7653937,
      "z" : -3.7653937
    } ],
    "faces" : [ {
      "vertices" : [ 0, 1, 2 ]
    }, {
      "vertices" : [ 0, 2, 3 ]
    }, {
      "vertices" : [ 0, 3, 2 ]
    }, {
      "vertices" : [ 0, 2, 1 ]
    } ]
  }, {
    "id" : "59bbad54-6024-4aea-ac24-8f3338bd5296",
    "vertices" : [ {
      "x" : 0.94134843,
      "y" : -3.7653937,
      "z" : -7.5307875
    }, {
      "x" : 0.6275656,
      "y" : -3.137828,
      "z" : -7.84457
    }, {
      "x" : 3.137828,
      "y" : -3.137828,
      "z" : -7.217005
    } ],
    "faces" : [ {
      "vertices" : [ 0, 1, 2 ]
    }, {
      "vertices" : [ 0, 2, 1 ]
    } ]
  }, {
    "id" : "0d896994-592a-4989-8373-82c2f517d6e5",
    "vertices" : [ {
      "x" : 10.781153,
      "y" : 4.118034,
      "z" : -1.572949
    }, {
      "x" : 10.399187,
      "y" : 3.663119,
      "z" : -1.381966
    }, {
      "x" : 10.236068,
      "y" : 3.927051,
      "z" : -1.809017
    }, {
      "x" : 10.163119,
      "y" : 4.190983,
      "z" : -1.618034
    }, {
      "x" : 0.85410196,
      "y" : 0.309017,
      "z" : 0.19098301
    }, {
      "x" : 0.690983,
      "y" : 0.572949,
      "z" : -0.23606798
    }, {
      "x" : 0.309017,
      "y" : 0.11803399,
      "z" : -0.045084972
    }, {
      "x" : 0.76393205,
      "y" : 0.309017,
      "z" : -0.42705098
    }, {
      "x" : 0.927051,
      "y" : 0.045084972,
      "z" : 0.0
    }, {
      "x" : 10.326238,
      "y" : 3.927051,
      "z" : -1.190983
    }, {
      "x" : 11.09017,
      "y" : 4.236068,
      "z" : -1.618034
    } ],
    "faces" : [ {
      "vertices" : [ 2, 7, 5 ]
    }, {
      "vertices" : [ 2, 5, 3 ]
    }, {
      "vertices" : [ 1, 8, 7 ]
    }, {
      "vertices" : [ 1, 7, 2 ]
    }, {
      "vertices" : [ 4, 6, 8 ]
    }, {
      "vertices" : [ 5, 7, 6 ]
    }, {
      "vertices" : [ 0, 1, 2 ]
    }, {
      "vertices" : [ 0, 2, 3 ]
    }, {
      "vertices" : [ 6, 7, 8 ]
    }, {
      "vertices" : [ 3, 5, 4 ]
    }, {
      "vertices" : [ 3, 4, 9 ]
    }, {
      "vertices" : [ 1, 9, 4 ]
    }, {
      "vertices" : [ 1, 4, 8 ]
    }, {
      "vertices" : [ 0, 9, 1 ]
    }, {
      "vertices" : [ 0, 3, 9 ]
    }, {
      "vertices" : [ 4, 5, 6 ]
    } ]
  }, {
    "id" : "9029a94c-9b2a-4bd4-be2c-c2ec67b02a5c",
    "vertices" : [ {
      "x" : 6.0161057,
      "y" : -6.349439,
      "z" : 7.1707873
    }, {
      "x" : 6.1161056,
      "y" : -5.949439,
      "z" : 7.2707877
    }, {
      "x" : 0.5733333,
      "y" : -0.24,
      "z" : 0.36
    }, {
      "x" : 0.47333333,
      "y" : -0.64,
      "z" : 0.26
    }, {
      "x" : 6.4161057,
      "y" : -6.0827723,
      "z" : 7.037454
    }, {
      "x" : 6.316106,
      "y" : -6.4827724,
      "z" : 6.937454
    }, {
      "x" : 0.17333333,
      "y" : -0.50666666,
      "z" : 0.49333334
    }, {
      "x" : 0.27333334,
      "y" : -0.10666667,
      "z" : 0.5933333
    } ],
    "faces" : [ {
      "vertices" : [ 2, 3, 6 ]
    }, {
      "vertices" : [ 2, 6, 7 ]
    }, {
      "vertices" : [ 0, 5, 4 ]
    }, {
      "vertices" : [ 0, 4, 1 ]
    }, {
      "vertices" : [ 2, 4, 5 ]
    }, {
      "vertices" : [ 2, 5, 3 ]
    }, {
      "vertices" : [ 0, 6, 3 ]
    }, {
      "vertices" : [ 0, 3, 5 ]
    }, {
      "vertices" : [ 0, 1, 7 ]
    }, {
      "vertices" : [ 0, 7, 6 ]
    }, {
      "vertices" : [ 1, 4, 2 ]
    }, {
      "vertices" : [ 1, 2, 7 ]
    } ]
  }, {
    "id" : "617d7b6f-f7de-4e22-b9c1-1d8d6d605f87",
    "vertices" : [ {
      "x" : -2.1044655,
      "y" : 10.540369,
      "z" : -3.7530897
    }, {
      "x" : -2.5044653,
      "y" : 10.44037,
      "z" : -3.6530895
    }, {
      "x" : -0.4057971,
      "y" : 0.442029,
      "z" : -0.32608697
    }, {
      "x" : -0.0057971017,
      "y" : 0.54202896,
      "z" : -0.42608696
    }, {
      "x" : -2.6377988,
      "y" : 10.207036,
      "z" : -3.9530897
    }, {
      "x" : -2.2377987,
      "y" : 10.307036,
      "z" : -4.0530896
    }, {
      "x" : 0.12753624,
      "y" : 0.7753623,
      "z" : -0.12608695
    }, {
      "x" : -0.27246377,
      "y" : 0.67536235,
      "z" : -0.026086956
    } ],
    "faces" : [ {
      "vertices" : [ 2, 3, 6 ]
    }, {
      "vertices" : [ 2, 6, 7 ]
    }, {
      "vertices" : [ 0, 5, 4 ]
    }, {
      "vertices" : [ 0, 4, 1 ]
    }, {
      "vertices" : [ 2, 4, 5 ]
    }, {
      "vertices" : [ 2, 5, 3 ]
    }, {
      "vertices" : [ 0, 6, 3 ]
    }, {
      "vertices" : [ 0, 3, 5 ]
    }, {
      "vertices" : [ 0, 1, 7 ]
    }, {
      "vertices" : [ 0, 7, 6 ]
    }, {
      "vertices" : [ 1, 4, 2 ]
    }, {
      "vertices" : [ 1, 2, 7 ]
    } ]
  }, {
    "id" : "a92d16d8-af3a-47d9-9a8e-0e4930cd63b3",
    "vertices" : [ {
      "x" : 2.5640454,
      "y" : -2.3973787,
      "z" : -10.822848
    }, {
      "x" : 2.4640453,
      "y" : -2.7973785,
      "z" : -10.722848
    }, {
      "x" : 0.26,
      "y" : -0.42666668,
      "z" : -0.47333333
    }, {
      "x" : 0.36,
      "y" : -0.026666667,
      "z" : -0.5733333
    }, {
      "x" : 2.7640452,
      "y" : -2.930712,
      "z" : -10.489514
    }, {
      "x" : 2.8640454,
      "y" : -2.530712,
      "z" : -10.589515
    }, {
      "x" : 0.06,
      "y" : 0.10666667,
      "z" : -0.8066667
    }, {
      "x" : -0.04,
      "y" : -0.29333332,
      "z" : -0.70666665
    } ],
    "faces" : [ {
      "vertices" : [ 2, 3, 6 ]
    }, {
      "vertices" : [ 2, 6, 7 ]
    }, {
      "vertices" : [ 0, 5, 4 ]
    }, {
      "vertices" : [ 0, 4, 1 ]
    }, {
      "vertices" : [ 2, 4, 5 ]
    }, {
      "vertices" : [ 2, 5, 3 ]
    }, {
      "vertices" : [ 0, 6, 3 ]
    }, {
      "vertices" : [ 0, 3, 5 ]
    }, {
      "vertices" : [ 0, 1, 7 ]
    }, {
      "vertices" : [ 0, 7, 6 ]
    }, {
      "vertices" : [ 1, 4, 2 ]
    }, {
      "vertices" : [ 1, 2, 7 ]
    } ]
  }, {
    "id" : "f9bfc7e2-9049-4ded-abda-8bec87121d7b",
    "vertices" : [ {
      "x" : 3.7653937,
      "y" : -6.589439,
      "z" : 3.7653937
    }, {
      "x" : 2.8240454,
      "y" : -5.648091,
      "z" : 5.648091
    }, {
      "x" : 0.94134843,
      "y" : -7.5307875,
      "z" : 3.7653937
    }, {
      "x" : 3.137828,
      "y" : -7.217005,
      "z" : 3.137828
    } ],
    "faces" : [ {
      "vertices" : [ 0, 1, 2 ]
    }, {
      "vertices" : [ 0, 2, 3 ]
    }, {
      "vertices" : [ 0, 3, 2 ]
    }, {
      "vertices" : [ 0, 2, 1 ]
    } ]
  }, {
    "id" : "490db75c-9988-4f60-8f04-f9d86549f51a",
    "vertices" : [ {
      "x" : -6.872957,
      "y" : 6.6062903,
      "z" : 6.0518465
    }, {
      "x" : -6.972957,
      "y" : 6.7062902,
      "z" : 5.651847
    }, {
      "x" : -0.3440476,
      "y" : 0.61071426,
      "z" : 0.22380953
    }, {
      "x" : -0.24404761,
      "y" : 0.5107143,
      "z" : 0.6238095
    }, {
      "x" : -6.7396235,
      "y" : 7.0062904,
      "z" : 5.78518
    }, {
      "x" : -6.6396236,
      "y" : 6.9062905,
      "z" : 6.18518
    }, {
      "x" : -0.47738096,
      "y" : 0.21071428,
      "z" : 0.4904762
    }, {
      "x" : -0.57738096,
      "y" : 0.31071427,
      "z" : 0.09047619
    } ],
    "faces" : [ {
      "vertices" : [ 2, 3, 6 ]
    }, {
      "vertices" : [ 2, 6, 7 ]
    }, {
      "vertices" : [ 0, 5, 4 ]
    }, {
      "vertices" : [ 0, 4, 1 ]
    }, {
      "vertices" : [ 2, 4, 5 ]
    }, {
      "vertices" : [ 2, 5, 3 ]
    }, {
      "vertices" : [ 0, 6, 3 ]
    }, {
      "vertices" : [ 0, 3, 5 ]
    }, {
      "vertices" : [ 0, 1, 7 ]
    }, {
      "vertices" : [ 0, 7, 6 ]
    }, {
      "vertices" : [ 1, 4, 2 ]
    }, {
      "vertices" : [ 1, 2, 7 ]
    } ]
  }, {
    "id" : "e5f04991-e9b4-4e95-8b51-e074871e34f6",
    "vertices" : [ {
      "x" : -7.217005,
      "y" : 3.137828,
      "z" : -3.137828
    }, {
      "x" : -7.84457,
      "y" : 0.6275656,
      "z" : -3.137828
    }, {
      "x" : -7.84457,
      "y" : 3.137828,
      "z" : -0.6275656
    } ],
    "faces" : [ {
      "vertices" : [ 0, 1, 2 ]
    }, {
      "vertices" : [ 0, 2, 1 ]
    } ]
  }, {
    "id" : "596be043-66b2-49cf-891d-a7cb9b19daa2",
    "vertices" : [ {
      "x" : -10.44037,
      "y" : 2.5044653,
      "z" : -3.6530895
    }, {
      "x" : -10.540369,
      "y" : 2.1044655,
      "z" : -3.7530897
    }, {
      "x" : -0.54202896,
      "y" : 0.0057971017,
      "z" : -0.42608696
    }, {
      "x" : -0.442029,
      "y" : 0.4057971,
      "z" : -0.32608697
    }, {
      "x" : -10.307036,
      "y" : 2.2377987,
      "z" : -4.0530896
    }, {
      "x" : -10.207036,
      "y" : 2.6377988,
      "z" : -3.9530897
    }, {
      "x" : -0.67536235,
      "y" : 0.27246377,
      "z" : -0.026086956
    }, {
      "x" : -0.7753623,
      "y" : -0.12753624,
      "z" : -0.12608695
    } ],
    "faces" : [ {
      "vertices" : [ 2, 3, 6 ]
    }, {
      "vertices" : [ 2, 6, 7 ]
    }, {
      "vertices" : [ 0, 5, 4 ]
    }, {
      "vertices" : [ 0, 4, 1 ]
    }, {
      "vertices" : [ 2, 4, 5 ]
    }, {
      "vertices" : [ 2, 5, 3 ]
    }, {
      "vertices" : [ 0, 6, 3 ]
    }, {
      "vertices" : [ 0, 3, 5 ]
    }, {
      "vertices" : [ 0, 1, 7 ]
    }, {
      "vertices" : [ 0, 7, 6 ]
    }, {
      "vertices" : [ 1, 4, 2 ]
    }, {
      "vertices" : [ 1, 2, 7 ]
    } ]
  }, {
    "id" : "94e2a9ff-1a36-47b8-8d2d-31bc58b62b03",
    "vertices" : [ {
      "x" : -0.94134843,
      "y" : 3.7653937,
      "z" : 7.5307875
    }, {
      "x" : -3.137828,
      "y" : 3.137828,
      "z" : 7.217005
    }, {
      "x" : -0.6275656,
      "y" : 3.137828,
      "z" : 7.84457
    } ],
    "faces" : [ {
      "vertices" : [ 0, 1, 2 ]
    }, {
      "vertices" : [ 0, 2, 1 ]
    } ]
  }, {
    "id" : "cc4a4040-610b-4d70-ba77-c435a800137d",
    "vertices" : [ {
      "x" : -6.589439,
      "y" : -3.7653937,
      "z" : 3.7653937
    }, {
      "x" : -5.648091,
      "y" : -2.8240454,
      "z" : 5.648091
    }, {
      "x" : -7.5307875,
      "y" : -0.94134843,
      "z" : 3.7653937
    }, {
      "x" : -7.217005,
      "y" : -3.137828,
      "z" : 3.137828
    } ],
    "faces" : [ {
      "vertices" : [ 0, 1, 2 ]
    }, {
      "vertices" : [ 0, 2, 3 ]
    }, {
      "vertices" : [ 0, 3, 2 ]
    }, {
      "vertices" : [ 0, 2, 1 ]
    } ]
  }, {
    "id" : "d9f9bcbf-1141-4a78-92fe-4f3013794239",
    "vertices" : [ {
      "x" : 3.137828,
      "y" : 3.137828,
      "z" : -7.217005
    }, {
      "x" : 3.137828,
      "y" : 0.6275656,
      "z" : -7.84457
    }, {
      "x" : 0.6275656,
      "y" : 3.137828,
      "z" : -7.84457
    } ],
    "faces" : [ {
      "vertices" : [ 0, 1, 2 ]
    }, {
      "vertices" : [ 0, 2, 1 ]
    } ]
  }, {
    "id" : "9ee66cc1-fb37-44b9-9ab8-03f626e414f0",
    "vertices" : [ {
      "x" : -3.293599,
      "y" : -4.350332,
      "z" : -9.9573965
    }, {
      "x" : -3.693599,
      "y" : -4.250332,
      "z" : -9.857397
    }, {
      "x" : -0.47179487,
      "y" : -0.35641026,
      "z" : -0.3974359
    }, {
      "x" : -0.071794875,
      "y" : -0.45641026,
      "z" : -0.4974359
    }, {
      "x" : -3.8269322,
      "y" : -4.550332,
      "z" : -9.6240635
    }, {
      "x" : -3.4269323,
      "y" : -4.650332,
      "z" : -9.724064
    }, {
      "x" : 0.06153846,
      "y" : -0.15641026,
      "z" : -0.7307692
    }, {
      "x" : -0.33846155,
      "y" : -0.056410257,
      "z" : -0.63076925
    } ],
    "faces" : [ {
      "vertices" : [ 2, 3, 6 ]
    }, {
      "vertices" : [ 2, 6, 7 ]
    }, {
      "vertices" : [ 0, 5, 4 ]
    }, {
      "vertices" : [ 0, 4, 1 ]
    }, {
      "vertices" : [ 2, 4, 5 ]
    }, {
      "vertices" : [ 2, 5, 3 ]
    }, {
      "vertices" : [ 0, 6, 3 ]
    }, {
      "vertices" : [ 0, 3, 5 ]
    }, {
      "vertices" : [ 0, 1, 7 ]
    }, {
      "vertices" : [ 0, 7, 6 ]
    }, {
      "vertices" : [ 1, 4, 2 ]
    }, {
      "vertices" : [ 1, 2, 7 ]
    } ]
  }, {
    "id" : "078f3db0-2592-4a61-82c2-d228cd1e7d0c",
    "vertices" : [ {
      "x" : -7.217005,
      "y" : 3.137828,
      "z" : -3.137828
    }, {
      "x" : -7.5307875,
      "y" : 0.94134843,
      "z" : -3.7653937
    }, {
      "x" : -7.84457,
      "y" : 0.6275656,
      "z" : -3.137828
    } ],
    "faces" : [ {
      "vertices" : [ 0, 1, 2 ]
    }, {
      "vertices" : [ 0, 2, 1 ]
    } ]
  }, {
    "id" : "a7ca2bba-cc05-4332-a677-e9215b092355",
    "vertices" : [ {
      "x" : 7.217005,
      "y" : 3.137828,
      "z" : -3.137828
    }, {
      "x" : 7.84457,
      "y" : 3.137828,
      "z" : -0.6275656
    }, {
      "x" : 7.84457,
      "y" : 0.6275656,
      "z" : -3.137828
    } ],
    "faces" : [ {
      "vertices" : [ 0, 1, 2 ]
    }, {
      "vertices" : [ 0, 2, 1 ]
    } ]
  }, {
    "id" : "6d4f1691-9109-46f0-a81f-2af73b00b205",
    "vertices" : [ {
      "x" : -3.137828,
      "y" : 7.217005,
      "z" : 3.137828
    }, {
      "x" : -0.6275656,
      "y" : 7.84457,
      "z" : 3.137828
    }, {
      "x" : -3.137828,
      "y" : 7.84457,
      "z" : 0.6275656
    } ],
    "faces" : [ {
      "vertices" : [ 0, 1, 2 ]
    }, {
      "vertices" : [ 0, 2, 1 ]
    } ]
  }, {
    "id" : "c922dd87-975f-43fc-b59e-02ffaf86aae8",
    "vertices" : [ {
      "x" : -3.137828,
      "y" : 0.6275656,
      "z" : 7.84457
    }, {
      "x" : -3.137828,
      "y" : -0.6275656,
      "z" : 7.84457
    }, {
      "x" : 0.0,
      "y" : 0.0,
      "z" : 8.472136
    } ],
    "faces" : [ {
      "vertices" : [ 0, 1, 2 ]
    }, {
      "vertices" : [ 0, 2, 1 ]
    } ]
  }, {
    "id" : "2f6abcb8-613f-4a86-baac-ff93580023d9",
    "vertices" : [ {
      "x" : 3.137828,
      "y" : 7.217005,
      "z" : -3.137828
    }, {
      "x" : 0.6275656,
      "y" : 7.84457,
      "z" : -3.137828
    }, {
      "x" : 3.137828,
      "y" : 7.84457,
      "z" : -0.6275656
    } ],
    "faces" : [ {
      "vertices" : [ 0, 1, 2 ]
    }, {
      "vertices" : [ 0, 2, 1 ]
    } ]
  }, {
    "id" : "906ed477-6e4a-4afa-8cd2-9a79e1f2afe5",
    "vertices" : [ {
      "x" : -3.137828,
      "y" : 3.137828,
      "z" : 7.217005
    }, {
      "x" : -3.7653937,
      "y" : 0.94134843,
      "z" : 7.5307875
    }, {
      "x" : -3.137828,
      "y" : 0.6275656,
      "z" : 7.84457
    } ],
    "faces" : [ {
      "vertices" : [ 0, 1, 2 ]
    }, {
      "vertices" : [ 0, 2, 1 ]
    } ]
  }, {
    "id" : "b6909d8b-1a05-4a26-a670-0b6bde4187c3",
    "vertices" : [ {
      "x" : 0.94134843,
      "y" : -3.7653937,
      "z" : 7.5307875
    }, {
      "x" : -0.94134843,
      "y" : -3.7653937,
      "z" : 7.5307875
    }, {
      "x" : -2.8240454,
      "y" : -5.648091,
      "z" : 5.648091
    }, {
      "x" : -0.94134843,
      "y" : -7.5307875,
      "z" : 3.7653937
    }, {
      "x" : 0.94134843,
      "y" : -7.5307875,
      "z" : 3.7653937
    }, {
      "x" : 2.8240454,
      "y" : -5.648091,
      "z" : 5.648091
    } ],
    "faces" : [ {
      "vertices" : [ 0, 1, 2 ]
    }, {
      "vertices" : [ 0, 2, 3 ]
    }, {
      "vertices" : [ 0, 3, 4 ]
    }, {
      "vertices" : [ 0, 4, 5 ]
    }, {
      "vertices" : [ 0, 5, 4 ]
    }, {
      "vertices" : [ 0, 4, 3 ]
    }, {
      "vertices" : [ 0, 3, 2 ]
    }, {
      "vertices" : [ 0, 2, 1 ]
    } ]
  }, {
    "id" : "0e703326-0e2a-4f5e-bbde-a856dd9b886a",
    "vertices" : [ {
      "x" : -3.7653937,
      "y" : -3.7653937,
      "z" : 6.589439
    }, {
      "x" : -2.8240454,
      "y" : -5.648091,
      "z" : 5.648091
    }, {
      "x" : -0.94134843,
      "y" : -3.7653937,
      "z" : 7.5307875
    }, {
      "x" : -3.137828,
      "y" : -3.137828,
      "z" : 7.217005
    } ],
    "faces" : [ {
      "vertices" : [ 0, 1, 2 ]
    }, {
      "vertices" : [ 0, 2, 3 ]
    }, {
      "vertices" : [ 0, 3, 2 ]
    }, {
      "vertices" : [ 0, 2, 1 ]
    } ]
  }, {
    "id" : "2c088717-e5b0-4239-aaa8-dd0ebde01d0b",
    "vertices" : [ {
      "x" : 7.84457,
      "y" : -0.6275656,
      "z" : -3.137828
    }, {
      "x" : 7.84457,
      "y" : 0.6275656,
      "z" : -3.137828
    }, {
      "x" : 8.472136,
      "y" : 0.0,
      "z" : 0.0
    } ],
    "faces" : [ {
      "vertices" : [ 0, 1, 2 ]
    }, {
      "vertices" : [ 0, 2, 1 ]
    } ]
  }, {
    "id" : "52826bd4-9e7e-46f6-b5af-c71783e0018d",
    "vertices" : [ {
      "x" : -3.137828,
      "y" : -7.84457,
      "z" : -0.6275656
    }, {
      "x" : -3.137828,
      "y" : -7.217005,
      "z" : -3.137828
    }, {
      "x" : -0.6275656,
      "y" : -7.84457,
      "z" : -3.137828
    } ],
    "faces" : [ {
      "vertices" : [ 0, 1, 2 ]
    }, {
      "vertices" : [ 0, 2, 1 ]
    } ]
  }, {
    "id" : "8bb4c211-7e94-4912-ac74-9b89bad1afa1",
    "vertices" : [ {
      "x" : 0.94134843,
      "y" : 3.7653937,
      "z" : 7.5307875
    }, {
      "x" : 3.137828,
      "y" : 3.137828,
      "z" : 7.217005
    }, {
      "x" : 3.7653937,
      "y" : 3.7653937,
      "z" : 6.589439
    }, {
      "x" : 2.8240454,
      "y" : 5.648091,
      "z" : 5.648091
    } ],
    "faces" : [ {
      "vertices" : [ 0, 1, 2 ]
    }, {
      "vertices" : [ 0, 2, 3 ]
    }, {
      "vertices" : [ 0, 3, 2 ]
    }, {
      "vertices" : [ 0, 2, 1 ]
    } ]
  }, {
    "id" : "edd4b39f-5af9-4d34-a150-371fb898ad67",
    "vertices" : [ {
      "x" : -3.7653937,
      "y" : 0.94134843,
      "z" : -7.5307875
    }, {
      "x" : -3.137828,
      "y" : 3.137828,
      "z" : -7.217005
    }, {
      "x" : -3.137828,
      "y" : 0.6275656,
      "z" : -7.84457
    } ],
    "faces" : [ {
      "vertices" : [ 0, 1, 2 ]
    }, {
      "vertices" : [ 0, 2, 1 ]
    } ]
  }, {
    "id" : "ac22efa1-c7fd-419a-a63b-06e464be9b18",
    "vertices" : [ {
      "x" : -3.137828,
      "y" : 7.84457,
      "z" : 0.6275656
    }, {
      "x" : -3.137828,
      "y" : 7.84457,
      "z" : -0.6275656
    }, {
      "x" : -3.7653937,
      "y" : 7.5307875,
      "z" : -0.94134843
    }, {
      "x" : -3.7653937,
      "y" : 7.5307875,
      "z" : 0.94134843
    } ],
    "faces" : [ {
      "vertices" : [ 0, 1, 2 ]
    }, {
      "vertices" : [ 0, 2, 3 ]
    }, {
      "vertices" : [ 0, 3, 2 ]
    }, {
      "vertices" : [ 0, 2, 1 ]
    } ]
  }, {
    "id" : "faabbb68-4387-45ec-901b-f1af6c6650be",
    "vertices" : [ {
      "x" : -6.589439,
      "y" : -3.7653937,
      "z" : 3.7653937
    }, {
      "x" : -7.217005,
      "y" : -3.137828,
      "z" : 3.137828
    }, {
      "x" : -7.5307875,
      "y" : -3.7653937,
      "z" : 0.94134843
    }, {
      "x" : -5.648091,
      "y" : -5.648091,
      "z" : 2.8240454
    } ],
    "faces" : [ {
      "vertices" : [ 0, 1, 2 ]
    }, {
      "vertices" : [ 0, 2, 3 ]
    }, {
      "vertices" : [ 0, 3, 2 ]
    }, {
      "vertices" : [ 0, 2, 1 ]
    } ]
  }, {
    "id" : "658c2440-2642-492c-a20c-70bfea625434",
    "vertices" : [ {
      "x" : -7.5307875,
      "y" : -0.94134843,
      "z" : -3.7653937
    }, {
      "x" : -7.84457,
      "y" : -0.6275656,
      "z" : -3.137828
    }, {
      "x" : -7.84457,
      "y" : 0.6275656,
      "z" : -3.137828
    }, {
      "x" : -7.5307875,
      "y" : 0.94134843,
      "z" : -3.7653937
    } ],
    "faces" : [ {
      "vertices" : [ 0, 1, 2 ]
    }, {
      "vertices" : [ 0, 2, 3 ]
    }, {
      "vertices" : [ 0, 3, 2 ]
    }, {
      "vertices" : [ 0, 2, 1 ]
    } ]
  }, {
    "id" : "539967ea-05d9-41ae-af5c-671d50b6c789",
    "vertices" : [ {
      "x" : -3.7653937,
      "y" : -7.5307875,
      "z" : -0.94134843
    }, {
      "x" : -3.137828,
      "y" : -7.217005,
      "z" : -3.137828
    }, {
      "x" : -3.137828,
      "y" : -7.84457,
      "z" : -0.6275656
    } ],
    "faces" : [ {
      "vertices" : [ 0, 1, 2 ]
    }, {
      "vertices" : [ 0, 2, 1 ]
    } ]
  }, {
    "id" : "1f8f619a-8d29-4183-8bd4-347a433b5e09",
    "vertices" : [ {
      "x" : -7.84457,
      "y" : 0.6275656,
      "z" : 3.137828
    }, {
      "x" : -7.84457,
      "y" : 3.137828,
      "z" : 0.6275656
    }, {
      "x" : -8.472136,
      "y" : 0.0,
      "z" : 0.0
    } ],
    "faces" : [ {
      "vertices" : [ 0, 1, 2 ]
    }, {
      "vertices" : [ 0, 2, 1 ]
    } ]
  }, {
    "id" : "8ee6d06a-7bca-4096-9322-3df59ae00363",
    "vertices" : [ {
      "x" : -0.6275656,
      "y" : -3.137828,
      "z" : 7.84457
    }, {
      "x" : 0.0,
      "y" : 0.0,
      "z" : 8.472136
    }, {
      "x" : -3.137828,
      "y" : -0.6275656,
      "z" : 7.84457
    } ],
    "faces" : [ {
      "vertices" : [ 0, 1, 2 ]
    }, {
      "vertices" : [ 0, 2, 1 ]
    } ]
  }, {
    "id" : "81711691-83d4-437f-9fd4-a2cd621bfd78",
    "vertices" : [ {
      "x" : -3.7653937,
      "y" : 3.7653937,
      "z" : 6.589439
    }, {
      "x" : -5.648091,
      "y" : 2.8240454,
      "z" : 5.648091
    }, {
      "x" : -3.7653937,
      "y" : 0.94134843,
      "z" : 7.5307875
    }, {
      "x" : -3.137828,
      "y" : 3.137828,
      "z" : 7.217005
    } ],
    "faces" : [ {
      "vertices" : [ 0, 1, 2 ]
    }, {
      "vertices" : [ 0, 2, 3 ]
    }, {
      "vertices" : [ 0, 3, 2 ]
    }, {
      "vertices" : [ 0, 2, 1 ]
    } ]
  }, {
    "id" : "785a94fa-d119-45b8-bf3a-21f236947a44",
    "vertices" : [ {
      "x" : 3.137828,
      "y" : -0.6275656,
      "z" : -7.84457
    }, {
      "x" : 3.137828,
      "y" : 0.6275656,
      "z" : -7.84457
    }, {
      "x" : 3.7653937,
      "y" : 0.94134843,
      "z" : -7.5307875
    }, {
      "x" : 3.7653937,
      "y" : -0.94134843,
      "z" : -7.5307875
    } ],
    "faces" : [ {
      "vertices" : [ 0, 1, 2 ]
    }, {
      "vertices" : [ 0, 2, 3 ]
    }, {
      "vertices" : [ 0, 3, 2 ]
    }, {
      "vertices" : [ 0, 2, 1 ]
    } ]
  }, {
    "id" : "868db4c4-e348-44dc-a1d2-fe58d6706bc4",
    "vertices" : [ {
      "x" : 7.84457,
      "y" : -3.137828,
      "z" : -0.6275656
    }, {
      "x" : 7.84457,
      "y" : -0.6275656,
      "z" : -3.137828
    }, {
      "x" : 8.472136,
      "y" : 0.0,
      "z" : 0.0
    } ],
    "faces" : [ {
      "vertices" : [ 0, 1, 2 ]
    }, {
      "vertices" : [ 0, 2, 1 ]
    } ]
  }, {
    "id" : "4d3135b6-ca49-4ff3-b393-a454d0e863dd",
    "vertices" : [ {
      "x" : 7.217005,
      "y" : 3.137828,
      "z" : 3.137828
    }, {
      "x" : 7.5307875,
      "y" : 3.7653937,
      "z" : 0.94134843
    }, {
      "x" : 5.648091,
      "y" : 5.648091,
      "z" : 2.8240454
    }, {
      "x" : 6.589439,
      "y" : 3.7653937,
      "z" : 3.7653937
    } ],
    "faces" : [ {
      "vertices" : [ 0, 1, 2 ]
    }, {
      "vertices" : [ 0, 2, 3 ]
    }, {
      "vertices" : [ 0, 3, 2 ]
    }, {
      "vertices" : [ 0, 2, 1 ]
    } ]
  }, {
    "id" : "acd7cfbc-88a5-4346-8821-e4103f496ab5",
    "vertices" : [ {
      "x" : 3.137828,
      "y" : -0.6275656,
      "z" : -7.84457
    }, {
      "x" : 0.6275656,
      "y" : -3.137828,
      "z" : -7.84457
    }, {
      "x" : 0.0,
      "y" : 0.0,
      "z" : -8.472136
    } ],
    "faces" : [ {
      "vertices" : [ 0, 1, 2 ]
    }, {
      "vertices" : [ 0, 2, 1 ]
    } ]
  }, {
    "id" : "9e25ab55-da5e-4c4c-9c7a-a4a89f3d218c",
    "vertices" : [ {
      "x" : -7.217005,
      "y" : 3.137828,
      "z" : 3.137828
    }, {
      "x" : -7.5307875,
      "y" : 3.7653937,
      "z" : 0.94134843
    }, {
      "x" : -7.84457,
      "y" : 3.137828,
      "z" : 0.6275656
    } ],
    "faces" : [ {
      "vertices" : [ 0, 1, 2 ]
    }, {
      "vertices" : [ 0, 2, 1 ]
    } ]
  }, {
    "id" : "c941326d-d9cc-4bbd-9dfe-610cf3fffc6b",
    "vertices" : [ {
      "x" : 3.7653937,
      "y" : 6.589439,
      "z" : 3.7653937
    }, {
      "x" : 2.8240454,
      "y" : 5.648091,
      "z" : 5.648091
    }, {
      "x" : 3.7653937,
      "y" : 3.7653937,
      "z" : 6.589439
    }, {
      "x" : 5.648091,
      "y" : 2.8240454,
      "z" : 5.648091
    }, {
      "x" : 6.589439,
      "y" : 3.7653937,
      "z" : 3.7653937
    }, {
      "x" : 5.648091,
      "y" : 5.648091,
      "z" : 2.8240454
    } ],
    "faces" : [ {
      "vertices" : [ 0, 1, 2 ]
    }, {
      "vertices" : [ 0, 2, 3 ]
    }, {
      "vertices" : [ 0, 3, 4 ]
    }, {
      "vertices" : [ 0, 4, 5 ]
    }, {
      "vertices" : [ 0, 5, 4 ]
    }, {
      "vertices" : [ 0, 4, 3 ]
    }, {
      "vertices" : [ 0, 3, 2 ]
    }, {
      "vertices" : [ 0, 2, 1 ]
    } ]
  }, {
    "id" : "4f799673-c422-4117-b2d3-f576cd06b851",
    "vertices" : [ {
      "x" : -0.94134843,
      "y" : -3.7653937,
      "z" : -7.5307875
    }, {
      "x" : -0.6275656,
      "y" : -3.137828,
      "z" : -7.84457
    }, {
      "x" : 0.6275656,
      "y" : -3.137828,
      "z" : -7.84457
    }, {
      "x" : 0.94134843,
      "y" : -3.7653937,
      "z" : -7.5307875
    } ],
    "faces" : [ {
      "vertices" : [ 0, 1, 2 ]
    }, {
      "vertices" : [ 0, 2, 3 ]
    }, {
      "vertices" : [ 0, 3, 2 ]
    }, {
      "vertices" : [ 0, 2, 1 ]
    } ]
  }, {
    "id" : "298ef9c7-61fb-4d37-9052-70dc4fa7e96f",
    "vertices" : [ {
      "x" : 3.7653937,
      "y" : 6.589439,
      "z" : 3.7653937
    }, {
      "x" : 3.137828,
      "y" : 7.217005,
      "z" : 3.137828
    }, {
      "x" : 0.94134843,
      "y" : 7.5307875,
      "z" : 3.7653937
    }, {
      "x" : 2.8240454,
      "y" : 5.648091,
      "z" : 5.648091
    } ],
    "faces" : [ {
      "vertices" : [ 0, 1, 2 ]
    }, {
      "vertices" : [ 0, 2, 3 ]
    }, {
      "vertices" : [ 0, 3, 2 ]
    }, {
      "vertices" : [ 0, 2, 1 ]
    } ]
  }, {
    "id" : "1dd91e67-1b14-4e2a-87b9-cd51002a4c62",
    "vertices" : [ {
      "x" : 3.7653937,
      "y" : 7.5307875,
      "z" : -0.94134843
    }, {
      "x" : 3.137828,
      "y" : 7.84457,
      "z" : -0.6275656
    }, {
      "x" : 3.137828,
      "y" : 7.84457,
      "z" : 0.6275656
    }, {
      "x" : 3.7653937,
      "y" : 7.5307875,
      "z" : 0.94134843
    } ],
    "faces" : [ {
      "vertices" : [ 0, 1, 2 ]
    }, {
      "vertices" : [ 0, 2, 3 ]
    }, {
      "vertices" : [ 0, 3, 2 ]
    }, {
      "vertices" : [ 0, 2, 1 ]
    } ]
  }, {
    "id" : "a6fe2360-8faf-44a1-a3f6-41d8f401c4bf",
    "vertices" : [ {
      "x" : -3.137828,
      "y" : 7.217005,
      "z" : 3.137828
    }, {
      "x" : -3.137828,
      "y" : 7.84457,
      "z" : 0.6275656
    }, {
      "x" : -3.7653937,
      "y" : 7.5307875,
      "z" : 0.94134843
    } ],
    "faces" : [ {
      "vertices" : [ 0, 1, 2 ]
    }, {
      "vertices" : [ 0, 2, 1 ]
    } ]
  }, {
    "id" : "06030bb9-ea76-4957-b1de-b412ff54d0a8",
    "vertices" : [ {
      "x" : 3.137828,
      "y" : 7.217005,
      "z" : -3.137828
    }, {
      "x" : 3.7653937,
      "y" : 6.589439,
      "z" : -3.7653937
    }, {
      "x" : 2.8240454,
      "y" : 5.648091,
      "z" : -5.648091
    }, {
      "x" : 0.94134843,
      "y" : 7.5307875,
      "z" : -3.7653937
    } ],
    "faces" : [ {
      "vertices" : [ 0, 1, 2 ]
    }, {
      "vertices" : [ 0, 2, 3 ]
    }, {
      "vertices" : [ 0, 3, 2 ]
    }, {
      "vertices" : [ 0, 2, 1 ]
    } ]
  }, {
    "id" : "a04a8bac-1a65-4882-a0b4-d2bb1355dbc8",
    "vertices" : [ {
      "x" : 3.7653937,
      "y" : 3.7653937,
      "z" : -6.589439
    }, {
      "x" : 2.8240454,
      "y" : 5.648091,
      "z" : -5.648091
    }, {
      "x" : 3.7653937,
      "y" : 6.589439,
      "z" : -3.7653937
    }, {
      "x" : 5.648091,
      "y" : 5.648091,
      "z" : -2.8240454
    }, {
      "x" : 6.589439,
      "y" : 3.7653937,
      "z" : -3.7653937
    }, {
      "x" : 5.648091,
      "y" : 2.8240454,
      "z" : -5.648091
    } ],
    "faces" : [ {
      "vertices" : [ 0, 1, 2 ]
    }, {
      "vertices" : [ 0, 2, 3 ]
    }, {
      "vertices" : [ 0, 3, 4 ]
    }, {
      "vertices" : [ 0, 4, 5 ]
    }, {
      "vertices" : [ 0, 5, 4 ]
    }, {
      "vertices" : [ 0, 4, 3 ]
    }, {
      "vertices" : [ 0, 3, 2 ]
    }, {
      "vertices" : [ 0, 2, 1 ]
    } ]
  }, {
    "id" : "5a0a1127-37ca-402f-a799-dd2c1590d360",
    "vertices" : [ {
      "x" : 7.217005,
      "y" : 3.137828,
      "z" : 3.137828
    }, {
      "x" : 7.84457,
      "y" : 3.137828,
      "z" : 0.6275656
    }, {
      "x" : 7.5307875,
      "y" : 3.7653937,
      "z" : 0.94134843
    } ],
    "faces" : [ {
      "vertices" : [ 0, 1, 2 ]
    }, {
      "vertices" : [ 0, 2, 1 ]
    } ]
  }, {
    "id" : "033c0d6d-8756-4b2b-9fcb-03511e375fca",
    "vertices" : [ {
      "x" : 0.94134843,
      "y" : -3.7653937,
      "z" : -7.5307875
    }, {
      "x" : 3.137828,
      "y" : -3.137828,
      "z" : -7.217005
    }, {
      "x" : 3.7653937,
      "y" : -3.7653937,
      "z" : -6.589439
    }, {
      "x" : 2.8240454,
