{
  "field" : "golden",
  "symmetry" : "icosahedral",
  "orientations" : [ [ 1.0, 0.0, 0.0, 0.0, 0.0, 1.0, 0.0, 0.0, 0.0, 0.0, 1.0, 0.0, 0.0, 0.0, 0.0, 1.0 ], [ 0.0, 0.0, 1.0, 0.0, 1.0, 0.0, 0.0, 0.0, 0.0, 1.0, 0.0, 0.0, 0.0, 0.0, 0.0, 1.0 ], [ 0.0, 1.0, 0.0, 0.0, 0.0, 0.0, 1.0, 0.0, 1.0, 0.0, 0.0, 0.0, 0.0, 0.0, 0.0, 1.0 ], [ 0.809017, 0.309017, 0.5, 0.0, 0.309017, 0.5, -0.809017, 0.0, -0.5, 0.809017, 0.309017, 0.0, 0.0, 0.0, 0.0, 1.0 ], [ -0.5, 0.809017, 0.309017, 0.0, 0.809017, 0.309017, 0.5, 0.0, 0.309017, 0.5, -0.809017, 0.0, 0.0, 0.0, 0.0, 1.0 ], [ 0.309017, 0.5, -0.809017, 0.0, -0.5, 0.809017, 0.309017, 0.0, 0.809017, 0.309017, 0.5, 0.0, 0.0, 0.0, 0.0, 1.0 ], [ 0.5, 0.809017, 0.309017, 0.0, 0.809017, -0.309017, -0.5, 0.0, -0.309017, 0.5, -0.809017, 0.0, 0.0, 0.0, 0.0, 1.0 ], [ -0.309017, 0.5, -0.809017, 0.0, 0.5, 0.809017, 0.309017, 0.0, 0.809017, -0.309017, -0.5, 0.0, 0.0, 0.0, 0.0, 1.0 ], [ 0.809017, -0.309017, -0.5, 0.0, -0.309017, 0.5, -0.809017, 0.0, 0.5, 0.809017, 0.309017, 0.0, 0.0, 0.0, 0.0, 1.0 ], [ 0.5, 0.809017, -0.309017, 0.0, 0.809017, -0.309017, 0.5, 0.0, 0.309017, -0.5, -0.809017, 0.0, 0.0, 0.0, 0.0, 1.0 ], [ 0.309017, -0.5, -0.809017, 0.0, 0.5, 0.809017, -0.309017, 0.0, 0.809017, -0.309017, 0.5, 0.0, 0.0, 0.0, 0.0, 1.0 ], [ 0.809017, -0.309017, 0.5, 0.0, 0.309017, -0.5, -0.809017, 0.0, 0.5, 0.809017, -0.309017, 0.0, 0.0, 0.0, 0.0, 1.0 ], [ 0.809017, 0.309017, -0.5, 0.0, 0.309017, 0.5, 0.809017, 0.0, 0.5, -0.809017, 0.309017, 0.0, 0.0, 0.0, 0.0, 1.0 ], [ 0.5, -0.809017, 0.309017, 0.0, 0.809017, 0.309017, -0.5, 0.0, 0.309017, 0.5, 0.809017, 0.0, 0.0, 0.0, 0.0, 1.0 ], [ 0.309017, 0.5, 0.809017, 0.0, 0.5, -0.809017, 0.309017, 0.0, 0.809017, 0.309017, -0.5, 0.0, 0.0, 0.0, 0.0, 1.0 ], [ 1.0, 0.0, 0.0, 0.0, 0.0, -1.0, 0.0, 0.0, 0.0, 0.0, -1.0, 0.0, 0.0, 0.0, 0.0, 1.0 ], [ 0.0, 0.0, 1.0, 0.0, -1.0, 0.0, 0.0, 0.0, 0.0, -1.0, 0.0, 0.0, 0.0, 0.0, 0.0, 1.0 ], [ 0.0, 1.0, 0.0, 0.0, 0.0, 0.0, -1.0, 0.0, -1.0, 0.0, 0.0, 0.0, 0.0, 0.0, 0.0, 1.0 ], [ 0.809017, 0.309017, 0.5, 0.0, -0.309017, -0.5, 0.809017, 0.0, 0.5, -0.809017, -0.309017, 0.0, 0.0, 0.0, 0.0, 1.0 ], [ -0.5, 0.809017, 0.309017, 0.0, -0.809017, -0.309017, -0.5, 0.0, -0.309017, -0.5, 0.809017, 0.0, 0.0, 0.0, 0.0, 1.0 ], [ 0.309017, 0.5, -0.809017, 0.0, 0.5, -0.809017, -0.309017, 0.0, -0.809017, -0.309017, -0.5, 0.0, 0.0, 0.0, 0.0, 1.0 ], [ 0.5, 0.809017, 0.309017, 0.0, -0.809017, 0.309017, 0.5, 0.0, 0.309017, -0.5, 0.809017, 0.0, 0.0, 0.0, 0.0, 1.0 ], [ -0.309017, 0.5, -0.809017, 0.0, -0.5, -0.809017, -0.309017, 0.0, -0.809017, 0.309017, 0.5, 0.0, 0.0, 0.0, 0.0, 1.0 ], [ 0.809017, -0.309017, -0.5, 0.0, 0.309017, -0.5, 0.809017, 0.0, -0.5, -0.809017, -0.309017, 0.0, 0.0, 0.0, 0.0, 1.0 ], [ 0.5, 0.809017, -0.309017, 0.0, -0.809017, 0.309017, -0.5, 0.0, -0.309017, 0.5, 0.809017, 0.0, 0.0, 0.0, 0.0, 1.0 ], [ 0.309017, -0.5, -0.809017, 0.0, -0.5, -0.809017, 0.309017, 0.0, -0.809017, 0.309017, -0.5, 0.0, 0.0, 0.0, 0.0, 1.0 ], [ 0.809017, -0.309017, 0.5, 0.0, -0.309017, 0.5, 0.809017, 0.0, -0.5, -0.809017, 0.309017, 0.0, 0.0, 0.0, 0.0, 1.0 ], [ 0.809017, 0.309017, -0.5, 0.0, -0.309017, -0.5, -0.809017, 0.0, -0.5, 0.809017, -0.309017, 0.0, 0.0, 0.0, 0.0, 1.0 ], [ 0.5, -0.809017, 0.309017, 0.0, -0.809017, -0.309017, 0.5, 0.0, -0.309017, -0.5, -0.809017, 0.0, 0.0, 0.0, 0.0, 1.0 ], [ 0.309017, 0.5, 0.809017, 0.0, -0.5, 0.809017, -0.309017, 0.0, -0.809017, -0.309017, 0.5, 0.0, 0.0, 0.0, 0.0, 1.0 ], [ -1.0, 0.0, 0.0, 0.0, 0.0, -1.0, 0.0, 0.0, 0.0, 0.0, 1.0, 0.0, 0.0, 0.0, 0.0, 1.0 ], [ 0.0, 0.0, -1.0, 0.0, -1.0, 0.0, 0.0, 0.0, 0.0, 1.0, 0.0, 0.0, 0.0, 0.0, 0.0, 1.0 ], [ 0.0, -1.0, 0.0, 0.0, 0.0, 0.0, -1.0, 0.0, 1.0, 0.0, 0.0, 0.0, 0.0, 0.0, 0.0, 1.0 ], [ -0.809017, -0.309017, -0.5, 0.0, -0.309017, -0.5, 0.809017, 0.0, -0.5, 0.809017, 0.309017, 0.0, 0.0, 0.0, 0.0, 1.0 ], [ 0.5, -0.809017, -0.309017, 0.0, -0.809017, -0.309017, -0.5, 0.0, 0.309017, 0.5, -0.809017, 0.0, 0.0, 0.0, 0.0, 1.0 ], [ -0.309017, -0.5, 0.809017, 0.0, 0.5, -0.809017, -0.309017, 0.0, 0.809017, 0.309017, 0.5, 0.0, 0.0, 0.0, 0.0, 1.0 ], [ -0.5, -0.809017, -0.309017, 0.0, -0.809017, 0.309017, 0.5, 0.0, -0.309017, 0.5, -0.809017, 0.0, 0.0, 0.0, 0.0, 1.0 ], [ 0.309017, -0.5, 0.809017, 0.0, -0.5, -0.809017, -0.309017, 0.0, 0.809017, -0.309017, -0.5, 0.0, 0.0, 0.0, 0.0, 1.0 ], [ -0.809017, 0.309017, 0.5, 0.0, 0.309017, -0.5, 0.809017, 0.0, 0.5, 0.809017, 0.309017, 0.0, 0.0, 0.0, 0.0, 1.0 ], [ -0.5, -0.809017, 0.309017, 0.0, -0.809017, 0.309017, -0.5, 0.0, 0.309017, -0.5, -0.809017, 0.0, 0.0, 0.0, 0.0, 1.0 ], [ -0.309017, 0.5, 0.809017, 0.0, -0.5, -0.809017, 0.309017, 0.0, 0.809017, -0.309017, 0.5, 0.0, 0.0, 0.0, 0.0, 1.0 ], [ -0.809017, 0.309017, -0.5, 0.0, -0.309017, 0.5, 0.809017, 0.0, 0.5, 0.809017, -0.309017, 0.0, 0.0, 0.0, 0.0, 1.0 ], [ -0.809017, -0.309017, 0.5, 0.0, -0.309017, -0.5, -0.809017, 0.0, 0.5, -0.809017, 0.309017, 0.0, 0.0, 0.0, 0.0, 1.0 ], [ -0.5, 0.809017, -0.309017, 0.0, -0.809017, -0.309017, 0.5, 0.0, 0.309017, 0.5, 0.809017, 0.0, 0.0, 0.0, 0.0, 1.0 ], [ -0.309017, -0.5, -0.809017, 0.0, -0.5, 0.809017, -0.309017, 0.0, 0.809017, 0.309017, -0.5, 0.0, 0.0, 0.0, 0.0, 1.0 ], [ -1.0, 0.0, 0.0, 0.0, 0.0, 1.0, 0.0, 0.0, 0.0, 0.0, -1.0, 0.0, 0.0, 0.0, 0.0, 1.0 ], [ 0.0, 0.0, -1.0, 0.0, 1.0, 0.0, 0.0, 0.0, 0.0, -1.0, 0.0, 0.0, 0.0, 0.0, 0.0, 1.0 ], [ 0.0, -1.0, 0.0, 0.0, 0.0, 0.0, 1.0, 0.0, -1.0, 0.0, 0.0, 0.0, 0.0, 0.0, 0.0, 1.0 ], [ -0.809017, -0.309017, -0.5, 0.0, 0.309017, 0.5, -0.809017, 0.0, 0.5, -0.809017, -0.309017, 0.0, 0.0, 0.0, 0.0, 1.0 ], [ 0.5, -0.809017, -0.309017, 0.0, 0.809017, 0.309017, 0.5, 0.0, -0.309017, -0.5, 0.809017, 0.0, 0.0, 0.0, 0.0, 1.0 ], [ -0.309017, -0.5, 0.809017, 0.0, -0.5, 0.809017, 0.309017, 0.0, -0.809017, -0.309017, -0.5, 0.0, 0.0, 0.0, 0.0, 1.0 ], [ -0.5, -0.809017, -0.309017, 0.0, 0.809017, -0.309017, -0.5, 0.0, 0.309017, -0.5, 0.809017, 0.0, 0.0, 0.0, 0.0, 1.0 ], [ 0.309017, -0.5, 0.809017, 0.0, 0.5, 0.809017, 0.309017, 0.0, -0.809017, 0.309017, 0.5, 0.0, 0.0, 0.0, 0.0, 1.0 ], [ -0.809017, 0.309017, 0.5, 0.0, -0.309017, 0.5, -0.809017, 0.0, -0.5, -0.809017, -0.309017, 0.0, 0.0, 0.0, 0.0, 1.0 ], [ -0.5, -0.809017, 0.309017, 0.0, 0.809017, -0.309017, 0.5, 0.0, -0.309017, 0.5, 0.809017, 0.0, 0.0, 0.0, 0.0, 1.0 ], [ -0.309017, 0.5, 0.809017, 0.0, 0.5, 0.809017, -0.309017, 0.0, -0.809017, 0.309017, -0.5, 0.0, 0.0, 0.0, 0.0, 1.0 ], [ -0.809017, 0.309017, -0.5, 0.0, 0.309017, -0.5, -0.809017, 0.0, -0.5, -0.809017, 0.309017, 0.0, 0.0, 0.0, 0.0, 1.0 ], [ -0.809017, -0.309017, 0.5, 0.0, 0.309017, 0.5, 0.809017, 0.0, -0.5, 0.809017, -0.309017, 0.0, 0.0, 0.0, 0.0, 1.0 ], [ -0.5, 0.809017, -0.309017, 0.0, 0.809017, 0.309017, -0.5, 0.0, -0.309017, -0.5, -0.809017, 0.0, 0.0, 0.0, 0.0, 1.0 ], [ -0.309017, -0.5, -0.809017, 0.0, 0.5, -0.809017, 0.309017, 0.0, -0.809017, -0.309017, 0.5, 0.0, 0.0, 0.0, 0.0, 1.0 ] ],
  "lights" : {
    "ambientColor" : "#292929",
    "backgroundColor" : "#FFF9F9",
    "directionalLights" : [ {
      "direction" : {
        "x" : 1.0,
        "y" : -1.0,
        "z" : -1.0
      },
      "color" : "#EBEBE4"
    }, {
      "direction" : {
        "x" : -1.0,
        "y" : 0.0,
        "z" : 0.0
      },
      "color" : "#E4E4EB"
    }, {
      "direction" : {
        "x" : 0.0,
        "y" : 0.0,
        "z" : -1.0
      },
      "color" : "#1E1E1E"
    } ]
  },
  "camera" : {
    "lookDirection" : {
      "x" : -0.9999834,
      "y" : 0.005883448,
      "z" : -6.49523E-4
    },
    "upDirection" : {
      "x" : -0.0037135296,
      "y" : -0.5380426,
      "z" : 0.8429106
    },
    "lookAtPoint" : {
      "x" : 0.0,
      "y" : 0.0,
      "z" : 0.0
    },
    "viewDistance" : 206.20677,
    "nearClipDistance" : 0.51551795,
    "farClipDistance" : 412.4127,
    "fieldOfView" : 0.44262928,
    "perspective" : false,
    "width" : 92.79313,
    "stereo" : false,
    "position" : {
      "x" : 206.20334,
      "y" : -1.2132068,
      "z" : 0.13393603
    }
  },
  "embedding" : [ 1.0, 0.0, 0.0, 0.0, 0.0, 1.0, 0.0, 0.0, 0.0, 0.0, 1.0, 0.0, 0.0, 0.0, 0.0, 1.0 ],
  "shapes" : [ {
    "id" : "f40371ba-8122-4be0-bf03-cad67c6ee3fc",
    "vertices" : [ {
      "x" : 1.0,
      "y" : 0.309017,
      "z" : 0.19098301
    }, {
      "x" : 1.0,
      "y" : -0.309017,
      "z" : 0.19098301
    }, {
      "x" : 21.18034,
      "y" : -0.309017,
      "z" : 0.19098301
    }, {
      "x" : 21.18034,
      "y" : 0.309017,
      "z" : 0.19098301
    }, {
      "x" : 21.18034,
      "y" : -0.309017,
      "z" : -0.19098301
    }, {
      "x" : 21.18034,
      "y" : 0.309017,
      "z" : -0.19098301
    }, {
      "x" : 21.798374,
      "y" : 0.0,
      "z" : 0.0
    }, {
      "x" : 0.38196602,
      "y" : 0.0,
      "z" : 0.0
    }, {
      "x" : 1.0,
      "y" : 0.309017,
      "z" : -0.19098301
    }, {
      "x" : 1.0,
      "y" : -0.309017,
      "z" : -0.19098301
    }, {
      "x" : 22.18034,
      "y" : 0.0,
      "z" : 0.0
    } ],
    "faces" : [ {
      "vertices" : [ 1, 9, 4 ]
    }, {
      "vertices" : [ 1, 4, 2 ]
    }, {
      "vertices" : [ 0, 3, 5 ]
    }, {
      "vertices" : [ 0, 5, 8 ]
    }, {
      "vertices" : [ 1, 7, 9 ]
    }, {
      "vertices" : [ 0, 1, 2 ]
    }, {
      "vertices" : [ 0, 2, 3 ]
    }, {
      "vertices" : [ 7, 8, 9 ]
    }, {
      "vertices" : [ 0, 7, 1 ]
    }, {
      "vertices" : [ 4, 9, 8 ]
    }, {
      "vertices" : [ 4, 8, 5 ]
    }, {
      "vertices" : [ 2, 6, 3 ]
    }, {
      "vertices" : [ 2, 4, 6 ]
    }, {
      "vertices" : [ 3, 6, 5 ]
    }, {
      "vertices" : [ 4, 5, 6 ]
    }, {
      "vertices" : [ 0, 8, 7 ]
    } ]
  }, {
    "id" : "98136801-0457-4206-a7fb-695f4052af4e",
    "vertices" : [ {
      "x" : -10.887212,
      "y" : -13.792844,
      "z" : -12.39086
    }, {
      "x" : -10.487211,
      "y" : -13.892843,
      "z" : -12.49086
    }, {
      "x" : -0.20295861,
      "y" : -0.36257407,
      "z" : -0.5937375
    }, {
      "x" : -0.6029586,
      "y" : -0.26257408,
      "z" : -0.49373746
    }, {
      "x" : -10.620544,
      "y" : -13.65951,
      "z" : -12.790859
    }, {
      "x" : -11.020545,
      "y" : -13.55951,
      "z" : -12.69086
    }, {
      "x" : -0.46962526,
      "y" : -0.49590743,
      "z" : -0.19373746
    }, {
      "x" : -0.06962527,
      "y" : -0.5959074,
      "z" : -0.29373747
    } ],
    "faces" : [ {
      "vertices" : [ 2, 3, 6 ]
    }, {
      "vertices" : [ 2, 6, 7 ]
    }, {
      "vertices" : [ 0, 5, 4 ]
    }, {
      "vertices" : [ 0, 4, 1 ]
    }, {
      "vertices" : [ 2, 4, 5 ]
    }, {
      "vertices" : [ 2, 5, 3 ]
    }, {
      "vertices" : [ 0, 6, 3 ]
    }, {
      "vertices" : [ 0, 3, 5 ]
    }, {
      "vertices" : [ 0, 1, 7 ]
    }, {
      "vertices" : [ 0, 7, 6 ]
    }, {
      "vertices" : [ 1, 4, 2 ]
    }, {
      "vertices" : [ 1, 2, 7 ]
    } ]
  }, {
    "id" : "62cd9cf1-87c9-45b2-ae05-26fa6861e62c",
    "vertices" : [ {
      "x" : 0.309017,
      "y" : -0.309017,
      "z" : -0.309017
    }, {
      "x" : 0.5,
      "y" : 0.0,
      "z" : -0.19098301
    }, {
      "x" : 0.5,
      "y" : 0.0,
      "z" : 0.19098301
    }, {
      "x" : 0.309017,
      "y" : -0.309017,
      "z" : 0.309017
    }, {
      "x" : 0.19098301,
      "y" : -0.5,
      "z" : 0.0
    }, {
      "x" : 0.0,
      "y" : 0.19098301,
      "z" : 0.5
    }, {
      "x" : 0.0,
      "y" : -0.19098301,
      "z" : 0.5
    }, {
      "x" : 0.309017,
      "y" : 0.309017,
      "z" : 0.309017
    }, {
      "x" : -0.309017,
      "y" : -0.309017,
      "z" : 0.309017
    }, {
      "x" : -0.309017,
      "y" : 0.309017,
      "z" : 0.309017
    }, {
      "x" : -0.5,
      "y" : 0.0,
      "z" : 0.19098301
    }, {
      "x" : 0.0,
      "y" : -0.19098301,
      "z" : -0.5
    }, {
      "x" : 0.0,
      "y" : 0.19098301,
      "z" : -0.5
    }, {
      "x" : 0.309017,
      "y" : 0.309017,
      "z" : -0.309017
    }, {
      "x" : -0.309017,
      "y" : -0.309017,
      "z" : -0.309017
    }, {
      "x" : -0.19098301,
      "y" : -0.5,
      "z" : 0.0
    }, {
      "x" : -0.5,
      "y" : 0.0,
      "z" : -0.19098301
    }, {
      "x" : 0.19098301,
      "y" : 0.5,
      "z" : 0.0
    }, {
      "x" : -0.309017,
      "y" : 0.309017,
      "z" : -0.309017
    }, {
      "x" : 0.0,
      "y" : 0.0,
      "z" : 0.0
    }, {
      "x" : -0.19098301,
      "y" : 0.5,
      "z" : 0.0
    } ],
    "faces" : [ {
      "vertices" : [ 12, 18, 20 ]
    }, {
      "vertices" : [ 12, 20, 17 ]
    }, {
      "vertices" : [ 12, 17, 13 ]
    }, {
      "vertices" : [ 3, 6, 8 ]
    }, {
      "vertices" : [ 3, 8, 15 ]
    }, {
      "vertices" : [ 3, 15, 4 ]
    }, {
      "vertices" : [ 0, 11, 12 ]
    }, {
      "vertices" : [ 0, 12, 13 ]
    }, {
      "vertices" : [ 0, 13, 1 ]
    }, {
      "vertices" : [ 5, 9, 10 ]
    }, {
      "vertices" : [ 5, 10, 8 ]
    }, {
      "vertices" : [ 5, 8, 6 ]
    }, {
      "vertices" : [ 2, 7, 5 ]
    }, {
      "vertices" : [ 2, 5, 6 ]
    }, {
      "vertices" : [ 2, 6, 3 ]
    }, {
      "vertices" : [ 11, 14, 16 ]
    }, {
      "vertices" : [ 11, 16, 18 ]
    }, {
      "vertices" : [ 11, 18, 12 ]
    }, {
      "vertices" : [ 1, 13, 17 ]
    }, {
      "vertices" : [ 1, 17, 7 ]
    }, {
      "vertices" : [ 1, 7, 2 ]
    }, {
      "vertices" : [ 9, 20, 18 ]
    }, {
      "vertices" : [ 9, 18, 16 ]
    }, {
      "vertices" : [ 9, 16, 10 ]
    }, {
      "vertices" : [ 0, 1, 2 ]
    }, {
      "vertices" : [ 0, 2, 3 ]
    }, {
      "vertices" : [ 0, 3, 4 ]
    }, {
      "vertices" : [ 5, 7, 17 ]
    }, {
      "vertices" : [ 5, 17, 20 ]
    }, {
      "vertices" : [ 5, 20, 9 ]
    }, {
      "vertices" : [ 0, 4, 15 ]
    }, {
      "vertices" : [ 0, 15, 14 ]
    }, {
      "vertices" : [ 0, 14, 11 ]
    }, {
      "vertices" : [ 8, 10, 16 ]
    }, {
      "vertices" : [ 8, 16, 14 ]
    }, {
      "vertices" : [ 8, 14, 15 ]
    } ]
  }, {
    "id" : "431846f2-5d8d-42ac-baf5-72ec6d92ae8c",
    "vertices" : [ {
      "x" : 28.725426,
      "y" : 10.972136,
      "z" : -4.190983
    }, {
      "x" : 28.343458,
      "y" : 10.5172205,
      "z" : -4.0
    }, {
      "x" : 28.18034,
      "y" : 10.781153,
      "z" : -4.427051
    }, {
      "x" : 28.107391,
      "y" : 11.045085,
      "z" : -4.236068
    }, {
      "x" : 0.85410196,
      "y" : 0.309017,
      "z" : 0.19098301
    }, {
      "x" : 0.690983,
      "y" : 0.572949,
      "z" : -0.23606798
    }, {
      "x" : 0.309017,
      "y" : 0.11803399,
      "z" : -0.045084972
    }, {
      "x" : 0.76393205,
      "y" : 0.309017,
      "z" : -0.42705098
    }, {
      "x" : 0.927051,
      "y" : 0.045084972,
      "z" : 0.0
    }, {
      "x" : 28.27051,
      "y" : 10.781153,
      "z" : -3.809017
    }, {
      "x" : 29.034441,
      "y" : 11.09017,
      "z" : -4.236068
    } ],
    "faces" : [ {
      "vertices" : [ 2, 7, 5 ]
    }, {
      "vertices" : [ 2, 5, 3 ]
    }, {
      "vertices" : [ 1, 8, 7 ]
    }, {
      "vertices" : [ 1, 7, 2 ]
    }, {
      "vertices" : [ 4, 6, 8 ]
    }, {
      "vertices" : [ 5, 7, 6 ]
    }, {
      "vertices" : [ 0, 1, 2 ]
    }, {
      "vertices" : [ 0, 2, 3 ]
    }, {
      "vertices" : [ 6, 7, 8 ]
    }, {
      "vertices" : [ 3, 5, 4 ]
    }, {
      "vertices" : [ 3, 4, 9 ]
    }, {
      "vertices" : [ 1, 9, 4 ]
    }, {
      "vertices" : [ 1, 4, 8 ]
    }, {
      "vertices" : [ 0, 9, 1 ]
    }, {
      "vertices" : [ 0, 3, 9 ]
    }, {
      "vertices" : [ 4, 5, 6 ]
    } ]
  }, {
    "id" : "4b4470d7-1eb6-4c8f-9f0c-43ebec15e718",
    "vertices" : [ {
      "x" : 1.0,
      "y" : 0.309017,
      "z" : 0.19098301
    }, {
      "x" : 1.0,
      "y" : -0.309017,
      "z" : 0.19098301
    }, {
      "x" : 12.708204,
      "y" : -0.309017,
      "z" : 0.19098301
    }, {
      "x" : 12.708204,
      "y" : 0.309017,
      "z" : 0.19098301
    }, {
      "x" : 12.708204,
      "y" : -0.309017,
      "z" : -0.19098301
    }, {
      "x" : 12.708204,
      "y" : 0.309017,
      "z" : -0.19098301
    }, {
      "x" : 13.326238,
      "y" : 0.0,
      "z" : 0.0
    }, {
      "x" : 0.38196602,
      "y" : 0.0,
      "z" : 0.0
    }, {
      "x" : 1.0,
      "y" : 0.309017,
      "z" : -0.19098301
    }, {
      "x" : 1.0,
      "y" : -0.309017,
      "z" : -0.19098301
    }, {
      "x" : 13.708204,
      "y" : 0.0,
      "z" : 0.0
    } ],
    "faces" : [ {
      "vertices" : [ 1, 9, 4 ]
    }, {
      "vertices" : [ 1, 4, 2 ]
    }, {
      "vertices" : [ 0, 3, 5 ]
    }, {
      "vertices" : [ 0, 5, 8 ]
    }, {
      "vertices" : [ 1, 7, 9 ]
    }, {
      "vertices" : [ 0, 1, 2 ]
    }, {
      "vertices" : [ 0, 2, 3 ]
    }, {
      "vertices" : [ 7, 8, 9 ]
    }, {
      "vertices" : [ 0, 7, 1 ]
    }, {
      "vertices" : [ 4, 9, 8 ]
    }, {
      "vertices" : [ 4, 8, 5 ]
    }, {
      "vertices" : [ 2, 6, 3 ]
    }, {
      "vertices" : [ 2, 4, 6 ]
    }, {
      "vertices" : [ 3, 6, 5 ]
    }, {
      "vertices" : [ 4, 5, 6 ]
    }, {
      "vertices" : [ 0, 8, 7 ]
    } ]
  }, {
    "id" : "5e6d357c-afd2-479d-a369-6b403edfc766",
    "vertices" : [ {
      "x" : 10.655713,
      "y" : -1.5706284,
      "z" : -18.705286
    }, {
      "x" : 10.555713,
      "y" : -1.9706284,
      "z" : -18.605286
    }, {
      "x" : 0.43445724,
      "y" : -0.32379878,
      "z" : -0.40980613
    }, {
      "x" : 0.53445727,
      "y" : 0.076201215,
      "z" : -0.50980616
    }, {
      "x" : 10.855713,
      "y" : -2.1039617,
      "z" : -18.371952
    }, {
      "x" : 10.955712,
      "y" : -1.7039617,
      "z" : -18.471952
    }, {
      "x" : 0.23445725,
      "y" : 0.20953454,
      "z" : -0.74313945
    }, {
      "x" : 0.13445726,
      "y" : -0.19046545,
      "z" : -0.6431395
    } ],
    "faces" : [ {
      "vertices" : [ 2, 3, 6 ]
    }, {
      "vertices" : [ 2, 6, 7 ]
    }, {
      "vertices" : [ 0, 5, 4 ]
    }, {
      "vertices" : [ 0, 4, 1 ]
    }, {
      "vertices" : [ 2, 4, 5 ]
    }, {
      "vertices" : [ 2, 5, 3 ]
    }, {
      "vertices" : [ 0, 6, 3 ]
    }, {
      "vertices" : [ 0, 3, 5 ]
    }, {
      "vertices" : [ 0, 1, 7 ]
    }, {
      "vertices" : [ 0, 7, 6 ]
    }, {
      "vertices" : [ 1, 4, 2 ]
    }, {
      "vertices" : [ 1, 2, 7 ]
    } ]
  }, {
    "id" : "274aa0cb-7366-44e6-9292-503163023908",
    "vertices" : [ {
      "x" : 10.757891,
      "y" : -27.446695,
      "z" : 8.736475
    }, {
      "x" : 10.657891,
      "y" : -27.346697,
      "z" : 9.136475
    }, {
      "x" : 0.33227906,
      "y" : -0.41692546,
      "z" : 0.45926774
    }, {
      "x" : 0.43227908,
      "y" : -0.51692545,
      "z" : 0.05926773
    }, {
      "x" : 10.9578905,
      "y" : -27.113363,
      "z" : 9.269809
    }, {
      "x" : 11.057891,
      "y" : -27.213362,
      "z" : 8.869808
    }, {
      "x" : 0.13227907,
      "y" : -0.7502588,
      "z" : -0.0740656
    }, {
      "x" : 0.032279067,
      "y" : -0.6502588,
      "z" : 0.3259344
    } ],
    "faces" : [ {
      "vertices" : [ 2, 3, 6 ]
    }, {
      "vertices" : [ 2, 6, 7 ]
    }, {
      "vertices" : [ 0, 5, 4 ]
    }, {
      "vertices" : [ 0, 4, 1 ]
    }, {
      "vertices" : [ 2, 4, 5 ]
    }, {
      "vertices" : [ 2, 5, 3 ]
    }, {
      "vertices" : [ 0, 6, 3 ]
    }, {
      "vertices" : [ 0, 3, 5 ]
    }, {
      "vertices" : [ 0, 1, 7 ]
    }, {
      "vertices" : [ 0, 7, 6 ]
    }, {
      "vertices" : [ 1, 4, 2 ]
    }, {
      "vertices" : [ 1, 2, 7 ]
    } ]
  }, {
    "id" : "248fcdfd-6603-4fa3-8091-cc6ae651fc58",
    "vertices" : [ {
      "x" : 6.419645,
      "y" : -0.8470216,
      "z" : -11.403971
    }, {
      "x" : 6.319645,
      "y" : -1.2470216,
      "z" : -11.30397
    }, {
      "x" : 0.43445724,
      "y" : -0.32379878,
      "z" : -0.40980613
    }, {
      "x" : 0.53445727,
      "y" : 0.076201215,
      "z" : -0.50980616
    }, {
      "x" : 6.6196446,
      "y" : -1.3803549,
      "z" : -11.070638
    }, {
      "x" : 6.7196445,
      "y" : -0.98035496,
      "z" : -11.170637
    }, {
      "x" : 0.23445725,
      "y" : 0.20953454,
      "z" : -0.74313945
    }, {
      "x" : 0.13445726,
      "y" : -0.19046545,
      "z" : -0.6431395
    } ],
    "faces" : [ {
      "vertices" : [ 2, 3, 6 ]
    }, {
      "vertices" : [ 2, 6, 7 ]
    }, {
      "vertices" : [ 0, 5, 4 ]
    }, {
      "vertices" : [ 0, 4, 1 ]
    }, {
      "vertices" : [ 2, 4, 5 ]
    }, {
      "vertices" : [ 2, 5, 3 ]
    }, {
      "vertices" : [ 0, 6, 3 ]
    }, {
      "vertices" : [ 0, 3, 5 ]
    }, {
      "vertices" : [ 0, 1, 7 ]
    }, {
      "vertices" : [ 0, 7, 6 ]
    }, {
      "vertices" : [ 1, 4, 2 ]
    }, {
      "vertices" : [ 1, 2, 7 ]
    } ]
  } ],
  "instances" : [ {
    "shape" : "f40371ba-8122-4be0-bf03-cad67c6ee3fc",
    "color" : "#007695",
    "position" : {
      "x" : 6.854102,
      "y" : 1.5326238,
      "z" : 12.037383
    },
    "orientation" : 6
  }, {
    "shape" : "98136801-0457-4206-a7fb-695f4052af4e",
    "color" : "#007695",
    "position" : {
      "x" : 0.0,
      "y" : -6.4922986,
      "z" : -26.1928
    },
    "orientation" : 57
  }, {
    "shape" : "98136801-0457-4206-a7fb-695f4052af4e",
    "color" : "#007695",
    "position" : {
      "x" : -11.09017,
      "y" : -14.5172205,
      "z" : -26.916409
    },
    "orientation" : 56
  }, {
    "shape" : "f40371ba-8122-4be0-bf03-cad67c6ee3fc",
    "color" : "#007695",
    "position" : {
      "x" : 6.854102,
      "y" : 37.42117,
      "z" : 12.037383
    },
    "orientation" : 53
  }, {
    "shape" : "62cd9cf1-87c9-45b2-ae05-26fa6861e62c",
    "color" : "#FFFFFF",
    "position" : {
      "x" : -6.854102,
      "y" : -27.501818,
      "z" : -28.087229
    }
  }, {
    "shape" : "62cd9cf1-87c9-45b2-ae05-26fa6861e62c",
    "color" : "#FFFFFF",
    "position" : {
      "x" : 0.0,
      "y" : 26.330997,
      "z" : -5.9068885
    }
  }, {
    "shape" : "431846f2-5d8d-42ac-baf5-72ec6d92ae8c",
    "color" : "#008D36",
    "position" : {
      "x" : -17.944271,
      "y" : 19.476896,
      "z" : 5.1832814
    },
    "orientation" : 9
  }, {
    "shape" : "62cd9cf1-87c9-45b2-ae05-26fa6861e62c",
    "color" : "#FFFFFF",
    "position" : {
      "x" : -11.09017,
      "y" : -4.5978713,
      "z" : -7.0777087
    }
  }, {
    "shape" : "62cd9cf1-87c9-45b2-ae05-26fa6861e62c",
    "color" : "#FFFFFF",
    "position" : {
      "x" : 0.0,
      "y" : 19.476896,
      "z" : 12.037383
    }
  }, {
    "shape" : "431846f2-5d8d-42ac-baf5-72ec6d92ae8c",
    "color" : "#008D36",
    "position" : {
      "x" : 11.09017,
      "y" : 8.386725,
      "z" : 23.127554
    },
    "orientation" : 51
  }, {
    "shape" : "f40371ba-8122-4be0-bf03-cad67c6ee3fc",
    "color" : "#007695",
    "position" : {
      "x" : -17.944271,
      "y" : 19.476896,
      "z" : 18.891485
    },
    "orientation" : 25
  }, {
    "shape" : "4b4470d7-1eb6-4c8f-9f0c-43ebec15e718",
    "color" : "#007695",
    "position" : {
      "x" : -6.854102,
      "y" : 1.5326238,
      "z" : 12.037383
    },
    "orientation" : 0
  }, {
    "shape" : "98136801-0457-4206-a7fb-695f4052af4e",
    "color" : "#007695",
    "position" : {
      "x" : 11.09017,
      "y" : -24.436571,
      "z" : 2.8416407
    },
    "orientation" : 0
  }, {
    "shape" : "5e6d357c-afd2-479d-a369-6b403edfc766",
    "color" : "#007695",
    "position" : {
      "x" : -6.854102,
      "y" : -11.451973,
      "z" : 4.012461
    },
    "orientation" : 5
  }, {
    "shape" : "62cd9cf1-87c9-45b2-ae05-26fa6861e62c",
    "color" : "#FFFFFF",
    "position" : {
      "x" : 0.0,
      "y" : -0.3618034,
      "z" : -13.93181
    }
  }, {
    "shape" : "62cd9cf1-87c9-45b2-ae05-26fa6861e62c",
    "color" : "#FFFFFF",
    "position" : {
      "x" : 6.854102,
      "y" : 1.5326238,
      "z" : 12.037383
    }
  }, {
    "shape" : "4b4470d7-1eb6-4c8f-9f0c-43ebec15e718",
    "color" : "#007695",
    "position" : {
      "x" : -6.854102,
      "y" : -27.501818,
      "z" : -28.087229
    },
    "orientation" : 0
  }, {
    "shape" : "62cd9cf1-87c9-45b2-ae05-26fa6861e62c",
    "color" : "#FFFFFF",
    "position" : {
      "x" : -11.09017,
      "y" : 8.386725,
      "z" : 23.127554
    }
  }, {
    "shape" : "62cd9cf1-87c9-45b2-ae05-26fa6861e62c",
    "color" : "#FFFFFF",
    "position" : {
      "x" : 11.09017,
      "y" : -4.5978713,
      "z" : -7.0777087
    }
  }, {
    "shape" : "62cd9cf1-87c9-45b2-ae05-26fa6861e62c",
    "color" : "#FFFFFF",
    "position" : {
      "x" : -6.854102,
      "y" : -11.451973,
      "z" : 4.012461
    }
  }, {
    "shape" : "5e6d357c-afd2-479d-a369-6b403edfc766",
    "color" : "#007695",
    "position" : {
      "x" : -11.09017,
      "y" : -34.35592,
      "z" : -16.997059
    },
    "orientation" : 15
  }, {
    "shape" : "4b4470d7-1eb6-4c8f-9f0c-43ebec15e718",
    "color" : "#007695",
    "position" : {
      "x" : 6.854102,
      "y" : 1.5326238,
      "z" : 12.037383
    },
    "orientation" : 52
  }, {
    "shape" : "98136801-0457-4206-a7fb-695f4052af4e",
    "color" : "#007695",
    "position" : {
      "x" : 0.0,
      "y" : -32.461494,
      "z" : 2.118034
    },
    "orientation" : 37
  }, {
    "shape" : "62cd9cf1-87c9-45b2-ae05-26fa6861e62c",
    "color" : "#FFFFFF",
    "position" : {
      "x" : 11.09017,
      "y" : -14.5172205,
      "z" : -26.916409
    }
  }, {
    "shape" : "4b4470d7-1eb6-4c8f-9f0c-43ebec15e718",
    "color" : "#007695",
    "position" : {
      "x" : -11.09017,
      "y" : 8.386725,
      "z" : 0.9472136
    },
    "orientation" : 37
  }, {
    "shape" : "4b4470d7-1eb6-4c8f-9f0c-43ebec15e718",
    "color" : "#007695",
    "position" : {
      "x" : -6.854102,
      "y" : 37.42117,
      "z" : 12.037383
    },
    "orientation" : 40
  }, {
    "shape" : "f40371ba-8122-4be0-bf03-cad67c6ee3fc",
    "color" : "#007695",
    "position" : {
      "x" : -6.854102,
      "y" : 37.42117,
      "z" : 12.037383
    },
    "orientation" : 39
  }, {
    "shape" : "4b4470d7-1eb6-4c8f-9f0c-43ebec15e718",
    "color" : "#007695",
    "position" : {
      "x" : -11.09017,
      "y" : 8.386725,
      "z" : 0.9472136
    },
    "orientation" : 23
  }, {
    "shape" : "62cd9cf1-87c9-45b2-ae05-26fa6861e62c",
    "color" : "#FFFFFF",
    "position" : {
      "x" : -17.944271,
      "y" : -25.607391,
      "z" : -8.972136
    }
  }, {
    "shape" : "4b4470d7-1eb6-4c8f-9f0c-43ebec15e718",
    "color" : "#007695",
    "position" : {
      "x" : 6.854102,
      "y" : -27.501818,
      "z" : -28.087229
    },
    "orientation" : 37
  }, {
    "shape" : "274aa0cb-7366-44e6-9292-503163023908",
    "color" : "#008D36",
    "position" : {
      "x" : -17.944271,
      "y" : -13.3464,
      "z" : -15.102632
    },
    "orientation" : 52
  }, {
    "shape" : "4b4470d7-1eb6-4c8f-9f0c-43ebec15e718",
    "color" : "#007695",
    "position" : {
      "x" : 0.0,
      "y" : -38.591988,
      "z" : -10.142957
    },
    "orientation" : 23
  }, {
    "shape" : "4b4470d7-1eb6-4c8f-9f0c-43ebec15e718",
    "color" : "#007695",
    "position" : {
      "x" : -11.09017,
      "y" : 30.567066,
      "z" : 0.9472136
    },
    "orientation" : 26
  }, {
    "shape" : "f40371ba-8122-4be0-bf03-cad67c6ee3fc",
    "color" : "#007695",
    "position" : {
      "x" : 11.09017,
      "y" : 8.386725,
      "z" : 0.9472136
    },
    "orientation" : 54
  }, {
    "shape" : "5e6d357c-afd2-479d-a369-6b403edfc766",
    "color" : "#007695",
    "position" : {
      "x" : 11.09017,
      "y" : -4.5978713,
      "z" : -7.0777087
    },
    "orientation" : 52
  }, {
    "shape" : "248fcdfd-6603-4fa3-8091-cc6ae651fc58",
    "color" : "#007695",
    "position" : {
      "x" : 0.0,
      "y" : -6.4922986,
      "z" : -26.1928
    },
    "orientation" : 5
  }, {
    "shape" : "5e6d357c-afd2-479d-a369-6b403edfc766",
    "color" : "#007695",
    "position" : {
      "x" : 0.0,
      "y" : -0.3618034,
      "z" : -13.93181
    },
    "orientation" : 57
  }, {
    "shape" : "4b4470d7-1eb6-4c8f-9f0c-43ebec15e718",
    "color" : "#007695",
    "position" : {
      "x" : 17.944271,
      "y" : 19.476896,
      "z" : 5.1832814
    },
    "orientation" : 2
  }, {
    "shape" : "4b4470d7-1eb6-4c8f-9f0c-43ebec15e718",
    "color" : "#007695",
    "position" : {
      "x" : 0.0,
      "y" : 12.622794,
      "z" : -5.9068885
    },
    "orientation" : 8
  }, {
    "shape" : "98136801-0457-4206-a7fb-695f4052af4e",
    "color" : "#007695",
    "position" : {
      "x" : -17.944271,
      "y" : -25.607391,
      "z" : -8.972136
    },
    "orientation" : 42
  }, {
    "shape" : "f40371ba-8122-4be0-bf03-cad67c6ee3fc",
    "color" : "#007695",
    "position" : {
      "x" : 17.944271,
      "y" : 19.476896,
      "z" : 18.891485
    },
    "orientation" : 36
  }, {
    "shape" : "f40371ba-8122-4be0-bf03-cad67c6ee3fc",
    "color" : "#007695",
    "position" : {
      "x" : 11.09017,
      "y" : 30.567066,
      "z" : 23.127554
    },
    "orientation" : 47
  }, {
    "shape" : "f40371ba-8122-4be0-bf03-cad67c6ee3fc",
    "color" : "#007695",
    "position" : {
      "x" : 0.0,
      "y" : 26.330997,
      "z" : -5.9068885
    },
    "orientation" : 10
  }, {
    "shape" : "274aa0cb-7366-44e6-9292-503163023908",
    "color" : "#008D36",
    "position" : {
      "x" : 6.854102,
      "y" : -11.451973,
      "z" : 4.012461
    },
    "orientation" : 57
  }, {
    "shape" : "62cd9cf1-87c9-45b2-ae05-26fa6861e62c",
    "color" : "#FFFFFF",
    "position" : {
      "x" : 11.09017,
      "y" : 30.567066,
      "z" : 0.9472136
    }
  }, {
    "shape" : "4b4470d7-1eb6-4c8f-9f0c-43ebec15e718",
    "color" : "#007695",
    "position" : {
      "x" : -6.854102,
      "y" : -11.451973,
      "z" : 4.012461
    },
    "orientation" : 0
  }, {
    "shape" : "f40371ba-8122-4be0-bf03-cad67c6ee3fc",
    "color" : "#007695",
    "position" : {
      "x" : -11.09017,
      "y" : 30.567066,
      "z" : 0.9472136
    },
    "orientation" : 24
  }, {
    "shape" : "62cd9cf1-87c9-45b2-ae05-26fa6861e62c",
    "color" : "#FFFFFF",
    "position" : {
      "x" : -11.09017,
      "y" : -14.5172205,
      "z" : -26.916409
    }
  }, {
    "shape" : "f40371ba-8122-4be0-bf03-cad67c6ee3fc",
    "color" : "#007695",
    "position" : {
      "x" : -11.09017,
      "y" : 8.386725,
      "z" : 0.9472136
    },
    "orientation" : 2
  }, {
    "shape" : "98136801-0457-4206-a7fb-695f4052af4e",
    "color" : "#007695",
    "position" : {
      "x" : 11.09017,
      "y" : -14.5172205,
      "z" : -26.916409
    },
    "orientation" : 20
  }, {
    "shape" : "62cd9cf1-87c9-45b2-ae05-26fa6861e62c",
    "color" : "#FFFFFF",
    "position" : {
      "x" : 6.854102,
      "y" : 37.42117,
      "z" : 12.037383
    }
  }, {
    "shape" : "274aa0cb-7366-44e6-9292-503163023908",
    "color" : "#008D36",
    "position" : {
      "x" : 0.0,
      "y" : -6.4922986,
      "z" : -26.1928
    },
    "orientation" : 0
  }, {
    "shape" : "f40371ba-8122-4be0-bf03-cad67c6ee3fc",
    "color" : "#007695",
    "position" : {
      "x" : -6.854102,
      "y" : 1.5326238,
      "z" : 12.037383
    },
    "orientation" : 11
  }, {
    "shape" : "4b4470d7-1eb6-4c8f-9f0c-43ebec15e718",
    "color" : "#007695",
    "position" : {
      "x" : 11.09017,
      "y" : 30.567066,
      "z" : 0.9472136
    },
    "orientation" : 21
  }, {
    "shape" : "62cd9cf1-87c9-45b2-ae05-26fa6861e62c",
    "color" : "#FFFFFF",
    "position" : {
      "x" : 0.0,
      "y" : 26.330997,
      "z" : 29.981655
    }
  }, {
    "shape" : "62cd9cf1-87c9-45b2-ae05-26fa6861e62c",
    "color" : "#FFFFFF",
    "position" : {
      "x" : 6.854102,
      "y" : -11.451973,
      "z" : 4.012461
    }
  }, {
    "shape" : "62cd9cf1-87c9-45b2-ae05-26fa6861e62c",
    "color" : "#FFFFFF",
    "position" : {
      "x" : -11.09017,
      "y" : 8.386725,
      "z" : 0.9472136
    }
  }, {
    "shape" : "62cd9cf1-87c9-45b2-ae05-26fa6861e62c",
    "color" : "#FFFFFF",
    "position" : {
      "x" : -11.09017,
      "y" : 30.567066,
      "z" : 23.127554
    }
  }, {
    "shape" : "4b4470d7-1eb6-4c8f-9f0c-43ebec15e718",
    "color" : "#007695",
    "position" : {
      "x" : -11.09017,
      "y" : -4.5978713,
      "z" : -7.0777087
    },
    "orientation" : 37
  }, {
    "shape" : "62cd9cf1-87c9-45b2-ae05-26fa6861e62c",
    "color" : "#FFFFFF",
    "position" : {
      "x" : 0.0,
      "y" : 12.622794,
      "z" : -5.9068885
    }
  }, {
    "shape" : "4b4470d7-1eb6-4c8f-9f0c-43ebec15e718",
    "color" : "#007695",
    "position" : {
      "x" : -11.09017,
      "y" : 30.567066,
      "z" : 23.127554
    },
    "orientation" : 8
  }, {
    "shape" : "62cd9cf1-87c9-45b2-ae05-26fa6861e62c",
    "color" : "#FFFFFF",
    "position" : {
      "x" : -11.09017,
      "y" : 30.567066,
      "z" : 0.9472136
    }
  }, {
    "shape" : "248fcdfd-6603-4fa3-8091-cc6ae651fc58",
    "color" : "#007695",
    "position" : {
      "x" : -17.944271,
      "y" : -25.607391,
      "z" : -8.972136
    },
    "orientation" : 15
  }, {
    "shape" : "62cd9cf1-87c9-45b2-ae05-26fa6861e62c",
    "color" : "#FFFFFF",
    "position" : {
      "x" : 0.0,
      "y" : -19.476896,
      "z" : -12.037383
    }
  }, {
    "shape" : "62cd9cf1-87c9-45b2-ae05-26fa6861e62c",
    "color" : "#FFFFFF",
    "position" : {
      "x" : 0.0,
      "y" : -38.591988,
      "z" : -10.142957
    }
  }, {
    "shape" : "62cd9cf1-87c9-45b2-ae05-26fa6861e62c",
    "color" : "#FFFFFF",
    "position" : {
      "x" : 11.09017,
      "y" : 30.567066,
      "z" : 23.127554
    }
  }, {
    "shape" : "98136801-0457-4206-a7fb-695f4052af4e",
    "color" : "#007695",
    "position" : {
      "x" : -11.09017,
      "y" : -24.436571,
      "z" : 2.8416407
    },
    "orientation" : 5
  }, {
    "shape" : "4b4470d7-1eb6-4c8f-9f0c-43ebec15e718",
    "color" : "#007695",
    "position" : {
      "x" : 0.0,
      "y" : 12.622794,
      "z" : 29.981655
    },
    "orientation" : 26
  }, {
    "shape" : "274aa0cb-7366-44e6-9292-503163023908",
    "color" : "#008D36",
    "position" : {
      "x" : 17.944271,
      "y" : -13.3464,
      "z" : -15.102632
    },
    "orientation" : 5
  }, {
    "shape" : "248fcdfd-6603-4fa3-8091-cc6ae651fc58",
    "color" : "#007695",
    "position" : {
      "x" : 11.09017,
      "y" : -14.5172205,
      "z" : -26.916409
    },
    "orientation" : 15
  }, {
    "shape" : "4b4470d7-1eb6-4c8f-9f0c-43ebec15e718",
    "color" : "#007695",
    "position" : {
      "x" : -17.944271,
      "y" : 19.476896,
      "z" : 5.1832814
    },
    "orientation" : 2
  }, {
    "shape" : "5e6d357c-afd2-479d-a369-6b403edfc766",
    "color" : "#007695",
    "position" : {
      "x" : 6.854102,
      "y" : -27.501818,
      "z" : -28.087229
    },
    "orientation" : 42
  }, {
    "shape" : "4b4470d7-1eb6-4c8f-9f0c-43ebec15e718",
    "color" : "#007695",
    "position" : {
      "x" : -17.944271,
      "y" : 19.476896,
      "z" : 18.891485
    },
    "orientation" : 21
  }, {
    "shape" : "431846f2-5d8d-42ac-baf5-72ec6d92ae8c",
    "color" : "#008D36",
    "position" : {
      "x" : 6.854102,
      "y" : 1.5326238,
      "z" : 12.037383
    },
    "orientation" : 46
  }, {
    "shape" : "62cd9cf1-87c9-45b2-ae05-26fa6861e62c",
    "color" : "#FFFFFF",
    "position" : {
      "x" : -17.944271,
      "y" : -13.3464,
      "z" : -15.102632
    }
  }, {
    "shape" : "62cd9cf1-87c9-45b2-ae05-26fa6861e62c",
    "color" : "#FFFFFF",
    "position" : {
      "x" : 0.0,
      "y" : 12.622794,
      "z" : 29.981655
    }
  }, {
    "shape" : "62cd9cf1-87c9-45b2-ae05-26fa6861e62c",
    "color" : "#FFFFFF",
    "position" : {
      "x" : -17.944271,
      "y" : 19.476896,
      "z" : 18.891485
    }
  }, {
    "shape" : "431846f2-5d8d-42ac-baf5-72ec6d92ae8c",
    "color" : "#008D36",
    "position" : {
      "x" : -11.09017,
      "y" : 8.386725,
      "z" : 23.127554
    },
    "orientation" : 46
  }, {
    "shape" : "98136801-0457-4206-a7fb-695f4052af4e",
    "color" : "#007695",
    "position" : {
      "x" : 17.944271,
      "y" : -13.3464,
      "z" : -15.102632
    },
    "orientation" : 52
  }, {
    "shape" : "62cd9cf1-87c9-45b2-ae05-26fa6861e62c",
    "color" : "#FFFFFF",
    "position" : {
      "x" : -6.854102,
      "y" : 1.5326238,
      "z" : 12.037383
    }
  }, {
    "shape" : "431846f2-5d8d-42ac-baf5-72ec6d92ae8c",
    "color" : "#008D36",
    "position" : {
      "x" : 0.0,
      "y" : 26.330997,
      "z" : -5.9068885
    },
    "orientation" : 14
  }, {
    "shape" : "f40371ba-8122-4be0-bf03-cad67c6ee3fc",
    "color" : "#007695",
    "position" : {
      "x" : -17.944271,
      "y" : 19.476896,
      "z" : 5.1832814
    },
    "orientation" : 9
  }, {
    "shape" : "5e6d357c-afd2-479d-a369-6b403edfc766",
    "color" : "#007695",
    "position" : {
      "x" : -6.854102,
      "y" : -27.501818,
      "z" : -28.087229
    },
    "orientation" : 37
  }, {
    "shape" : "62cd9cf1-87c9-45b2-ae05-26fa6861e62c",
    "color" : "#FFFFFF",
    "position" : {
      "x" : -11.09017,
      "y" : -24.436571,
      "z" : 2.8416407
    }
  }, {
    "shape" : "5e6d357c-afd2-479d-a369-6b403edfc766",
    "color" : "#007695",
    "position" : {
      "x" : 6.854102,
      "y" : -11.451973,
      "z" : 4.012461
    },
    "orientation" : 0
  }, {
    "shape" : "431846f2-5d8d-42ac-baf5-72ec6d92ae8c",
    "color" : "#008D36",
    "position" : {
      "x" : -11.09017,
      "y" : 8.386725,
      "z" : 0.9472136
    },
    "orientation" : 14
  }, {
    "shape" : "5e6d357c-afd2-479d-a369-6b403edfc766",
    "color" : "#007695",
    "position" : {
      "x" : 0.0,
      "y" : -38.591988,
      "z" : -10.142957
    },
    "orientation" : 20
  }, {
    "shape" : "248fcdfd-6603-4fa3-8091-cc6ae651fc58",
    "color" : "#007695",
    "position" : {
      "x" : -17.944271,
      "y" : -13.3464,
      "z" : -15.102632
    },
    "orientation" : 41
  }, {
    "shape" : "248fcdfd-6603-4fa3-8091-cc6ae651fc58",
    "color" : "#007695",
    "position" : {
      "x" : -11.09017,
      "y" : -24.436571,
      "z" : 2.8416407
    },
    "orientation" : 5
  }, {
    "shape" : "274aa0cb-7366-44e6-9292-503163023908",
    "color" : "#008D36",
    "position" : {
      "x" : 11.09017,
      "y" : -4.5978713,
      "z" : -7.0777087
    },
    "orientation" : 41
  }, {
    "shape" : "5e6d357c-afd2-479d-a369-6b403edfc766",
    "color" : "#007695",
    "position" : {
      "x" : 11.09017,
      "y" : -34.35592,
      "z" : -16.997059
    },
    "orientation" : 56
  }, {
    "shape" : "248fcdfd-6603-4fa3-8091-cc6ae651fc58",
    "color" : "#007695",
    "position" : {
      "x" : 17.944271,
      "y" : -13.3464,
      "z" : -15.102632
    },
    "orientation" : 41
  }, {
    "shape" : "f40371ba-8122-4be0-bf03-cad67c6ee3fc",
    "color" : "#007695",
    "position" : {
      "x" : 11.09017,
      "y" : 8.386725,
      "z" : 23.127554
    },
    "orientation" : 51
  }, {
    "shape" : "f40371ba-8122-4be0-bf03-cad67c6ee3fc",
    "color" : "#007695",
    "position" : {
      "x" : 11.09017,
      "y" : 30.567066,
      "z" : 0.9472136
    },
    "orientation" : 16
  }, {
    "shape" : "248fcdfd-6603-4fa3-8091-cc6ae651fc58",
    "color" : "#007695",
    "position" : {
      "x" : -11.09017,
      "y" : -14.5172205,
      "z" : -26.916409
    },
    "orientation" : 37
  }, {
    "shape" : "431846f2-5d8d-42ac-baf5-72ec6d92ae8c",
    "color" : "#008D36",
    "position" : {
      "x" : 17.944271,
      "y" : 19.476896,
      "z" : 5.1832814
    },
    "orientation" : 35
  }, {
    "shape" : "4b4470d7-1eb6-4c8f-9f0c-43ebec15e718",
    "color" : "#007695",
    "position" : {
      "x" : 0.0,
      "y" : 26.330997,
      "z" : 29.981655
    },
    "orientation" : 23
  }, {
    "shape" : "62cd9cf1-87c9-45b2-ae05-26fa6861e62c",
    "color" : "#FFFFFF",
    "position" : {
      "x" : 0.0,
      "y" : -6.4922986,
      "z" : -26.1928
    }
  }, {
    "shape" : "62cd9cf1-87c9-45b2-ae05-26fa6861e62c",
    "color" : "#FFFFFF",
    "position" : {
      "x" : 17.944271,
      "y" : 19.476896,
      "z" : 5.1832814
    }
  }, {
    "shape" : "4b4470d7-1eb6-4c8f-9f0c-43ebec15e718",
    "color" : "#007695",
    "position" : {
      "x" : 0.0,
      "y" : 26.330997,
      "z" : -5.9068885
