{
  "field" : "golden",
  "symmetry" : "icosahedral",
  "orientations" : [ [ 1.0, 0.0, 0.0, 0.0, 0.0, 1.0, 0.0, 0.0, 0.0, 0.0, 1.0, 0.0, 0.0, 0.0, 0.0, 1.0 ], [ 0.0, 0.0, 1.0, 0.0, 1.0, 0.0, 0.0, 0.0, 0.0, 1.0, 0.0, 0.0, 0.0, 0.0, 0.0, 1.0 ], [ 0.0, 1.0, 0.0, 0.0, 0.0, 0.0, 1.0, 0.0, 1.0, 0.0, 0.0, 0.0, 0.0, 0.0, 0.0, 1.0 ], [ 0.809017, 0.309017, 0.5, 0.0, 0.309017, 0.5, -0.809017, 0.0, -0.5, 0.809017, 0.309017, 0.0, 0.0, 0.0, 0.0, 1.0 ], [ -0.5, 0.809017, 0.309017, 0.0, 0.809017, 0.309017, 0.5, 0.0, 0.309017, 0.5, -0.809017, 0.0, 0.0, 0.0, 0.0, 1.0 ], [ 0.309017, 0.5, -0.809017, 0.0, -0.5, 0.809017, 0.309017, 0.0, 0.809017, 0.309017, 0.5, 0.0, 0.0, 0.0, 0.0, 1.0 ], [ 0.5, 0.809017, 0.309017, 0.0, 0.809017, -0.309017, -0.5, 0.0, -0.309017, 0.5, -0.809017, 0.0, 0.0, 0.0, 0.0, 1.0 ], [ -0.309017, 0.5, -0.809017, 0.0, 0.5, 0.809017, 0.309017, 0.0, 0.809017, -0.309017, -0.5, 0.0, 0.0, 0.0, 0.0, 1.0 ], [ 0.809017, -0.309017, -0.5, 0.0, -0.309017, 0.5, -0.809017, 0.0, 0.5, 0.809017, 0.309017, 0.0, 0.0, 0.0, 0.0, 1.0 ], [ 0.5, 0.809017, -0.309017, 0.0, 0.809017, -0.309017, 0.5, 0.0, 0.309017, -0.5, -0.809017, 0.0, 0.0, 0.0, 0.0, 1.0 ], [ 0.309017, -0.5, -0.809017, 0.0, 0.5, 0.809017, -0.309017, 0.0, 0.809017, -0.309017, 0.5, 0.0, 0.0, 0.0, 0.0, 1.0 ], [ 0.809017, -0.309017, 0.5, 0.0, 0.309017, -0.5, -0.809017, 0.0, 0.5, 0.809017, -0.309017, 0.0, 0.0, 0.0, 0.0, 1.0 ], [ 0.809017, 0.309017, -0.5, 0.0, 0.309017, 0.5, 0.809017, 0.0, 0.5, -0.809017, 0.309017, 0.0, 0.0, 0.0, 0.0, 1.0 ], [ 0.5, -0.809017, 0.309017, 0.0, 0.809017, 0.309017, -0.5, 0.0, 0.309017, 0.5, 0.809017, 0.0, 0.0, 0.0, 0.0, 1.0 ], [ 0.309017, 0.5, 0.809017, 0.0, 0.5, -0.809017, 0.309017, 0.0, 0.809017, 0.309017, -0.5, 0.0, 0.0, 0.0, 0.0, 1.0 ], [ 1.0, 0.0, 0.0, 0.0, 0.0, -1.0, 0.0, 0.0, 0.0, 0.0, -1.0, 0.0, 0.0, 0.0, 0.0, 1.0 ], [ 0.0, 0.0, 1.0, 0.0, -1.0, 0.0, 0.0, 0.0, 0.0, -1.0, 0.0, 0.0, 0.0, 0.0, 0.0, 1.0 ], [ 0.0, 1.0, 0.0, 0.0, 0.0, 0.0, -1.0, 0.0, -1.0, 0.0, 0.0, 0.0, 0.0, 0.0, 0.0, 1.0 ], [ 0.809017, 0.309017, 0.5, 0.0, -0.309017, -0.5, 0.809017, 0.0, 0.5, -0.809017, -0.309017, 0.0, 0.0, 0.0, 0.0, 1.0 ], [ -0.5, 0.809017, 0.309017, 0.0, -0.809017, -0.309017, -0.5, 0.0, -0.309017, -0.5, 0.809017, 0.0, 0.0, 0.0, 0.0, 1.0 ], [ 0.309017, 0.5, -0.809017, 0.0, 0.5, -0.809017, -0.309017, 0.0, -0.809017, -0.309017, -0.5, 0.0, 0.0, 0.0, 0.0, 1.0 ], [ 0.5, 0.809017, 0.309017, 0.0, -0.809017, 0.309017, 0.5, 0.0, 0.309017, -0.5, 0.809017, 0.0, 0.0, 0.0, 0.0, 1.0 ], [ -0.309017, 0.5, -0.809017, 0.0, -0.5, -0.809017, -0.309017, 0.0, -0.809017, 0.309017, 0.5, 0.0, 0.0, 0.0, 0.0, 1.0 ], [ 0.809017, -0.309017, -0.5, 0.0, 0.309017, -0.5, 0.809017, 0.0, -0.5, -0.809017, -0.309017, 0.0, 0.0, 0.0, 0.0, 1.0 ], [ 0.5, 0.809017, -0.309017, 0.0, -0.809017, 0.309017, -0.5, 0.0, -0.309017, 0.5, 0.809017, 0.0, 0.0, 0.0, 0.0, 1.0 ], [ 0.309017, -0.5, -0.809017, 0.0, -0.5, -0.809017, 0.309017, 0.0, -0.809017, 0.309017, -0.5, 0.0, 0.0, 0.0, 0.0, 1.0 ], [ 0.809017, -0.309017, 0.5, 0.0, -0.309017, 0.5, 0.809017, 0.0, -0.5, -0.809017, 0.309017, 0.0, 0.0, 0.0, 0.0, 1.0 ], [ 0.809017, 0.309017, -0.5, 0.0, -0.309017, -0.5, -0.809017, 0.0, -0.5, 0.809017, -0.309017, 0.0, 0.0, 0.0, 0.0, 1.0 ], [ 0.5, -0.809017, 0.309017, 0.0, -0.809017, -0.309017, 0.5, 0.0, -0.309017, -0.5, -0.809017, 0.0, 0.0, 0.0, 0.0, 1.0 ], [ 0.309017, 0.5, 0.809017, 0.0, -0.5, 0.809017, -0.309017, 0.0, -0.809017, -0.309017, 0.5, 0.0, 0.0, 0.0, 0.0, 1.0 ], [ -1.0, 0.0, 0.0, 0.0, 0.0, -1.0, 0.0, 0.0, 0.0, 0.0, 1.0, 0.0, 0.0, 0.0, 0.0, 1.0 ], [ 0.0, 0.0, -1.0, 0.0, -1.0, 0.0, 0.0, 0.0, 0.0, 1.0, 0.0, 0.0, 0.0, 0.0, 0.0, 1.0 ], [ 0.0, -1.0, 0.0, 0.0, 0.0, 0.0, -1.0, 0.0, 1.0, 0.0, 0.0, 0.0, 0.0, 0.0, 0.0, 1.0 ], [ -0.809017, -0.309017, -0.5, 0.0, -0.309017, -0.5, 0.809017, 0.0, -0.5, 0.809017, 0.309017, 0.0, 0.0, 0.0, 0.0, 1.0 ], [ 0.5, -0.809017, -0.309017, 0.0, -0.809017, -0.309017, -0.5, 0.0, 0.309017, 0.5, -0.809017, 0.0, 0.0, 0.0, 0.0, 1.0 ], [ -0.309017, -0.5, 0.809017, 0.0, 0.5, -0.809017, -0.309017, 0.0, 0.809017, 0.309017, 0.5, 0.0, 0.0, 0.0, 0.0, 1.0 ], [ -0.5, -0.809017, -0.309017, 0.0, -0.809017, 0.309017, 0.5, 0.0, -0.309017, 0.5, -0.809017, 0.0, 0.0, 0.0, 0.0, 1.0 ], [ 0.309017, -0.5, 0.809017, 0.0, -0.5, -0.809017, -0.309017, 0.0, 0.809017, -0.309017, -0.5, 0.0, 0.0, 0.0, 0.0, 1.0 ], [ -0.809017, 0.309017, 0.5, 0.0, 0.309017, -0.5, 0.809017, 0.0, 0.5, 0.809017, 0.309017, 0.0, 0.0, 0.0, 0.0, 1.0 ], [ -0.5, -0.809017, 0.309017, 0.0, -0.809017, 0.309017, -0.5, 0.0, 0.309017, -0.5, -0.809017, 0.0, 0.0, 0.0, 0.0, 1.0 ], [ -0.309017, 0.5, 0.809017, 0.0, -0.5, -0.809017, 0.309017, 0.0, 0.809017, -0.309017, 0.5, 0.0, 0.0, 0.0, 0.0, 1.0 ], [ -0.809017, 0.309017, -0.5, 0.0, -0.309017, 0.5, 0.809017, 0.0, 0.5, 0.809017, -0.309017, 0.0, 0.0, 0.0, 0.0, 1.0 ], [ -0.809017, -0.309017, 0.5, 0.0, -0.309017, -0.5, -0.809017, 0.0, 0.5, -0.809017, 0.309017, 0.0, 0.0, 0.0, 0.0, 1.0 ], [ -0.5, 0.809017, -0.309017, 0.0, -0.809017, -0.309017, 0.5, 0.0, 0.309017, 0.5, 0.809017, 0.0, 0.0, 0.0, 0.0, 1.0 ], [ -0.309017, -0.5, -0.809017, 0.0, -0.5, 0.809017, -0.309017, 0.0, 0.809017, 0.309017, -0.5, 0.0, 0.0, 0.0, 0.0, 1.0 ], [ -1.0, 0.0, 0.0, 0.0, 0.0, 1.0, 0.0, 0.0, 0.0, 0.0, -1.0, 0.0, 0.0, 0.0, 0.0, 1.0 ], [ 0.0, 0.0, -1.0, 0.0, 1.0, 0.0, 0.0, 0.0, 0.0, -1.0, 0.0, 0.0, 0.0, 0.0, 0.0, 1.0 ], [ 0.0, -1.0, 0.0, 0.0, 0.0, 0.0, 1.0, 0.0, -1.0, 0.0, 0.0, 0.0, 0.0, 0.0, 0.0, 1.0 ], [ -0.809017, -0.309017, -0.5, 0.0, 0.309017, 0.5, -0.809017, 0.0, 0.5, -0.809017, -0.309017, 0.0, 0.0, 0.0, 0.0, 1.0 ], [ 0.5, -0.809017, -0.309017, 0.0, 0.809017, 0.309017, 0.5, 0.0, -0.309017, -0.5, 0.809017, 0.0, 0.0, 0.0, 0.0, 1.0 ], [ -0.309017, -0.5, 0.809017, 0.0, -0.5, 0.809017, 0.309017, 0.0, -0.809017, -0.309017, -0.5, 0.0, 0.0, 0.0, 0.0, 1.0 ], [ -0.5, -0.809017, -0.309017, 0.0, 0.809017, -0.309017, -0.5, 0.0, 0.309017, -0.5, 0.809017, 0.0, 0.0, 0.0, 0.0, 1.0 ], [ 0.309017, -0.5, 0.809017, 0.0, 0.5, 0.809017, 0.309017, 0.0, -0.809017, 0.309017, 0.5, 0.0, 0.0, 0.0, 0.0, 1.0 ], [ -0.809017, 0.309017, 0.5, 0.0, -0.309017, 0.5, -0.809017, 0.0, -0.5, -0.809017, -0.309017, 0.0, 0.0, 0.0, 0.0, 1.0 ], [ -0.5, -0.809017, 0.309017, 0.0, 0.809017, -0.309017, 0.5, 0.0, -0.309017, 0.5, 0.809017, 0.0, 0.0, 0.0, 0.0, 1.0 ], [ -0.309017, 0.5, 0.809017, 0.0, 0.5, 0.809017, -0.309017, 0.0, -0.809017, 0.309017, -0.5, 0.0, 0.0, 0.0, 0.0, 1.0 ], [ -0.809017, 0.309017, -0.5, 0.0, 0.309017, -0.5, -0.809017, 0.0, -0.5, -0.809017, 0.309017, 0.0, 0.0, 0.0, 0.0, 1.0 ], [ -0.809017, -0.309017, 0.5, 0.0, 0.309017, 0.5, 0.809017, 0.0, -0.5, 0.809017, -0.309017, 0.0, 0.0, 0.0, 0.0, 1.0 ], [ -0.5, 0.809017, -0.309017, 0.0, 0.809017, 0.309017, -0.5, 0.0, -0.309017, -0.5, -0.809017, 0.0, 0.0, 0.0, 0.0, 1.0 ], [ -0.309017, -0.5, -0.809017, 0.0, 0.5, -0.809017, 0.309017, 0.0, -0.809017, -0.309017, 0.5, 0.0, 0.0, 0.0, 0.0, 1.0 ] ],
  "lights" : {
    "ambientColor" : "#292929",
    "backgroundColor" : "#AFC8DC",
    "directionalLights" : [ {
      "direction" : {
        "x" : 1.0,
        "y" : -1.0,
        "z" : -1.0
      },
      "color" : "#EBEBE4"
    }, {
      "direction" : {
        "x" : -1.0,
        "y" : 0.0,
        "z" : 0.0
      },
      "color" : "#E4E4EB"
    }, {
      "direction" : {
        "x" : 0.0,
        "y" : 0.0,
        "z" : -1.0
      },
      "color" : "#1E1E1E"
    } ]
  },
  "camera" : {
    "width" : 179.53557,
    "stereo" : false,
    "viewDistance" : 398.9673,
    "nearClipDistance" : 0.99741954,
    "farClipDistance" : 797.9328,
    "lookAtPoint" : {
      "x" : 0.0,
      "y" : 0.0,
      "z" : 0.0
    },
    "fieldOfView" : 0.44262958,
    "perspective" : false,
    "lookDirection" : {
      "x" : 0.0,
      "y" : 0.3568221,
      "z" : 0.93417233
    },
    "upDirection" : {
      "x" : 0.99999994,
      "y" : -0.0,
      "z" : 0.0
    },
    "position" : {
      "x" : 0.0,
      "y" : -142.36035,
      "z" : -372.7042
    }
  },
  "embedding" : [ 1.0, 0.0, 0.0, 0.0, 0.0, 1.0, 0.0, 0.0, 0.0, 0.0, 1.0, 0.0, 0.0, 0.0, 0.0, 1.0 ],
  "shapes" : [ {
    "id" : "c7b9ca69-f4ab-45f3-b56f-1b9fcfe7fc47",
    "vertices" : [ {
      "x" : -15.155417,
      "y" : -40.01904,
      "z" : 0.0
    }, {
      "x" : -26.245588,
      "y" : -35.78297,
      "z" : -6.854102
    }, {
      "x" : -37.33576,
      "y" : -31.546904,
      "z" : 0.0
    }, {
      "x" : -26.245588,
      "y" : -35.78297,
      "z" : 6.854102
    } ],
    "faces" : [ {
      "vertices" : [ 0, 1, 2 ]
    }, {
      "vertices" : [ 0, 2, 3 ]
    }, {
      "vertices" : [ 0, 3, 2 ]
    }, {
      "vertices" : [ 0, 2, 1 ]
    } ]
  }, {
    "id" : "0488fe1b-f947-4141-8cab-8d8ebd09ecdb",
    "vertices" : [ {
      "x" : 0.9045085,
      "y" : 0.3454915,
      "z" : 0.25
    }, {
      "x" : 6.1405764,
      "y" : 3.5815594,
      "z" : 0.25
    }, {
      "x" : 5.9495935,
      "y" : 3.8905764,
      "z" : 0.25
    }, {
      "x" : 0.7135255,
      "y" : 0.6545085,
      "z" : 0.25
    }, {
      "x" : 0.809017,
      "y" : 0.5,
      "z" : -0.309017
    }, {
      "x" : 0.9635255,
      "y" : 0.25,
      "z" : -0.095491506
    }, {
      "x" : 0.309017,
      "y" : 0.19098301,
      "z" : 0.0
    }, {
      "x" : 6.545085,
      "y" : 4.045085,
      "z" : 0.0
    }, {
      "x" : 5.8905764,
      "y" : 3.986068,
      "z" : -0.095491506
    }, {
      "x" : 6.045085,
      "y" : 3.736068,
      "z" : -0.309017
    }, {
      "x" : 6.854102,
      "y" : 4.236068,
      "z" : 0.0
    }, {
      "x" : 0.6545085,
      "y" : 0.75,
      "z" : -0.095491506
    }, {
      "x" : 6.1995935,
      "y" : 3.486068,
      "z" : -0.095491506
    } ],
    "faces" : [ {
      "vertices" : [ 4, 11, 8 ]
    }, {
      "vertices" : [ 4, 8, 9 ]
    }, {
      "vertices" : [ 0, 1, 2 ]
    }, {
      "vertices" : [ 0, 2, 3 ]
    }, {
      "vertices" : [ 0, 3, 6 ]
    }, {
      "vertices" : [ 1, 7, 2 ]
    }, {
      "vertices" : [ 0, 6, 5 ]
    }, {
      "vertices" : [ 4, 5, 6 ]
    }, {
      "vertices" : [ 2, 7, 8 ]
    }, {
      "vertices" : [ 0, 5, 12 ]
    }, {
      "vertices" : [ 0, 12, 1 ]
    }, {
      "vertices" : [ 1, 12, 7 ]
    }, {
      "vertices" : [ 3, 11, 6 ]
    }, {
      "vertices" : [ 4, 6, 11 ]
    }, {
      "vertices" : [ 7, 9, 8 ]
    }, {
      "vertices" : [ 2, 8, 11 ]
    }, {
      "vertices" : [ 2, 11, 3 ]
    }, {
      "vertices" : [ 7, 12, 9 ]
    }, {
      "vertices" : [ 4, 9, 12 ]
    }, {
      "vertices" : [ 4, 12, 5 ]
    } ]
  }, {
    "id" : "e044fbd9-31ae-478f-b1c3-612d7e92b4f1",
    "vertices" : [ {
      "x" : 1.0,
      "y" : 0.309017,
      "z" : 0.19098301
    }, {
      "x" : 1.0,
      "y" : -0.309017,
      "z" : 0.19098301
    }, {
      "x" : 12.708204,
      "y" : -0.309017,
      "z" : 0.19098301
    }, {
      "x" : 12.708204,
      "y" : 0.309017,
      "z" : 0.19098301
    }, {
      "x" : 12.708204,
      "y" : -0.309017,
      "z" : -0.19098301
    }, {
      "x" : 12.708204,
      "y" : 0.309017,
      "z" : -0.19098301
    }, {
      "x" : 13.326238,
      "y" : 0.0,
      "z" : 0.0
    }, {
      "x" : 0.38196602,
      "y" : 0.0,
      "z" : 0.0
    }, {
      "x" : 1.0,
      "y" : 0.309017,
      "z" : -0.19098301
    }, {
      "x" : 1.0,
      "y" : -0.309017,
      "z" : -0.19098301
    }, {
      "x" : 13.708204,
      "y" : 0.0,
      "z" : 0.0
    } ],
    "faces" : [ {
      "vertices" : [ 1, 9, 4 ]
    }, {
      "vertices" : [ 1, 4, 2 ]
    }, {
      "vertices" : [ 0, 3, 5 ]
    }, {
      "vertices" : [ 0, 5, 8 ]
    }, {
      "vertices" : [ 1, 7, 9 ]
    }, {
      "vertices" : [ 0, 1, 2 ]
    }, {
      "vertices" : [ 0, 2, 3 ]
    }, {
      "vertices" : [ 7, 8, 9 ]
    }, {
      "vertices" : [ 0, 7, 1 ]
    }, {
      "vertices" : [ 4, 9, 8 ]
    }, {
      "vertices" : [ 4, 8, 5 ]
    }, {
      "vertices" : [ 2, 6, 3 ]
    }, {
      "vertices" : [ 2, 4, 6 ]
    }, {
      "vertices" : [ 3, 6, 5 ]
    }, {
      "vertices" : [ 4, 5, 6 ]
    }, {
      "vertices" : [ 0, 8, 7 ]
    } ]
  }, {
    "id" : "542b1620-003d-4c9e-b017-016b78690d1f",
    "vertices" : [ {
      "x" : -6.959675,
      "y" : -11.09017,
      "z" : 39.953793
    }, {
      "x" : -0.10557281,
      "y" : 0.0,
      "z" : 44.189857
    }, {
      "x" : 6.748529,
      "y" : -4.236068,
      "z" : 44.189857
    }, {
      "x" : -0.10557281,
      "y" : -15.326238,
      "z" : 39.953793
    } ],
    "faces" : [ {
      "vertices" : [ 0, 1, 2 ]
    }, {
      "vertices" : [ 0, 2, 3 ]
    }, {
      "vertices" : [ 0, 3, 2 ]
    }, {
      "vertices" : [ 0, 2, 1 ]
    } ]
  }, {
    "id" : "2cd6f6f5-93e2-4378-a4ea-4690725510ee",
    "vertices" : [ {
      "x" : 39.953793,
      "y" : -13.602632,
      "z" : -15.326238
    }, {
      "x" : 39.953793,
      "y" : -20.456734,
      "z" : -11.09017
    }, {
      "x" : 44.189857,
      "y" : -27.310835,
      "z" : 0.0
    }, {
      "x" : 44.189857,
      "y" : -20.456734,
      "z" : -4.236068
    } ],
    "faces" : [ {
      "vertices" : [ 0, 1, 2 ]
    }, {
      "vertices" : [ 0, 2, 3 ]
    }, {
      "vertices" : [ 0, 3, 2 ]
    }, {
      "vertices" : [ 0, 2, 1 ]
    } ]
  }, {
    "id" : "dd64a55c-ec0f-4e83-9994-2a5f34a52291",
    "vertices" : [ {
      "x" : 0.309017,
      "y" : -0.309017,
      "z" : -0.309017
    }, {
      "x" : 0.5,
      "y" : 0.0,
      "z" : -0.19098301
    }, {
      "x" : 0.5,
      "y" : 0.0,
      "z" : 0.19098301
    }, {
      "x" : 0.309017,
      "y" : -0.309017,
      "z" : 0.309017
    }, {
      "x" : 0.19098301,
      "y" : -0.5,
      "z" : 0.0
    }, {
      "x" : 0.0,
      "y" : 0.19098301,
      "z" : 0.5
    }, {
      "x" : 0.0,
      "y" : -0.19098301,
      "z" : 0.5
    }, {
      "x" : 0.309017,
      "y" : 0.309017,
      "z" : 0.309017
    }, {
      "x" : -0.309017,
      "y" : -0.309017,
      "z" : 0.309017
    }, {
      "x" : -0.309017,
      "y" : 0.309017,
      "z" : 0.309017
    }, {
      "x" : -0.5,
      "y" : 0.0,
      "z" : 0.19098301
    }, {
      "x" : 0.0,
      "y" : -0.19098301,
      "z" : -0.5
    }, {
      "x" : 0.0,
      "y" : 0.19098301,
      "z" : -0.5
    }, {
      "x" : 0.309017,
      "y" : 0.309017,
      "z" : -0.309017
    }, {
      "x" : -0.309017,
      "y" : -0.309017,
      "z" : -0.309017
    }, {
      "x" : -0.19098301,
      "y" : -0.5,
      "z" : 0.0
    }, {
      "x" : -0.5,
      "y" : 0.0,
      "z" : -0.19098301
    }, {
      "x" : 0.19098301,
      "y" : 0.5,
      "z" : 0.0
    }, {
      "x" : -0.309017,
      "y" : 0.309017,
      "z" : -0.309017
    }, {
      "x" : 0.0,
      "y" : 0.0,
      "z" : 0.0
    }, {
      "x" : -0.19098301,
      "y" : 0.5,
      "z" : 0.0
    } ],
    "faces" : [ {
      "vertices" : [ 12, 18, 20 ]
    }, {
      "vertices" : [ 12, 20, 17 ]
    }, {
      "vertices" : [ 12, 17, 13 ]
    }, {
      "vertices" : [ 3, 6, 8 ]
    }, {
      "vertices" : [ 3, 8, 15 ]
    }, {
      "vertices" : [ 3, 15, 4 ]
    }, {
      "vertices" : [ 0, 11, 12 ]
    }, {
      "vertices" : [ 0, 12, 13 ]
    }, {
      "vertices" : [ 0, 13, 1 ]
    }, {
      "vertices" : [ 5, 9, 10 ]
    }, {
      "vertices" : [ 5, 10, 8 ]
    }, {
      "vertices" : [ 5, 8, 6 ]
    }, {
      "vertices" : [ 2, 7, 5 ]
    }, {
      "vertices" : [ 2, 5, 6 ]
    }, {
      "vertices" : [ 2, 6, 3 ]
    }, {
      "vertices" : [ 11, 14, 16 ]
    }, {
      "vertices" : [ 11, 16, 18 ]
    }, {
      "vertices" : [ 11, 18, 12 ]
    }, {
      "vertices" : [ 1, 13, 17 ]
    }, {
      "vertices" : [ 1, 17, 7 ]
    }, {
      "vertices" : [ 1, 7, 2 ]
    }, {
      "vertices" : [ 9, 20, 18 ]
    }, {
      "vertices" : [ 9, 18, 16 ]
    }, {
      "vertices" : [ 9, 16, 10 ]
    }, {
      "vertices" : [ 0, 1, 2 ]
    }, {
      "vertices" : [ 0, 2, 3 ]
    }, {
      "vertices" : [ 0, 3, 4 ]
    }, {
      "vertices" : [ 5, 7, 17 ]
    }, {
      "vertices" : [ 5, 17, 20 ]
    }, {
      "vertices" : [ 5, 20, 9 ]
    }, {
      "vertices" : [ 0, 4, 15 ]
    }, {
      "vertices" : [ 0, 15, 14 ]
    }, {
      "vertices" : [ 0, 14, 11 ]
    }, {
      "vertices" : [ 8, 10, 16 ]
    }, {
      "vertices" : [ 8, 16, 14 ]
    }, {
      "vertices" : [ 8, 14, 15 ]
    } ]
  }, {
    "id" : "bc156612-c36f-4bad-8185-480dafc06ce8",
    "vertices" : [ {
      "x" : 10.472136,
      "y" : 10.281153,
      "z" : 2.118034
    }, {
      "x" : 1.0,
      "y" : 0.809017,
      "z" : -0.11803399
    }, {
      "x" : 0.5,
      "y" : 1.0,
      "z" : 0.19098301
    }, {
      "x" : 9.972136,
      "y" : 10.472136,
      "z" : 2.427051
    }, {
      "x" : 1.118034,
      "y" : 0.618034,
      "z" : 0.19098301
    }, {
      "x" : 10.59017,
      "y" : 10.09017,
      "z" : 2.427051
    }, {
      "x" : 10.781153,
      "y" : 10.781153,
      "z" : 2.545085
    }, {
      "x" : 10.09017,
      "y" : 10.281153,
      "z" : 2.736068
    }, {
      "x" : 0.618034,
      "y" : 0.809017,
      "z" : 0.5
    }, {
      "x" : 0.309017,
      "y" : 0.309017,
      "z" : 0.072949015
    }, {
      "x" : 11.09017,
      "y" : 11.09017,
      "z" : 2.618034
    } ],
    "faces" : [ {
      "vertices" : [ 3, 7, 6 ]
    }, {
      "vertices" : [ 5, 6, 7 ]
    }, {
      "vertices" : [ 2, 9, 8 ]
    }, {
      "vertices" : [ 2, 8, 7 ]
    }, {
      "vertices" : [ 2, 7, 3 ]
    }, {
      "vertices" : [ 4, 8, 9 ]
    }, {
      "vertices" : [ 0, 1, 2 ]
    }, {
      "vertices" : [ 0, 2, 3 ]
    }, {
      "vertices" : [ 4, 5, 7 ]
    }, {
      "vertices" : [ 4, 7, 8 ]
    }, {
      "vertices" : [ 0, 3, 6 ]
    }, {
      "vertices" : [ 0, 5, 4 ]
    }, {
      "vertices" : [ 0, 4, 1 ]
    }, {
      "vertices" : [ 0, 6, 5 ]
    }, {
      "vertices" : [ 1, 9, 2 ]
    }, {
      "vertices" : [ 1, 4, 9 ]
    } ]
  }, {
    "id" : "73461ab8-9912-4a90-b0d2-f31b1169f58e",
    "vertices" : [ {
      "x" : 39.953793,
      "y" : 13.602632,
      "z" : -15.326238
    }, {
      "x" : 44.189857,
      "y" : 20.456734,
      "z" : -4.236068
    }, {
      "x" : 44.189857,
      "y" : 27.310835,
      "z" : 0.0
    }, {
      "x" : 39.953793,
      "y" : 20.456734,
      "z" : -11.09017
    } ],
    "faces" : [ {
      "vertices" : [ 0, 1, 2 ]
    }, {
      "vertices" : [ 0, 2, 3 ]
    }, {
      "vertices" : [ 0, 3, 2 ]
    }, {
      "vertices" : [ 0, 2, 1 ]
    } ]
  }, {
    "id" : "b1173b58-fc5f-4fd1-8513-5f9af5d7c50b",
    "vertices" : [ {
      "x" : -11.09017,
      "y" : -39.953793,
      "z" : 6.959675
    }, {
      "x" : 0.0,
      "y" : -44.189857,
      "z" : 0.10557281
    }, {
      "x" : -4.236068,
      "y" : -44.189857,
      "z" : -6.748529
    }, {
      "x" : -15.326238,
      "y" : -39.953793,
      "z" : 0.10557281
    } ],
    "faces" : [ {
      "vertices" : [ 0, 1, 2 ]
    }, {
      "vertices" : [ 0, 2, 3 ]
    }, {
      "vertices" : [ 0, 3, 2 ]
    }, {
      "vertices" : [ 0, 2, 1 ]
    } ]
  }, {
    "id" : "d83b64c6-e235-4510-9e29-1db57e1a9faa",
    "vertices" : [ {
      "x" : 24.798374,
      "y" : 17.77345,
      "z" : 28.92887
    }, {
      "x" : 13.708204,
      "y" : 22.00952,
      "z" : 35.78297
    }, {
      "x" : 13.708204,
      "y" : 28.86362,
      "z" : 31.546904
    }, {
      "x" : 24.798374,
      "y" : 24.627554,
      "z" : 24.6928
    } ],
    "faces" : [ {
      "vertices" : [ 0, 1, 2 ]
    }, {
      "vertices" : [ 0, 2, 3 ]
    }, {
      "vertices" : [ 0, 3, 2 ]
    }, {
      "vertices" : [ 0, 2, 1 ]
    } ]
  }, {
    "id" : "6a42d97b-2951-499b-b32c-9fb3dd98364e",
    "vertices" : [ {
      "x" : 35.78297,
      "y" : 13.708204,
      "z" : 22.00952
    }, {
      "x" : 35.78297,
      "y" : 6.854102,
      "z" : 26.245588
    }, {
      "x" : 31.546904,
      "y" : 6.854102,
      "z" : 33.09969
    }, {
      "x" : 31.546904,
      "y" : 13.708204,
      "z" : 28.86362
    } ],
    "faces" : [ {
      "vertices" : [ 0, 1, 2 ]
    }, {
      "vertices" : [ 0, 2, 3 ]
    }, {
      "vertices" : [ 0, 3, 2 ]
    }, {
      "vertices" : [ 0, 2, 1 ]
    } ]
  }, {
    "id" : "42ae74d1-cd3e-463b-8b41-87bb6d471e69",
    "vertices" : [ {
      "x" : 11.09017,
      "y" : -39.953793,
      "z" : -6.959675
    }, {
      "x" : 0.0,
      "y" : -44.189857,
      "z" : -0.10557281
    }, {
      "x" : 4.236068,
      "y" : -44.189857,
      "z" : 6.748529
    }, {
      "x" : 15.326238,
      "y" : -39.953793,
      "z" : -0.10557281
    } ],
    "faces" : [ {
      "vertices" : [ 0, 1, 2 ]
    }, {
      "vertices" : [ 0, 2, 3 ]
    }, {
      "vertices" : [ 0, 3, 2 ]
    }, {
      "vertices" : [ 0, 2, 1 ]
    } ]
  }, {
    "id" : "95f6c273-d6af-49ce-935e-f16d4e6ef98c",
    "vertices" : [ {
      "x" : -39.953793,
      "y" : -13.602632,
      "z" : 15.326238
    }, {
      "x" : -39.953793,
      "y" : -20.456734,
      "z" : 11.09017
    }, {
      "x" : -44.189857,
      "y" : -27.310835,
      "z" : 0.0
    }, {
      "x" : -44.189857,
      "y" : -20.456734,
      "z" : 4.236068
    } ],
    "faces" : [ {
      "vertices" : [ 0, 1, 2 ]
    }, {
      "vertices" : [ 0, 2, 3 ]
    }, {
      "vertices" : [ 0, 3, 2 ]
    }, {
      "vertices" : [ 0, 2, 1 ]
    } ]
  }, {
    "id" : "b8776929-51e9-4f55-8b3a-3354a1c476ae",
    "vertices" : [ {
      "x" : 0.0,
      "y" : -15.155417,
      "z" : -40.01904
    }, {
      "x" : -6.854102,
      "y" : -26.245588,
      "z" : -35.78297
    }, {
      "x" : 0.0,
      "y" : -37.33576,
      "z" : -31.546904
    }, {
      "x" : 6.854102,
      "y" : -26.245588,
      "z" : -35.78297
    } ],
    "faces" : [ {
      "vertices" : [ 0, 1, 2 ]
    }, {
      "vertices" : [ 0, 2, 3 ]
    }, {
      "vertices" : [ 0, 3, 2 ]
    }, {
      "vertices" : [ 0, 2, 1 ]
    } ]
  }, {
    "id" : "0c1b0e28-9265-4c40-9021-347044a9b556",
    "vertices" : [ {
      "x" : 40.01904,
      "y" : 6.854102,
      "z" : -10.91935
    }, {
      "x" : 35.78297,
      "y" : 13.708204,
      "z" : -22.00952
    }, {
      "x" : 35.78297,
      "y" : 6.854102,
      "z" : -26.245588
    }, {
      "x" : 40.01904,
      "y" : 0.0,
      "z" : -15.155417
    } ],
    "faces" : [ {
      "vertices" : [ 0, 1, 2 ]
    }, {
      "vertices" : [ 0, 2, 3 ]
    }, {
      "vertices" : [ 0, 3, 2 ]
    }, {
      "vertices" : [ 0, 2, 1 ]
    } ]
  }, {
    "id" : "d15b5bf4-a01d-4ac8-9f47-da7758f10e74",
    "vertices" : [ {
      "x" : -35.78297,
      "y" : -6.854102,
      "z" : -26.245588
    }, {
      "x" : -31.546904,
      "y" : -6.854102,
      "z" : -33.09969
    }, {
      "x" : -27.310835,
      "y" : 0.0,
      "z" : -44.189857
    }, {
      "x" : -31.546904,
      "y" : 0.0,
      "z" : -37.33576
    } ],
    "faces" : [ {
      "vertices" : [ 0, 1, 2 ]
    }, {
      "vertices" : [ 0, 2, 3 ]
    }, {
      "vertices" : [ 0, 3, 2 ]
    }, {
      "vertices" : [ 0, 2, 1 ]
    } ]
  }, {
    "id" : "090b5d29-df3a-4e0d-8a65-c0d95d70f4c5",
    "vertices" : [ {
      "x" : -40.01904,
      "y" : -6.854102,
      "z" : -10.91935
    }, {
      "x" : -35.78297,
      "y" : -13.708204,
      "z" : -22.00952
    }, {
      "x" : -35.78297,
      "y" : -6.854102,
      "z" : -26.245588
    }, {
      "x" : -40.01904,
      "y" : 0.0,
      "z" : -15.155417
    } ],
    "faces" : [ {
      "vertices" : [ 0, 1, 2 ]
    }, {
      "vertices" : [ 0, 2, 3 ]
    }, {
      "vertices" : [ 0, 3, 2 ]
    }, {
      "vertices" : [ 0, 2, 1 ]
    } ]
  }, {
    "id" : "cf34909c-73b7-499d-b3dd-5ba38ef7a460",
    "vertices" : [ {
      "x" : -17.8387,
      "y" : 29.034441,
      "z" : -24.627554
    }, {
      "x" : -24.6928,
      "y" : 24.798374,
      "z" : -24.627554
    }, {
      "x" : -20.456734,
      "y" : 17.944271,
      "z" : -35.717724
    }, {
      "x" : -13.602632,
      "y" : 22.18034,
      "z" : -35.717724
    } ],
    "faces" : [ {
      "vertices" : [ 0, 1, 2 ]
    }, {
      "vertices" : [ 0, 2, 3 ]
    }, {
      "vertices" : [ 0, 3, 2 ]
    }, {
      "vertices" : [ 0, 2, 1 ]
    } ]
  }, {
    "id" : "afb95dda-c92b-4efa-9822-5ee4931cb2b0",
    "vertices" : [ {
      "x" : 29.034441,
      "y" : 24.627554,
      "z" : -17.8387
    }, {
      "x" : 22.18034,
      "y" : 35.717724,
      "z" : -13.602632
    }, {
      "x" : 17.944271,
      "y" : 35.717724,
      "z" : -20.456734
    }, {
      "x" : 24.798374,
      "y" : 24.627554,
      "z" : -24.6928
    } ],
    "faces" : [ {
      "vertices" : [ 0, 1, 2 ]
    }, {
      "vertices" : [ 0, 2, 3 ]
    }, {
      "vertices" : [ 0, 3, 2 ]
    }, {
      "vertices" : [ 0, 2, 1 ]
    } ]
  }, {
    "id" : "6d2d1e75-3b97-41b9-8d03-74c300017fa7",
    "vertices" : [ {
      "x" : 0.10557281,
      "y" : 22.18034,
      "z" : 35.717724
    }, {
      "x" : 0.10557281,
      "y" : 15.326238,
      "z" : 39.953793
    }, {
      "x" : -13.602632,
      "y" : 15.326238,
      "z" : 39.953793
    }, {
      "x" : -13.602632,
      "y" : 22.18034,
      "z" : 35.717724
    } ],
    "faces" : [ {
      "vertices" : [ 0, 1, 2 ]
    }, {
      "vertices" : [ 0, 2, 3 ]
    }, {
      "vertices" : [ 0, 3, 2 ]
    }, {
      "vertices" : [ 0, 2, 1 ]
    } ]
  }, {
    "id" : "f5ba9a3f-5625-4440-ba27-193b60a184b0",
    "vertices" : [ {
      "x" : 11.09017,
      "y" : 39.953793,
      "z" : -6.959675
    }, {
      "x" : 15.326238,
      "y" : 39.953793,
      "z" : -0.10557281
    }, {
      "x" : 4.236068,
      "y" : 44.189857,
      "z" : 6.748529
    }, {
      "x" : 0.0,
      "y" : 44.189857,
      "z" : -0.10557281
    } ],
    "faces" : [ {
      "vertices" : [ 0, 1, 2 ]
    }, {
      "vertices" : [ 0, 2, 3 ]
    }, {
      "vertices" : [ 0, 3, 2 ]
    }, {
      "vertices" : [ 0, 2, 1 ]
    } ]
  }, {
    "id" : "b3a296a8-33d7-4ce5-83d6-2b409aa5219f",
    "vertices" : [ {
      "x" : -0.10557281,
      "y" : 15.326238,
      "z" : 39.953793
    }, {
      "x" : 13.602632,
      "y" : 15.326238,
      "z" : 39.953793
    }, {
      "x" : 20.456734,
      "y" : 4.236068,
      "z" : 44.189857
    }, {
      "x" : 6.748529,
      "y" : 4.236068,
      "z" : 44.189857
    } ],
    "faces" : [ {
      "vertices" : [ 0, 1, 2 ]
    }, {
      "vertices" : [ 0, 2, 3 ]
    }, {
      "vertices" : [ 0, 3, 2 ]
    }, {
      "vertices" : [ 0, 2, 1 ]
    } ]
  }, {
    "id" : "b0df1888-87e4-46ea-b7d0-5fbf578fb1be",
    "vertices" : [ {
      "x" : 4.236068,
      "y" : 44.189857,
      "z" : -6.748529
    }, {
      "x" : 0.0,
      "y" : 44.189857,
      "z" : -13.602632
    }, {
      "x" : 0.0,
      "y" : 44.189857,
      "z" : -27.310835
    }, {
      "x" : 4.236068,
      "y" : 44.189857,
      "z" : -20.456734
    } ],
    "faces" : [ {
      "vertices" : [ 0, 1, 2 ]
    }, {
      "vertices" : [ 0, 2, 3 ]
    }, {
      "vertices" : [ 0, 3, 2 ]
    }, {
      "vertices" : [ 0, 2, 1 ]
    } ]
  }, {
    "id" : "64606474-5813-45ed-9e62-e382adab30cc",
    "vertices" : [ {
      "x" : 35.717724,
      "y" : -20.456734,
      "z" : 17.944271
    }, {
      "x" : 39.953793,
      "y" : -20.456734,
      "z" : 11.09017
    }, {
      "x" : 44.189857,
      "y" : -27.310835,
      "z" : 0.0
    }, {
      "x" : 39.953793,
      "y" : -27.310835,
      "z" : 6.854102
    } ],
    "faces" : [ {
      "vertices" : [ 0, 1, 2 ]
    }, {
      "vertices" : [ 0, 2, 3 ]
    }, {
      "vertices" : [ 0, 3, 2 ]
    }, {
      "vertices" : [ 0, 2, 1 ]
    } ]
  }, {
    "id" : "5c6b88ac-62b7-4bea-bc16-56e9996ab2dc",
    "vertices" : [ {
      "x" : -40.01904,
      "y" : 6.854102,
      "z" : -10.91935
    }, {
      "x" : -40.01904,
      "y" : 0.0,
      "z" : -15.155417
    }, {
      "x" : -35.78297,
      "y" : 6.854102,
      "z" : -26.245588
    }, {
      "x" : -35.78297,
      "y" : 13.708204,
      "z" : -22.00952
    } ],
    "faces" : [ {
      "vertices" : [ 0, 1, 2 ]
    }, {
      "vertices" : [ 0, 2, 3 ]
    }, {
      "vertices" : [ 0, 3, 2 ]
    }, {
      "vertices" : [ 0, 2, 1 ]
    } ]
  }, {
    "id" : "dead1dd0-dda2-4786-9c4b-9b05a3ab7fd2",
    "vertices" : [ {
      "x" : 24.798374,
      "y" : -17.77345,
      "z" : -28.92887
    }, {
      "x" : 13.708204,
      "y" : -22.00952,
      "z" : -35.78297
    }, {
      "x" : 13.708204,
      "y" : -28.86362,
      "z" : -31.546904
    }, {
      "x" : 24.798374,
      "y" : -24.627554,
      "z" : -24.6928
    } ],
    "faces" : [ {
      "vertices" : [ 0, 1, 2 ]
    }, {
      "vertices" : [ 0, 2, 3 ]
    }, {
      "vertices" : [ 0, 3, 2 ]
    }, {
      "vertices" : [ 0, 2, 1 ]
    } ]
  }, {
    "id" : "945c06c2-314b-4ebd-9d60-e0666ba115fe",
    "vertices" : [ {
      "x" : -4.236068,
      "y" : -44.189857,
      "z" : 6.748529
    }, {
      "x" : -4.236068,
      "y" : -44.189857,
      "z" : 20.456734
    }, {
      "x" : 0.0,
      "y" : -44.189857,
      "z" : 27.310835
    }, {
      "x" : 0.0,
      "y" : -44.189857,
      "z" : 13.602632
    } ],
    "faces" : [ {
      "vertices" : [ 0, 1, 2 ]
    }, {
      "vertices" : [ 0, 2, 3 ]
    }, {
      "vertices" : [ 0, 3, 2 ]
    }, {
      "vertices" : [ 0, 2, 1 ]
    } ]
  }, {
    "id" : "ba4f781a-e3a2-40c9-861b-682938ed1106",
    "vertices" : [ {
      "x" : 20.456734,
      "y" : 17.944271,
      "z" : 35.717724
    }, {
      "x" : 27.310835,
      "y" : 6.854102,
      "z" : 39.953793
    }, {
      "x" : 27.310835,
      "y" : 0.0,
      "z" : 44.189857
    }, {
      "x" : 20.456734,
      "y" : 11.09017,
      "z" : 39.953793
    } ],
    "faces" : [ {
      "vertices" : [ 0, 1, 2 ]
    }, {
      "vertices" : [ 0, 2, 3 ]
    }, {
      "vertices" : [ 0, 3, 2 ]
    }, {
      "vertices" : [ 0, 2, 1 ]
    } ]
  }, {
    "id" : "a08eb078-7692-43e6-a7e7-a422f1535103",
    "vertices" : [ {
      "x" : 24.627554,
      "y" : -17.8387,
      "z" : 29.034441
    }, {
      "x" : 35.717724,
      "y" : -13.602632,
      "z" : 22.18034
    }, {
      "x" : 35.717724,
      "y" : -20.456734,
      "z" : 17.944271
    }, {
      "x" : 24.627554,
      "y" : -24.6928,
      "z" : 24.798374
    } ],
    "faces" : [ {
      "vertices" : [ 0, 1, 2 ]
    }, {
      "vertices" : [ 0, 2, 3 ]
    }, {
      "vertices" : [ 0, 3, 2 ]
    }, {
      "vertices" : [ 0, 2, 1 ]
    } ]
  }, {
    "id" : "638f56cd-029f-4497-9f5e-c9619bb48d61",
    "vertices" : [ {
      "x" : -28.86362,
      "y" : -31.546904,
      "z" : -13.708204
    }, {
      "x" : -39.953793,
      "y" : -27.310835,
      "z" : -6.854102
    }, {
      "x" : -44.189857,
      "y" : -27.310835,
      "z" : 0.0
    }, {
      "x" : -33.09969,
      "y" : -31.546904,
      "z" : -6.854102
    } ],
    "faces" : [ {
      "vertices" : [ 0, 1, 2 ]
    }, {
      "vertices" : [ 0, 2, 3 ]
    }, {
      "vertices" : [ 0, 3, 2 ]
    }, {
      "vertices" : [ 0, 2, 1 ]
    } ]
  }, {
    "id" : "4bfd17d6-9750-4335-a48a-069f7d512367",
    "vertices" : [ {
      "x" : 17.77345,
      "y" : -28.92887,
      "z" : -24.798374
    }, {
      "x" : 22.00952,
      "y" : -35.78297,
      "z" : -13.708204
    }, {
      "x" : 28.86362,
      "y" : -31.546904,
      "z" : -13.708204
    }, {
      "x" : 24.627554,
      "y" : -24.6928,
      "z" : -24.798374
    } ],
    "faces" : [ {
      "vertices" : [ 0, 1, 2 ]
    }, {
      "vertices" : [ 0, 2, 3 ]
    }, {
      "vertices" : [ 0, 3, 2 ]
    }, {
      "vertices" : [ 0, 2, 1 ]
    } ]
  }, {
    "id" : "237c509c-e585-4983-827f-adf6e71a19ed",
    "vertices" : [ {
      "x" : -20.456734,
      "y" : 17.944271,
      "z" : -35.717724
    }, {
      "x" : -27.310835,
      "y" : 6.854102,
      "z" : -39.953793
    }, {
      "x" : -27.310835,
      "y" : 0.0,
      "z" : -44.189857
    }, {
      "x" : -20.456734,
      "y" : 11.09017,
      "z" : -39.953793
    } ],
    "faces" : [ {
      "vertices" : [ 0, 1, 2 ]
    }, {
      "vertices" : [ 0, 2, 3 ]
    }, {
      "vertices" : [ 0, 3, 2 ]
    }, {
      "vertices" : [ 0, 2, 1 ]
    } ]
  }, {
    "id" : "3bd9645d-85ec-4b54-a6fc-7919d00778a7",
    "vertices" : [ {
      "x" : 39.953793,
      "y" : -0.10557281,
      "z" : 15.326238
    }, {
      "x" : 39.953793,
      "y" : 13.602632,
      "z" : 15.326238
    }, {
      "x" : 44.189857,
      "y" : 20.456734,
      "z" : 4.236068
    }, {
      "x" : 44.189857,
      "y" : 6.748529,
      "z" : 4.236068
    } ],
    "faces" : [ {
      "vertices" : [ 0, 1, 2 ]
    }, {
      "vertices" : [ 0, 2, 3 ]
    }, {
      "vertices" : [ 0, 3, 2 ]
    }, {
      "vertices" : [ 0, 2, 1 ]
    } ]
  }, {
    "id" : "074df3e5-4a36-4391-b690-37edda9dba71",
    "vertices" : [ {
      "x" : 11.09017,
      "y" : -39.953793,
      "z" : 6.959675
    }, {
      "x" : 15.326238,
      "y" : -39.953793,
      "z" : 0.10557281
    }, {
      "x" : 4.236068,
      "y" : -44.189857,
      "z" : -6.748529
    }, {
      "x" : 0.0,
      "y" : -44.189857,
      "z" : 0.10557281
    } ],
    "faces" : [ {
      "vertices" : [ 0, 1, 2 ]
    }, {
      "vertices" : [ 0, 2, 3 ]
    }, {
      "vertices" : [ 0, 3, 2 ]
    }, {
      "vertices" : [ 0, 2, 1 ]
    } ]
  }, {
    "id" : "41cc4f96-bce6-428b-972c-9f5662bebac7",
    "vertices" : [ {
      "x" : -6.748529,
      "y" : -4.236068,
      "z" : -44.189857
    }, {
      "x" : -13.602632,
      "y" : 0.0,
      "z" : -44.189857
    }, {
      "x" : -27.310835,
      "y" : 0.0,
      "z" : -44.189857
    }, {
      "x" : -20.456734,
      "y" : -4.236068,
      "z" : -44.189857
    } ],
    "faces" : [ {
      "vertices" : [ 0, 1, 2 ]
    }, {
      "vertices" : [ 0, 2, 3 ]
    }, {
      "vertices" : [ 0, 3, 2 ]
    }, {
      "vertices" : [ 0, 2, 1 ]
    } ]
  }, {
    "id" : "f3509064-351f-4897-90be-ded7a102d4fd",
    "vertices" : [ {
      "x" : 0.0,
      "y" : 15.155417,
      "z" : 40.01904
    }, {
      "x" : -6.854102,
      "y" : 26.245588,
      "z" : 35.78297
    }, {
      "x" : 0.0,
      "y" : 37.33576,
      "z" : 31.546904
    }, {
      "x" : 6.854102,
      "y" : 26.245588,
      "z" : 35.78297
    } ],
    "faces" : [ {
      "vertices" : [ 0, 1, 2 ]
    }, {
      "vertices" : [ 0, 2, 3 ]
    }, {
      "vertices" : [ 0, 3, 2 ]
    }, {
      "vertices" : [ 0, 2, 1 ]
    } ]
  }, {
    "id" : "fc16af8b-07d2-4652-9bcb-f9d3f1388482",
    "vertices" : [ {
      "x" : -15.326238,
      "y" : 39.953793,
      "z" : 0.10557281
    }, {
      "x" : -15.326238,
      "y" : 39.953793,
      "z" : -13.602632
    }, {
      "x" : -4.236068,
      "y" : 44.189857,
      "z" : -20.456734
    }, {
      "x" : -4.236068,
      "y" : 44.189857,
      "z" : -6.748529
    } ],
    "faces" : [ {
      "vertices" : [ 0, 1, 2 ]
    }, {
      "vertices" : [ 0, 2, 3 ]
    }, {
      "vertices" : [ 0, 3, 2 ]
    }, {
      "vertices" : [ 0, 2, 1 ]
    } ]
  }, {
    "id" : "7a231905-f970-4548-8728-60ee8c582dc1",
    "vertices" : [ {
      "x" : 35.78297,
      "y" : -13.708204,
      "z" : 22.00952
    }, {
      "x" : 31.546904,
      "y" : -13.708204,
      "z" : 28.86362
    }, {
      "x" : 31.546904,
      "y" : -6.854102,
      "z" : 33.09969
    }, {
      "x" : 35.78297,
      "y" : -6.854102,
      "z" : 26.245588
    } ],
    "faces" : [ {
      "vertices" : [ 0, 1, 2 ]
    }, {
      "vertices" : [ 0, 2, 3 ]
    }, {
      "vertices" : [ 0, 3, 2 ]
    }, {
      "vertices" : [ 0, 2, 1 ]
    } ]
  }, {
    "id" : "a0f95637-dbc2-491d-bb36-5954e21f5789",
    "vertices" : [ {
      "x" : 35.717724,
      "y" : -0.10557281,
      "z" : 22.18034
    }, {
      "x" : 35.717724,
      "y" : 13.602632,
      "z" : 22.18034
    }, {
      "x" : 39.953793,
      "y" : 13.602632,
      "z" : 15.326238
    }, {
      "x" : 39.953793,
      "y" : -0.10557281,
      "z" : 15.326238
    } ],
    "faces" : [ {
      "vertices" : [ 0, 1, 2 ]
    }, {
      "vertices" : [ 0, 2, 3 ]
    }, {
      "vertices" : [ 0, 3, 2 ]
    }, {
      "vertices" : [ 0, 2, 1 ]
    } ]
  }, {
    "id" : "25b71cd0-8f24-47e8-a22e-b3a9543607b5",
    "vertices" : [ {
      "x" : -39.953793,
      "y" : -0.10557281,
      "z" : -15.326238
    }, {
      "x" : -39.953793,
      "y" : 13.602632,
      "z" : -15.326238
    }, {
      "x" : -44.189857,
      "y" : 20.456734,
      "z" : -4.236068
    }, {
      "x" : -44.189857,
      "y" : 6.748529,
      "z" : -4.236068
    } ],
    "faces" : [ {
      "vertices" : [ 0, 1, 2 ]
    }, {
      "vertices" : [ 0, 2, 3 ]
    }, {
      "vertices" : [ 0, 3, 2 ]
    }, {
      "vertices" : [ 0, 2, 1 ]
    } ]
  }, {
    "id" : "d628cdfc-7c73-4274-8b84-353fe38be91d",
    "vertices" : [ {
      "x" : 35.78297,
      "y" : 13.708204,
      "z" : -22.00952
    }, {
      "x" : 31.546904,
      "y" : 13.708204,
      "z" : -28.86362
    }, {
      "x" : 31.546904,
      "y" : 6.854102,
      "z" : -33.09969
    }, {
      "x" : 35.78297,
      "y" : 6.854102,
      "z" : -26.245588
    } ],
    "faces" : [ {
      "vertices" : [ 0, 1, 2 ]
    }, {
      "vertices" : [ 0, 2, 3 ]
    }, {
      "vertices" : [ 0, 3, 2 ]
    }, {
      "vertices" : [ 0, 2, 1 ]
    } ]
  }, {
    "id" : "302ccfec-de5c-4345-b9de-9f820d94640c",
    "vertices" : [ {
      "x" : 15.326238,
      "y" : 39.953793,
      "z" : 0.10557281
    }, {
      "x" : 4.236068,
      "y" : 44.189857,
      "z" : -6.748529
    }, {
      "x" : 4.236068,
      "y" : 44.189857,
      "z" : -20.456734
    }, {
      "x" : 15.326238,
      "y" : 39.953793,
      "z" : -13.602632
    } ],
    "faces" : [ {
      "vertices" : [ 0, 1, 2 ]
    }, {
      "vertices" : [ 0, 2, 3 ]
    }, {
      "vertices" : [ 0, 3, 2 ]
    }, {
      "vertices" : [ 0, 2, 1 ]
    } ]
  }, {
    "id" : "f78cba1b-82b8-4f49-9ed5-174edb55a76d",
    "vertices" : [ {
      "x" : -24.627554,
      "y" : -17.8387,
      "z" : 29.034441
    }, {
      "x" : -24.627554,
      "y" : -24.6928,
      "z" : 24.798374
    }, {
      "x" : -35.717724,
      "y" : -20.456734,
      "z" : 17.944271
    }, {
      "x" : -35.717724,
      "y" : -13.602632,
      "z" : 22.18034
    } ],
    "faces" : [ {
      "vertices" : [ 0, 1, 2 ]
    }, {
      "vertices" : [ 0, 2, 3 ]
    }, {
      "vertices" : [ 0, 3, 2 ]
    }, {
      "vertices" : [ 0, 2, 1 ]
    } ]
  }, {
    "id" : "174aeb53-6502-4187-95ae-d07c6aae6bd4",
    "vertices" : [ {
      "x" : -24.6928,
      "y" : 24.798374,
      "z" : 24.627554
    }, {
      "x" : -20.456734,
      "y" : 17.944271,
      "z" : 35.717724
    }, {
      "x" : -27.310835,
      "y" : 6.854102,
      "z" : 39.953793
    }, {
      "x" : -31.546904,
      "y" : 13.708204,
      "z" : 28.86362
    } ],
    "faces" : [ {
      "vertices" : [ 0, 1, 2 ]
    }, {
      "vertices" : [ 0, 2, 3 ]
    }, {
      "vertices" : [ 0, 3, 2 ]
    }, {
      "vertices" : [ 0, 2, 1 ]
    } ]
  }, {
    "id" : "73b2fffc-2977-4066-8ddb-a722afc8c72a",
    "vertices" : [ {
      "x" : 0.0,
      "y" : 44.189857,
      "z" : 0.10557281
    }, {
      "x" : -4.236068,
      "y" : 44.189857,
      "z" : -6.748529
    }, {
      "x" : 0.0,
      "y" : 44.189857,
      "z" : -13.602632
    }, {
      "x" : 4.236068,
      "y" : 44.189857,
      "z" : -6.748529
    } ],
    "faces" : [ {
      "vertices" : [ 0, 1, 2 ]
    }, {
      "vertices" : [ 0, 2, 3 ]
    }, {
      "vertices" : [ 0, 3, 2 ]
    }, {
      "vertices" : [ 0, 2, 1 ]
    } ]
  }, {
    "id" : "21503c74-6ed5-4be3-bb71-99614f4ef01e",
    "vertices" : [ {
      "x" : -13.708204,
      "y" : 22.00952,
      "z" : 35.78297
    }, {
      "x" : -13.708204,
      "y" : 28.86362,
      "z" : 31.546904
    }, {
      "x" : -6.854102,
      "y" : 33.09969,
      "z" : 31.546904
    }, {
      "x" : -6.854102,
      "y" : 26.245588,
      "z" : 35.78297
    } ],
    "faces" : [ {
      "vertices" : [ 0, 1, 2 ]
    }, {
      "vertices" : [ 0, 2, 3 ]
    }, {
      "vertices" : [ 0, 3, 2 ]
    }, {
      "vertices" : [ 0, 2, 1 ]
    } ]
  }, {
    "id" : "1cfc85b8-1023-4b35-bf11-1c51bd569790",
    "vertices" : [ {
      "x" : 39.953793,
      "y" : 6.959675,
      "z" : -11.09017
    }, {
      "x" : 39.953793,
      "y" : 0.10557281,
      "z" : -15.326238
    }, {
      "x" : 44.189857,
      "y" : -6.748529,
      "z" : -4.236068
    }, {
      "x" : 44.189857,
      "y" : 0.10557281,
      "z" : 0.0
    } ],
    "faces" : [ {
      "vertices" : [ 0, 1, 2 ]
    }, {
      "vertices" : [ 0, 2, 3 ]
    }, {
