{
  "polygons" : "true",
  "field" : "golden",
  "symmetry" : "icosahedral",
  "orientations" : [ [ 1.0, 0.0, 0.0, 0.0, 0.0, 1.0, 0.0, 0.0, 0.0, 0.0, 1.0, 0.0, 0.0, 0.0, 0.0, 1.0 ], [ 0.0, 0.0, 1.0, 0.0, 1.0, 0.0, 0.0, 0.0, 0.0, 1.0, 0.0, 0.0, 0.0, 0.0, 0.0, 1.0 ], [ 0.0, 1.0, 0.0, 0.0, 0.0, 0.0, 1.0, 0.0, 1.0, 0.0, 0.0, 0.0, 0.0, 0.0, 0.0, 1.0 ], [ 0.809017, 0.309017, 0.5, 0.0, 0.309017, 0.5, -0.809017, 0.0, -0.5, 0.809017, 0.309017, 0.0, 0.0, 0.0, 0.0, 1.0 ], [ -0.5, 0.809017, 0.309017, 0.0, 0.809017, 0.309017, 0.5, 0.0, 0.309017, 0.5, -0.809017, 0.0, 0.0, 0.0, 0.0, 1.0 ], [ 0.309017, 0.5, -0.809017, 0.0, -0.5, 0.809017, 0.309017, 0.0, 0.809017, 0.309017, 0.5, 0.0, 0.0, 0.0, 0.0, 1.0 ], [ 0.5, 0.809017, 0.309017, 0.0, 0.809017, -0.309017, -0.5, 0.0, -0.309017, 0.5, -0.809017, 0.0, 0.0, 0.0, 0.0, 1.0 ], [ -0.309017, 0.5, -0.809017, 0.0, 0.5, 0.809017, 0.309017, 0.0, 0.809017, -0.309017, -0.5, 0.0, 0.0, 0.0, 0.0, 1.0 ], [ 0.809017, -0.309017, -0.5, 0.0, -0.309017, 0.5, -0.809017, 0.0, 0.5, 0.809017, 0.309017, 0.0, 0.0, 0.0, 0.0, 1.0 ], [ 0.5, 0.809017, -0.309017, 0.0, 0.809017, -0.309017, 0.5, 0.0, 0.309017, -0.5, -0.809017, 0.0, 0.0, 0.0, 0.0, 1.0 ], [ 0.309017, -0.5, -0.809017, 0.0, 0.5, 0.809017, -0.309017, 0.0, 0.809017, -0.309017, 0.5, 0.0, 0.0, 0.0, 0.0, 1.0 ], [ 0.809017, -0.309017, 0.5, 0.0, 0.309017, -0.5, -0.809017, 0.0, 0.5, 0.809017, -0.309017, 0.0, 0.0, 0.0, 0.0, 1.0 ], [ 0.809017, 0.309017, -0.5, 0.0, 0.309017, 0.5, 0.809017, 0.0, 0.5, -0.809017, 0.309017, 0.0, 0.0, 0.0, 0.0, 1.0 ], [ 0.5, -0.809017, 0.309017, 0.0, 0.809017, 0.309017, -0.5, 0.0, 0.309017, 0.5, 0.809017, 0.0, 0.0, 0.0, 0.0, 1.0 ], [ 0.309017, 0.5, 0.809017, 0.0, 0.5, -0.809017, 0.309017, 0.0, 0.809017, 0.309017, -0.5, 0.0, 0.0, 0.0, 0.0, 1.0 ], [ 1.0, 0.0, 0.0, 0.0, 0.0, -1.0, 0.0, 0.0, 0.0, 0.0, -1.0, 0.0, 0.0, 0.0, 0.0, 1.0 ], [ 0.0, 0.0, 1.0, 0.0, -1.0, 0.0, 0.0, 0.0, 0.0, -1.0, 0.0, 0.0, 0.0, 0.0, 0.0, 1.0 ], [ 0.0, 1.0, 0.0, 0.0, 0.0, 0.0, -1.0, 0.0, -1.0, 0.0, 0.0, 0.0, 0.0, 0.0, 0.0, 1.0 ], [ 0.809017, 0.309017, 0.5, 0.0, -0.309017, -0.5, 0.809017, 0.0, 0.5, -0.809017, -0.309017, 0.0, 0.0, 0.0, 0.0, 1.0 ], [ -0.5, 0.809017, 0.309017, 0.0, -0.809017, -0.309017, -0.5, 0.0, -0.309017, -0.5, 0.809017, 0.0, 0.0, 0.0, 0.0, 1.0 ], [ 0.309017, 0.5, -0.809017, 0.0, 0.5, -0.809017, -0.309017, 0.0, -0.809017, -0.309017, -0.5, 0.0, 0.0, 0.0, 0.0, 1.0 ], [ 0.5, 0.809017, 0.309017, 0.0, -0.809017, 0.309017, 0.5, 0.0, 0.309017, -0.5, 0.809017, 0.0, 0.0, 0.0, 0.0, 1.0 ], [ -0.309017, 0.5, -0.809017, 0.0, -0.5, -0.809017, -0.309017, 0.0, -0.809017, 0.309017, 0.5, 0.0, 0.0, 0.0, 0.0, 1.0 ], [ 0.809017, -0.309017, -0.5, 0.0, 0.309017, -0.5, 0.809017, 0.0, -0.5, -0.809017, -0.309017, 0.0, 0.0, 0.0, 0.0, 1.0 ], [ 0.5, 0.809017, -0.309017, 0.0, -0.809017, 0.309017, -0.5, 0.0, -0.309017, 0.5, 0.809017, 0.0, 0.0, 0.0, 0.0, 1.0 ], [ 0.309017, -0.5, -0.809017, 0.0, -0.5, -0.809017, 0.309017, 0.0, -0.809017, 0.309017, -0.5, 0.0, 0.0, 0.0, 0.0, 1.0 ], [ 0.809017, -0.309017, 0.5, 0.0, -0.309017, 0.5, 0.809017, 0.0, -0.5, -0.809017, 0.309017, 0.0, 0.0, 0.0, 0.0, 1.0 ], [ 0.809017, 0.309017, -0.5, 0.0, -0.309017, -0.5, -0.809017, 0.0, -0.5, 0.809017, -0.309017, 0.0, 0.0, 0.0, 0.0, 1.0 ], [ 0.5, -0.809017, 0.309017, 0.0, -0.809017, -0.309017, 0.5, 0.0, -0.309017, -0.5, -0.809017, 0.0, 0.0, 0.0, 0.0, 1.0 ], [ 0.309017, 0.5, 0.809017, 0.0, -0.5, 0.809017, -0.309017, 0.0, -0.809017, -0.309017, 0.5, 0.0, 0.0, 0.0, 0.0, 1.0 ], [ -1.0, 0.0, 0.0, 0.0, 0.0, -1.0, 0.0, 0.0, 0.0, 0.0, 1.0, 0.0, 0.0, 0.0, 0.0, 1.0 ], [ 0.0, 0.0, -1.0, 0.0, -1.0, 0.0, 0.0, 0.0, 0.0, 1.0, 0.0, 0.0, 0.0, 0.0, 0.0, 1.0 ], [ 0.0, -1.0, 0.0, 0.0, 0.0, 0.0, -1.0, 0.0, 1.0, 0.0, 0.0, 0.0, 0.0, 0.0, 0.0, 1.0 ], [ -0.809017, -0.309017, -0.5, 0.0, -0.309017, -0.5, 0.809017, 0.0, -0.5, 0.809017, 0.309017, 0.0, 0.0, 0.0, 0.0, 1.0 ], [ 0.5, -0.809017, -0.309017, 0.0, -0.809017, -0.309017, -0.5, 0.0, 0.309017, 0.5, -0.809017, 0.0, 0.0, 0.0, 0.0, 1.0 ], [ -0.309017, -0.5, 0.809017, 0.0, 0.5, -0.809017, -0.309017, 0.0, 0.809017, 0.309017, 0.5, 0.0, 0.0, 0.0, 0.0, 1.0 ], [ -0.5, -0.809017, -0.309017, 0.0, -0.809017, 0.309017, 0.5, 0.0, -0.309017, 0.5, -0.809017, 0.0, 0.0, 0.0, 0.0, 1.0 ], [ 0.309017, -0.5, 0.809017, 0.0, -0.5, -0.809017, -0.309017, 0.0, 0.809017, -0.309017, -0.5, 0.0, 0.0, 0.0, 0.0, 1.0 ], [ -0.809017, 0.309017, 0.5, 0.0, 0.309017, -0.5, 0.809017, 0.0, 0.5, 0.809017, 0.309017, 0.0, 0.0, 0.0, 0.0, 1.0 ], [ -0.5, -0.809017, 0.309017, 0.0, -0.809017, 0.309017, -0.5, 0.0, 0.309017, -0.5, -0.809017, 0.0, 0.0, 0.0, 0.0, 1.0 ], [ -0.309017, 0.5, 0.809017, 0.0, -0.5, -0.809017, 0.309017, 0.0, 0.809017, -0.309017, 0.5, 0.0, 0.0, 0.0, 0.0, 1.0 ], [ -0.809017, 0.309017, -0.5, 0.0, -0.309017, 0.5, 0.809017, 0.0, 0.5, 0.809017, -0.309017, 0.0, 0.0, 0.0, 0.0, 1.0 ], [ -0.809017, -0.309017, 0.5, 0.0, -0.309017, -0.5, -0.809017, 0.0, 0.5, -0.809017, 0.309017, 0.0, 0.0, 0.0, 0.0, 1.0 ], [ -0.5, 0.809017, -0.309017, 0.0, -0.809017, -0.309017, 0.5, 0.0, 0.309017, 0.5, 0.809017, 0.0, 0.0, 0.0, 0.0, 1.0 ], [ -0.309017, -0.5, -0.809017, 0.0, -0.5, 0.809017, -0.309017, 0.0, 0.809017, 0.309017, -0.5, 0.0, 0.0, 0.0, 0.0, 1.0 ], [ -1.0, 0.0, 0.0, 0.0, 0.0, 1.0, 0.0, 0.0, 0.0, 0.0, -1.0, 0.0, 0.0, 0.0, 0.0, 1.0 ], [ 0.0, 0.0, -1.0, 0.0, 1.0, 0.0, 0.0, 0.0, 0.0, -1.0, 0.0, 0.0, 0.0, 0.0, 0.0, 1.0 ], [ 0.0, -1.0, 0.0, 0.0, 0.0, 0.0, 1.0, 0.0, -1.0, 0.0, 0.0, 0.0, 0.0, 0.0, 0.0, 1.0 ], [ -0.809017, -0.309017, -0.5, 0.0, 0.309017, 0.5, -0.809017, 0.0, 0.5, -0.809017, -0.309017, 0.0, 0.0, 0.0, 0.0, 1.0 ], [ 0.5, -0.809017, -0.309017, 0.0, 0.809017, 0.309017, 0.5, 0.0, -0.309017, -0.5, 0.809017, 0.0, 0.0, 0.0, 0.0, 1.0 ], [ -0.309017, -0.5, 0.809017, 0.0, -0.5, 0.809017, 0.309017, 0.0, -0.809017, -0.309017, -0.5, 0.0, 0.0, 0.0, 0.0, 1.0 ], [ -0.5, -0.809017, -0.309017, 0.0, 0.809017, -0.309017, -0.5, 0.0, 0.309017, -0.5, 0.809017, 0.0, 0.0, 0.0, 0.0, 1.0 ], [ 0.309017, -0.5, 0.809017, 0.0, 0.5, 0.809017, 0.309017, 0.0, -0.809017, 0.309017, 0.5, 0.0, 0.0, 0.0, 0.0, 1.0 ], [ -0.809017, 0.309017, 0.5, 0.0, -0.309017, 0.5, -0.809017, 0.0, -0.5, -0.809017, -0.309017, 0.0, 0.0, 0.0, 0.0, 1.0 ], [ -0.5, -0.809017, 0.309017, 0.0, 0.809017, -0.309017, 0.5, 0.0, -0.309017, 0.5, 0.809017, 0.0, 0.0, 0.0, 0.0, 1.0 ], [ -0.309017, 0.5, 0.809017, 0.0, 0.5, 0.809017, -0.309017, 0.0, -0.809017, 0.309017, -0.5, 0.0, 0.0, 0.0, 0.0, 1.0 ], [ -0.809017, 0.309017, -0.5, 0.0, 0.309017, -0.5, -0.809017, 0.0, -0.5, -0.809017, 0.309017, 0.0, 0.0, 0.0, 0.0, 1.0 ], [ -0.809017, -0.309017, 0.5, 0.0, 0.309017, 0.5, 0.809017, 0.0, -0.5, 0.809017, -0.309017, 0.0, 0.0, 0.0, 0.0, 1.0 ], [ -0.5, 0.809017, -0.309017, 0.0, 0.809017, 0.309017, -0.5, 0.0, -0.309017, -0.5, -0.809017, 0.0, 0.0, 0.0, 0.0, 1.0 ], [ -0.309017, -0.5, -0.809017, 0.0, 0.5, -0.809017, 0.309017, 0.0, -0.809017, -0.309017, 0.5, 0.0, 0.0, 0.0, 0.0, 1.0 ] ],
  "lights" : {
    "ambientColor" : "#292929",
    "backgroundColor" : "#AFC8DC",
    "directionalLights" : [ {
      "direction" : [ 1.0, -1.0, -1.0 ],
      "color" : "#EBEBE4"
    }, {
      "direction" : [ -1.0, 0.0, 0.0 ],
      "color" : "#E4E4EB"
    }, {
      "direction" : [ 0.0, 0.0, -1.0 ],
      "color" : "#1E1E1E"
    } ]
  },
  "camera" : {
    "width" : 70.13161,
    "perspective" : true,
    "lookAtPoint" : {
      "x" : 0.0,
      "y" : 0.0,
      "z" : 0.0
    },
    "upDirection" : {
      "x" : -0.05568434,
      "y" : 0.37291488,
      "z" : 0.92618835
    },
    "stereo" : false,
    "fieldOfView" : 0.44262967,
    "lookDirection" : {
      "x" : 0.7849854,
      "y" : 0.5895879,
      "z" : -0.19019705
    },
    "nearClipDistance" : 0.3896198,
    "farClipDistance" : 311.69464,
    "viewDistance" : 155.84773,
    "lookAtPointRV" : {
      "x" : 0.0,
      "y" : 0.0,
      "z" : 0.0,
      "zero" : true
    },
    "lookDirectionRV" : {
      "x" : 0.7849854,
      "y" : 0.5895879,
      "z" : -0.19019705,
      "zero" : false
    },
    "upDirectionRV" : {
      "x" : -0.05568434,
      "y" : 0.37291488,
      "z" : 0.92618835,
      "zero" : false
    },
    "position" : {
      "x" : -122.338196,
      "y" : -91.88594,
      "z" : 29.641779
    }
  },
  "embedding" : [ 1.0, 0.0, 0.0, 0.0, 0.0, 1.0, 0.0, 0.0, 0.0, 0.0, 1.0, 0.0, 0.0, 0.0, 0.0, 1.0 ],
  "shapes" : [ {
    "id" : "943fe2dc-5c48-4ea0-91c6-44daba0629ec",
    "name" : "ball",
    "vertices" : [ {
      "x" : 0.309017,
      "y" : -0.309017,
      "z" : -0.309017
    }, {
      "x" : 0.5,
      "y" : 0.0,
      "z" : -0.19098301
    }, {
      "x" : 0.5,
      "y" : 0.0,
      "z" : 0.19098301
    }, {
      "x" : 0.309017,
      "y" : -0.309017,
      "z" : 0.309017
    }, {
      "x" : 0.19098301,
      "y" : -0.5,
      "z" : 0.0
    }, {
      "x" : 0.0,
      "y" : 0.19098301,
      "z" : 0.5
    }, {
      "x" : 0.0,
      "y" : -0.19098301,
      "z" : 0.5
    }, {
      "x" : 0.309017,
      "y" : 0.309017,
      "z" : 0.309017
    }, {
      "x" : -0.309017,
      "y" : -0.309017,
      "z" : 0.309017
    }, {
      "x" : -0.309017,
      "y" : 0.309017,
      "z" : 0.309017
    }, {
      "x" : -0.5,
      "y" : 0.0,
      "z" : 0.19098301
    }, {
      "x" : 0.0,
      "y" : -0.19098301,
      "z" : -0.5
    }, {
      "x" : 0.0,
      "y" : 0.19098301,
      "z" : -0.5
    }, {
      "x" : 0.309017,
      "y" : 0.309017,
      "z" : -0.309017
    }, {
      "x" : -0.309017,
      "y" : -0.309017,
      "z" : -0.309017
    }, {
      "x" : -0.19098301,
      "y" : -0.5,
      "z" : 0.0
    }, {
      "x" : -0.5,
      "y" : 0.0,
      "z" : -0.19098301
    }, {
      "x" : 0.19098301,
      "y" : 0.5,
      "z" : 0.0
    }, {
      "x" : -0.309017,
      "y" : 0.309017,
      "z" : -0.309017
    }, {
      "x" : 0.0,
      "y" : 0.0,
      "z" : 0.0
    }, {
      "x" : -0.19098301,
      "y" : 0.5,
      "z" : 0.0
    } ],
    "faces" : [ {
      "vertices" : [ 12, 18, 20, 17, 13 ]
    }, {
      "vertices" : [ 3, 6, 8, 15, 4 ]
    }, {
      "vertices" : [ 0, 11, 12, 13, 1 ]
    }, {
      "vertices" : [ 5, 9, 10, 8, 6 ]
    }, {
      "vertices" : [ 2, 7, 5, 6, 3 ]
    }, {
      "vertices" : [ 11, 14, 16, 18, 12 ]
    }, {
      "vertices" : [ 1, 13, 17, 7, 2 ]
    }, {
      "vertices" : [ 9, 20, 18, 16, 10 ]
    }, {
      "vertices" : [ 0, 1, 2, 3, 4 ]
    }, {
      "vertices" : [ 5, 7, 17, 20, 9 ]
    }, {
      "vertices" : [ 0, 4, 15, 14, 11 ]
    }, {
      "vertices" : [ 8, 10, 16, 14, 15 ]
    } ]
  }, {
    "id" : "770d1741-7aef-48e5-bcaa-ff876938c24f",
    "orbit" : "yellow",
    "orbitC" : "[[0,0,1],[2,-1,1]]",
    "length" : "[\"1\",\"0\",\"1\"]",
    "name" : "y1",
    "vertices" : [ {
      "x" : 6.854102,
      "y" : 0.0,
      "z" : -2.618034
    }, {
      "x" : 6.545085,
      "y" : 0.0,
      "z" : -2.5
    }, {
      "x" : 6.1405764,
      "y" : -0.1545085,
      "z" : -2.059017
    }, {
      "x" : 5.9495935,
      "y" : -0.1545085,
      "z" : -2.559017
    }, {
      "x" : 0.9045085,
      "y" : -0.1545085,
      "z" : -0.059016995
    }, {
      "x" : 0.809017,
      "y" : 0.309017,
      "z" : -0.309017
    }, {
      "x" : 0.309017,
      "y" : 0.0,
      "z" : -0.11803399
    }, {
      "x" : 6.045085,
      "y" : 0.309017,
      "z" : -2.309017
    }, {
      "x" : 0.7135255,
      "y" : -0.1545085,
      "z" : -0.559017
    } ],
    "faces" : [ {
      "vertices" : [ 2, 4, 8, 3 ]
    }, {
      "vertices" : [ 2, 7, 5, 4 ]
    }, {
      "vertices" : [ 4, 6, 8 ]
    }, {
      "vertices" : [ 5, 8, 6 ]
    }, {
      "vertices" : [ 1, 2, 3 ]
    }, {
      "vertices" : [ 3, 8, 5, 7 ]
    }, {
      "vertices" : [ 1, 7, 2 ]
    }, {
      "vertices" : [ 1, 3, 7 ]
    }, {
      "vertices" : [ 4, 5, 6 ]
    } ]
  }, {
    "id" : "1834d216-c791-4e96-b1c6-b1d9bf054beb",
    "vertices" : [ {
      "x" : 0.0,
      "y" : 0.0,
      "z" : 0.0
    }, {
      "x" : -9.472136,
      "y" : -4.236068,
      "z" : 9.472136
    }, {
      "x" : -13.708204,
      "y" : 1.745356,
      "z" : 9.8054695
    }, {
      "x" : -11.09017,
      "y" : 6.854102,
      "z" : 5.236068
    } ],
    "faces" : [ {
      "vertices" : [ 0, 1, 2, 3 ]
    }, {
      "vertices" : [ 0, 3, 2, 1 ]
    } ]
  }, {
    "id" : "335cda8b-9f55-4f37-8a53-dbfdc7b3745f",
    "orbit" : "green",
    "orbitC" : "[[2,-1,1],[5,-3,1]]",
    "length" : "[\"1\",\"0\",\"1\"]",
    "name" : "g1",
    "vertices" : [ {
      "x" : 10.781153,
      "y" : 4.118034,
      "z" : -1.572949
    }, {
      "x" : 10.399187,
      "y" : 3.663119,
      "z" : -1.381966
    }, {
      "x" : 10.236068,
      "y" : 3.927051,
      "z" : -1.809017
    }, {
      "x" : 10.163119,
      "y" : 4.190983,
      "z" : -1.618034
    }, {
      "x" : 0.85410196,
      "y" : 0.309017,
      "z" : 0.19098301
    }, {
      "x" : 0.690983,
      "y" : 0.572949,
      "z" : -0.23606798
    }, {
      "x" : 0.309017,
      "y" : 0.11803399,
      "z" : -0.045084972
    }, {
      "x" : 0.76393205,
      "y" : 0.309017,
      "z" : -0.42705098
    }, {
      "x" : 0.927051,
      "y" : 0.045084972,
      "z" : 0.0
    }, {
      "x" : 10.326238,
      "y" : 3.927051,
      "z" : -1.190983
    }, {
      "x" : 11.09017,
      "y" : 4.236068,
      "z" : -1.618034
    } ],
    "faces" : [ {
      "vertices" : [ 2, 7, 5, 3 ]
    }, {
      "vertices" : [ 1, 8, 7, 2 ]
    }, {
      "vertices" : [ 4, 6, 8 ]
    }, {
      "vertices" : [ 5, 7, 6 ]
    }, {
      "vertices" : [ 0, 1, 2 ]
    }, {
      "vertices" : [ 0, 2, 3 ]
    }, {
      "vertices" : [ 6, 7, 8 ]
    }, {
      "vertices" : [ 3, 5, 4, 9 ]
    }, {
      "vertices" : [ 1, 9, 4, 8 ]
    }, {
      "vertices" : [ 0, 9, 1 ]
    }, {
      "vertices" : [ 0, 3, 9 ]
    }, {
      "vertices" : [ 4, 5, 6 ]
    } ]
  }, {
    "id" : "0a53d3f6-bf35-43a6-8f29-e3d8edc1be89",
    "orbit" : "turquoise",
    "orbitC" : "[[2,-1,2],[-3,2,2]]",
    "length" : "[\"0\",\"9\",\"11\"]",
    "name" : " :9/11*phi",
    "vertices" : [ {
      "x" : 1.236068,
      "y" : 0.54508495,
      "z" : 0.33688104
    }, {
      "x" : 1.236068,
      "y" : -0.072949015,
      "z" : 0.33688104
    }, {
      "x" : 9.979735,
      "y" : 1.5969428,
      "z" : 1.3689309
    }, {
      "x" : 9.979735,
      "y" : 2.2149768,
      "z" : 1.3689309
    }, {
      "x" : 11.215803,
      "y" : 2.1420279,
      "z" : 1.323846
    }, {
      "x" : 0.295686,
      "y" : 0.056471,
      "z" : 0.034900997
    }, {
      "x" : 1.236068,
      "y" : 0.54508495,
      "z" : -0.045084972
    }, {
      "x" : 9.979735,
      "y" : 1.5969428,
      "z" : 0.98696494
    }, {
      "x" : 1.236068,
      "y" : -0.072949015,
      "z" : -0.045084972
    }, {
      "x" : 9.979735,
      "y" : 2.2149768,
      "z" : 0.98696494
    }, {
      "x" : 10.920117,
      "y" : 2.0855567,
      "z" : 1.288945
    } ],
    "faces" : [ {
      "vertices" : [ 1, 8, 7, 2 ]
    }, {
      "vertices" : [ 0, 3, 9, 6 ]
    }, {
      "vertices" : [ 2, 7, 10 ]
    }, {
      "vertices" : [ 5, 6, 8 ]
    }, {
      "vertices" : [ 0, 1, 2, 3 ]
    }, {
      "vertices" : [ 0, 5, 1 ]
    }, {
      "vertices" : [ 3, 10, 9 ]
    }, {
      "vertices" : [ 7, 9, 10 ]
    }, {
      "vertices" : [ 0, 6, 5 ]
    }, {
      "vertices" : [ 6, 9, 7, 8 ]
    }, {
      "vertices" : [ 1, 5, 8 ]
    }, {
      "vertices" : [ 2, 10, 3 ]
    } ]
  }, {
    "id" : "af7facea-ccc5-4c9d-bdbb-5dac002cbb68",
    "orbit" : "25543",
    "orbitC" : "[[1,0,5],[1,0,5]]",
    "length" : "[\"1\",\"2\",\"4\"]",
    "name" : " :1/4 +1/2*phi",
    "vertices" : [ {
      "x" : 3.6445825,
      "y" : -5.495304,
      "z" : -0.43586093
    }, {
      "x" : 3.7445824,
      "y" : -5.595304,
      "z" : -0.035860937
    }, {
      "x" : 0.5914855,
      "y" : -0.48611975,
      "z" : 0.1025276
    }, {
      "x" : 0.4914855,
      "y" : -0.38611972,
      "z" : -0.2974724
    }, {
      "x" : 4.0445824,
      "y" : -5.361971,
      "z" : -0.16919427
    }, {
      "x" : 3.9445825,
      "y" : -5.261971,
      "z" : -0.56919426
    }, {
      "x" : 0.19148551,
      "y" : -0.6194531,
      "z" : -0.16413906
    }, {
      "x" : 0.29148552,
      "y" : -0.7194531,
      "z" : 0.23586093
    } ],
    "faces" : [ {
      "vertices" : [ 2, 3, 6, 7 ]
    }, {
      "vertices" : [ 0, 5, 4, 1 ]
    }, {
      "vertices" : [ 2, 4, 5, 3 ]
    }, {
      "vertices" : [ 0, 6, 3, 5 ]
    }, {
      "vertices" : [ 0, 1, 7, 6 ]
    }, {
      "vertices" : [ 1, 4, 2, 7 ]
    } ]
  }, {
    "id" : "5b7abc01-c8f3-4415-af86-5edb63f9c49b",
    "orbit" : "25542",
    "orbitC" : "[[6,-3,5],[-7,5,5]]",
    "length" : "[\"0\",\"1\",\"1\"]",
    "name" : "medium",
    "vertices" : [ {
      "x" : 6.3801556,
      "y" : 3.8586655,
      "z" : 8.491727
    }, {
      "x" : 6.2801557,
      "y" : 4.2586656,
      "z" : 8.3917265
    }, {
      "x" : 0.4739463,
      "y" : 0.5047246,
      "z" : 0.31374237
    }, {
      "x" : 0.5739463,
      "y" : 0.10472462,
      "z" : 0.41374236
    }, {
      "x" : 6.580156,
      "y" : 4.391999,
      "z" : 8.158394
    }, {
      "x" : 6.6801558,
      "y" : 3.9919987,
      "z" : 8.258393
    }, {
      "x" : 0.2739463,
      "y" : -0.028608711,
      "z" : 0.6470757
    }, {
      "x" : 0.17394629,
      "y" : 0.3713913,
      "z" : 0.5470757
    } ],
    "faces" : [ {
      "vertices" : [ 2, 3, 6, 7 ]
    }, {
      "vertices" : [ 0, 5, 4, 1 ]
    }, {
      "vertices" : [ 2, 4, 5, 3 ]
    }, {
      "vertices" : [ 0, 6, 3, 5 ]
    }, {
      "vertices" : [ 0, 1, 7, 6 ]
    }, {
      "vertices" : [ 1, 4, 2, 7 ]
    } ]
  }, {
    "id" : "1627827c-3e64-496d-ae01-1620e6be3173",
    "orbit" : "turquoise",
    "orbitC" : "[[2,-1,2],[-3,2,2]]",
    "length" : "[\"0\",\"1\",\"1\"]",
    "name" : "medium",
    "vertices" : [ {
      "x" : 1.236068,
      "y" : 0.54508495,
      "z" : 0.33688104
    }, {
      "x" : 1.236068,
      "y" : -0.072949015,
      "z" : 0.33688104
    }, {
      "x" : 12.472136,
      "y" : 2.072949,
      "z" : 1.663119
    }, {
      "x" : 12.472136,
      "y" : 2.690983,
      "z" : 1.663119
    }, {
      "x" : 13.708204,
      "y" : 2.618034,
      "z" : 1.618034
    }, {
      "x" : 0.295686,
      "y" : 0.056471,
      "z" : 0.034900997
    }, {
      "x" : 1.236068,
      "y" : 0.54508495,
      "z" : -0.045084972
    }, {
      "x" : 12.472136,
      "y" : 2.072949,
      "z" : 1.281153
    }, {
      "x" : 1.236068,
      "y" : -0.072949015,
      "z" : -0.045084972
    }, {
      "x" : 12.472136,
      "y" : 2.690983,
      "z" : 1.281153
    }, {
      "x" : 13.412518,
      "y" : 2.561563,
      "z" : 1.583133
    } ],
    "faces" : [ {
      "vertices" : [ 1, 8, 7, 2 ]
    }, {
      "vertices" : [ 0, 3, 9, 6 ]
    }, {
      "vertices" : [ 2, 7, 10 ]
    }, {
      "vertices" : [ 5, 6, 8 ]
    }, {
      "vertices" : [ 0, 1, 2, 3 ]
    }, {
      "vertices" : [ 0, 5, 1 ]
    }, {
      "vertices" : [ 3, 10, 9 ]
    }, {
      "vertices" : [ 7, 9, 10 ]
    }, {
      "vertices" : [ 0, 6, 5 ]
    }, {
      "vertices" : [ 6, 9, 7, 8 ]
    }, {
      "vertices" : [ 1, 5, 8 ]
    }, {
      "vertices" : [ 2, 10, 3 ]
    } ]
  }, {
    "id" : "1c45b0d3-2b09-417a-a938-ff4c4d35fd87",
    "orbit" : "yellow",
    "orbitC" : "[[0,0,1],[2,-1,1]]",
    "length" : "[\"4\",\"0\",\"3\"]",
    "name" : " :4/3",
    "vertices" : [ {
      "x" : 9.138803,
      "y" : 0.0,
      "z" : -3.490712
    }, {
      "x" : 8.829785,
      "y" : 0.0,
      "z" : -3.372678
    }, {
      "x" : 8.425277,
      "y" : -0.1545085,
      "z" : -2.931695
    }, {
      "x" : 8.234294,
      "y" : -0.1545085,
      "z" : -3.431695
    }, {
      "x" : 0.9045085,
      "y" : -0.1545085,
      "z" : -0.059016995
    }, {
      "x" : 0.809017,
      "y" : 0.309017,
      "z" : -0.309017
    }, {
      "x" : 0.309017,
      "y" : 0.0,
      "z" : -0.11803399
    }, {
      "x" : 8.329785,
      "y" : 0.309017,
      "z" : -3.181695
    }, {
      "x" : 0.7135255,
      "y" : -0.1545085,
      "z" : -0.559017
    } ],
    "faces" : [ {
      "vertices" : [ 2, 4, 8, 3 ]
    }, {
      "vertices" : [ 2, 7, 5, 4 ]
    }, {
      "vertices" : [ 4, 6, 8 ]
    }, {
      "vertices" : [ 5, 8, 6 ]
    }, {
      "vertices" : [ 1, 2, 3 ]
    }, {
      "vertices" : [ 3, 8, 5, 7 ]
    }, {
      "vertices" : [ 1, 7, 2 ]
    }, {
      "vertices" : [ 1, 3, 7 ]
    }, {
      "vertices" : [ 4, 5, 6 ]
    } ]
  }, {
    "id" : "ea4b77cb-21e2-4a8d-a58b-95026fc3c266",
    "orbit" : "yellow",
    "orbitC" : "[[0,0,1],[2,-1,1]]",
    "length" : "[\"2\",\"0\",\"1\"]",
    "name" : " :2",
    "vertices" : [ {
      "x" : 13.708204,
      "y" : 0.0,
      "z" : -5.236068
    }, {
      "x" : 13.399187,
      "y" : 0.0,
      "z" : -5.118034
    }, {
      "x" : 12.9946785,
      "y" : -0.1545085,
      "z" : -4.677051
    }, {
      "x" : 12.803696,
      "y" : -0.1545085,
      "z" : -5.177051
    }, {
      "x" : 0.9045085,
      "y" : -0.1545085,
      "z" : -0.059016995
    }, {
      "x" : 0.809017,
      "y" : 0.309017,
      "z" : -0.309017
    }, {
      "x" : 0.309017,
      "y" : 0.0,
      "z" : -0.11803399
    }, {
      "x" : 12.899187,
      "y" : 0.309017,
      "z" : -4.927051
    }, {
      "x" : 0.7135255,
      "y" : -0.1545085,
      "z" : -0.559017
    } ],
    "faces" : [ {
      "vertices" : [ 2, 4, 8, 3 ]
    }, {
      "vertices" : [ 2, 7, 5, 4 ]
    }, {
      "vertices" : [ 4, 6, 8 ]
    }, {
      "vertices" : [ 5, 8, 6 ]
    }, {
      "vertices" : [ 1, 2, 3 ]
    }, {
      "vertices" : [ 3, 8, 5, 7 ]
    }, {
      "vertices" : [ 1, 7, 2 ]
    }, {
      "vertices" : [ 1, 3, 7 ]
    }, {
      "vertices" : [ 4, 5, 6 ]
    } ]
  }, {
    "id" : "271b2e84-8168-4c31-8afb-eadfc1f8259c",
    "vertices" : [ {
      "x" : 0.0,
      "y" : 0.0,
      "z" : 0.0
    }, {
      "x" : 0.0,
      "y" : -3.490712,
      "z" : -9.138803
    }, {
      "x" : -2.618034,
      "y" : 1.618034,
      "z" : -13.708204
    }, {
      "x" : -5.236068,
      "y" : 8.472136,
      "z" : -13.708204
    }, {
      "x" : -5.236068,
      "y" : 11.962848,
      "z" : -4.5694013
    }, {
      "x" : -2.618034,
      "y" : 6.854102,
      "z" : 0.0
    } ],
    "faces" : [ {
      "vertices" : [ 0, 1, 2, 3, 4, 5 ]
    }, {
      "vertices" : [ 0, 5, 4, 3, 2, 1 ]
    } ]
  }, {
    "id" : "e285efd0-6741-422c-964e-9bbdf8f28319",
    "orbit" : "yellow",
    "orbitC" : "[[0,0,1],[2,-1,1]]",
    "length" : "[\"2\",\"0\",\"3\"]",
    "name" : " :2/3",
    "vertices" : [ {
      "x" : 4.5694013,
      "y" : 0.0,
      "z" : -1.745356
    }, {
      "x" : 4.260384,
      "y" : 0.0,
      "z" : -1.627322
    }, {
      "x" : 3.8558757,
      "y" : -0.1545085,
      "z" : -1.186339
    }, {
      "x" : 3.664893,
      "y" : -0.1545085,
      "z" : -1.686339
    }, {
      "x" : 0.9045085,
      "y" : -0.1545085,
      "z" : -0.059016995
    }, {
      "x" : 0.809017,
      "y" : 0.309017,
      "z" : -0.309017
    }, {
      "x" : 0.309017,
      "y" : 0.0,
      "z" : -0.11803399
    }, {
      "x" : 3.7603843,
      "y" : 0.309017,
      "z" : -1.436339
    }, {
      "x" : 0.7135255,
      "y" : -0.1545085,
      "z" : -0.559017
    } ],
    "faces" : [ {
      "vertices" : [ 2, 4, 8, 3 ]
    }, {
      "vertices" : [ 2, 7, 5, 4 ]
    }, {
      "vertices" : [ 4, 6, 8 ]
    }, {
      "vertices" : [ 5, 8, 6 ]
    }, {
      "vertices" : [ 1, 2, 3 ]
    }, {
      "vertices" : [ 3, 8, 5, 7 ]
    }, {
      "vertices" : [ 1, 7, 2 ]
    }, {
      "vertices" : [ 1, 3, 7 ]
    }, {
      "vertices" : [ 4, 5, 6 ]
    } ]
  }, {
    "id" : "0791a412-0819-45c7-a118-72e4ee8d8ed1",
    "vertices" : [ {
      "x" : 0.0,
      "y" : 0.0,
      "z" : 0.0
    }, {
      "x" : -1.745356,
      "y" : 1.9513674,
      "z" : -6.854102
    }, {
      "x" : -5.236068,
      "y" : 11.09017,
      "z" : -6.854102
    }, {
      "x" : -5.236068,
      "y" : 13.708204,
      "z" : 0.0
    }, {
      "x" : -3.490712,
      "y" : 11.756837,
      "z" : 6.854102
    }, {
      "x" : 0.0,
      "y" : 2.618034,
      "z" : 6.854102
    } ],
    "faces" : [ {
      "vertices" : [ 0, 1, 2, 3, 4, 5 ]
    }, {
      "vertices" : [ 0, 5, 4, 3, 2, 1 ]
    } ]
  }, {
    "id" : "1b9f6bd1-5760-4be2-bd66-8438f256c4e5",
    "vertices" : [ {
      "x" : 0.0,
      "y" : 0.0,
      "z" : 0.0
    }, {
      "x" : -2.618034,
      "y" : 6.854102,
      "z" : 0.0
    }, {
      "x" : -2.618034,
      "y" : 9.472136,
      "z" : 6.854102
    }, {
      "x" : 2.618034,
      "y" : -1.618034,
      "z" : 13.708204
    } ],
    "faces" : [ {
      "vertices" : [ 0, 1, 2, 3 ]
    }, {
      "vertices" : [ 0, 3, 2, 1 ]
    } ]
  }, {
    "id" : "01643960-f33a-4cf1-bd2b-440d84062ccf",
    "vertices" : [ {
      "x" : 0.0,
      "y" : 0.0,
      "z" : 0.0
    }, {
      "x" : -4.236068,
      "y" : 5.981424,
      "z" : 0.33333334
    }, {
      "x" : -13.708204,
      "y" : 1.745356,
      "z" : 9.8054695
    }, {
      "x" : -2.618034,
      "y" : -5.108746,
      "z" : 4.5694013
    } ],
    "faces" : [ {
      "vertices" : [ 0, 1, 2, 3 ]
    }, {
      "vertices" : [ 0, 3, 2, 1 ]
    } ]
  }, {
    "id" : "7f7c3837-0379-49d3-b2e7-0af5e94f04e8",
    "vertices" : [ {
      "x" : 0.0,
      "y" : 0.0,
      "z" : 0.0
    }, {
      "x" : 2.618034,
      "y" : -1.618034,
      "z" : 13.708204
    }, {
      "x" : 5.236068,
      "y" : -8.472136,
      "z" : 13.708204
    }, {
      "x" : 5.236068,
      "y" : -11.09017,
      "z" : 6.854102
    } ],
    "faces" : [ {
      "vertices" : [ 0, 1, 2, 3 ]
    }, {
      "vertices" : [ 0, 3, 2, 1 ]
    } ]
  } ],
  "instances" : [ {
    "shape" : "943fe2dc-5c48-4ea0-91c6-44daba0629ec",
    "color" : "#F2F2F2",
    "position" : {
      "x" : -2.618034,
      "y" : -9.472136,
      "z" : -6.854102
    }
  }, {
    "shape" : "770d1741-7aef-48e5-bcaa-ff876938c24f",
    "color" : "#F0A000",
    "position" : {
      "x" : -9.472136,
      "y" : -4.236068,
      "z" : 9.472136
    },
    "orientation" : 54
  }, {
    "shape" : "1834d216-c791-4e96-b1c6-b1d9bf054beb",
    "color" : "#FFFFFF",
    "position" : {
      "x" : 0.0,
      "y" : -5.236068,
      "z" : -13.708204
    },
    "orientation" : 43
  }, {
    "shape" : "335cda8b-9f55-4f37-8a53-dbfdc7b3745f",
    "color" : "#008D36",
    "position" : {
      "x" : 0.0,
      "y" : 0.0,
      "z" : 0.0
    },
    "orientation" : 58
  }, {
    "shape" : "0a53d3f6-bf35-43a6-8f29-e3d8edc1be89",
    "color" : "#12CD94",
    "position" : {
      "x" : 11.09017,
      "y" : -6.854102,
      "z" : -5.236068
    },
    "orientation" : 56
  }, {
    "shape" : "af7facea-ccc5-4c9d-bdbb-5dac002cbb68",
    "color" : "#FFFFFF",
    "position" : {
      "x" : 5.236068,
      "y" : 10.217492,
      "z" : -9.138803
    },
    "orientation" : 0
  }, {
    "shape" : "943fe2dc-5c48-4ea0-91c6-44daba0629ec",
    "color" : "#F2F2F2",
    "position" : {
      "x" : 1.618034,
      "y" : -11.09017,
      "z" : 4.236068
    }
  }, {
    "shape" : "5b7abc01-c8f3-4415-af86-5edb63f9c49b",
    "color" : "#FFFFFF",
    "position" : {
      "x" : -6.854102,
      "y" : -4.36339,
      "z" : -8.8054695
    },
    "orientation" : 0
  }, {
    "shape" : "335cda8b-9f55-4f37-8a53-dbfdc7b3745f",
    "color" : "#008D36",
    "position" : {
      "x" : 0.0,
      "y" : 0.0,
      "z" : 0.0
    },
    "orientation" : 15
  }, {
    "shape" : "1627827c-3e64-496d-ae01-1620e6be3173",
    "color" : "#12CD94",
    "position" : {
      "x" : 0.0,
      "y" : 5.236068,
      "z" : 13.708204
    },
    "orientation" : 16
  }, {
    "shape" : "1834d216-c791-4e96-b1c6-b1d9bf054beb",
    "color" : "#FFFFFF",
    "position" : {
      "x" : 0.0,
      "y" : -5.236068,
      "z" : -13.708204
    },
    "orientation" : 0
  }, {
    "shape" : "770d1741-7aef-48e5-bcaa-ff876938c24f",
    "color" : "#F0A000",
    "position" : {
      "x" : 1.618034,
      "y" : -8.472136,
      "z" : 11.09017
    },
    "orientation" : 38
  }, {
    "shape" : "943fe2dc-5c48-4ea0-91c6-44daba0629ec",
    "color" : "#F2F2F2",
    "position" : {
      "x" : 11.09017,
      "y" : -4.236068,
      "z" : 1.618034
    }
  }, {
    "shape" : "943fe2dc-5c48-4ea0-91c6-44daba0629ec",
    "color" : "#F2F2F2",
    "position" : {
      "x" : -1.618034,
      "y" : 11.09017,
      "z" : -4.236068
    }
  }, {
    "shape" : "770d1741-7aef-48e5-bcaa-ff876938c24f",
    "color" : "#F0A000",
    "position" : {
      "x" : -11.09017,
      "y" : 6.854102,
      "z" : 5.236068
    },
    "orientation" : 16
  }, {
    "shape" : "943fe2dc-5c48-4ea0-91c6-44daba0629ec",
    "color" : "#F2F2F2",
    "position" : {
      "x" : 11.09017,
      "y" : -1.618034,
      "z" : 8.472136
    }
  }, {
    "shape" : "770d1741-7aef-48e5-bcaa-ff876938c24f",
    "color" : "#F0A000",
    "position" : {
      "x" : -9.472136,
      "y" : -4.236068,
      "z" : 9.472136
    },
    "orientation" : 5
  }, {
    "shape" : "0a53d3f6-bf35-43a6-8f29-e3d8edc1be89",
    "color" : "#12CD94",
    "position" : {
      "x" : 9.472136,
      "y" : 4.236068,
      "z" : -9.472136
    },
    "orientation" : 36
  }, {
    "shape" : "5b7abc01-c8f3-4415-af86-5edb63f9c49b",
    "color" : "#FFFFFF",
    "position" : {
      "x" : 4.236068,
      "y" : -8.599458,
      "z" : -7.187435
    },
    "orientation" : 54
  }, {
    "shape" : "335cda8b-9f55-4f37-8a53-dbfdc7b3745f",
    "color" : "#008D36",
    "position" : {
      "x" : 9.472136,
      "y" : 6.854102,
      "z" : -2.618034
    },
    "orientation" : 39
  }, {
    "shape" : "943fe2dc-5c48-4ea0-91c6-44daba0629ec",
    "color" : "#F2F2F2",
    "position" : {
      "x" : 9.472136,
      "y" : 4.236068,
      "z" : -9.472136
    }
  }, {
    "shape" : "943fe2dc-5c48-4ea0-91c6-44daba0629ec",
    "color" : "#F2F2F2",
    "position" : {
      "x" : 6.854102,
      "y" : -2.618034,
      "z" : -9.472136
    }
  }, {
    "shape" : "770d1741-7aef-48e5-bcaa-ff876938c24f",
    "color" : "#F0A000",
    "position" : {
      "x" : 8.472136,
      "y" : -13.708204,
      "z" : -5.236068
    },
    "orientation" : 6
  }, {
    "shape" : "770d1741-7aef-48e5-bcaa-ff876938c24f",
    "color" : "#F0A000",
    "position" : {
      "x" : 5.236068,
      "y" : 8.472136,
      "z" : -13.708204
    },
    "orientation" : 38
  }, {
    "shape" : "1c45b0d3-2b09-417a-a938-ff4c4d35fd87",
    "color" : "#F0A000",
    "position" : {
      "x" : -13.708204,
      "y" : 0.0,
      "z" : 5.236068
    },
    "orientation" : 22
  }, {
    "shape" : "770d1741-7aef-48e5-bcaa-ff876938c24f",
    "color" : "#F0A000",
    "position" : {
      "x" : -1.618034,
      "y" : 8.472136,
      "z" : -11.09017
    },
    "orientation" : 38
  }, {
    "shape" : "ea4b77cb-21e2-4a8d-a58b-95026fc3c266",
    "color" : "#F0A000",
    "position" : {
      "x" : 13.708204,
      "y" : 5.236068,
      "z" : 8.472136
    },
    "orientation" : 38
  }, {
    "shape" : "af7facea-ccc5-4c9d-bdbb-5dac002cbb68",
    "color" : "#FFFFFF",
    "position" : {
      "x" : -1.618034,
      "y" : 13.708204,
      "z" : 2.618034
    },
    "orientation" : 43
  }, {
    "shape" : "1c45b0d3-2b09-417a-a938-ff4c4d35fd87",
    "color" : "#F0A000",
    "position" : {
      "x" : 13.708204,
      "y" : 0.0,
      "z" : -5.236068
    },
    "orientation" : 7
  }, {
    "shape" : "5b7abc01-c8f3-4415-af86-5edb63f9c49b",
    "color" : "#FFFFFF",
    "position" : {
      "x" : 0.0,
      "y" : 0.0,
      "z" : 0.0
    },
    "orientation" : 43
  }, {
    "shape" : "943fe2dc-5c48-4ea0-91c6-44daba0629ec",
    "color" : "#F2F2F2",
    "position" : {
      "x" : -8.472136,
      "y" : 11.962848,
      "z" : 0.6666667
    }
  }, {
    "shape" : "770d1741-7aef-48e5-bcaa-ff876938c24f",
    "color" : "#F0A000",
    "position" : {
      "x" : 5.236068,
      "y" : 8.472136,
      "z" : -13.708204
    },
    "orientation" : 5
  }, {
    "shape" : "0a53d3f6-bf35-43a6-8f29-e3d8edc1be89",
    "color" : "#12CD94",
    "position" : {
      "x" : 1.618034,
      "y" : -13.708204,
      "z" : -2.618034
    },
    "orientation" : 55
  }, {
    "shape" : "1627827c-3e64-496d-ae01-1620e6be3173",
    "color" : "#12CD94",
    "position" : {
      "x" : -1.618034,
      "y" : 8.472136,
      "z" : -11.09017
    },
    "orientation" : 16
  }, {
    "shape" : "943fe2dc-5c48-4ea0-91c6-44daba0629ec",
    "color" : "#F2F2F2",
    "position" : {
      "x" : 13.708204,
      "y" : 0.0,
      "z" : -5.236068
    }
  }, {
    "shape" : "943fe2dc-5c48-4ea0-91c6-44daba0629ec",
    "color" : "#F2F2F2",
    "position" : {
      "x" : -5.236068,
      "y" : -10.217492,
      "z" : 9.138803
    }
  }, {
    "shape" : "1627827c-3e64-496d-ae01-1620e6be3173",
    "color" : "#12CD94",
    "position" : {
      "x" : -11.09017,
      "y" : 1.618034,
      "z" : -8.472136
    },
    "orientation" : 27
  }, {
    "shape" : "943fe2dc-5c48-4ea0-91c6-44daba0629ec",
    "color" : "#F2F2F2",
    "position" : {
      "x" : -2.618034,
      "y" : -2.490712,
      "z" : 11.423503
    }
  }, {
    "shape" : "1627827c-3e64-496d-ae01-1620e6be3173",
    "color" : "#12CD94",
    "position" : {
      "x" : 1.618034,
      "y" : -13.708204,
      "z" : -2.618034
    },
    "orientation" : 55
  }, {
    "shape" : "ea4b77cb-21e2-4a8d-a58b-95026fc3c266",
    "color" : "#F0A000",
    "position" : {
      "x" : 0.0,
      "y" : 5.236068,
      "z" : 13.708204
    },
    "orientation" : 16
  }, {
    "shape" : "943fe2dc-5c48-4ea0-91c6-44daba0629ec",
    "color" : "#F2F2F2",
    "position" : {
      "x" : 5.236068,
      "y" : 8.472136,
      "z" : -13.708204
    }
  }, {
    "shape" : "271b2e84-8168-4c31-8afb-eadfc1f8259c",
    "color" : "#7FC69A",
    "position" : {
      "x" : 13.708204,
      "y" : 0.0,
      "z" : -5.236068
    },
    "orientation" : 15
  }, {
    "shape" : "af7facea-ccc5-4c9d-bdbb-5dac002cbb68",
    "color" : "#FFFFFF",
    "position" : {
      "x" : -9.472136,
      "y" : -4.236068,
      "z" : 9.472136
    },
    "orientation" : 0
  }, {
    "shape" : "af7facea-ccc5-4c9d-bdbb-5dac002cbb68",
    "color" : "#FFFFFF",
    "position" : {
      "x" : 8.472136,
      "y" : -11.962848,
      "z" : -0.6666667
    },
    "orientation" : 43
  }, {
    "shape" : "0a53d3f6-bf35-43a6-8f29-e3d8edc1be89",
    "color" : "#12CD94",
    "position" : {
      "x" : -1.618034,
      "y" : 8.472136,
      "z" : -11.09017
    },
    "orientation" : 16
  }, {
    "shape" : "770d1741-7aef-48e5-bcaa-ff876938c24f",
    "color" : "#F0A000",
    "position" : {
      "x" : 9.472136,
      "y" : 6.854102,
      "z" : -2.618034
    },
    "orientation" : 19
  }, {
    "shape" : "1627827c-3e64-496d-ae01-1620e6be3173",
    "color" : "#12CD94",
    "position" : {
      "x" : 9.472136,
      "y" : 4.236068,
      "z" : -9.472136
    },
    "orientation" : 36
  }, {
    "shape" : "943fe2dc-5c48-4ea0-91c6-44daba0629ec",
    "color" : "#F2F2F2",
    "position" : {
      "x" : -13.708204,
      "y" : 0.0,
      "z" : 5.236068
    }
  }, {
    "shape" : "335cda8b-9f55-4f37-8a53-dbfdc7b3745f",
    "color" : "#008D36",
    "position" : {
      "x" : 0.0,
      "y" : 0.0,
      "z" : 0.0
    },
    "orientation" : 39
  }, {
    "shape" : "1627827c-3e64-496d-ae01-1620e6be3173",
    "color" : "#12CD94",
    "position" : {
      "x" : 0.0,
      "y" : 5.236068,
      "z" : 13.708204
    },
    "orientation" : 23
  }, {
    "shape" : "af7facea-ccc5-4c9d-bdbb-5dac002cbb68",
    "color" : "#FFFFFF",
    "position" : {
      "x" : 11.09017,
      "y" : -1.618034,
      "z" : 8.472136
    },
    "orientation" : 54
  }, {
    "shape" : "335cda8b-9f55-4f37-8a53-dbfdc7b3745f",
    "color" : "#008D36",
    "position" : {
      "x" : 0.0,
      "y" : 0.0,
      "z" : 0.0
    },
    "orientation" : 2
  }, {
    "shape" : "e285efd0-6741-422c-964e-9bbdf8f28319",
    "color" : "#F0A000",
    "position" : {
      "x" : -13.708204,
      "y" : -3.490712,
      "z" : -3.9027348
    },
    "orientation" : 22
  }, {
    "shape" : "943fe2dc-5c48-4ea0-91c6-44daba0629ec",
    "color" : "#F2F2F2",
    "position" : {
      "x" : 11.09017,
      "y" : -6.854102,
      "z" : -5.236068
    }
  }, {
    "shape" : "0791a412-0819-45c7-a118-72e4ee8d8ed1",
    "color" : "#7FC69A",
    "position" : {
      "x" : -11.09017,
      "y" : 1.618034,
      "z" : -8.472136
    },
    "orientation" : 57
  }, {
    "shape" : "770d1741-7aef-48e5-bcaa-ff876938c24f",
    "color" : "#F0A000",
    "position" : {
      "x" : 1.618034,
      "y" : -8.472136,
      "z" : 11.09017
    },
    "orientation" : 0
  }, {
    "shape" : "1b9f6bd1-5760-4be2-bd66-8438f256c4e5",
    "color" : "#7FC69A",
    "position" : {
      "x" : 9.472136,
      "y" : 9.472136,
      "z" : 4.236068
    },
    "orientation" : 10
  }, {
    "shape" : "5b7abc01-c8f3-4415-af86-5edb63f9c49b",
    "color" : "#FFFFFF",
    "position" : {
      "x" : 0.0,
      "y" : 0.0,
      "z" : 0.0
    },
    "orientation" : 0
  }, {
    "shape" : "943fe2dc-5c48-4ea0-91c6-44daba0629ec",
    "color" : "#F2F2F2",
    "position" : {
      "x" : -4.236068,
      "y" : 1.618034,
      "z" : -11.09017
    }
  }, {
    "shape" : "1b9f6bd1-5760-4be2-bd66-8438f256c4e5",
    "color" : "#7FC69A",
    "position" : {
      "x" : 1.618034,
      "y" : -8.472136,
      "z" : 11.09017
    },
    "orientation" : 2
  }, {
    "shape" : "770d1741-7aef-48e5-bcaa-ff876938c24f",
    "color" : "#F0A000",
    "position" : {
      "x" : 9.472136,
      "y" : 9.472136,
      "z" : 4.236068
    },
    "orientation" : 5
  }, {
    "shape" : "943fe2dc-5c48-4ea0-91c6-44daba0629ec",
    "color" : "#F2F2F2",
    "position" : {
      "x" : -13.708204,
      "y" : -3.490712,
      "z" : -3.9027348
    }
  }, {
    "shape" : "5b7abc01-c8f3-4415-af86-5edb63f9c49b",
    "color" : "#FFFFFF",
    "position" : {
      "x" : 0.0,
      "y" : 0.0,
      "z" : 0.0
    },
    "orientation" : 54
  }, {
    "shape" : "335cda8b-9f55-4f37-8a53-dbfdc7b3745f",
    "color" : "#008D36",
    "position" : {
      "x" : 1.618034,
      "y" : -11.09017,
      "z" : 4.236068
    },
    "orientation" : 58
  }, {
    "shape" : "af7facea-ccc5-4c9d-bdbb-5dac002cbb68",
    "color" : "#FFFFFF",
    "position" : {
      "x" : -13.708204,
      "y" : -3.490712,
      "z" : -3.9027348
    },
    "orientation" : 0
  }, {
    "shape" : "943fe2dc-5c48-4ea0-91c6-44daba0629ec",
    "color" : "#F2F2F2",
    "position" : {
      "x" : -4.236068,
      "y" : 8.599458,
      "z" : 7.187435
    }
  }, {
    "shape" : "01643960-f33a-4cf1-bd2b-440d84062ccf",
    "color" : "#FFFFFF",
    "position" : {
      "x" : -8.472136,
      "y" : 11.962848,
      "z" : 0.6666667
    },
    "orientation" : 54
  }, {
    "shape" : "943fe2dc-5c48-4ea0-91c6-44daba0629ec",
    "color" : "#F2F2F2",
    "position" : {
      "x" : 4.236068,
      "y" : -1.618034,
      "z" : 11.09017
    }
  }, {
    "shape" : "7f7c3837-0379-49d3-b2e7-0af5e94f04e8",
    "color" : "#7FC69A",
    "position" : {
      "x" : 0.0,
      "y" : -5.236068,
      "z" : -13.708204
    },
    "orientation" : 26
  }, {
    "shape" : "770d1741-7aef-48e5-bcaa-ff876938c24f",
    "color" : "#F0A000",
    "position" : {
      "x" : 8.472136,
      "y" : -13.708204,
      "z" : -5.236068
    },
    "orientation" : 38
  }, {
    "shape" : "943fe2dc-5c48-4ea0-91c6-44daba0629ec",
    "color" : "#F2F2F2",
    "position" : {
      "x" : -6.854102,
      "y" : -4.36339,
      "z" : -8.8054695
    }
  }, {
    "shape" : "943fe2dc-5c48-4ea0-91c6-44daba0629ec",
    "color" : "#F2F2F2",
    "position" : {
      "x" : 0.0,
      "y" : 0.0,
      "z" : 0.0
    }
  }, {
    "shape" : "1c45b0d3-2b09-417a-a938-ff4c4d35fd87",
    "color" : "#F0A000",
    "position" : {
      "x" : -5.236068,
      "y" : -13.708204,
      "z" : 0.0
    },
    "orientation" : 7
  }, {
    "shape" : "335cda8b-9f55-4f37-8a53-dbfdc7b3745f",
    "color" : "#008D36",
    "position" : {
      "x" : -11.09017,
      "y" : 4.236068,
      "z" : -1.618034
    },
    "orientation" : 15
  }, {
    "shape" : "770d1741-7aef-48e5-bcaa-ff876938c24f",
    "color" : "#F0A000",
    "position" : {
      "x" : 11.09017,
      "y" : -1.618034,
      "z" : 8.472136
    },
    "orientation" : 6
  }, {
    "shape" : "770d1741-7aef-48e5-bcaa-ff876938c24f",
