{
  "field" : "golden",
  "symmetry" : "icosahedral",
  "orientations" : [ [ 1.0, 0.0, 0.0, 0.0, 0.0, 1.0, 0.0, 0.0, 0.0, 0.0, 1.0, 0.0, 0.0, 0.0, 0.0, 1.0 ], [ 0.0, 0.0, 1.0, 0.0, 1.0, 0.0, 0.0, 0.0, 0.0, 1.0, 0.0, 0.0, 0.0, 0.0, 0.0, 1.0 ], [ 0.0, 1.0, 0.0, 0.0, 0.0, 0.0, 1.0, 0.0, 1.0, 0.0, 0.0, 0.0, 0.0, 0.0, 0.0, 1.0 ], [ 0.809017, 0.309017, 0.5, 0.0, 0.309017, 0.5, -0.809017, 0.0, -0.5, 0.809017, 0.309017, 0.0, 0.0, 0.0, 0.0, 1.0 ], [ -0.5, 0.809017, 0.309017, 0.0, 0.809017, 0.309017, 0.5, 0.0, 0.309017, 0.5, -0.809017, 0.0, 0.0, 0.0, 0.0, 1.0 ], [ 0.309017, 0.5, -0.809017, 0.0, -0.5, 0.809017, 0.309017, 0.0, 0.809017, 0.309017, 0.5, 0.0, 0.0, 0.0, 0.0, 1.0 ], [ 0.5, 0.809017, 0.309017, 0.0, 0.809017, -0.309017, -0.5, 0.0, -0.309017, 0.5, -0.809017, 0.0, 0.0, 0.0, 0.0, 1.0 ], [ -0.309017, 0.5, -0.809017, 0.0, 0.5, 0.809017, 0.309017, 0.0, 0.809017, -0.309017, -0.5, 0.0, 0.0, 0.0, 0.0, 1.0 ], [ 0.809017, -0.309017, -0.5, 0.0, -0.309017, 0.5, -0.809017, 0.0, 0.5, 0.809017, 0.309017, 0.0, 0.0, 0.0, 0.0, 1.0 ], [ 0.5, 0.809017, -0.309017, 0.0, 0.809017, -0.309017, 0.5, 0.0, 0.309017, -0.5, -0.809017, 0.0, 0.0, 0.0, 0.0, 1.0 ], [ 0.309017, -0.5, -0.809017, 0.0, 0.5, 0.809017, -0.309017, 0.0, 0.809017, -0.309017, 0.5, 0.0, 0.0, 0.0, 0.0, 1.0 ], [ 0.809017, -0.309017, 0.5, 0.0, 0.309017, -0.5, -0.809017, 0.0, 0.5, 0.809017, -0.309017, 0.0, 0.0, 0.0, 0.0, 1.0 ], [ 0.809017, 0.309017, -0.5, 0.0, 0.309017, 0.5, 0.809017, 0.0, 0.5, -0.809017, 0.309017, 0.0, 0.0, 0.0, 0.0, 1.0 ], [ 0.5, -0.809017, 0.309017, 0.0, 0.809017, 0.309017, -0.5, 0.0, 0.309017, 0.5, 0.809017, 0.0, 0.0, 0.0, 0.0, 1.0 ], [ 0.309017, 0.5, 0.809017, 0.0, 0.5, -0.809017, 0.309017, 0.0, 0.809017, 0.309017, -0.5, 0.0, 0.0, 0.0, 0.0, 1.0 ], [ 1.0, 0.0, 0.0, 0.0, 0.0, -1.0, 0.0, 0.0, 0.0, 0.0, -1.0, 0.0, 0.0, 0.0, 0.0, 1.0 ], [ 0.0, 0.0, 1.0, 0.0, -1.0, 0.0, 0.0, 0.0, 0.0, -1.0, 0.0, 0.0, 0.0, 0.0, 0.0, 1.0 ], [ 0.0, 1.0, 0.0, 0.0, 0.0, 0.0, -1.0, 0.0, -1.0, 0.0, 0.0, 0.0, 0.0, 0.0, 0.0, 1.0 ], [ 0.809017, 0.309017, 0.5, 0.0, -0.309017, -0.5, 0.809017, 0.0, 0.5, -0.809017, -0.309017, 0.0, 0.0, 0.0, 0.0, 1.0 ], [ -0.5, 0.809017, 0.309017, 0.0, -0.809017, -0.309017, -0.5, 0.0, -0.309017, -0.5, 0.809017, 0.0, 0.0, 0.0, 0.0, 1.0 ], [ 0.309017, 0.5, -0.809017, 0.0, 0.5, -0.809017, -0.309017, 0.0, -0.809017, -0.309017, -0.5, 0.0, 0.0, 0.0, 0.0, 1.0 ], [ 0.5, 0.809017, 0.309017, 0.0, -0.809017, 0.309017, 0.5, 0.0, 0.309017, -0.5, 0.809017, 0.0, 0.0, 0.0, 0.0, 1.0 ], [ -0.309017, 0.5, -0.809017, 0.0, -0.5, -0.809017, -0.309017, 0.0, -0.809017, 0.309017, 0.5, 0.0, 0.0, 0.0, 0.0, 1.0 ], [ 0.809017, -0.309017, -0.5, 0.0, 0.309017, -0.5, 0.809017, 0.0, -0.5, -0.809017, -0.309017, 0.0, 0.0, 0.0, 0.0, 1.0 ], [ 0.5, 0.809017, -0.309017, 0.0, -0.809017, 0.309017, -0.5, 0.0, -0.309017, 0.5, 0.809017, 0.0, 0.0, 0.0, 0.0, 1.0 ], [ 0.309017, -0.5, -0.809017, 0.0, -0.5, -0.809017, 0.309017, 0.0, -0.809017, 0.309017, -0.5, 0.0, 0.0, 0.0, 0.0, 1.0 ], [ 0.809017, -0.309017, 0.5, 0.0, -0.309017, 0.5, 0.809017, 0.0, -0.5, -0.809017, 0.309017, 0.0, 0.0, 0.0, 0.0, 1.0 ], [ 0.809017, 0.309017, -0.5, 0.0, -0.309017, -0.5, -0.809017, 0.0, -0.5, 0.809017, -0.309017, 0.0, 0.0, 0.0, 0.0, 1.0 ], [ 0.5, -0.809017, 0.309017, 0.0, -0.809017, -0.309017, 0.5, 0.0, -0.309017, -0.5, -0.809017, 0.0, 0.0, 0.0, 0.0, 1.0 ], [ 0.309017, 0.5, 0.809017, 0.0, -0.5, 0.809017, -0.309017, 0.0, -0.809017, -0.309017, 0.5, 0.0, 0.0, 0.0, 0.0, 1.0 ], [ -1.0, 0.0, 0.0, 0.0, 0.0, -1.0, 0.0, 0.0, 0.0, 0.0, 1.0, 0.0, 0.0, 0.0, 0.0, 1.0 ], [ 0.0, 0.0, -1.0, 0.0, -1.0, 0.0, 0.0, 0.0, 0.0, 1.0, 0.0, 0.0, 0.0, 0.0, 0.0, 1.0 ], [ 0.0, -1.0, 0.0, 0.0, 0.0, 0.0, -1.0, 0.0, 1.0, 0.0, 0.0, 0.0, 0.0, 0.0, 0.0, 1.0 ], [ -0.809017, -0.309017, -0.5, 0.0, -0.309017, -0.5, 0.809017, 0.0, -0.5, 0.809017, 0.309017, 0.0, 0.0, 0.0, 0.0, 1.0 ], [ 0.5, -0.809017, -0.309017, 0.0, -0.809017, -0.309017, -0.5, 0.0, 0.309017, 0.5, -0.809017, 0.0, 0.0, 0.0, 0.0, 1.0 ], [ -0.309017, -0.5, 0.809017, 0.0, 0.5, -0.809017, -0.309017, 0.0, 0.809017, 0.309017, 0.5, 0.0, 0.0, 0.0, 0.0, 1.0 ], [ -0.5, -0.809017, -0.309017, 0.0, -0.809017, 0.309017, 0.5, 0.0, -0.309017, 0.5, -0.809017, 0.0, 0.0, 0.0, 0.0, 1.0 ], [ 0.309017, -0.5, 0.809017, 0.0, -0.5, -0.809017, -0.309017, 0.0, 0.809017, -0.309017, -0.5, 0.0, 0.0, 0.0, 0.0, 1.0 ], [ -0.809017, 0.309017, 0.5, 0.0, 0.309017, -0.5, 0.809017, 0.0, 0.5, 0.809017, 0.309017, 0.0, 0.0, 0.0, 0.0, 1.0 ], [ -0.5, -0.809017, 0.309017, 0.0, -0.809017, 0.309017, -0.5, 0.0, 0.309017, -0.5, -0.809017, 0.0, 0.0, 0.0, 0.0, 1.0 ], [ -0.309017, 0.5, 0.809017, 0.0, -0.5, -0.809017, 0.309017, 0.0, 0.809017, -0.309017, 0.5, 0.0, 0.0, 0.0, 0.0, 1.0 ], [ -0.809017, 0.309017, -0.5, 0.0, -0.309017, 0.5, 0.809017, 0.0, 0.5, 0.809017, -0.309017, 0.0, 0.0, 0.0, 0.0, 1.0 ], [ -0.809017, -0.309017, 0.5, 0.0, -0.309017, -0.5, -0.809017, 0.0, 0.5, -0.809017, 0.309017, 0.0, 0.0, 0.0, 0.0, 1.0 ], [ -0.5, 0.809017, -0.309017, 0.0, -0.809017, -0.309017, 0.5, 0.0, 0.309017, 0.5, 0.809017, 0.0, 0.0, 0.0, 0.0, 1.0 ], [ -0.309017, -0.5, -0.809017, 0.0, -0.5, 0.809017, -0.309017, 0.0, 0.809017, 0.309017, -0.5, 0.0, 0.0, 0.0, 0.0, 1.0 ], [ -1.0, 0.0, 0.0, 0.0, 0.0, 1.0, 0.0, 0.0, 0.0, 0.0, -1.0, 0.0, 0.0, 0.0, 0.0, 1.0 ], [ 0.0, 0.0, -1.0, 0.0, 1.0, 0.0, 0.0, 0.0, 0.0, -1.0, 0.0, 0.0, 0.0, 0.0, 0.0, 1.0 ], [ 0.0, -1.0, 0.0, 0.0, 0.0, 0.0, 1.0, 0.0, -1.0, 0.0, 0.0, 0.0, 0.0, 0.0, 0.0, 1.0 ], [ -0.809017, -0.309017, -0.5, 0.0, 0.309017, 0.5, -0.809017, 0.0, 0.5, -0.809017, -0.309017, 0.0, 0.0, 0.0, 0.0, 1.0 ], [ 0.5, -0.809017, -0.309017, 0.0, 0.809017, 0.309017, 0.5, 0.0, -0.309017, -0.5, 0.809017, 0.0, 0.0, 0.0, 0.0, 1.0 ], [ -0.309017, -0.5, 0.809017, 0.0, -0.5, 0.809017, 0.309017, 0.0, -0.809017, -0.309017, -0.5, 0.0, 0.0, 0.0, 0.0, 1.0 ], [ -0.5, -0.809017, -0.309017, 0.0, 0.809017, -0.309017, -0.5, 0.0, 0.309017, -0.5, 0.809017, 0.0, 0.0, 0.0, 0.0, 1.0 ], [ 0.309017, -0.5, 0.809017, 0.0, 0.5, 0.809017, 0.309017, 0.0, -0.809017, 0.309017, 0.5, 0.0, 0.0, 0.0, 0.0, 1.0 ], [ -0.809017, 0.309017, 0.5, 0.0, -0.309017, 0.5, -0.809017, 0.0, -0.5, -0.809017, -0.309017, 0.0, 0.0, 0.0, 0.0, 1.0 ], [ -0.5, -0.809017, 0.309017, 0.0, 0.809017, -0.309017, 0.5, 0.0, -0.309017, 0.5, 0.809017, 0.0, 0.0, 0.0, 0.0, 1.0 ], [ -0.309017, 0.5, 0.809017, 0.0, 0.5, 0.809017, -0.309017, 0.0, -0.809017, 0.309017, -0.5, 0.0, 0.0, 0.0, 0.0, 1.0 ], [ -0.809017, 0.309017, -0.5, 0.0, 0.309017, -0.5, -0.809017, 0.0, -0.5, -0.809017, 0.309017, 0.0, 0.0, 0.0, 0.0, 1.0 ], [ -0.809017, -0.309017, 0.5, 0.0, 0.309017, 0.5, 0.809017, 0.0, -0.5, 0.809017, -0.309017, 0.0, 0.0, 0.0, 0.0, 1.0 ], [ -0.5, 0.809017, -0.309017, 0.0, 0.809017, 0.309017, -0.5, 0.0, -0.309017, -0.5, -0.809017, 0.0, 0.0, 0.0, 0.0, 1.0 ], [ -0.309017, -0.5, -0.809017, 0.0, 0.5, -0.809017, 0.309017, 0.0, -0.809017, -0.309017, 0.5, 0.0, 0.0, 0.0, 0.0, 1.0 ] ],
  "lights" : {
    "ambientColor" : "#292929",
    "backgroundColor" : "#F4FFF4",
    "directionalLights" : [ {
      "direction" : {
        "x" : 1.0,
        "y" : -1.0,
        "z" : -1.0
      },
      "color" : "#EBEBE4"
    }, {
      "direction" : {
        "x" : -1.0,
        "y" : 0.0,
        "z" : 0.0
      },
      "color" : "#E4E4EB"
    }, {
      "direction" : {
        "x" : 0.0,
        "y" : 0.0,
        "z" : -1.0
      },
      "color" : "#1E1E1E"
    } ]
  },
  "camera" : {
    "lookDirection" : {
      "x" : 0.0,
      "y" : 0.0,
      "z" : -1.0
    },
    "upDirection" : {
      "x" : 0.0,
      "y" : 1.0,
      "z" : 0.0
    },
    "lookAtPoint" : {
      "x" : 0.0,
      "y" : 0.0,
      "z" : 0.0
    },
    "viewDistance" : 458.92166,
    "nearClipDistance" : 1.1473049,
    "farClipDistance" : 917.8418,
    "fieldOfView" : 0.4426296,
    "perspective" : false,
    "stereo" : false,
    "width" : 206.51509,
    "position" : {
      "x" : 0.0,
      "y" : 0.0,
      "z" : 458.92166
    }
  },
  "embedding" : [ 1.0, 0.0, 0.0, 0.0, 0.0, 1.0, 0.0, 0.0, 0.0, 0.0, 1.0, 0.0, 0.0, 0.0, 0.0, 1.0 ],
  "shapes" : [ {
    "id" : "c229321f-f2d5-418b-a1ab-c8e99d99a253",
    "vertices" : [ {
      "x" : 10.781153,
      "y" : 4.118034,
      "z" : -1.572949
    }, {
      "x" : 10.399187,
      "y" : 3.663119,
      "z" : -1.381966
    }, {
      "x" : 10.236068,
      "y" : 3.927051,
      "z" : -1.809017
    }, {
      "x" : 10.163119,
      "y" : 4.190983,
      "z" : -1.618034
    }, {
      "x" : 0.85410196,
      "y" : 0.309017,
      "z" : 0.19098301
    }, {
      "x" : 0.690983,
      "y" : 0.572949,
      "z" : -0.23606798
    }, {
      "x" : 0.309017,
      "y" : 0.11803399,
      "z" : -0.045084972
    }, {
      "x" : 0.76393205,
      "y" : 0.309017,
      "z" : -0.42705098
    }, {
      "x" : 0.927051,
      "y" : 0.045084972,
      "z" : 0.0
    }, {
      "x" : 10.326238,
      "y" : 3.927051,
      "z" : -1.190983
    }, {
      "x" : 11.09017,
      "y" : 4.236068,
      "z" : -1.618034
    } ],
    "faces" : [ {
      "vertices" : [ 2, 7, 5 ]
    }, {
      "vertices" : [ 2, 5, 3 ]
    }, {
      "vertices" : [ 1, 8, 7 ]
    }, {
      "vertices" : [ 1, 7, 2 ]
    }, {
      "vertices" : [ 4, 6, 8 ]
    }, {
      "vertices" : [ 5, 7, 6 ]
    }, {
      "vertices" : [ 0, 1, 2 ]
    }, {
      "vertices" : [ 0, 2, 3 ]
    }, {
      "vertices" : [ 6, 7, 8 ]
    }, {
      "vertices" : [ 3, 5, 4 ]
    }, {
      "vertices" : [ 3, 4, 9 ]
    }, {
      "vertices" : [ 1, 9, 4 ]
    }, {
      "vertices" : [ 1, 4, 8 ]
    }, {
      "vertices" : [ 0, 9, 1 ]
    }, {
      "vertices" : [ 0, 3, 9 ]
    }, {
      "vertices" : [ 4, 5, 6 ]
    } ]
  }, {
    "id" : "7280f73d-f933-48df-8da0-72ce447d54f6",
    "vertices" : [ {
      "x" : 0.309017,
      "y" : -0.309017,
      "z" : -0.309017
    }, {
      "x" : 0.5,
      "y" : 0.0,
      "z" : -0.19098301
    }, {
      "x" : 0.5,
      "y" : 0.0,
      "z" : 0.19098301
    }, {
      "x" : 0.309017,
      "y" : -0.309017,
      "z" : 0.309017
    }, {
      "x" : 0.19098301,
      "y" : -0.5,
      "z" : 0.0
    }, {
      "x" : 0.0,
      "y" : 0.19098301,
      "z" : 0.5
    }, {
      "x" : 0.0,
      "y" : -0.19098301,
      "z" : 0.5
    }, {
      "x" : 0.309017,
      "y" : 0.309017,
      "z" : 0.309017
    }, {
      "x" : -0.309017,
      "y" : -0.309017,
      "z" : 0.309017
    }, {
      "x" : -0.309017,
      "y" : 0.309017,
      "z" : 0.309017
    }, {
      "x" : -0.5,
      "y" : 0.0,
      "z" : 0.19098301
    }, {
      "x" : 0.0,
      "y" : -0.19098301,
      "z" : -0.5
    }, {
      "x" : 0.0,
      "y" : 0.19098301,
      "z" : -0.5
    }, {
      "x" : 0.309017,
      "y" : 0.309017,
      "z" : -0.309017
    }, {
      "x" : -0.309017,
      "y" : -0.309017,
      "z" : -0.309017
    }, {
      "x" : -0.19098301,
      "y" : -0.5,
      "z" : 0.0
    }, {
      "x" : -0.5,
      "y" : 0.0,
      "z" : -0.19098301
    }, {
      "x" : 0.19098301,
      "y" : 0.5,
      "z" : 0.0
    }, {
      "x" : -0.309017,
      "y" : 0.309017,
      "z" : -0.309017
    }, {
      "x" : 0.0,
      "y" : 0.0,
      "z" : 0.0
    }, {
      "x" : -0.19098301,
      "y" : 0.5,
      "z" : 0.0
    } ],
    "faces" : [ {
      "vertices" : [ 12, 18, 20 ]
    }, {
      "vertices" : [ 12, 20, 17 ]
    }, {
      "vertices" : [ 12, 17, 13 ]
    }, {
      "vertices" : [ 3, 6, 8 ]
    }, {
      "vertices" : [ 3, 8, 15 ]
    }, {
      "vertices" : [ 3, 15, 4 ]
    }, {
      "vertices" : [ 0, 11, 12 ]
    }, {
      "vertices" : [ 0, 12, 13 ]
    }, {
      "vertices" : [ 0, 13, 1 ]
    }, {
      "vertices" : [ 5, 9, 10 ]
    }, {
      "vertices" : [ 5, 10, 8 ]
    }, {
      "vertices" : [ 5, 8, 6 ]
    }, {
      "vertices" : [ 2, 7, 5 ]
    }, {
      "vertices" : [ 2, 5, 6 ]
    }, {
      "vertices" : [ 2, 6, 3 ]
    }, {
      "vertices" : [ 11, 14, 16 ]
    }, {
      "vertices" : [ 11, 16, 18 ]
    }, {
      "vertices" : [ 11, 18, 12 ]
    }, {
      "vertices" : [ 1, 13, 17 ]
    }, {
      "vertices" : [ 1, 17, 7 ]
    }, {
      "vertices" : [ 1, 7, 2 ]
    }, {
      "vertices" : [ 9, 20, 18 ]
    }, {
      "vertices" : [ 9, 18, 16 ]
    }, {
      "vertices" : [ 9, 16, 10 ]
    }, {
      "vertices" : [ 0, 1, 2 ]
    }, {
      "vertices" : [ 0, 2, 3 ]
    }, {
      "vertices" : [ 0, 3, 4 ]
    }, {
      "vertices" : [ 5, 7, 17 ]
    }, {
      "vertices" : [ 5, 17, 20 ]
    }, {
      "vertices" : [ 5, 20, 9 ]
    }, {
      "vertices" : [ 0, 4, 15 ]
    }, {
      "vertices" : [ 0, 15, 14 ]
    }, {
      "vertices" : [ 0, 14, 11 ]
    }, {
      "vertices" : [ 8, 10, 16 ]
    }, {
      "vertices" : [ 8, 16, 14 ]
    }, {
      "vertices" : [ 8, 14, 15 ]
    } ]
  }, {
    "id" : "3564f2b5-36e9-4bc1-8e86-f86c34c63db1",
    "vertices" : [ {
      "x" : -12.708204,
      "y" : -10.09017,
      "z" : -26.798374
    }, {
      "x" : -8.472136,
      "y" : -11.708204,
      "z" : -15.708204
    }, {
      "x" : 0.0,
      "y" : -11.708204,
      "z" : -7.236068
    }, {
      "x" : -4.236068,
      "y" : -10.09017,
      "z" : -18.326239
    } ],
    "faces" : [ {
      "vertices" : [ 0, 1, 2 ]
    }, {
      "vertices" : [ 0, 2, 3 ]
    }, {
      "vertices" : [ 0, 3, 2 ]
    }, {
      "vertices" : [ 0, 2, 1 ]
    } ]
  }, {
    "id" : "0bc45e18-a7fc-47a9-864b-835f1f14f7b6",
    "vertices" : [ {
      "x" : 20.562305,
      "y" : 41.742645,
      "z" : -7.472136
    }, {
      "x" : 9.472136,
      "y" : 37.506577,
      "z" : -9.09017
    }, {
      "x" : 12.09017,
      "y" : 28.034441,
      "z" : -2.236068
    }, {
      "x" : 23.18034,
      "y" : 32.27051,
      "z" : -0.618034
    } ],
    "faces" : [ {
      "vertices" : [ 0, 1, 2 ]
    }, {
      "vertices" : [ 0, 2, 3 ]
    }, {
      "vertices" : [ 0, 3, 2 ]
    }, {
      "vertices" : [ 0, 2, 1 ]
    } ]
  }, {
    "id" : "c7759ad6-eafa-4125-ab5c-9c7e2a952e18",
    "vertices" : [ {
      "x" : -20.562305,
      "y" : -38.506577,
      "z" : -31.652475
    }, {
      "x" : -29.034441,
      "y" : -38.506577,
      "z" : -23.18034
    }, {
      "x" : -31.652475,
      "y" : -29.034441,
      "z" : -30.034441
    }, {
      "x" : -23.18034,
      "y" : -29.034441,
      "z" : -38.506577
    } ],
    "faces" : [ {
      "vertices" : [ 0, 1, 2 ]
    }, {
      "vertices" : [ 0, 2, 3 ]
    }, {
      "vertices" : [ 0, 3, 2 ]
    }, {
      "vertices" : [ 0, 2, 1 ]
    } ]
  }, {
    "id" : "c867afe3-aadf-453b-95b3-8417b9d3ea85",
    "vertices" : [ {
      "x" : -35.888542,
      "y" : -30.652475,
      "z" : -18.944271
    }, {
      "x" : -31.652475,
      "y" : -32.27051,
      "z" : -7.854102
    }, {
      "x" : -29.034441,
      "y" : -22.798374,
      "z" : -14.708204
    }, {
      "x" : -33.27051,
      "y" : -21.18034,
      "z" : -25.798374
    } ],
    "faces" : [ {
      "vertices" : [ 0, 1, 2 ]
    }, {
      "vertices" : [ 0, 2, 3 ]
    }, {
      "vertices" : [ 0, 3, 2 ]
    }, {
      "vertices" : [ 0, 2, 1 ]
    } ]
  }, {
    "id" : "5f8a287c-7494-4894-96ee-691f37dcee05",
    "vertices" : [ {
      "x" : 31.652475,
      "y" : -29.034441,
      "z" : -30.034441
    }, {
      "x" : 29.034441,
      "y" : -19.562305,
      "z" : -36.888542
    }, {
      "x" : 33.27051,
      "y" : -21.18034,
      "z" : -25.798374
    }, {
      "x" : 35.888542,
      "y" : -30.652475,
      "z" : -18.944271
    } ],
    "faces" : [ {
      "vertices" : [ 0, 1, 2 ]
    }, {
      "vertices" : [ 0, 2, 3 ]
    }, {
      "vertices" : [ 0, 3, 2 ]
    }, {
      "vertices" : [ 0, 2, 1 ]
    } ]
  }, {
    "id" : "b7fbb3ee-f132-46c2-92d5-acbf7b632d94",
    "vertices" : [ {
      "x" : 8.472136,
      "y" : -52.832817,
      "z" : 0.0
    }, {
      "x" : 0.0,
      "y" : -52.832817,
      "z" : -8.472136
    }, {
      "x" : 4.236068,
      "y" : -51.214783,
      "z" : -19.562305
    }, {
      "x" : 12.708204,
      "y" : -51.214783,
      "z" : -11.09017
    } ],
    "faces" : [ {
      "vertices" : [ 0, 1, 2 ]
    }, {
      "vertices" : [ 0, 2, 3 ]
    }, {
      "vertices" : [ 0, 3, 2 ]
    }, {
      "vertices" : [ 0, 2, 1 ]
    } ]
  }, {
    "id" : "f8617cf9-670a-427b-9d1f-3d0ccea06bd5",
    "vertices" : [ {
      "x" : -29.034441,
      "y" : 22.798374,
      "z" : 14.708204
    }, {
      "x" : -19.562305,
      "y" : 15.944272,
      "z" : 17.326239
    }, {
      "x" : -11.09017,
      "y" : 15.944272,
      "z" : 8.854102
    }, {
      "x" : -20.562305,
      "y" : 22.798374,
      "z" : 6.236068
    } ],
    "faces" : [ {
      "vertices" : [ 0, 1, 2 ]
    }, {
      "vertices" : [ 0, 2, 3 ]
    }, {
      "vertices" : [ 0, 3, 2 ]
    }, {
      "vertices" : [ 0, 2, 1 ]
    } ]
  }, {
    "id" : "1ceafa5f-95f4-4e5c-a1db-ff7d895837d8",
    "vertices" : [ {
      "x" : 33.27051,
      "y" : -40.12461,
      "z" : -12.09017
    }, {
      "x" : 35.888542,
      "y" : -30.652475,
      "z" : -18.944271
    }, {
      "x" : 31.652475,
      "y" : -32.27051,
      "z" : -7.854102
    }, {
      "x" : 29.034441,
      "y" : -41.742645,
      "z" : -1.0
    } ],
    "faces" : [ {
      "vertices" : [ 0, 1, 2 ]
    }, {
      "vertices" : [ 0, 2, 3 ]
    }, {
      "vertices" : [ 0, 3, 2 ]
    }, {
      "vertices" : [ 0, 2, 1 ]
    } ]
  }, {
    "id" : "e073652a-1202-40b4-a872-246f3d03c058",
    "vertices" : [ {
      "x" : -29.034441,
      "y" : -38.506577,
      "z" : -23.18034
    }, {
      "x" : -20.562305,
      "y" : -38.506577,
      "z" : -31.652475
    }, {
      "x" : -11.09017,
      "y" : -45.36068,
      "z" : -29.034441
    }, {
      "x" : -19.562305,
      "y" : -45.36068,
      "z" : -20.562305
    } ],
    "faces" : [ {
      "vertices" : [ 0, 1, 2 ]
    }, {
      "vertices" : [ 0, 2, 3 ]
    }, {
      "vertices" : [ 0, 3, 2 ]
    }, {
      "vertices" : [ 0, 2, 1 ]
    } ]
  }, {
    "id" : "53981886-9b50-49ed-be90-4c430e2243bc",
    "vertices" : [ {
      "x" : 19.562305,
      "y" : -45.36068,
      "z" : -20.562305
    }, {
      "x" : 8.472136,
      "y" : -49.59675,
      "z" : -22.18034
    }, {
      "x" : 0.0,
      "y" : -49.59675,
      "z" : -30.652475
    }, {
      "x" : 11.09017,
      "y" : -45.36068,
      "z" : -29.034441
    } ],
    "faces" : [ {
      "vertices" : [ 0, 1, 2 ]
    }, {
      "vertices" : [ 0, 2, 3 ]
    }, {
      "vertices" : [ 0, 3, 2 ]
    }, {
      "vertices" : [ 0, 2, 1 ]
    } ]
  }, {
    "id" : "060dcfdb-7cf9-4045-8fdd-1ffa001f9d7b",
    "vertices" : [ {
      "x" : 29.034441,
      "y" : 41.742645,
      "z" : 1.0
    }, {
      "x" : 20.562305,
      "y" : 41.742645,
      "z" : -7.472136
    }, {
      "x" : 23.18034,
      "y" : 32.27051,
      "z" : -0.618034
    }, {
      "x" : 31.652475,
      "y" : 32.27051,
      "z" : 7.854102
    } ],
    "faces" : [ {
      "vertices" : [ 0, 1, 2 ]
    }, {
      "vertices" : [ 0, 2, 3 ]
    }, {
      "vertices" : [ 0, 3, 2 ]
    }, {
      "vertices" : [ 0, 2, 1 ]
    } ]
  }, {
    "id" : "6da44d32-f9c3-4a6a-9678-519fce650035",
    "vertices" : [ {
      "x" : -29.034441,
      "y" : -22.798374,
      "z" : -14.708204
    }, {
      "x" : -20.562305,
      "y" : -22.798374,
      "z" : -6.236068
    }, {
      "x" : -11.09017,
      "y" : -15.944272,
      "z" : -8.854102
    }, {
      "x" : -19.562305,
      "y" : -15.944272,
      "z" : -17.326239
    } ],
    "faces" : [ {
      "vertices" : [ 0, 1, 2 ]
    }, {
      "vertices" : [ 0, 2, 3 ]
    }, {
      "vertices" : [ 0, 3, 2 ]
    }, {
      "vertices" : [ 0, 2, 1 ]
    } ]
  }, {
    "id" : "6e2bfe85-6fa2-452c-88a7-f5977d7cce9c",
    "vertices" : [ {
      "x" : -9.472136,
      "y" : 23.798374,
      "z" : 46.978714
    }, {
      "x" : 0.0,
      "y" : 16.944271,
      "z" : 49.59675
    }, {
      "x" : -11.09017,
      "y" : 12.708204,
      "z" : 47.978714
    }, {
      "x" : -20.562305,
      "y" : 19.562305,
      "z" : 45.36068
    } ],
    "faces" : [ {
      "vertices" : [ 0, 1, 2 ]
    }, {
      "vertices" : [ 0, 2, 3 ]
    }, {
      "vertices" : [ 0, 3, 2 ]
    }, {
      "vertices" : [ 0, 2, 1 ]
    } ]
  }, {
    "id" : "bdead5ef-dbb4-4840-967d-89e7cf43e9f5",
    "vertices" : [ {
      "x" : -11.09017,
      "y" : 48.59675,
      "z" : -10.09017
    }, {
      "x" : -20.562305,
      "y" : 41.742645,
      "z" : -7.472136
    }, {
      "x" : -9.472136,
      "y" : 37.506577,
      "z" : -9.09017
    }, {
      "x" : 0.0,
      "y" : 44.36068,
      "z" : -11.708204
    } ],
    "faces" : [ {
      "vertices" : [ 0, 1, 2 ]
    }, {
      "vertices" : [ 0, 2, 3 ]
    }, {
      "vertices" : [ 0, 3, 2 ]
    }, {
      "vertices" : [ 0, 2, 1 ]
    } ]
  }, {
    "id" : "e999e1a2-aea2-4121-9fe1-67edf4d9986a",
    "vertices" : [ {
      "x" : 9.472136,
      "y" : -37.506577,
      "z" : 9.09017
    }, {
      "x" : 12.09017,
      "y" : -28.034441,
      "z" : 2.236068
    }, {
      "x" : 2.618034,
      "y" : -21.18034,
      "z" : -0.38196602
    }, {
      "x" : 0.0,
      "y" : -30.652475,
      "z" : 6.472136
    } ],
    "faces" : [ {
      "vertices" : [ 0, 1, 2 ]
    }, {
      "vertices" : [ 0, 2, 3 ]
    }, {
      "vertices" : [ 0, 3, 2 ]
    }, {
      "vertices" : [ 0, 2, 1 ]
    } ]
  }, {
    "id" : "4c8b940c-afde-4aba-8c87-b8437610f415",
    "vertices" : [ {
      "x" : -19.562305,
      "y" : 15.944272,
      "z" : 17.326239
    }, {
      "x" : -8.472136,
      "y" : 11.708204,
      "z" : 15.708204
    }, {
      "x" : 0.0,
      "y" : 11.708204,
      "z" : 7.236068
    }, {
      "x" : -11.09017,
      "y" : 15.944272,
      "z" : 8.854102
    } ],
    "faces" : [ {
      "vertices" : [ 0, 1, 2 ]
    }, {
      "vertices" : [ 0, 2, 3 ]
    }, {
      "vertices" : [ 0, 3, 2 ]
    }, {
      "vertices" : [ 0, 2, 1 ]
    } ]
  }, {
    "id" : "c176279e-8b3c-49a2-b817-a2496c9fef9e",
    "vertices" : [ {
      "x" : -23.18034,
      "y" : 32.27051,
      "z" : -0.618034
    }, {
      "x" : -20.562305,
      "y" : 22.798374,
      "z" : 6.236068
    }, {
      "x" : -9.472136,
      "y" : 18.562305,
      "z" : 4.618034
    }, {
      "x" : -12.09017,
      "y" : 28.034441,
      "z" : -2.236068
    } ],
    "faces" : [ {
      "vertices" : [ 0, 1, 2 ]
    }, {
      "vertices" : [ 0, 2, 3 ]
    }, {
      "vertices" : [ 0, 3, 2 ]
    }, {
      "vertices" : [ 0, 2, 1 ]
    } ]
  }, {
    "id" : "459cddef-d7db-49ee-9d91-1df87a44197e",
    "vertices" : [ {
      "x" : 9.472136,
      "y" : 23.798374,
      "z" : 46.978714
    }, {
      "x" : 12.09017,
      "y" : 33.27051,
      "z" : 40.12461
    }, {
      "x" : 23.18034,
      "y" : 29.034441,
      "z" : 38.506577
    }, {
      "x" : 20.562305,
      "y" : 19.562305,
      "z" : 45.36068
    } ],
    "faces" : [ {
      "vertices" : [ 0, 1, 2 ]
    }, {
      "vertices" : [ 0, 2, 3 ]
    }, {
      "vertices" : [ 0, 3, 2 ]
    }, {
      "vertices" : [ 0, 2, 1 ]
    } ]
  }, {
    "id" : "1b47a7d0-caee-4119-b2e3-3ce52a2650dc",
    "vertices" : [ {
      "x" : -31.652475,
      "y" : 32.27051,
      "z" : 7.854102
    }, {
      "x" : -29.034441,
      "y" : 22.798374,
      "z" : 14.708204
    }, {
      "x" : -20.562305,
      "y" : 22.798374,
      "z" : 6.236068
    }, {
      "x" : -23.18034,
      "y" : 32.27051,
      "z" : -0.618034
    } ],
    "faces" : [ {
      "vertices" : [ 0, 1, 2 ]
    }, {
      "vertices" : [ 0, 2, 3 ]
    }, {
      "vertices" : [ 0, 3, 2 ]
    }, {
      "vertices" : [ 0, 2, 1 ]
    } ]
  }, {
    "id" : "91b4b8f3-a3c7-4d06-b809-21433bb2b3bd",
    "vertices" : [ {
      "x" : 31.652475,
      "y" : -32.27051,
      "z" : -7.854102
    }, {
      "x" : 29.034441,
      "y" : -22.798374,
      "z" : -14.708204
    }, {
      "x" : 20.562305,
      "y" : -22.798374,
      "z" : -6.236068
    }, {
      "x" : 23.18034,
      "y" : -32.27051,
      "z" : 0.618034
    } ],
    "faces" : [ {
      "vertices" : [ 0, 1, 2 ]
    }, {
      "vertices" : [ 0, 2, 3 ]
    }, {
      "vertices" : [ 0, 3, 2 ]
    }, {
      "vertices" : [ 0, 2, 1 ]
    } ]
  }, {
    "id" : "26552f51-6680-4cfe-9476-637d898547e4",
    "vertices" : [ {
      "x" : -9.472136,
      "y" : -37.506577,
      "z" : 9.09017
    }, {
      "x" : 0.0,
      "y" : -30.652475,
      "z" : 6.472136
    }, {
      "x" : -2.618034,
      "y" : -21.18034,
      "z" : -0.38196602
    }, {
      "x" : -12.09017,
      "y" : -28.034441,
      "z" : 2.236068
    } ],
    "faces" : [ {
      "vertices" : [ 0, 1, 2 ]
    }, {
      "vertices" : [ 0, 2, 3 ]
    }, {
      "vertices" : [ 0, 3, 2 ]
    }, {
      "vertices" : [ 0, 2, 1 ]
    } ]
  }, {
    "id" : "ba3fedf7-f09f-4377-97ab-9aa7845924df",
    "vertices" : [ {
      "x" : -12.708204,
      "y" : 51.214783,
      "z" : 11.09017
    }, {
      "x" : -23.798374,
      "y" : 46.978714,
      "z" : 9.472136
    }, {
      "x" : -19.562305,
      "y" : 48.59675,
      "z" : -1.618034
    }, {
      "x" : -8.472136,
      "y" : 52.832817,
      "z" : 0.0
    } ],
    "faces" : [ {
      "vertices" : [ 0, 1, 2 ]
    }, {
      "vertices" : [ 0, 2, 3 ]
    }, {
      "vertices" : [ 0, 3, 2 ]
    }, {
      "vertices" : [ 0, 2, 1 ]
    } ]
  }, {
    "id" : "1579a271-8795-4ff2-88ad-4666ceb9e96f",
    "vertices" : [ {
      "x" : -11.09017,
      "y" : -48.59675,
      "z" : 10.09017
    }, {
      "x" : 0.0,
      "y" : -44.36068,
      "z" : 11.708204
    }, {
      "x" : -9.472136,
      "y" : -37.506577,
      "z" : 9.09017
    }, {
      "x" : -20.562305,
      "y" : -41.742645,
      "z" : 7.472136
    } ],
    "faces" : [ {
      "vertices" : [ 0, 1, 2 ]
    }, {
      "vertices" : [ 0, 2, 3 ]
    }, {
      "vertices" : [ 0, 3, 2 ]
    }, {
      "vertices" : [ 0, 2, 1 ]
    } ]
  }, {
    "id" : "f3b65b7e-e1df-4747-a7b2-ce23312df53b",
    "vertices" : [ {
      "x" : 23.18034,
      "y" : 29.034441,
      "z" : 38.506577
    }, {
      "x" : 20.562305,
      "y" : 38.506577,
      "z" : 31.652475
    }, {
      "x" : 9.472136,
      "y" : 42.742645,
      "z" : 33.27051
    }, {
      "x" : 12.09017,
      "y" : 33.27051,
      "z" : 40.12461
    } ],
    "faces" : [ {
      "vertices" : [ 0, 1, 2 ]
    }, {
      "vertices" : [ 0, 2, 3 ]
    }, {
      "vertices" : [ 0, 3, 2 ]
    }, {
      "vertices" : [ 0, 2, 1 ]
    } ]
  }, {
    "id" : "e4175550-b471-4e48-b889-dc0f5dfd9c7d",
    "vertices" : [ {
      "x" : 11.09017,
      "y" : -12.708204,
      "z" : -47.978714
    }, {
      "x" : 0.0,
      "y" : -8.472136,
      "z" : -46.36068
    }, {
      "x" : 8.472136,
      "y" : -8.472136,
      "z" : -37.888542
    }, {
      "x" : 19.562305,
      "y" : -12.708204,
      "z" : -39.506577
    } ],
    "faces" : [ {
      "vertices" : [ 0, 1, 2 ]
    }, {
      "vertices" : [ 0, 2, 3 ]
    }, {
      "vertices" : [ 0, 3, 2 ]
    }, {
      "vertices" : [ 0, 2, 1 ]
    } ]
  }, {
    "id" : "9f6cc21f-bf31-46ed-8fa1-45c3c4e55201",
    "vertices" : [ {
      "x" : 29.034441,
      "y" : -38.506577,
      "z" : -23.18034
    }, {
      "x" : 31.652475,
      "y" : -29.034441,
      "z" : -30.034441
    }, {
      "x" : 35.888542,
      "y" : -30.652475,
      "z" : -18.944271
    }, {
      "x" : 33.27051,
      "y" : -40.12461,
      "z" : -12.09017
    } ],
    "faces" : [ {
      "vertices" : [ 0, 1, 2 ]
    }, {
      "vertices" : [ 0, 2, 3 ]
    }, {
      "vertices" : [ 0, 3, 2 ]
    }, {
      "vertices" : [ 0, 2, 1 ]
    } ]
  }, {
    "id" : "83948329-2e5e-46a3-a3d1-01f04379d5a8",
    "vertices" : [ {
      "x" : 0.0,
      "y" : 8.472136,
      "z" : 46.36068
    }, {
      "x" : 8.472136,
      "y" : 8.472136,
      "z" : 37.888542
    }, {
      "x" : 0.0,
      "y" : 8.472136,
      "z" : 29.416409
    }, {
      "x" : -8.472136,
      "y" : 8.472136,
      "z" : 37.888542
    } ],
    "faces" : [ {
      "vertices" : [ 0, 1, 2 ]
    }, {
      "vertices" : [ 0, 2, 3 ]
    }, {
      "vertices" : [ 0, 3, 2 ]
    }, {
      "vertices" : [ 0, 2, 1 ]
    } ]
  }, {
    "id" : "15c7c3d4-cd9d-4df0-afe1-fe66c619c030",
    "vertices" : [ {
      "x" : 29.034441,
      "y" : -19.562305,
      "z" : -36.888542
    }, {
      "x" : 19.562305,
      "y" : -12.708204,
      "z" : -39.506577
    }, {
      "x" : 23.798374,
      "y" : -14.326238,
      "z" : -28.416409
    }, {
      "x" : 33.27051,
      "y" : -21.18034,
      "z" : -25.798374
    } ],
    "faces" : [ {
      "vertices" : [ 0, 1, 2 ]
    }, {
      "vertices" : [ 0, 2, 3 ]
    }, {
      "vertices" : [ 0, 3, 2 ]
    }, {
      "vertices" : [ 0, 2, 1 ]
    } ]
  }, {
    "id" : "f491cd60-6fe3-4e25-93c5-cc79b89761ed",
    "vertices" : [ {
      "x" : 23.798374,
      "y" : 46.978714,
      "z" : 9.472136
    }, {
      "x" : 12.708204,
      "y" : 51.214783,
      "z" : 11.09017
    }, {
      "x" : 8.472136,
      "y" : 49.59675,
      "z" : 22.18034
    }, {
      "x" : 19.562305,
      "y" : 45.36068,
      "z" : 20.562305
    } ],
    "faces" : [ {
      "vertices" : [ 0, 1, 2 ]
    }, {
      "vertices" : [ 0, 2, 3 ]
    }, {
      "vertices" : [ 0, 3, 2 ]
    }, {
      "vertices" : [ 0, 2, 1 ]
    } ]
  }, {
    "id" : "9918f349-417f-46cf-837a-9502dce57561",
    "vertices" : [ {
      "x" : 12.708204,
      "y" : -10.09017,
      "z" : -26.798374
    }, {
      "x" : 4.236068,
      "y" : -10.09017,
      "z" : -18.326239
    }, {
      "x" : 0.0,
      "y" : -11.708204,
      "z" : -7.236068
    }, {
      "x" : 8.472136,
      "y" : -11.708204,
      "z" : -15.708204
    } ],
    "faces" : [ {
      "vertices" : [ 0, 1, 2 ]
    }, {
      "vertices" : [ 0, 2, 3 ]
    }, {
      "vertices" : [ 0, 3, 2 ]
    }, {
      "vertices" : [ 0, 2, 1 ]
    } ]
  }, {
    "id" : "439dea9b-ba3f-4f10-9a58-658cff689995",
    "vertices" : [ {
      "x" : 0.0,
      "y" : -52.832817,
      "z" : -8.472136
    }, {
      "x" : -4.236068,
      "y" : -51.214783,
      "z" : -19.562305
    }, {
      "x" : 0.0,
      "y" : -49.59675,
      "z" : -30.652475
    }, {
      "x" : 4.236068,
      "y" : -51.214783,
      "z" : -19.562305
    } ],
    "faces" : [ {
      "vertices" : [ 0, 1, 2 ]
    }, {
      "vertices" : [ 0, 2, 3 ]
    }, {
      "vertices" : [ 0, 3, 2 ]
    }, {
      "vertices" : [ 0, 2, 1 ]
    } ]
  }, {
    "id" : "64d1b19a-a0dd-4145-88a5-3794fc785241",
    "vertices" : [ {
      "x" : 12.708204,
      "y" : 51.214783,
      "z" : 11.09017
    }, {
      "x" : 8.472136,
      "y" : 52.832817,
      "z" : 0.0
    }, {
      "x" : 19.562305,
      "y" : 48.59675,
      "z" : -1.618034
    }, {
      "x" : 23.798374,
      "y" : 46.978714,
      "z" : 9.472136
    } ],
    "faces" : [ {
      "vertices" : [ 0, 1, 2 ]
    }, {
      "vertices" : [ 0, 2, 3 ]
    }, {
      "vertices" : [ 0, 3, 2 ]
    }, {
      "vertices" : [ 0, 2, 1 ]
    } ]
  }, {
    "id" : "dd8523d6-e56b-4418-81e9-d5b5e6ad05ab",
    "vertices" : [ {
      "x" : 9.472136,
      "y" : 23.798374,
      "z" : 46.978714
    }, {
      "x" : 20.562305,
      "y" : 19.562305,
      "z" : 45.36068
    }, {
      "x" : 11.09017,
      "y" : 12.708204,
      "z" : 47.978714
    }, {
      "x" : 0.0,
      "y" : 16.944271,
      "z" : 49.59675
    } ],
    "faces" : [ {
      "vertices" : [ 0, 1, 2 ]
    }, {
      "vertices" : [ 0, 2, 3 ]
    }, {
      "vertices" : [ 0, 3, 2 ]
    }, {
      "vertices" : [ 0, 2, 1 ]
    } ]
  }, {
    "id" : "fb39fb3e-c02e-49d1-954e-388c9d594b3f",
    "vertices" : [ {
      "x" : -8.472136,
      "y" : -8.472136,
      "z" : -37.888542
    }, {
      "x" : -12.708204,
      "y" : -10.09017,
      "z" : -26.798374
    }, {
      "x" : -4.236068,
      "y" : -10.09017,
      "z" : -18.326239
    }, {
      "x" : 0.0,
      "y" : -8.472136,
      "z" : -29.416409
    } ],
    "faces" : [ {
      "vertices" : [ 0, 1, 2 ]
    }, {
      "vertices" : [ 0, 2, 3 ]
    }, {
      "vertices" : [ 0, 3, 2 ]
    }, {
      "vertices" : [ 0, 2, 1 ]
    } ]
  }, {
    "id" : "d5c91e1c-39b2-4889-a27f-b106023518be",
    "vertices" : [ {
      "x" : -8.472136,
      "y" : 52.832817,
      "z" : 0.0
    }, {
      "x" : -12.708204,
      "y" : 51.214783,
      "z" : 11.09017
    }, {
      "x" : -4.236068,
      "y" : 51.214783,
      "z" : 19.562305
    }, {
      "x" : 0.0,
      "y" : 52.832817,
      "z" : 8.472136
    } ],
    "faces" : [ {
      "vertices" : [ 0, 1, 2 ]
    }, {
      "vertices" : [ 0, 2, 3 ]
    }, {
      "vertices" : [ 0, 3, 2 ]
    }, {
      "vertices" : [ 0, 2, 1 ]
    } ]
  }, {
    "id" : "5e9793a3-6b4f-4c70-98b0-2302a792cd04",
    "vertices" : [ {
      "x" : 23.18034,
      "y" : -29.034441,
      "z" : -38.506577
    }, {
      "x" : 20.562305,
      "y" : -19.562305,
      "z" : -45.36068
    }, {
      "x" : 29.034441,
      "y" : -19.562305,
      "z" : -36.888542
    }, {
      "x" : 31.652475,
      "y" : -29.034441,
      "z" : -30.034441
    } ],
    "faces" : [ {
      "vertices" : [ 0, 1, 2 ]
    }, {
      "vertices" : [ 0, 2, 3 ]
    }, {
      "vertices" : [ 0, 3, 2 ]
    }, {
      "vertices" : [ 0, 2, 1 ]
    } ]
  }, {
    "id" : "658bcf73-9ba3-455b-9f45-3f290ee61f2c",
    "vertices" : [ {
      "x" : 23.18034,
      "y" : 29.034441,
      "z" : 38.506577
    }, {
      "x" : 31.652475,
      "y" : 29.034441,
      "z" : 30.034441
    }, {
      "x" : 29.034441,
      "y" : 19.562305,
      "z" : 36.888542
    }, {
      "x" : 20.562305,
      "y" : 19.562305,
      "z" : 45.36068
    } ],
    "faces" : [ {
      "vertices" : [ 0, 1, 2 ]
    }, {
      "vertices" : [ 0, 2, 3 ]
    }, {
      "vertices" : [ 0, 3, 2 ]
    }, {
      "vertices" : [ 0, 2, 1 ]
    } ]
  }, {
    "id" : "d990a952-44d5-480d-b21c-5e7069f73792",
    "vertices" : [ {
      "x" : -23.18034,
      "y" : -29.034441,
      "z" : -38.506577
    }, {
      "x" : -12.09017,
      "y" : -33.27051,
      "z" : -40.12461
    }, {
      "x" : -9.472136,
      "y" : -23.798374,
      "z" : -46.978714
    }, {
      "x" : -20.562305,
      "y" : -19.562305,
      "z" : -45.36068
    } ],
    "faces" : [ {
      "vertices" : [ 0, 1, 2 ]
    }, {
      "vertices" : [ 0, 2, 3 ]
    }, {
      "vertices" : [ 0, 3, 2 ]
    }, {
      "vertices" : [ 0, 2, 1 ]
    } ]
  }, {
    "id" : "6a2b18b1-ee2d-4564-94f3-f16011c68251",
    "vertices" : [ {
      "x" : 12.09017,
      "y" : -33.27051,
      "z" : -40.12461
    }, {
      "x" : 9.472136,
      "y" : -42.742645,
      "z" : -33.27051
    }, {
      "x" : 0.0,
      "y" : -49.59675,
      "z" : -30.652475
    }, {
      "x" : 2.618034,
      "y" : -40.12461,
      "z" : -37.506577
    } ],
    "faces" : [ {
      "vertices" : [ 0, 1, 2 ]
    }, {
      "vertices" : [ 0, 2, 3 ]
    }, {
      "vertices" : [ 0, 3, 2 ]
    }, {
      "vertices" : [ 0, 2, 1 ]
    } ]
  }, {
    "id" : "33046043-128f-4e66-9229-ebbb057aad47",
    "vertices" : [ {
      "x" : 0.0,
      "y" : 44.36068,
      "z" : -11.708204
    }, {
      "x" : -9.472136,
      "y" : 37.506577,
      "z" : -9.09017
    }, {
      "x" : 0.0,
      "y" : 30.652475,
      "z" : -6.472136
    }, {
      "x" : 9.472136,
      "y" : 37.506577,
      "z" : -9.09017
    } ],
    "faces" : [ {
      "vertices" : [ 0, 1, 2 ]
    }, {
      "vertices" : [ 0, 2, 3 ]
    }, {
      "vertices" : [ 0, 3, 2 ]
    }, {
      "vertices" : [ 0, 2, 1 ]
    } ]
  }, {
    "id" : "643052fb-1f69-45ef-b71c-406936bcabf7",
    "vertices" : [ {
      "x" : 29.034441,
      "y" : 22.798374,
      "z" : 14.708204
    }, {
      "x" : 20.562305,
      "y" : 22.798374,
      "z" : 6.236068
    }, {
      "x" : 11.09017,
      "y" : 15.944272,
      "z" : 8.854102
    }, {
      "x" : 19.562305,
      "y" : 15.944272,
      "z" : 17.326239
    } ],
    "faces" : [ {
      "vertices" : [ 0, 1, 2 ]
    }, {
      "vertices" : [ 0, 2, 3 ]
    }, {
      "vertices" : [ 0, 3, 2 ]
    }, {
      "vertices" : [ 0, 2, 1 ]
    } ]
  }, {
    "id" : "e667f4ec-41d1-4745-a08b-5e09a6bb6568",
    "vertices" : [ {
      "x" : 12.09017,
      "y" : -28.034441,
      "z" : 2.236068
    }, {
      "x" : 9.472136,
      "y" : -18.562305,
      "z" : -4.618034
    }, {
      "x" : 0.0,
      "y" : -11.708204,
      "z" : -7.236068
    }, {
      "x" : 2.618034,
      "y" : -21.18034,
      "z" : -0.38196602
    } ],
    "faces" : [ {
      "vertices" : [ 0, 1, 2 ]
    }, {
      "vertices" : [ 0, 2, 3 ]
    }, {
      "vertices" : [ 0, 3, 2 ]
    }, {
      "vertices" : [ 0, 2, 1 ]
    } ]
  }, {
    "id" : "342075ca-23d1-435c-8523-cdb64333c11c",
    "vertices" : [ {
      "x" : -20.562305,
      "y" : 22.798374,
      "z" : 6.236068
    }, {
      "x" : -11.09017,
      "y" : 15.944272,
      "z" : 8.854102
    }, {
      "x" : 0.0,
      "y" : 11.708204,
      "z" : 7.236068
    }, {
      "x" : -9.472136,
      "y" : 18.562305,
      "z" : 4.618034
    } ],
    "faces" : [ {
      "vertices" : [ 0, 1, 2 ]
    }, {
      "vertices" : [ 0, 2, 3 ]
    }, {
      "vertices" : [ 0, 3, 2 ]
    }, {
      "vertices" : [ 0, 2, 1 ]
    } ]
  }, {
    "id" : "9177ef21-282f-4851-9460-710a4a1ff95b",
    "vertices" : [ {
      "x" : 12.708204,
      "y" : 10.09017,
      "z" : 26.798374
    }, {
      "x" : 8.472136,
      "y" : 11.708204,
      "z" : 15.708204
    }, {
      "x" : 0.0,
      "y" : 11.708204,
      "z" : 7.236068
    }, {
      "x" : 4.236068,
      "y" : 10.09017,
      "z" : 18.326239
    } ],
    "faces" : [ {
      "vertices" : [ 0, 1, 2 ]
    }, {
      "vertices" : [ 0, 2, 3 ]
    }, {
      "vertices" : [ 0, 3, 2 ]
    }, {
      "vertices" : [ 0, 2, 1 ]
    } ]
  }, {
    "id" : "100faf8e-da87-462b-acae-dbdf8f3eb353",
    "vertices" : [ {
      "x" : 0.0,
      "y" : 52.832817,
      "z" : -8.472136
    }, {
      "x" : -11.09017,
      "y" : 48.59675,
      "z" : -10.09017
    }, {
      "x" : 0.0,
      "y" : 44.36068,
      "z" : -11.708204
    }, {
      "x" : 11.09017,
      "y" : 48.59675,
      "z" : -10.09017
    } ],
    "faces" : [ {
      "vertices" : [ 0, 1, 2 ]
    }, {
      "vertices" : [ 0, 2, 3 ]
    }, {
      "vertices" : [ 0, 3, 2 ]
    }, {
      "vertices" : [ 0, 2, 1 ]
    } ]
  }, {
    "id" : "8fe7c0c6-cd8e-4496-a98f-d82c6dfac4f9",
    "vertices" : [ {
      "x" : 8.472136,
      "y" : 52.832817,
      "z" : 0.0
    }, {
      "x" : 0.0,
      "y" : 52.832817,
      "z" : -8.472136
    }, {
      "x" : 11.09017,
      "y" : 48.59675,
      "z" : -10.09017
    }, {
      "x" : 19.562305,
      "y" : 48.59675,
      "z" : -1.618034
    } ],
    "faces" : [ {
      "vertices" : [ 0, 1, 2 ]
    }, {
      "vertices" : [ 0, 2, 3 ]
    }, {
      "vertices" : [ 0, 3, 2 ]
    }, {
      "vertices" : [ 0, 2, 1 ]
    } ]
  }, {
    "id" : "fdd5404c-365a-485c-a793-3826c80d5a0d",
    "vertices" : [ {
      "x" : -33.27051,
      "y" : 40.12461,
      "z" : 12.09017
    }, {
      "x" : -35.888542,
      "y" : 30.652475,
      "z" : 18.944271
    }, {
      "x" : -31.652475,
      "y" : 32.27051,
      "z" : 7.854102
    }, {
      "x" : -29.034441,
      "y" : 41.742645,
      "z" : 1.0
    } ],
    "faces" : [ {
      "vertices" : [ 0, 1, 2 ]
    }, {
      "vertices" : [ 0, 2, 3 ]
    }, {
      "vertices" : [ 0, 3, 2 ]
    }, {
      "vertices" : [ 0, 2, 1 ]
    } ]
  }, {
    "id" : "89dc2082-070f-48a7-8eb0-853dfa402851",
    "vertices" : [ {
      "x" : 19.562305,
      "y" : -48.59675,
      "z" : 1.618034
    }, {
      "x" : 29.034441,
      "y" : -41.742645,
      "z" : -1.0
    }, {
      "x" : 20.562305,
      "y" : -41.742645,
      "z" : 7.472136
    }, {
      "x" : 11.09017,
      "y" : -48.59675,
      "z" : 10.09017
    } ],
    "faces" : [ {
      "vertices" : [ 0, 1, 2 ]
    }, {
      "vertices" : [ 0, 2, 3 ]
    }, {
      "vertices" : [ 0, 3, 2 ]
    }, {
      "vertices" : [ 0, 2, 1 ]
    } ]
  }, {
    "id" : "a9a83733-e8bb-4ebb-baa3-dad0e74ae13c",
    "vertices" : [ {
      "x" : 23.798374,
      "y" : 46.978714,
      "z" : 9.472136
    }, {
      "x" : 19.562305,
      "y" : 48.59675,
      "z" : -1.618034
    }, {
      "x" : 29.034441,
      "y" : 41.742645,
      "z" : 1.0
    }, {
      "x" : 33.27051,
      "y" : 40.12461,
      "z" : 12.09017
    } ],
    "faces" : [ {
      "vertices" : [ 0, 1, 2 ]
    }, {
      "vertices" : [ 0, 2, 3 ]
    }, {
      "vertices" : [ 0, 3, 2 ]
    }, {
      "vertices" : [ 0, 2, 1 ]
    } ]
