{
  "field" : "golden",
  "symmetry" : "icosahedral",
  "orientations" : [ [ 1.0, 0.0, 0.0, 0.0, 0.0, 1.0, 0.0, 0.0, 0.0, 0.0, 1.0, 0.0, 0.0, 0.0, 0.0, 1.0 ], [ 0.0, 0.0, 1.0, 0.0, 1.0, 0.0, 0.0, 0.0, 0.0, 1.0, 0.0, 0.0, 0.0, 0.0, 0.0, 1.0 ], [ 0.0, 1.0, 0.0, 0.0, 0.0, 0.0, 1.0, 0.0, 1.0, 0.0, 0.0, 0.0, 0.0, 0.0, 0.0, 1.0 ], [ 0.809017, 0.309017, 0.5, 0.0, 0.309017, 0.5, -0.809017, 0.0, -0.5, 0.809017, 0.309017, 0.0, 0.0, 0.0, 0.0, 1.0 ], [ -0.5, 0.809017, 0.309017, 0.0, 0.809017, 0.309017, 0.5, 0.0, 0.309017, 0.5, -0.809017, 0.0, 0.0, 0.0, 0.0, 1.0 ], [ 0.309017, 0.5, -0.809017, 0.0, -0.5, 0.809017, 0.309017, 0.0, 0.809017, 0.309017, 0.5, 0.0, 0.0, 0.0, 0.0, 1.0 ], [ 0.5, 0.809017, 0.309017, 0.0, 0.809017, -0.309017, -0.5, 0.0, -0.309017, 0.5, -0.809017, 0.0, 0.0, 0.0, 0.0, 1.0 ], [ -0.309017, 0.5, -0.809017, 0.0, 0.5, 0.809017, 0.309017, 0.0, 0.809017, -0.309017, -0.5, 0.0, 0.0, 0.0, 0.0, 1.0 ], [ 0.809017, -0.309017, -0.5, 0.0, -0.309017, 0.5, -0.809017, 0.0, 0.5, 0.809017, 0.309017, 0.0, 0.0, 0.0, 0.0, 1.0 ], [ 0.5, 0.809017, -0.309017, 0.0, 0.809017, -0.309017, 0.5, 0.0, 0.309017, -0.5, -0.809017, 0.0, 0.0, 0.0, 0.0, 1.0 ], [ 0.309017, -0.5, -0.809017, 0.0, 0.5, 0.809017, -0.309017, 0.0, 0.809017, -0.309017, 0.5, 0.0, 0.0, 0.0, 0.0, 1.0 ], [ 0.809017, -0.309017, 0.5, 0.0, 0.309017, -0.5, -0.809017, 0.0, 0.5, 0.809017, -0.309017, 0.0, 0.0, 0.0, 0.0, 1.0 ], [ 0.809017, 0.309017, -0.5, 0.0, 0.309017, 0.5, 0.809017, 0.0, 0.5, -0.809017, 0.309017, 0.0, 0.0, 0.0, 0.0, 1.0 ], [ 0.5, -0.809017, 0.309017, 0.0, 0.809017, 0.309017, -0.5, 0.0, 0.309017, 0.5, 0.809017, 0.0, 0.0, 0.0, 0.0, 1.0 ], [ 0.309017, 0.5, 0.809017, 0.0, 0.5, -0.809017, 0.309017, 0.0, 0.809017, 0.309017, -0.5, 0.0, 0.0, 0.0, 0.0, 1.0 ], [ 1.0, 0.0, 0.0, 0.0, 0.0, -1.0, 0.0, 0.0, 0.0, 0.0, -1.0, 0.0, 0.0, 0.0, 0.0, 1.0 ], [ 0.0, 0.0, 1.0, 0.0, -1.0, 0.0, 0.0, 0.0, 0.0, -1.0, 0.0, 0.0, 0.0, 0.0, 0.0, 1.0 ], [ 0.0, 1.0, 0.0, 0.0, 0.0, 0.0, -1.0, 0.0, -1.0, 0.0, 0.0, 0.0, 0.0, 0.0, 0.0, 1.0 ], [ 0.809017, 0.309017, 0.5, 0.0, -0.309017, -0.5, 0.809017, 0.0, 0.5, -0.809017, -0.309017, 0.0, 0.0, 0.0, 0.0, 1.0 ], [ -0.5, 0.809017, 0.309017, 0.0, -0.809017, -0.309017, -0.5, 0.0, -0.309017, -0.5, 0.809017, 0.0, 0.0, 0.0, 0.0, 1.0 ], [ 0.309017, 0.5, -0.809017, 0.0, 0.5, -0.809017, -0.309017, 0.0, -0.809017, -0.309017, -0.5, 0.0, 0.0, 0.0, 0.0, 1.0 ], [ 0.5, 0.809017, 0.309017, 0.0, -0.809017, 0.309017, 0.5, 0.0, 0.309017, -0.5, 0.809017, 0.0, 0.0, 0.0, 0.0, 1.0 ], [ -0.309017, 0.5, -0.809017, 0.0, -0.5, -0.809017, -0.309017, 0.0, -0.809017, 0.309017, 0.5, 0.0, 0.0, 0.0, 0.0, 1.0 ], [ 0.809017, -0.309017, -0.5, 0.0, 0.309017, -0.5, 0.809017, 0.0, -0.5, -0.809017, -0.309017, 0.0, 0.0, 0.0, 0.0, 1.0 ], [ 0.5, 0.809017, -0.309017, 0.0, -0.809017, 0.309017, -0.5, 0.0, -0.309017, 0.5, 0.809017, 0.0, 0.0, 0.0, 0.0, 1.0 ], [ 0.309017, -0.5, -0.809017, 0.0, -0.5, -0.809017, 0.309017, 0.0, -0.809017, 0.309017, -0.5, 0.0, 0.0, 0.0, 0.0, 1.0 ], [ 0.809017, -0.309017, 0.5, 0.0, -0.309017, 0.5, 0.809017, 0.0, -0.5, -0.809017, 0.309017, 0.0, 0.0, 0.0, 0.0, 1.0 ], [ 0.809017, 0.309017, -0.5, 0.0, -0.309017, -0.5, -0.809017, 0.0, -0.5, 0.809017, -0.309017, 0.0, 0.0, 0.0, 0.0, 1.0 ], [ 0.5, -0.809017, 0.309017, 0.0, -0.809017, -0.309017, 0.5, 0.0, -0.309017, -0.5, -0.809017, 0.0, 0.0, 0.0, 0.0, 1.0 ], [ 0.309017, 0.5, 0.809017, 0.0, -0.5, 0.809017, -0.309017, 0.0, -0.809017, -0.309017, 0.5, 0.0, 0.0, 0.0, 0.0, 1.0 ], [ -1.0, 0.0, 0.0, 0.0, 0.0, -1.0, 0.0, 0.0, 0.0, 0.0, 1.0, 0.0, 0.0, 0.0, 0.0, 1.0 ], [ 0.0, 0.0, -1.0, 0.0, -1.0, 0.0, 0.0, 0.0, 0.0, 1.0, 0.0, 0.0, 0.0, 0.0, 0.0, 1.0 ], [ 0.0, -1.0, 0.0, 0.0, 0.0, 0.0, -1.0, 0.0, 1.0, 0.0, 0.0, 0.0, 0.0, 0.0, 0.0, 1.0 ], [ -0.809017, -0.309017, -0.5, 0.0, -0.309017, -0.5, 0.809017, 0.0, -0.5, 0.809017, 0.309017, 0.0, 0.0, 0.0, 0.0, 1.0 ], [ 0.5, -0.809017, -0.309017, 0.0, -0.809017, -0.309017, -0.5, 0.0, 0.309017, 0.5, -0.809017, 0.0, 0.0, 0.0, 0.0, 1.0 ], [ -0.309017, -0.5, 0.809017, 0.0, 0.5, -0.809017, -0.309017, 0.0, 0.809017, 0.309017, 0.5, 0.0, 0.0, 0.0, 0.0, 1.0 ], [ -0.5, -0.809017, -0.309017, 0.0, -0.809017, 0.309017, 0.5, 0.0, -0.309017, 0.5, -0.809017, 0.0, 0.0, 0.0, 0.0, 1.0 ], [ 0.309017, -0.5, 0.809017, 0.0, -0.5, -0.809017, -0.309017, 0.0, 0.809017, -0.309017, -0.5, 0.0, 0.0, 0.0, 0.0, 1.0 ], [ -0.809017, 0.309017, 0.5, 0.0, 0.309017, -0.5, 0.809017, 0.0, 0.5, 0.809017, 0.309017, 0.0, 0.0, 0.0, 0.0, 1.0 ], [ -0.5, -0.809017, 0.309017, 0.0, -0.809017, 0.309017, -0.5, 0.0, 0.309017, -0.5, -0.809017, 0.0, 0.0, 0.0, 0.0, 1.0 ], [ -0.309017, 0.5, 0.809017, 0.0, -0.5, -0.809017, 0.309017, 0.0, 0.809017, -0.309017, 0.5, 0.0, 0.0, 0.0, 0.0, 1.0 ], [ -0.809017, 0.309017, -0.5, 0.0, -0.309017, 0.5, 0.809017, 0.0, 0.5, 0.809017, -0.309017, 0.0, 0.0, 0.0, 0.0, 1.0 ], [ -0.809017, -0.309017, 0.5, 0.0, -0.309017, -0.5, -0.809017, 0.0, 0.5, -0.809017, 0.309017, 0.0, 0.0, 0.0, 0.0, 1.0 ], [ -0.5, 0.809017, -0.309017, 0.0, -0.809017, -0.309017, 0.5, 0.0, 0.309017, 0.5, 0.809017, 0.0, 0.0, 0.0, 0.0, 1.0 ], [ -0.309017, -0.5, -0.809017, 0.0, -0.5, 0.809017, -0.309017, 0.0, 0.809017, 0.309017, -0.5, 0.0, 0.0, 0.0, 0.0, 1.0 ], [ -1.0, 0.0, 0.0, 0.0, 0.0, 1.0, 0.0, 0.0, 0.0, 0.0, -1.0, 0.0, 0.0, 0.0, 0.0, 1.0 ], [ 0.0, 0.0, -1.0, 0.0, 1.0, 0.0, 0.0, 0.0, 0.0, -1.0, 0.0, 0.0, 0.0, 0.0, 0.0, 1.0 ], [ 0.0, -1.0, 0.0, 0.0, 0.0, 0.0, 1.0, 0.0, -1.0, 0.0, 0.0, 0.0, 0.0, 0.0, 0.0, 1.0 ], [ -0.809017, -0.309017, -0.5, 0.0, 0.309017, 0.5, -0.809017, 0.0, 0.5, -0.809017, -0.309017, 0.0, 0.0, 0.0, 0.0, 1.0 ], [ 0.5, -0.809017, -0.309017, 0.0, 0.809017, 0.309017, 0.5, 0.0, -0.309017, -0.5, 0.809017, 0.0, 0.0, 0.0, 0.0, 1.0 ], [ -0.309017, -0.5, 0.809017, 0.0, -0.5, 0.809017, 0.309017, 0.0, -0.809017, -0.309017, -0.5, 0.0, 0.0, 0.0, 0.0, 1.0 ], [ -0.5, -0.809017, -0.309017, 0.0, 0.809017, -0.309017, -0.5, 0.0, 0.309017, -0.5, 0.809017, 0.0, 0.0, 0.0, 0.0, 1.0 ], [ 0.309017, -0.5, 0.809017, 0.0, 0.5, 0.809017, 0.309017, 0.0, -0.809017, 0.309017, 0.5, 0.0, 0.0, 0.0, 0.0, 1.0 ], [ -0.809017, 0.309017, 0.5, 0.0, -0.309017, 0.5, -0.809017, 0.0, -0.5, -0.809017, -0.309017, 0.0, 0.0, 0.0, 0.0, 1.0 ], [ -0.5, -0.809017, 0.309017, 0.0, 0.809017, -0.309017, 0.5, 0.0, -0.309017, 0.5, 0.809017, 0.0, 0.0, 0.0, 0.0, 1.0 ], [ -0.309017, 0.5, 0.809017, 0.0, 0.5, 0.809017, -0.309017, 0.0, -0.809017, 0.309017, -0.5, 0.0, 0.0, 0.0, 0.0, 1.0 ], [ -0.809017, 0.309017, -0.5, 0.0, 0.309017, -0.5, -0.809017, 0.0, -0.5, -0.809017, 0.309017, 0.0, 0.0, 0.0, 0.0, 1.0 ], [ -0.809017, -0.309017, 0.5, 0.0, 0.309017, 0.5, 0.809017, 0.0, -0.5, 0.809017, -0.309017, 0.0, 0.0, 0.0, 0.0, 1.0 ], [ -0.5, 0.809017, -0.309017, 0.0, 0.809017, 0.309017, -0.5, 0.0, -0.309017, -0.5, -0.809017, 0.0, 0.0, 0.0, 0.0, 1.0 ], [ -0.309017, -0.5, -0.809017, 0.0, 0.5, -0.809017, 0.309017, 0.0, -0.809017, -0.309017, 0.5, 0.0, 0.0, 0.0, 0.0, 1.0 ] ],
  "lights" : {
    "ambientColor" : "#292929",
    "backgroundColor" : "#CCCCCC",
    "directionalLights" : [ {
      "direction" : [ 1.0, -1.0, -1.0 ],
      "color" : "#EBEBE4"
    }, {
      "direction" : [ -1.0, 0.0, 0.0 ],
      "color" : "#E4E4EB"
    }, {
      "direction" : [ 0.0, 0.0, -1.0 ],
      "color" : "#1E1E1E"
    } ]
  },
  "camera" : {
    "stereo" : false,
    "width" : 58.578953,
    "perspective" : true,
    "lookDirection" : {
      "x" : -0.03719989,
      "y" : 0.88186026,
      "z" : 0.47003856
    },
    "upDirection" : {
      "x" : 0.9963051,
      "y" : 0.06893409,
      "z" : -0.05046622
    },
    "lookAtPoint" : {
      "x" : 0.0,
      "y" : 0.0,
      "z" : 0.0
    },
    "viewDistance" : 130.17497,
    "nearClipDistance" : 0.325439,
    "farClipDistance" : 260.3494,
    "fieldOfView" : 0.44263047,
    "position" : {
      "x" : 4.8424945,
      "y" : -114.796135,
      "z" : -61.187256
    }
  },
  "embedding" : [ 1.0, 0.0, 0.0, 0.0, 0.0, 1.0, 0.0, 0.0, 0.0, 0.0, 1.0, 0.0, 0.0, 0.0, 0.0, 1.0 ],
  "shapes" : [ {
    "id" : "b2e4f40c-df41-4375-a4d0-14bc95a5c5ac",
    "vertices" : [ {
      "x" : 0.0,
      "y" : 0.0,
      "z" : 16.291796
    }, {
      "x" : 13.18034,
      "y" : 0.0,
      "z" : 21.326239
    }, {
      "x" : 5.034442,
      "y" : 8.145898,
      "z" : 13.18034
    }, {
      "x" : 0.0,
      "y" : 5.034442,
      "z" : 13.18034
    } ],
    "faces" : [ {
      "vertices" : [ 0, 1, 2 ]
    }, {
      "vertices" : [ 0, 2, 3 ]
    }, {
      "vertices" : [ 0, 3, 2 ]
    }, {
      "vertices" : [ 0, 2, 1 ]
    } ]
  }, {
    "id" : "330dc0c0-c9b4-461e-8ce9-fad195181369",
    "vertices" : [ {
      "x" : 10.09017,
      "y" : 0.0,
      "z" : -6.854102
    }, {
      "x" : 11.09017,
      "y" : 0.0,
      "z" : -6.854102
    }, {
      "x" : 11.09017,
      "y" : 0.0,
      "z" : -4.236068
    } ],
    "faces" : [ {
      "vertices" : [ 0, 1, 2 ]
    }, {
      "vertices" : [ 0, 2, 1 ]
    } ]
  }, {
    "id" : "053cdeda-e8bb-428b-a070-65e8e05c6f73",
    "vertices" : [ {
      "x" : -5.034442,
      "y" : 8.145898,
      "z" : 13.18034
    }, {
      "x" : 0.0,
      "y" : 21.326239,
      "z" : 13.18034
    }, {
      "x" : -8.145898,
      "y" : 13.18034,
      "z" : 5.034442
    }, {
      "x" : -8.145898,
      "y" : 8.145898,
      "z" : 8.145898
    } ],
    "faces" : [ {
      "vertices" : [ 0, 1, 2 ]
    }, {
      "vertices" : [ 0, 2, 3 ]
    }, {
      "vertices" : [ 0, 3, 2 ]
    }, {
      "vertices" : [ 0, 2, 1 ]
    } ]
  }, {
    "id" : "a04f97bb-7d5d-482c-80c0-20d06f4cd41c",
    "vertices" : [ {
      "x" : -10.09017,
      "y" : 0.5,
      "z" : 8.854102
    }, {
      "x" : -11.09017,
      "y" : 0.0,
      "z" : 17.944271
    }, {
      "x" : -10.09017,
      "y" : 0.0,
      "z" : 8.854102
    } ],
    "faces" : [ {
      "vertices" : [ 0, 1, 2 ]
    }, {
      "vertices" : [ 0, 2, 1 ]
    } ]
  }, {
    "id" : "a7624a16-55ad-40da-8af8-6cae307268c3",
    "vertices" : [ {
      "x" : 10.09017,
      "y" : 1.5,
      "z" : -8.854102
    }, {
      "x" : 10.09017,
      "y" : 0.5,
      "z" : -8.854102
    }, {
      "x" : 12.09017,
      "y" : 0.5,
      "z" : -8.854102
    }, {
      "x" : 12.09017,
      "y" : 1.5,
      "z" : -8.854102
    } ],
    "faces" : [ {
      "vertices" : [ 0, 1, 2 ]
    }, {
      "vertices" : [ 0, 2, 3 ]
    }, {
      "vertices" : [ 0, 3, 2 ]
    }, {
      "vertices" : [ 0, 2, 1 ]
    } ]
  }, {
    "id" : "51801377-c1f9-4bcf-a5f2-396ce45710e4",
    "vertices" : [ {
      "x" : -11.09017,
      "y" : 0.0,
      "z" : -17.944271
    }, {
      "x" : -2.618034,
      "y" : 0.0,
      "z" : -14.708204
    }, {
      "x" : -2.506609,
      "y" : 0.0,
      "z" : -14.596779
    }, {
      "x" : -2.506609,
      "y" : 0.0,
      "z" : -12.819629
    }, {
      "x" : -2.618034,
      "y" : 0.0,
      "z" : -12.708204
    } ],
    "faces" : [ {
      "vertices" : [ 0, 1, 2 ]
    }, {
      "vertices" : [ 0, 2, 3 ]
    }, {
      "vertices" : [ 0, 3, 4 ]
    }, {
      "vertices" : [ 0, 4, 3 ]
    }, {
      "vertices" : [ 0, 3, 2 ]
    }, {
      "vertices" : [ 0, 2, 1 ]
    } ]
  }, {
    "id" : "3f9b4946-3908-4747-8869-1714fcb5c32f",
    "vertices" : [ {
      "x" : -10.09017,
      "y" : 0.0,
      "z" : -6.854102
    }, {
      "x" : -10.09017,
      "y" : 0.0,
      "z" : -8.854102
    }, {
      "x" : -10.09017,
      "y" : 0.5,
      "z" : -8.854102
    }, {
      "x" : -10.09017,
      "y" : 0.5,
      "z" : -6.854102
    } ],
    "faces" : [ {
      "vertices" : [ 0, 1, 2 ]
    }, {
      "vertices" : [ 0, 2, 3 ]
    }, {
      "vertices" : [ 0, 3, 2 ]
    }, {
      "vertices" : [ 0, 2, 1 ]
    } ]
  }, {
    "id" : "686a7e65-10cf-4ecc-9d66-aca9f52759b4",
    "vertices" : [ {
      "x" : 12.09017,
      "y" : 1.5,
      "z" : -8.854102
    }, {
      "x" : 12.09017,
      "y" : 0.5,
      "z" : -8.854102
    }, {
      "x" : 12.09017,
      "y" : 0.5,
      "z" : -6.854102
    }, {
      "x" : 12.09017,
      "y" : 1.5,
      "z" : -6.854102
    } ],
    "faces" : [ {
      "vertices" : [ 0, 1, 2 ]
    }, {
      "vertices" : [ 0, 2, 3 ]
    }, {
      "vertices" : [ 0, 3, 2 ]
    }, {
      "vertices" : [ 0, 2, 1 ]
    } ]
  }, {
    "id" : "bfde96b5-2bf6-4f3e-9788-49d5fc0b9e6f",
    "vertices" : [ {
      "x" : -12.09017,
      "y" : 0.5,
      "z" : 6.854102
    }, {
      "x" : -12.09017,
      "y" : 0.5,
      "z" : 8.854102
    }, {
      "x" : -10.09017,
      "y" : 0.5,
      "z" : 8.854102
    }, {
      "x" : -10.09017,
      "y" : 0.5,
      "z" : 6.854102
    } ],
    "faces" : [ {
      "vertices" : [ 0, 1, 2 ]
    }, {
      "vertices" : [ 0, 2, 3 ]
    }, {
      "vertices" : [ 0, 3, 2 ]
    }, {
      "vertices" : [ 0, 2, 1 ]
    } ]
  }, {
    "id" : "885a03a0-367a-428b-807b-b285f1641a44",
    "vertices" : [ {
      "x" : 13.18034,
      "y" : 0.0,
      "z" : -5.034442
    }, {
      "x" : 11.09017,
      "y" : 0.0,
      "z" : -6.854102
    }, {
      "x" : 11.09017,
      "y" : 0.0,
      "z" : -8.854102
    }, {
      "x" : 13.18034,
      "y" : 0.0,
      "z" : -21.326239
    } ],
    "faces" : [ {
      "vertices" : [ 0, 1, 2 ]
    }, {
      "vertices" : [ 0, 2, 3 ]
    }, {
      "vertices" : [ 0, 3, 2 ]
    }, {
      "vertices" : [ 0, 2, 1 ]
    } ]
  }, {
    "id" : "d3e025aa-173b-4b61-b615-86e1daa00ae3",
    "vertices" : [ {
      "x" : -11.09017,
      "y" : 0.0,
      "z" : 4.236068
    }, {
      "x" : -13.18034,
      "y" : 0.0,
      "z" : 5.034442
    }, {
      "x" : -16.291796,
      "y" : 0.0,
      "z" : 0.0
    }, {
      "x" : -13.708204,
      "y" : 0.0,
      "z" : 0.0
    } ],
    "faces" : [ {
      "vertices" : [ 0, 1, 2 ]
    }, {
      "vertices" : [ 0, 2, 3 ]
    }, {
      "vertices" : [ 0, 3, 2 ]
    }, {
      "vertices" : [ 0, 2, 1 ]
    } ]
  }, {
    "id" : "dbbe504d-a18c-463a-bb2f-4ba784caadc7",
    "vertices" : [ {
      "x" : 0.0,
      "y" : 4.236068,
      "z" : 11.09017
    }, {
      "x" : 2.618034,
      "y" : 0.0,
      "z" : 12.708204
    }, {
      "x" : -2.618034,
      "y" : 0.0,
      "z" : 12.708204
    } ],
    "faces" : [ {
      "vertices" : [ 0, 1, 2 ]
    }, {
      "vertices" : [ 0, 2, 1 ]
    } ]
  }, {
    "id" : "34e360f7-4ebf-44ae-ab69-6ead2080e305",
    "vertices" : [ {
      "x" : 0.0,
      "y" : 16.291796,
      "z" : 0.0
    }, {
      "x" : 0.0,
      "y" : 21.326239,
      "z" : -13.18034
    }, {
      "x" : -8.145898,
      "y" : 13.18034,
      "z" : -5.034442
    }, {
      "x" : -5.034442,
      "y" : 13.18034,
      "z" : 0.0
    } ],
    "faces" : [ {
      "vertices" : [ 0, 1, 2 ]
    }, {
      "vertices" : [ 0, 2, 3 ]
    }, {
      "vertices" : [ 0, 3, 2 ]
    }, {
      "vertices" : [ 0, 2, 1 ]
    } ]
  }, {
    "id" : "40cfcc69-d502-4a63-86db-65ffdc298bc2",
    "vertices" : [ {
      "x" : 17.944271,
      "y" : 11.09017,
      "z" : 0.0
    }, {
      "x" : 13.708204,
      "y" : 0.0,
      "z" : 0.0
    }, {
      "x" : 11.09017,
      "y" : 0.0,
      "z" : 4.236068
    }, {
      "x" : 11.09017,
      "y" : 4.236068,
      "z" : 6.854102
    } ],
    "faces" : [ {
      "vertices" : [ 0, 1, 2 ]
    }, {
      "vertices" : [ 0, 2, 3 ]
    }, {
      "vertices" : [ 0, 3, 2 ]
    }, {
      "vertices" : [ 0, 2, 1 ]
    } ]
  }, {
    "id" : "c5702cbb-6f08-4401-abaf-adba43f1805f",
    "vertices" : [ {
      "x" : 2.618034,
      "y" : 0.0,
      "z" : 12.708204
    }, {
      "x" : 2.506609,
      "y" : 0.0,
      "z" : 12.819629
    }, {
      "x" : -2.506609,
      "y" : 0.0,
      "z" : 12.819629
    }, {
      "x" : -2.618034,
      "y" : 0.0,
      "z" : 12.708204
    } ],
    "faces" : [ {
      "vertices" : [ 0, 1, 2 ]
    }, {
      "vertices" : [ 0, 2, 3 ]
    }, {
      "vertices" : [ 0, 3, 2 ]
    }, {
      "vertices" : [ 0, 2, 1 ]
    } ]
  }, {
    "id" : "545db61c-378c-40f5-bd7a-e3b5daf00795",
    "vertices" : [ {
      "x" : -13.18034,
      "y" : 5.034442,
      "z" : -8.145898
    }, {
      "x" : -21.326239,
      "y" : 13.18034,
      "z" : 0.0
    }, {
      "x" : -8.145898,
      "y" : 13.18034,
      "z" : -5.034442
    }, {
      "x" : -8.145898,
      "y" : 8.145898,
      "z" : -8.145898
    } ],
    "faces" : [ {
      "vertices" : [ 0, 1, 2 ]
    }, {
      "vertices" : [ 0, 2, 3 ]
    }, {
      "vertices" : [ 0, 3, 2 ]
    }, {
      "vertices" : [ 0, 2, 1 ]
    } ]
  }, {
    "id" : "637d6a22-34cd-415d-88da-fc2c15b3ffaa",
    "vertices" : [ {
      "x" : 11.09017,
      "y" : 0.0,
      "z" : -4.236068
    }, {
      "x" : 13.18034,
      "y" : 0.0,
      "z" : -5.034442
    }, {
      "x" : 16.291796,
      "y" : 0.0,
      "z" : 0.0
    }, {
      "x" : 13.708204,
      "y" : 0.0,
      "z" : 0.0
    } ],
    "faces" : [ {
      "vertices" : [ 0, 1, 2 ]
    }, {
      "vertices" : [ 0, 2, 3 ]
    }, {
      "vertices" : [ 0, 3, 2 ]
    }, {
      "vertices" : [ 0, 2, 1 ]
    } ]
  }, {
    "id" : "c2d14f3c-4e70-4922-8500-7c873f0710ff",
    "vertices" : [ {
      "x" : 2.618034,
      "y" : -0.45491502,
      "z" : -14.708204
    }, {
      "x" : 2.506609,
      "y" : 0.0,
      "z" : -14.596779
    }, {
      "x" : 2.506609,
      "y" : 0.0,
      "z" : -12.819629
    }, {
      "x" : 2.618034,
      "y" : -0.45491502,
      "z" : -12.708204
    } ],
    "faces" : [ {
      "vertices" : [ 0, 1, 2 ]
    }, {
      "vertices" : [ 0, 2, 3 ]
    }, {
      "vertices" : [ 0, 3, 2 ]
    }, {
      "vertices" : [ 0, 2, 1 ]
    } ]
  }, {
    "id" : "125d1d10-d153-4041-ab93-60df25a7ae94",
    "vertices" : [ {
      "x" : -2.618034,
      "y" : 0.0,
      "z" : -12.708204
    }, {
      "x" : -2.506609,
      "y" : 0.0,
      "z" : -12.819629
    }, {
      "x" : 2.506609,
      "y" : 0.0,
      "z" : -12.819629
    }, {
      "x" : 2.618034,
      "y" : 0.0,
      "z" : -12.708204
    } ],
    "faces" : [ {
      "vertices" : [ 0, 1, 2 ]
    }, {
      "vertices" : [ 0, 2, 3 ]
    }, {
      "vertices" : [ 0, 3, 2 ]
    }, {
      "vertices" : [ 0, 2, 1 ]
    } ]
  }, {
    "id" : "de2f436f-ea51-4d94-ae23-e5543f4ca69a",
    "vertices" : [ {
      "x" : 0.0,
      "y" : 0.0,
      "z" : 16.291796
    }, {
      "x" : 0.0,
      "y" : 0.0,
      "z" : 14.708204
    }, {
      "x" : 2.618034,
      "y" : 0.0,
      "z" : 14.708204
    }, {
      "x" : 11.09017,
      "y" : 0.0,
      "z" : 17.944271
    }, {
      "x" : 13.18034,
      "y" : 0.0,
      "z" : 21.326239
    } ],
    "faces" : [ {
      "vertices" : [ 0, 1, 2 ]
    }, {
      "vertices" : [ 0, 2, 3 ]
    }, {
      "vertices" : [ 0, 3, 4 ]
    }, {
      "vertices" : [ 0, 4, 3 ]
    }, {
      "vertices" : [ 0, 3, 2 ]
    }, {
      "vertices" : [ 0, 2, 1 ]
    } ]
  }, {
    "id" : "0704ea85-00e8-4c51-97c5-5b75459200f0",
    "vertices" : [ {
      "x" : 8.145898,
      "y" : 13.18034,
      "z" : 5.034442
    }, {
      "x" : 21.326239,
      "y" : 13.18034,
      "z" : 0.0
    }, {
      "x" : 8.145898,
      "y" : 13.18034,
      "z" : -5.034442
    }, {
      "x" : 5.034442,
      "y" : 13.18034,
      "z" : 0.0
    } ],
    "faces" : [ {
      "vertices" : [ 0, 1, 2 ]
    }, {
      "vertices" : [ 0, 2, 3 ]
    }, {
      "vertices" : [ 0, 3, 2 ]
    }, {
      "vertices" : [ 0, 2, 1 ]
    } ]
  }, {
    "id" : "cbffc11b-1744-403f-a478-7d84695bdb1e",
    "vertices" : [ {
      "x" : -11.09017,
      "y" : 0.0,
      "z" : 17.944271
    }, {
      "x" : -13.18034,
      "y" : 0.0,
      "z" : 21.326239
    }, {
      "x" : -11.09017,
      "y" : 0.0,
      "z" : 8.854102
    } ],
    "faces" : [ {
      "vertices" : [ 0, 1, 2 ]
    }, {
      "vertices" : [ 0, 2, 1 ]
    } ]
  }, {
    "id" : "92d9c703-50b8-46b7-bcc4-b9151bc33b36",
    "vertices" : [ {
      "x" : -6.854102,
      "y" : 6.854102,
      "z" : -6.854102
    }, {
      "x" : -11.09017,
      "y" : 4.236068,
      "z" : -6.854102
    }, {
      "x" : -11.09017,
      "y" : 0.0,
      "z" : -17.944271
    }, {
      "x" : -4.236068,
      "y" : 6.854102,
      "z" : -11.09017
    } ],
    "faces" : [ {
      "vertices" : [ 0, 1, 2 ]
    }, {
      "vertices" : [ 0, 2, 3 ]
    }, {
      "vertices" : [ 0, 3, 2 ]
    }, {
      "vertices" : [ 0, 2, 1 ]
    } ]
  }, {
    "id" : "bf4b21ba-c306-43bd-b97d-23faa745eb9e",
    "vertices" : [ {
      "x" : -11.09017,
      "y" : 4.236068,
      "z" : 6.854102
    }, {
      "x" : -10.09017,
      "y" : 1.5,
      "z" : 6.854102
    }, {
      "x" : -11.09017,
      "y" : 0.0,
      "z" : 4.236068
    } ],
    "faces" : [ {
      "vertices" : [ 0, 1, 2 ]
    }, {
      "vertices" : [ 0, 2, 1 ]
    } ]
  }, {
    "id" : "37e247c1-ee2b-4460-8f7e-5e2f91f1a4b2",
    "vertices" : [ {
      "x" : 10.09017,
      "y" : 1.5,
      "z" : 6.854102
    }, {
      "x" : 11.09017,
      "y" : 0.0,
      "z" : 4.236068
    }, {
      "x" : 10.09017,
      "y" : 0.5,
      "z" : 6.854102
    } ],
    "faces" : [ {
      "vertices" : [ 0, 1, 2 ]
    }, {
      "vertices" : [ 0, 2, 1 ]
    } ]
  }, {
    "id" : "41c38e5a-7f80-49dc-a8c6-2fb72b328544",
    "vertices" : [ {
      "x" : -13.18034,
      "y" : 0.0,
      "z" : 5.034442
    }, {
      "x" : -13.18034,
      "y" : 0.0,
      "z" : 21.326239
    }, {
      "x" : -13.18034,
      "y" : 5.034442,
      "z" : 8.145898
    } ],
    "faces" : [ {
      "vertices" : [ 0, 1, 2 ]
    }, {
      "vertices" : [ 0, 2, 1 ]
    } ]
  }, {
    "id" : "06311d5f-9af7-4786-ae32-c82f718fa929",
    "vertices" : [ {
      "x" : 11.09017,
      "y" : 4.236068,
      "z" : 6.854102
    }, {
      "x" : 10.09017,
      "y" : 1.5,
      "z" : 8.854102
    }, {
      "x" : 11.09017,
      "y" : 0.0,
      "z" : 17.944271
    } ],
    "faces" : [ {
      "vertices" : [ 0, 1, 2 ]
    }, {
      "vertices" : [ 0, 2, 1 ]
    } ]
  }, {
    "id" : "06fe33b4-8193-42bc-8e5e-5dcfcf441d3e",
    "vertices" : [ {
      "x" : 0.0,
      "y" : 0.0,
      "z" : -14.596779
    }, {
      "x" : -2.618034,
      "y" : -0.45491502,
      "z" : -14.708204
    }, {
      "x" : -2.506609,
      "y" : 0.0,
      "z" : -14.596779
    } ],
    "faces" : [ {
      "vertices" : [ 0, 1, 2 ]
    }, {
      "vertices" : [ 0, 2, 1 ]
    } ]
  }, {
    "id" : "33c41805-1179-46d4-8985-7246c25a39e5",
    "vertices" : [ {
      "x" : -11.09017,
      "y" : 4.236068,
      "z" : 6.854102
    }, {
      "x" : -11.09017,
      "y" : 0.0,
      "z" : 17.944271
    }, {
      "x" : -10.09017,
      "y" : 1.5,
      "z" : 8.854102
    } ],
    "faces" : [ {
      "vertices" : [ 0, 1, 2 ]
    }, {
      "vertices" : [ 0, 2, 1 ]
    } ]
  }, {
    "id" : "e4dc1a58-6a33-4c3c-bd9a-24f48c40e2a8",
    "vertices" : [ {
      "x" : 0.0,
      "y" : 0.0,
      "z" : -16.291796
    }, {
      "x" : 13.18034,
      "y" : 0.0,
      "z" : -21.326239
    }, {
      "x" : 11.09017,
      "y" : 0.0,
      "z" : -17.944271
    }, {
      "x" : 2.618034,
      "y" : 0.0,
      "z" : -14.708204
    }, {
      "x" : 0.0,
      "y" : 0.0,
      "z" : -14.708204
    } ],
    "faces" : [ {
      "vertices" : [ 0, 1, 2 ]
    }, {
      "vertices" : [ 0, 2, 3 ]
    }, {
      "vertices" : [ 0, 3, 4 ]
    }, {
      "vertices" : [ 0, 4, 3 ]
    }, {
      "vertices" : [ 0, 3, 2 ]
    }, {
      "vertices" : [ 0, 2, 1 ]
    } ]
  }, {
    "id" : "79a6a833-9dec-4eb8-8d19-14b68cf696a5",
    "vertices" : [ {
      "x" : 13.18034,
      "y" : 5.034442,
      "z" : 8.145898
    }, {
      "x" : 13.18034,
      "y" : 0.0,
      "z" : 21.326239
    }, {
      "x" : 13.18034,
      "y" : 0.0,
      "z" : 5.034442
    } ],
    "faces" : [ {
      "vertices" : [ 0, 1, 2 ]
    }, {
      "vertices" : [ 0, 2, 1 ]
    } ]
  }, {
    "id" : "1979fab7-3d7a-4fc6-8cf0-5ffbd1a25c2d",
    "vertices" : [ {
      "x" : 11.09017,
      "y" : 4.236068,
      "z" : 6.854102
    }, {
      "x" : 11.09017,
      "y" : 0.0,
      "z" : 4.236068
    }, {
      "x" : 10.09017,
      "y" : 1.5,
      "z" : 6.854102
    } ],
    "faces" : [ {
      "vertices" : [ 0, 1, 2 ]
    }, {
      "vertices" : [ 0, 2, 1 ]
    } ]
  }, {
    "id" : "d0dd54a2-8f6b-41ff-92fe-7bdbc968a0f0",
    "vertices" : [ {
      "x" : -8.145898,
      "y" : 13.18034,
      "z" : 5.034442
    }, {
      "x" : 0.0,
      "y" : 21.326239,
      "z" : 13.18034
    }, {
      "x" : 0.0,
      "y" : 16.291796,
      "z" : 0.0
    }, {
      "x" : -5.034442,
      "y" : 13.18034,
      "z" : 0.0
    } ],
    "faces" : [ {
      "vertices" : [ 0, 1, 2 ]
    }, {
      "vertices" : [ 0, 2, 3 ]
    }, {
      "vertices" : [ 0, 3, 2 ]
    }, {
      "vertices" : [ 0, 2, 1 ]
    } ]
  }, {
    "id" : "581fd591-309e-463b-9aa7-33ae097418cd",
    "vertices" : [ {
      "x" : -11.09017,
      "y" : 0.0,
      "z" : -6.854102
    }, {
      "x" : -13.18034,
      "y" : 0.0,
      "z" : -5.034442
    }, {
      "x" : -13.18034,
      "y" : 0.0,
      "z" : -21.326239
    }, {
      "x" : -11.09017,
      "y" : 0.0,
      "z" : -8.854102
    } ],
    "faces" : [ {
      "vertices" : [ 0, 1, 2 ]
    }, {
      "vertices" : [ 0, 2, 3 ]
    }, {
      "vertices" : [ 0, 3, 2 ]
    }, {
      "vertices" : [ 0, 2, 1 ]
    } ]
  }, {
    "id" : "13772ac4-5069-407d-ad51-fbf999845da4",
    "vertices" : [ {
      "x" : 11.09017,
      "y" : 4.236068,
      "z" : -6.854102
    }, {
      "x" : 10.09017,
      "y" : 1.5,
      "z" : -6.854102
    }, {
      "x" : 11.09017,
      "y" : 0.0,
      "z" : -4.236068
    } ],
    "faces" : [ {
      "vertices" : [ 0, 1, 2 ]
    }, {
      "vertices" : [ 0, 2, 1 ]
    } ]
  }, {
    "id" : "ad57fc24-ad0c-49be-9188-099400dd1970",
    "vertices" : [ {
      "x" : -2.506609,
      "y" : 0.0,
      "z" : 14.596779
    }, {
      "x" : -2.618034,
      "y" : -0.45491502,
      "z" : 14.708204
    }, {
      "x" : 0.0,
      "y" : 0.0,
      "z" : 14.596779
    } ],
    "faces" : [ {
      "vertices" : [ 0, 1, 2 ]
    }, {
      "vertices" : [ 0, 2, 1 ]
    } ]
  }, {
    "id" : "c6827217-2211-4043-a9af-941ba4ff2bc6",
    "vertices" : [ {
      "x" : 11.09017,
      "y" : 0.0,
      "z" : 4.236068
    }, {
      "x" : 13.18034,
      "y" : 0.0,
      "z" : 5.034442
    }, {
      "x" : 11.09017,
      "y" : 0.0,
      "z" : 6.854102
    } ],
    "faces" : [ {
      "vertices" : [ 0, 1, 2 ]
    }, {
      "vertices" : [ 0, 2, 1 ]
    } ]
  }, {
    "id" : "6816769e-074b-45a5-a318-dcffea6c4b2a",
    "vertices" : [ {
      "x" : 11.09017,
      "y" : 4.236068,
      "z" : -6.854102
    }, {
      "x" : 10.09017,
      "y" : 1.5,
      "z" : -8.854102
    }, {
      "x" : 10.09017,
      "y" : 1.5,
      "z" : -6.854102
    } ],
    "faces" : [ {
      "vertices" : [ 0, 1, 2 ]
    }, {
      "vertices" : [ 0, 2, 1 ]
    } ]
  }, {
    "id" : "335593b3-470c-473c-96c3-3dfd1c9b780b",
    "vertices" : [ {
      "x" : -6.854102,
      "y" : 11.09017,
      "z" : -4.236068
    }, {
      "x" : 0.0,
      "y" : 17.944271,
      "z" : -11.09017
    }, {
      "x" : 0.0,
      "y" : 13.708204,
      "z" : 0.0
    }, {
      "x" : -4.236068,
      "y" : 11.09017,
      "z" : 0.0
    } ],
    "faces" : [ {
      "vertices" : [ 0, 1, 2 ]
    }, {
      "vertices" : [ 0, 2, 3 ]
    }, {
      "vertices" : [ 0, 3, 2 ]
    }, {
      "vertices" : [ 0, 2, 1 ]
    } ]
  }, {
    "id" : "9ab2247d-e2e6-42c6-82d6-11ee8070af3e",
    "vertices" : [ {
      "x" : -5.034442,
      "y" : 8.145898,
      "z" : 13.18034
    }, {
      "x" : -13.18034,
      "y" : 0.0,
      "z" : 21.326239
    }, {
      "x" : 0.0,
      "y" : 0.0,
      "z" : 16.291796
    }, {
      "x" : 0.0,
      "y" : 5.034442,
      "z" : 13.18034
    } ],
    "faces" : [ {
      "vertices" : [ 0, 1, 2 ]
    }, {
      "vertices" : [ 0, 2, 3 ]
    }, {
      "vertices" : [ 0, 3, 2 ]
    }, {
      "vertices" : [ 0, 2, 1 ]
    } ]
  }, {
    "id" : "8efcf490-e035-47f2-b597-60457c39c84b",
    "vertices" : [ {
      "x" : 6.854102,
      "y" : 11.09017,
      "z" : 4.236068
    }, {
      "x" : 0.0,
      "y" : 17.944271,
      "z" : 11.09017
    }, {
      "x" : 0.0,
      "y" : 13.708204,
      "z" : 0.0
    }, {
      "x" : 4.236068,
      "y" : 11.09017,
      "z" : 0.0
    } ],
    "faces" : [ {
      "vertices" : [ 0, 1, 2 ]
    }, {
      "vertices" : [ 0, 2, 3 ]
    }, {
      "vertices" : [ 0, 3, 2 ]
    }, {
      "vertices" : [ 0, 2, 1 ]
    } ]
  }, {
    "id" : "f44a5974-a039-4d60-b3f3-f46b7f52dbba",
    "vertices" : [ {
      "x" : -4.236068,
      "y" : 6.854102,
      "z" : 11.09017
    }, {
      "x" : -11.09017,
      "y" : 0.0,
      "z" : 17.944271
    }, {
      "x" : -11.09017,
      "y" : 4.236068,
      "z" : 6.854102
    }, {
      "x" : -6.854102,
      "y" : 6.854102,
      "z" : 6.854102
    } ],
    "faces" : [ {
      "vertices" : [ 0, 1, 2 ]
    }, {
      "vertices" : [ 0, 2, 3 ]
    }, {
      "vertices" : [ 0, 3, 2 ]
    }, {
      "vertices" : [ 0, 2, 1 ]
    } ]
  }, {
    "id" : "2814fbd5-f0bc-4b09-ba03-f004bd3bae01",
    "vertices" : [ {
      "x" : -10.09017,
      "y" : 1.5,
      "z" : 6.854102
    }, {
      "x" : -10.09017,
      "y" : 0.5,
      "z" : 6.854102
    }, {
      "x" : -11.09017,
      "y" : 0.0,
      "z" : 4.236068
    } ],
    "faces" : [ {
      "vertices" : [ 0, 1, 2 ]
    }, {
      "vertices" : [ 0, 2, 1 ]
    } ]
  }, {
    "id" : "94b3c3be-ee4c-427a-b379-d40a5cdc89ca",
    "vertices" : [ {
      "x" : -11.09017,
      "y" : 4.236068,
      "z" : -6.854102
    }, {
      "x" : -10.09017,
      "y" : 1.5,
      "z" : -6.854102
    }, {
      "x" : -10.09017,
      "y" : 1.5,
      "z" : -8.854102
    } ],
    "faces" : [ {
      "vertices" : [ 0, 1, 2 ]
    }, {
      "vertices" : [ 0, 2, 1 ]
    } ]
  }, {
    "id" : "6b6528f7-7581-4d94-a0e9-3aa2b255cced",
    "vertices" : [ {
      "x" : 0.0,
      "y" : 4.236068,
      "z" : 11.09017
    }, {
      "x" : -2.618034,
      "y" : 0.0,
      "z" : 12.708204
    }, {
      "x" : -11.09017,
      "y" : 0.0,
      "z" : 17.944271
    } ],
    "faces" : [ {
      "vertices" : [ 0, 1, 2 ]
    }, {
      "vertices" : [ 0, 2, 1 ]
    } ]
  }, {
    "id" : "a8ef470e-d11f-424e-a747-925c608ee785",
    "vertices" : [ {
      "x" : 2.618034,
      "y" : 0.0,
      "z" : 14.708204
    }, {
      "x" : 0.0,
      "y" : 0.0,
      "z" : 14.708204
    }, {
      "x" : 0.0,
      "y" : 0.0,
      "z" : 14.596779
    }, {
      "x" : 2.506609,
      "y" : 0.0,
      "z" : 14.596779
    } ],
    "faces" : [ {
      "vertices" : [ 0, 1, 2 ]
    }, {
      "vertices" : [ 0, 2, 3 ]
    }, {
      "vertices" : [ 0, 3, 2 ]
    }, {
      "vertices" : [ 0, 2, 1 ]
    } ]
  }, {
    "id" : "c5830607-c065-4e1e-918a-e57711e11841",
    "vertices" : [ {
      "x" : -4.236068,
      "y" : 6.854102,
      "z" : -11.09017
    }, {
      "x" : 0.0,
      "y" : 17.944271,
      "z" : -11.09017
    }, {
      "x" : -6.854102,
      "y" : 11.09017,
      "z" : -4.236068
    }, {
      "x" : -6.854102,
      "y" : 6.854102,
      "z" : -6.854102
    } ],
    "faces" : [ {
      "vertices" : [ 0, 1, 2 ]
    }, {
      "vertices" : [ 0, 2, 3 ]
    }, {
      "vertices" : [ 0, 3, 2 ]
    }, {
      "vertices" : [ 0, 2, 1 ]
    } ]
  }, {
    "id" : "fed940cd-4861-401d-95bd-558983cbd49a",
    "vertices" : [ {
      "x" : 0.0,
      "y" : 0.0,
      "z" : -14.708204
    }, {
      "x" : 2.618034,
      "y" : 0.0,
      "z" : -14.708204
    }, {
      "x" : 2.506609,
      "y" : 0.0,
      "z" : -14.596779
    }, {
      "x" : 0.0,
      "y" : 0.0,
      "z" : -14.596779
    } ],
    "faces" : [ {
      "vertices" : [ 0, 1, 2 ]
    }, {
      "vertices" : [ 0, 2, 3 ]
    }, {
      "vertices" : [ 0, 3, 2 ]
    }, {
      "vertices" : [ 0, 2, 1 ]
    } ]
  }, {
    "id" : "c7668ecd-6bda-41d2-9b9b-00b4639fd472",
    "vertices" : [ {
      "x" : 0.0,
      "y" : 17.944271,
      "z" : -11.09017
    }, {
      "x" : 4.236068,
      "y" : 6.854102,
      "z" : -11.09017
    }, {
      "x" : 6.854102,
      "y" : 6.854102,
      "z" : -6.854102
    }, {
      "x" : 6.854102,
      "y" : 11.09017,
      "z" : -4.236068
    } ],
    "faces" : [ {
      "vertices" : [ 0, 1, 2 ]
    }, {
      "vertices" : [ 0, 2, 3 ]
    }, {
      "vertices" : [ 0, 3, 2 ]
    }, {
      "vertices" : [ 0, 2, 1 ]
    } ]
  }, {
    "id" : "60a47630-c2d6-4752-8698-f4493287a4af",
    "vertices" : [ {
      "x" : 12.09017,
      "y" : 1.5,
      "z" : 6.854102
    }, {
      "x" : 12.09017,
      "y" : 0.5,
      "z" : 6.854102
    }, {
      "x" : 12.09017,
      "y" : 0.5,
      "z" : 8.854102
    }, {
      "x" : 12.09017,
      "y" : 1.5,
      "z" : 8.854102
    } ],
    "faces" : [ {
      "vertices" : [ 0, 1, 2 ]
    }, {
      "vertices" : [ 0, 2, 3 ]
    }, {
      "vertices" : [ 0, 3, 2 ]
    }, {
      "vertices" : [ 0, 2, 1 ]
    } ]
  }, {
    "id" : "89a68048-ec2a-46b4-b0ca-4a7a7de9a8c4",
    "vertices" : [ {
      "x" : 11.09017,
      "y" : 4.236068,
      "z" : 6.854102
    }, {
      "x" : 10.09017,
      "y" : 1.5,
      "z" : 6.854102
    }, {
      "x" : 10.09017,
      "y" : 1.5,
      "z" : 8.854102
    } ],
    "faces" : [ {
      "vertices" : [ 0, 1, 2 ]
    }, {
      "vertices" : [ 0, 2, 1 ]
    } ]
  }, {
    "id" : "5d88dd35-d1b0-4cce-8469-4d560ac309d5",
    "vertices" : [ {
      "x" : -8.145898,
      "y" : 13.18034,
      "z" : 5.034442
    }, {
      "x" : -21.326239,
      "y" : 13.18034,
      "z" : 0.0
    }, {
      "x" : -13.18034,
      "y" : 5.034442,
      "z" : 8.145898
    }, {
      "x" : -8.145898,
      "y" : 8.145898,
      "z" : 8.145898
    } ],
    "faces" : [ {
      "vertices" : [ 0, 1, 2 ]
    }, {
      "vertices" : [ 0, 2, 3 ]
    }, {
      "vertices" : [ 0, 3, 2 ]
    }, {
      "vertices" : [ 0, 2, 1 ]
    } ]
  }, {
    "id" : "aae6b001-3140-4b99-8119-a7cc34cfad92",
    "vertices" : [ {
      "x" : 10.09017,
      "y" : 0.5,
      "z" : 6.854102
    }, {
      "x" : 10.09017,
      "y" : 0.5,
      "z" : 8.854102
    }, {
      "x" : 12.09017,
      "y" : 0.5,
      "z" : 8.854102
    }, {
      "x" : 12.09017,
      "y" : 0.5,
      "z" : 6.854102
    } ],
    "faces" : [ {
      "vertices" : [ 0, 1, 2 ]
    }, {
      "vertices" : [ 0, 2, 3 ]
    }, {
      "vertices" : [ 0, 3, 2 ]
    }, {
      "vertices" : [ 0, 2, 1 ]
    } ]
  }, {
    "id" : "6324ccc7-f3ee-45d4-8b5e-89e858fe03d7",
    "vertices" : [ {
      "x" : -6.854102,
      "y" : 11.09017,
      "z" : 4.236068
    }, {
      "x" : -17.944271,
      "y" : 11.09017,
      "z" : 0.0
    }, {
      "x" : -6.854102,
      "y" : 11.09017,
      "z" : -4.236068
    }, {
      "x" : -4.236068,
      "y" : 11.09017,
      "z" : 0.0
    } ],
    "faces" : [ {
      "vertices" : [ 0, 1, 2 ]
    }, {
      "vertices" : [ 0, 2, 3 ]
    }, {
      "vertices" : [ 0, 3, 2 ]
    }, {
      "vertices" : [ 0, 2, 1 ]
    } ]
  }, {
    "id" : "11686455-e2a9-4596-8903-d89791f23316",
    "vertices" : [ {
      "x" : 4.236068,
      "y" : 6.854102,
      "z" : 11.09017
    }, {
      "x" : 0.0,
      "y" : 17.944271,
      "z" : 11.09017
    }, {
      "x" : 6.854102,
      "y" : 11.09017,
      "z" : 4.236068
    }, {
      "x" : 6.854102,
      "y" : 6.854102,
      "z" : 6.854102
    } ],
    "faces" : [ {
      "vertices" : [ 0, 1, 2 ]
    }, {
      "vertices" : [ 0, 2, 3 ]
    }, {
      "vertices" : [ 0, 3, 2 ]
    }, {
      "vertices" : [ 0, 2, 1 ]
    } ]
  }, {
    "id" : "70f20e87-7d59-4b49-84d9-aa36106ce4ed",
    "vertices" : [ {
      "x" : 2.618034,
      "y" : -0.45491502,
      "z" : -14.708204
    }, {
      "x" : -2.618034,
      "y" : -0.45491502,
      "z" : -14.708204
    }, {
      "x" : 0.0,
      "y" : 0.0,
      "z" : -14.596779
    } ],
    "faces" : [ {
      "vertices" : [ 0, 1, 2 ]
    }, {
      "vertices" : [ 0, 2, 1 ]
    } ]
  }, {
    "id" : "29fef07d-44e7-450e-abee-8d42ee137818",
    "vertices" : [ {
      "x" : 10.09017,
      "y" : 1.5,
      "z" : 6.854102
    }, {
      "x" : 12.09017,
      "y" : 1.5,
      "z" : 6.854102
    }, {
      "x" : 12.09017,
      "y" : 1.5,
      "z" : 8.854102
    }, {
      "x" : 10.09017,
      "y" : 1.5,
      "z" : 8.854102
    } ],
    "faces" : [ {
      "vertices" : [ 0, 1, 2 ]
    }, {
      "vertices" : [ 0, 2, 3 ]
    }, {
      "vertices" : [ 0, 3, 2 ]
    }, {
      "vertices" : [ 0, 2, 1 ]
    } ]
  }, {
    "id" : "3f89e448-578c-4aff-8dc8-d569b3aa162d",
    "vertices" : [ {
      "x" : 8.145898,
      "y" : 13.18034,
      "z" : 5.034442
    }, {
      "x" : 0.0,
      "y" : 21.326239,
      "z" : 13.18034
    }, {
      "x" : 5.034442,
      "y" : 8.145898,
      "z" : 13.18034
    }, {
      "x" : 8.145898,
      "y" : 8.145898,
      "z" : 8.145898
    } ],
    "faces" : [ {
      "vertices" : [ 0, 1, 2 ]
    }, {
      "vertices" : [ 0, 2, 3 ]
    }, {
      "vertices" : [ 0, 3, 2 ]
    }, {
      "vertices" : [ 0, 2, 1 ]
    } ]
  }, {
    "id" : "be0bc770-b3f3-4972-9424-abcc4c605cab",
    "vertices" : [ {
      "x" : 0.0,
      "y" : 17.944271,
      "z" : -11.09017
    }, {
      "x" : 6.854102,
      "y" : 11.09017,
      "z" : -4.236068
    }, {
      "x" : 4.236068,
      "y" : 11.09017,
      "z" : 0.0
    }, {
      "x" : 0.0,
      "y" : 13.708204,
      "z" : 0.0
    } ],
    "faces" : [ {
      "vertices" : [ 0, 1, 2 ]
    }, {
      "vertices" : [ 0, 2, 3 ]
    }, {
      "vertices" : [ 0, 3, 2 ]
    }, {
      "vertices" : [ 0, 2, 1 ]
    } ]
  }, {
    "id" : "6bf3f694-3418-4e5f-b7e7-762b4577d57d",
    "vertices" : [ {
      "x" : -2.506609,
      "y" : 0.0,
      "z" : -12.819629
    }, {
      "x" : -2.618034,
      "y" : -0.45491502,
      "z" : -12.708204
    }, {
      "x" : 2.618034,
      "y" : -0.45491502,
      "z" : -12.708204
    }, {
      "x" : 2.506609,
      "y" : 0.0,
      "z" : -12.819629
    } ],
    "faces" : [ {
      "vertices" : [ 0, 1, 2 ]
    }, {
      "vertices" : [ 0, 2, 3 ]
    }, {
      "vertices" : [ 0, 3, 2 ]
    }, {
      "vertices" : [ 0, 2, 1 ]
    } ]
  }, {
    "id" : "88aee37e-cc71-4182-9df6-ce812853370c",
    "vertices" : [ {
      "x" : -12.09017,
      "y" : 0.5,
      "z" : 6.854102
    }, {
      "x" : -10.09017,
      "y" : 0.5,
      "z" : 6.854102
    }, {
      "x" : -10.09017,
      "y" : 1.5,
      "z" : 6.854102
    }, {
      "x" : -12.09017,
      "y" : 1.5,
      "z" : 6.854102
    } ],
    "faces" : [ {
      "vertices" : [ 0, 1, 2 ]
    }, {
      "vertices" : [ 0, 2, 3 ]
    }, {
      "vertices" : [ 0, 3, 2 ]
    }, {
      "vertices" : [ 0, 2, 1 ]
    } ]
  }, {
    "id" : "bd8c2a3b-328c-4bef-a43e-2cc2c6534ed5",
    "vertices" : [ {
      "x" : -2.506609,
      "y" : -0.90983003,
      "z" : 12.819629
    }, {
      "x" : -2.618034,
      "y" : -0.45491502,
      "z" : 12.708204
    }, {
      "x" : 2.618034,
      "y" : -0.45491502,
      "z" : 12.708204
    }, {
      "x" : 2.506609,
      "y" : -0.90983003,
      "z" : 12.819629
    } ],
    "faces" : [ {
      "vertices" : [ 0, 1, 2 ]
    }, {
      "vertices" : [ 0, 2, 3 ]
    }, {
      "vertices" : [ 0, 3, 2 ]
    }, {
      "vertices" : [ 0, 2, 1 ]
    } ]
  }, {
    "id" : "2f4b7beb-3d29-464c-aa48-2a4bd89ced9f",
    "vertices" : [ {
      "x" : -2.618034,
      "y" : 0.0,
      "z" : -14.708204
    }, {
      "x" : 0.0,
      "y" : 0.0,
      "z" : -14.708204
    }, {
      "x" : 0.0,
      "y" : 0.0,
      "z" : -14.596779
    }, {
      "x" : -2.506609,
      "y" : 0.0,
      "z" : -14.596779
    } ],
    "faces" : [ {
      "vertices" : [ 0, 1, 2 ]
    }, {
      "vertices" : [ 0, 2, 3 ]
    }, {
      "vertices" : [ 0, 3, 2 ]
    }, {
      "vertices" : [ 0, 2, 1 ]
    } ]
  }, {
    "id" : "11ef3fbb-2e17-487d-9f15-5a37e58f617c",
    "vertices" : [ {
      "x" : -11.09017,
      "y" : 4.236068,
      "z" : -6.854102
    }, {
      "x" : -10.09017,
      "y" : 1.5,
      "z" : -8.854102
    }, {
      "x" : -11.09017,
      "y" : 0.0,
      "z" : -17.944271
    } ],
    "faces" : [ {
      "vertices" : [ 0, 1, 2 ]
    }, {
      "vertices" : [ 0, 2, 1 ]
    } ]
  }, {
    "id" : "8945e467-d281-4622-ad94-5adc6ea0f686",
    "vertices" : [ {
      "x" : 0.0,
      "y" : 0.0,
      "z" : 16.291796
    }, {
      "x" : -13.18034,
      "y" : 0.0,
      "z" : 21.326239
    }, {
      "x" : -11.09017,
      "y" : 0.0,
      "z" : 17.944271
    }, {
      "x" : -2.618034,
      "y" : 0.0,
      "z" : 14.708204
    }, {
      "x" : 0.0,
      "y" : 0.0,
      "z" : 14.708204
