{
  "field" : "golden",
  "symmetry" : "icosahedral",
  "orientations" : [ [ 1.0, 0.0, 0.0, 0.0, 0.0, 1.0, 0.0, 0.0, 0.0, 0.0, 1.0, 0.0, 0.0, 0.0, 0.0, 1.0 ], [ 0.0, 0.0, 1.0, 0.0, 1.0, 0.0, 0.0, 0.0, 0.0, 1.0, 0.0, 0.0, 0.0, 0.0, 0.0, 1.0 ], [ 0.0, 1.0, 0.0, 0.0, 0.0, 0.0, 1.0, 0.0, 1.0, 0.0, 0.0, 0.0, 0.0, 0.0, 0.0, 1.0 ], [ 0.809017, 0.309017, 0.5, 0.0, 0.309017, 0.5, -0.809017, 0.0, -0.5, 0.809017, 0.309017, 0.0, 0.0, 0.0, 0.0, 1.0 ], [ -0.5, 0.809017, 0.309017, 0.0, 0.809017, 0.309017, 0.5, 0.0, 0.309017, 0.5, -0.809017, 0.0, 0.0, 0.0, 0.0, 1.0 ], [ 0.309017, 0.5, -0.809017, 0.0, -0.5, 0.809017, 0.309017, 0.0, 0.809017, 0.309017, 0.5, 0.0, 0.0, 0.0, 0.0, 1.0 ], [ 0.5, 0.809017, 0.309017, 0.0, 0.809017, -0.309017, -0.5, 0.0, -0.309017, 0.5, -0.809017, 0.0, 0.0, 0.0, 0.0, 1.0 ], [ -0.309017, 0.5, -0.809017, 0.0, 0.5, 0.809017, 0.309017, 0.0, 0.809017, -0.309017, -0.5, 0.0, 0.0, 0.0, 0.0, 1.0 ], [ 0.809017, -0.309017, -0.5, 0.0, -0.309017, 0.5, -0.809017, 0.0, 0.5, 0.809017, 0.309017, 0.0, 0.0, 0.0, 0.0, 1.0 ], [ 0.5, 0.809017, -0.309017, 0.0, 0.809017, -0.309017, 0.5, 0.0, 0.309017, -0.5, -0.809017, 0.0, 0.0, 0.0, 0.0, 1.0 ], [ 0.309017, -0.5, -0.809017, 0.0, 0.5, 0.809017, -0.309017, 0.0, 0.809017, -0.309017, 0.5, 0.0, 0.0, 0.0, 0.0, 1.0 ], [ 0.809017, -0.309017, 0.5, 0.0, 0.309017, -0.5, -0.809017, 0.0, 0.5, 0.809017, -0.309017, 0.0, 0.0, 0.0, 0.0, 1.0 ], [ 0.809017, 0.309017, -0.5, 0.0, 0.309017, 0.5, 0.809017, 0.0, 0.5, -0.809017, 0.309017, 0.0, 0.0, 0.0, 0.0, 1.0 ], [ 0.5, -0.809017, 0.309017, 0.0, 0.809017, 0.309017, -0.5, 0.0, 0.309017, 0.5, 0.809017, 0.0, 0.0, 0.0, 0.0, 1.0 ], [ 0.309017, 0.5, 0.809017, 0.0, 0.5, -0.809017, 0.309017, 0.0, 0.809017, 0.309017, -0.5, 0.0, 0.0, 0.0, 0.0, 1.0 ], [ 1.0, 0.0, 0.0, 0.0, 0.0, -1.0, 0.0, 0.0, 0.0, 0.0, -1.0, 0.0, 0.0, 0.0, 0.0, 1.0 ], [ 0.0, 0.0, 1.0, 0.0, -1.0, 0.0, 0.0, 0.0, 0.0, -1.0, 0.0, 0.0, 0.0, 0.0, 0.0, 1.0 ], [ 0.0, 1.0, 0.0, 0.0, 0.0, 0.0, -1.0, 0.0, -1.0, 0.0, 0.0, 0.0, 0.0, 0.0, 0.0, 1.0 ], [ 0.809017, 0.309017, 0.5, 0.0, -0.309017, -0.5, 0.809017, 0.0, 0.5, -0.809017, -0.309017, 0.0, 0.0, 0.0, 0.0, 1.0 ], [ -0.5, 0.809017, 0.309017, 0.0, -0.809017, -0.309017, -0.5, 0.0, -0.309017, -0.5, 0.809017, 0.0, 0.0, 0.0, 0.0, 1.0 ], [ 0.309017, 0.5, -0.809017, 0.0, 0.5, -0.809017, -0.309017, 0.0, -0.809017, -0.309017, -0.5, 0.0, 0.0, 0.0, 0.0, 1.0 ], [ 0.5, 0.809017, 0.309017, 0.0, -0.809017, 0.309017, 0.5, 0.0, 0.309017, -0.5, 0.809017, 0.0, 0.0, 0.0, 0.0, 1.0 ], [ -0.309017, 0.5, -0.809017, 0.0, -0.5, -0.809017, -0.309017, 0.0, -0.809017, 0.309017, 0.5, 0.0, 0.0, 0.0, 0.0, 1.0 ], [ 0.809017, -0.309017, -0.5, 0.0, 0.309017, -0.5, 0.809017, 0.0, -0.5, -0.809017, -0.309017, 0.0, 0.0, 0.0, 0.0, 1.0 ], [ 0.5, 0.809017, -0.309017, 0.0, -0.809017, 0.309017, -0.5, 0.0, -0.309017, 0.5, 0.809017, 0.0, 0.0, 0.0, 0.0, 1.0 ], [ 0.309017, -0.5, -0.809017, 0.0, -0.5, -0.809017, 0.309017, 0.0, -0.809017, 0.309017, -0.5, 0.0, 0.0, 0.0, 0.0, 1.0 ], [ 0.809017, -0.309017, 0.5, 0.0, -0.309017, 0.5, 0.809017, 0.0, -0.5, -0.809017, 0.309017, 0.0, 0.0, 0.0, 0.0, 1.0 ], [ 0.809017, 0.309017, -0.5, 0.0, -0.309017, -0.5, -0.809017, 0.0, -0.5, 0.809017, -0.309017, 0.0, 0.0, 0.0, 0.0, 1.0 ], [ 0.5, -0.809017, 0.309017, 0.0, -0.809017, -0.309017, 0.5, 0.0, -0.309017, -0.5, -0.809017, 0.0, 0.0, 0.0, 0.0, 1.0 ], [ 0.309017, 0.5, 0.809017, 0.0, -0.5, 0.809017, -0.309017, 0.0, -0.809017, -0.309017, 0.5, 0.0, 0.0, 0.0, 0.0, 1.0 ], [ -1.0, 0.0, 0.0, 0.0, 0.0, -1.0, 0.0, 0.0, 0.0, 0.0, 1.0, 0.0, 0.0, 0.0, 0.0, 1.0 ], [ 0.0, 0.0, -1.0, 0.0, -1.0, 0.0, 0.0, 0.0, 0.0, 1.0, 0.0, 0.0, 0.0, 0.0, 0.0, 1.0 ], [ 0.0, -1.0, 0.0, 0.0, 0.0, 0.0, -1.0, 0.0, 1.0, 0.0, 0.0, 0.0, 0.0, 0.0, 0.0, 1.0 ], [ -0.809017, -0.309017, -0.5, 0.0, -0.309017, -0.5, 0.809017, 0.0, -0.5, 0.809017, 0.309017, 0.0, 0.0, 0.0, 0.0, 1.0 ], [ 0.5, -0.809017, -0.309017, 0.0, -0.809017, -0.309017, -0.5, 0.0, 0.309017, 0.5, -0.809017, 0.0, 0.0, 0.0, 0.0, 1.0 ], [ -0.309017, -0.5, 0.809017, 0.0, 0.5, -0.809017, -0.309017, 0.0, 0.809017, 0.309017, 0.5, 0.0, 0.0, 0.0, 0.0, 1.0 ], [ -0.5, -0.809017, -0.309017, 0.0, -0.809017, 0.309017, 0.5, 0.0, -0.309017, 0.5, -0.809017, 0.0, 0.0, 0.0, 0.0, 1.0 ], [ 0.309017, -0.5, 0.809017, 0.0, -0.5, -0.809017, -0.309017, 0.0, 0.809017, -0.309017, -0.5, 0.0, 0.0, 0.0, 0.0, 1.0 ], [ -0.809017, 0.309017, 0.5, 0.0, 0.309017, -0.5, 0.809017, 0.0, 0.5, 0.809017, 0.309017, 0.0, 0.0, 0.0, 0.0, 1.0 ], [ -0.5, -0.809017, 0.309017, 0.0, -0.809017, 0.309017, -0.5, 0.0, 0.309017, -0.5, -0.809017, 0.0, 0.0, 0.0, 0.0, 1.0 ], [ -0.309017, 0.5, 0.809017, 0.0, -0.5, -0.809017, 0.309017, 0.0, 0.809017, -0.309017, 0.5, 0.0, 0.0, 0.0, 0.0, 1.0 ], [ -0.809017, 0.309017, -0.5, 0.0, -0.309017, 0.5, 0.809017, 0.0, 0.5, 0.809017, -0.309017, 0.0, 0.0, 0.0, 0.0, 1.0 ], [ -0.809017, -0.309017, 0.5, 0.0, -0.309017, -0.5, -0.809017, 0.0, 0.5, -0.809017, 0.309017, 0.0, 0.0, 0.0, 0.0, 1.0 ], [ -0.5, 0.809017, -0.309017, 0.0, -0.809017, -0.309017, 0.5, 0.0, 0.309017, 0.5, 0.809017, 0.0, 0.0, 0.0, 0.0, 1.0 ], [ -0.309017, -0.5, -0.809017, 0.0, -0.5, 0.809017, -0.309017, 0.0, 0.809017, 0.309017, -0.5, 0.0, 0.0, 0.0, 0.0, 1.0 ], [ -1.0, 0.0, 0.0, 0.0, 0.0, 1.0, 0.0, 0.0, 0.0, 0.0, -1.0, 0.0, 0.0, 0.0, 0.0, 1.0 ], [ 0.0, 0.0, -1.0, 0.0, 1.0, 0.0, 0.0, 0.0, 0.0, -1.0, 0.0, 0.0, 0.0, 0.0, 0.0, 1.0 ], [ 0.0, -1.0, 0.0, 0.0, 0.0, 0.0, 1.0, 0.0, -1.0, 0.0, 0.0, 0.0, 0.0, 0.0, 0.0, 1.0 ], [ -0.809017, -0.309017, -0.5, 0.0, 0.309017, 0.5, -0.809017, 0.0, 0.5, -0.809017, -0.309017, 0.0, 0.0, 0.0, 0.0, 1.0 ], [ 0.5, -0.809017, -0.309017, 0.0, 0.809017, 0.309017, 0.5, 0.0, -0.309017, -0.5, 0.809017, 0.0, 0.0, 0.0, 0.0, 1.0 ], [ -0.309017, -0.5, 0.809017, 0.0, -0.5, 0.809017, 0.309017, 0.0, -0.809017, -0.309017, -0.5, 0.0, 0.0, 0.0, 0.0, 1.0 ], [ -0.5, -0.809017, -0.309017, 0.0, 0.809017, -0.309017, -0.5, 0.0, 0.309017, -0.5, 0.809017, 0.0, 0.0, 0.0, 0.0, 1.0 ], [ 0.309017, -0.5, 0.809017, 0.0, 0.5, 0.809017, 0.309017, 0.0, -0.809017, 0.309017, 0.5, 0.0, 0.0, 0.0, 0.0, 1.0 ], [ -0.809017, 0.309017, 0.5, 0.0, -0.309017, 0.5, -0.809017, 0.0, -0.5, -0.809017, -0.309017, 0.0, 0.0, 0.0, 0.0, 1.0 ], [ -0.5, -0.809017, 0.309017, 0.0, 0.809017, -0.309017, 0.5, 0.0, -0.309017, 0.5, 0.809017, 0.0, 0.0, 0.0, 0.0, 1.0 ], [ -0.309017, 0.5, 0.809017, 0.0, 0.5, 0.809017, -0.309017, 0.0, -0.809017, 0.309017, -0.5, 0.0, 0.0, 0.0, 0.0, 1.0 ], [ -0.809017, 0.309017, -0.5, 0.0, 0.309017, -0.5, -0.809017, 0.0, -0.5, -0.809017, 0.309017, 0.0, 0.0, 0.0, 0.0, 1.0 ], [ -0.809017, -0.309017, 0.5, 0.0, 0.309017, 0.5, 0.809017, 0.0, -0.5, 0.809017, -0.309017, 0.0, 0.0, 0.0, 0.0, 1.0 ], [ -0.5, 0.809017, -0.309017, 0.0, 0.809017, 0.309017, -0.5, 0.0, -0.309017, -0.5, -0.809017, 0.0, 0.0, 0.0, 0.0, 1.0 ], [ -0.309017, -0.5, -0.809017, 0.0, 0.5, -0.809017, 0.309017, 0.0, -0.809017, -0.309017, 0.5, 0.0, 0.0, 0.0, 0.0, 1.0 ] ],
  "lights" : {
    "backgroundColor" : "#C1DFFF",
    "ambientColor" : "#292929",
    "directionalLights" : [ {
      "direction" : {
        "x" : 1.0,
        "y" : -1.0,
        "z" : -1.0
      },
      "color" : "#EBEBE4"
    }, {
      "direction" : {
        "x" : -1.0,
        "y" : 0.0,
        "z" : 0.0
      },
      "color" : "#E4E4EB"
    }, {
      "direction" : {
        "x" : 0.0,
        "y" : 0.0,
        "z" : -1.0
      },
      "color" : "#1E1E1E"
    } ]
  },
  "camera" : {
    "width" : 172.49567,
    "stereo" : false,
    "lookDirection" : {
      "x" : 0.70714325,
      "y" : -0.52428675,
      "z" : -0.4744446
    },
    "upDirection" : {
      "x" : 0.7061523,
      "y" : 0.48984933,
      "z" : 0.51121354
    },
    "lookAtPoint" : {
      "x" : 0.0,
      "y" : 0.0,
      "z" : 0.0
    },
    "viewDistance" : 383.32358,
    "nearClipDistance" : 0.958308,
    "farClipDistance" : 766.6454,
    "fieldOfView" : 0.442629,
    "perspective" : false,
    "position" : {
      "x" : -271.06467,
      "y" : 200.97147,
      "z" : 181.8658
    }
  },
  "embedding" : [ 1.0, 0.0, 0.0, 0.0, 0.0, 1.0, 0.0, 0.0, 0.0, 0.0, 1.0, 0.0, 0.0, 0.0, 0.0, 1.0 ],
  "shapes" : [ {
    "id" : "78a451bf-3749-4fab-ac7e-28f0204775c7",
    "vertices" : [ {
      "x" : 21.330624,
      "y" : -37.974327,
      "z" : -21.030056
    }, {
      "x" : 18.506578,
      "y" : -40.798374,
      "z" : -15.381966
    }, {
      "x" : 18.506578,
      "y" : -49.27051,
      "z" : -23.854101
    } ],
    "faces" : [ {
      "vertices" : [ 0, 1, 2 ]
    }, {
      "vertices" : [ 0, 2, 1 ]
    } ]
  }, {
    "id" : "7d666a37-8a1d-4097-82c2-0c6998678a8d",
    "vertices" : [ {
      "x" : 2.4420793,
      "y" : 2.1330624,
      "z" : 5.0751414
    }, {
      "x" : 0.38196602,
      "y" : 0.072949015,
      "z" : 0.95491505
    }, {
      "x" : 0.690983,
      "y" : 0.19098301,
      "z" : 0.76393205
    }, {
      "x" : 2.7510962,
      "y" : 2.2510962,
      "z" : 4.8841586
    }, {
      "x" : 2.4420793,
      "y" : 2.7510962,
      "z" : 4.693176
    }, {
      "x" : 2.8240454,
      "y" : 2.8240454,
      "z" : 5.648091
    }, {
      "x" : 0.38196602,
      "y" : 0.690983,
      "z" : 0.572949
    }, {
      "x" : 2.6781473,
      "y" : 2.6781473,
      "z" : 5.3562946
    }, {
      "x" : 0.14589803,
      "y" : 0.14589803,
      "z" : 0.29179606
    }, {
      "x" : 0.072949015,
      "y" : 0.572949,
      "z" : 0.76393205
    }, {
      "x" : 2.1330624,
      "y" : 2.6330624,
      "z" : 4.8841586
    } ],
    "faces" : [ {
      "vertices" : [ 2, 8, 6 ]
    }, {
      "vertices" : [ 0, 7, 10 ]
    }, {
      "vertices" : [ 1, 9, 8 ]
    }, {
      "vertices" : [ 0, 10, 9 ]
    }, {
      "vertices" : [ 0, 9, 1 ]
    }, {
      "vertices" : [ 4, 10, 7 ]
    }, {
      "vertices" : [ 0, 1, 2 ]
    }, {
      "vertices" : [ 0, 2, 3 ]
    }, {
      "vertices" : [ 6, 8, 9 ]
    }, {
      "vertices" : [ 0, 3, 7 ]
    }, {
      "vertices" : [ 1, 8, 2 ]
    }, {
      "vertices" : [ 4, 6, 9 ]
    }, {
      "vertices" : [ 4, 9, 10 ]
    }, {
      "vertices" : [ 3, 4, 7 ]
    }, {
      "vertices" : [ 2, 6, 4 ]
    }, {
      "vertices" : [ 2, 4, 3 ]
    } ]
  }, {
    "id" : "98b677f2-38c9-40a8-aaa8-1480d127a726",
    "vertices" : [ {
      "x" : 10.822848,
      "y" : 2.5640454,
      "z" : 2.3973787
    }, {
      "x" : 10.722848,
      "y" : 2.4640453,
      "z" : 2.7973785
    }, {
      "x" : 0.47333333,
      "y" : 0.26,
      "z" : 0.42666668
    }, {
      "x" : 0.5733333,
      "y" : 0.36,
      "z" : 0.026666667
    }, {
      "x" : 10.489514,
      "y" : 2.7640452,
      "z" : 2.930712
    }, {
      "x" : 10.589515,
      "y" : 2.8640454,
      "z" : 2.530712
    }, {
      "x" : 0.8066667,
      "y" : 0.06,
      "z" : -0.10666667
    }, {
      "x" : 0.70666665,
      "y" : -0.04,
      "z" : 0.29333332
    } ],
    "faces" : [ {
      "vertices" : [ 2, 3, 6 ]
    }, {
      "vertices" : [ 2, 6, 7 ]
    }, {
      "vertices" : [ 0, 5, 4 ]
    }, {
      "vertices" : [ 0, 4, 1 ]
    }, {
      "vertices" : [ 2, 4, 5 ]
    }, {
      "vertices" : [ 2, 5, 3 ]
    }, {
      "vertices" : [ 0, 6, 3 ]
    }, {
      "vertices" : [ 0, 3, 5 ]
    }, {
      "vertices" : [ 0, 1, 7 ]
    }, {
      "vertices" : [ 0, 7, 6 ]
    }, {
      "vertices" : [ 1, 4, 2 ]
    }, {
      "vertices" : [ 1, 2, 7 ]
    } ]
  }, {
    "id" : "23e2bbdc-0ecb-4c01-83a3-7c87bea56de5",
    "vertices" : [ {
      "x" : -15.381966,
      "y" : -23.854101,
      "z" : -15.381966
    }, {
      "x" : -6.90983,
      "y" : -15.381966,
      "z" : -15.381966
    }, {
      "x" : -15.381966,
      "y" : -15.381966,
      "z" : -23.854101
    } ],
    "faces" : [ {
      "vertices" : [ 0, 1, 2 ]
    }, {
      "vertices" : [ 0, 2, 1 ]
    } ]
  }, {
    "id" : "1d938499-6f31-4a64-b6de-d5d2d6db26b9",
    "vertices" : [ {
      "x" : 1.5623059,
      "y" : -23.854101,
      "z" : 1.5623059
    }, {
      "x" : -1.2617394,
      "y" : -26.678146,
      "z" : -9.733875
    }, {
      "x" : 1.5623059,
      "y" : -15.381966,
      "z" : -6.90983
    } ],
    "faces" : [ {
      "vertices" : [ 0, 1, 2 ]
    }, {
      "vertices" : [ 0, 2, 1 ]
    } ]
  }, {
    "id" : "5fdf87e3-c33f-46fd-a7fc-d7d3ccf110ed",
    "vertices" : [ {
      "x" : -15.381966,
      "y" : -32.326237,
      "z" : 10.034442
    }, {
      "x" : -18.20601,
      "y" : -26.678146,
      "z" : 7.210397
    }, {
      "x" : -15.381966,
      "y" : -23.854101,
      "z" : 18.506578
    } ],
    "faces" : [ {
      "vertices" : [ 0, 1, 2 ]
    }, {
      "vertices" : [ 0, 2, 1 ]
    } ]
  }, {
    "id" : "671fb8a3-548b-4f60-a035-68bd3f9755f0",
    "vertices" : [ {
      "x" : 0.309017,
      "y" : -0.309017,
      "z" : -0.309017
    }, {
      "x" : 0.5,
      "y" : 0.0,
      "z" : -0.19098301
    }, {
      "x" : 0.5,
      "y" : 0.0,
      "z" : 0.19098301
    }, {
      "x" : 0.309017,
      "y" : -0.309017,
      "z" : 0.309017
    }, {
      "x" : 0.19098301,
      "y" : -0.5,
      "z" : 0.0
    }, {
      "x" : 0.0,
      "y" : 0.19098301,
      "z" : 0.5
    }, {
      "x" : 0.0,
      "y" : -0.19098301,
      "z" : 0.5
    }, {
      "x" : 0.309017,
      "y" : 0.309017,
      "z" : 0.309017
    }, {
      "x" : -0.309017,
      "y" : -0.309017,
      "z" : 0.309017
    }, {
      "x" : -0.309017,
      "y" : 0.309017,
      "z" : 0.309017
    }, {
      "x" : -0.5,
      "y" : 0.0,
      "z" : 0.19098301
    }, {
      "x" : 0.0,
      "y" : -0.19098301,
      "z" : -0.5
    }, {
      "x" : 0.0,
      "y" : 0.19098301,
      "z" : -0.5
    }, {
      "x" : 0.309017,
      "y" : 0.309017,
      "z" : -0.309017
    }, {
      "x" : -0.309017,
      "y" : -0.309017,
      "z" : -0.309017
    }, {
      "x" : -0.19098301,
      "y" : -0.5,
      "z" : 0.0
    }, {
      "x" : -0.5,
      "y" : 0.0,
      "z" : -0.19098301
    }, {
      "x" : 0.19098301,
      "y" : 0.5,
      "z" : 0.0
    }, {
      "x" : -0.309017,
      "y" : 0.309017,
      "z" : -0.309017
    }, {
      "x" : 0.0,
      "y" : 0.0,
      "z" : 0.0
    }, {
      "x" : -0.19098301,
      "y" : 0.5,
      "z" : 0.0
    } ],
    "faces" : [ {
      "vertices" : [ 12, 18, 20 ]
    }, {
      "vertices" : [ 12, 20, 17 ]
    }, {
      "vertices" : [ 12, 17, 13 ]
    }, {
      "vertices" : [ 3, 6, 8 ]
    }, {
      "vertices" : [ 3, 8, 15 ]
    }, {
      "vertices" : [ 3, 15, 4 ]
    }, {
      "vertices" : [ 0, 11, 12 ]
    }, {
      "vertices" : [ 0, 12, 13 ]
    }, {
      "vertices" : [ 0, 13, 1 ]
    }, {
      "vertices" : [ 5, 9, 10 ]
    }, {
      "vertices" : [ 5, 10, 8 ]
    }, {
      "vertices" : [ 5, 8, 6 ]
    }, {
      "vertices" : [ 2, 7, 5 ]
    }, {
      "vertices" : [ 2, 5, 6 ]
    }, {
      "vertices" : [ 2, 6, 3 ]
    }, {
      "vertices" : [ 11, 14, 16 ]
    }, {
      "vertices" : [ 11, 16, 18 ]
    }, {
      "vertices" : [ 11, 18, 12 ]
    }, {
      "vertices" : [ 1, 13, 17 ]
    }, {
      "vertices" : [ 1, 17, 7 ]
    }, {
      "vertices" : [ 1, 7, 2 ]
    }, {
      "vertices" : [ 9, 20, 18 ]
    }, {
      "vertices" : [ 9, 18, 16 ]
    }, {
      "vertices" : [ 9, 16, 10 ]
    }, {
      "vertices" : [ 0, 1, 2 ]
    }, {
      "vertices" : [ 0, 2, 3 ]
    }, {
      "vertices" : [ 0, 3, 4 ]
    }, {
      "vertices" : [ 5, 7, 17 ]
    }, {
      "vertices" : [ 5, 17, 20 ]
    }, {
      "vertices" : [ 5, 20, 9 ]
    }, {
      "vertices" : [ 0, 4, 15 ]
    }, {
      "vertices" : [ 0, 15, 14 ]
    }, {
      "vertices" : [ 0, 14, 11 ]
    }, {
      "vertices" : [ 8, 10, 16 ]
    }, {
      "vertices" : [ 8, 16, 14 ]
    }, {
      "vertices" : [ 8, 14, 15 ]
    } ]
  }, {
    "id" : "4fa5f096-1fc0-4d1b-b079-21138e38030e",
    "vertices" : [ {
      "x" : -4.038827,
      "y" : 3.4999754,
      "z" : 3.833309
    }, {
      "x" : -4.138827,
      "y" : 3.5999756,
      "z" : 3.4333088
    }, {
      "x" : -0.34752417,
      "y" : 0.5858092,
      "z" : 0.25247583
    }, {
      "x" : -0.24752416,
      "y" : 0.48580918,
      "z" : 0.65247583
    }, {
      "x" : -3.9054937,
      "y" : 3.8999755,
      "z" : 3.5666423
    }, {
      "x" : -3.8054938,
      "y" : 3.7999756,
      "z" : 3.9666421
    }, {
      "x" : -0.4808575,
      "y" : 0.18580918,
      "z" : 0.5191425
    }, {
      "x" : -0.5808575,
      "y" : 0.2858092,
      "z" : 0.11914251
    } ],
    "faces" : [ {
      "vertices" : [ 2, 3, 6 ]
    }, {
      "vertices" : [ 2, 6, 7 ]
    }, {
      "vertices" : [ 0, 5, 4 ]
    }, {
      "vertices" : [ 0, 4, 1 ]
    }, {
      "vertices" : [ 2, 4, 5 ]
    }, {
      "vertices" : [ 2, 5, 3 ]
    }, {
      "vertices" : [ 0, 6, 3 ]
    }, {
      "vertices" : [ 0, 3, 5 ]
    }, {
      "vertices" : [ 0, 1, 7 ]
    }, {
      "vertices" : [ 0, 7, 6 ]
    }, {
      "vertices" : [ 1, 4, 2 ]
    }, {
      "vertices" : [ 1, 2, 7 ]
    } ]
  }, {
    "id" : "9e878773-a5d1-44ea-b813-4a15544972b3",
    "vertices" : [ {
      "x" : -21.030056,
      "y" : -37.974327,
      "z" : 21.330624
    }, {
      "x" : -23.854101,
      "y" : -32.326237,
      "z" : 18.506578
    }, {
      "x" : -32.326237,
      "y" : -40.798374,
      "z" : 18.506578
    } ],
    "faces" : [ {
      "vertices" : [ 0, 1, 2 ]
    }, {
      "vertices" : [ 0, 2, 1 ]
    } ]
  }, {
    "id" : "8205ec32-b438-4321-9527-72e53236f5e2",
    "vertices" : [ {
      "x" : -32.326237,
      "y" : 10.034442,
      "z" : -49.27051
    }, {
      "x" : -26.678146,
      "y" : 7.210397,
      "z" : -52.094555
    }, {
      "x" : -23.854101,
      "y" : 18.506578,
      "z" : -49.27051
    } ],
    "faces" : [ {
      "vertices" : [ 0, 1, 2 ]
    }, {
      "vertices" : [ 0, 2, 1 ]
    } ]
  }, {
    "id" : "3389d1b1-c470-4d32-ab6e-64bd6ebd3575",
    "vertices" : [ {
      "x" : -4.085785,
      "y" : -21.030056,
      "z" : 21.330624
    }, {
      "x" : -6.90983,
      "y" : -15.381966,
      "z" : 18.506578
    }, {
      "x" : -15.381966,
      "y" : -23.854101,
      "z" : 18.506578
    } ],
    "faces" : [ {
      "vertices" : [ 0, 1, 2 ]
    }, {
      "vertices" : [ 0, 2, 1 ]
    } ]
  }, {
    "id" : "66fab70f-361d-4503-a624-c9890f45e500",
    "vertices" : [ {
      "x" : 10.781153,
      "y" : 4.118034,
      "z" : -1.572949
    }, {
      "x" : 10.399187,
      "y" : 3.663119,
      "z" : -1.381966
    }, {
      "x" : 10.236068,
      "y" : 3.927051,
      "z" : -1.809017
    }, {
      "x" : 10.163119,
      "y" : 4.190983,
      "z" : -1.618034
    }, {
      "x" : 0.85410196,
      "y" : 0.309017,
      "z" : 0.19098301
    }, {
      "x" : 0.690983,
      "y" : 0.572949,
      "z" : -0.23606798
    }, {
      "x" : 0.309017,
      "y" : 0.11803399,
      "z" : -0.045084972
    }, {
      "x" : 0.76393205,
      "y" : 0.309017,
      "z" : -0.42705098
    }, {
      "x" : 0.927051,
      "y" : 0.045084972,
      "z" : 0.0
    }, {
      "x" : 10.326238,
      "y" : 3.927051,
      "z" : -1.190983
    }, {
      "x" : 11.09017,
      "y" : 4.236068,
      "z" : -1.618034
    } ],
    "faces" : [ {
      "vertices" : [ 2, 7, 5 ]
    }, {
      "vertices" : [ 2, 5, 3 ]
    }, {
      "vertices" : [ 1, 8, 7 ]
    }, {
      "vertices" : [ 1, 7, 2 ]
    }, {
      "vertices" : [ 4, 6, 8 ]
    }, {
      "vertices" : [ 5, 7, 6 ]
    }, {
      "vertices" : [ 0, 1, 2 ]
    }, {
      "vertices" : [ 0, 2, 3 ]
    }, {
      "vertices" : [ 6, 7, 8 ]
    }, {
      "vertices" : [ 3, 5, 4 ]
    }, {
      "vertices" : [ 3, 4, 9 ]
    }, {
      "vertices" : [ 1, 9, 4 ]
    }, {
      "vertices" : [ 1, 4, 8 ]
    }, {
      "vertices" : [ 0, 9, 1 ]
    }, {
      "vertices" : [ 0, 3, 9 ]
    }, {
      "vertices" : [ 4, 5, 6 ]
    } ]
  }, {
    "id" : "e4a595c2-4d7d-416d-878c-f5fc113cf784",
    "vertices" : [ {
      "x" : -1.2617394,
      "y" : 7.210397,
      "z" : 7.210397
    }, {
      "x" : 7.210397,
      "y" : 7.210397,
      "z" : 15.682532
    }, {
      "x" : 7.210397,
      "y" : -1.2617394,
      "z" : 7.210397
    } ],
    "faces" : [ {
      "vertices" : [ 0, 1, 2 ]
    }, {
      "vertices" : [ 0, 2, 1 ]
    } ]
  }, {
    "id" : "c6278afd-fec4-4e03-a879-1ae6f8c6ccb2",
    "vertices" : [ {
      "x" : 15.682532,
      "y" : 7.210397,
      "z" : 7.210397
    }, {
      "x" : 12.858487,
      "y" : 4.386351,
      "z" : 12.858487
    }, {
      "x" : 24.154669,
      "y" : 7.210397,
      "z" : 15.682532
    } ],
    "faces" : [ {
      "vertices" : [ 0, 1, 2 ]
    }, {
      "vertices" : [ 0, 2, 1 ]
    } ]
  }, {
    "id" : "b98f09fe-316f-4635-b74f-e1312c2d9b78",
    "vertices" : [ {
      "x" : 18.506578,
      "y" : -40.798374,
      "z" : -32.326237
    }, {
      "x" : 10.034442,
      "y" : -49.27051,
      "z" : -32.326237
    }, {
      "x" : 18.506578,
      "y" : -49.27051,
      "z" : -23.854101
    } ],
    "faces" : [ {
      "vertices" : [ 0, 1, 2 ]
    }, {
      "vertices" : [ 0, 2, 1 ]
    } ]
  }, {
    "id" : "1f105761-34f4-4a3e-9543-4631d0738a8c",
    "vertices" : [ {
      "x" : 1.2147818,
      "y" : 1.548115,
      "z" : -6.324021
    }, {
      "x" : 1.3147818,
      "y" : 1.148115,
      "z" : -6.424021
    }, {
      "x" : 0.34752417,
      "y" : 0.014190824,
      "z" : -0.5858092
    }, {
      "x" : 0.24752416,
      "y" : 0.41419083,
      "z" : -0.48580918
    }, {
      "x" : 1.6147817,
      "y" : 1.2814484,
      "z" : -6.1906877
    }, {
      "x" : 1.5147817,
      "y" : 1.6814485,
      "z" : -6.0906878
    }, {
      "x" : -0.052475844,
      "y" : 0.2808575,
      "z" : -0.7191425
    }, {
      "x" : 0.047524158,
      "y" : -0.11914251,
      "z" : -0.8191425
    } ],
    "faces" : [ {
      "vertices" : [ 2, 3, 6 ]
    }, {
      "vertices" : [ 2, 6, 7 ]
    }, {
      "vertices" : [ 0, 5, 4 ]
    }, {
      "vertices" : [ 0, 4, 1 ]
    }, {
      "vertices" : [ 2, 4, 5 ]
    }, {
      "vertices" : [ 2, 5, 3 ]
    }, {
      "vertices" : [ 0, 6, 3 ]
    }, {
      "vertices" : [ 0, 3, 5 ]
    }, {
      "vertices" : [ 0, 1, 7 ]
    }, {
      "vertices" : [ 0, 7, 6 ]
    }, {
      "vertices" : [ 1, 4, 2 ]
    }, {
      "vertices" : [ 1, 2, 7 ]
    } ]
  }, {
    "id" : "ae7e6c0a-6203-47aa-bc8b-b755316bed3e",
    "vertices" : [ {
      "x" : -15.381966,
      "y" : -15.381966,
      "z" : 10.034442
    }, {
      "x" : -15.381966,
      "y" : -23.854101,
      "z" : 1.5623059
    }, {
      "x" : -6.90983,
      "y" : -15.381966,
      "z" : 1.5623059
    } ],
    "faces" : [ {
      "vertices" : [ 0, 1, 2 ]
    }, {
      "vertices" : [ 0, 2, 1 ]
    } ]
  }, {
    "id" : "6c99ed7b-88fc-4cd7-9d80-da99f67e0096",
    "vertices" : [ {
      "x" : -32.326237,
      "y" : 1.5623059,
      "z" : 10.034442
    }, {
      "x" : -32.326237,
      "y" : -6.90983,
      "z" : 1.5623059
    }, {
      "x" : -23.854101,
      "y" : 1.5623059,
      "z" : 1.5623059
    } ],
    "faces" : [ {
      "vertices" : [ 0, 1, 2 ]
    }, {
      "vertices" : [ 0, 2, 1 ]
    } ]
  }, {
    "id" : "2ea19e52-b7a8-43f1-8133-0c03984cda68",
    "vertices" : [ {
      "x" : 24.154669,
      "y" : 7.210397,
      "z" : 15.682532
    }, {
      "x" : 12.858487,
      "y" : 4.386351,
      "z" : 12.858487
    }, {
      "x" : 15.682532,
      "y" : 7.210397,
      "z" : 24.154669
    } ],
    "faces" : [ {
      "vertices" : [ 0, 1, 2 ]
    }, {
      "vertices" : [ 0, 2, 1 ]
    } ]
  }, {
    "id" : "5d2a6b8c-4f1e-476c-8e88-8c3c889fbd4c",
    "vertices" : [ {
      "x" : 18.506578,
      "y" : -49.27051,
      "z" : -23.854101
    }, {
      "x" : 18.506578,
      "y" : -40.798374,
      "z" : -15.381966
    }, {
      "x" : 10.034442,
      "y" : -49.27051,
      "z" : -15.381966
    } ],
    "faces" : [ {
      "vertices" : [ 0, 1, 2 ]
    }, {
      "vertices" : [ 0, 2, 1 ]
    } ]
  }, {
    "id" : "714b2f6d-ee86-441e-b861-ccd638da219b",
    "vertices" : [ {
      "x" : -37.974327,
      "y" : 21.330624,
      "z" : -21.030056
    }, {
      "x" : -32.326237,
      "y" : 18.506578,
      "z" : -23.854101
    }, {
      "x" : -40.798374,
      "y" : 18.506578,
      "z" : -32.326237
    } ],
    "faces" : [ {
      "vertices" : [ 0, 1, 2 ]
    }, {
      "vertices" : [ 0, 2, 1 ]
    } ]
  }, {
    "id" : "dda63bf4-7269-48d4-b54c-9cd30e6d990e",
    "vertices" : [ {
      "x" : -15.381966,
      "y" : -15.381966,
      "z" : -40.798374
    }, {
      "x" : -18.20601,
      "y" : -9.733875,
      "z" : -43.622417
    }, {
      "x" : -15.381966,
      "y" : -6.90983,
      "z" : -32.326237
    } ],
    "faces" : [ {
      "vertices" : [ 0, 1, 2 ]
    }, {
      "vertices" : [ 0, 2, 1 ]
    } ]
  }, {
    "id" : "d466e73b-9b1f-4c3d-985f-ee2919cc7f64",
    "vertices" : [ {
      "x" : -32.326237,
      "y" : -32.326237,
      "z" : -6.90983
    }, {
      "x" : -35.150284,
      "y" : -26.678146,
      "z" : -9.733875
    }, {
      "x" : -32.326237,
      "y" : -23.854101,
      "z" : 1.5623059
    } ],
    "faces" : [ {
      "vertices" : [ 0, 1, 2 ]
    }, {
      "vertices" : [ 0, 2, 1 ]
    } ]
  }, {
    "id" : "074b7af3-80f6-4a12-b602-56aa00a6fc21",
    "vertices" : [ {
      "x" : -40.798374,
      "y" : -32.326237,
      "z" : 18.506578
    }, {
      "x" : -49.27051,
      "y" : -32.326237,
      "z" : 10.034442
    }, {
      "x" : -49.27051,
      "y" : -23.854101,
      "z" : 18.506578
    } ],
    "faces" : [ {
      "vertices" : [ 0, 1, 2 ]
    }, {
      "vertices" : [ 0, 2, 1 ]
    } ]
  }, {
    "id" : "54a80055-d96a-4e08-ac50-f3ee63fe9e64",
    "vertices" : [ {
      "x" : -29.502193,
      "y" : 12.858487,
      "z" : -21.030056
    }, {
      "x" : -32.326237,
      "y" : 10.034442,
      "z" : -15.381966
    }, {
      "x" : -32.326237,
      "y" : 1.5623059,
      "z" : -23.854101
    } ],
    "faces" : [ {
      "vertices" : [ 0, 1, 2 ]
    }, {
      "vertices" : [ 0, 2, 1 ]
    } ]
  }, {
    "id" : "c5439d7e-e95f-484e-b36b-2de9cafcca05",
    "vertices" : [ {
      "x" : -15.381966,
      "y" : -15.381966,
      "z" : -6.90983
    }, {
      "x" : -18.20601,
      "y" : -9.733875,
      "z" : -9.733875
    }, {
      "x" : -15.381966,
      "y" : -6.90983,
      "z" : 1.5623059
    } ],
    "faces" : [ {
      "vertices" : [ 0, 1, 2 ]
    }, {
      "vertices" : [ 0, 2, 1 ]
    } ]
  }, {
    "id" : "b92c2adc-9164-4b66-99ec-908a3b85a144",
    "vertices" : [ {
      "x" : -35.150284,
      "y" : -26.678146,
      "z" : -9.733875
    }, {
      "x" : -32.326237,
      "y" : -23.854101,
      "z" : -15.381966
    }, {
      "x" : -32.326237,
      "y" : -15.381966,
      "z" : -6.90983
    } ],
    "faces" : [ {
      "vertices" : [ 0, 1, 2 ]
    }, {
      "vertices" : [ 0, 2, 1 ]
    } ]
  }, {
    "id" : "fe196efb-905f-4a1c-8a9b-5fa8a900ec33",
    "vertices" : [ {
      "x" : 1.5623059,
      "y" : -32.326237,
      "z" : 10.034442
    }, {
      "x" : -9.733875,
      "y" : -35.150284,
      "z" : 7.210397
    }, {
      "x" : -6.90983,
      "y" : -32.326237,
      "z" : 18.506578
    } ],
    "faces" : [ {
      "vertices" : [ 0, 1, 2 ]
    }, {
      "vertices" : [ 0, 2, 1 ]
    } ]
  }, {
    "id" : "c5585857-9853-42cc-95ec-7c8844d9b73f",
    "vertices" : [ {
      "x" : -23.854101,
      "y" : -49.27051,
      "z" : 18.506578
    }, {
      "x" : -21.030056,
      "y" : -37.974327,
      "z" : 21.330624
    }, {
      "x" : -32.326237,
      "y" : -40.798374,
      "z" : 18.506578
    } ],
    "faces" : [ {
      "vertices" : [ 0, 1, 2 ]
    }, {
      "vertices" : [ 0, 2, 1 ]
    } ]
  }, {
    "id" : "a6404931-e3e9-4e0a-b489-f4c246f57d78",
    "vertices" : [ {
      "x" : -18.20601,
      "y" : -9.733875,
      "z" : -43.622417
    }, {
      "x" : -15.381966,
      "y" : -6.90983,
      "z" : -49.27051
    }, {
      "x" : -15.381966,
      "y" : 1.5623059,
      "z" : -40.798374
    } ],
    "faces" : [ {
      "vertices" : [ 0, 1, 2 ]
    }, {
      "vertices" : [ 0, 2, 1 ]
    } ]
  }, {
    "id" : "78beec07-e0df-4ddf-9033-896c94a1ee4b",
    "vertices" : [ {
      "x" : -15.381966,
      "y" : 1.5623059,
      "z" : -40.798374
    }, {
      "x" : -26.678146,
      "y" : -1.2617394,
      "z" : -43.622417
    }, {
      "x" : -23.854101,
      "y" : 1.5623059,
      "z" : -32.326237
    } ],
    "faces" : [ {
      "vertices" : [ 0, 1, 2 ]
    }, {
      "vertices" : [ 0, 2, 1 ]
    } ]
  }, {
    "id" : "b5e77921-33dc-42ca-bf4d-d015f8633bc1",
    "vertices" : [ {
      "x" : 1.5623059,
      "y" : 10.034442,
      "z" : -32.326237
    }, {
      "x" : 4.386351,
      "y" : 12.858487,
      "z" : -21.030056
    }, {
      "x" : 1.5623059,
      "y" : 1.5623059,
      "z" : -23.854101
    } ],
    "faces" : [ {
      "vertices" : [ 0, 1, 2 ]
    }, {
      "vertices" : [ 0, 2, 1 ]
    } ]
  }, {
    "id" : "a1249b07-9a4d-43d5-a577-063e4f3ebd68",
    "vertices" : [ {
      "x" : -15.381966,
      "y" : -15.381966,
      "z" : -6.90983
    }, {
      "x" : -12.55792,
      "y" : -21.030056,
      "z" : -4.085785
    }, {
      "x" : -15.381966,
      "y" : -23.854101,
      "z" : -15.381966
    } ],
    "faces" : [ {
      "vertices" : [ 0, 1, 2 ]
    }, {
      "vertices" : [ 0, 2, 1 ]
    } ]
  }, {
    "id" : "1383bd42-0d11-4f30-ae8b-2d344a2f3e2a",
    "vertices" : [ {
      "x" : 1.5623059,
      "y" : -32.326237,
      "z" : -6.90983
    }, {
      "x" : -1.2617394,
      "y" : -26.678146,
      "z" : -9.733875
    }, {
      "x" : 1.5623059,
      "y" : -23.854101,
      "z" : 1.5623059
    } ],
    "faces" : [ {
      "vertices" : [ 0, 1, 2 ]
    }, {
      "vertices" : [ 0, 2, 1 ]
    } ]
  }, {
    "id" : "beb58dd5-e22d-45b2-8419-1cb5cc6e34fd",
    "vertices" : [ {
      "x" : -23.854101,
      "y" : -15.381966,
      "z" : -15.381966
    }, {
      "x" : -15.381966,
      "y" : -15.381966,
      "z" : -6.90983
    }, {
      "x" : -15.381966,
      "y" : -23.854101,
      "z" : -15.381966
    } ],
    "faces" : [ {
      "vertices" : [ 0, 1, 2 ]
    }, {
      "vertices" : [ 0, 2, 1 ]
    } ]
  }, {
    "id" : "5dff6b22-e8cb-459f-ae5b-a6bdd67e2f16",
    "vertices" : [ {
      "x" : 1.5623059,
      "y" : -15.381966,
      "z" : -40.798374
    }, {
      "x" : 1.5623059,
      "y" : -6.90983,
      "z" : -32.326237
    }, {
      "x" : -6.90983,
      "y" : -15.381966,
      "z" : -32.326237
    } ],
    "faces" : [ {
      "vertices" : [ 0, 1, 2 ]
    }, {
      "vertices" : [ 0, 2, 1 ]
    } ]
  }, {
    "id" : "9b555f78-a4cb-4e41-a756-9acebfe6863b",
    "vertices" : [ {
      "x" : -6.90983,
      "y" : 18.506578,
      "z" : -32.326237
    }, {
      "x" : 1.5623059,
      "y" : 18.506578,
      "z" : -23.854101
    }, {
      "x" : 1.5623059,
      "y" : 10.034442,
      "z" : -32.326237
    } ],
    "faces" : [ {
      "vertices" : [ 0, 1, 2 ]
    }, {
      "vertices" : [ 0, 2, 1 ]
    } ]
  }, {
    "id" : "4749bc64-e599-4300-8063-fd95e255152b",
    "vertices" : [ {
      "x" : -4.085785,
      "y" : -29.502193,
      "z" : -4.085785
    }, {
      "x" : 1.5623059,
      "y" : -32.326237,
      "z" : -6.90983
    }, {
      "x" : -6.90983,
      "y" : -32.326237,
      "z" : -15.381966
    } ],
    "faces" : [ {
      "vertices" : [ 0, 1, 2 ]
    }, {
      "vertices" : [ 0, 2, 1 ]
    } ]
  }, {
    "id" : "2707571a-c753-4b4d-b986-8cb6f3c54464",
    "vertices" : [ {
      "x" : -21.030056,
      "y" : 21.330624,
      "z" : -4.085785
    }, {
      "x" : -15.381966,
      "y" : 18.506578,
      "z" : -6.90983
    }, {
      "x" : -23.854101,
      "y" : 18.506578,
      "z" : -15.381966
    } ],
    "faces" : [ {
      "vertices" : [ 0, 1, 2 ]
    }, {
      "vertices" : [ 0, 2, 1 ]
    } ]
  }, {
    "id" : "802e205a-65ae-4ca0-9315-9eddf1ac066d",
    "vertices" : [ {
      "x" : -15.381966,
      "y" : -23.854101,
      "z" : 18.506578
    }, {
      "x" : -6.90983,
      "y" : -15.381966,
      "z" : 18.506578
    }, {
      "x" : -15.381966,
      "y" : -15.381966,
      "z" : 10.034442
    } ],
    "faces" : [ {
      "vertices" : [ 0, 1, 2 ]
    }, {
      "vertices" : [ 0, 2, 1 ]
    } ]
  }, {
    "id" : "ee466378-b412-4d34-a4fc-86cf77afa3eb",
    "vertices" : [ {
      "x" : -32.326237,
      "y" : -6.90983,
      "z" : -15.381966
    }, {
      "x" : -40.798374,
      "y" : -15.381966,
      "z" : -15.381966
    }, {
      "x" : -32.326237,
      "y" : -15.381966,
      "z" : -6.90983
    } ],
    "faces" : [ {
      "vertices" : [ 0, 1, 2 ]
    }, {
      "vertices" : [ 0, 2, 1 ]
    } ]
  }, {
    "id" : "2357e0b4-4879-41e8-9ae8-01ce36e55e06",
    "vertices" : [ {
      "x" : 12.858487,
      "y" : -37.974327,
      "z" : -12.55792
    }, {
      "x" : 10.034442,
      "y" : -32.326237,
      "z" : -15.381966
    }, {
      "x" : 1.5623059,
      "y" : -40.798374,
      "z" : -15.381966
    } ],
    "faces" : [ {
      "vertices" : [ 0, 1, 2 ]
    }, {
      "vertices" : [ 0, 2, 1 ]
    } ]
  }, {
    "id" : "84252969-a721-4f3d-99fc-d25dd81a3106",
    "vertices" : [ {
      "x" : -4.085785,
      "y" : 12.858487,
      "z" : -12.55792
    }, {
      "x" : -1.2617394,
      "y" : 7.210397,
      "z" : -9.733875
    }, {
      "x" : 7.210397,
      "y" : 15.682532,
      "z" : -9.733875
    } ],
    "faces" : [ {
      "vertices" : [ 0, 1, 2 ]
    }, {
      "vertices" : [ 0, 2, 1 ]
    } ]
  }, {
    "id" : "1249f064-1fde-4fa9-97c8-8420df69a8dc",
    "vertices" : [ {
      "x" : -6.90983,
      "y" : -32.326237,
      "z" : -15.381966
    }, {
      "x" : -4.085785,
      "y" : -21.030056,
      "z" : -12.55792
    }, {
      "x" : -15.381966,
      "y" : -23.854101,
      "z" : -15.381966
    } ],
    "faces" : [ {
      "vertices" : [ 0, 1, 2 ]
    }, {
      "vertices" : [ 0, 2, 1 ]
    } ]
  }, {
    "id" : "425175b2-0df0-46e0-9bce-b7c8cd250ba2",
    "vertices" : [ {
      "x" : 18.506578,
      "y" : -23.854101,
      "z" : -15.381966
    }, {
      "x" : 21.330624,
      "y" : -21.030056,
      "z" : -4.085785
    }, {
      "x" : 18.506578,
      "y" : -32.326237,
      "z" : -6.90983
    } ],
    "faces" : [ {
      "vertices" : [ 0, 1, 2 ]
    }, {
      "vertices" : [ 0, 2, 1 ]
    } ]
  }, {
    "id" : "93efdf89-1d5e-419d-b5a9-f63e9ea63cdb",
    "vertices" : [ {
      "x" : 1.5623059,
      "y" : -6.90983,
      "z" : -15.381966
    }, {
      "x" : 10.034442,
      "y" : 1.5623059,
      "z" : -15.381966
    }, {
      "x" : 1.5623059,
      "y" : 1.5623059,
      "z" : -23.854101
    } ],
    "faces" : [ {
      "vertices" : [ 0, 1, 2 ]
    }, {
      "vertices" : [ 0, 2, 1 ]
    } ]
  }, {
    "id" : "24db9dfa-f935-4f37-abd7-aad2465d01a6",
    "vertices" : [ {
      "x" : -23.854101,
      "y" : -32.326237,
      "z" : 1.5623059
    }, {
      "x" : -15.381966,
      "y" : -32.326237,
      "z" : 10.034442
    }, {
      "x" : -15.381966,
      "y" : -40.798374,
      "z" : 1.5623059
    } ],
    "faces" : [ {
      "vertices" : [ 0, 1, 2 ]
    }, {
      "vertices" : [ 0, 2, 1 ]
    } ]
  }, {
    "id" : "fda89cd4-6169-4a8e-9c26-a5746afcfd64",
    "vertices" : [ {
      "x" : -9.733875,
      "y" : -1.2617394,
      "z" : 24.154669
    }, {
      "x" : -1.2617394,
      "y" : 7.210397,
      "z" : 24.154669
    }, {
      "x" : -9.733875,
      "y" : 7.210397,
      "z" : 15.682532
    } ],
    "faces" : [ {
      "vertices" : [ 0, 1, 2 ]
    }, {
      "vertices" : [ 0, 2, 1 ]
    } ]
  }, {
    "id" : "c182c714-3c3b-4efb-9dac-68e877c934a9",
    "vertices" : [ {
      "x" : -32.326237,
      "y" : -15.381966,
      "z" : 10.034442
    }, {
      "x" : -35.150284,
      "y" : -9.733875,
      "z" : 7.210397
    }, {
      "x" : -32.326237,
      "y" : -6.90983,
      "z" : 18.506578
    } ],
    "faces" : [ {
      "vertices" : [ 0, 1, 2 ]
    }, {
      "vertices" : [ 0, 2, 1 ]
    } ]
  }, {
    "id" : "dca36190-6ee5-4a5a-8a4e-98c24e7165a2",
    "vertices" : [ {
      "x" : -4.085785,
      "y" : 12.858487,
      "z" : -12.55792
    }, {
      "x" : -6.90983,
      "y" : 18.506578,
      "z" : -15.381966
    }, {
      "x" : -15.381966,
      "y" : 10.034442,
      "z" : -15.381966
    } ],
    "faces" : [ {
      "vertices" : [ 0, 1, 2 ]
    }, {
      "vertices" : [ 0, 2, 1 ]
    } ]
  }, {
    "id" : "8390a556-55fd-40f7-8af2-05bfaf515122",
    "vertices" : [ {
      "x" : -15.381966,
      "y" : 1.5623059,
      "z" : -6.90983
    }, {
      "x" : -15.381966,
      "y" : -6.90983,
      "z" : -15.381966
    }, {
      "x" : -6.90983,
      "y" : 1.5623059,
      "z" : -15.381966
    } ],
    "faces" : [ {
      "vertices" : [ 0, 1, 2 ]
    }, {
      "vertices" : [ 0, 2, 1 ]
    } ]
  }, {
    "id" : "06530a1d-ee34-4b89-b701-6da0d002cb5c",
    "vertices" : [ {
      "x" : -6.90983,
      "y" : -15.381966,
      "z" : -32.326237
    }, {
      "x" : -15.381966,
      "y" : -15.381966,
      "z" : -40.798374
    }, {
      "x" : -15.381966,
      "y" : -6.90983,
      "z" : -32.326237
    } ],
    "faces" : [ {
      "vertices" : [ 0, 1, 2 ]
    }, {
      "vertices" : [ 0, 2, 1 ]
    } ]
  }, {
    "id" : "6a945750-1a0d-4ada-8830-a92558cbc420",
    "vertices" : [ {
      "x" : 4.386351,
      "y" : -4.085785,
      "z" : -4.085785
    }, {
      "x" : 1.5623059,
      "y" : -6.90983,
      "z" : 1.5623059
    }, {
      "x" : 1.5623059,
      "y" : -15.381966,
      "z" : -6.90983
    } ],
    "faces" : [ {
      "vertices" : [ 0, 1, 2 ]
    }, {
      "vertices" : [ 0, 2, 1 ]
    } ]
  }, {
    "id" : "eac29ed2-aa25-49a4-81b1-dc7c928faa06",
    "vertices" : [ {
      "x" : 12.858487,
      "y" : -12.55792,
      "z" : -4.085785
    }, {
      "x" : 18.506578,
      "y" : -15.381966,
      "z" : -6.90983
    }, {
      "x" : 10.034442,
      "y" : -15.381966,
      "z" : -15.381966
    } ],
    "faces" : [ {
      "vertices" : [ 0, 1, 2 ]
    }, {
      "vertices" : [ 0, 2, 1 ]
    } ]
  }, {
    "id" : "0f2b7ed1-ec5e-49f4-a358-c6fb1aee20f0",
    "vertices" : [ {
      "x" : -15.381966,
      "y" : -32.326237,
      "z" : 10.034442
    }, {
      "x" : -12.55792,
      "y" : -37.974327,
      "z" : 12.858487
    }, {
      "x" : -15.381966,
      "y" : -40.798374,
      "z" : 1.5623059
    } ],
    "faces" : [ {
      "vertices" : [ 0, 1, 2 ]
    }, {
      "vertices" : [ 0, 2, 1 ]
    } ]
  }, {
    "id" : "9fde78cf-3835-46d4-a354-fa9f0bdccd2e",
    "vertices" : [ {
      "x" : -4.085785,
      "y" : -12.55792,
      "z" : -21.030056
    }, {
      "x" : 1.5623059,
      "y" : -15.381966,
      "z" : -23.854101
    }, {
      "x" : -6.90983,
      "y" : -15.381966,
      "z" : -32.326237
    } ],
    "faces" : [ {
      "vertices" : [ 0, 1, 2 ]
    }, {
      "vertices" : [ 0, 2, 1 ]
    } ]
  }, {
    "id" : "26875c6c-780a-4315-8093-87ca4c5bf543",
    "vertices" : [ {
      "x" : -49.27051,
      "y" : 10.034442,
      "z" : -32.326237
    }, {
      "x" : -43.622417,
      "y" : 7.210397,
      "z" : -35.150284
    }, {
      "x" : -40.798374,
      "y" : 18.506578,
      "z" : -32.326237
    } ],
    "faces" : [ {
      "vertices" : [ 0, 1, 2 ]
    }, {
      "vertices" : [ 0, 2, 1 ]
    } ]
  }, {
    "id" : "5596ef91-8617-48f5-8737-7a2a81e6f78c",
    "vertices" : [ {
      "x" : -12.55792,
      "y" : -4.085785,
      "z" : 12.858487
    }, {
      "x" : -15.381966,
      "y" : -6.90983,
      "z" : 18.506578
    }, {
      "x" : -15.381966,
      "y" : -15.381966,
      "z" : 10.034442
    } ],
    "faces" : [ {
      "vertices" : [ 0, 1, 2 ]
    }, {
      "vertices" : [ 0, 2, 1 ]
    } ]
  }, {
    "id" : "b02d04ae-d692-4de9-9c3e-622214bcaa09",
    "vertices" : [ {
      "x" : 7.210397,
      "y" : 15.682532,
      "z" : -9.733875
    }, {
      "x" : 10.034442,
      "y" : 18.506578,
      "z" : 1.5623059
    }, {
      "x" : 7.210397,
      "y" : 7.210397,
      "z" : -1.2617394
    } ],
    "faces" : [ {
      "vertices" : [ 0, 1, 2 ]
    }, {
      "vertices" : [ 0, 2, 1 ]
    } ]
  }, {
    "id" : "1ad2f025-8aab-481d-bc50-88ae399df713",
    "vertices" : [ {
      "x" : -40.798374,
      "y" : -15.381966,
      "z" : 1.5623059
    }, {
      "x" : -37.974327,
      "y" : -4.085785,
      "z" : 4.386351
    }, {
      "x" : -49.27051,
      "y" : -6.90983,
      "z" : 1.5623059
    } ],
    "faces" : [ {
      "vertices" : [ 0, 1, 2 ]
    }, {
      "vertices" : [ 0, 2, 1 ]
    } ]
  }, {
