{
  "polygons" : "true",
  "field" : "golden",
  "symmetry" : "icosahedral",
  "orientations" : [ [ 1.0, 0.0, 0.0, 0.0, 0.0, 1.0, 0.0, 0.0, 0.0, 0.0, 1.0, 0.0, 0.0, 0.0, 0.0, 1.0 ], [ 0.0, 0.0, 1.0, 0.0, 1.0, 0.0, 0.0, 0.0, 0.0, 1.0, 0.0, 0.0, 0.0, 0.0, 0.0, 1.0 ], [ 0.0, 1.0, 0.0, 0.0, 0.0, 0.0, 1.0, 0.0, 1.0, 0.0, 0.0, 0.0, 0.0, 0.0, 0.0, 1.0 ], [ 0.809017, 0.309017, 0.5, 0.0, 0.309017, 0.5, -0.809017, 0.0, -0.5, 0.809017, 0.309017, 0.0, 0.0, 0.0, 0.0, 1.0 ], [ -0.5, 0.809017, 0.309017, 0.0, 0.809017, 0.309017, 0.5, 0.0, 0.309017, 0.5, -0.809017, 0.0, 0.0, 0.0, 0.0, 1.0 ], [ 0.309017, 0.5, -0.809017, 0.0, -0.5, 0.809017, 0.309017, 0.0, 0.809017, 0.309017, 0.5, 0.0, 0.0, 0.0, 0.0, 1.0 ], [ 0.5, 0.809017, 0.309017, 0.0, 0.809017, -0.309017, -0.5, 0.0, -0.309017, 0.5, -0.809017, 0.0, 0.0, 0.0, 0.0, 1.0 ], [ -0.309017, 0.5, -0.809017, 0.0, 0.5, 0.809017, 0.309017, 0.0, 0.809017, -0.309017, -0.5, 0.0, 0.0, 0.0, 0.0, 1.0 ], [ 0.809017, -0.309017, -0.5, 0.0, -0.309017, 0.5, -0.809017, 0.0, 0.5, 0.809017, 0.309017, 0.0, 0.0, 0.0, 0.0, 1.0 ], [ 0.5, 0.809017, -0.309017, 0.0, 0.809017, -0.309017, 0.5, 0.0, 0.309017, -0.5, -0.809017, 0.0, 0.0, 0.0, 0.0, 1.0 ], [ 0.309017, -0.5, -0.809017, 0.0, 0.5, 0.809017, -0.309017, 0.0, 0.809017, -0.309017, 0.5, 0.0, 0.0, 0.0, 0.0, 1.0 ], [ 0.809017, -0.309017, 0.5, 0.0, 0.309017, -0.5, -0.809017, 0.0, 0.5, 0.809017, -0.309017, 0.0, 0.0, 0.0, 0.0, 1.0 ], [ 0.809017, 0.309017, -0.5, 0.0, 0.309017, 0.5, 0.809017, 0.0, 0.5, -0.809017, 0.309017, 0.0, 0.0, 0.0, 0.0, 1.0 ], [ 0.5, -0.809017, 0.309017, 0.0, 0.809017, 0.309017, -0.5, 0.0, 0.309017, 0.5, 0.809017, 0.0, 0.0, 0.0, 0.0, 1.0 ], [ 0.309017, 0.5, 0.809017, 0.0, 0.5, -0.809017, 0.309017, 0.0, 0.809017, 0.309017, -0.5, 0.0, 0.0, 0.0, 0.0, 1.0 ], [ 1.0, 0.0, 0.0, 0.0, 0.0, -1.0, 0.0, 0.0, 0.0, 0.0, -1.0, 0.0, 0.0, 0.0, 0.0, 1.0 ], [ 0.0, 0.0, 1.0, 0.0, -1.0, 0.0, 0.0, 0.0, 0.0, -1.0, 0.0, 0.0, 0.0, 0.0, 0.0, 1.0 ], [ 0.0, 1.0, 0.0, 0.0, 0.0, 0.0, -1.0, 0.0, -1.0, 0.0, 0.0, 0.0, 0.0, 0.0, 0.0, 1.0 ], [ 0.809017, 0.309017, 0.5, 0.0, -0.309017, -0.5, 0.809017, 0.0, 0.5, -0.809017, -0.309017, 0.0, 0.0, 0.0, 0.0, 1.0 ], [ -0.5, 0.809017, 0.309017, 0.0, -0.809017, -0.309017, -0.5, 0.0, -0.309017, -0.5, 0.809017, 0.0, 0.0, 0.0, 0.0, 1.0 ], [ 0.309017, 0.5, -0.809017, 0.0, 0.5, -0.809017, -0.309017, 0.0, -0.809017, -0.309017, -0.5, 0.0, 0.0, 0.0, 0.0, 1.0 ], [ 0.5, 0.809017, 0.309017, 0.0, -0.809017, 0.309017, 0.5, 0.0, 0.309017, -0.5, 0.809017, 0.0, 0.0, 0.0, 0.0, 1.0 ], [ -0.309017, 0.5, -0.809017, 0.0, -0.5, -0.809017, -0.309017, 0.0, -0.809017, 0.309017, 0.5, 0.0, 0.0, 0.0, 0.0, 1.0 ], [ 0.809017, -0.309017, -0.5, 0.0, 0.309017, -0.5, 0.809017, 0.0, -0.5, -0.809017, -0.309017, 0.0, 0.0, 0.0, 0.0, 1.0 ], [ 0.5, 0.809017, -0.309017, 0.0, -0.809017, 0.309017, -0.5, 0.0, -0.309017, 0.5, 0.809017, 0.0, 0.0, 0.0, 0.0, 1.0 ], [ 0.309017, -0.5, -0.809017, 0.0, -0.5, -0.809017, 0.309017, 0.0, -0.809017, 0.309017, -0.5, 0.0, 0.0, 0.0, 0.0, 1.0 ], [ 0.809017, -0.309017, 0.5, 0.0, -0.309017, 0.5, 0.809017, 0.0, -0.5, -0.809017, 0.309017, 0.0, 0.0, 0.0, 0.0, 1.0 ], [ 0.809017, 0.309017, -0.5, 0.0, -0.309017, -0.5, -0.809017, 0.0, -0.5, 0.809017, -0.309017, 0.0, 0.0, 0.0, 0.0, 1.0 ], [ 0.5, -0.809017, 0.309017, 0.0, -0.809017, -0.309017, 0.5, 0.0, -0.309017, -0.5, -0.809017, 0.0, 0.0, 0.0, 0.0, 1.0 ], [ 0.309017, 0.5, 0.809017, 0.0, -0.5, 0.809017, -0.309017, 0.0, -0.809017, -0.309017, 0.5, 0.0, 0.0, 0.0, 0.0, 1.0 ], [ -1.0, 0.0, 0.0, 0.0, 0.0, -1.0, 0.0, 0.0, 0.0, 0.0, 1.0, 0.0, 0.0, 0.0, 0.0, 1.0 ], [ 0.0, 0.0, -1.0, 0.0, -1.0, 0.0, 0.0, 0.0, 0.0, 1.0, 0.0, 0.0, 0.0, 0.0, 0.0, 1.0 ], [ 0.0, -1.0, 0.0, 0.0, 0.0, 0.0, -1.0, 0.0, 1.0, 0.0, 0.0, 0.0, 0.0, 0.0, 0.0, 1.0 ], [ -0.809017, -0.309017, -0.5, 0.0, -0.309017, -0.5, 0.809017, 0.0, -0.5, 0.809017, 0.309017, 0.0, 0.0, 0.0, 0.0, 1.0 ], [ 0.5, -0.809017, -0.309017, 0.0, -0.809017, -0.309017, -0.5, 0.0, 0.309017, 0.5, -0.809017, 0.0, 0.0, 0.0, 0.0, 1.0 ], [ -0.309017, -0.5, 0.809017, 0.0, 0.5, -0.809017, -0.309017, 0.0, 0.809017, 0.309017, 0.5, 0.0, 0.0, 0.0, 0.0, 1.0 ], [ -0.5, -0.809017, -0.309017, 0.0, -0.809017, 0.309017, 0.5, 0.0, -0.309017, 0.5, -0.809017, 0.0, 0.0, 0.0, 0.0, 1.0 ], [ 0.309017, -0.5, 0.809017, 0.0, -0.5, -0.809017, -0.309017, 0.0, 0.809017, -0.309017, -0.5, 0.0, 0.0, 0.0, 0.0, 1.0 ], [ -0.809017, 0.309017, 0.5, 0.0, 0.309017, -0.5, 0.809017, 0.0, 0.5, 0.809017, 0.309017, 0.0, 0.0, 0.0, 0.0, 1.0 ], [ -0.5, -0.809017, 0.309017, 0.0, -0.809017, 0.309017, -0.5, 0.0, 0.309017, -0.5, -0.809017, 0.0, 0.0, 0.0, 0.0, 1.0 ], [ -0.309017, 0.5, 0.809017, 0.0, -0.5, -0.809017, 0.309017, 0.0, 0.809017, -0.309017, 0.5, 0.0, 0.0, 0.0, 0.0, 1.0 ], [ -0.809017, 0.309017, -0.5, 0.0, -0.309017, 0.5, 0.809017, 0.0, 0.5, 0.809017, -0.309017, 0.0, 0.0, 0.0, 0.0, 1.0 ], [ -0.809017, -0.309017, 0.5, 0.0, -0.309017, -0.5, -0.809017, 0.0, 0.5, -0.809017, 0.309017, 0.0, 0.0, 0.0, 0.0, 1.0 ], [ -0.5, 0.809017, -0.309017, 0.0, -0.809017, -0.309017, 0.5, 0.0, 0.309017, 0.5, 0.809017, 0.0, 0.0, 0.0, 0.0, 1.0 ], [ -0.309017, -0.5, -0.809017, 0.0, -0.5, 0.809017, -0.309017, 0.0, 0.809017, 0.309017, -0.5, 0.0, 0.0, 0.0, 0.0, 1.0 ], [ -1.0, 0.0, 0.0, 0.0, 0.0, 1.0, 0.0, 0.0, 0.0, 0.0, -1.0, 0.0, 0.0, 0.0, 0.0, 1.0 ], [ 0.0, 0.0, -1.0, 0.0, 1.0, 0.0, 0.0, 0.0, 0.0, -1.0, 0.0, 0.0, 0.0, 0.0, 0.0, 1.0 ], [ 0.0, -1.0, 0.0, 0.0, 0.0, 0.0, 1.0, 0.0, -1.0, 0.0, 0.0, 0.0, 0.0, 0.0, 0.0, 1.0 ], [ -0.809017, -0.309017, -0.5, 0.0, 0.309017, 0.5, -0.809017, 0.0, 0.5, -0.809017, -0.309017, 0.0, 0.0, 0.0, 0.0, 1.0 ], [ 0.5, -0.809017, -0.309017, 0.0, 0.809017, 0.309017, 0.5, 0.0, -0.309017, -0.5, 0.809017, 0.0, 0.0, 0.0, 0.0, 1.0 ], [ -0.309017, -0.5, 0.809017, 0.0, -0.5, 0.809017, 0.309017, 0.0, -0.809017, -0.309017, -0.5, 0.0, 0.0, 0.0, 0.0, 1.0 ], [ -0.5, -0.809017, -0.309017, 0.0, 0.809017, -0.309017, -0.5, 0.0, 0.309017, -0.5, 0.809017, 0.0, 0.0, 0.0, 0.0, 1.0 ], [ 0.309017, -0.5, 0.809017, 0.0, 0.5, 0.809017, 0.309017, 0.0, -0.809017, 0.309017, 0.5, 0.0, 0.0, 0.0, 0.0, 1.0 ], [ -0.809017, 0.309017, 0.5, 0.0, -0.309017, 0.5, -0.809017, 0.0, -0.5, -0.809017, -0.309017, 0.0, 0.0, 0.0, 0.0, 1.0 ], [ -0.5, -0.809017, 0.309017, 0.0, 0.809017, -0.309017, 0.5, 0.0, -0.309017, 0.5, 0.809017, 0.0, 0.0, 0.0, 0.0, 1.0 ], [ -0.309017, 0.5, 0.809017, 0.0, 0.5, 0.809017, -0.309017, 0.0, -0.809017, 0.309017, -0.5, 0.0, 0.0, 0.0, 0.0, 1.0 ], [ -0.809017, 0.309017, -0.5, 0.0, 0.309017, -0.5, -0.809017, 0.0, -0.5, -0.809017, 0.309017, 0.0, 0.0, 0.0, 0.0, 1.0 ], [ -0.809017, -0.309017, 0.5, 0.0, 0.309017, 0.5, 0.809017, 0.0, -0.5, 0.809017, -0.309017, 0.0, 0.0, 0.0, 0.0, 1.0 ], [ -0.5, 0.809017, -0.309017, 0.0, 0.809017, 0.309017, -0.5, 0.0, -0.309017, -0.5, -0.809017, 0.0, 0.0, 0.0, 0.0, 1.0 ], [ -0.309017, -0.5, -0.809017, 0.0, 0.5, -0.809017, 0.309017, 0.0, -0.809017, -0.309017, 0.5, 0.0, 0.0, 0.0, 0.0, 1.0 ] ],
  "lights" : {
    "ambientColor" : "#292929",
    "backgroundColor" : "#AFC8DC",
    "directionalLights" : [ {
      "direction" : [ 1.0, -1.0, -1.0 ],
      "color" : "#EBEBE4"
    }, {
      "direction" : [ -1.0, 0.0, 0.0 ],
      "color" : "#E4E4EB"
    }, {
      "direction" : [ 0.0, 0.0, -1.0 ],
      "color" : "#1E1E1E"
    } ]
  },
  "camera" : {
    "viewDistance" : 251.86151,
    "lookAtPointRV" : {
      "x" : -11.09017,
      "y" : 11.09017,
      "z" : 11.09017,
      "zero" : false
    },
    "lookDirectionRV" : {
      "x" : 0.71073514,
      "y" : -0.5964599,
      "z" : -0.37283742,
      "zero" : false
    },
    "upDirectionRV" : {
      "x" : 0.5588851,
      "y" : 0.8006224,
      "z" : -0.215451,
      "zero" : false
    },
    "lookDirection" : {
      "x" : 0.71073514,
      "y" : -0.5964599,
      "z" : -0.37283742
    },
    "nearClipDistance" : 0.6296568,
    "farClipDistance" : 503.72415,
    "lookAtPoint" : {
      "x" : -11.09017,
      "y" : 11.09017,
      "z" : 11.09017
    },
    "upDirection" : {
      "x" : 0.5588851,
      "y" : 0.8006224,
      "z" : -0.215451
    },
    "stereo" : false,
    "perspective" : true,
    "fieldOfView" : 0.44263047,
    "width" : 113.3381,
    "position" : {
      "x" : -190.09698,
      "y" : 161.31546,
      "z" : 104.99357
    }
  },
  "embedding" : [ 1.0, 0.0, 0.0, 0.0, 0.0, 1.0, 0.0, 0.0, 0.0, 0.0, 1.0, 0.0, 0.0, 0.0, 0.0, 1.0 ],
  "shapes" : [ {
    "id" : "c223b43f-e470-4571-bf86-aebd6ced7f36",
    "vertices" : [ {
      "x" : 0.0,
      "y" : 0.0,
      "z" : 0.0
    }, {
      "x" : -3.423002,
      "y" : 5.5385337,
      "z" : -8.961535
    }, {
      "x" : -3.468087,
      "y" : 5.7016525,
      "z" : -8.843502
    }, {
      "x" : -3.468087,
      "y" : 9.478926,
      "z" : 1.0455267
    }, {
      "x" : -1.8664616,
      "y" : 5.8196907,
      "z" : 2.44323
    } ],
    "faces" : [ {
      "vertices" : [ 0, 1, 2, 3, 4 ]
    }, {
      "vertices" : [ 0, 4, 3, 2, 1 ]
    } ]
  }, {
    "id" : "4b60ce1d-df9b-4468-bc70-e3a0b58b5112",
    "vertices" : [ {
      "x" : 0.0,
      "y" : 0.0,
      "z" : 0.0
    }, {
      "x" : 1.1130246,
      "y" : -2.092761,
      "z" : 2.1498644
    }, {
      "x" : 0.6423503,
      "y" : -2.2725425,
      "z" : -1.5468588
    } ],
    "faces" : [ {
      "vertices" : [ 0, 1, 2 ]
    }, {
      "vertices" : [ 0, 2, 1 ]
    } ]
  }, {
    "id" : "a68e981f-572a-46e0-8ed1-e06ba398f064",
    "vertices" : [ {
      "x" : 0.0,
      "y" : 0.0,
      "z" : 0.0
    }, {
      "x" : 0.8941242,
      "y" : -4.129096,
      "z" : -4.681695
    }, {
      "x" : 0.34667408,
      "y" : -4.338203,
      "z" : -8.981424
    }, {
      "x" : -3.4305987,
      "y" : 5.550825,
      "z" : -8.981424
    } ],
    "faces" : [ {
      "vertices" : [ 0, 1, 2, 3 ]
    }, {
      "vertices" : [ 0, 3, 2, 1 ]
    } ]
  }, {
    "id" : "a46cdfd1-b3a0-4b5c-983c-5405cb2072aa",
    "vertices" : [ {
      "x" : 0.0,
      "y" : 0.0,
      "z" : 0.0
    }, {
      "x" : -1.7968588,
      "y" : 1.1105199,
      "z" : -9.408475
    }, {
      "x" : -2.00287,
      "y" : 1.6498644,
      "z" : -9.408475
    }, {
      "x" : -0.5908475,
      "y" : 2.1892092,
      "z" : 1.681695
    } ],
    "faces" : [ {
      "vertices" : [ 0, 1, 2, 3 ]
    }, {
      "vertices" : [ 0, 3, 2, 1 ]
    } ]
  }, {
    "id" : "a2e1e3a6-5ad2-4cb8-bff3-ed6a8c56b411",
    "vertices" : [ {
      "x" : 0.0,
      "y" : 0.0,
      "z" : 0.0
    }, {
      "x" : 0.6423503,
      "y" : -2.2725425,
      "z" : -1.5468588
    }, {
      "x" : -3.5937176,
      "y" : 7.405605,
      "z" : -5.2435822
    }, {
      "x" : -3.5937176,
      "y" : 7.611616,
      "z" : -4.7042375
    } ],
    "faces" : [ {
      "vertices" : [ 0, 1, 2, 3 ]
    }, {
      "vertices" : [ 0, 3, 2, 1 ]
    } ]
  }, {
    "id" : "fb2a1611-10e5-4192-8933-33742f9aa2f3",
    "vertices" : [ {
      "x" : 0.0,
      "y" : 0.0,
      "z" : 0.0
    }, {
      "x" : 2.4644823,
      "y" : -2.8240454,
      "z" : 6.4520984
    }, {
      "x" : 0.17978156,
      "y" : -3.6967232,
      "z" : 0.47067422
    } ],
    "faces" : [ {
      "vertices" : [ 0, 1, 2 ]
    }, {
      "vertices" : [ 0, 2, 1 ]
    } ]
  }, {
    "id" : "bf1edd3d-4cfa-45ef-9eed-113679451d00",
    "vertices" : [ {
      "x" : 0.0,
      "y" : 0.0,
      "z" : 0.0
    }, {
      "x" : -0.0067874873,
      "y" : -0.0025925895,
      "z" : -0.05330962
    }, {
      "x" : -3.600505,
      "y" : 7.6090236,
      "z" : -4.757547
    }, {
      "x" : -3.600505,
      "y" : 7.6259923,
      "z" : -4.7131224
    } ],
    "faces" : [ {
      "vertices" : [ 0, 1, 2, 3 ]
    }, {
      "vertices" : [ 0, 3, 2, 1 ]
    } ]
  }, {
    "id" : "706c90ef-032a-4c1b-ab14-e399d71d5fde",
    "vertices" : [ {
      "x" : 0.0,
      "y" : 0.0,
      "z" : 0.0
    }, {
      "x" : 0.26693755,
      "y" : 0.101961076,
      "z" : 2.0965548
    }, {
      "x" : 1.106237,
      "y" : -2.0953536,
      "z" : 2.0965548
    } ],
    "faces" : [ {
      "vertices" : [ 0, 1, 2 ]
    }, {
      "vertices" : [ 0, 2, 1 ]
    } ]
  }, {
    "id" : "d84be3ab-6456-4089-a083-5002571df585",
    "vertices" : [ {
      "x" : 0.0,
      "y" : 0.0,
      "z" : 0.0
    }, {
      "x" : -3.3704853,
      "y" : 7.964455,
      "z" : -2.250436
    }, {
      "x" : 0.0,
      "y" : 2.5108953,
      "z" : 6.5736094
    } ],
    "faces" : [ {
      "vertices" : [ 0, 1, 2 ]
    }, {
      "vertices" : [ 0, 2, 1 ]
    } ]
  }, {
    "id" : "23e07d9f-23f6-45d5-aaf7-e837c97e14d7",
    "vertices" : [ {
      "x" : 0.0,
      "y" : 0.0,
      "z" : 0.0
    }, {
      "x" : 1.1937811,
      "y" : 2.5914843,
      "z" : 3.1253595
    }, {
      "x" : 1.2957422,
      "y" : 0.49492946,
      "z" : 3.392297
    } ],
    "faces" : [ {
      "vertices" : [ 0, 1, 2 ]
    }, {
      "vertices" : [ 0, 2, 1 ]
    } ]
  }, {
    "id" : "f7b74118-53d3-451f-b77f-0440bb93fa80",
    "vertices" : [ {
      "x" : 0.0,
      "y" : 0.0,
      "z" : 0.0
    }, {
      "x" : 4.208612,
      "y" : 7.0143533,
      "z" : -4.208612
    }, {
      "x" : -0.3213855,
      "y" : 5.504354,
      "z" : -8.738609
    }, {
      "x" : -2.91287,
      "y" : 2.91287,
      "z" : -8.738609
    } ],
    "faces" : [ {
      "vertices" : [ 0, 1, 2, 3 ]
    }, {
      "vertices" : [ 0, 3, 2, 1 ]
    } ]
  }, {
    "id" : "e069af48-6ca9-4f94-9d2f-8e7bf36594e2",
    "vertices" : [ {
      "x" : 0.0,
      "y" : 0.0,
      "z" : 0.0
    }, {
      "x" : 0.0,
      "y" : -0.01696872,
      "z" : -0.044424683
    }, {
      "x" : -3.3704853,
      "y" : 7.964455,
      "z" : -2.250436
    } ],
    "faces" : [ {
      "vertices" : [ 0, 1, 2 ]
    }, {
      "vertices" : [ 0, 2, 1 ]
    } ]
  }, {
    "id" : "34f83d5b-debf-416a-8faf-dea330c72ed0",
    "vertices" : [ {
      "x" : 0.0,
      "y" : 0.0,
      "z" : 0.0
    }, {
      "x" : -3.6967232,
      "y" : -4.236068,
      "z" : -9.678147
    }, {
      "x" : -3.1573787,
      "y" : 6.854102,
      "z" : -8.266125
    }, {
      "x" : -0.872678,
      "y" : 5.981424,
      "z" : -2.2847006
    } ],
    "faces" : [ {
      "vertices" : [ 0, 1, 2, 3 ]
    }, {
      "vertices" : [ 0, 3, 2, 1 ]
    } ]
  }, {
    "id" : "8313b6c5-675a-4ff0-b425-a5d0e903f3d1",
    "vertices" : [ {
      "x" : 0.0,
      "y" : 0.0,
      "z" : 0.0
    }, {
      "x" : 0.0067874873,
      "y" : 0.0025925895,
      "z" : 0.05330962
    }, {
      "x" : 1.1130246,
      "y" : -2.092761,
      "z" : 2.1498644
    } ],
    "faces" : [ {
      "vertices" : [ 0, 1, 2 ]
    }, {
      "vertices" : [ 0, 2, 1 ]
    } ]
  }, {
    "id" : "d0f8590b-538e-4b1b-b1c8-e5e2306141b2",
    "vertices" : [ {
      "x" : 0.0,
      "y" : 0.0,
      "z" : 0.0
    }, {
      "x" : 0.0,
      "y" : 0.14589803,
      "z" : -0.14589803
    }, {
      "x" : 0.0,
      "y" : 0.29179606,
      "z" : 0.0
    } ],
    "faces" : [ {
      "vertices" : [ 0, 1, 2 ]
    }, {
      "vertices" : [ 0, 2, 1 ]
    } ]
  }, {
    "id" : "b19379d2-f978-400a-bb74-28954cd8feee",
    "vertices" : [ {
      "x" : 0.0,
      "y" : 0.0,
      "z" : 0.0
    }, {
      "x" : 1.0524596,
      "y" : 2.2847006,
      "z" : 2.755375
    }, {
      "x" : 2.4644823,
      "y" : -2.8240454,
      "z" : 6.4520984
    } ],
    "faces" : [ {
      "vertices" : [ 0, 1, 2 ]
    }, {
      "vertices" : [ 0, 2, 1 ]
    } ]
  }, {
    "id" : "ae271458-912f-4b4b-9ffb-684b3851e4b5",
    "vertices" : [ {
      "x" : 0.0,
      "y" : 0.0,
      "z" : 0.0
    }, {
      "x" : -1.433243,
      "y" : -1.6423503,
      "z" : -3.7522788
    }, {
      "x" : -0.6120678,
      "y" : 1.3286893,
      "z" : -1.6024144
    } ],
    "faces" : [ {
      "vertices" : [ 0, 1, 2 ]
    }, {
      "vertices" : [ 0, 2, 1 ]
    } ]
  }, {
    "id" : "b4737d2c-31d6-450b-bfa7-3430c6a04f1a",
    "vertices" : [ {
      "x" : 0.0,
      "y" : 0.0,
      "z" : 0.0
    }, {
      "x" : 1.4120227,
      "y" : 5.108746,
      "z" : 3.6967232
    }, {
      "x" : 3.6967232,
      "y" : 4.236068,
      "z" : 9.678147
    }, {
      "x" : 3.1573787,
      "y" : -6.854102,
      "z" : 8.266125
    } ],
    "faces" : [ {
      "vertices" : [ 0, 1, 2, 3 ]
    }, {
      "vertices" : [ 0, 3, 2, 1 ]
    } ]
  }, {
    "id" : "75caf6c1-c735-493b-9456-d5495ec0c281",
    "vertices" : [ {
      "x" : 0.0,
      "y" : 0.0,
      "z" : 0.0
    }, {
      "x" : 0.0,
      "y" : -0.29179606,
      "z" : 0.19453071
    }, {
      "x" : 0.0,
      "y" : -0.29179606,
      "z" : -10.90712
    }, {
      "x" : 0.0,
      "y" : 0.0,
      "z" : -10.90712
    } ],
    "faces" : [ {
      "vertices" : [ 0, 1, 2, 3 ]
    }, {
      "vertices" : [ 0, 3, 2, 1 ]
    } ]
  }, {
    "id" : "d8259a15-29ee-4555-838c-9b3bc1627678",
    "vertices" : [ {
      "x" : 0.0,
      "y" : 0.0,
      "z" : 0.0
    }, {
      "x" : 0.20910734,
      "y" : 4.299729,
      "z" : 0.5474501
    }, {
      "x" : 0.7166215,
      "y" : 0.82117516,
      "z" : 1.8761394
    } ],
    "faces" : [ {
      "vertices" : [ 0, 1, 2 ]
    }, {
      "vertices" : [ 0, 2, 1 ]
    } ]
  }, {
    "id" : "66755ebd-2bd3-4ed6-862d-1eeaec9a0cf5",
    "vertices" : [ {
      "x" : 0.0,
      "y" : 0.0,
      "z" : 0.0
    }, {
      "x" : 0.86702174,
      "y" : 1.1981946,
      "z" : 9.07957
    }, {
      "x" : 3.377917,
      "y" : -5.375415,
      "z" : 9.07957
    }, {
      "x" : 3.423002,
      "y" : -5.5385337,
      "z" : 8.961535
    } ],
    "faces" : [ {
      "vertices" : [ 0, 1, 2, 3 ]
    }, {
      "vertices" : [ 0, 3, 2, 1 ]
    } ]
  }, {
    "id" : "e897c6b6-af9c-484f-9c1e-db8553866c14",
    "vertices" : [ {
      "x" : 0.0,
      "y" : 0.0,
      "z" : 0.0
    }, {
      "x" : 0.0,
      "y" : 0.19453071,
      "z" : -0.29179606
    }, {
      "x" : 0.29179606,
      "y" : 0.0,
      "z" : -0.29179606
    } ],
    "faces" : [ {
      "vertices" : [ 0, 1, 2 ]
    }, {
      "vertices" : [ 0, 2, 1 ]
    } ]
  }, {
    "id" : "c3dbb208-84d4-48b8-9e1f-6c26072063c8",
    "vertices" : [ {
      "x" : 0.0,
      "y" : 0.0,
      "z" : 0.0
    }, {
      "x" : -0.82117516,
      "y" : 1.8761394,
      "z" : -0.7166215
    }, {
      "x" : 0.0,
      "y" : 0.8392995,
      "z" : 2.1973145
    } ],
    "faces" : [ {
      "vertices" : [ 0, 1, 2 ]
    }, {
      "vertices" : [ 0, 2, 1 ]
    } ]
  }, {
    "id" : "7f7f54dc-2b92-47ef-9b8b-deb0ddddeac0",
    "vertices" : [ {
      "x" : 0.0,
      "y" : 0.0,
      "z" : 0.0
    }, {
      "x" : -2.9073787,
      "y" : 2.9073787,
      "z" : -8.722136
    }, {
      "x" : -0.25,
      "y" : 5.5647573,
      "z" : -8.722136
    }, {
      "x" : 4.09017,
      "y" : 7.011481,
      "z" : -4.381966
    }, {
      "x" : 4.09017,
      "y" : 6.81695,
      "z" : -4.09017
    } ],
    "faces" : [ {
      "vertices" : [ 0, 1, 2, 3, 4 ]
    }, {
      "vertices" : [ 0, 4, 3, 2, 1 ]
    } ]
  }, {
    "id" : "018f1739-eacc-4e0a-8208-2b37bdfe456c",
    "vertices" : [ {
      "x" : 0.0,
      "y" : 0.0,
      "z" : 0.0
    }, {
      "x" : 0.872678,
      "y" : -5.981424,
      "z" : 2.2847006
    }, {
      "x" : -0.53934467,
      "y" : -11.09017,
      "z" : -1.4120227
    }, {
      "x" : -3.6967232,
      "y" : -4.236068,
      "z" : -9.678147
    } ],
    "faces" : [ {
      "vertices" : [ 0, 1, 2, 3 ]
    }, {
      "vertices" : [ 0, 3, 2, 1 ]
    } ]
  }, {
    "id" : "57a9f54c-f561-4513-846b-d16fb87a39e7",
    "vertices" : [ {
      "x" : 0.0,
      "y" : 0.0,
      "z" : 0.0
    }, {
      "x" : -0.82117516,
      "y" : 1.03684,
      "z" : -2.9139361
    }, {
      "x" : -1.4120227,
      "y" : 3.2260492,
      "z" : -1.2322412
    } ],
    "faces" : [ {
      "vertices" : [ 0, 1, 2 ]
    }, {
      "vertices" : [ 0, 2, 1 ]
    } ]
  }, {
    "id" : "8220de14-16d4-4fbc-a8d2-582e6df53553",
    "vertices" : [ {
      "x" : 0.0,
      "y" : 0.0,
      "z" : 0.0
    }, {
      "x" : 3.1573787,
      "y" : -6.854102,
      "z" : 8.266125
    }, {
      "x" : -0.53934467,
      "y" : -11.09017,
      "z" : -1.4120227
    }, {
      "x" : -1.4120227,
      "y" : -5.108746,
      "z" : -3.6967232
    } ],
    "faces" : [ {
      "vertices" : [ 0, 1, 2, 3 ]
    }, {
      "vertices" : [ 0, 3, 2, 1 ]
    } ]
  }, {
    "id" : "c3b2b83d-febc-48e9-81a7-ebb15b16de63",
    "vertices" : [ {
      "x" : 0.0,
      "y" : 0.0,
      "z" : 0.0
    }, {
      "x" : 0.53934467,
      "y" : 11.09017,
      "z" : 1.4120227
    }, {
      "x" : 3.6967232,
      "y" : 4.236068,
      "z" : 9.678147
    }, {
      "x" : 2.2847006,
      "y" : -0.872678,
      "z" : 5.981424
    } ],
    "faces" : [ {
      "vertices" : [ 0, 1, 2, 3 ]
    }, {
      "vertices" : [ 0, 3, 2, 1 ]
    } ]
  }, {
    "id" : "0e5f598f-15df-4b0b-8f14-bbadfdd4dd4f",
    "vertices" : [ {
      "x" : 0.0,
      "y" : 0.0,
      "z" : 0.0
    }, {
      "x" : 0.0,
      "y" : -0.14589803,
      "z" : 0.14589803
    }, {
      "x" : 0.0,
      "y" : -0.29179606,
      "z" : 0.0
    } ],
    "faces" : [ {
      "vertices" : [ 0, 1, 2 ]
    }, {
      "vertices" : [ 0, 2, 1 ]
    } ]
  }, {
    "id" : "d68462cc-1b31-4183-b2bf-22372fa12d29",
    "vertices" : [ {
      "x" : 0.0,
      "y" : 0.0,
      "z" : 0.0
    }, {
      "x" : -1.2322412,
      "y" : 1.4120227,
      "z" : -3.2260492
    }, {
      "x" : -0.3595631,
      "y" : 7.3934464,
      "z" : -0.94134843
    } ],
    "faces" : [ {
      "vertices" : [ 0, 1, 2 ]
    }, {
      "vertices" : [ 0, 2, 1 ]
    } ]
  }, {
    "id" : "8cee636e-323f-4a3b-b41b-c25cf0e70cf4",
    "vertices" : [ {
      "x" : 0.0,
      "y" : 0.0,
      "z" : 0.0
    }, {
      "x" : 0.20392215,
      "y" : -4.1931095,
      "z" : 0.5338751
    }, {
      "x" : -0.49492946,
      "y" : -3.392297,
      "z" : -1.2957422
    } ],
    "faces" : [ {
      "vertices" : [ 0, 1, 2 ]
    }, {
      "vertices" : [ 0, 2, 1 ]
    } ]
  }, {
    "id" : "385f8bff-ada1-42d7-b4b9-1bf272042e4c",
    "vertices" : [ {
      "x" : 0.0,
      "y" : 0.0,
      "z" : 0.0
    }, {
      "x" : -2.2847006,
      "y" : 0.872678,
      "z" : -5.981424
    }, {
      "x" : -3.1573787,
      "y" : 6.854102,
      "z" : -8.266125
    }, {
      "x" : 0.53934467,
      "y" : 11.09017,
      "z" : 1.4120227
    } ],
    "faces" : [ {
      "vertices" : [ 0, 1, 2, 3 ]
    }, {
      "vertices" : [ 0, 3, 2, 1 ]
    } ]
  }, {
    "id" : "c9ed13cd-6962-4bad-8826-fb8c7dbce205",
    "vertices" : [ {
      "x" : 0.0,
      "y" : 0.0,
      "z" : 0.0
    }, {
      "x" : 0.0,
      "y" : 0.29179606,
      "z" : -0.19453071
    }, {
      "x" : 0.0,
      "y" : 0.29179606,
      "z" : 10.90712
    }, {
      "x" : 0.0,
      "y" : 0.0,
      "z" : 10.90712
    } ],
    "faces" : [ {
      "vertices" : [ 0, 1, 2, 3 ]
    }, {
      "vertices" : [ 0, 3, 2, 1 ]
    } ]
  }, {
    "id" : "f3d12a6b-5c70-489b-aa65-6da8b77c3c81",
    "vertices" : [ {
      "x" : 0.0,
      "y" : 0.0,
      "z" : 0.0
    }, {
      "x" : -0.3595631,
      "y" : 7.3934464,
      "z" : -0.94134843
    }, {
      "x" : 1.0524596,
      "y" : 2.2847006,
      "z" : 2.755375
    } ],
    "faces" : [ {
      "vertices" : [ 0, 1, 2 ]
    }, {
      "vertices" : [ 0, 2, 1 ]
    } ]
  }, {
    "id" : "77007149-3010-477c-8fd0-9f78bdc2287c",
    "vertices" : [ {
      "x" : 0.0,
      "y" : 0.0,
      "z" : 0.0
    }, {
      "x" : -1.3977033,
      "y" : 1.6016254,
      "z" : -3.6592345
    }, {
      "x" : -0.8008127,
      "y" : 2.8973675,
      "z" : -2.0965548
    } ],
    "faces" : [ {
      "vertices" : [ 0, 1, 2 ]
    }, {
      "vertices" : [ 0, 2, 1 ]
    } ]
  }, {
    "id" : "dd10fd8d-ffb3-43d8-a065-860bb0d14546",
    "vertices" : [ {
      "x" : 0.0,
      "y" : 0.0,
      "z" : 0.0
    }, {
      "x" : 1.2241356,
      "y" : -2.6573787,
      "z" : 3.2048287
    }, {
      "x" : -0.10455367,
      "y" : -2.1498644,
      "z" : -0.27372506
    } ],
    "faces" : [ {
      "vertices" : [ 0, 1, 2 ]
    }, {
      "vertices" : [ 0, 2, 1 ]
    } ]
  }, {
    "id" : "c6841c41-0c44-493d-9742-320475760b14",
    "vertices" : [ {
      "x" : 0.0,
      "y" : 0.0,
      "z" : 0.0
    }, {
      "x" : 0.17978156,
      "y" : -3.6967232,
      "z" : 0.47067422
    }, {
      "x" : -2.1049192,
      "y" : -4.5694013,
      "z" : -5.51075
    } ],
    "faces" : [ {
      "vertices" : [ 0, 1, 2 ]
    }, {
      "vertices" : [ 0, 2, 1 ]
    } ]
  }, {
    "id" : "99e3b947-fc55-4634-b99f-50480c0810ed",
    "vertices" : [ {
      "x" : 0.0,
      "y" : 0.0,
      "z" : 0.0
    }, {
      "x" : -2.1049192,
      "y" : -4.5694013,
      "z" : -5.51075
    }, {
      "x" : -1.2322412,
      "y" : 1.4120227,
      "z" : -3.2260492
    } ],
    "faces" : [ {
      "vertices" : [ 0, 1, 2 ]
    }, {
      "vertices" : [ 0, 2, 1 ]
    } ]
  } ],
  "instances" : [ {
    "shape" : "c223b43f-e470-4571-bf86-aebd6ced7f36",
    "color" : "#7FCC9F",
    "position" : {
      "x" : 0.0,
      "y" : 0.0,
      "z" : -11.222965
    },
    "orientation" : 36
  }, {
    "shape" : "4b60ce1d-df9b-4468-bc70-e3a0b58b5112",
    "color" : "#7FCC9F",
    "position" : {
      "x" : -4.486068,
      "y" : 7.1434464,
      "z" : -7.1434464
    },
    "orientation" : 22
  }, {
    "shape" : "a68e981f-572a-46e0-8ed1-e06ba398f064",
    "color" : "#7FCC9F",
    "position" : {
      "x" : -0.14589803,
      "y" : 11.247549,
      "z" : -0.14589803
    },
    "orientation" : 38
  }, {
    "shape" : "a46cdfd1-b3a0-4b5c-983c-5405cb2072aa",
    "color" : "#7FCC9F",
    "position" : {
      "x" : 7.1434464,
      "y" : 7.1434464,
      "z" : 4.486068
    },
    "orientation" : 21
  }, {
    "shape" : "a2e1e3a6-5ad2-4cb8-bff3-ed6a8c56b411",
    "color" : "#7FCC9F",
    "position" : {
      "x" : 4.486068,
      "y" : 7.1434464,
      "z" : 7.1434464
    },
    "orientation" : 37
  }, {
    "shape" : "a2e1e3a6-5ad2-4cb8-bff3-ed6a8c56b411",
    "color" : "#7FCC9F",
    "position" : {
      "x" : -4.486068,
      "y" : 7.1434464,
      "z" : -7.1434464
    },
    "orientation" : 22
  }, {
    "shape" : "fb2a1611-10e5-4192-8933-33742f9aa2f3",
    "color" : "#FFD98C",
    "position" : {
      "x" : 7.615669,
      "y" : 7.615669,
      "z" : 7.615669
    },
    "orientation" : 9
  }, {
    "shape" : "bf1edd3d-4cfa-45ef-9eed-113679451d00",
    "color" : "#7FCC9F",
    "position" : {
      "x" : 4.5299973,
      "y" : 7.121482,
      "z" : 7.121482
    },
    "orientation" : 37
  }, {
    "shape" : "706c90ef-032a-4c1b-ab14-e399d71d5fde",
    "color" : "#7FCC9F",
    "position" : {
      "x" : 4.5299973,
      "y" : 7.121482,
      "z" : 7.121482
    },
    "orientation" : 37
  }, {
    "shape" : "d84be3ab-6456-4089-a083-5002571df585",
    "color" : "#7FCC9F",
    "position" : {
      "x" : 4.208612,
      "y" : 4.208612,
      "z" : -4.208612
    },
    "orientation" : 8
  }, {
    "shape" : "23e07d9f-23f6-45d5-aaf7-e837c97e14d7",
    "color" : "#FFD98C",
    "position" : {
      "x" : -4.5299973,
      "y" : 4.5299973,
      "z" : -9.712966
    },
    "orientation" : 54
  }, {
    "shape" : "f7b74118-53d3-451f-b77f-0440bb93fa80",
    "color" : "#FFFFFF",
    "position" : {
      "x" : 4.208612,
      "y" : 4.208612,
      "z" : -4.208612
    },
    "orientation" : 16
  }, {
    "shape" : "e069af48-6ca9-4f94-9d2f-8e7bf36594e2",
    "color" : "#7FCC9F",
    "position" : {
      "x" : -4.208612,
      "y" : 4.208612,
      "z" : 4.208612
    },
    "orientation" : 53
  }, {
    "shape" : "34f83d5b-debf-416a-8faf-dea330c72ed0",
    "color" : "#FFD98C",
    "position" : {
      "x" : 0.0,
      "y" : 13.708204,
      "z" : 0.0
    },
    "orientation" : 4
  }, {
    "shape" : "d84be3ab-6456-4089-a083-5002571df585",
    "color" : "#7FCC9F",
    "position" : {
      "x" : -4.208612,
      "y" : 4.208612,
      "z" : 4.208612
    },
    "orientation" : 53
  }, {
    "shape" : "8313b6c5-675a-4ff0-b425-a5d0e903f3d1",
    "color" : "#7FCC9F",
    "position" : {
      "x" : 4.486068,
      "y" : 7.1434464,
      "z" : 7.1434464
    },
    "orientation" : 37
  }, {
    "shape" : "fb2a1611-10e5-4192-8933-33742f9aa2f3",
    "color" : "#FFD98C",
    "position" : {
      "x" : -7.615669,
      "y" : 7.615669,
      "z" : -7.615669
    },
    "orientation" : 54
  }, {
    "shape" : "d0f8590b-538e-4b1b-b1c8-e5e2306141b2",
    "color" : "#7FC6E0",
    "position" : {
      "x" : 0.14589803,
      "y" : 0.14589803,
      "z" : 0.14589803
    },
    "orientation" : 47
  }, {
    "shape" : "4b60ce1d-df9b-4468-bc70-e3a0b58b5112",
    "color" : "#7FCC9F",
    "position" : {
      "x" : 4.486068,
      "y" : 7.1434464,
      "z" : 7.1434464
    },
    "orientation" : 37
  }, {
    "shape" : "b19379d2-f978-400a-bb74-28954cd8feee",
    "color" : "#FFD98C",
    "position" : {
      "x" : -7.615669,
      "y" : 7.615669,
      "z" : -7.615669
    },
    "orientation" : 54
  }, {
    "shape" : "ae271458-912f-4b4b-9ffb-684b3851e4b5",
    "color" : "#FFD98C",
    "position" : {
      "x" : 6.2576537,
      "y" : 6.2576537,
      "z" : 6.2576537
    },
    "orientation" : 19
  }, {
    "shape" : "b4737d2c-31d6-450b-bfa7-3430c6a04f1a",
    "color" : "#FFD98C",
    "position" : {
      "x" : 0.0,
      "y" : 13.708204,
      "z" : 0.0
    },
    "orientation" : 3
  }, {
    "shape" : "75caf6c1-c735-493b-9456-d5495ec0c281",
    "color" : "#7FC6E0",
    "position" : {
      "x" : -0.14589803,
      "y" : 11.053018,
      "z" : 0.14589803
    },
    "orientation" : 47
  }, {
    "shape" : "d8259a15-29ee-4555-838c-9b3bc1627678",
    "color" : "#FFD98C",
    "position" : {
      "x" : -6.2576537,
      "y" : 6.2576537,
      "z" : -6.2576537
    },
    "orientation" : 5
  }, {
    "shape" : "b19379d2-f978-400a-bb74-28954cd8feee",
    "color" : "#FFD98C",
    "position" : {
      "x" : 7.615669,
      "y" : 7.615669,
      "z" : 7.615669
    },
    "orientation" : 9
  }, {
    "shape" : "66755ebd-2bd3-4ed6-862d-1eeaec9a0cf5",
    "color" : "#7FCC9F",
    "position" : {
      "x" : 0.0,
      "y" : 0.0,
      "z" : 11.222965
    },
    "orientation" : 36
  }, {
    "shape" : "e897c6b6-af9c-484f-9c1e-db8553866c14",
    "color" : "#FFFFFF",
    "position" : {
      "x" : -0.14589803,
      "y" : 11.053018,
      "z" : 0.14589803
    },
    "orientation" : 0
  }, {
    "shape" : "a46cdfd1-b3a0-4b5c-983c-5405cb2072aa",
    "color" : "#7FCC9F",
    "position" : {
      "x" : -7.1434464,
      "y" : 7.1434464,
      "z" : -4.486068
    },
    "orientation" : 36
  }, {
    "shape" : "e069af48-6ca9-4f94-9d2f-8e7bf36594e2",
    "color" : "#7FCC9F",
    "position" : {
      "x" : 4.208612,
      "y" : 4.208612,
      "z" : -4.208612
    },
    "orientation" : 8
  }, {
    "shape" : "c3dbb208-84d4-48b8-9e1f-6c26072063c8",
    "color" : "#7FCC9F",
    "position" : {
      "x" : 6.2576537,
      "y" : 6.2576537,
      "z" : 6.2576537
    },
    "orientation" : 21
  }, {
    "shape" : "7f7f54dc-2b92-47ef-9b8b-deb0ddddeac0",
    "color" : "#FFFFFF",
    "position" : {
      "x" : 4.236068,
      "y" : 4.236068,
      "z" : -4.236068
    },
    "orientation" : 45
  }, {
    "shape" : "018f1739-eacc-4e0a-8208-2b37bdfe456c",
    "color" : "#FFD98C",
    "position" : {
      "x" : 0.0,
      "y" : 13.708204,
      "z" : 0.0
    },
    "orientation" : 4
  }, {
    "shape" : "8313b6c5-675a-4ff0-b425-a5d0e903f3d1",
    "color" : "#7FCC9F",
    "position" : {
      "x" : -4.486068,
      "y" : 7.1434464,
      "z" : -7.1434464
    },
    "orientation" : 22
  }, {
    "shape" : "66755ebd-2bd3-4ed6-862d-1eeaec9a0cf5",
    "color" : "#7FCC9F",
    "position" : {
      "x" : 0.0,
      "y" : 0.0,
      "z" : -11.222965
    },
    "orientation" : 21
  }, {
    "shape" : "d0f8590b-538e-4b1b-b1c8-e5e2306141b2",
    "color" : "#7FC6E0",
    "position" : {
      "x" : -0.14589803,
      "y" : 0.14589803,
      "z" : -0.14589803
    },
    "orientation" : 2
  }, {
    "shape" : "57a9f54c-f561-4513-846b-d16fb87a39e7",
    "color" : "#7FCC9F",
    "position" : {
      "x" : -7.615669,
      "y" : 7.615669,
      "z" : -7.615669
    },
    "orientation" : 36
  }, {
    "shape" : "7f7f54dc-2b92-47ef-9b8b-deb0ddddeac0",
    "color" : "#FFFFFF",
    "position" : {
      "x" : -4.236068,
      "y" : 4.236068,
      "z" : 4.236068
    },
    "orientation" : 0
  }, {
    "shape" : "c223b43f-e470-4571-bf86-aebd6ced7f36",
    "color" : "#7FCC9F",
    "position" : {
      "x" : 0.0,
      "y" : 0.0,
      "z" : 11.222965
    },
    "orientation" : 21
  }, {
    "shape" : "c3dbb208-84d4-48b8-9e1f-6c26072063c8",
    "color" : "#7FCC9F",
    "position" : {
      "x" : -6.2576537,
      "y" : 6.2576537,
      "z" : -6.2576537
    },
    "orientation" : 36
  }, {
    "shape" : "57a9f54c-f561-4513-846b-d16fb87a39e7",
    "color" : "#7FCC9F",
    "position" : {
      "x" : 7.615669,
      "y" : 7.615669,
      "z" : 7.615669
    },
    "orientation" : 21
  }, {
    "shape" : "e897c6b6-af9c-484f-9c1e-db8553866c14",
    "color" : "#FFFFFF",
    "position" : {
      "x" : 0.14589803,
      "y" : 11.053018,
      "z" : -0.14589803
    },
    "orientation" : 45
  }, {
    "shape" : "75caf6c1-c735-493b-9456-d5495ec0c281",
    "color" : "#7FC6E0",
    "position" : {
      "x" : 0.14589803,
      "y" : 11.053018,
      "z" : -0.14589803
    },
    "orientation" : 2
  }, {
    "shape" : "706c90ef-032a-4c1b-ab14-e399d71d5fde",
    "color" : "#7FCC9F",
    "position" : {
      "x" : -4.5299973,
      "y" : 7.121482,
      "z" : -7.121482
    },
    "orientation" : 22
  }, {
    "shape" : "23e07d9f-23f6-45d5-aaf7-e837c97e14d7",
    "color" : "#FFD98C",
    "position" : {
      "x" : 4.5299973,
      "y" : 4.5299973,
      "z" : 9.712966
    },
    "orientation" : 9
  }, {
    "shape" : "8220de14-16d4-4fbc-a8d2-582e6df53553",
    "color" : "#FFD98C",
    "position" : {
      "x" : 0.0,
      "y" : 13.708204,
      "z" : 0.0
    },
    "orientation" : 3
  }, {
    "shape" : "bf1edd3d-4cfa-45ef-9eed-113679451d00",
    "color" : "#7FCC9F",
    "position" : {
      "x" : -4.5299973,
      "y" : 7.121482,
      "z" : -7.121482
    },
    "orientation" : 22
  }, {
    "shape" : "a68e981f-572a-46e0-8ed1-e06ba398f064",
    "color" : "#7FCC9F",
    "position" : {
      "x" : 0.14589803,
      "y" : 11.247549,
      "z" : 0.14589803
    },
    "orientation" : 23
  }, {
    "shape" : "f7b74118-53d3-451f-b77f-0440bb93fa80",
    "color" : "#FFFFFF",
    "position" : {
      "x" : -4.208612,
      "y" : 4.208612,
      "z" : 4.208612
    },
    "orientation" : 31
  } ],
  "scenes" : [ {
    "title" : "",
    "content" : "",
    "view" : {
      "viewDistance" : 141.01686,
      "lookAtPointRV" : {
        "x" : 0.0,
        "y" : 0.0,
        "z" : 0.0,
        "zero" : true
      },
      "lookDirectionRV" : {
        "x" : 0.02486202,
        "y" : -0.06310223,
        "z" : -0.9976269,
        "zero" : false
      },
      "upDirectionRV" : {
        "x" : 0.009696928,
        "y" : 0.99780995,
        "z" : -0.06287952,
        "zero" : false
      },
      "lookDirection" : {
        "x" : 0.02486202,
        "y" : -0.06310223,
        "z" : -0.9976269
      },
      "nearClipDistance" : 0.3525439,
      "farClipDistance" : 282.03442,
      "lookAtPoint" : {
        "x" : 0.0,
        "y" : 0.0,
        "z" : 0.0
      },
      "upDirection" : {
        "x" : 0.009696928,
        "y" : 0.99780995,
        "z" : -0.06287952
      },
      "stereo" : false,
      "perspective" : true,
      "fieldOfView" : 0.44263297,
      "width" : 63.458195,
      "position" : {
        "x" : -3.505964,
        "y" : 8.8984785,
        "z" : 140.68222
      }
    },
    "snapshot" : 1
  }, {
    "title" : "",
    "content" : "",
    "view" : {
      "viewDistance" : 141.01686,
      "lookAtPointRV" : {
        "x" : 0.0,
        "y" : 0.0,
        "z" : 0.0,
        "zero" : true
      },
      "lookDirectionRV" : {
        "x" : 0.02486202,
        "y" : -0.06310223,
        "z" : -0.9976269,
        "zero" : false
      },
      "upDirectionRV" : {
        "x" : 0.009696928,
        "y" : 0.99780995,
        "z" : -0.06287952,
        "zero" : false
      },
      "lookDirection" : {
        "x" : 0.02486202,
        "y" : -0.06310223,
        "z" : -0.9976269
      },
      "nearClipDistance" : 0.3525439,
      "farClipDistance" : 282.03442,
      "lookAtPoint" : {
        "x" : 0.0,
        "y" : 0.0,
        "z" : 0.0
      },
      "upDirection" : {
        "x" : 0.009696928,
        "y" : 0.99780995,
        "z" : -0.06287952
      },
      "stereo" : false,
      "perspective" : true,
      "fieldOfView" : 0.44263297,
      "width" : 63.458195,
      "position" : {
        "x" : -3.505964,
        "y" : 8.8984785,
        "z" : 140.68222
      }
    },
    "snapshot" : 2
  }, {
    "title" : "",
    "content" : "",
    "view" : {
      "viewDistance" : 141.01686,
      "lookAtPointRV" : {
        "x" : 0.0,
        "y" : 0.0,
        "z" : 0.0,
        "zero" : true
      },
      "lookDirectionRV" : {
        "x" : 0.02486202,
        "y" : -0.06310223,
        "z" : -0.9976269,
        "zero" : false
      },
      "upDirectionRV" : {
        "x" : 0.009696928,
        "y" : 0.99780995,
        "z" : -0.06287952,
        "zero" : false
      },
      "lookDirection" : {
        "x" : 0.02486202,
        "y" : -0.06310223,
        "z" : -0.9976269
      },
      "nearClipDistance" : 0.3525439,
      "farClipDistance" : 282.03442,
      "lookAtPoint" : {
        "x" : 0.0,
        "y" : 0.0,
        "z" : 0.0
      },
      "upDirection" : {
        "x" : 0.009696928,
        "y" : 0.99780995,
        "z" : -0.06287952
      },
      "stereo" : false,
      "perspective" : true,
      "fieldOfView" : 0.44263297,
      "width" : 63.458195,
      "position" : {
        "x" : -3.505964,
        "y" : 8.8984785,
        "z" : 140.68222
      }
    },
    "snapshot" : 3
  }, {
    "title" : "",
    "content" : "",
    "view" : {
      "viewDistance" : 141.01686,
      "lookAtPointRV" : {
        "x" : 0.0,
        "y" : 0.0,
        "z" : 0.0,
        "zero" : true
      },
      "lookDirectionRV" : {
        "x" : 0.02486202,
        "y" : -0.06310223,
        "z" : -0.9976269,
        "zero" : false
      },
      "upDirectionRV" : {
        "x" : 0.009696928,
        "y" : 0.99780995,
        "z" : -0.06287952,
        "zero" : false
      },
      "lookDirection" : {
        "x" : 0.02486202,
        "y" : -0.06310223,
        "z" : -0.9976269
      },
      "nearClipDistance" : 0.3525439,
      "farClipDistance" : 282.03442,
      "lookAtPoint" : {
        "x" : 0.0,
        "y" : 0.0,
        "z" : 0.0
      },
      "upDirection" : {
        "x" : 0.009696928,
        "y" : 0.99780995,
        "z" : -0.06287952
      },
      "stereo" : false,
      "perspective" : true,
      "fieldOfView" : 0.44263297,
      "width" : 63.458195,
      "position" : {
        "x" : -3.505964,
        "y" : 8.8984785,
        "z" : 140.68222
      }
    },
    "snapshot" : 4
  } ],
  "snapshots" : [ [ ], [ {
    "shape" : "f7b74118-53d3-451f-b77f-0440bb93fa80",
    "color" : "#FFFFFF",
    "position" : {
      "x" : 4.208612,
      "y" : 4.208612,
      "z" : -4.208612
    },
    "orientation" : 16
  }, {
    "shape" : "8220de14-16d4-4fbc-a8d2-582e6df53553",
    "color" : "#FFD98C",
    "position" : {
      "x" : 0.0,
      "y" : 13.708204,
      "z" : 0.0
    },
    "orientation" : 3
  }, {
    "shape" : "706c90ef-032a-4c1b-ab14-e399d71d5fde",
    "color" : "#7FCC9F",
    "position" : {
      "x" : -4.5299973,
      "y" : 7.121482,
      "z" : -7.121482
    },
    "orientation" : 22
  }, {
    "shape" : "8313b6c5-675a-4ff0-b425-a5d0e903f3d1",
    "color" : "#7FCC9F",
    "position" : {
      "x" : 4.486068,
      "y" : 7.1434464,
      "z" : 7.1434464
    },
    "orientation" : 37
  }, {
    "shape" : "b19379d2-f978-400a-bb74-28954cd8feee",
    "color" : "#FFD98C",
    "position" : {
      "x" : 7.615669,
      "y" : 7.615669,
      "z" : 7.615669
    },
    "orientation" : 9
  }, {
    "shape" : "66755ebd-2bd3-4ed6-862d-1eeaec9a0cf5",
    "color" : "#7FCC9F",
    "position" : {
      "x" : 0.0,
      "y" : 0.0,
      "z" : 11.222965
    },
    "orientation" : 36
  }, {
    "shape" : "a68e981f-572a-46e0-8ed1-e06ba398f064",
    "color" : "#7FCC9F",
    "position" : {
      "x" : -0.14589803,
      "y" : 11.247549,
