{
  "field" : "golden",
  "symmetry" : "icosahedral",
  "orientations" : [ [ 1.0, 0.0, 0.0, 0.0, 0.0, 1.0, 0.0, 0.0, 0.0, 0.0, 1.0, 0.0, 0.0, 0.0, 0.0, 1.0 ], [ 0.0, 0.0, 1.0, 0.0, 1.0, 0.0, 0.0, 0.0, 0.0, 1.0, 0.0, 0.0, 0.0, 0.0, 0.0, 1.0 ], [ 0.0, 1.0, 0.0, 0.0, 0.0, 0.0, 1.0, 0.0, 1.0, 0.0, 0.0, 0.0, 0.0, 0.0, 0.0, 1.0 ], [ 0.809017, 0.309017, 0.5, 0.0, 0.309017, 0.5, -0.809017, 0.0, -0.5, 0.809017, 0.309017, 0.0, 0.0, 0.0, 0.0, 1.0 ], [ -0.5, 0.809017, 0.309017, 0.0, 0.809017, 0.309017, 0.5, 0.0, 0.309017, 0.5, -0.809017, 0.0, 0.0, 0.0, 0.0, 1.0 ], [ 0.309017, 0.5, -0.809017, 0.0, -0.5, 0.809017, 0.309017, 0.0, 0.809017, 0.309017, 0.5, 0.0, 0.0, 0.0, 0.0, 1.0 ], [ 0.5, 0.809017, 0.309017, 0.0, 0.809017, -0.309017, -0.5, 0.0, -0.309017, 0.5, -0.809017, 0.0, 0.0, 0.0, 0.0, 1.0 ], [ -0.309017, 0.5, -0.809017, 0.0, 0.5, 0.809017, 0.309017, 0.0, 0.809017, -0.309017, -0.5, 0.0, 0.0, 0.0, 0.0, 1.0 ], [ 0.809017, -0.309017, -0.5, 0.0, -0.309017, 0.5, -0.809017, 0.0, 0.5, 0.809017, 0.309017, 0.0, 0.0, 0.0, 0.0, 1.0 ], [ 0.5, 0.809017, -0.309017, 0.0, 0.809017, -0.309017, 0.5, 0.0, 0.309017, -0.5, -0.809017, 0.0, 0.0, 0.0, 0.0, 1.0 ], [ 0.309017, -0.5, -0.809017, 0.0, 0.5, 0.809017, -0.309017, 0.0, 0.809017, -0.309017, 0.5, 0.0, 0.0, 0.0, 0.0, 1.0 ], [ 0.809017, -0.309017, 0.5, 0.0, 0.309017, -0.5, -0.809017, 0.0, 0.5, 0.809017, -0.309017, 0.0, 0.0, 0.0, 0.0, 1.0 ], [ 0.809017, 0.309017, -0.5, 0.0, 0.309017, 0.5, 0.809017, 0.0, 0.5, -0.809017, 0.309017, 0.0, 0.0, 0.0, 0.0, 1.0 ], [ 0.5, -0.809017, 0.309017, 0.0, 0.809017, 0.309017, -0.5, 0.0, 0.309017, 0.5, 0.809017, 0.0, 0.0, 0.0, 0.0, 1.0 ], [ 0.309017, 0.5, 0.809017, 0.0, 0.5, -0.809017, 0.309017, 0.0, 0.809017, 0.309017, -0.5, 0.0, 0.0, 0.0, 0.0, 1.0 ], [ 1.0, 0.0, 0.0, 0.0, 0.0, -1.0, 0.0, 0.0, 0.0, 0.0, -1.0, 0.0, 0.0, 0.0, 0.0, 1.0 ], [ 0.0, 0.0, 1.0, 0.0, -1.0, 0.0, 0.0, 0.0, 0.0, -1.0, 0.0, 0.0, 0.0, 0.0, 0.0, 1.0 ], [ 0.0, 1.0, 0.0, 0.0, 0.0, 0.0, -1.0, 0.0, -1.0, 0.0, 0.0, 0.0, 0.0, 0.0, 0.0, 1.0 ], [ 0.809017, 0.309017, 0.5, 0.0, -0.309017, -0.5, 0.809017, 0.0, 0.5, -0.809017, -0.309017, 0.0, 0.0, 0.0, 0.0, 1.0 ], [ -0.5, 0.809017, 0.309017, 0.0, -0.809017, -0.309017, -0.5, 0.0, -0.309017, -0.5, 0.809017, 0.0, 0.0, 0.0, 0.0, 1.0 ], [ 0.309017, 0.5, -0.809017, 0.0, 0.5, -0.809017, -0.309017, 0.0, -0.809017, -0.309017, -0.5, 0.0, 0.0, 0.0, 0.0, 1.0 ], [ 0.5, 0.809017, 0.309017, 0.0, -0.809017, 0.309017, 0.5, 0.0, 0.309017, -0.5, 0.809017, 0.0, 0.0, 0.0, 0.0, 1.0 ], [ -0.309017, 0.5, -0.809017, 0.0, -0.5, -0.809017, -0.309017, 0.0, -0.809017, 0.309017, 0.5, 0.0, 0.0, 0.0, 0.0, 1.0 ], [ 0.809017, -0.309017, -0.5, 0.0, 0.309017, -0.5, 0.809017, 0.0, -0.5, -0.809017, -0.309017, 0.0, 0.0, 0.0, 0.0, 1.0 ], [ 0.5, 0.809017, -0.309017, 0.0, -0.809017, 0.309017, -0.5, 0.0, -0.309017, 0.5, 0.809017, 0.0, 0.0, 0.0, 0.0, 1.0 ], [ 0.309017, -0.5, -0.809017, 0.0, -0.5, -0.809017, 0.309017, 0.0, -0.809017, 0.309017, -0.5, 0.0, 0.0, 0.0, 0.0, 1.0 ], [ 0.809017, -0.309017, 0.5, 0.0, -0.309017, 0.5, 0.809017, 0.0, -0.5, -0.809017, 0.309017, 0.0, 0.0, 0.0, 0.0, 1.0 ], [ 0.809017, 0.309017, -0.5, 0.0, -0.309017, -0.5, -0.809017, 0.0, -0.5, 0.809017, -0.309017, 0.0, 0.0, 0.0, 0.0, 1.0 ], [ 0.5, -0.809017, 0.309017, 0.0, -0.809017, -0.309017, 0.5, 0.0, -0.309017, -0.5, -0.809017, 0.0, 0.0, 0.0, 0.0, 1.0 ], [ 0.309017, 0.5, 0.809017, 0.0, -0.5, 0.809017, -0.309017, 0.0, -0.809017, -0.309017, 0.5, 0.0, 0.0, 0.0, 0.0, 1.0 ], [ -1.0, 0.0, 0.0, 0.0, 0.0, -1.0, 0.0, 0.0, 0.0, 0.0, 1.0, 0.0, 0.0, 0.0, 0.0, 1.0 ], [ 0.0, 0.0, -1.0, 0.0, -1.0, 0.0, 0.0, 0.0, 0.0, 1.0, 0.0, 0.0, 0.0, 0.0, 0.0, 1.0 ], [ 0.0, -1.0, 0.0, 0.0, 0.0, 0.0, -1.0, 0.0, 1.0, 0.0, 0.0, 0.0, 0.0, 0.0, 0.0, 1.0 ], [ -0.809017, -0.309017, -0.5, 0.0, -0.309017, -0.5, 0.809017, 0.0, -0.5, 0.809017, 0.309017, 0.0, 0.0, 0.0, 0.0, 1.0 ], [ 0.5, -0.809017, -0.309017, 0.0, -0.809017, -0.309017, -0.5, 0.0, 0.309017, 0.5, -0.809017, 0.0, 0.0, 0.0, 0.0, 1.0 ], [ -0.309017, -0.5, 0.809017, 0.0, 0.5, -0.809017, -0.309017, 0.0, 0.809017, 0.309017, 0.5, 0.0, 0.0, 0.0, 0.0, 1.0 ], [ -0.5, -0.809017, -0.309017, 0.0, -0.809017, 0.309017, 0.5, 0.0, -0.309017, 0.5, -0.809017, 0.0, 0.0, 0.0, 0.0, 1.0 ], [ 0.309017, -0.5, 0.809017, 0.0, -0.5, -0.809017, -0.309017, 0.0, 0.809017, -0.309017, -0.5, 0.0, 0.0, 0.0, 0.0, 1.0 ], [ -0.809017, 0.309017, 0.5, 0.0, 0.309017, -0.5, 0.809017, 0.0, 0.5, 0.809017, 0.309017, 0.0, 0.0, 0.0, 0.0, 1.0 ], [ -0.5, -0.809017, 0.309017, 0.0, -0.809017, 0.309017, -0.5, 0.0, 0.309017, -0.5, -0.809017, 0.0, 0.0, 0.0, 0.0, 1.0 ], [ -0.309017, 0.5, 0.809017, 0.0, -0.5, -0.809017, 0.309017, 0.0, 0.809017, -0.309017, 0.5, 0.0, 0.0, 0.0, 0.0, 1.0 ], [ -0.809017, 0.309017, -0.5, 0.0, -0.309017, 0.5, 0.809017, 0.0, 0.5, 0.809017, -0.309017, 0.0, 0.0, 0.0, 0.0, 1.0 ], [ -0.809017, -0.309017, 0.5, 0.0, -0.309017, -0.5, -0.809017, 0.0, 0.5, -0.809017, 0.309017, 0.0, 0.0, 0.0, 0.0, 1.0 ], [ -0.5, 0.809017, -0.309017, 0.0, -0.809017, -0.309017, 0.5, 0.0, 0.309017, 0.5, 0.809017, 0.0, 0.0, 0.0, 0.0, 1.0 ], [ -0.309017, -0.5, -0.809017, 0.0, -0.5, 0.809017, -0.309017, 0.0, 0.809017, 0.309017, -0.5, 0.0, 0.0, 0.0, 0.0, 1.0 ], [ -1.0, 0.0, 0.0, 0.0, 0.0, 1.0, 0.0, 0.0, 0.0, 0.0, -1.0, 0.0, 0.0, 0.0, 0.0, 1.0 ], [ 0.0, 0.0, -1.0, 0.0, 1.0, 0.0, 0.0, 0.0, 0.0, -1.0, 0.0, 0.0, 0.0, 0.0, 0.0, 1.0 ], [ 0.0, -1.0, 0.0, 0.0, 0.0, 0.0, 1.0, 0.0, -1.0, 0.0, 0.0, 0.0, 0.0, 0.0, 0.0, 1.0 ], [ -0.809017, -0.309017, -0.5, 0.0, 0.309017, 0.5, -0.809017, 0.0, 0.5, -0.809017, -0.309017, 0.0, 0.0, 0.0, 0.0, 1.0 ], [ 0.5, -0.809017, -0.309017, 0.0, 0.809017, 0.309017, 0.5, 0.0, -0.309017, -0.5, 0.809017, 0.0, 0.0, 0.0, 0.0, 1.0 ], [ -0.309017, -0.5, 0.809017, 0.0, -0.5, 0.809017, 0.309017, 0.0, -0.809017, -0.309017, -0.5, 0.0, 0.0, 0.0, 0.0, 1.0 ], [ -0.5, -0.809017, -0.309017, 0.0, 0.809017, -0.309017, -0.5, 0.0, 0.309017, -0.5, 0.809017, 0.0, 0.0, 0.0, 0.0, 1.0 ], [ 0.309017, -0.5, 0.809017, 0.0, 0.5, 0.809017, 0.309017, 0.0, -0.809017, 0.309017, 0.5, 0.0, 0.0, 0.0, 0.0, 1.0 ], [ -0.809017, 0.309017, 0.5, 0.0, -0.309017, 0.5, -0.809017, 0.0, -0.5, -0.809017, -0.309017, 0.0, 0.0, 0.0, 0.0, 1.0 ], [ -0.5, -0.809017, 0.309017, 0.0, 0.809017, -0.309017, 0.5, 0.0, -0.309017, 0.5, 0.809017, 0.0, 0.0, 0.0, 0.0, 1.0 ], [ -0.309017, 0.5, 0.809017, 0.0, 0.5, 0.809017, -0.309017, 0.0, -0.809017, 0.309017, -0.5, 0.0, 0.0, 0.0, 0.0, 1.0 ], [ -0.809017, 0.309017, -0.5, 0.0, 0.309017, -0.5, -0.809017, 0.0, -0.5, -0.809017, 0.309017, 0.0, 0.0, 0.0, 0.0, 1.0 ], [ -0.809017, -0.309017, 0.5, 0.0, 0.309017, 0.5, 0.809017, 0.0, -0.5, 0.809017, -0.309017, 0.0, 0.0, 0.0, 0.0, 1.0 ], [ -0.5, 0.809017, -0.309017, 0.0, 0.809017, 0.309017, -0.5, 0.0, -0.309017, -0.5, -0.809017, 0.0, 0.0, 0.0, 0.0, 1.0 ], [ -0.309017, -0.5, -0.809017, 0.0, 0.5, -0.809017, 0.309017, 0.0, -0.809017, -0.309017, 0.5, 0.0, 0.0, 0.0, 0.0, 1.0 ] ],
  "lights" : {
    "ambientColor" : "#292929",
    "backgroundColor" : "#E0EFFF",
    "directionalLights" : [ {
      "direction" : {
        "x" : 1.0,
        "y" : -1.0,
        "z" : -1.0
      },
      "color" : "#EBEBE4"
    }, {
      "direction" : {
        "x" : -1.0,
        "y" : 0.0,
        "z" : 0.0
      },
      "color" : "#E4E4EB"
    }, {
      "direction" : {
        "x" : 0.0,
        "y" : 0.0,
        "z" : -1.0
      },
      "color" : "#1E1E1E"
    } ]
  },
  "camera" : {
    "viewDistance" : 190.35284,
    "nearClipDistance" : 0.47588205,
    "farClipDistance" : 380.7056,
    "lookAtPoint" : {
      "x" : 0.0,
      "y" : 0.0,
      "z" : 0.0
    },
    "fieldOfView" : 0.44262883,
    "perspective" : true,
    "lookDirection" : {
      "x" : 0.0,
      "y" : 0.0,
      "z" : -1.0
    },
    "upDirection" : {
      "x" : 0.0,
      "y" : 1.0,
      "z" : 0.0
    },
    "width" : 85.65877,
    "stereo" : false,
    "position" : {
      "x" : 0.0,
      "y" : 0.0,
      "z" : 190.35284
    }
  },
  "embedding" : [ 1.0, 0.0, 0.0, 0.0, 0.0, 1.0, 0.0, 0.0, 0.0, 0.0, 1.0, 0.0, 0.0, 0.0, 0.0, 1.0 ],
  "shapes" : [ {
    "id" : "662e54d6-b6d1-4666-847a-9976e2fc3f70",
    "vertices" : [ {
      "x" : 0.309017,
      "y" : -0.309017,
      "z" : -0.309017
    }, {
      "x" : 0.5,
      "y" : 0.0,
      "z" : -0.19098301
    }, {
      "x" : 0.5,
      "y" : 0.0,
      "z" : 0.19098301
    }, {
      "x" : 0.309017,
      "y" : -0.309017,
      "z" : 0.309017
    }, {
      "x" : 0.19098301,
      "y" : -0.5,
      "z" : 0.0
    }, {
      "x" : 0.0,
      "y" : 0.19098301,
      "z" : 0.5
    }, {
      "x" : 0.0,
      "y" : -0.19098301,
      "z" : 0.5
    }, {
      "x" : 0.309017,
      "y" : 0.309017,
      "z" : 0.309017
    }, {
      "x" : -0.309017,
      "y" : -0.309017,
      "z" : 0.309017
    }, {
      "x" : -0.309017,
      "y" : 0.309017,
      "z" : 0.309017
    }, {
      "x" : -0.5,
      "y" : 0.0,
      "z" : 0.19098301
    }, {
      "x" : 0.0,
      "y" : -0.19098301,
      "z" : -0.5
    }, {
      "x" : 0.0,
      "y" : 0.19098301,
      "z" : -0.5
    }, {
      "x" : 0.309017,
      "y" : 0.309017,
      "z" : -0.309017
    }, {
      "x" : -0.309017,
      "y" : -0.309017,
      "z" : -0.309017
    }, {
      "x" : -0.19098301,
      "y" : -0.5,
      "z" : 0.0
    }, {
      "x" : -0.5,
      "y" : 0.0,
      "z" : -0.19098301
    }, {
      "x" : 0.19098301,
      "y" : 0.5,
      "z" : 0.0
    }, {
      "x" : -0.309017,
      "y" : 0.309017,
      "z" : -0.309017
    }, {
      "x" : 0.0,
      "y" : 0.0,
      "z" : 0.0
    }, {
      "x" : -0.19098301,
      "y" : 0.5,
      "z" : 0.0
    } ],
    "faces" : [ {
      "vertices" : [ 12, 18, 20 ]
    }, {
      "vertices" : [ 12, 20, 17 ]
    }, {
      "vertices" : [ 12, 17, 13 ]
    }, {
      "vertices" : [ 3, 6, 8 ]
    }, {
      "vertices" : [ 3, 8, 15 ]
    }, {
      "vertices" : [ 3, 15, 4 ]
    }, {
      "vertices" : [ 0, 11, 12 ]
    }, {
      "vertices" : [ 0, 12, 13 ]
    }, {
      "vertices" : [ 0, 13, 1 ]
    }, {
      "vertices" : [ 5, 9, 10 ]
    }, {
      "vertices" : [ 5, 10, 8 ]
    }, {
      "vertices" : [ 5, 8, 6 ]
    }, {
      "vertices" : [ 2, 7, 5 ]
    }, {
      "vertices" : [ 2, 5, 6 ]
    }, {
      "vertices" : [ 2, 6, 3 ]
    }, {
      "vertices" : [ 11, 14, 16 ]
    }, {
      "vertices" : [ 11, 16, 18 ]
    }, {
      "vertices" : [ 11, 18, 12 ]
    }, {
      "vertices" : [ 1, 13, 17 ]
    }, {
      "vertices" : [ 1, 17, 7 ]
    }, {
      "vertices" : [ 1, 7, 2 ]
    }, {
      "vertices" : [ 9, 20, 18 ]
    }, {
      "vertices" : [ 9, 18, 16 ]
    }, {
      "vertices" : [ 9, 16, 10 ]
    }, {
      "vertices" : [ 0, 1, 2 ]
    }, {
      "vertices" : [ 0, 2, 3 ]
    }, {
      "vertices" : [ 0, 3, 4 ]
    }, {
      "vertices" : [ 5, 7, 17 ]
    }, {
      "vertices" : [ 5, 17, 20 ]
    }, {
      "vertices" : [ 5, 20, 9 ]
    }, {
      "vertices" : [ 0, 4, 15 ]
    }, {
      "vertices" : [ 0, 15, 14 ]
    }, {
      "vertices" : [ 0, 14, 11 ]
    }, {
      "vertices" : [ 8, 10, 16 ]
    }, {
      "vertices" : [ 8, 16, 14 ]
    }, {
      "vertices" : [ 8, 14, 15 ]
    } ]
  }, {
    "id" : "b33db92a-d4b0-45c3-b80e-8dd5584925fe",
    "vertices" : [ {
      "x" : 12.105076,
      "y" : -15.119347,
      "z" : 2.4809375
    }, {
      "x" : 12.005075,
      "y" : -15.019346,
      "z" : 2.8809376
    }, {
      "x" : 0.51771796,
      "y" : -0.34508792,
      "z" : 0.36070326
    }, {
      "x" : 0.617718,
      "y" : -0.4450879,
      "z" : -0.039296746
    }, {
      "x" : 12.305076,
      "y" : -14.786014,
      "z" : 3.0142708
    }, {
      "x" : 12.405076,
      "y" : -14.886013,
      "z" : 2.614271
    }, {
      "x" : 0.317718,
      "y" : -0.67842126,
      "z" : -0.17263007
    }, {
      "x" : 0.21771799,
      "y" : -0.57842124,
      "z" : 0.22736992
    } ],
    "faces" : [ {
      "vertices" : [ 2, 3, 6 ]
    }, {
      "vertices" : [ 2, 6, 7 ]
    }, {
      "vertices" : [ 0, 5, 4 ]
    }, {
      "vertices" : [ 0, 4, 1 ]
    }, {
      "vertices" : [ 2, 4, 5 ]
    }, {
      "vertices" : [ 2, 5, 3 ]
    }, {
      "vertices" : [ 0, 6, 3 ]
    }, {
      "vertices" : [ 0, 3, 5 ]
    }, {
      "vertices" : [ 0, 1, 7 ]
    }, {
      "vertices" : [ 0, 7, 6 ]
    }, {
      "vertices" : [ 1, 4, 2 ]
    }, {
      "vertices" : [ 1, 2, 7 ]
    } ]
  }, {
    "id" : "8ed3346d-c481-4ffa-a226-416bb384d775",
    "vertices" : [ {
      "x" : 2.7135255,
      "y" : 0.4309017,
      "z" : -0.3881966
    }, {
      "x" : 3.0815594,
      "y" : 0.5263932,
      "z" : -0.8517221
    }, {
      "x" : 1.0954915,
      "y" : 0.1545085,
      "z" : 0.059016995
    }, {
      "x" : 2.5225425,
      "y" : 0.7399187,
      "z" : -0.8881966
    }, {
      "x" : 0.9045085,
      "y" : 0.4635255,
      "z" : -0.440983
    }, {
      "x" : 2.5225425,
      "y" : 0.1218847,
      "z" : -0.5062306
    }, {
      "x" : 0.9045085,
      "y" : -0.1545085,
      "z" : -0.059016995
    }, {
      "x" : 2.3315594,
      "y" : 0.4309017,
      "z" : -1.0062306
    }, {
      "x" : 3.427051,
      "y" : 0.5854102,
      "z" : -0.9472136
    }, {
      "x" : 0.3454915,
      "y" : 0.059016995,
      "z" : -0.095491506
    }, {
      "x" : 0.7135255,
      "y" : 0.1545085,
      "z" : -0.559017
    } ],
    "faces" : [ {
      "vertices" : [ 2, 9, 6 ]
    }, {
      "vertices" : [ 0, 1, 3 ]
    }, {
      "vertices" : [ 0, 5, 1 ]
    }, {
      "vertices" : [ 4, 10, 9 ]
    }, {
      "vertices" : [ 3, 7, 10 ]
    }, {
      "vertices" : [ 3, 10, 4 ]
    }, {
      "vertices" : [ 0, 3, 4 ]
    }, {
      "vertices" : [ 0, 4, 2 ]
    }, {
      "vertices" : [ 6, 9, 10 ]
    }, {
      "vertices" : [ 1, 7, 3 ]
    }, {
      "vertices" : [ 5, 6, 10 ]
    }, {
      "vertices" : [ 5, 10, 7 ]
    }, {
      "vertices" : [ 0, 2, 6 ]
    }, {
      "vertices" : [ 0, 6, 5 ]
    }, {
      "vertices" : [ 1, 5, 7 ]
    }, {
      "vertices" : [ 2, 4, 9 ]
    } ]
  }, {
    "id" : "d957bfcc-27e6-4c90-979f-d0a07c1cbf95",
    "vertices" : [ {
      "x" : 15.43181,
      "y" : 15.240828,
      "z" : 3.2888544
    }, {
      "x" : 1.0,
      "y" : 0.809017,
      "z" : -0.11803399
    }, {
      "x" : 0.5,
      "y" : 1.0,
      "z" : 0.19098301
    }, {
      "x" : 14.93181,
      "y" : 15.43181,
      "z" : 3.5978713
    }, {
      "x" : 1.118034,
      "y" : 0.618034,
      "z" : 0.19098301
    }, {
      "x" : 15.549845,
      "y" : 15.049845,
      "z" : 3.5978713
    }, {
      "x" : 15.740828,
      "y" : 15.740828,
      "z" : 3.7159054
    }, {
      "x" : 15.049845,
      "y" : 15.240828,
      "z" : 3.9068885
    }, {
      "x" : 0.618034,
      "y" : 0.809017,
      "z" : 0.5
    }, {
      "x" : 0.309017,
      "y" : 0.309017,
      "z" : 0.072949015
    }, {
      "x" : 16.049845,
      "y" : 16.049845,
      "z" : 3.7888544
    } ],
    "faces" : [ {
      "vertices" : [ 3, 7, 6 ]
    }, {
      "vertices" : [ 5, 6, 7 ]
    }, {
      "vertices" : [ 2, 9, 8 ]
    }, {
      "vertices" : [ 2, 8, 7 ]
    }, {
      "vertices" : [ 2, 7, 3 ]
    }, {
      "vertices" : [ 4, 8, 9 ]
    }, {
      "vertices" : [ 0, 1, 2 ]
    }, {
      "vertices" : [ 0, 2, 3 ]
    }, {
      "vertices" : [ 4, 5, 7 ]
    }, {
      "vertices" : [ 4, 7, 8 ]
    }, {
      "vertices" : [ 0, 3, 6 ]
    }, {
      "vertices" : [ 0, 5, 4 ]
    }, {
      "vertices" : [ 0, 4, 1 ]
    }, {
      "vertices" : [ 0, 6, 5 ]
    }, {
      "vertices" : [ 1, 9, 2 ]
    }, {
      "vertices" : [ 1, 4, 9 ]
    } ]
  }, {
    "id" : "25e14f66-2634-4402-bdb8-ef7a460ef9c7",
    "vertices" : [ {
      "x" : 1.0,
      "y" : 0.309017,
      "z" : 0.19098301
    }, {
      "x" : 1.0,
      "y" : -0.309017,
      "z" : 0.19098301
    }, {
      "x" : 10.09017,
      "y" : -0.309017,
      "z" : 0.19098301
    }, {
      "x" : 10.09017,
      "y" : 0.309017,
      "z" : 0.19098301
    }, {
      "x" : 10.09017,
      "y" : -0.309017,
      "z" : -0.19098301
    }, {
      "x" : 10.09017,
      "y" : 0.309017,
      "z" : -0.19098301
    }, {
      "x" : 10.708204,
      "y" : 0.0,
      "z" : 0.0
    }, {
      "x" : 0.38196602,
      "y" : 0.0,
      "z" : 0.0
    }, {
      "x" : 1.0,
      "y" : 0.309017,
      "z" : -0.19098301
    }, {
      "x" : 1.0,
      "y" : -0.309017,
      "z" : -0.19098301
    }, {
      "x" : 11.09017,
      "y" : 0.0,
      "z" : 0.0
    } ],
    "faces" : [ {
      "vertices" : [ 1, 9, 4 ]
    }, {
      "vertices" : [ 1, 4, 2 ]
    }, {
      "vertices" : [ 0, 3, 5 ]
    }, {
      "vertices" : [ 0, 5, 8 ]
    }, {
      "vertices" : [ 1, 7, 9 ]
    }, {
      "vertices" : [ 0, 1, 2 ]
    }, {
      "vertices" : [ 0, 2, 3 ]
    }, {
      "vertices" : [ 7, 8, 9 ]
    }, {
      "vertices" : [ 0, 7, 1 ]
    }, {
      "vertices" : [ 4, 9, 8 ]
    }, {
      "vertices" : [ 4, 8, 5 ]
    }, {
      "vertices" : [ 2, 6, 3 ]
    }, {
      "vertices" : [ 2, 4, 6 ]
    }, {
      "vertices" : [ 3, 6, 5 ]
    }, {
      "vertices" : [ 4, 5, 6 ]
    }, {
      "vertices" : [ 0, 8, 7 ]
    } ]
  } ],
  "instances" : [ {
    "shape" : "662e54d6-b6d1-4666-847a-9976e2fc3f70",
    "color" : "#FFFFFF",
    "position" : {
      "x" : -0.9472136,
      "y" : 19.476896,
      "z" : -8.6103325
    }
  }, {
    "shape" : "b33db92a-d4b0-45c3-b80e-8dd5584925fe",
    "color" : "#FFFFFF",
    "position" : {
      "x" : 17.944271,
      "y" : 11.09017,
      "z" : 3.0652475
    },
    "orientation" : 21
  }, {
    "shape" : "662e54d6-b6d1-4666-847a-9976e2fc3f70",
    "color" : "#FFFFFF",
    "position" : {
      "x" : -12.622794,
      "y" : 2.4798374,
      "z" : 16.997059
    }
  }, {
    "shape" : "8ed3346d-c481-4ffa-a226-416bb384d775",
    "color" : "#DC4C00",
    "position" : {
      "x" : 2.4798374,
      "y" : 16.997059,
      "z" : -12.622794
    },
    "orientation" : 30
  }, {
    "shape" : "d957bfcc-27e6-4c90-979f-d0a07c1cbf95",
    "color" : "#647100",
    "position" : {
      "x" : -13.570007,
      "y" : 0.9472136,
      "z" : -16.411648
    },
    "orientation" : 0
  }, {
    "shape" : "662e54d6-b6d1-4666-847a-9976e2fc3f70",
    "color" : "#FFFFFF",
    "position" : {
      "x" : 0.0,
      "y" : 17.944271,
      "z" : 0.0
    }
  }, {
    "shape" : "b33db92a-d4b0-45c3-b80e-8dd5584925fe",
    "color" : "#FFFFFF",
    "position" : {
      "x" : 17.944271,
      "y" : -11.09017,
      "z" : -3.0652475
    },
    "orientation" : 6
  }, {
    "shape" : "662e54d6-b6d1-4666-847a-9976e2fc3f70",
    "color" : "#FFFFFF",
    "position" : {
      "x" : 0.9472136,
      "y" : 19.476896,
      "z" : 8.6103325
    }
  }, {
    "shape" : "8ed3346d-c481-4ffa-a226-416bb384d775",
    "color" : "#DC4C00",
    "position" : {
      "x" : -9.557547,
      "y" : 2.4798374,
      "z" : 18.891485
    },
    "orientation" : 53
  }, {
    "shape" : "8ed3346d-c481-4ffa-a226-416bb384d775",
    "color" : "#DC4C00",
    "position" : {
      "x" : -0.9472136,
      "y" : 19.476896,
      "z" : -8.6103325
    },
    "orientation" : 27
  }, {
    "shape" : "d957bfcc-27e6-4c90-979f-d0a07c1cbf95",
    "color" : "#647100",
    "position" : {
      "x" : 16.997059,
      "y" : 12.622794,
      "z" : -2.4798374
    },
    "orientation" : 44
  }, {
    "shape" : "8ed3346d-c481-4ffa-a226-416bb384d775",
    "color" : "#DC4C00",
    "position" : {
      "x" : -2.4798374,
      "y" : -18.891485,
      "z" : -9.557547
    },
    "orientation" : 52
  }, {
    "shape" : "25e14f66-2634-4402-bdb8-ef7a460ef9c7",
    "color" : "#007695",
    "position" : {
      "x" : 17.944271,
      "y" : 11.09017,
      "z" : 0.0
    },
    "orientation" : 38
  }, {
    "shape" : "662e54d6-b6d1-4666-847a-9976e2fc3f70",
    "color" : "#FFFFFF",
    "position" : {
      "x" : -3.0652475,
      "y" : 17.944271,
      "z" : -11.09017
    }
  }, {
    "shape" : "8ed3346d-c481-4ffa-a226-416bb384d775",
    "color" : "#DC4C00",
    "position" : {
      "x" : 19.476896,
      "y" : -8.6103325,
      "z" : -0.9472136
    },
    "orientation" : 44
  }, {
    "shape" : "662e54d6-b6d1-4666-847a-9976e2fc3f70",
    "color" : "#FFFFFF",
    "position" : {
      "x" : -2.4798374,
      "y" : 16.997059,
      "z" : 12.622794
    }
  }, {
    "shape" : "662e54d6-b6d1-4666-847a-9976e2fc3f70",
    "color" : "#FFFFFF",
    "position" : {
      "x" : -8.972136,
      "y" : 14.5172205,
      "z" : 5.545085
    }
  }, {
    "shape" : "b33db92a-d4b0-45c3-b80e-8dd5584925fe",
    "color" : "#FFFFFF",
    "position" : {
      "x" : -0.9472136,
      "y" : -19.476896,
      "z" : 8.6103325
    },
    "orientation" : 27
  }, {
    "shape" : "b33db92a-d4b0-45c3-b80e-8dd5584925fe",
    "color" : "#FFFFFF",
    "position" : {
      "x" : 12.622794,
      "y" : 2.4798374,
      "z" : -16.997059
    },
    "orientation" : 18
  }, {
    "shape" : "8ed3346d-c481-4ffa-a226-416bb384d775",
    "color" : "#DC4C00",
    "position" : {
      "x" : 16.997059,
      "y" : -12.622794,
      "z" : 2.4798374
    },
    "orientation" : 47
  }, {
    "shape" : "662e54d6-b6d1-4666-847a-9976e2fc3f70",
    "color" : "#FFFFFF",
    "position" : {
      "x" : 11.09017,
      "y" : 3.0652475,
      "z" : 17.944271
    }
  }, {
    "shape" : "d957bfcc-27e6-4c90-979f-d0a07c1cbf95",
    "color" : "#647100",
    "position" : {
      "x" : 9.557547,
      "y" : -2.4798374,
      "z" : 18.891485
    },
    "orientation" : 20
  }, {
    "shape" : "662e54d6-b6d1-4666-847a-9976e2fc3f70",
    "color" : "#FFFFFF",
    "position" : {
      "x" : 0.0,
      "y" : 0.0,
      "z" : 0.0
    }
  }, {
    "shape" : "d957bfcc-27e6-4c90-979f-d0a07c1cbf95",
    "color" : "#647100",
    "position" : {
      "x" : -3.0652475,
      "y" : 17.944271,
      "z" : -11.09017
    },
    "orientation" : 8
  }, {
    "shape" : "b33db92a-d4b0-45c3-b80e-8dd5584925fe",
    "color" : "#FFFFFF",
    "position" : {
      "x" : 9.557547,
      "y" : -2.4798374,
      "z" : 18.891485
    },
    "orientation" : 24
  }, {
    "shape" : "8ed3346d-c481-4ffa-a226-416bb384d775",
    "color" : "#DC4C00",
    "position" : {
      "x" : 9.557547,
      "y" : -2.4798374,
      "z" : 18.891485
    },
    "orientation" : 23
  }, {
    "shape" : "662e54d6-b6d1-4666-847a-9976e2fc3f70",
    "color" : "#FFFFFF",
    "position" : {
      "x" : 16.411648,
      "y" : -13.570007,
      "z" : -0.9472136
    }
  }, {
    "shape" : "8ed3346d-c481-4ffa-a226-416bb384d775",
    "color" : "#DC4C00",
    "position" : {
      "x" : -8.6103325,
      "y" : -0.9472136,
      "z" : 19.476896
    },
    "orientation" : 58
  }, {
    "shape" : "d957bfcc-27e6-4c90-979f-d0a07c1cbf95",
    "color" : "#647100",
    "position" : {
      "x" : 18.891485,
      "y" : 9.557547,
      "z" : -2.4798374
    },
    "orientation" : 48
  }, {
    "shape" : "d957bfcc-27e6-4c90-979f-d0a07c1cbf95",
    "color" : "#647100",
    "position" : {
      "x" : 16.411648,
      "y" : -13.570007,
      "z" : -0.9472136
    },
    "orientation" : 46
  }, {
    "shape" : "b33db92a-d4b0-45c3-b80e-8dd5584925fe",
    "color" : "#FFFFFF",
    "position" : {
      "x" : 2.4798374,
      "y" : -18.891485,
      "z" : 9.557547
    },
    "orientation" : 11
  }, {
    "shape" : "25e14f66-2634-4402-bdb8-ef7a460ef9c7",
    "color" : "#007695",
    "position" : {
      "x" : -17.944271,
      "y" : -11.09017,
      "z" : 0.0
    },
    "orientation" : 26
  }, {
    "shape" : "662e54d6-b6d1-4666-847a-9976e2fc3f70",
    "color" : "#FFFFFF",
    "position" : {
      "x" : 8.6103325,
      "y" : 0.9472136,
      "z" : 19.476896
    }
  }, {
    "shape" : "b33db92a-d4b0-45c3-b80e-8dd5584925fe",
    "color" : "#FFFFFF",
    "position" : {
      "x" : -12.622794,
      "y" : 2.4798374,
      "z" : 16.997059
    },
    "orientation" : 33
  }, {
    "shape" : "25e14f66-2634-4402-bdb8-ef7a460ef9c7",
    "color" : "#007695",
    "position" : {
      "x" : -11.09017,
      "y" : 0.0,
      "z" : 17.944271
    },
    "orientation" : 22
  }, {
    "shape" : "b33db92a-d4b0-45c3-b80e-8dd5584925fe",
    "color" : "#FFFFFF",
    "position" : {
      "x" : -17.944271,
      "y" : 11.09017,
      "z" : -3.0652475
    },
    "orientation" : 36
  }, {
    "shape" : "b33db92a-d4b0-45c3-b80e-8dd5584925fe",
    "color" : "#FFFFFF",
    "position" : {
      "x" : -19.476896,
      "y" : -8.6103325,
      "z" : 0.9472136
    },
    "orientation" : 59
  }, {
    "shape" : "662e54d6-b6d1-4666-847a-9976e2fc3f70",
    "color" : "#FFFFFF",
    "position" : {
      "x" : 0.0,
      "y" : 0.0,
      "z" : 17.944271
    }
  }, {
    "shape" : "8ed3346d-c481-4ffa-a226-416bb384d775",
    "color" : "#DC4C00",
    "position" : {
      "x" : 12.622794,
      "y" : -2.4798374,
      "z" : 16.997059
    },
    "orientation" : 46
  }, {
    "shape" : "25e14f66-2634-4402-bdb8-ef7a460ef9c7",
    "color" : "#007695",
    "position" : {
      "x" : 17.944271,
      "y" : -11.09017,
      "z" : 0.0
    },
    "orientation" : 7
  }, {
    "shape" : "662e54d6-b6d1-4666-847a-9976e2fc3f70",
    "color" : "#FFFFFF",
    "position" : {
      "x" : 0.0,
      "y" : -17.944271,
      "z" : 11.09017
    }
  }, {
    "shape" : "662e54d6-b6d1-4666-847a-9976e2fc3f70",
    "color" : "#FFFFFF",
    "position" : {
      "x" : 8.6103325,
      "y" : -0.9472136,
      "z" : -19.476896
    }
  }, {
    "shape" : "662e54d6-b6d1-4666-847a-9976e2fc3f70",
    "color" : "#FFFFFF",
    "position" : {
      "x" : 2.4798374,
      "y" : -16.997059,
      "z" : 12.622794
    }
  }, {
    "shape" : "662e54d6-b6d1-4666-847a-9976e2fc3f70",
    "color" : "#FFFFFF",
    "position" : {
      "x" : -5.545085,
      "y" : -8.972136,
      "z" : -14.5172205
    }
  }, {
    "shape" : "662e54d6-b6d1-4666-847a-9976e2fc3f70",
    "color" : "#FFFFFF",
    "position" : {
      "x" : -0.9472136,
      "y" : -19.476896,
      "z" : 8.6103325
    }
  }, {
    "shape" : "662e54d6-b6d1-4666-847a-9976e2fc3f70",
    "color" : "#FFFFFF",
    "position" : {
      "x" : 12.622794,
      "y" : 2.4798374,
      "z" : -16.997059
    }
  }, {
    "shape" : "b33db92a-d4b0-45c3-b80e-8dd5584925fe",
    "color" : "#FFFFFF",
    "position" : {
      "x" : -0.9472136,
      "y" : -16.411648,
      "z" : 13.570007
    },
    "orientation" : 30
  }, {
    "shape" : "25e14f66-2634-4402-bdb8-ef7a460ef9c7",
    "color" : "#007695",
    "position" : {
      "x" : -11.09017,
      "y" : 0.0,
      "z" : 17.944271
    },
    "orientation" : 0
  }, {
    "shape" : "b33db92a-d4b0-45c3-b80e-8dd5584925fe",
    "color" : "#FFFFFF",
    "position" : {
      "x" : 2.4798374,
      "y" : -16.997059,
      "z" : 12.622794
    },
    "orientation" : 35
  }, {
    "shape" : "b33db92a-d4b0-45c3-b80e-8dd5584925fe",
    "color" : "#FFFFFF",
    "position" : {
      "x" : -2.4798374,
      "y" : 18.891485,
      "z" : 9.557547
    },
    "orientation" : 41
  }, {
    "shape" : "8ed3346d-c481-4ffa-a226-416bb384d775",
    "color" : "#DC4C00",
    "position" : {
      "x" : 13.570007,
      "y" : -0.9472136,
      "z" : -16.411648
    },
    "orientation" : 33
  }, {
    "shape" : "25e14f66-2634-4402-bdb8-ef7a460ef9c7",
    "color" : "#007695",
    "position" : {
      "x" : 0.0,
      "y" : -17.944271,
      "z" : 11.09017
    },
    "orientation" : 51
  }, {
    "shape" : "25e14f66-2634-4402-bdb8-ef7a460ef9c7",
    "color" : "#007695",
    "position" : {
      "x" : -17.944271,
      "y" : 11.09017,
      "z" : 0.0
    },
    "orientation" : 16
  }, {
    "shape" : "662e54d6-b6d1-4666-847a-9976e2fc3f70",
    "color" : "#FFFFFF",
    "position" : {
      "x" : 16.997059,
      "y" : -12.622794,
      "z" : 2.4798374
    }
  }, {
    "shape" : "8ed3346d-c481-4ffa-a226-416bb384d775",
    "color" : "#DC4C00",
    "position" : {
      "x" : 16.411648,
      "y" : 13.570007,
      "z" : 0.9472136
    },
    "orientation" : 34
  }, {
    "shape" : "d957bfcc-27e6-4c90-979f-d0a07c1cbf95",
    "color" : "#647100",
    "position" : {
      "x" : -2.4798374,
      "y" : -18.891485,
      "z" : -9.557547
    },
    "orientation" : 49
  }, {
    "shape" : "b33db92a-d4b0-45c3-b80e-8dd5584925fe",
    "color" : "#FFFFFF",
    "position" : {
      "x" : -16.997059,
      "y" : -12.622794,
      "z" : -2.4798374
    },
    "orientation" : 34
  }, {
    "shape" : "b33db92a-d4b0-45c3-b80e-8dd5584925fe",
    "color" : "#FFFFFF",
    "position" : {
      "x" : 18.891485,
      "y" : -9.557547,
      "z" : 2.4798374
    },
    "orientation" : 40
  }, {
    "shape" : "662e54d6-b6d1-4666-847a-9976e2fc3f70",
    "color" : "#FFFFFF",
    "position" : {
      "x" : -5.545085,
      "y" : 8.972136,
      "z" : -14.5172205
    }
  }, {
    "shape" : "662e54d6-b6d1-4666-847a-9976e2fc3f70",
    "color" : "#FFFFFF",
    "position" : {
      "x" : -8.972136,
      "y" : 14.5172205,
      "z" : -5.545085
    }
  }, {
    "shape" : "25e14f66-2634-4402-bdb8-ef7a460ef9c7",
    "color" : "#007695",
    "position" : {
      "x" : 0.0,
      "y" : -17.944271,
      "z" : -11.09017
    },
    "orientation" : 54
  }, {
    "shape" : "25e14f66-2634-4402-bdb8-ef7a460ef9c7",
    "color" : "#007695",
    "position" : {
      "x" : -17.944271,
      "y" : 11.09017,
      "z" : 0.0
    },
    "orientation" : 37
  }, {
    "shape" : "662e54d6-b6d1-4666-847a-9976e2fc3f70",
    "color" : "#FFFFFF",
    "position" : {
      "x" : -8.972136,
      "y" : -14.5172205,
      "z" : 5.545085
    }
  }, {
    "shape" : "b33db92a-d4b0-45c3-b80e-8dd5584925fe",
    "color" : "#FFFFFF",
    "position" : {
      "x" : 8.6103325,
      "y" : 0.9472136,
      "z" : 19.476896
    },
    "orientation" : 43
  }, {
    "shape" : "662e54d6-b6d1-4666-847a-9976e2fc3f70",
    "color" : "#FFFFFF",
    "position" : {
      "x" : -2.4798374,
      "y" : 18.891485,
      "z" : 9.557547
    }
  }, {
    "shape" : "662e54d6-b6d1-4666-847a-9976e2fc3f70",
    "color" : "#FFFFFF",
    "position" : {
      "x" : 18.891485,
      "y" : 9.557547,
      "z" : -2.4798374
    }
  }, {
    "shape" : "b33db92a-d4b0-45c3-b80e-8dd5584925fe",
    "color" : "#FFFFFF",
    "position" : {
      "x" : -11.09017,
      "y" : 3.0652475,
      "z" : -17.944271
    },
    "orientation" : 23
  }, {
    "shape" : "d957bfcc-27e6-4c90-979f-d0a07c1cbf95",
    "color" : "#647100",
    "position" : {
      "x" : -3.0652475,
      "y" : -17.944271,
      "z" : 11.09017
    },
    "orientation" : 23
  }, {
    "shape" : "662e54d6-b6d1-4666-847a-9976e2fc3f70",
    "color" : "#FFFFFF",
    "position" : {
      "x" : -17.944271,
      "y" : 11.09017,
      "z" : 0.0
    }
  }, {
    "shape" : "b33db92a-d4b0-45c3-b80e-8dd5584925fe",
    "color" : "#FFFFFF",
    "position" : {
      "x" : -12.622794,
      "y" : -2.4798374,
      "z" : -16.997059
    },
    "orientation" : 48
  }, {
    "shape" : "d957bfcc-27e6-4c90-979f-d0a07c1cbf95",
    "color" : "#647100",
    "position" : {
      "x" : 12.622794,
      "y" : -2.4798374,
      "z" : 16.997059
    },
    "orientation" : 58
  }, {
    "shape" : "662e54d6-b6d1-4666-847a-9976e2fc3f70",
    "color" : "#FFFFFF",
    "position" : {
      "x" : 17.944271,
      "y" : 11.09017,
      "z" : 3.0652475
    }
  }, {
    "shape" : "8ed3346d-c481-4ffa-a226-416bb384d775",
    "color" : "#DC4C00",
    "position" : {
      "x" : -0.9472136,
      "y" : 16.411648,
      "z" : -13.570007
    },
    "orientation" : 35
  }, {
    "shape" : "662e54d6-b6d1-4666-847a-9976e2fc3f70",
    "color" : "#FFFFFF",
    "position" : {
      "x" : 0.9472136,
      "y" : -16.411648,
      "z" : -13.570007
    }
  }, {
    "shape" : "662e54d6-b6d1-4666-847a-9976e2fc3f70",
    "color" : "#FFFFFF",
    "position" : {
      "x" : -5.545085,
      "y" : -8.972136,
      "z" : 14.5172205
    }
  }, {
    "shape" : "662e54d6-b6d1-4666-847a-9976e2fc3f70",
    "color" : "#FFFFFF",
    "position" : {
      "x" : -14.5172205,
      "y" : -5.545085,
      "z" : -8.972136
    }
  }, {
    "shape" : "8ed3346d-c481-4ffa-a226-416bb384d775",
    "color" : "#DC4C00",
    "position" : {
      "x" : 2.4798374,
      "y" : -16.997059,
      "z" : 12.622794
    },
    "orientation" : 45
  }, {
    "shape" : "25e14f66-2634-4402-bdb8-ef7a460ef9c7",
    "color" : "#007695",
    "position" : {
      "x" : 0.0,
      "y" : -17.944271,
      "z" : 11.09017
    },
    "orientation" : 47
  }, {
    "shape" : "8ed3346d-c481-4ffa-a226-416bb384d775",
    "color" : "#DC4C00",
    "position" : {
      "x" : -16.411648,
      "y" : -13.570007,
      "z" : 0.9472136
    },
    "orientation" : 4
  }, {
    "shape" : "662e54d6-b6d1-4666-847a-9976e2fc3f70",
    "color" : "#FFFFFF",
    "position" : {
      "x" : 3.0652475,
      "y" : -17.944271,
      "z" : -11.09017
    }
  }, {
    "shape" : "25e14f66-2634-4402-bdb8-ef7a460ef9c7",
    "color" : "#007695",
    "position" : {
      "x" : -11.09017,
      "y" : 0.0,
      "z" : -17.944271
    },
    "orientation" : 7
  }, {
    "shape" : "b33db92a-d4b0-45c3-b80e-8dd5584925fe",
    "color" : "#FFFFFF",
    "position" : {
      "x" : -13.570007,
      "y" : -0.9472136,
      "z" : 16.411648
    },
    "orientation" : 31
  }, {
    "shape" : "d957bfcc-27e6-4c90-979f-d0a07c1cbf95",
    "color" : "#647100",
    "position" : {
      "x" : -18.891485,
      "y" : -9.557547,
      "z" : -2.4798374
    },
    "orientation" : 18
  }, {
    "shape" : "662e54d6-b6d1-4666-847a-9976e2fc3f70",
    "color" : "#FFFFFF",
    "position" : {
      "x" : -0.9472136,
      "y" : 16.411648,
      "z" : -13.570007
    }
  }, {
    "shape" : "8ed3346d-c481-4ffa-a226-416bb384d775",
    "color" : "#DC4C00",
    "position" : {
      "x" : -13.570007,
      "y" : -0.9472136,
      "z" : 16.411648
    },
    "orientation" : 18
  }, {
    "shape" : "b33db92a-d4b0-45c3-b80e-8dd5584925fe",
    "color" : "#FFFFFF",
    "position" : {
      "x" : -3.0652475,
      "y" : -17.944271,
      "z" : 11.09017
    },
    "orientation" : 22
  }, {
    "shape" : "25e14f66-2634-4402-bdb8-ef7a460ef9c7",
    "color" : "#007695",
    "position" : {
      "x" : 11.09017,
      "y" : 0.0,
      "z" : -17.944271
    },
    "orientation" : 37
  }, {
    "shape" : "662e54d6-b6d1-4666-847a-9976e2fc3f70",
    "color" : "#FFFFFF",
    "position" : {
      "x" : 14.5172205,
      "y" : -5.545085,
      "z" : -8.972136
    }
  }, {
    "shape" : "25e14f66-2634-4402-bdb8-ef7a460ef9c7",
    "color" : "#007695",
    "position" : {
      "x" : 11.09017,
      "y" : 0.0,
      "z" : -17.944271
    },
    "orientation" : 51
  }, {
    "shape" : "b33db92a-d4b0-45c3-b80e-8dd5584925fe",
    "color" : "#FFFFFF",
    "position" : {
      "x" : 0.9472136,
      "y" : 16.411648,
      "z" : 13.570007
    },
    "orientation" : 0
  }, {
    "shape" : "662e54d6-b6d1-4666-847a-9976e2fc3f70",
    "color" : "#FFFFFF",
    "position" : {
      "x" : 11.09017,
      "y" : 0.0,
      "z" : 17.944271
    }
  }, {
    "shape" : "8ed3346d-c481-4ffa-a226-416bb384d775",
    "color" : "#DC4C00",
    "position" : {
      "x" : -9.557547,
      "y" : -2.4798374,
      "z" : -18.891485
    },
    "orientation" : 38
  }, {
    "shape" : "25e14f66-2634-4402-bdb8-ef7a460ef9c7",
    "color" : "#007695",
    "position" : {
      "x" : 17.944271,
      "y" : -11.09017,
      "z" : 0.0
    },
    "orientation" : 55
  }, {
    "shape" : "b33db92a-d4b0-45c3-b80e-8dd5584925fe",
    "color" : "#FFFFFF",
    "position" : {
      "x" : 13.570007,
      "y" : 0.9472136,
      "z" : 16.411648
    },
    "orientation" : 1
  }, {
    "shape" : "662e54d6-b6d1-4666-847a-9976e2fc3f70",
    "color" : "#FFFFFF",
    "position" : {
      "x" : -14.5172205,
      "y" : -5.545085,
      "z" : 8.972136
    }
  }, {
    "shape" : "d957bfcc-27e6-4c90-979f-d0a07c1cbf95",
    "color" : "#647100",
    "position" : {
      "x" : -12.622794,
      "y" : 2.4798374,
      "z" : 16.997059
    },
    "orientation" : 28
  }, {
    "shape" : "8ed3346d-c481-4ffa-a226-416bb384d775",
    "color" : "#DC4C00",
    "position" : {
      "x" : -2.4798374,
      "y" : 16.997059,
      "z" : 12.622794
    },
    "orientation" : 15
  }, {
    "shape" : "b33db92a-d4b0-45c3-b80e-8dd5584925fe",
    "color" : "#FFFFFF",
    "position" : {
      "x" : -9.557547,
      "y" : 2.4798374,
      "z" : 18.891485
    },
    "orientation" : 54
  }, {
    "shape" : "b33db92a-d4b0-45c3-b80e-8dd5584925fe",
    "color" : "#FFFFFF",
    "position" : {
      "x" : 19.476896,
      "y" : 8.6103325,
      "z" : 0.9472136
    },
    "orientation" : 29
  }, {
    "shape" : "662e54d6-b6d1-4666-847a-9976e2fc3f70",
    "color" : "#FFFFFF",
    "position" : {
      "x" : -11.09017,
      "y" : -3.0652475,
      "z" : 17.944271
    }
  }, {
    "shape" : "662e54d6-b6d1-4666-847a-9976e2fc3f70",
    "color" : "#FFFFFF",
    "position" : {
      "x" : 17.944271,
      "y" : -11.09017,
      "z" : 0.0
    }
  }, {
    "shape" : "662e54d6-b6d1-4666-847a-9976e2fc3f70",
    "color" : "#FFFFFF",
    "position" : {
      "x" : 18.891485,
      "y" : -9.557547,
      "z" : 2.4798374
    }
  }, {
    "shape" : "8ed3346d-c481-4ffa-a226-416bb384d775",
    "color" : "#DC4C00",
    "position" : {
      "x" : 11.09017,
      "y" : -3.0652475,
      "z" : -17.944271
    },
    "orientation" : 54
  }, {
    "shape" : "d957bfcc-27e6-4c90-979f-d0a07c1cbf95",
    "color" : "#647100",
    "position" : {
      "x" : -2.4798374,
      "y" : -16.997059,
      "z" : -12.622794
    },
    "orientation" : 12
  }, {
    "shape" : "662e54d6-b6d1-4666-847a-9976e2fc3f70",
    "color" : "#FFFFFF",
    "position" : {
      "x" : 14.5172205,
      "y" : 5.545085,
      "z" : -8.972136
    }
  }, {
    "shape" : "662e54d6-b6d1-4666-847a-9976e2fc3f70",
    "color" : "#FFFFFF",
    "position" : {
      "x" : -11.09017,
      "y" : 0.0,
      "z" : -17.944271
    }
  }, {
    "shape" : "8ed3346d-c481-4ffa-a226-416bb384d775",
    "color" : "#DC4C00",
    "position" : {
      "x" : 18.891485,
      "y" : -9.557547,
      "z" : 2.4798374
    },
    "orientation" : 36
  }, {
    "shape" : "662e54d6-b6d1-4666-847a-9976e2fc3f70",
    "color" : "#FFFFFF",
    "position" : {
      "x" : -17.944271,
      "y" : 11.09017,
      "z" : -3.0652475
    }
  }, {
    "shape" : "662e54d6-b6d1-4666-847a-9976e2fc3f70",
    "color" : "#FFFFFF",
    "position" : {
      "x" : 8.972136,
      "y" : 14.5172205,
      "z" : 5.545085
    }
  }, {
    "shape" : "d957bfcc-27e6-4c90-979f-d0a07c1cbf95",
    "color" : "#647100",
    "position" : {
      "x" : -0.9472136,
      "y" : -19.476896,
      "z" : 8.6103325
    },
    "orientation" : 9
  }, {
    "shape" : "d957bfcc-27e6-4c90-979f-d0a07c1cbf95",
    "color" : "#647100",
    "position" : {
      "x" : 9.557547,
      "y" : 2.4798374,
      "z" : -18.891485
    },
    "orientation" : 5
  }, {
    "shape" : "b33db92a-d4b0-45c3-b80e-8dd5584925fe",
    "color" : "#FFFFFF",
    "position" : {
      "x" : 0.9472136,
      "y" : 19.476896,
      "z" : 8.6103325
    },
    "orientation" : 57
  }, {
    "shape" : "662e54d6-b6d1-4666-847a-9976e2fc3f70",
    "color" : "#FFFFFF",
    "position" : {
      "x" : -11.09017,
      "y" : 0.0,
      "z" : 17.944271
    }
  }, {
    "shape" : "8ed3346d-c481-4ffa-a226-416bb384d775",
    "color" : "#DC4C00",
    "position" : {
      "x" : -11.09017,
      "y" : -3.0652475,
      "z" : 17.944271
    },
    "orientation" : 9
  }, {
    "shape" : "25e14f66-2634-4402-bdb8-ef7a460ef9c7",
    "color" : "#007695",
    "position" : {
      "x" : -11.09017,
      "y" : 0.0,
      "z" : 17.944271
    },
    "orientation" : 55
  }, {
    "shape" : "662e54d6-b6d1-4666-847a-9976e2fc3f70",
    "color" : "#FFFFFF",
    "position" : {
      "x" : 2.4798374,
      "y" : 16.997059,
      "z" : -12.622794
    }
  }, {
    "shape" : "662e54d6-b6d1-4666-847a-9976e2fc3f70",
    "color" : "#FFFFFF",
    "position" : {
      "x" : 19.476896,
      "y" : -8.6103325,
      "z" : -0.9472136
    }
  }, {
    "shape" : "662e54d6-b6d1-4666-847a-9976e2fc3f70",
    "color" : "#FFFFFF",
    "position" : {
      "x" : 3.0652475,
      "y" : 17.944271,
      "z" : 11.09017
    }
  }, {
    "shape" : "8ed3346d-c481-4ffa-a226-416bb384d775",
    "color" : "#DC4C00",
    "position" : {
      "x" : -17.944271,
      "y" : 11.09017,
      "z" : -3.0652475
    },
    "orientation" : 40
  }, {
    "shape" : "b33db92a-d4b0-45c3-b80e-8dd5584925fe",
    "color" : "#FFFFFF",
