{
  "polygons" : "true",
  "field" : "sqrtPhi",
  "symmetry" : "icosahedral",
  "orientations" : [ [ 1.0, 0.0, 0.0, 0.0, 0.0, 1.0, 0.0, 0.0, 0.0, 0.0, 1.0, 0.0, 0.0, 0.0, 0.0, 1.0 ], [ 0.0, 0.0, 1.0, 0.0, 1.0, 0.0, 0.0, 0.0, 0.0, 1.0, 0.0, 0.0, 0.0, 0.0, 0.0, 1.0 ], [ 0.0, 1.0, 0.0, 0.0, 0.0, 0.0, 1.0, 0.0, 1.0, 0.0, 0.0, 0.0, 0.0, 0.0, 0.0, 1.0 ], [ 0.809017, 0.309017, 0.5, 0.0, 0.309017, 0.5, -0.809017, 0.0, -0.5, 0.809017, 0.309017, 0.0, 0.0, 0.0, 0.0, 1.0 ], [ -0.5, 0.809017, 0.309017, 0.0, 0.809017, 0.309017, 0.5, 0.0, 0.309017, 0.5, -0.809017, 0.0, 0.0, 0.0, 0.0, 1.0 ], [ 0.309017, 0.5, -0.809017, 0.0, -0.5, 0.809017, 0.309017, 0.0, 0.809017, 0.309017, 0.5, 0.0, 0.0, 0.0, 0.0, 1.0 ], [ 0.5, 0.809017, 0.309017, 0.0, 0.809017, -0.309017, -0.5, 0.0, -0.309017, 0.5, -0.809017, 0.0, 0.0, 0.0, 0.0, 1.0 ], [ -0.309017, 0.5, -0.809017, 0.0, 0.5, 0.809017, 0.309017, 0.0, 0.809017, -0.309017, -0.5, 0.0, 0.0, 0.0, 0.0, 1.0 ], [ 0.809017, -0.309017, -0.5, 0.0, -0.309017, 0.5, -0.809017, 0.0, 0.5, 0.809017, 0.309017, 0.0, 0.0, 0.0, 0.0, 1.0 ], [ 0.5, 0.809017, -0.309017, 0.0, 0.809017, -0.309017, 0.5, 0.0, 0.309017, -0.5, -0.809017, 0.0, 0.0, 0.0, 0.0, 1.0 ], [ 0.309017, -0.5, -0.809017, 0.0, 0.5, 0.809017, -0.309017, 0.0, 0.809017, -0.309017, 0.5, 0.0, 0.0, 0.0, 0.0, 1.0 ], [ 0.809017, -0.309017, 0.5, 0.0, 0.309017, -0.5, -0.809017, 0.0, 0.5, 0.809017, -0.309017, 0.0, 0.0, 0.0, 0.0, 1.0 ], [ 0.809017, 0.309017, -0.5, 0.0, 0.309017, 0.5, 0.809017, 0.0, 0.5, -0.809017, 0.309017, 0.0, 0.0, 0.0, 0.0, 1.0 ], [ 0.5, -0.809017, 0.309017, 0.0, 0.809017, 0.309017, -0.5, 0.0, 0.309017, 0.5, 0.809017, 0.0, 0.0, 0.0, 0.0, 1.0 ], [ 0.309017, 0.5, 0.809017, 0.0, 0.5, -0.809017, 0.309017, 0.0, 0.809017, 0.309017, -0.5, 0.0, 0.0, 0.0, 0.0, 1.0 ], [ 1.0, 0.0, 0.0, 0.0, 0.0, -1.0, 0.0, 0.0, 0.0, 0.0, -1.0, 0.0, 0.0, 0.0, 0.0, 1.0 ], [ 0.0, 0.0, 1.0, 0.0, -1.0, 0.0, 0.0, 0.0, 0.0, -1.0, 0.0, 0.0, 0.0, 0.0, 0.0, 1.0 ], [ 0.0, 1.0, 0.0, 0.0, 0.0, 0.0, -1.0, 0.0, -1.0, 0.0, 0.0, 0.0, 0.0, 0.0, 0.0, 1.0 ], [ 0.809017, 0.309017, 0.5, 0.0, -0.309017, -0.5, 0.809017, 0.0, 0.5, -0.809017, -0.309017, 0.0, 0.0, 0.0, 0.0, 1.0 ], [ -0.5, 0.809017, 0.309017, 0.0, -0.809017, -0.309017, -0.5, 0.0, -0.309017, -0.5, 0.809017, 0.0, 0.0, 0.0, 0.0, 1.0 ], [ 0.309017, 0.5, -0.809017, 0.0, 0.5, -0.809017, -0.309017, 0.0, -0.809017, -0.309017, -0.5, 0.0, 0.0, 0.0, 0.0, 1.0 ], [ 0.5, 0.809017, 0.309017, 0.0, -0.809017, 0.309017, 0.5, 0.0, 0.309017, -0.5, 0.809017, 0.0, 0.0, 0.0, 0.0, 1.0 ], [ -0.309017, 0.5, -0.809017, 0.0, -0.5, -0.809017, -0.309017, 0.0, -0.809017, 0.309017, 0.5, 0.0, 0.0, 0.0, 0.0, 1.0 ], [ 0.809017, -0.309017, -0.5, 0.0, 0.309017, -0.5, 0.809017, 0.0, -0.5, -0.809017, -0.309017, 0.0, 0.0, 0.0, 0.0, 1.0 ], [ 0.5, 0.809017, -0.309017, 0.0, -0.809017, 0.309017, -0.5, 0.0, -0.309017, 0.5, 0.809017, 0.0, 0.0, 0.0, 0.0, 1.0 ], [ 0.309017, -0.5, -0.809017, 0.0, -0.5, -0.809017, 0.309017, 0.0, -0.809017, 0.309017, -0.5, 0.0, 0.0, 0.0, 0.0, 1.0 ], [ 0.809017, -0.309017, 0.5, 0.0, -0.309017, 0.5, 0.809017, 0.0, -0.5, -0.809017, 0.309017, 0.0, 0.0, 0.0, 0.0, 1.0 ], [ 0.809017, 0.309017, -0.5, 0.0, -0.309017, -0.5, -0.809017, 0.0, -0.5, 0.809017, -0.309017, 0.0, 0.0, 0.0, 0.0, 1.0 ], [ 0.5, -0.809017, 0.309017, 0.0, -0.809017, -0.309017, 0.5, 0.0, -0.309017, -0.5, -0.809017, 0.0, 0.0, 0.0, 0.0, 1.0 ], [ 0.309017, 0.5, 0.809017, 0.0, -0.5, 0.809017, -0.309017, 0.0, -0.809017, -0.309017, 0.5, 0.0, 0.0, 0.0, 0.0, 1.0 ], [ -1.0, 0.0, 0.0, 0.0, 0.0, -1.0, 0.0, 0.0, 0.0, 0.0, 1.0, 0.0, 0.0, 0.0, 0.0, 1.0 ], [ 0.0, 0.0, -1.0, 0.0, -1.0, 0.0, 0.0, 0.0, 0.0, 1.0, 0.0, 0.0, 0.0, 0.0, 0.0, 1.0 ], [ 0.0, -1.0, 0.0, 0.0, 0.0, 0.0, -1.0, 0.0, 1.0, 0.0, 0.0, 0.0, 0.0, 0.0, 0.0, 1.0 ], [ -0.809017, -0.309017, -0.5, 0.0, -0.309017, -0.5, 0.809017, 0.0, -0.5, 0.809017, 0.309017, 0.0, 0.0, 0.0, 0.0, 1.0 ], [ 0.5, -0.809017, -0.309017, 0.0, -0.809017, -0.309017, -0.5, 0.0, 0.309017, 0.5, -0.809017, 0.0, 0.0, 0.0, 0.0, 1.0 ], [ -0.309017, -0.5, 0.809017, 0.0, 0.5, -0.809017, -0.309017, 0.0, 0.809017, 0.309017, 0.5, 0.0, 0.0, 0.0, 0.0, 1.0 ], [ -0.5, -0.809017, -0.309017, 0.0, -0.809017, 0.309017, 0.5, 0.0, -0.309017, 0.5, -0.809017, 0.0, 0.0, 0.0, 0.0, 1.0 ], [ 0.309017, -0.5, 0.809017, 0.0, -0.5, -0.809017, -0.309017, 0.0, 0.809017, -0.309017, -0.5, 0.0, 0.0, 0.0, 0.0, 1.0 ], [ -0.809017, 0.309017, 0.5, 0.0, 0.309017, -0.5, 0.809017, 0.0, 0.5, 0.809017, 0.309017, 0.0, 0.0, 0.0, 0.0, 1.0 ], [ -0.5, -0.809017, 0.309017, 0.0, -0.809017, 0.309017, -0.5, 0.0, 0.309017, -0.5, -0.809017, 0.0, 0.0, 0.0, 0.0, 1.0 ], [ -0.309017, 0.5, 0.809017, 0.0, -0.5, -0.809017, 0.309017, 0.0, 0.809017, -0.309017, 0.5, 0.0, 0.0, 0.0, 0.0, 1.0 ], [ -0.809017, 0.309017, -0.5, 0.0, -0.309017, 0.5, 0.809017, 0.0, 0.5, 0.809017, -0.309017, 0.0, 0.0, 0.0, 0.0, 1.0 ], [ -0.809017, -0.309017, 0.5, 0.0, -0.309017, -0.5, -0.809017, 0.0, 0.5, -0.809017, 0.309017, 0.0, 0.0, 0.0, 0.0, 1.0 ], [ -0.5, 0.809017, -0.309017, 0.0, -0.809017, -0.309017, 0.5, 0.0, 0.309017, 0.5, 0.809017, 0.0, 0.0, 0.0, 0.0, 1.0 ], [ -0.309017, -0.5, -0.809017, 0.0, -0.5, 0.809017, -0.309017, 0.0, 0.809017, 0.309017, -0.5, 0.0, 0.0, 0.0, 0.0, 1.0 ], [ -1.0, 0.0, 0.0, 0.0, 0.0, 1.0, 0.0, 0.0, 0.0, 0.0, -1.0, 0.0, 0.0, 0.0, 0.0, 1.0 ], [ 0.0, 0.0, -1.0, 0.0, 1.0, 0.0, 0.0, 0.0, 0.0, -1.0, 0.0, 0.0, 0.0, 0.0, 0.0, 1.0 ], [ 0.0, -1.0, 0.0, 0.0, 0.0, 0.0, 1.0, 0.0, -1.0, 0.0, 0.0, 0.0, 0.0, 0.0, 0.0, 1.0 ], [ -0.809017, -0.309017, -0.5, 0.0, 0.309017, 0.5, -0.809017, 0.0, 0.5, -0.809017, -0.309017, 0.0, 0.0, 0.0, 0.0, 1.0 ], [ 0.5, -0.809017, -0.309017, 0.0, 0.809017, 0.309017, 0.5, 0.0, -0.309017, -0.5, 0.809017, 0.0, 0.0, 0.0, 0.0, 1.0 ], [ -0.309017, -0.5, 0.809017, 0.0, -0.5, 0.809017, 0.309017, 0.0, -0.809017, -0.309017, -0.5, 0.0, 0.0, 0.0, 0.0, 1.0 ], [ -0.5, -0.809017, -0.309017, 0.0, 0.809017, -0.309017, -0.5, 0.0, 0.309017, -0.5, 0.809017, 0.0, 0.0, 0.0, 0.0, 1.0 ], [ 0.309017, -0.5, 0.809017, 0.0, 0.5, 0.809017, 0.309017, 0.0, -0.809017, 0.309017, 0.5, 0.0, 0.0, 0.0, 0.0, 1.0 ], [ -0.809017, 0.309017, 0.5, 0.0, -0.309017, 0.5, -0.809017, 0.0, -0.5, -0.809017, -0.309017, 0.0, 0.0, 0.0, 0.0, 1.0 ], [ -0.5, -0.809017, 0.309017, 0.0, 0.809017, -0.309017, 0.5, 0.0, -0.309017, 0.5, 0.809017, 0.0, 0.0, 0.0, 0.0, 1.0 ], [ -0.309017, 0.5, 0.809017, 0.0, 0.5, 0.809017, -0.309017, 0.0, -0.809017, 0.309017, -0.5, 0.0, 0.0, 0.0, 0.0, 1.0 ], [ -0.809017, 0.309017, -0.5, 0.0, 0.309017, -0.5, -0.809017, 0.0, -0.5, -0.809017, 0.309017, 0.0, 0.0, 0.0, 0.0, 1.0 ], [ -0.809017, -0.309017, 0.5, 0.0, 0.309017, 0.5, 0.809017, 0.0, -0.5, 0.809017, -0.309017, 0.0, 0.0, 0.0, 0.0, 1.0 ], [ -0.5, 0.809017, -0.309017, 0.0, 0.809017, 0.309017, -0.5, 0.0, -0.309017, -0.5, -0.809017, 0.0, 0.0, 0.0, 0.0, 1.0 ], [ -0.309017, -0.5, -0.809017, 0.0, 0.5, -0.809017, 0.309017, 0.0, -0.809017, -0.309017, 0.5, 0.0, 0.0, 0.0, 0.0, 1.0 ] ],
  "lights" : {
    "ambientColor" : "#292929",
    "backgroundColor" : "#AFC8DC",
    "directionalLights" : [ {
      "direction" : [ 1.0, -1.0, -1.0 ],
      "color" : "#EBEBE4"
    }, {
      "direction" : [ -1.0, 0.0, 0.0 ],
      "color" : "#E4E4EB"
    }, {
      "direction" : [ 0.0, 0.0, -1.0 ],
      "color" : "#1E1E1E"
    } ]
  },
  "camera" : {
    "lookAtPoint" : {
      "x" : 0.0,
      "y" : 0.0,
      "z" : 0.0
    },
    "lookDirection" : {
      "x" : -0.019699506,
      "y" : -0.009649419,
      "z" : -0.99975824
    },
    "upDirection" : {
      "x" : -0.0056097303,
      "y" : 0.9999388,
      "z" : -0.009542829
    },
    "nearClipDistance" : 0.31899348,
    "farClipDistance" : 255.19531,
    "perspective" : true,
    "lookAtPointRV" : {
      "x" : 0.0,
      "y" : 0.0,
      "z" : 0.0,
      "zero" : true
    },
    "upDirectionRV" : {
      "x" : -0.0056097303,
      "y" : 0.9999388,
      "z" : -0.009542829,
      "zero" : false
    },
    "lookDirectionRV" : {
      "x" : -0.019699506,
      "y" : -0.009649419,
      "z" : -0.99975824,
      "zero" : false
    },
    "viewDistance" : 127.59733,
    "fieldOfView" : 0.44262993,
    "stereo" : false,
    "width" : 57.418938,
    "position" : {
      "x" : 2.5136044,
      "y" : 1.2312402,
      "z" : 127.56648
    }
  },
  "embedding" : [ 1.0, 0.0, 0.0, 0.0, 0.0, 1.0, 0.0, 0.0, 0.0, 0.0, 1.0, 0.0, 0.0, 0.0, 0.0, 1.0 ],
  "shapes" : [ {
    "id" : "0681c549-d19c-4568-b7e5-e9e45aff3032",
    "name" : "ball",
    "vertices" : [ {
      "x" : -0.3465678,
      "y" : -0.21419069,
      "z" : 0.0
    }, {
      "x" : -0.3465678,
      "y" : 0.21419069,
      "z" : 0.0
    }, {
      "x" : -0.21419069,
      "y" : 0.0,
      "z" : -0.3465678
    }, {
      "x" : -0.21419069,
      "y" : 0.0,
      "z" : 0.3465678
    }, {
      "x" : 0.0,
      "y" : -0.3465678,
      "z" : -0.21419069
    }, {
      "x" : 0.0,
      "y" : -0.3465678,
      "z" : 0.21419069
    }, {
      "x" : 0.0,
      "y" : 0.3465678,
      "z" : -0.21419069
    }, {
      "x" : 0.0,
      "y" : 0.3465678,
      "z" : 0.21419069
    }, {
      "x" : 0.21419069,
      "y" : 0.0,
      "z" : -0.3465678
    }, {
      "x" : 0.21419069,
      "y" : 0.0,
      "z" : 0.3465678
    }, {
      "x" : 0.3465678,
      "y" : -0.21419069,
      "z" : 0.0
    }, {
      "x" : 0.3465678,
      "y" : 0.21419069,
      "z" : 0.0
    } ],
    "faces" : [ {
      "vertices" : [ 0, 1, 2 ]
    }, {
      "vertices" : [ 0, 3, 1 ]
    }, {
      "vertices" : [ 0, 2, 4 ]
    }, {
      "vertices" : [ 0, 5, 3 ]
    }, {
      "vertices" : [ 0, 4, 5 ]
    }, {
      "vertices" : [ 1, 6, 2 ]
    }, {
      "vertices" : [ 1, 3, 7 ]
    }, {
      "vertices" : [ 1, 7, 6 ]
    }, {
      "vertices" : [ 2, 8, 4 ]
    }, {
      "vertices" : [ 2, 6, 8 ]
    }, {
      "vertices" : [ 3, 5, 9 ]
    }, {
      "vertices" : [ 3, 9, 7 ]
    }, {
      "vertices" : [ 4, 10, 5 ]
    }, {
      "vertices" : [ 4, 8, 10 ]
    }, {
      "vertices" : [ 5, 10, 9 ]
    }, {
      "vertices" : [ 6, 7, 11 ]
    }, {
      "vertices" : [ 6, 11, 8 ]
    }, {
      "vertices" : [ 7, 9, 11 ]
    }, {
      "vertices" : [ 8, 11, 10 ]
    }, {
      "vertices" : [ 9, 10, 11 ]
    } ]
  }, {
    "id" : "03266d82-f3ac-4dcc-80b7-ec58305e0eba",
    "orbit" : "blue",
    "orbitC" : "[[0,0,0,0,1],[0,0,0,0,1]]",
    "length" : "[1,-1,1,0,1]",
    "name" : " :1 -sqrt(phi) +phi",
    "vertices" : [ {
      "x" : 0.42838138,
      "y" : 0.0,
      "z" : 0.0
    }, {
      "x" : 1.121517,
      "y" : -0.3465678,
      "z" : -0.21419069
    }, {
      "x" : 1.121517,
      "y" : -0.3465678,
      "z" : 0.21419069
    }, {
      "x" : 1.121517,
      "y" : 0.3465678,
      "z" : -0.21419069
    }, {
      "x" : 1.121517,
      "y" : 0.3465678,
      "z" : 0.21419069
    }, {
      "x" : 4.4191384,
      "y" : -0.3465678,
      "z" : -0.21419069
    }, {
      "x" : 4.4191384,
      "y" : -0.3465678,
      "z" : 0.21419069
    }, {
      "x" : 4.4191384,
      "y" : 0.3465678,
      "z" : -0.21419069
    }, {
      "x" : 4.4191384,
      "y" : 0.3465678,
      "z" : 0.21419069
    }, {
      "x" : 5.112274,
      "y" : 0.0,
      "z" : 0.0
    }, {
      "x" : 5.5406556,
      "y" : 0.0,
      "z" : 0.0
    } ],
    "faces" : [ {
      "vertices" : [ 1, 3, 7, 5 ]
    }, {
      "vertices" : [ 0, 1, 2 ]
    }, {
      "vertices" : [ 0, 3, 1 ]
    }, {
      "vertices" : [ 5, 9, 6 ]
    }, {
      "vertices" : [ 2, 6, 8, 4 ]
    }, {
      "vertices" : [ 5, 7, 9 ]
    }, {
      "vertices" : [ 0, 2, 4 ]
    }, {
      "vertices" : [ 3, 4, 8, 7 ]
    }, {
      "vertices" : [ 0, 4, 3 ]
    }, {
      "vertices" : [ 6, 9, 8 ]
    }, {
      "vertices" : [ 7, 8, 9 ]
    }, {
      "vertices" : [ 1, 5, 6, 2 ]
    } ]
  }, {
    "id" : "9ebfa32e-960b-4aa0-8a26-3b81c3a0660d",
    "vertices" : [ {
      "x" : 0.0,
      "y" : 0.0,
      "z" : 0.0
    }, {
      "x" : -3.3301907,
      "y" : -5.388362,
      "z" : 2.058171
    }, {
      "x" : -4.236068,
      "y" : -1.618034,
      "z" : -0.31344652
    } ],
    "faces" : [ {
      "vertices" : [ 0, 1, 2 ]
    }, {
      "vertices" : [ 0, 2, 1 ]
    } ]
  }, {
    "id" : "05e35754-c9b4-42c6-9943-cb9499eba8c6",
    "vertices" : [ {
      "x" : 0.0,
      "y" : 0.0,
      "z" : 0.0
    }, {
      "x" : -10.184293,
      "y" : -8.006395,
      "z" : -4.4824843
    }, {
      "x" : -6.6603813,
      "y" : -5.236068,
      "z" : -17.437105
    }, {
      "x" : 3.5239112,
      "y" : 2.7703278,
      "z" : -12.95462
    } ],
    "faces" : [ {
      "vertices" : [ 0, 1, 2, 3 ]
    }, {
      "vertices" : [ 0, 3, 2, 1 ]
    } ]
  }, {
    "id" : "19e94c57-628a-42f7-b937-ec934945a2e4",
    "vertices" : [ {
      "x" : 0.0,
      "y" : 0.0,
      "z" : 0.0
    }, {
      "x" : 0.0,
      "y" : 0.0,
      "z" : -2.3045874
    }, {
      "x" : 0.0,
      "y" : 6.6603813,
      "z" : -2.3045874
    }, {
      "x" : 0.0,
      "y" : 6.6603813,
      "z" : 0.0
    } ],
    "faces" : [ {
      "vertices" : [ 0, 1, 2, 3 ]
    }, {
      "vertices" : [ 0, 3, 2, 1 ]
    } ]
  }, {
    "id" : "5b6f9e36-e33e-496c-a78f-1db0105db257",
    "vertices" : [ {
      "x" : 0.0,
      "y" : 0.0,
      "z" : 0.0
    }, {
      "x" : -3.0837743,
      "y" : 0.24641642,
      "z" : 3.3301907
    }, {
      "x" : -1.4657402,
      "y" : 0.559863,
      "z" : -0.9058773
    } ],
    "faces" : [ {
      "vertices" : [ 0, 1, 2 ]
    }, {
      "vertices" : [ 0, 2, 1 ]
    } ]
  }, {
    "id" : "731ce05f-a646-40d8-915c-f33982ecfbc3",
    "vertices" : [ {
      "x" : 0.0,
      "y" : 0.0,
      "z" : 0.0
    }, {
      "x" : 1.1522937,
      "y" : -1.8644505,
      "z" : -0.7121567
    }, {
      "x" : 1.7121567,
      "y" : -2.7703278,
      "z" : -2.177897
    }, {
      "x" : 1.7121567,
      "y" : -2.7703278,
      "z" : -4.4824843
    }, {
      "x" : 1.1522937,
      "y" : -1.8644505,
      "z" : -5.9482245
    }, {
      "x" : 0.0,
      "y" : 0.0,
      "z" : -6.6603813
    }, {
      "x" : -0.9058773,
      "y" : 1.4657402,
      "z" : -6.100518
    }, {
      "x" : -1.618034,
      "y" : 2.618034,
      "z" : -4.236068
    }, {
      "x" : -1.618034,
      "y" : 2.618034,
      "z" : -2.4243133
    }, {
      "x" : -0.9058773,
      "y" : 1.4657402,
      "z" : -0.559863
    } ],
    "faces" : [ {
      "vertices" : [ 0, 1, 2, 3, 4, 5, 6, 7, 8, 9 ]
    }, {
      "vertices" : [ 0, 9, 8, 7, 6, 5, 4, 3, 2, 1 ]
    } ]
  }, {
    "id" : "ff390ad8-708e-4c75-a56c-3aae709d2772",
    "orbit" : "blue",
    "orbitC" : "[[0,0,0,0,1],[0,0,0,0,1]]",
    "length" : "[-1,0,0,1,1]",
    "name" : " :-1 +phi*sqrt(phi)",
    "vertices" : [ {
      "x" : 0.42838138,
      "y" : 0.0,
      "z" : 0.0
    }, {
      "x" : 1.121517,
      "y" : -0.3465678,
      "z" : -0.21419069
    }, {
      "x" : 1.121517,
      "y" : -0.3465678,
      "z" : 0.21419069
    }, {
      "x" : 1.121517,
      "y" : 0.3465678,
      "z" : -0.21419069
    }, {
      "x" : 1.121517,
      "y" : 0.3465678,
      "z" : 0.21419069
    }, {
      "x" : 3.234277,
      "y" : -0.3465678,
      "z" : -0.21419069
    }, {
      "x" : 3.234277,
      "y" : -0.3465678,
      "z" : 0.21419069
    }, {
      "x" : 3.234277,
      "y" : 0.3465678,
      "z" : -0.21419069
    }, {
      "x" : 3.234277,
      "y" : 0.3465678,
      "z" : 0.21419069
    }, {
      "x" : 3.9274125,
      "y" : 0.0,
      "z" : 0.0
    }, {
      "x" : 4.355794,
      "y" : 0.0,
      "z" : 0.0
    } ],
    "faces" : [ {
      "vertices" : [ 1, 3, 7, 5 ]
    }, {
      "vertices" : [ 0, 1, 2 ]
    }, {
      "vertices" : [ 0, 3, 1 ]
    }, {
      "vertices" : [ 5, 9, 6 ]
    }, {
      "vertices" : [ 2, 6, 8, 4 ]
    }, {
      "vertices" : [ 5, 7, 9 ]
    }, {
      "vertices" : [ 0, 2, 4 ]
    }, {
      "vertices" : [ 3, 4, 8, 7 ]
    }, {
      "vertices" : [ 0, 4, 3 ]
    }, {
      "vertices" : [ 6, 9, 8 ]
    }, {
      "vertices" : [ 7, 8, 9 ]
    }, {
      "vertices" : [ 1, 5, 6, 2 ]
    } ]
  }, {
    "id" : "814babb0-afdb-49ed-9640-366a1b03555c",
    "vertices" : [ {
      "x" : 0.0,
      "y" : 0.0,
      "z" : 0.0
    }, {
      "x" : 3.5239112,
      "y" : 2.7703278,
      "z" : 12.95462
    }, {
      "x" : -6.6603813,
      "y" : -5.236068,
      "z" : 17.437105
    }, {
      "x" : -10.184293,
      "y" : -8.006395,
      "z" : 4.4824843
    } ],
    "faces" : [ {
      "vertices" : [ 0, 1, 2, 3 ]
    }, {
      "vertices" : [ 0, 3, 2, 1 ]
    } ]
  }, {
    "id" : "a985b719-2f12-4628-9429-58a10b07bbae",
    "vertices" : [ {
      "x" : 0.0,
      "y" : 0.0,
      "z" : 0.0
    }, {
      "x" : -0.559863,
      "y" : 0.9058773,
      "z" : -1.4657402
    }, {
      "x" : -1.7121567,
      "y" : 2.7703278,
      "z" : -2.177897
    }, {
      "x" : -2.618034,
      "y" : 4.236068,
      "z" : -1.618034
    }, {
      "x" : -3.3301907,
      "y" : 5.388362,
      "z" : 0.24641642
    }, {
      "x" : -3.3301907,
      "y" : 5.388362,
      "z" : 2.058171
    }, {
      "x" : -2.618034,
      "y" : 4.236068,
      "z" : 3.9226215
    }, {
      "x" : -1.7121567,
      "y" : 2.7703278,
      "z" : 4.4824843
    }, {
      "x" : -0.559863,
      "y" : 0.9058773,
      "z" : 3.7703278
    }, {
      "x" : 0.0,
      "y" : 0.0,
      "z" : 2.3045874
    } ],
    "faces" : [ {
      "vertices" : [ 0, 1, 2, 3, 4, 5, 6, 7, 8, 9 ]
    }, {
      "vertices" : [ 0, 9, 8, 7, 6, 5, 4, 3, 2, 1 ]
    } ]
  }, {
    "id" : "805a5fe0-cd8a-4731-8b74-44b5e1cad6a5",
    "vertices" : [ {
      "x" : 0.0,
      "y" : 0.0,
      "z" : 0.0
    }, {
      "x" : -0.9058773,
      "y" : 3.7703278,
      "z" : -2.3716176
    }, {
      "x" : 3.3301907,
      "y" : 5.388362,
      "z" : -2.058171
    } ],
    "faces" : [ {
      "vertices" : [ 0, 1, 2 ]
    }, {
      "vertices" : [ 0, 2, 1 ]
    } ]
  }, {
    "id" : "471e8bf0-48a1-4405-9e74-6dceb5deccf1",
    "vertices" : [ {
      "x" : 0.0,
      "y" : 0.0,
      "z" : 0.0
    }, {
      "x" : 0.0,
      "y" : -6.6603813,
      "z" : 0.0
    }, {
      "x" : 0.0,
      "y" : -6.6603813,
      "z" : -2.3045874
    }, {
      "x" : 0.0,
      "y" : 0.0,
      "z" : -2.3045874
    } ],
    "faces" : [ {
      "vertices" : [ 0, 1, 2, 3 ]
    }, {
      "vertices" : [ 0, 3, 2, 1 ]
    } ]
  }, {
    "id" : "b93c0c86-c8c2-4180-8089-a2d61847cd3d",
    "vertices" : [ {
      "x" : 0.0,
      "y" : 0.0,
      "z" : 0.0
    }, {
      "x" : 1.4657402,
      "y" : -0.559863,
      "z" : 0.9058773
    }, {
      "x" : -1.618034,
      "y" : -0.31344652,
      "z" : 4.236068
    } ],
    "faces" : [ {
      "vertices" : [ 0, 1, 2 ]
    }, {
      "vertices" : [ 0, 2, 1 ]
    } ]
  }, {
    "id" : "a3db02d1-8d8e-4184-8d53-df32eee4c02c",
    "vertices" : [ {
      "x" : 0.0,
      "y" : 0.0,
      "z" : 0.0
    }, {
      "x" : 4.236068,
      "y" : 1.618034,
      "z" : 0.31344652
    }, {
      "x" : 0.9058773,
      "y" : -3.7703278,
      "z" : 2.3716176
    } ],
    "faces" : [ {
      "vertices" : [ 0, 1, 2 ]
    }, {
      "vertices" : [ 0, 2, 1 ]
    } ]
  }, {
    "id" : "11528dfc-8d89-4a23-8122-4e4369eb6f9d",
    "vertices" : [ {
      "x" : 0.0,
      "y" : 0.0,
      "z" : 0.0
    }, {
      "x" : 0.0,
      "y" : 6.6603813,
      "z" : 0.0
    }, {
      "x" : 0.0,
      "y" : 6.6603813,
      "z" : 2.3045874
    }, {
      "x" : 0.0,
      "y" : 0.0,
      "z" : 2.3045874
    } ],
    "faces" : [ {
      "vertices" : [ 0, 1, 2, 3 ]
    }, {
      "vertices" : [ 0, 3, 2, 1 ]
    } ]
  }, {
    "id" : "4bf2bec3-3778-456c-9706-c62182dc2ab3",
    "vertices" : [ {
      "x" : 0.0,
      "y" : 0.0,
      "z" : 0.0
    }, {
      "x" : 0.0,
      "y" : 0.0,
      "z" : 2.3045874
    }, {
      "x" : 0.0,
      "y" : -6.6603813,
      "z" : 2.3045874
    }, {
      "x" : 0.0,
      "y" : -6.6603813,
      "z" : 0.0
    } ],
    "faces" : [ {
      "vertices" : [ 0, 1, 2, 3 ]
    }, {
      "vertices" : [ 0, 3, 2, 1 ]
    } ]
  }, {
    "id" : "1f14f03e-0197-459a-8207-3ba9b89e542c",
    "vertices" : [ {
      "x" : 0.0,
      "y" : 0.0,
      "z" : 0.0
    }, {
      "x" : 1.618034,
      "y" : 0.31344652,
      "z" : -4.236068
    }, {
      "x" : 3.0837743,
      "y" : -0.24641642,
      "z" : -3.3301907
    } ],
    "faces" : [ {
      "vertices" : [ 0, 1, 2 ]
    }, {
      "vertices" : [ 0, 2, 1 ]
    } ]
  }, {
    "id" : "bf37a1b2-a8b0-4713-9fa5-a610a6dcffa2",
    "vertices" : [ {
      "x" : 0.0,
      "y" : 0.0,
      "z" : 0.0
    }, {
      "x" : -0.7121567,
      "y" : 1.1522937,
      "z" : 1.8644505
    }, {
      "x" : -0.7121567,
      "y" : 1.1522937,
      "z" : 3.676205
    }, {
      "x" : 0.0,
      "y" : 0.0,
      "z" : 5.5406556
    }, {
      "x" : 0.9058773,
      "y" : -1.4657402,
      "z" : 6.100518
    }, {
      "x" : 2.058171,
      "y" : -3.3301907,
      "z" : 5.388362
    }, {
      "x" : 2.618034,
      "y" : -4.236068,
      "z" : 3.9226215
    }, {
      "x" : 2.618034,
      "y" : -4.236068,
      "z" : 1.618034
    }, {
      "x" : 2.058171,
      "y" : -3.3301907,
      "z" : 0.15229373
    }, {
      "x" : 0.9058773,
      "y" : -1.4657402,
      "z" : -0.559863
    } ],
    "faces" : [ {
      "vertices" : [ 0, 1, 2, 3, 4, 5, 6, 7, 8, 9 ]
    }, {
      "vertices" : [ 0, 9, 8, 7, 6, 5, 4, 3, 2, 1 ]
    } ]
  }, {
    "id" : "efcde16b-5fb5-49fe-b9b0-faa0bc1c4003",
    "vertices" : [ {
      "x" : 0.0,
      "y" : 0.0,
      "z" : 0.0
    }, {
      "x" : 0.0,
      "y" : 0.0,
      "z" : 1.8117546
    }, {
      "x" : 0.7121567,
      "y" : -1.1522937,
      "z" : 3.676205
    }, {
      "x" : 1.618034,
      "y" : -2.618034,
      "z" : 4.236068
    }, {
      "x" : 2.7703278,
      "y" : -4.4824843,
      "z" : 3.5239112
    }, {
      "x" : 3.3301907,
      "y" : -5.388362,
      "z" : 2.058171
    }, {
      "x" : 3.3301907,
      "y" : -5.388362,
      "z" : -0.24641642
    }, {
      "x" : 2.7703278,
      "y" : -4.4824843,
      "z" : -1.7121567
    }, {
      "x" : 1.618034,
      "y" : -2.618034,
      "z" : -2.4243133
    }, {
      "x" : 0.7121567,
      "y" : -1.1522937,
      "z" : -1.8644505
    } ],
    "faces" : [ {
      "vertices" : [ 0, 1, 2, 3, 4, 5, 6, 7, 8, 9 ]
    }, {
      "vertices" : [ 0, 9, 8, 7, 6, 5, 4, 3, 2, 1 ]
    } ]
  }, {
    "id" : "0310daca-9c82-4ce6-ba62-defc4d47d44b",
    "vertices" : [ {
      "x" : 0.0,
      "y" : 0.0,
      "z" : 0.0
    }, {
      "x" : 0.559863,
      "y" : -0.9058773,
      "z" : -1.4657402
    }, {
      "x" : 0.559863,
      "y" : -0.9058773,
      "z" : -3.7703278
    }, {
      "x" : 0.0,
      "y" : 0.0,
      "z" : -5.236068
    }, {
      "x" : -1.1522937,
      "y" : 1.8644505,
      "z" : -5.9482245
    }, {
      "x" : -2.058171,
      "y" : 3.3301907,
      "z" : -5.388362
    }, {
      "x" : -2.7703278,
      "y" : 4.4824843,
      "z" : -3.5239112
    }, {
      "x" : -2.7703278,
      "y" : 4.4824843,
      "z" : -1.7121567
    }, {
      "x" : -2.058171,
      "y" : 3.3301907,
      "z" : 0.15229373
    }, {
      "x" : -1.1522937,
      "y" : 1.8644505,
      "z" : 0.7121567
    } ],
    "faces" : [ {
      "vertices" : [ 0, 1, 2, 3, 4, 5, 6, 7, 8, 9 ]
    }, {
      "vertices" : [ 0, 9, 8, 7, 6, 5, 4, 3, 2, 1 ]
    } ]
  }, {
    "id" : "8d1a094e-9600-4d30-bf8a-e2c62f5b10f9",
    "vertices" : [ {
      "x" : 0.0,
      "y" : 0.0,
      "z" : 0.0
    }, {
      "x" : -1.1522937,
      "y" : 1.8644505,
      "z" : -0.7121567
    }, {
      "x" : -2.058171,
      "y" : 3.3301907,
      "z" : -0.15229373
    }, {
      "x" : -2.7703278,
      "y" : 4.4824843,
      "z" : 1.7121567
    }, {
      "x" : -2.7703278,
      "y" : 4.4824843,
      "z" : 3.5239112
    }, {
      "x" : -2.058171,
      "y" : 3.3301907,
      "z" : 5.388362
    }, {
      "x" : -1.1522937,
      "y" : 1.8644505,
      "z" : 5.9482245
    }, {
      "x" : 0.0,
      "y" : 0.0,
      "z" : 5.236068
    }, {
      "x" : 0.559863,
      "y" : -0.9058773,
      "z" : 3.7703278
    }, {
      "x" : 0.559863,
      "y" : -0.9058773,
      "z" : 1.4657402
    } ],
    "faces" : [ {
      "vertices" : [ 0, 1, 2, 3, 4, 5, 6, 7, 8, 9 ]
    }, {
      "vertices" : [ 0, 9, 8, 7, 6, 5, 4, 3, 2, 1 ]
    } ]
  }, {
    "id" : "19c0efd3-9122-4f5f-89df-7e83995b707c",
    "vertices" : [ {
      "x" : 0.0,
      "y" : 0.0,
      "z" : 0.0
    }, {
      "x" : 0.0,
      "y" : 0.0,
      "z" : -2.3045874
    }, {
      "x" : -0.559863,
      "y" : 0.9058773,
      "z" : -3.7703278
    }, {
      "x" : -1.7121567,
      "y" : 2.7703278,
      "z" : -4.4824843
    }, {
      "x" : -2.618034,
      "y" : 4.236068,
      "z" : -3.9226215
    }, {
      "x" : -3.3301907,
      "y" : 5.388362,
      "z" : -2.058171
    }, {
      "x" : -3.3301907,
      "y" : 5.388362,
      "z" : -0.24641642
    }, {
      "x" : -2.618034,
      "y" : 4.236068,
      "z" : 1.618034
    }, {
      "x" : -1.7121567,
      "y" : 2.7703278,
      "z" : 2.177897
    }, {
      "x" : -0.559863,
      "y" : 0.9058773,
      "z" : 1.4657402
    } ],
    "faces" : [ {
      "vertices" : [ 0, 1, 2, 3, 4, 5, 6, 7, 8, 9 ]
    }, {
      "vertices" : [ 0, 9, 8, 7, 6, 5, 4, 3, 2, 1 ]
    } ]
  }, {
    "id" : "a4ac0129-f626-447e-b97e-cabb11bd645d",
    "vertices" : [ {
      "x" : 0.0,
      "y" : 0.0,
      "z" : 0.0
    }, {
      "x" : -0.9058773,
      "y" : 1.4657402,
      "z" : 0.559863
    }, {
      "x" : -1.618034,
      "y" : 2.618034,
      "z" : 2.4243133
    }, {
      "x" : -1.618034,
      "y" : 2.618034,
      "z" : 4.236068
    }, {
      "x" : -0.9058773,
      "y" : 1.4657402,
      "z" : 6.100518
    }, {
      "x" : 0.0,
      "y" : 0.0,
      "z" : 6.6603813
    }, {
      "x" : 1.1522937,
      "y" : -1.8644505,
      "z" : 5.9482245
    }, {
      "x" : 1.7121567,
      "y" : -2.7703278,
      "z" : 4.4824843
    }, {
      "x" : 1.7121567,
      "y" : -2.7703278,
      "z" : 2.177897
    }, {
      "x" : 1.1522937,
      "y" : -1.8644505,
      "z" : 0.7121567
    } ],
    "faces" : [ {
      "vertices" : [ 0, 1, 2, 3, 4, 5, 6, 7, 8, 9 ]
    }, {
      "vertices" : [ 0, 9, 8, 7, 6, 5, 4, 3, 2, 1 ]
    } ]
  }, {
    "id" : "979d6343-ae1b-4f1a-8e08-b781fe0b3399",
    "orbit" : "0",
    "orbitC" : "[[-1,1,0,0,1],[1,1,0,-1,1]]",
    "length" : "[0,1,0,1,1]",
    "name" : " :sqrt(phi) +phi*sqrt(phi)",
    "vertices" : [ {
      "x" : 7.94479,
      "y" : -10.399797,
      "z" : -0.26666668
    }, {
      "x" : 7.84479,
      "y" : -10.299798,
      "z" : 0.13333334
    }, {
      "x" : 0.52734596,
      "y" : -0.37692577,
      "z" : 0.26666668
    }, {
      "x" : 0.6273459,
      "y" : -0.47692576,
      "z" : -0.13333334
    }, {
      "x" : 8.14479,
      "y" : -10.066464,
      "z" : 0.26666668
    }, {
      "x" : 8.24479,
      "y" : -10.166464,
      "z" : -0.13333334
    }, {
      "x" : 0.32734594,
      "y" : -0.7102591,
      "z" : -0.26666668
    }, {
      "x" : 0.22734594,
      "y" : -0.6102591,
      "z" : 0.13333334
    } ],
    "faces" : [ {
      "vertices" : [ 2, 3, 6, 7 ]
    }, {
      "vertices" : [ 0, 5, 4, 1 ]
    }, {
      "vertices" : [ 2, 4, 5, 3 ]
    }, {
      "vertices" : [ 0, 6, 3, 5 ]
    }, {
      "vertices" : [ 0, 1, 7, 6 ]
    }, {
      "vertices" : [ 1, 4, 2, 7 ]
    } ]
  }, {
    "id" : "2f261c3a-0dd0-472f-93fc-924271f7d7c6",
    "orbit" : "0",
    "orbitC" : "[[-1,1,0,0,1],[1,1,0,-1,1]]",
    "length" : "[1,0,1,0,1]",
    "name" : " :1 +phi",
    "vertices" : [ {
      "x" : 6.133035,
      "y" : -8.09521,
      "z" : -0.26666668
    }, {
      "x" : 6.0330353,
      "y" : -7.99521,
      "z" : 0.13333334
    }, {
      "x" : 0.52734596,
      "y" : -0.37692577,
      "z" : 0.26666668
    }, {
      "x" : 0.6273459,
      "y" : -0.47692576,
      "z" : -0.13333334
    }, {
      "x" : 6.3330355,
      "y" : -7.761877,
      "z" : 0.26666668
    }, {
      "x" : 6.4330354,
      "y" : -7.861877,
      "z" : -0.13333334
    }, {
      "x" : 0.32734594,
      "y" : -0.7102591,
      "z" : -0.26666668
    }, {
      "x" : 0.22734594,
      "y" : -0.6102591,
      "z" : 0.13333334
    } ],
    "faces" : [ {
      "vertices" : [ 2, 3, 6, 7 ]
    }, {
      "vertices" : [ 0, 5, 4, 1 ]
    }, {
      "vertices" : [ 2, 4, 5, 3 ]
    }, {
      "vertices" : [ 0, 6, 3, 5 ]
    }, {
      "vertices" : [ 0, 1, 7, 6 ]
    }, {
      "vertices" : [ 1, 4, 2, 7 ]
    } ]
  }, {
    "id" : "1c111e9b-f41d-4845-b651-ae6bcebe87cb",
    "orbit" : "4",
    "orbitC" : "[[2,10,-3,-4,11],[-3,-4,-1,6,11]]",
    "length" : "[1,0,2,0,1]",
    "name" : " :1 +2*phi",
    "vertices" : [ {
      "x" : -7.5504656,
      "y" : 12.54538,
      "z" : 0.29942715
    }, {
      "x" : -7.4504657,
      "y" : 12.44538,
      "z" : 0.6994271
    }, {
      "x" : -0.45593017,
      "y" : 0.40924045,
      "z" : 0.29300362
    }, {
      "x" : -0.5559302,
      "y" : 0.50924045,
      "z" : -0.10699639
    }, {
      "x" : -7.7504654,
      "y" : 12.212047,
      "z" : 0.8327605
    }, {
      "x" : -7.8504653,
      "y" : 12.312047,
      "z" : 0.43276048
    }, {
      "x" : -0.2559302,
      "y" : 0.7425738,
      "z" : -0.24032973
    }, {
      "x" : -0.15593018,
      "y" : 0.6425738,
      "z" : 0.15967028
    } ],
    "faces" : [ {
      "vertices" : [ 2, 3, 6, 7 ]
    }, {
      "vertices" : [ 0, 5, 4, 1 ]
    }, {
      "vertices" : [ 2, 4, 5, 3 ]
    }, {
      "vertices" : [ 0, 6, 3, 5 ]
    }, {
      "vertices" : [ 0, 1, 7, 6 ]
    }, {
      "vertices" : [ 1, 4, 2, 7 ]
    } ]
  }, {
    "id" : "c27ee39e-bd66-4e60-965e-5e6d9283a834",
    "orbit" : "5",
    "orbitC" : "[[6,8,7,-10,29],[5,26,1,-18,29]]",
    "length" : "[1,0,2,0,1]",
    "name" : " :1 +2*phi",
    "vertices" : [ {
      "x" : -6.898307,
      "y" : 4.8708816,
      "z" : 11.902522
    }, {
      "x" : -6.9983068,
      "y" : 4.4708815,
      "z" : 12.0025215
    }, {
      "x" : -0.51565814,
      "y" : 0.07734307,
      "z" : 0.4596679
    }, {
      "x" : -0.41565815,
      "y" : 0.47734305,
      "z" : 0.3596679
    }, {
      "x" : -7.298307,
      "y" : 4.604215,
      "z" : 11.769188
    }, {
      "x" : -7.1983066,
      "y" : 5.004215,
      "z" : 11.6691885
    }, {
      "x" : -0.11565815,
      "y" : 0.34400973,
      "z" : 0.59300125
    }, {
      "x" : -0.21565814,
      "y" : -0.055990268,
      "z" : 0.6930012
    } ],
    "faces" : [ {
      "vertices" : [ 2, 3, 6, 7 ]
    }, {
      "vertices" : [ 0, 5, 4, 1 ]
    }, {
      "vertices" : [ 2, 4, 5, 3 ]
    }, {
      "vertices" : [ 0, 6, 3, 5 ]
    }, {
      "vertices" : [ 0, 1, 7, 6 ]
    }, {
      "vertices" : [ 1, 4, 2, 7 ]
    } ]
  }, {
    "id" : "9531e978-7f7b-42e6-88ca-dc2044012a87",
    "orbit" : "blue",
    "orbitC" : "[[0,0,0,0,1],[0,0,0,0,1]]",
    "length" : "[0,1,0,0,1]",
    "name" : "b2",
    "vertices" : [ {
      "x" : 0.42838138,
      "y" : 0.0,
      "z" : 0.0
    }, {
      "x" : 1.121517,
      "y" : -0.3465678,
      "z" : -0.21419069
    }, {
      "x" : 1.121517,
      "y" : -0.3465678,
      "z" : 0.21419069
    }, {
      "x" : 1.121517,
      "y" : 0.3465678,
      "z" : -0.21419069
    }, {
      "x" : 1.121517,
      "y" : 0.3465678,
      "z" : 0.21419069
    }, {
      "x" : 4.114551,
      "y" : -0.3465678,
      "z" : -0.21419069
    }, {
      "x" : 4.114551,
      "y" : -0.3465678,
      "z" : 0.21419069
    }, {
      "x" : 4.114551,
      "y" : 0.3465678,
      "z" : -0.21419069
    }, {
      "x" : 4.114551,
      "y" : 0.3465678,
      "z" : 0.21419069
    }, {
      "x" : 4.807687,
      "y" : 0.0,
      "z" : 0.0
    }, {
      "x" : 5.236068,
      "y" : 0.0,
      "z" : 0.0
    } ],
    "faces" : [ {
      "vertices" : [ 1, 3, 7, 5 ]
    }, {
      "vertices" : [ 0, 1, 2 ]
    }, {
      "vertices" : [ 0, 3, 1 ]
    }, {
      "vertices" : [ 5, 9, 6 ]
    }, {
      "vertices" : [ 2, 6, 8, 4 ]
    }, {
      "vertices" : [ 5, 7, 9 ]
    }, {
      "vertices" : [ 0, 2, 4 ]
    }, {
      "vertices" : [ 3, 4, 8, 7 ]
    }, {
      "vertices" : [ 0, 4, 3 ]
    }, {
      "vertices" : [ 6, 9, 8 ]
    }, {
      "vertices" : [ 7, 8, 9 ]
    }, {
      "vertices" : [ 1, 5, 6, 2 ]
    } ]
  }, {
    "id" : "8f3826c2-2c3b-4f4d-8618-af6faf22b0d6",
    "orbit" : "12",
    "orbitC" : "[[1,0,1,-1,1],[0,0,0,0,1]]",
    "length" : "[1,0,2,0,1]",
    "name" : " :1 +2*phi",
    "vertices" : [ {
      "x" : 12.156305,
      "y" : 6.6125546,
      "z" : -0.26666668
    }, {
      "x" : 12.056306,
      "y" : 6.5125546,
      "z" : 0.13333334
    }, {
      "x" : 0.4321726,
      "y" : 0.43526793,
      "z" : 0.26666668
    }, {
      "x" : 0.53217256,
      "y" : 0.5352679,
      "z" : -0.13333334
    }, {
      "x" : 11.822972,
      "y" : 6.812555,
      "z" : 0.26666668
    }, {
      "x" : 11.922972,
      "y" : 6.9125547,
      "z" : -0.13333334
    }, {
      "x" : 0.7655059,
      "y" : 0.23526792,
      "z" : -0.26666668
    }, {
      "x" : 0.66550595,
      "y" : 0.13526791,
      "z" : 0.13333334
    } ],
    "faces" : [ {
      "vertices" : [ 2, 3, 6, 7 ]
    }, {
      "vertices" : [ 0, 5, 4, 1 ]
    }, {
      "vertices" : [ 2, 4, 5, 3 ]
    }, {
      "vertices" : [ 0, 6, 3, 5 ]
    }, {
      "vertices" : [ 0, 1, 7, 6 ]
    }, {
      "vertices" : [ 1, 4, 2, 7 ]
    } ]
  } ],
  "instances" : [ {
    "shape" : "0681c549-d19c-4568-b7e5-e9e45aff3032",
    "color" : "#F2F2F2",
    "position" : {
      "x" : 9.62443,
      "y" : -6.100518,
      "z" : 3.3301907
    }
  }, {
    "shape" : "03266d82-f3ac-4dcc-80b7-ec58305e0eba",
    "color" : "#008EC2",
    "position" : {
      "x" : 0.0,
      "y" : 6.6603813,
      "z" : 8.472136
    },
    "orientation" : 39
  }, {
    "shape" : "9ebfa32e-960b-4aa0-8a26-3b81c3a0660d",
    "color" : "#FFFFFF",
    "position" : {
      "x" : -8.718553,
      "y" : 7.5662584,
      "z" : -2.7703278
    },
    "orientation" : 35
  }, {
    "shape" : "0681c549-d19c-4568-b7e5-e9e45aff3032",
    "color" : "#F2F2F2",
    "position" : {
      "x" : 0.0,
      "y" : -4.236068,
      "z" : 11.09017
    }
  }, {
    "shape" : "05e35754-c9b4-42c6-9943-cb9499eba8c6",
    "color" : "#FFFFFF",
    "position" : {
      "x" : 10.776724,
      "y" : -4.236068,
      "z" : 2.618034
    },
    "orientation" : 37
  }, {
    "shape" : "03266d82-f3ac-4dcc-80b7-ec58305e0eba",
    "color" : "#008EC2",
    "position" : {
      "x" : -6.6603813,
      "y" : -8.472136,
      "z" : 0.0
    },
    "orientation" : 8
  }, {
    "shape" : "0681c549-d19c-4568-b7e5-e9e45aff3032",
    "color" : "#F2F2F2",
    "position" : {
      "x" : -8.006395,
      "y" : -6.294239,
      "z" : -3.5239112
    }
  }, {
    "shape" : "19e94c57-628a-42f7-b937-ec934945a2e4",
    "color" : "#7FC6E0",
    "position" : {
      "x" : -10.776724,
      "y" : -4.236068,
      "z" : 2.618034
    },
    "orientation" : 41
  }, {
    "shape" : "05e35754-c9b4-42c6-9943-cb9499eba8c6",
    "color" : "#FFFFFF",
    "position" : {
      "x" : -0.9058773,
      "y" : -8.006395,
      "z" : 8.718553
    },
    "orientation" : 42
  }, {
    "shape" : "0681c549-d19c-4568-b7e5-e9e45aff3032",
    "color" : "#F2F2F2",
    "position" : {
      "x" : -10.184293,
      "y" : 2.7703278,
      "z" : 2.177897
    }
  }, {
    "shape" : "05e35754-c9b4-42c6-9943-cb9499eba8c6",
    "color" : "#FFFFFF",
    "position" : {
      "x" : -3.3301907,
      "y" : 9.62443,
      "z" : -6.100518
    },
    "orientation" : 4
  }, {
    "shape" : "0681c549-d19c-4568-b7e5-e9e45aff3032",
    "color" : "#F2F2F2",
    "position" : {
      "x" : 3.3301907,
      "y" : -9.62443,
      "z" : 6.100518
    }
  }, {
    "shape" : "0681c549-d19c-4568-b7e5-e9e45aff3032",
    "color" : "#F2F2F2",
    "position" : {
      "x" : 8.718553,
      "y" : 0.9058773,
      "z" : -8.006395
    }
  }, {
    "shape" : "05e35754-c9b4-42c6-9943-cb9499eba8c6",
    "color" : "#FFFFFF",
    "position" : {
      "x" : -9.62443,
      "y" : -6.100518,
      "z" : 3.3301907
    },
    "orientation" : 48
  }, {
    "shape" : "19e94c57-628a-42f7-b937-ec934945a2e4",
    "color" : "#7FC6E0",
    "position" : {
      "x" : 2.618034,
      "y" : -10.776724,
      "z" : -4.236068
    },
    "orientation" : 24
  }, {
    "shape" : "0681c549-d19c-4568-b7e5-e9e45aff3032",
    "color" : "#F2F2F2",
    "position" : {
      "x" : 6.100518,
      "y" : 3.3301907,
      "z" : 9.62443
    }
  }, {
    "shape" : "05e35754-c9b4-42c6-9943-cb9499eba8c6",
    "color" : "#FFFFFF",
    "position" : {
      "x" : 1.1522937,
      "y" : 11.336586,
      "z" : 3.3301907
    },
    "orientation" : 54
  }, {
    "shape" : "5b6f9e36-e33e-496c-a78f-1db0105db257",
    "color" : "#FFFFFF",
    "position" : {
      "x" : -2.7703278,
      "y" : -8.718553,
      "z" : 7.5662584
    },
    "orientation" : 12
  }, {
    "shape" : "0681c549-d19c-4568-b7e5-e9e45aff3032",
    "color" : "#F2F2F2",
    "position" : {
      "x" : 11.336586,
      "y" : -3.3301907,
      "z" : -1.1522937
    }
  }, {
    "shape" : "0681c549-d19c-4568-b7e5-e9e45aff3032",
    "color" : "#F2F2F2",
    "position" : {
      "x" : -8.718553,
      "y" : 0.9058773,
      "z" : 8.006395
    }
  }, {
    "shape" : "731ce05f-a646-40d8-915c-f33982ecfbc3",
    "color" : "#EC888B",
    "position" : {
      "x" : 3.3301907,
      "y" : 9.62443,
      "z" : 6.100518
    },
    "orientation" : 1
  }, {
    "shape" : "0681c549-d19c-4568-b7e5-e9e45aff3032",
    "color" : "#F2F2F2",
    "position" : {
      "x" : 0.0,
      "y" : 4.236068,
      "z" : -11.09017
    }
  }, {
    "shape" : "ff390ad8-708e-4c75-a56c-3aae709d2772",
    "color" : "#008EC2",
    "position" : {
      "x" : -10.184293,
      "y" : 2.7703278,
      "z" : -2.177897
    },
    "orientation" : 2
  }, {
    "shape" : "03266d82-f3ac-4dcc-80b7-ec58305e0eba",
    "color" : "#008EC2",
    "position" : {
      "x" : -3.5239112,
      "y" : -8.006395,
      "z" : 6.294239
    },
    "orientation" : 56
  }, {
    "shape" : "814babb0-afdb-49ed-9640-366a1b03555c",
    "color" : "#FFFFFF",
    "position" : {
      "x" : 6.100518,
      "y" : 3.3301907,
      "z" : -9.62443
    },
    "orientation" : 59
  }, {
    "shape" : "814babb0-afdb-49ed-9640-366a1b03555c",
    "color" : "#FFFFFF",
    "position" : {
      "x" : -7.5662584,
      "y" : -2.7703278,
      "z" : 8.718553
    },
    "orientation" : 45
  }, {
    "shape" : "05e35754-c9b4-42c6-9943-cb9499eba8c6",
    "color" : "#FFFFFF",
    "position" : {
      "x" : 8.718553,
      "y" : 0.9058773,
      "z" : 8.006395
    },
    "orientation" : 13
  }, {
    "shape" : "0681c549-d19c-4568-b7e5-e9e45aff3032",
    "color" : "#F2F2F2",
    "position" : {
      "x" : -2.618034,
      "y" : 10.776724,
      "z" : 4.236068
    }
  }, {
    "shape" : "a985b719-2f12-4628-9429-58a10b07bbae",
    "color" : "#EC888B",
    "position" : {
      "x" : 3.3301907,
      "y" : 1.1522937,
      "z" : -11.336586
    },
    "orientation" : 17
  }, {
    "shape" : "05e35754-c9b4-42c6-9943-cb9499eba8c6",
    "color" : "#FFFFFF",
    "position" : {
      "x" : -9.62443,
      "y" : 6.100518,
      "z" : -3.3301907
    },
    "orientation" : 33
  }, {
    "shape" : "805a5fe0-cd8a-4731-8b74-44b5e1cad6a5",
    "color" : "#FFFFFF",
    "position" : {
      "x" : 3.3301907,
      "y" : -9.62443,
      "z" : -6.100518
    },
    "orientation" : 5
  }, {
    "shape" : "0681c549-d19c-4568-b7e5-e9e45aff3032",
    "color" : "#F2F2F2",
    "position" : {
      "x" : 10.184293,
      "y" : 2.7703278,
      "z" : -2.177897
    }
  }, {
    "shape" : "05e35754-c9b4-42c6-9943-cb9499eba8c6",
    "color" : "#FFFFFF",
    "position" : {
      "x" : 1.1522937,
      "y" : -11.336586,
      "z" : -3.3301907
    },
    "orientation" : 39
  }, {
    "shape" : "814babb0-afdb-49ed-9640-366a1b03555c",
    "color" : "#FFFFFF",
    "position" : {
      "x" : -11.336586,
      "y" : 3.3301907,
      "z" : 1.1522937
    },
    "orientation" : 53
  }, {
    "shape" : "0681c549-d19c-4568-b7e5-e9e45aff3032",
    "color" : "#F2F2F2",
    "position" : {
      "x" : -8.718553,
      "y" : -7.5662584,
      "z" : 2.7703278
    }
  }, {
    "shape" : "0681c549-d19c-4568-b7e5-e9e45aff3032",
    "color" : "#F2F2F2",
    "position" : {
      "x" : 1.1522937,
      "y" : -11.336586,
      "z" : -3.3301907
    }
  }, {
    "shape" : "03266d82-f3ac-4dcc-80b7-ec58305e0eba",
