{
  "field" : "golden",
  "symmetry" : "icosahedral",
  "orientations" : [ [ 1.0, 0.0, 0.0, 0.0, 0.0, 1.0, 0.0, 0.0, 0.0, 0.0, 1.0, 0.0, 0.0, 0.0, 0.0, 1.0 ], [ 0.0, 0.0, 1.0, 0.0, 1.0, 0.0, 0.0, 0.0, 0.0, 1.0, 0.0, 0.0, 0.0, 0.0, 0.0, 1.0 ], [ 0.0, 1.0, 0.0, 0.0, 0.0, 0.0, 1.0, 0.0, 1.0, 0.0, 0.0, 0.0, 0.0, 0.0, 0.0, 1.0 ], [ 0.809017, 0.309017, 0.5, 0.0, 0.309017, 0.5, -0.809017, 0.0, -0.5, 0.809017, 0.309017, 0.0, 0.0, 0.0, 0.0, 1.0 ], [ -0.5, 0.809017, 0.309017, 0.0, 0.809017, 0.309017, 0.5, 0.0, 0.309017, 0.5, -0.809017, 0.0, 0.0, 0.0, 0.0, 1.0 ], [ 0.309017, 0.5, -0.809017, 0.0, -0.5, 0.809017, 0.309017, 0.0, 0.809017, 0.309017, 0.5, 0.0, 0.0, 0.0, 0.0, 1.0 ], [ 0.5, 0.809017, 0.309017, 0.0, 0.809017, -0.309017, -0.5, 0.0, -0.309017, 0.5, -0.809017, 0.0, 0.0, 0.0, 0.0, 1.0 ], [ -0.309017, 0.5, -0.809017, 0.0, 0.5, 0.809017, 0.309017, 0.0, 0.809017, -0.309017, -0.5, 0.0, 0.0, 0.0, 0.0, 1.0 ], [ 0.809017, -0.309017, -0.5, 0.0, -0.309017, 0.5, -0.809017, 0.0, 0.5, 0.809017, 0.309017, 0.0, 0.0, 0.0, 0.0, 1.0 ], [ 0.5, 0.809017, -0.309017, 0.0, 0.809017, -0.309017, 0.5, 0.0, 0.309017, -0.5, -0.809017, 0.0, 0.0, 0.0, 0.0, 1.0 ], [ 0.309017, -0.5, -0.809017, 0.0, 0.5, 0.809017, -0.309017, 0.0, 0.809017, -0.309017, 0.5, 0.0, 0.0, 0.0, 0.0, 1.0 ], [ 0.809017, -0.309017, 0.5, 0.0, 0.309017, -0.5, -0.809017, 0.0, 0.5, 0.809017, -0.309017, 0.0, 0.0, 0.0, 0.0, 1.0 ], [ 0.809017, 0.309017, -0.5, 0.0, 0.309017, 0.5, 0.809017, 0.0, 0.5, -0.809017, 0.309017, 0.0, 0.0, 0.0, 0.0, 1.0 ], [ 0.5, -0.809017, 0.309017, 0.0, 0.809017, 0.309017, -0.5, 0.0, 0.309017, 0.5, 0.809017, 0.0, 0.0, 0.0, 0.0, 1.0 ], [ 0.309017, 0.5, 0.809017, 0.0, 0.5, -0.809017, 0.309017, 0.0, 0.809017, 0.309017, -0.5, 0.0, 0.0, 0.0, 0.0, 1.0 ], [ 1.0, 0.0, 0.0, 0.0, 0.0, -1.0, 0.0, 0.0, 0.0, 0.0, -1.0, 0.0, 0.0, 0.0, 0.0, 1.0 ], [ 0.0, 0.0, 1.0, 0.0, -1.0, 0.0, 0.0, 0.0, 0.0, -1.0, 0.0, 0.0, 0.0, 0.0, 0.0, 1.0 ], [ 0.0, 1.0, 0.0, 0.0, 0.0, 0.0, -1.0, 0.0, -1.0, 0.0, 0.0, 0.0, 0.0, 0.0, 0.0, 1.0 ], [ 0.809017, 0.309017, 0.5, 0.0, -0.309017, -0.5, 0.809017, 0.0, 0.5, -0.809017, -0.309017, 0.0, 0.0, 0.0, 0.0, 1.0 ], [ -0.5, 0.809017, 0.309017, 0.0, -0.809017, -0.309017, -0.5, 0.0, -0.309017, -0.5, 0.809017, 0.0, 0.0, 0.0, 0.0, 1.0 ], [ 0.309017, 0.5, -0.809017, 0.0, 0.5, -0.809017, -0.309017, 0.0, -0.809017, -0.309017, -0.5, 0.0, 0.0, 0.0, 0.0, 1.0 ], [ 0.5, 0.809017, 0.309017, 0.0, -0.809017, 0.309017, 0.5, 0.0, 0.309017, -0.5, 0.809017, 0.0, 0.0, 0.0, 0.0, 1.0 ], [ -0.309017, 0.5, -0.809017, 0.0, -0.5, -0.809017, -0.309017, 0.0, -0.809017, 0.309017, 0.5, 0.0, 0.0, 0.0, 0.0, 1.0 ], [ 0.809017, -0.309017, -0.5, 0.0, 0.309017, -0.5, 0.809017, 0.0, -0.5, -0.809017, -0.309017, 0.0, 0.0, 0.0, 0.0, 1.0 ], [ 0.5, 0.809017, -0.309017, 0.0, -0.809017, 0.309017, -0.5, 0.0, -0.309017, 0.5, 0.809017, 0.0, 0.0, 0.0, 0.0, 1.0 ], [ 0.309017, -0.5, -0.809017, 0.0, -0.5, -0.809017, 0.309017, 0.0, -0.809017, 0.309017, -0.5, 0.0, 0.0, 0.0, 0.0, 1.0 ], [ 0.809017, -0.309017, 0.5, 0.0, -0.309017, 0.5, 0.809017, 0.0, -0.5, -0.809017, 0.309017, 0.0, 0.0, 0.0, 0.0, 1.0 ], [ 0.809017, 0.309017, -0.5, 0.0, -0.309017, -0.5, -0.809017, 0.0, -0.5, 0.809017, -0.309017, 0.0, 0.0, 0.0, 0.0, 1.0 ], [ 0.5, -0.809017, 0.309017, 0.0, -0.809017, -0.309017, 0.5, 0.0, -0.309017, -0.5, -0.809017, 0.0, 0.0, 0.0, 0.0, 1.0 ], [ 0.309017, 0.5, 0.809017, 0.0, -0.5, 0.809017, -0.309017, 0.0, -0.809017, -0.309017, 0.5, 0.0, 0.0, 0.0, 0.0, 1.0 ], [ -1.0, 0.0, 0.0, 0.0, 0.0, -1.0, 0.0, 0.0, 0.0, 0.0, 1.0, 0.0, 0.0, 0.0, 0.0, 1.0 ], [ 0.0, 0.0, -1.0, 0.0, -1.0, 0.0, 0.0, 0.0, 0.0, 1.0, 0.0, 0.0, 0.0, 0.0, 0.0, 1.0 ], [ 0.0, -1.0, 0.0, 0.0, 0.0, 0.0, -1.0, 0.0, 1.0, 0.0, 0.0, 0.0, 0.0, 0.0, 0.0, 1.0 ], [ -0.809017, -0.309017, -0.5, 0.0, -0.309017, -0.5, 0.809017, 0.0, -0.5, 0.809017, 0.309017, 0.0, 0.0, 0.0, 0.0, 1.0 ], [ 0.5, -0.809017, -0.309017, 0.0, -0.809017, -0.309017, -0.5, 0.0, 0.309017, 0.5, -0.809017, 0.0, 0.0, 0.0, 0.0, 1.0 ], [ -0.309017, -0.5, 0.809017, 0.0, 0.5, -0.809017, -0.309017, 0.0, 0.809017, 0.309017, 0.5, 0.0, 0.0, 0.0, 0.0, 1.0 ], [ -0.5, -0.809017, -0.309017, 0.0, -0.809017, 0.309017, 0.5, 0.0, -0.309017, 0.5, -0.809017, 0.0, 0.0, 0.0, 0.0, 1.0 ], [ 0.309017, -0.5, 0.809017, 0.0, -0.5, -0.809017, -0.309017, 0.0, 0.809017, -0.309017, -0.5, 0.0, 0.0, 0.0, 0.0, 1.0 ], [ -0.809017, 0.309017, 0.5, 0.0, 0.309017, -0.5, 0.809017, 0.0, 0.5, 0.809017, 0.309017, 0.0, 0.0, 0.0, 0.0, 1.0 ], [ -0.5, -0.809017, 0.309017, 0.0, -0.809017, 0.309017, -0.5, 0.0, 0.309017, -0.5, -0.809017, 0.0, 0.0, 0.0, 0.0, 1.0 ], [ -0.309017, 0.5, 0.809017, 0.0, -0.5, -0.809017, 0.309017, 0.0, 0.809017, -0.309017, 0.5, 0.0, 0.0, 0.0, 0.0, 1.0 ], [ -0.809017, 0.309017, -0.5, 0.0, -0.309017, 0.5, 0.809017, 0.0, 0.5, 0.809017, -0.309017, 0.0, 0.0, 0.0, 0.0, 1.0 ], [ -0.809017, -0.309017, 0.5, 0.0, -0.309017, -0.5, -0.809017, 0.0, 0.5, -0.809017, 0.309017, 0.0, 0.0, 0.0, 0.0, 1.0 ], [ -0.5, 0.809017, -0.309017, 0.0, -0.809017, -0.309017, 0.5, 0.0, 0.309017, 0.5, 0.809017, 0.0, 0.0, 0.0, 0.0, 1.0 ], [ -0.309017, -0.5, -0.809017, 0.0, -0.5, 0.809017, -0.309017, 0.0, 0.809017, 0.309017, -0.5, 0.0, 0.0, 0.0, 0.0, 1.0 ], [ -1.0, 0.0, 0.0, 0.0, 0.0, 1.0, 0.0, 0.0, 0.0, 0.0, -1.0, 0.0, 0.0, 0.0, 0.0, 1.0 ], [ 0.0, 0.0, -1.0, 0.0, 1.0, 0.0, 0.0, 0.0, 0.0, -1.0, 0.0, 0.0, 0.0, 0.0, 0.0, 1.0 ], [ 0.0, -1.0, 0.0, 0.0, 0.0, 0.0, 1.0, 0.0, -1.0, 0.0, 0.0, 0.0, 0.0, 0.0, 0.0, 1.0 ], [ -0.809017, -0.309017, -0.5, 0.0, 0.309017, 0.5, -0.809017, 0.0, 0.5, -0.809017, -0.309017, 0.0, 0.0, 0.0, 0.0, 1.0 ], [ 0.5, -0.809017, -0.309017, 0.0, 0.809017, 0.309017, 0.5, 0.0, -0.309017, -0.5, 0.809017, 0.0, 0.0, 0.0, 0.0, 1.0 ], [ -0.309017, -0.5, 0.809017, 0.0, -0.5, 0.809017, 0.309017, 0.0, -0.809017, -0.309017, -0.5, 0.0, 0.0, 0.0, 0.0, 1.0 ], [ -0.5, -0.809017, -0.309017, 0.0, 0.809017, -0.309017, -0.5, 0.0, 0.309017, -0.5, 0.809017, 0.0, 0.0, 0.0, 0.0, 1.0 ], [ 0.309017, -0.5, 0.809017, 0.0, 0.5, 0.809017, 0.309017, 0.0, -0.809017, 0.309017, 0.5, 0.0, 0.0, 0.0, 0.0, 1.0 ], [ -0.809017, 0.309017, 0.5, 0.0, -0.309017, 0.5, -0.809017, 0.0, -0.5, -0.809017, -0.309017, 0.0, 0.0, 0.0, 0.0, 1.0 ], [ -0.5, -0.809017, 0.309017, 0.0, 0.809017, -0.309017, 0.5, 0.0, -0.309017, 0.5, 0.809017, 0.0, 0.0, 0.0, 0.0, 1.0 ], [ -0.309017, 0.5, 0.809017, 0.0, 0.5, 0.809017, -0.309017, 0.0, -0.809017, 0.309017, -0.5, 0.0, 0.0, 0.0, 0.0, 1.0 ], [ -0.809017, 0.309017, -0.5, 0.0, 0.309017, -0.5, -0.809017, 0.0, -0.5, -0.809017, 0.309017, 0.0, 0.0, 0.0, 0.0, 1.0 ], [ -0.809017, -0.309017, 0.5, 0.0, 0.309017, 0.5, 0.809017, 0.0, -0.5, 0.809017, -0.309017, 0.0, 0.0, 0.0, 0.0, 1.0 ], [ -0.5, 0.809017, -0.309017, 0.0, 0.809017, 0.309017, -0.5, 0.0, -0.309017, -0.5, -0.809017, 0.0, 0.0, 0.0, 0.0, 1.0 ], [ -0.309017, -0.5, -0.809017, 0.0, 0.5, -0.809017, 0.309017, 0.0, -0.809017, -0.309017, 0.5, 0.0, 0.0, 0.0, 0.0, 1.0 ] ],
  "lights" : {
    "ambientColor" : "#292929",
    "backgroundColor" : "#AFC8DC",
    "directionalLights" : [ {
      "direction" : {
        "x" : 1.0,
        "y" : -1.0,
        "z" : -1.0
      },
      "color" : "#EBEBE4"
    }, {
      "direction" : {
        "x" : -1.0,
        "y" : 0.0,
        "z" : 0.0
      },
      "color" : "#E4E4EB"
    }, {
      "direction" : {
        "x" : 0.0,
        "y" : 0.0,
        "z" : -1.0
      },
      "color" : "#1E1E1E"
    } ]
  },
  "camera" : {
    "lookDirection" : {
      "x" : 0.0,
      "y" : 0.0,
      "z" : -1.0
    },
    "upDirection" : {
      "x" : 0.0,
      "y" : 1.0,
      "z" : 0.0
    },
    "lookAtPoint" : {
      "x" : 0.0,
      "y" : 0.0,
      "z" : 0.0
    },
    "perspective" : false,
    "viewDistance" : 168.82784,
    "nearClipDistance" : 0.42206958,
    "farClipDistance" : 337.6555,
    "fieldOfView" : 0.4426287,
    "stereo" : false,
    "width" : 75.972496,
    "position" : {
      "x" : 0.0,
      "y" : 0.0,
      "z" : 168.82784
    }
  },
  "embedding" : [ 1.0, 0.0, 0.0, 0.0, 0.0, 1.0, 0.0, 0.0, 0.0, 0.0, 1.0, 0.0, 0.0, 0.0, 0.0, 1.0 ],
  "shapes" : [ {
    "id" : "19cd8e2b-7629-4af3-bf2e-0788924899e5",
    "vertices" : [ {
      "x" : 0.309017,
      "y" : -0.309017,
      "z" : -0.309017
    }, {
      "x" : 0.5,
      "y" : 0.0,
      "z" : -0.19098301
    }, {
      "x" : 0.5,
      "y" : 0.0,
      "z" : 0.19098301
    }, {
      "x" : 0.309017,
      "y" : -0.309017,
      "z" : 0.309017
    }, {
      "x" : 0.19098301,
      "y" : -0.5,
      "z" : 0.0
    }, {
      "x" : 0.0,
      "y" : 0.19098301,
      "z" : 0.5
    }, {
      "x" : 0.0,
      "y" : -0.19098301,
      "z" : 0.5
    }, {
      "x" : 0.309017,
      "y" : 0.309017,
      "z" : 0.309017
    }, {
      "x" : -0.309017,
      "y" : -0.309017,
      "z" : 0.309017
    }, {
      "x" : -0.309017,
      "y" : 0.309017,
      "z" : 0.309017
    }, {
      "x" : -0.5,
      "y" : 0.0,
      "z" : 0.19098301
    }, {
      "x" : 0.0,
      "y" : -0.19098301,
      "z" : -0.5
    }, {
      "x" : 0.0,
      "y" : 0.19098301,
      "z" : -0.5
    }, {
      "x" : 0.309017,
      "y" : 0.309017,
      "z" : -0.309017
    }, {
      "x" : -0.309017,
      "y" : -0.309017,
      "z" : -0.309017
    }, {
      "x" : -0.19098301,
      "y" : -0.5,
      "z" : 0.0
    }, {
      "x" : -0.5,
      "y" : 0.0,
      "z" : -0.19098301
    }, {
      "x" : 0.19098301,
      "y" : 0.5,
      "z" : 0.0
    }, {
      "x" : -0.309017,
      "y" : 0.309017,
      "z" : -0.309017
    }, {
      "x" : 0.0,
      "y" : 0.0,
      "z" : 0.0
    }, {
      "x" : -0.19098301,
      "y" : 0.5,
      "z" : 0.0
    } ],
    "faces" : [ {
      "vertices" : [ 12, 18, 20 ]
    }, {
      "vertices" : [ 12, 20, 17 ]
    }, {
      "vertices" : [ 12, 17, 13 ]
    }, {
      "vertices" : [ 3, 6, 8 ]
    }, {
      "vertices" : [ 3, 8, 15 ]
    }, {
      "vertices" : [ 3, 15, 4 ]
    }, {
      "vertices" : [ 0, 11, 12 ]
    }, {
      "vertices" : [ 0, 12, 13 ]
    }, {
      "vertices" : [ 0, 13, 1 ]
    }, {
      "vertices" : [ 5, 9, 10 ]
    }, {
      "vertices" : [ 5, 10, 8 ]
    }, {
      "vertices" : [ 5, 8, 6 ]
    }, {
      "vertices" : [ 2, 7, 5 ]
    }, {
      "vertices" : [ 2, 5, 6 ]
    }, {
      "vertices" : [ 2, 6, 3 ]
    }, {
      "vertices" : [ 11, 14, 16 ]
    }, {
      "vertices" : [ 11, 16, 18 ]
    }, {
      "vertices" : [ 11, 18, 12 ]
    }, {
      "vertices" : [ 1, 13, 17 ]
    }, {
      "vertices" : [ 1, 17, 7 ]
    }, {
      "vertices" : [ 1, 7, 2 ]
    }, {
      "vertices" : [ 9, 20, 18 ]
    }, {
      "vertices" : [ 9, 18, 16 ]
    }, {
      "vertices" : [ 9, 16, 10 ]
    }, {
      "vertices" : [ 0, 1, 2 ]
    }, {
      "vertices" : [ 0, 2, 3 ]
    }, {
      "vertices" : [ 0, 3, 4 ]
    }, {
      "vertices" : [ 5, 7, 17 ]
    }, {
      "vertices" : [ 5, 17, 20 ]
    }, {
      "vertices" : [ 5, 20, 9 ]
    }, {
      "vertices" : [ 0, 4, 15 ]
    }, {
      "vertices" : [ 0, 15, 14 ]
    }, {
      "vertices" : [ 0, 14, 11 ]
    }, {
      "vertices" : [ 8, 10, 16 ]
    }, {
      "vertices" : [ 8, 16, 14 ]
    }, {
      "vertices" : [ 8, 14, 15 ]
    } ]
  }, {
    "id" : "9fd830cb-ce85-4822-ae52-5bdcb6b4e521",
    "vertices" : [ {
      "x" : 20.18034,
      "y" : 4.927051,
      "z" : -1.809017
    }, {
      "x" : 1.190983,
      "y" : 0.0,
      "z" : 0.072949015
    }, {
      "x" : 1.190983,
      "y" : 0.0,
      "z" : -0.309017
    }, {
      "x" : 20.18034,
      "y" : 4.927051,
      "z" : -2.190983
    }, {
      "x" : 20.916409,
      "y" : 5.427051,
      "z" : -2.072949
    }, {
      "x" : 1.190983,
      "y" : 0.618034,
      "z" : -0.309017
    }, {
      "x" : 20.18034,
      "y" : 5.545085,
      "z" : -2.190983
    }, {
      "x" : 20.18034,
      "y" : 5.545085,
      "z" : -1.809017
    }, {
      "x" : 1.190983,
      "y" : 0.618034,
      "z" : 0.072949015
    }, {
      "x" : 0.45491502,
      "y" : 0.11803399,
      "z" : -0.045084972
    }, {
      "x" : 21.371323,
      "y" : 5.545085,
      "z" : -2.118034
    } ],
    "faces" : [ {
      "vertices" : [ 2, 5, 6 ]
    }, {
      "vertices" : [ 2, 6, 3 ]
    }, {
      "vertices" : [ 0, 7, 8 ]
    }, {
      "vertices" : [ 0, 8, 1 ]
    }, {
      "vertices" : [ 2, 9, 5 ]
    }, {
      "vertices" : [ 4, 6, 7 ]
    }, {
      "vertices" : [ 1, 8, 9 ]
    }, {
      "vertices" : [ 0, 1, 2 ]
    }, {
      "vertices" : [ 0, 2, 3 ]
    }, {
      "vertices" : [ 5, 9, 8 ]
    }, {
      "vertices" : [ 0, 3, 4 ]
    }, {
      "vertices" : [ 5, 8, 7 ]
    }, {
      "vertices" : [ 5, 7, 6 ]
    }, {
      "vertices" : [ 0, 4, 7 ]
    }, {
      "vertices" : [ 1, 9, 2 ]
    }, {
      "vertices" : [ 3, 6, 4 ]
    } ]
  }, {
    "id" : "9c83cc6a-73ce-40cf-937f-932f8f594c69",
    "vertices" : [ {
      "x" : 0.0,
      "y" : 17.944271,
      "z" : 11.09017
    }, {
      "x" : 11.09017,
      "y" : 0.0,
      "z" : 17.944271
    }, {
      "x" : -11.09017,
      "y" : 0.0,
      "z" : 17.944271
    } ],
    "faces" : [ {
      "vertices" : [ 0, 1, 2 ]
    }, {
      "vertices" : [ 0, 2, 1 ]
    } ]
  }, {
    "id" : "151a3698-3e4b-4876-a991-02a7e1776185",
    "vertices" : [ {
      "x" : 11.09017,
      "y" : 17.944271,
      "z" : 0.0
    }, {
      "x" : 0.0,
      "y" : 11.09017,
      "z" : 17.944271
    }, {
      "x" : -11.09017,
      "y" : 17.944271,
      "z" : 0.0
    } ],
    "faces" : [ {
      "vertices" : [ 0, 1, 2 ]
    }, {
      "vertices" : [ 0, 2, 1 ]
    } ]
  }, {
    "id" : "104abf6c-0c5c-4088-8310-a8c1a0475d0f",
    "vertices" : [ {
      "x" : -11.09017,
      "y" : 17.944271,
      "z" : 0.0
    }, {
      "x" : 0.0,
      "y" : 11.09017,
      "z" : -17.944271
    }, {
      "x" : 11.09017,
      "y" : 17.944271,
      "z" : 0.0
    } ],
    "faces" : [ {
      "vertices" : [ 0, 1, 2 ]
    }, {
      "vertices" : [ 0, 2, 1 ]
    } ]
  }, {
    "id" : "44265dd0-2361-4796-b178-ac1736663864",
    "vertices" : [ {
      "x" : 0.0,
      "y" : 17.944271,
      "z" : -11.09017
    }, {
      "x" : 0.0,
      "y" : 17.944271,
      "z" : 11.09017
    }, {
      "x" : -17.944271,
      "y" : 11.09017,
      "z" : 0.0
    } ],
    "faces" : [ {
      "vertices" : [ 0, 1, 2 ]
    }, {
      "vertices" : [ 0, 2, 1 ]
    } ]
  }, {
    "id" : "89054d34-776b-4236-b6c7-0b0d003e061f",
    "vertices" : [ {
      "x" : 0.0,
      "y" : 11.09017,
      "z" : -17.944271
    }, {
      "x" : -11.09017,
      "y" : 17.944271,
      "z" : 0.0
    }, {
      "x" : -17.944271,
      "y" : 0.0,
      "z" : -11.09017
    } ],
    "faces" : [ {
      "vertices" : [ 0, 1, 2 ]
    }, {
      "vertices" : [ 0, 2, 1 ]
    } ]
  }, {
    "id" : "a57a16f6-2ba7-45c8-937d-c4b3e4b2be9a",
    "vertices" : [ {
      "x" : 1.0,
      "y" : 0.309017,
      "z" : 0.19098301
    }, {
      "x" : 1.0,
      "y" : -0.309017,
      "z" : 0.19098301
    }, {
      "x" : 21.18034,
      "y" : -0.309017,
      "z" : 0.19098301
    }, {
      "x" : 21.18034,
      "y" : 0.309017,
      "z" : 0.19098301
    }, {
      "x" : 21.18034,
      "y" : -0.309017,
      "z" : -0.19098301
    }, {
      "x" : 21.18034,
      "y" : 0.309017,
      "z" : -0.19098301
    }, {
      "x" : 21.798374,
      "y" : 0.0,
      "z" : 0.0
    }, {
      "x" : 0.38196602,
      "y" : 0.0,
      "z" : 0.0
    }, {
      "x" : 1.0,
      "y" : 0.309017,
      "z" : -0.19098301
    }, {
      "x" : 1.0,
      "y" : -0.309017,
      "z" : -0.19098301
    }, {
      "x" : 22.18034,
      "y" : 0.0,
      "z" : 0.0
    } ],
    "faces" : [ {
      "vertices" : [ 1, 9, 4 ]
    }, {
      "vertices" : [ 1, 4, 2 ]
    }, {
      "vertices" : [ 0, 3, 5 ]
    }, {
      "vertices" : [ 0, 5, 8 ]
    }, {
      "vertices" : [ 1, 7, 9 ]
    }, {
      "vertices" : [ 0, 1, 2 ]
    }, {
      "vertices" : [ 0, 2, 3 ]
    }, {
      "vertices" : [ 7, 8, 9 ]
    }, {
      "vertices" : [ 0, 7, 1 ]
    }, {
      "vertices" : [ 4, 9, 8 ]
    }, {
      "vertices" : [ 4, 8, 5 ]
    }, {
      "vertices" : [ 2, 6, 3 ]
    }, {
      "vertices" : [ 2, 4, 6 ]
    }, {
      "vertices" : [ 3, 6, 5 ]
    }, {
      "vertices" : [ 4, 5, 6 ]
    }, {
      "vertices" : [ 0, 8, 7 ]
    } ]
  }, {
    "id" : "3c0fe7a6-455c-4818-966f-3a6e341a7963",
    "vertices" : [ {
      "x" : 0.0,
      "y" : 11.09017,
      "z" : 17.944271
    }, {
      "x" : 17.944271,
      "y" : 0.0,
      "z" : 11.09017
    }, {
      "x" : 0.0,
      "y" : -11.09017,
      "z" : 17.944271
    } ],
    "faces" : [ {
      "vertices" : [ 0, 1, 2 ]
    }, {
      "vertices" : [ 0, 2, 1 ]
    } ]
  }, {
    "id" : "45bab02f-94c5-4030-aa6f-8effc690bd14",
    "vertices" : [ {
      "x" : -11.09017,
      "y" : 0.0,
      "z" : 17.944271
    }, {
      "x" : 0.0,
      "y" : -17.944271,
      "z" : 11.09017
    }, {
      "x" : -17.944271,
      "y" : -11.09017,
      "z" : 0.0
    } ],
    "faces" : [ {
      "vertices" : [ 0, 1, 2 ]
    }, {
      "vertices" : [ 0, 2, 1 ]
    } ]
  }, {
    "id" : "2d7180ac-e758-4f1e-b51c-ec9ff04d45c0",
    "vertices" : [ {
      "x" : -11.09017,
      "y" : 0.0,
      "z" : 17.944271
    }, {
      "x" : 11.09017,
      "y" : 0.0,
      "z" : 17.944271
    }, {
      "x" : 0.0,
      "y" : -17.944271,
      "z" : 11.09017
    } ],
    "faces" : [ {
      "vertices" : [ 0, 1, 2 ]
    }, {
      "vertices" : [ 0, 2, 1 ]
    } ]
  }, {
    "id" : "ddb3d8db-3611-4da4-97ae-6f455e048eaf",
    "vertices" : [ {
      "x" : 0.0,
      "y" : -11.09017,
      "z" : -17.944271
    }, {
      "x" : -11.09017,
      "y" : -17.944271,
      "z" : 0.0
    }, {
      "x" : -17.944271,
      "y" : 0.0,
      "z" : -11.09017
    } ],
    "faces" : [ {
      "vertices" : [ 0, 1, 2 ]
    }, {
      "vertices" : [ 0, 2, 1 ]
    } ]
  }, {
    "id" : "4b255722-17dc-4faa-94c1-69a4794c8a58",
    "vertices" : [ {
      "x" : 0.0,
      "y" : -11.09017,
      "z" : -17.944271
    }, {
      "x" : 17.944271,
      "y" : 0.0,
      "z" : -11.09017
    }, {
      "x" : 0.0,
      "y" : 11.09017,
      "z" : -17.944271
    } ],
    "faces" : [ {
      "vertices" : [ 0, 1, 2 ]
    }, {
      "vertices" : [ 0, 2, 1 ]
    } ]
  }, {
    "id" : "9c3ca4cb-04c0-4ca4-8c63-c087a994e0e7",
    "vertices" : [ {
      "x" : -17.944271,
      "y" : -11.09017,
      "z" : 0.0
    }, {
      "x" : -11.09017,
      "y" : 0.0,
      "z" : -17.944271
    }, {
      "x" : -17.944271,
      "y" : 11.09017,
      "z" : 0.0
    } ],
    "faces" : [ {
      "vertices" : [ 0, 1, 2 ]
    }, {
      "vertices" : [ 0, 2, 1 ]
    } ]
  }, {
    "id" : "415c61d0-99d3-4c77-bf15-266449d6b918",
    "vertices" : [ {
      "x" : 17.944271,
      "y" : -11.09017,
      "z" : 0.0
    }, {
      "x" : 11.09017,
      "y" : 0.0,
      "z" : -17.944271
    }, {
      "x" : 0.0,
      "y" : -17.944271,
      "z" : -11.09017
    } ],
    "faces" : [ {
      "vertices" : [ 0, 1, 2 ]
    }, {
      "vertices" : [ 0, 2, 1 ]
    } ]
  }, {
    "id" : "a3dde11e-bcba-45fb-bfb5-cc0e1ed2626e",
    "vertices" : [ {
      "x" : 0.0,
      "y" : -11.09017,
      "z" : 17.944271
    }, {
      "x" : 11.09017,
      "y" : -17.944271,
      "z" : 0.0
    }, {
      "x" : 17.944271,
      "y" : 0.0,
      "z" : 11.09017
    } ],
    "faces" : [ {
      "vertices" : [ 0, 1, 2 ]
    }, {
      "vertices" : [ 0, 2, 1 ]
    } ]
  }, {
    "id" : "c7772e84-a7a2-4c77-b73b-67e1c5b3af21",
    "vertices" : [ {
      "x" : 17.944271,
      "y" : -11.09017,
      "z" : 0.0
    }, {
      "x" : 17.944271,
      "y" : 11.09017,
      "z" : 0.0
    }, {
      "x" : 11.09017,
      "y" : 0.0,
      "z" : -17.944271
    } ],
    "faces" : [ {
      "vertices" : [ 0, 1, 2 ]
    }, {
      "vertices" : [ 0, 2, 1 ]
    } ]
  }, {
    "id" : "1c4f2518-3ee2-4109-8f79-d3c87ee9e719",
    "vertices" : [ {
      "x" : 17.944271,
      "y" : 0.0,
      "z" : 11.09017
    }, {
      "x" : 11.09017,
      "y" : 17.944271,
      "z" : 0.0
    }, {
      "x" : 17.944271,
      "y" : 0.0,
      "z" : -11.09017
    } ],
    "faces" : [ {
      "vertices" : [ 0, 1, 2 ]
    }, {
      "vertices" : [ 0, 2, 1 ]
    } ]
  }, {
    "id" : "d17e84ae-8f94-40a3-8302-77879b2a31d1",
    "vertices" : [ {
      "x" : 17.944271,
      "y" : 11.09017,
      "z" : 0.0
    }, {
      "x" : 0.0,
      "y" : 17.944271,
      "z" : 11.09017
    }, {
      "x" : 0.0,
      "y" : 17.944271,
      "z" : -11.09017
    } ],
    "faces" : [ {
      "vertices" : [ 0, 1, 2 ]
    }, {
      "vertices" : [ 0, 2, 1 ]
    } ]
  }, {
    "id" : "900e64c5-08d1-43ae-b8c0-9c7420b9c5ec",
    "vertices" : [ {
      "x" : 0.0,
      "y" : -11.09017,
      "z" : 17.944271
    }, {
      "x" : -17.944271,
      "y" : 0.0,
      "z" : 11.09017
    }, {
      "x" : 0.0,
      "y" : 11.09017,
      "z" : 17.944271
    } ],
    "faces" : [ {
      "vertices" : [ 0, 1, 2 ]
    }, {
      "vertices" : [ 0, 2, 1 ]
    } ]
  }, {
    "id" : "dfa64715-88ad-42ff-ba95-7c2f864ea2ee",
    "vertices" : [ {
      "x" : 11.09017,
      "y" : 0.0,
      "z" : 17.944271
    }, {
      "x" : 17.944271,
      "y" : 11.09017,
      "z" : 0.0
    }, {
      "x" : 17.944271,
      "y" : -11.09017,
      "z" : 0.0
    } ],
    "faces" : [ {
      "vertices" : [ 0, 1, 2 ]
    }, {
      "vertices" : [ 0, 2, 1 ]
    } ]
  }, {
    "id" : "ffd50a01-0af6-42ac-a75e-23050bd6eda5",
    "vertices" : [ {
      "x" : 11.09017,
      "y" : 0.0,
      "z" : -17.944271
    }, {
      "x" : 0.0,
      "y" : 17.944271,
      "z" : -11.09017
    }, {
      "x" : -11.09017,
      "y" : 0.0,
      "z" : -17.944271
    } ],
    "faces" : [ {
      "vertices" : [ 0, 1, 2 ]
    }, {
      "vertices" : [ 0, 2, 1 ]
    } ]
  }, {
    "id" : "4a3fb038-c1b6-47d6-a3db-a1bc457811e2",
    "vertices" : [ {
      "x" : 0.0,
      "y" : 11.09017,
      "z" : -17.944271
    }, {
      "x" : 11.09017,
      "y" : 17.944271,
      "z" : 0.0
    }, {
      "x" : 17.944271,
      "y" : 0.0,
      "z" : -11.09017
    } ],
    "faces" : [ {
      "vertices" : [ 0, 1, 2 ]
    }, {
      "vertices" : [ 0, 2, 1 ]
    } ]
  }, {
    "id" : "136645c9-c0a6-4df5-a77c-a287612770b6",
    "vertices" : [ {
      "x" : 0.0,
      "y" : 17.944271,
      "z" : 11.09017
    }, {
      "x" : -11.09017,
      "y" : 0.0,
      "z" : 17.944271
    }, {
      "x" : -17.944271,
      "y" : 11.09017,
      "z" : 0.0
    } ],
    "faces" : [ {
      "vertices" : [ 0, 1, 2 ]
    }, {
      "vertices" : [ 0, 2, 1 ]
    } ]
  }, {
    "id" : "8810f22d-cdd3-4cae-98a3-be518288b9af",
    "vertices" : [ {
      "x" : 11.09017,
      "y" : 0.0,
      "z" : 17.944271
    }, {
      "x" : 17.944271,
      "y" : -11.09017,
      "z" : 0.0
    }, {
      "x" : 0.0,
      "y" : -17.944271,
      "z" : 11.09017
    } ],
    "faces" : [ {
      "vertices" : [ 0, 1, 2 ]
    }, {
      "vertices" : [ 0, 2, 1 ]
    } ]
  }, {
    "id" : "3e69c2b0-cb67-4a3d-987c-565fde0ee9db",
    "vertices" : [ {
      "x" : 0.0,
      "y" : -17.944271,
      "z" : 11.09017
    }, {
      "x" : 17.944271,
      "y" : -11.09017,
      "z" : 0.0
    }, {
      "x" : 0.0,
      "y" : -17.944271,
      "z" : -11.09017
    } ],
    "faces" : [ {
      "vertices" : [ 0, 1, 2 ]
    }, {
      "vertices" : [ 0, 2, 1 ]
    } ]
  }, {
    "id" : "b537c55a-95ba-4122-895b-268f7bc48570",
    "vertices" : [ {
      "x" : -11.09017,
      "y" : -17.944271,
      "z" : 0.0
    }, {
      "x" : 0.0,
      "y" : -11.09017,
      "z" : 17.944271
    }, {
      "x" : 11.09017,
      "y" : -17.944271,
      "z" : 0.0
    } ],
    "faces" : [ {
      "vertices" : [ 0, 1, 2 ]
    }, {
      "vertices" : [ 0, 2, 1 ]
    } ]
  }, {
    "id" : "199418c1-4dda-459f-b489-7be73cc6caaa",
    "vertices" : [ {
      "x" : 0.0,
      "y" : -11.09017,
      "z" : 17.944271
    }, {
      "x" : -11.09017,
      "y" : -17.944271,
      "z" : 0.0
    }, {
      "x" : -17.944271,
      "y" : 0.0,
      "z" : 11.09017
    } ],
    "faces" : [ {
      "vertices" : [ 0, 1, 2 ]
    }, {
      "vertices" : [ 0, 2, 1 ]
    } ]
  }, {
    "id" : "d66eaef5-5454-4244-90f0-41a6700bb336",
    "vertices" : [ {
      "x" : 0.0,
      "y" : 17.944271,
      "z" : -11.09017
    }, {
      "x" : -17.944271,
      "y" : 11.09017,
      "z" : 0.0
    }, {
      "x" : -11.09017,
      "y" : 0.0,
      "z" : -17.944271
    } ],
    "faces" : [ {
      "vertices" : [ 0, 1, 2 ]
    }, {
      "vertices" : [ 0, 2, 1 ]
    } ]
  }, {
    "id" : "d87a4372-09e4-4182-aebe-91c2e1cf2b84",
    "vertices" : [ {
      "x" : -17.944271,
      "y" : 11.09017,
      "z" : 0.0
    }, {
      "x" : -11.09017,
      "y" : 0.0,
      "z" : 17.944271
    }, {
      "x" : -17.944271,
      "y" : -11.09017,
      "z" : 0.0
    } ],
    "faces" : [ {
      "vertices" : [ 0, 1, 2 ]
    }, {
      "vertices" : [ 0, 2, 1 ]
    } ]
  }, {
    "id" : "8ca41f4c-601e-4814-ba1d-194553e71194",
    "vertices" : [ {
      "x" : 17.944271,
      "y" : 11.09017,
      "z" : 0.0
    }, {
      "x" : 0.0,
      "y" : 17.944271,
      "z" : -11.09017
    }, {
      "x" : 11.09017,
      "y" : 0.0,
      "z" : -17.944271
    } ],
    "faces" : [ {
      "vertices" : [ 0, 1, 2 ]
    }, {
      "vertices" : [ 0, 2, 1 ]
    } ]
  }, {
    "id" : "39b32fde-aa84-4111-98cf-aa10305aac06",
    "vertices" : [ {
      "x" : 0.0,
      "y" : -17.944271,
      "z" : -11.09017
    }, {
      "x" : -11.09017,
      "y" : 0.0,
      "z" : -17.944271
    }, {
      "x" : -17.944271,
      "y" : -11.09017,
      "z" : 0.0
    } ],
    "faces" : [ {
      "vertices" : [ 0, 1, 2 ]
    }, {
      "vertices" : [ 0, 2, 1 ]
    } ]
  }, {
    "id" : "7696462d-4079-4a56-a45f-a9d2261ed45e",
    "vertices" : [ {
      "x" : 0.0,
      "y" : 11.09017,
      "z" : -17.944271
    }, {
      "x" : -17.944271,
      "y" : 0.0,
      "z" : -11.09017
    }, {
      "x" : 0.0,
      "y" : -11.09017,
      "z" : -17.944271
    } ],
    "faces" : [ {
      "vertices" : [ 0, 1, 2 ]
    }, {
      "vertices" : [ 0, 2, 1 ]
    } ]
  }, {
    "id" : "7366c9ce-ed2c-45a5-bffd-3bd25c56e179",
    "vertices" : [ {
      "x" : 0.0,
      "y" : -17.944271,
      "z" : 11.09017
    }, {
      "x" : 0.0,
      "y" : -17.944271,
      "z" : -11.09017
    }, {
      "x" : -17.944271,
      "y" : -11.09017,
      "z" : 0.0
    } ],
    "faces" : [ {
      "vertices" : [ 0, 1, 2 ]
    }, {
      "vertices" : [ 0, 2, 1 ]
    } ]
  }, {
    "id" : "50c94d53-e45c-4af9-8fd3-87e97837b725",
    "vertices" : [ {
      "x" : 0.0,
      "y" : 11.09017,
      "z" : 17.944271
    }, {
      "x" : 11.09017,
      "y" : 17.944271,
      "z" : 0.0
    }, {
      "x" : 17.944271,
      "y" : 0.0,
      "z" : 11.09017
    } ],
    "faces" : [ {
      "vertices" : [ 0, 1, 2 ]
    }, {
      "vertices" : [ 0, 2, 1 ]
    } ]
  }, {
    "id" : "649db84b-83fa-4243-a048-4532b7c12dcf",
    "vertices" : [ {
      "x" : 17.944271,
      "y" : 11.09017,
      "z" : 0.0
    }, {
      "x" : 11.09017,
      "y" : 0.0,
      "z" : 17.944271
    }, {
      "x" : 0.0,
      "y" : 17.944271,
      "z" : 11.09017
    } ],
    "faces" : [ {
      "vertices" : [ 0, 1, 2 ]
    }, {
      "vertices" : [ 0, 2, 1 ]
    } ]
  }, {
    "id" : "c0d14b45-daf9-4227-8e40-4a5850df68ca",
    "vertices" : [ {
      "x" : -17.944271,
      "y" : 0.0,
      "z" : 11.09017
    }, {
      "x" : -11.09017,
      "y" : -17.944271,
      "z" : 0.0
    }, {
      "x" : -17.944271,
      "y" : 0.0,
      "z" : -11.09017
    } ],
    "faces" : [ {
      "vertices" : [ 0, 1, 2 ]
    }, {
      "vertices" : [ 0, 2, 1 ]
    } ]
  }, {
    "id" : "0e086fae-af11-483a-b65a-3545284cbb95",
    "vertices" : [ {
      "x" : 0.0,
      "y" : -11.09017,
      "z" : -17.944271
    }, {
      "x" : 11.09017,
      "y" : -17.944271,
      "z" : 0.0
    }, {
      "x" : 17.944271,
      "y" : 0.0,
      "z" : -11.09017
    } ],
    "faces" : [ {
      "vertices" : [ 0, 1, 2 ]
    }, {
      "vertices" : [ 0, 2, 1 ]
    } ]
  }, {
    "id" : "31b850ff-9577-4f92-ba02-c809e0585b20",
    "vertices" : [ {
      "x" : 17.944271,
      "y" : 0.0,
      "z" : -11.09017
    }, {
      "x" : 11.09017,
      "y" : -17.944271,
      "z" : 0.0
    }, {
      "x" : 17.944271,
      "y" : 0.0,
      "z" : 11.09017
    } ],
    "faces" : [ {
      "vertices" : [ 0, 1, 2 ]
    }, {
      "vertices" : [ 0, 2, 1 ]
    } ]
  }, {
    "id" : "c5646a62-f149-4ff6-aec8-219df0e3f21c",
    "vertices" : [ {
      "x" : 11.09017,
      "y" : -17.944271,
      "z" : 0.0
    }, {
      "x" : 0.0,
      "y" : -11.09017,
      "z" : -17.944271
    }, {
      "x" : -11.09017,
      "y" : -17.944271,
      "z" : 0.0
    } ],
    "faces" : [ {
      "vertices" : [ 0, 1, 2 ]
    }, {
      "vertices" : [ 0, 2, 1 ]
    } ]
  }, {
    "id" : "59b2cb8d-3321-4dd2-81ab-ffa4819f665d",
    "vertices" : [ {
      "x" : 0.0,
      "y" : -17.944271,
      "z" : -11.09017
    }, {
      "x" : 11.09017,
      "y" : 0.0,
      "z" : -17.944271
    }, {
      "x" : -11.09017,
      "y" : 0.0,
      "z" : -17.944271
    } ],
    "faces" : [ {
      "vertices" : [ 0, 1, 2 ]
    }, {
      "vertices" : [ 0, 2, 1 ]
    } ]
  }, {
    "id" : "1dcd498b-2e0b-4519-9fdb-b65ad00d14db",
    "vertices" : [ {
      "x" : -17.944271,
      "y" : 0.0,
      "z" : -11.09017
    }, {
      "x" : -11.09017,
      "y" : 17.944271,
      "z" : 0.0
    }, {
      "x" : -17.944271,
      "y" : 0.0,
      "z" : 11.09017
    } ],
    "faces" : [ {
      "vertices" : [ 0, 1, 2 ]
    }, {
      "vertices" : [ 0, 2, 1 ]
    } ]
  }, {
    "id" : "a8d4ea48-8d71-4e0d-a837-f1aa1916f946",
    "vertices" : [ {
      "x" : 0.0,
      "y" : 11.09017,
      "z" : 17.944271
    }, {
      "x" : -11.09017,
      "y" : 17.944271,
      "z" : 0.0
    }, {
      "x" : -17.944271,
      "y" : 0.0,
      "z" : 11.09017
    } ],
    "faces" : [ {
      "vertices" : [ 0, 1, 2 ]
    }, {
      "vertices" : [ 0, 2, 1 ]
    } ]
  } ],
  "instances" : [ {
    "shape" : "19cd8e2b-7629-4af3-bf2e-0788924899e5",
    "color" : "#FFFFFF",
    "position" : {
      "x" : -11.09017,
      "y" : 17.944271,
      "z" : 0.0
    }
  }, {
    "shape" : "9fd830cb-ce85-4822-ae52-5bdcb6b4e521",
    "color" : "#1E1E1E",
    "position" : {
      "x" : -17.944271,
      "y" : 0.0,
      "z" : -11.09017
    },
    "orientation" : 3
  }, {
    "shape" : "9c83cc6a-73ce-40cf-937f-932f8f594c69",
    "color" : "#F7CF7F",
    "position" : {
      "x" : 0.0,
      "y" : 0.0,
      "z" : 0.0
    }
  }, {
    "shape" : "9fd830cb-ce85-4822-ae52-5bdcb6b4e521",
    "color" : "#1E1E1E",
    "position" : {
      "x" : 0.0,
      "y" : 11.09017,
      "z" : 17.944271
    },
    "orientation" : 33
  }, {
    "shape" : "151a3698-3e4b-4876-a991-02a7e1776185",
    "color" : "#B57FE2",
    "position" : {
      "x" : 0.0,
      "y" : 0.0,
      "z" : 0.0
    }
  }, {
    "shape" : "19cd8e2b-7629-4af3-bf2e-0788924899e5",
    "color" : "#FFFFFF",
    "position" : {
      "x" : -11.09017,
      "y" : 0.0,
      "z" : 17.944271
    }
  }, {
    "shape" : "104abf6c-0c5c-4088-8310-a8c1a0475d0f",
    "color" : "#B57FE2",
    "position" : {
      "x" : 0.0,
      "y" : 0.0,
      "z" : 0.0
    }
  }, {
    "shape" : "9fd830cb-ce85-4822-ae52-5bdcb6b4e521",
    "color" : "#1E1E1E",
    "position" : {
      "x" : 0.0,
      "y" : 11.09017,
      "z" : -17.944271
    },
    "orientation" : 18
  }, {
    "shape" : "44265dd0-2361-4796-b178-ac1736663864",
    "color" : "#F7CF7F",
    "position" : {
      "x" : 0.0,
      "y" : 0.0,
      "z" : 0.0
    }
  }, {
    "shape" : "89054d34-776b-4236-b6c7-0b0d003e061f",
    "color" : "#F7CF7F",
    "position" : {
      "x" : 0.0,
      "y" : 0.0,
      "z" : 0.0
    }
  }, {
    "shape" : "a57a16f6-2ba7-45c8-937d-c4b3e4b2be9a",
    "color" : "#007695",
    "position" : {
      "x" : 0.0,
      "y" : -11.09017,
      "z" : 17.944271
    },
    "orientation" : 1
  }, {
    "shape" : "a57a16f6-2ba7-45c8-937d-c4b3e4b2be9a",
    "color" : "#007695",
    "position" : {
      "x" : -11.09017,
      "y" : 0.0,
      "z" : -17.944271
    },
    "orientation" : 40
  }, {
    "shape" : "3c0fe7a6-455c-4818-966f-3a6e341a7963",
    "color" : "#B57FE2",
    "position" : {
      "x" : 0.0,
      "y" : 0.0,
      "z" : 0.0
    }
  }, {
    "shape" : "9fd830cb-ce85-4822-ae52-5bdcb6b4e521",
    "color" : "#1E1E1E",
    "position" : {
      "x" : -17.944271,
      "y" : 0.0,
      "z" : 11.09017
    },
    "orientation" : 18
  }, {
    "shape" : "a57a16f6-2ba7-45c8-937d-c4b3e4b2be9a",
    "color" : "#007695",
    "position" : {
      "x" : 17.944271,
      "y" : 11.09017,
      "z" : 0.0
    },
    "orientation" : 40
  }, {
    "shape" : "45bab02f-94c5-4030-aa6f-8effc690bd14",
    "color" : "#F7CF7F",
    "position" : {
      "x" : 0.0,
      "y" : 0.0,
      "z" : 0.0
    }
  }, {
    "shape" : "a57a16f6-2ba7-45c8-937d-c4b3e4b2be9a",
    "color" : "#007695",
    "position" : {
      "x" : -11.09017,
      "y" : 0.0,
      "z" : -17.944271
    },
    "orientation" : 21
  }, {
    "shape" : "2d7180ac-e758-4f1e-b51c-ec9ff04d45c0",
    "color" : "#F7CF7F",
    "position" : {
      "x" : 0.0,
      "y" : 0.0,
      "z" : 0.0
    }
  }, {
    "shape" : "a57a16f6-2ba7-45c8-937d-c4b3e4b2be9a",
    "color" : "#007695",
    "position" : {
      "x" : -11.09017,
      "y" : 0.0,
      "z" : 17.944271
    },
    "orientation" : 6
  }, {
    "shape" : "ddb3d8db-3611-4da4-97ae-6f455e048eaf",
    "color" : "#F7CF7F",
    "position" : {
      "x" : 0.0,
      "y" : 0.0,
      "z" : 0.0
    }
  }, {
    "shape" : "a57a16f6-2ba7-45c8-937d-c4b3e4b2be9a",
    "color" : "#007695",
    "position" : {
      "x" : 0.0,
      "y" : 17.944271,
      "z" : -11.09017
    },
    "orientation" : 24
  }, {
    "shape" : "4b255722-17dc-4faa-94c1-69a4794c8a58",
    "color" : "#B57FE2",
    "position" : {
      "x" : 0.0,
      "y" : 0.0,
      "z" : 0.0
    }
  }, {
    "shape" : "9c3ca4cb-04c0-4ca4-8c63-c087a994e0e7",
    "color" : "#F7CF7F",
    "position" : {
      "x" : 0.0,
      "y" : 0.0,
      "z" : 0.0
    }
  }, {
    "shape" : "415c61d0-99d3-4c77-bf15-266449d6b918",
    "color" : "#F7CF7F",
    "position" : {
      "x" : 0.0,
      "y" : 0.0,
      "z" : 0.0
    }
  }, {
    "shape" : "a3dde11e-bcba-45fb-bfb5-cc0e1ed2626e",
    "color" : "#F7CF7F",
    "position" : {
      "x" : 0.0,
      "y" : 0.0,
      "z" : 0.0
    }
  }, {
    "shape" : "9fd830cb-ce85-4822-ae52-5bdcb6b4e521",
    "color" : "#1E1E1E",
    "position" : {
      "x" : -17.944271,
      "y" : 0.0,
      "z" : -11.09017
    },
    "orientation" : 34
  }, {
    "shape" : "a57a16f6-2ba7-45c8-937d-c4b3e4b2be9a",
    "color" : "#007695",
    "position" : {
      "x" : 0.0,
      "y" : -17.944271,
      "z" : -11.09017
    },
    "orientation" : 11
  }, {
    "shape" : "c7772e84-a7a2-4c77-b73b-67e1c5b3af21",
    "color" : "#F7CF7F",
    "position" : {
      "x" : 0.0,
      "y" : 0.0,
      "z" : 0.0
    }
  }, {
    "shape" : "19cd8e2b-7629-4af3-bf2e-0788924899e5",
    "color" : "#FFFFFF",
    "position" : {
      "x" : -17.944271,
      "y" : -11.09017,
      "z" : 0.0
    }
  }, {
    "shape" : "a57a16f6-2ba7-45c8-937d-c4b3e4b2be9a",
    "color" : "#007695",
    "position" : {
      "x" : 0.0,
      "y" : 17.944271,
      "z" : -11.09017
    },
    "orientation" : 8
  }, {
    "shape" : "1c4f2518-3ee2-4109-8f79-d3c87ee9e719",
    "color" : "#B57FE2",
    "position" : {
      "x" : 0.0,
      "y" : 0.0,
      "z" : 0.0
    }
  }, {
    "shape" : "a57a16f6-2ba7-45c8-937d-c4b3e4b2be9a",
    "color" : "#007695",
    "position" : {
      "x" : -17.944271,
      "y" : 11.09017,
      "z" : 0.0
    },
    "orientation" : 37
  }, {
    "shape" : "9fd830cb-ce85-4822-ae52-5bdcb6b4e521",
    "color" : "#1E1E1E",
    "position" : {
      "x" : 17.944271,
      "y" : 0.0,
      "z" : 11.09017
    },
    "orientation" : 48
  }, {
    "shape" : "a57a16f6-2ba7-45c8-937d-c4b3e4b2be9a",
    "color" : "#007695",
    "position" : {
      "x" : -11.09017,
      "y" : 0.0,
      "z" : -17.944271
    },
    "orientation" : 9
  }, {
    "shape" : "a57a16f6-2ba7-45c8-937d-c4b3e4b2be9a",
    "color" : "#007695",
    "position" : {
      "x" : 0.0,
      "y" : 17.944271,
      "z" : 11.09017
    },
    "orientation" : 26
  }, {
    "shape" : "a57a16f6-2ba7-45c8-937d-c4b3e4b2be9a",
    "color" : "#007695",
    "position" : {
      "x" : -17.944271,
      "y" : 11.09017,
      "z" : 0.0
    },
    "orientation" : 11
  }, {
    "shape" : "9fd830cb-ce85-4822-ae52-5bdcb6b4e521",
    "color" : "#1E1E1E",
    "position" : {
      "x" : -11.09017,
      "y" : 17.944271,
      "z" : 0.0
    },
    "orientation" : 5
  }, {
    "shape" : "9fd830cb-ce85-4822-ae52-5bdcb6b4e521",
    "color" : "#1E1E1E",
    "position" : {
      "x" : 11.09017,
      "y" : 17.944271,
      "z" : 0.0
    },
    "orientation" : 50
  }, {
    "shape" : "d17e84ae-8f94-40a3-8302-77879b2a31d1",
    "color" : "#F7CF7F",
    "position" : {
      "x" : 0.0,
      "y" : 0.0,
      "z" : 0.0
    }
  }, {
    "shape" : "a57a16f6-2ba7-45c8-937d-c4b3e4b2be9a",
    "color" : "#007695",
    "position" : {
      "x" : 0.0,
      "y" : -17.944271,
      "z" : 11.09017
    },
    "orientation" : 56
  }, {
    "shape" : "900e64c5-08d1-43ae-b8c0-9c7420b9c5ec",
    "color" : "#B57FE2",
    "position" : {
      "x" : 0.0,
      "y" : 0.0,
      "z" : 0.0
    }
  }, {
    "shape" : "a57a16f6-2ba7-45c8-937d-c4b3e4b2be9a",
    "color" : "#007695",
    "position" : {
      "x" : -17.944271,
      "y" : 11.09017,
      "z" : 0.0
    },
    "orientation" : 16
  }, {
    "shape" : "a57a16f6-2ba7-45c8-937d-c4b3e4b2be9a",
    "color" : "#007695",
    "position" : {
      "x" : 0.0,
      "y" : -17.944271,
      "z" : 11.09017
    },
    "orientation" : 9
  }, {
    "shape" : "9fd830cb-ce85-4822-ae52-5bdcb6b4e521",
    "color" : "#1E1E1E",
    "position" : {
      "x" : 17.944271,
      "y" : 0.0,
      "z" : -11.09017
    },
    "orientation" : 33
  }, {
    "shape" : "19cd8e2b-7629-4af3-bf2e-0788924899e5",
    "color" : "#FFFFFF",
    "position" : {
      "x" : 0.0,
      "y" : -11.09017,
      "z" : -17.944271
    }
  }, {
    "shape" : "19cd8e2b-7629-4af3-bf2e-0788924899e5",
    "color" : "#FFFFFF",
    "position" : {
      "x" : 17.944271,
      "y" : 0.0,
      "z" : -11.09017
    }
  }, {
    "shape" : "19cd8e2b-7629-4af3-bf2e-0788924899e5",
    "color" : "#FFFFFF",
    "position" : {
      "x" : 0.0,
      "y" : -11.09017,
      "z" : 17.944271
    }
  }, {
    "shape" : "a57a16f6-2ba7-45c8-937d-c4b3e4b2be9a",
    "color" : "#007695",
    "position" : {
      "x" : -17.944271,
      "y" : -11.09017,
      "z" : 0.0
    },
    "orientation" : 10
  }, {
    "shape" : "a57a16f6-2ba7-45c8-937d-c4b3e4b2be9a",
    "color" : "#007695",
    "position" : {
      "x" : -11.09017,
      "y" : 17.944271,
      "z" : 0.0
    },
    "orientation" : 0
  }, {
    "shape" : "a57a16f6-2ba7-45c8-937d-c4b3e4b2be9a",
    "color" : "#007695",
    "position" : {
      "x" : -17.944271,
      "y" : 11.09017,
      "z" : 0.0
    },
    "orientation" : 25
  }, {
    "shape" : "dfa64715-88ad-42ff-ba95-7c2f864ea2ee",
    "color" : "#F7CF7F",
    "position" : {
      "x" : 0.0,
      "y" : 0.0,
      "z" : 0.0
    }
  }, {
    "shape" : "19cd8e2b-7629-4af3-bf2e-0788924899e5",
    "color" : "#FFFFFF",
    "position" : {
      "x" : 0.0,
      "y" : 11.09017,
      "z" : 17.944271
    }
  }, {
    "shape" : "19cd8e2b-7629-4af3-bf2e-0788924899e5",
    "color" : "#FFFFFF",
    "position" : {
      "x" : 17.944271,
      "y" : -11.09017,
      "z" : 0.0
    }
  }, {
    "shape" : "ffd50a01-0af6-42ac-a75e-23050bd6eda5",
    "color" : "#F7CF7F",
    "position" : {
      "x" : 0.0,
      "y" : 0.0,
      "z" : 0.0
    }
  }, {
    "shape" : "4a3fb038-c1b6-47d6-a3db-a1bc457811e2",
    "color" : "#F7CF7F",
    "position" : {
      "x" : 0.0,
      "y" : 0.0,
      "z" : 0.0
    }
  }, {
    "shape" : "a57a16f6-2ba7-45c8-937d-c4b3e4b2be9a",
    "color" : "#007695",
    "position" : {
      "x" : 17.944271,
      "y" : -11.09017,
      "z" : 0.0
    },
    "orientation" : 55
  }, {
    "shape" : "136645c9-c0a6-4df5-a77c-a287612770b6",
    "color" : "#F7CF7F",
    "position" : {
      "x" : 0.0,
      "y" : 0.0,
      "z" : 0.0
    }
  }, {
    "shape" : "8810f22d-cdd3-4cae-98a3-be518288b9af",
