{
  "field" : "golden",
  "symmetry" : "icosahedral",
  "orientations" : [ [ 1.0, 0.0, 0.0, 0.0, 0.0, 1.0, 0.0, 0.0, 0.0, 0.0, 1.0, 0.0, 0.0, 0.0, 0.0, 1.0 ], [ 0.0, 0.0, 1.0, 0.0, 1.0, 0.0, 0.0, 0.0, 0.0, 1.0, 0.0, 0.0, 0.0, 0.0, 0.0, 1.0 ], [ 0.0, 1.0, 0.0, 0.0, 0.0, 0.0, 1.0, 0.0, 1.0, 0.0, 0.0, 0.0, 0.0, 0.0, 0.0, 1.0 ], [ 0.809017, 0.309017, 0.5, 0.0, 0.309017, 0.5, -0.809017, 0.0, -0.5, 0.809017, 0.309017, 0.0, 0.0, 0.0, 0.0, 1.0 ], [ -0.5, 0.809017, 0.309017, 0.0, 0.809017, 0.309017, 0.5, 0.0, 0.309017, 0.5, -0.809017, 0.0, 0.0, 0.0, 0.0, 1.0 ], [ 0.309017, 0.5, -0.809017, 0.0, -0.5, 0.809017, 0.309017, 0.0, 0.809017, 0.309017, 0.5, 0.0, 0.0, 0.0, 0.0, 1.0 ], [ 0.5, 0.809017, 0.309017, 0.0, 0.809017, -0.309017, -0.5, 0.0, -0.309017, 0.5, -0.809017, 0.0, 0.0, 0.0, 0.0, 1.0 ], [ -0.309017, 0.5, -0.809017, 0.0, 0.5, 0.809017, 0.309017, 0.0, 0.809017, -0.309017, -0.5, 0.0, 0.0, 0.0, 0.0, 1.0 ], [ 0.809017, -0.309017, -0.5, 0.0, -0.309017, 0.5, -0.809017, 0.0, 0.5, 0.809017, 0.309017, 0.0, 0.0, 0.0, 0.0, 1.0 ], [ 0.5, 0.809017, -0.309017, 0.0, 0.809017, -0.309017, 0.5, 0.0, 0.309017, -0.5, -0.809017, 0.0, 0.0, 0.0, 0.0, 1.0 ], [ 0.309017, -0.5, -0.809017, 0.0, 0.5, 0.809017, -0.309017, 0.0, 0.809017, -0.309017, 0.5, 0.0, 0.0, 0.0, 0.0, 1.0 ], [ 0.809017, -0.309017, 0.5, 0.0, 0.309017, -0.5, -0.809017, 0.0, 0.5, 0.809017, -0.309017, 0.0, 0.0, 0.0, 0.0, 1.0 ], [ 0.809017, 0.309017, -0.5, 0.0, 0.309017, 0.5, 0.809017, 0.0, 0.5, -0.809017, 0.309017, 0.0, 0.0, 0.0, 0.0, 1.0 ], [ 0.5, -0.809017, 0.309017, 0.0, 0.809017, 0.309017, -0.5, 0.0, 0.309017, 0.5, 0.809017, 0.0, 0.0, 0.0, 0.0, 1.0 ], [ 0.309017, 0.5, 0.809017, 0.0, 0.5, -0.809017, 0.309017, 0.0, 0.809017, 0.309017, -0.5, 0.0, 0.0, 0.0, 0.0, 1.0 ], [ 1.0, 0.0, 0.0, 0.0, 0.0, -1.0, 0.0, 0.0, 0.0, 0.0, -1.0, 0.0, 0.0, 0.0, 0.0, 1.0 ], [ 0.0, 0.0, 1.0, 0.0, -1.0, 0.0, 0.0, 0.0, 0.0, -1.0, 0.0, 0.0, 0.0, 0.0, 0.0, 1.0 ], [ 0.0, 1.0, 0.0, 0.0, 0.0, 0.0, -1.0, 0.0, -1.0, 0.0, 0.0, 0.0, 0.0, 0.0, 0.0, 1.0 ], [ 0.809017, 0.309017, 0.5, 0.0, -0.309017, -0.5, 0.809017, 0.0, 0.5, -0.809017, -0.309017, 0.0, 0.0, 0.0, 0.0, 1.0 ], [ -0.5, 0.809017, 0.309017, 0.0, -0.809017, -0.309017, -0.5, 0.0, -0.309017, -0.5, 0.809017, 0.0, 0.0, 0.0, 0.0, 1.0 ], [ 0.309017, 0.5, -0.809017, 0.0, 0.5, -0.809017, -0.309017, 0.0, -0.809017, -0.309017, -0.5, 0.0, 0.0, 0.0, 0.0, 1.0 ], [ 0.5, 0.809017, 0.309017, 0.0, -0.809017, 0.309017, 0.5, 0.0, 0.309017, -0.5, 0.809017, 0.0, 0.0, 0.0, 0.0, 1.0 ], [ -0.309017, 0.5, -0.809017, 0.0, -0.5, -0.809017, -0.309017, 0.0, -0.809017, 0.309017, 0.5, 0.0, 0.0, 0.0, 0.0, 1.0 ], [ 0.809017, -0.309017, -0.5, 0.0, 0.309017, -0.5, 0.809017, 0.0, -0.5, -0.809017, -0.309017, 0.0, 0.0, 0.0, 0.0, 1.0 ], [ 0.5, 0.809017, -0.309017, 0.0, -0.809017, 0.309017, -0.5, 0.0, -0.309017, 0.5, 0.809017, 0.0, 0.0, 0.0, 0.0, 1.0 ], [ 0.309017, -0.5, -0.809017, 0.0, -0.5, -0.809017, 0.309017, 0.0, -0.809017, 0.309017, -0.5, 0.0, 0.0, 0.0, 0.0, 1.0 ], [ 0.809017, -0.309017, 0.5, 0.0, -0.309017, 0.5, 0.809017, 0.0, -0.5, -0.809017, 0.309017, 0.0, 0.0, 0.0, 0.0, 1.0 ], [ 0.809017, 0.309017, -0.5, 0.0, -0.309017, -0.5, -0.809017, 0.0, -0.5, 0.809017, -0.309017, 0.0, 0.0, 0.0, 0.0, 1.0 ], [ 0.5, -0.809017, 0.309017, 0.0, -0.809017, -0.309017, 0.5, 0.0, -0.309017, -0.5, -0.809017, 0.0, 0.0, 0.0, 0.0, 1.0 ], [ 0.309017, 0.5, 0.809017, 0.0, -0.5, 0.809017, -0.309017, 0.0, -0.809017, -0.309017, 0.5, 0.0, 0.0, 0.0, 0.0, 1.0 ], [ -1.0, 0.0, 0.0, 0.0, 0.0, -1.0, 0.0, 0.0, 0.0, 0.0, 1.0, 0.0, 0.0, 0.0, 0.0, 1.0 ], [ 0.0, 0.0, -1.0, 0.0, -1.0, 0.0, 0.0, 0.0, 0.0, 1.0, 0.0, 0.0, 0.0, 0.0, 0.0, 1.0 ], [ 0.0, -1.0, 0.0, 0.0, 0.0, 0.0, -1.0, 0.0, 1.0, 0.0, 0.0, 0.0, 0.0, 0.0, 0.0, 1.0 ], [ -0.809017, -0.309017, -0.5, 0.0, -0.309017, -0.5, 0.809017, 0.0, -0.5, 0.809017, 0.309017, 0.0, 0.0, 0.0, 0.0, 1.0 ], [ 0.5, -0.809017, -0.309017, 0.0, -0.809017, -0.309017, -0.5, 0.0, 0.309017, 0.5, -0.809017, 0.0, 0.0, 0.0, 0.0, 1.0 ], [ -0.309017, -0.5, 0.809017, 0.0, 0.5, -0.809017, -0.309017, 0.0, 0.809017, 0.309017, 0.5, 0.0, 0.0, 0.0, 0.0, 1.0 ], [ -0.5, -0.809017, -0.309017, 0.0, -0.809017, 0.309017, 0.5, 0.0, -0.309017, 0.5, -0.809017, 0.0, 0.0, 0.0, 0.0, 1.0 ], [ 0.309017, -0.5, 0.809017, 0.0, -0.5, -0.809017, -0.309017, 0.0, 0.809017, -0.309017, -0.5, 0.0, 0.0, 0.0, 0.0, 1.0 ], [ -0.809017, 0.309017, 0.5, 0.0, 0.309017, -0.5, 0.809017, 0.0, 0.5, 0.809017, 0.309017, 0.0, 0.0, 0.0, 0.0, 1.0 ], [ -0.5, -0.809017, 0.309017, 0.0, -0.809017, 0.309017, -0.5, 0.0, 0.309017, -0.5, -0.809017, 0.0, 0.0, 0.0, 0.0, 1.0 ], [ -0.309017, 0.5, 0.809017, 0.0, -0.5, -0.809017, 0.309017, 0.0, 0.809017, -0.309017, 0.5, 0.0, 0.0, 0.0, 0.0, 1.0 ], [ -0.809017, 0.309017, -0.5, 0.0, -0.309017, 0.5, 0.809017, 0.0, 0.5, 0.809017, -0.309017, 0.0, 0.0, 0.0, 0.0, 1.0 ], [ -0.809017, -0.309017, 0.5, 0.0, -0.309017, -0.5, -0.809017, 0.0, 0.5, -0.809017, 0.309017, 0.0, 0.0, 0.0, 0.0, 1.0 ], [ -0.5, 0.809017, -0.309017, 0.0, -0.809017, -0.309017, 0.5, 0.0, 0.309017, 0.5, 0.809017, 0.0, 0.0, 0.0, 0.0, 1.0 ], [ -0.309017, -0.5, -0.809017, 0.0, -0.5, 0.809017, -0.309017, 0.0, 0.809017, 0.309017, -0.5, 0.0, 0.0, 0.0, 0.0, 1.0 ], [ -1.0, 0.0, 0.0, 0.0, 0.0, 1.0, 0.0, 0.0, 0.0, 0.0, -1.0, 0.0, 0.0, 0.0, 0.0, 1.0 ], [ 0.0, 0.0, -1.0, 0.0, 1.0, 0.0, 0.0, 0.0, 0.0, -1.0, 0.0, 0.0, 0.0, 0.0, 0.0, 1.0 ], [ 0.0, -1.0, 0.0, 0.0, 0.0, 0.0, 1.0, 0.0, -1.0, 0.0, 0.0, 0.0, 0.0, 0.0, 0.0, 1.0 ], [ -0.809017, -0.309017, -0.5, 0.0, 0.309017, 0.5, -0.809017, 0.0, 0.5, -0.809017, -0.309017, 0.0, 0.0, 0.0, 0.0, 1.0 ], [ 0.5, -0.809017, -0.309017, 0.0, 0.809017, 0.309017, 0.5, 0.0, -0.309017, -0.5, 0.809017, 0.0, 0.0, 0.0, 0.0, 1.0 ], [ -0.309017, -0.5, 0.809017, 0.0, -0.5, 0.809017, 0.309017, 0.0, -0.809017, -0.309017, -0.5, 0.0, 0.0, 0.0, 0.0, 1.0 ], [ -0.5, -0.809017, -0.309017, 0.0, 0.809017, -0.309017, -0.5, 0.0, 0.309017, -0.5, 0.809017, 0.0, 0.0, 0.0, 0.0, 1.0 ], [ 0.309017, -0.5, 0.809017, 0.0, 0.5, 0.809017, 0.309017, 0.0, -0.809017, 0.309017, 0.5, 0.0, 0.0, 0.0, 0.0, 1.0 ], [ -0.809017, 0.309017, 0.5, 0.0, -0.309017, 0.5, -0.809017, 0.0, -0.5, -0.809017, -0.309017, 0.0, 0.0, 0.0, 0.0, 1.0 ], [ -0.5, -0.809017, 0.309017, 0.0, 0.809017, -0.309017, 0.5, 0.0, -0.309017, 0.5, 0.809017, 0.0, 0.0, 0.0, 0.0, 1.0 ], [ -0.309017, 0.5, 0.809017, 0.0, 0.5, 0.809017, -0.309017, 0.0, -0.809017, 0.309017, -0.5, 0.0, 0.0, 0.0, 0.0, 1.0 ], [ -0.809017, 0.309017, -0.5, 0.0, 0.309017, -0.5, -0.809017, 0.0, -0.5, -0.809017, 0.309017, 0.0, 0.0, 0.0, 0.0, 1.0 ], [ -0.809017, -0.309017, 0.5, 0.0, 0.309017, 0.5, 0.809017, 0.0, -0.5, 0.809017, -0.309017, 0.0, 0.0, 0.0, 0.0, 1.0 ], [ -0.5, 0.809017, -0.309017, 0.0, 0.809017, 0.309017, -0.5, 0.0, -0.309017, -0.5, -0.809017, 0.0, 0.0, 0.0, 0.0, 1.0 ], [ -0.309017, -0.5, -0.809017, 0.0, 0.5, -0.809017, 0.309017, 0.0, -0.809017, -0.309017, 0.5, 0.0, 0.0, 0.0, 0.0, 1.0 ] ],
  "lights" : {
    "ambientColor" : "#292929",
    "backgroundColor" : "#CCCCCC",
    "directionalLights" : [ {
      "direction" : {
        "x" : 1.0,
        "y" : -1.0,
        "z" : -1.0
      },
      "color" : "#EBEBE4"
    }, {
      "direction" : {
        "x" : -1.0,
        "y" : 0.0,
        "z" : 0.0
      },
      "color" : "#E4E4EB"
    }, {
      "direction" : {
        "x" : 0.0,
        "y" : 0.0,
        "z" : -1.0
      },
      "color" : "#1E1E1E"
    } ]
  },
  "camera" : {
    "perspective" : false,
    "viewDistance" : 241.98589,
    "nearClipDistance" : 0.6049652,
    "farClipDistance" : 483.9711,
    "lookAtPoint" : {
      "x" : 0.0,
      "y" : 0.0,
      "z" : 0.0
    },
    "fieldOfView" : 0.44262865,
    "lookDirection" : {
      "x" : -0.01732622,
      "y" : 0.021195583,
      "z" : -0.99961066
    },
    "upDirection" : {
      "x" : -0.0015793926,
      "y" : 0.9997667,
      "z" : 0.02121081
    },
    "width" : 108.893585,
    "stereo" : false,
    "position" : {
      "x" : 4.192701,
      "y" : -5.129032,
      "z" : 241.89168
    }
  },
  "embedding" : [ 1.0, 0.0, 0.0, 0.0, 0.0, 1.0, 0.0, 0.0, 0.0, 0.0, 1.0, 0.0, 0.0, 0.0, 0.0, 1.0 ],
  "shapes" : [ {
    "id" : "a8737286-6383-49c4-9cef-465e65b802a3",
    "vertices" : [ {
      "x" : 0.309017,
      "y" : -0.309017,
      "z" : -0.309017
    }, {
      "x" : 0.5,
      "y" : 0.0,
      "z" : -0.19098301
    }, {
      "x" : 0.5,
      "y" : 0.0,
      "z" : 0.19098301
    }, {
      "x" : 0.309017,
      "y" : -0.309017,
      "z" : 0.309017
    }, {
      "x" : 0.19098301,
      "y" : -0.5,
      "z" : 0.0
    }, {
      "x" : 0.0,
      "y" : 0.19098301,
      "z" : 0.5
    }, {
      "x" : 0.0,
      "y" : -0.19098301,
      "z" : 0.5
    }, {
      "x" : 0.309017,
      "y" : 0.309017,
      "z" : 0.309017
    }, {
      "x" : -0.309017,
      "y" : -0.309017,
      "z" : 0.309017
    }, {
      "x" : -0.309017,
      "y" : 0.309017,
      "z" : 0.309017
    }, {
      "x" : -0.5,
      "y" : 0.0,
      "z" : 0.19098301
    }, {
      "x" : 0.0,
      "y" : -0.19098301,
      "z" : -0.5
    }, {
      "x" : 0.0,
      "y" : 0.19098301,
      "z" : -0.5
    }, {
      "x" : 0.309017,
      "y" : 0.309017,
      "z" : -0.309017
    }, {
      "x" : -0.309017,
      "y" : -0.309017,
      "z" : -0.309017
    }, {
      "x" : -0.19098301,
      "y" : -0.5,
      "z" : 0.0
    }, {
      "x" : -0.5,
      "y" : 0.0,
      "z" : -0.19098301
    }, {
      "x" : 0.19098301,
      "y" : 0.5,
      "z" : 0.0
    }, {
      "x" : -0.309017,
      "y" : 0.309017,
      "z" : -0.309017
    }, {
      "x" : 0.0,
      "y" : 0.0,
      "z" : 0.0
    }, {
      "x" : -0.19098301,
      "y" : 0.5,
      "z" : 0.0
    } ],
    "faces" : [ {
      "vertices" : [ 12, 18, 20 ]
    }, {
      "vertices" : [ 12, 20, 17 ]
    }, {
      "vertices" : [ 12, 17, 13 ]
    }, {
      "vertices" : [ 3, 6, 8 ]
    }, {
      "vertices" : [ 3, 8, 15 ]
    }, {
      "vertices" : [ 3, 15, 4 ]
    }, {
      "vertices" : [ 0, 11, 12 ]
    }, {
      "vertices" : [ 0, 12, 13 ]
    }, {
      "vertices" : [ 0, 13, 1 ]
    }, {
      "vertices" : [ 5, 9, 10 ]
    }, {
      "vertices" : [ 5, 10, 8 ]
    }, {
      "vertices" : [ 5, 8, 6 ]
    }, {
      "vertices" : [ 2, 7, 5 ]
    }, {
      "vertices" : [ 2, 5, 6 ]
    }, {
      "vertices" : [ 2, 6, 3 ]
    }, {
      "vertices" : [ 11, 14, 16 ]
    }, {
      "vertices" : [ 11, 16, 18 ]
    }, {
      "vertices" : [ 11, 18, 12 ]
    }, {
      "vertices" : [ 1, 13, 17 ]
    }, {
      "vertices" : [ 1, 17, 7 ]
    }, {
      "vertices" : [ 1, 7, 2 ]
    }, {
      "vertices" : [ 9, 20, 18 ]
    }, {
      "vertices" : [ 9, 18, 16 ]
    }, {
      "vertices" : [ 9, 16, 10 ]
    }, {
      "vertices" : [ 0, 1, 2 ]
    }, {
      "vertices" : [ 0, 2, 3 ]
    }, {
      "vertices" : [ 0, 3, 4 ]
    }, {
      "vertices" : [ 5, 7, 17 ]
    }, {
      "vertices" : [ 5, 17, 20 ]
    }, {
      "vertices" : [ 5, 20, 9 ]
    }, {
      "vertices" : [ 0, 4, 15 ]
    }, {
      "vertices" : [ 0, 15, 14 ]
    }, {
      "vertices" : [ 0, 14, 11 ]
    }, {
      "vertices" : [ 8, 10, 16 ]
    }, {
      "vertices" : [ 8, 16, 14 ]
    }, {
      "vertices" : [ 8, 14, 15 ]
    } ]
  }, {
    "id" : "f5d6464f-0df3-40f3-89d0-8c335190c178",
    "vertices" : [ {
      "x" : 17.944271,
      "y" : 0.0,
      "z" : -6.854102
    }, {
      "x" : 17.635256,
      "y" : 0.0,
      "z" : -6.736068
    }, {
      "x" : 17.230747,
      "y" : -0.1545085,
      "z" : -6.295085
    }, {
      "x" : 17.039762,
      "y" : -0.1545085,
      "z" : -6.795085
    }, {
      "x" : 0.9045085,
      "y" : -0.1545085,
      "z" : -0.059016995
    }, {
      "x" : 0.809017,
      "y" : 0.309017,
      "z" : -0.309017
    }, {
      "x" : 0.309017,
      "y" : 0.0,
      "z" : -0.11803399
    }, {
      "x" : 17.135256,
      "y" : 0.309017,
      "z" : -6.545085
    }, {
      "x" : 0.7135255,
      "y" : -0.1545085,
      "z" : -0.559017
    } ],
    "faces" : [ {
      "vertices" : [ 2, 4, 8 ]
    }, {
      "vertices" : [ 2, 8, 3 ]
    }, {
      "vertices" : [ 2, 7, 5 ]
    }, {
      "vertices" : [ 2, 5, 4 ]
    }, {
      "vertices" : [ 4, 6, 8 ]
    }, {
      "vertices" : [ 5, 8, 6 ]
    }, {
      "vertices" : [ 1, 2, 3 ]
    }, {
      "vertices" : [ 3, 8, 5 ]
    }, {
      "vertices" : [ 3, 5, 7 ]
    }, {
      "vertices" : [ 1, 7, 2 ]
    }, {
      "vertices" : [ 1, 3, 7 ]
    }, {
      "vertices" : [ 4, 5, 6 ]
    } ]
  }, {
    "id" : "0963e66b-9d48-4a06-9b68-7b5de6d27e49",
    "vertices" : [ {
      "x" : 0.9045085,
      "y" : 0.3454915,
      "z" : 0.25
    }, {
      "x" : 3.5225425,
      "y" : 1.9635255,
      "z" : 0.25
    }, {
      "x" : 3.3315594,
      "y" : 2.2725425,
      "z" : 0.25
    }, {
      "x" : 0.7135255,
      "y" : 0.6545085,
      "z" : 0.25
    }, {
      "x" : 0.809017,
      "y" : 0.5,
      "z" : -0.309017
    }, {
      "x" : 0.9635255,
      "y" : 0.25,
      "z" : -0.095491506
    }, {
      "x" : 0.309017,
      "y" : 0.19098301,
      "z" : 0.0
    }, {
      "x" : 3.927051,
      "y" : 2.427051,
      "z" : 0.0
    }, {
      "x" : 3.2725425,
      "y" : 2.368034,
      "z" : -0.095491506
    }, {
      "x" : 3.427051,
      "y" : 2.118034,
      "z" : -0.309017
    }, {
      "x" : 4.236068,
      "y" : 2.618034,
      "z" : 0.0
    }, {
      "x" : 0.6545085,
      "y" : 0.75,
      "z" : -0.095491506
    }, {
      "x" : 3.5815594,
      "y" : 1.868034,
      "z" : -0.095491506
    } ],
    "faces" : [ {
      "vertices" : [ 4, 11, 8 ]
    }, {
      "vertices" : [ 4, 8, 9 ]
    }, {
      "vertices" : [ 0, 1, 2 ]
    }, {
      "vertices" : [ 0, 2, 3 ]
    }, {
      "vertices" : [ 0, 3, 6 ]
    }, {
      "vertices" : [ 1, 7, 2 ]
    }, {
      "vertices" : [ 0, 6, 5 ]
    }, {
      "vertices" : [ 4, 5, 6 ]
    }, {
      "vertices" : [ 2, 7, 8 ]
    }, {
      "vertices" : [ 0, 5, 12 ]
    }, {
      "vertices" : [ 0, 12, 1 ]
    }, {
      "vertices" : [ 1, 12, 7 ]
    }, {
      "vertices" : [ 3, 11, 6 ]
    }, {
      "vertices" : [ 4, 6, 11 ]
    }, {
      "vertices" : [ 7, 9, 8 ]
    }, {
      "vertices" : [ 2, 8, 11 ]
    }, {
      "vertices" : [ 2, 11, 3 ]
    }, {
      "vertices" : [ 7, 12, 9 ]
    }, {
      "vertices" : [ 4, 9, 12 ]
    }, {
      "vertices" : [ 4, 12, 5 ]
    } ]
  }, {
    "id" : "25d5019e-1d4e-4a77-b6d3-3e26a0f36e32",
    "vertices" : [ {
      "x" : -11.09017,
      "y" : 0.0,
      "z" : -17.944271
    }, {
      "x" : 6.854102,
      "y" : 0.0,
      "z" : -11.09017
    }, {
      "x" : 17.944271,
      "y" : -11.09017,
      "z" : 0.0
    }, {
      "x" : 0.0,
      "y" : -11.09017,
      "z" : -6.854102
    } ],
    "faces" : [ {
      "vertices" : [ 0, 1, 2 ]
    }, {
      "vertices" : [ 0, 2, 3 ]
    }, {
      "vertices" : [ 0, 3, 2 ]
    }, {
      "vertices" : [ 0, 2, 1 ]
    } ]
  }, {
    "id" : "c6a838bf-c3de-45fe-8945-331fde051164",
    "vertices" : [ {
      "x" : -17.944271,
      "y" : 11.09017,
      "z" : 0.0
    }, {
      "x" : -6.854102,
      "y" : 0.0,
      "z" : -11.09017
    }, {
      "x" : 0.0,
      "y" : -17.944271,
      "z" : -11.09017
    }, {
      "x" : -11.09017,
      "y" : -6.854102,
      "z" : 0.0
    } ],
    "faces" : [ {
      "vertices" : [ 0, 1, 2 ]
    }, {
      "vertices" : [ 0, 2, 3 ]
    }, {
      "vertices" : [ 0, 3, 2 ]
    }, {
      "vertices" : [ 0, 2, 1 ]
    } ]
  }, {
    "id" : "72c9f811-a3ea-4e62-9d40-ba2fd222335b",
    "vertices" : [ {
      "x" : 0.0,
      "y" : 17.944271,
      "z" : 11.09017
    }, {
      "x" : 6.854102,
      "y" : 0.0,
      "z" : 11.09017
    }, {
      "x" : 17.944271,
      "y" : -11.09017,
      "z" : 0.0
    }, {
      "x" : 11.09017,
      "y" : 6.854102,
      "z" : 0.0
    } ],
    "faces" : [ {
      "vertices" : [ 0, 1, 2 ]
    }, {
      "vertices" : [ 0, 2, 3 ]
    }, {
      "vertices" : [ 0, 3, 2 ]
    }, {
      "vertices" : [ 0, 2, 1 ]
    } ]
  }, {
    "id" : "b4631b1f-be6b-4563-9298-c274e7c2f229",
    "vertices" : [ {
      "x" : -17.944271,
      "y" : 11.09017,
      "z" : 0.0
    }, {
      "x" : -6.854102,
      "y" : 0.0,
      "z" : 11.09017
    }, {
      "x" : 11.09017,
      "y" : 0.0,
      "z" : 17.944271
    }, {
      "x" : 0.0,
      "y" : 11.09017,
      "z" : 6.854102
    } ],
    "faces" : [ {
      "vertices" : [ 0, 1, 2 ]
    }, {
      "vertices" : [ 0, 2, 3 ]
    }, {
      "vertices" : [ 0, 3, 2 ]
    }, {
      "vertices" : [ 0, 2, 1 ]
    } ]
  }, {
    "id" : "db70f8a5-8797-4983-9d0a-2a99c5ff05ae",
    "vertices" : [ {
      "x" : -11.09017,
      "y" : 0.0,
      "z" : 17.944271
    }, {
      "x" : 0.0,
      "y" : 11.09017,
      "z" : 6.854102
    }, {
      "x" : 0.0,
      "y" : 17.944271,
      "z" : -11.09017
    }, {
      "x" : -11.09017,
      "y" : 6.854102,
      "z" : 0.0
    } ],
    "faces" : [ {
      "vertices" : [ 0, 1, 2 ]
    }, {
      "vertices" : [ 0, 2, 3 ]
    }, {
      "vertices" : [ 0, 3, 2 ]
    }, {
      "vertices" : [ 0, 2, 1 ]
    } ]
  }, {
    "id" : "528e412f-63ca-4142-9ff1-888a89d31a73",
    "vertices" : [ {
      "x" : -17.944271,
      "y" : -11.09017,
      "z" : 0.0
    }, {
      "x" : 0.0,
      "y" : -11.09017,
      "z" : 6.854102
    }, {
      "x" : 11.09017,
      "y" : 0.0,
      "z" : 17.944271
    }, {
      "x" : -6.854102,
      "y" : 0.0,
      "z" : 11.09017
    } ],
    "faces" : [ {
      "vertices" : [ 0, 1, 2 ]
    }, {
      "vertices" : [ 0, 2, 3 ]
    }, {
      "vertices" : [ 0, 3, 2 ]
    }, {
      "vertices" : [ 0, 2, 1 ]
    } ]
  }, {
    "id" : "22ddd452-f9e2-4556-a8e3-28602fcb740b",
    "vertices" : [ {
      "x" : 0.0,
      "y" : 17.944271,
      "z" : -11.09017
    }, {
      "x" : 11.09017,
      "y" : 6.854102,
      "z" : 0.0
    }, {
      "x" : 17.944271,
      "y" : -11.09017,
      "z" : 0.0
    }, {
      "x" : 6.854102,
      "y" : 0.0,
      "z" : -11.09017
    } ],
    "faces" : [ {
      "vertices" : [ 0, 1, 2 ]
    }, {
      "vertices" : [ 0, 2, 3 ]
    }, {
      "vertices" : [ 0, 3, 2 ]
    }, {
      "vertices" : [ 0, 2, 1 ]
    } ]
  }, {
    "id" : "c3dfadb5-daf4-4ff8-a4bf-466a36bebcd0",
    "vertices" : [ {
      "x" : -17.944271,
      "y" : -11.09017,
      "z" : 0.0
    }, {
      "x" : 0.0,
      "y" : -11.09017,
      "z" : -6.854102
    }, {
      "x" : 17.944271,
      "y" : -11.09017,
      "z" : 0.0
    }, {
      "x" : 0.0,
      "y" : -11.09017,
      "z" : 6.854102
    } ],
    "faces" : [ {
      "vertices" : [ 0, 1, 2 ]
    }, {
      "vertices" : [ 0, 2, 3 ]
    }, {
      "vertices" : [ 0, 3, 2 ]
    }, {
      "vertices" : [ 0, 2, 1 ]
    } ]
  }, {
    "id" : "bf754e6a-e359-4d01-a00d-30a03daee633",
    "vertices" : [ {
      "x" : -17.944271,
      "y" : 11.09017,
      "z" : 0.0
    }, {
      "x" : 0.0,
      "y" : 11.09017,
      "z" : -6.854102
    }, {
      "x" : 11.09017,
      "y" : 0.0,
      "z" : -17.944271
    }, {
      "x" : -6.854102,
      "y" : 0.0,
      "z" : -11.09017
    } ],
    "faces" : [ {
      "vertices" : [ 0, 1, 2 ]
    }, {
      "vertices" : [ 0, 2, 3 ]
    }, {
      "vertices" : [ 0, 3, 2 ]
    }, {
      "vertices" : [ 0, 2, 1 ]
    } ]
  }, {
    "id" : "4f90f637-0eb7-4876-915e-8515bae2aaac",
    "vertices" : [ {
      "x" : -11.09017,
      "y" : 0.0,
      "z" : 17.944271
    }, {
      "x" : 6.854102,
      "y" : 0.0,
      "z" : 11.09017
    }, {
      "x" : 17.944271,
      "y" : 11.09017,
      "z" : 0.0
    }, {
      "x" : 0.0,
      "y" : 11.09017,
      "z" : 6.854102
    } ],
    "faces" : [ {
      "vertices" : [ 0, 1, 2 ]
    }, {
      "vertices" : [ 0, 2, 3 ]
    }, {
      "vertices" : [ 0, 3, 2 ]
    }, {
      "vertices" : [ 0, 2, 1 ]
    } ]
  }, {
    "id" : "83191801-0b56-4753-8c84-f424e7835906",
    "vertices" : [ {
      "x" : 0.0,
      "y" : -17.944271,
      "z" : 11.09017
    }, {
      "x" : 11.09017,
      "y" : -6.854102,
      "z" : 0.0
    }, {
      "x" : 17.944271,
      "y" : 11.09017,
      "z" : 0.0
    }, {
      "x" : 6.854102,
      "y" : 0.0,
      "z" : 11.09017
    } ],
    "faces" : [ {
      "vertices" : [ 0, 1, 2 ]
    }, {
      "vertices" : [ 0, 2, 3 ]
    }, {
      "vertices" : [ 0, 3, 2 ]
    }, {
      "vertices" : [ 0, 2, 1 ]
    } ]
  }, {
    "id" : "322b504b-f755-4e29-b03e-72958e500f0c",
    "vertices" : [ {
      "x" : 0.0,
      "y" : -17.944271,
      "z" : 11.09017
    }, {
      "x" : 6.854102,
      "y" : 0.0,
      "z" : 11.09017
    }, {
      "x" : 0.0,
      "y" : 17.944271,
      "z" : 11.09017
    }, {
      "x" : -6.854102,
      "y" : 0.0,
      "z" : 11.09017
    } ],
    "faces" : [ {
      "vertices" : [ 0, 1, 2 ]
    }, {
      "vertices" : [ 0, 2, 3 ]
    }, {
      "vertices" : [ 0, 3, 2 ]
    }, {
      "vertices" : [ 0, 2, 1 ]
    } ]
  }, {
    "id" : "91f5a780-f234-4690-aa4d-ceacb1218227",
    "vertices" : [ {
      "x" : 0.0,
      "y" : 17.944271,
      "z" : 11.09017
    }, {
      "x" : 0.0,
      "y" : 11.09017,
      "z" : -6.854102
    }, {
      "x" : -11.09017,
      "y" : 0.0,
      "z" : -17.944271
    }, {
      "x" : -11.09017,
      "y" : 6.854102,
      "z" : 0.0
    } ],
    "faces" : [ {
      "vertices" : [ 0, 1, 2 ]
    }, {
      "vertices" : [ 0, 2, 3 ]
    }, {
      "vertices" : [ 0, 3, 2 ]
    }, {
      "vertices" : [ 0, 2, 1 ]
    } ]
  }, {
    "id" : "ed890f84-3a0f-4e9f-abc6-c4a6f8a93a49",
    "vertices" : [ {
      "x" : 11.09017,
      "y" : 0.0,
      "z" : -17.944271
    }, {
      "x" : 0.0,
      "y" : -11.09017,
      "z" : -6.854102
    }, {
      "x" : -17.944271,
      "y" : -11.09017,
      "z" : 0.0
    }, {
      "x" : -6.854102,
      "y" : 0.0,
      "z" : -11.09017
    } ],
    "faces" : [ {
      "vertices" : [ 0, 1, 2 ]
    }, {
      "vertices" : [ 0, 2, 3 ]
    }, {
      "vertices" : [ 0, 3, 2 ]
    }, {
      "vertices" : [ 0, 2, 1 ]
    } ]
  }, {
    "id" : "0eea5737-e600-425c-ac9a-40a5e52f77a5",
    "vertices" : [ {
      "x" : -17.944271,
      "y" : -11.09017,
      "z" : 0.0
    }, {
      "x" : -6.854102,
      "y" : 0.0,
      "z" : 11.09017
    }, {
      "x" : 0.0,
      "y" : 17.944271,
      "z" : 11.09017
    }, {
      "x" : -11.09017,
      "y" : 6.854102,
      "z" : 0.0
    } ],
    "faces" : [ {
      "vertices" : [ 0, 1, 2 ]
    }, {
      "vertices" : [ 0, 2, 3 ]
    }, {
      "vertices" : [ 0, 3, 2 ]
    }, {
      "vertices" : [ 0, 2, 1 ]
    } ]
  }, {
    "id" : "ee678914-d210-4386-941b-6d3fabd104b7",
    "vertices" : [ {
      "x" : 17.944271,
      "y" : -11.09017,
      "z" : 0.0
    }, {
      "x" : 6.854102,
      "y" : 0.0,
      "z" : 11.09017
    }, {
      "x" : -11.09017,
      "y" : 0.0,
      "z" : 17.944271
    }, {
      "x" : 0.0,
      "y" : -11.09017,
      "z" : 6.854102
    } ],
    "faces" : [ {
      "vertices" : [ 0, 1, 2 ]
    }, {
      "vertices" : [ 0, 2, 3 ]
    }, {
      "vertices" : [ 0, 3, 2 ]
    }, {
      "vertices" : [ 0, 2, 1 ]
    } ]
  }, {
    "id" : "e02322a2-04d1-423a-8114-a2fef08bd075",
    "vertices" : [ {
      "x" : 11.09017,
      "y" : 0.0,
      "z" : -17.944271
    }, {
      "x" : 11.09017,
      "y" : 6.854102,
      "z" : 0.0
    }, {
      "x" : 11.09017,
      "y" : 0.0,
      "z" : 17.944271
    }, {
      "x" : 11.09017,
      "y" : -6.854102,
      "z" : 0.0
    } ],
    "faces" : [ {
      "vertices" : [ 0, 1, 2 ]
    }, {
      "vertices" : [ 0, 2, 3 ]
    }, {
      "vertices" : [ 0, 3, 2 ]
    }, {
      "vertices" : [ 0, 2, 1 ]
    } ]
  }, {
    "id" : "24f5031e-dc31-4185-8ac2-512f49fd30be",
    "vertices" : [ {
      "x" : 17.944271,
      "y" : 11.09017,
      "z" : 0.0
    }, {
      "x" : 11.09017,
      "y" : -6.854102,
      "z" : 0.0
    }, {
      "x" : 0.0,
      "y" : -17.944271,
      "z" : -11.09017
    }, {
      "x" : 6.854102,
      "y" : 0.0,
      "z" : -11.09017
    } ],
    "faces" : [ {
      "vertices" : [ 0, 1, 2 ]
    }, {
      "vertices" : [ 0, 2, 3 ]
    }, {
      "vertices" : [ 0, 3, 2 ]
    }, {
      "vertices" : [ 0, 2, 1 ]
    } ]
  }, {
    "id" : "84d80c02-7062-4365-93c6-3393a7f2c97c",
    "vertices" : [ {
      "x" : 0.0,
      "y" : 17.944271,
      "z" : -11.09017
    }, {
      "x" : 6.854102,
      "y" : 0.0,
      "z" : -11.09017
    }, {
      "x" : 0.0,
      "y" : -17.944271,
      "z" : -11.09017
    }, {
      "x" : -6.854102,
      "y" : 0.0,
      "z" : -11.09017
    } ],
    "faces" : [ {
      "vertices" : [ 0, 1, 2 ]
    }, {
      "vertices" : [ 0, 2, 3 ]
    }, {
      "vertices" : [ 0, 3, 2 ]
    }, {
      "vertices" : [ 0, 2, 1 ]
    } ]
  }, {
    "id" : "c33c1b2e-a2f2-494c-bd30-2545e8cd3bbf",
    "vertices" : [ {
      "x" : 0.0,
      "y" : -17.944271,
      "z" : 11.09017
    }, {
      "x" : -6.854102,
      "y" : 0.0,
      "z" : 11.09017
    }, {
      "x" : -17.944271,
      "y" : 11.09017,
      "z" : 0.0
    }, {
      "x" : -11.09017,
      "y" : -6.854102,
      "z" : 0.0
    } ],
    "faces" : [ {
      "vertices" : [ 0, 1, 2 ]
    }, {
      "vertices" : [ 0, 2, 3 ]
    }, {
      "vertices" : [ 0, 3, 2 ]
    }, {
      "vertices" : [ 0, 2, 1 ]
    } ]
  }, {
    "id" : "59086197-7e36-4aee-acff-3072ccf6a198",
    "vertices" : [ {
      "x" : 11.09017,
      "y" : 0.0,
      "z" : 17.944271
    }, {
      "x" : 11.09017,
      "y" : 6.854102,
      "z" : 0.0
    }, {
      "x" : 0.0,
      "y" : 17.944271,
      "z" : -11.09017
    }, {
      "x" : 0.0,
      "y" : 11.09017,
      "z" : 6.854102
    } ],
    "faces" : [ {
      "vertices" : [ 0, 1, 2 ]
    }, {
      "vertices" : [ 0, 2, 3 ]
    }, {
      "vertices" : [ 0, 3, 2 ]
    }, {
      "vertices" : [ 0, 2, 1 ]
    } ]
  }, {
    "id" : "1f8ab6e2-986d-4906-aff6-59c956e27cc8",
    "vertices" : [ {
      "x" : -11.09017,
      "y" : 0.0,
      "z" : -17.944271
    }, {
      "x" : -11.09017,
      "y" : -6.854102,
      "z" : 0.0
    }, {
      "x" : -11.09017,
      "y" : 0.0,
      "z" : 17.944271
    }, {
      "x" : -11.09017,
      "y" : 6.854102,
      "z" : 0.0
    } ],
    "faces" : [ {
      "vertices" : [ 0, 1, 2 ]
    }, {
      "vertices" : [ 0, 2, 3 ]
    }, {
      "vertices" : [ 0, 3, 2 ]
    }, {
      "vertices" : [ 0, 2, 1 ]
    } ]
  }, {
    "id" : "a6c10ba1-735e-4b8a-9776-08aa8c52e51c",
    "vertices" : [ {
      "x" : -11.09017,
      "y" : 0.0,
      "z" : -17.944271
    }, {
      "x" : 0.0,
      "y" : -11.09017,
      "z" : -6.854102
    }, {
      "x" : 0.0,
      "y" : -17.944271,
      "z" : 11.09017
    }, {
      "x" : -11.09017,
      "y" : -6.854102,
      "z" : 0.0
    } ],
    "faces" : [ {
      "vertices" : [ 0, 1, 2 ]
    }, {
      "vertices" : [ 0, 2, 3 ]
    }, {
      "vertices" : [ 0, 3, 2 ]
    }, {
      "vertices" : [ 0, 2, 1 ]
    } ]
  }, {
    "id" : "88113b89-db14-4bfb-8558-967c8a1f8750",
    "vertices" : [ {
      "x" : -17.944271,
      "y" : -11.09017,
      "z" : 0.0
    }, {
      "x" : -11.09017,
      "y" : 6.854102,
      "z" : 0.0
    }, {
      "x" : 0.0,
      "y" : 17.944271,
      "z" : -11.09017
    }, {
      "x" : -6.854102,
      "y" : 0.0,
      "z" : -11.09017
    } ],
    "faces" : [ {
      "vertices" : [ 0, 1, 2 ]
    }, {
      "vertices" : [ 0, 2, 3 ]
    }, {
      "vertices" : [ 0, 3, 2 ]
    }, {
      "vertices" : [ 0, 2, 1 ]
    } ]
  }, {
    "id" : "ae410baa-4a27-46fb-9412-9103960b171d",
    "vertices" : [ {
      "x" : 0.0,
      "y" : -17.944271,
      "z" : -11.09017
    }, {
      "x" : 11.09017,
      "y" : -6.854102,
      "z" : 0.0
    }, {
      "x" : 11.09017,
      "y" : 0.0,
      "z" : 17.944271
    }, {
      "x" : 0.0,
      "y" : -11.09017,
      "z" : 6.854102
    } ],
    "faces" : [ {
      "vertices" : [ 0, 1, 2 ]
    }, {
      "vertices" : [ 0, 2, 3 ]
    }, {
      "vertices" : [ 0, 3, 2 ]
    }, {
      "vertices" : [ 0, 2, 1 ]
    } ]
  }, {
    "id" : "dd22ca15-c652-41f6-b003-89f5c1705287",
    "vertices" : [ {
      "x" : -17.944271,
      "y" : 11.09017,
      "z" : 0.0
    }, {
      "x" : 0.0,
      "y" : 11.09017,
      "z" : 6.854102
    }, {
      "x" : 17.944271,
      "y" : 11.09017,
      "z" : 0.0
    }, {
      "x" : 0.0,
      "y" : 11.09017,
      "z" : -6.854102
    } ],
    "faces" : [ {
      "vertices" : [ 0, 1, 2 ]
    }, {
      "vertices" : [ 0, 2, 3 ]
    }, {
      "vertices" : [ 0, 3, 2 ]
    }, {
      "vertices" : [ 0, 2, 1 ]
    } ]
  }, {
    "id" : "b77abfc3-e801-4ecb-8810-6d3529115c78",
    "vertices" : [ {
      "x" : 11.09017,
      "y" : 0.0,
      "z" : -17.944271
    }, {
      "x" : 11.09017,
      "y" : -6.854102,
      "z" : 0.0
    }, {
      "x" : 0.0,
      "y" : -17.944271,
      "z" : 11.09017
    }, {
      "x" : 0.0,
      "y" : -11.09017,
      "z" : -6.854102
    } ],
    "faces" : [ {
      "vertices" : [ 0, 1, 2 ]
    }, {
      "vertices" : [ 0, 2, 3 ]
    }, {
      "vertices" : [ 0, 3, 2 ]
    }, {
      "vertices" : [ 0, 2, 1 ]
    } ]
  }, {
    "id" : "763272aa-fb89-492d-b2b6-65c3e1352d82",
    "vertices" : [ {
      "x" : 0.0,
      "y" : -17.944271,
      "z" : -11.09017
    }, {
      "x" : 0.0,
      "y" : -11.09017,
      "z" : 6.854102
    }, {
      "x" : -11.09017,
      "y" : 0.0,
      "z" : 17.944271
    }, {
      "x" : -11.09017,
      "y" : -6.854102,
      "z" : 0.0
    } ],
    "faces" : [ {
      "vertices" : [ 0, 1, 2 ]
    }, {
      "vertices" : [ 0, 2, 3 ]
    }, {
      "vertices" : [ 0, 3, 2 ]
    }, {
      "vertices" : [ 0, 2, 1 ]
    } ]
  }, {
    "id" : "8b044c46-4634-4522-9b40-e4bfc3c041f4",
    "vertices" : [ {
      "x" : -11.09017,
      "y" : 0.0,
      "z" : -17.944271
    }, {
      "x" : 0.0,
      "y" : 11.09017,
      "z" : -6.854102
    }, {
      "x" : 17.944271,
      "y" : 11.09017,
      "z" : 0.0
    }, {
      "x" : 6.854102,
      "y" : 0.0,
      "z" : -11.09017
    } ],
    "faces" : [ {
      "vertices" : [ 0, 1, 2 ]
    }, {
      "vertices" : [ 0, 2, 3 ]
    }, {
      "vertices" : [ 0, 3, 2 ]
    }, {
      "vertices" : [ 0, 2, 1 ]
    } ]
  }, {
    "id" : "872947e4-057b-4743-b657-b9bf2a53741d",
    "vertices" : [ {
      "x" : 0.0,
      "y" : 17.944271,
      "z" : 11.09017
    }, {
      "x" : 11.09017,
      "y" : 6.854102,
      "z" : 0.0
    }, {
      "x" : 11.09017,
      "y" : 0.0,
      "z" : -17.944271
    }, {
      "x" : 0.0,
      "y" : 11.09017,
      "z" : -6.854102
    } ],
    "faces" : [ {
      "vertices" : [ 0, 1, 2 ]
    }, {
      "vertices" : [ 0, 2, 3 ]
    }, {
      "vertices" : [ 0, 3, 2 ]
    }, {
      "vertices" : [ 0, 2, 1 ]
    } ]
  }, {
    "id" : "a824027e-c865-4b7c-8b6c-0f7e01a643c7",
    "vertices" : [ {
      "x" : 11.09017,
      "y" : 0.0,
      "z" : -4.236068
    }, {
      "x" : 10.781153,
      "y" : 0.0,
      "z" : -4.118034
    }, {
      "x" : 10.376644,
      "y" : -0.1545085,
      "z" : -3.677051
    }, {
      "x" : 10.185661,
      "y" : -0.1545085,
      "z" : -4.177051
    }, {
      "x" : 0.9045085,
      "y" : -0.1545085,
      "z" : -0.059016995
    }, {
      "x" : 0.809017,
      "y" : 0.309017,
      "z" : -0.309017
    }, {
      "x" : 0.309017,
      "y" : 0.0,
      "z" : -0.11803399
    }, {
      "x" : 10.281153,
      "y" : 0.309017,
      "z" : -3.927051
    }, {
      "x" : 0.7135255,
      "y" : -0.1545085,
      "z" : -0.559017
    } ],
    "faces" : [ {
      "vertices" : [ 2, 4, 8 ]
    }, {
      "vertices" : [ 2, 8, 3 ]
    }, {
      "vertices" : [ 2, 7, 5 ]
    }, {
      "vertices" : [ 2, 5, 4 ]
    }, {
      "vertices" : [ 4, 6, 8 ]
    }, {
      "vertices" : [ 5, 8, 6 ]
    }, {
      "vertices" : [ 1, 2, 3 ]
    }, {
      "vertices" : [ 3, 8, 5 ]
    }, {
      "vertices" : [ 3, 5, 7 ]
    }, {
      "vertices" : [ 1, 7, 2 ]
    }, {
      "vertices" : [ 1, 3, 7 ]
    }, {
      "vertices" : [ 4, 5, 6 ]
    } ]
  }, {
    "id" : "a9b7f217-7973-4684-a6cf-b5266156b9eb",
    "vertices" : [ {
      "x" : 0.0,
      "y" : 17.944271,
      "z" : 11.09017
    }, {
      "x" : 11.09017,
      "y" : 6.854102,
      "z" : 0.0
    }, {
      "x" : 11.09017,
      "y" : 0.0,
      "z" : -17.944271
    }, {
      "x" : 0.0,
      "y" : 11.09017,
      "z" : -6.854102
    } ],
    "faces" : [ {
      "vertices" : [ 0, 1, 2 ]
    }, {
      "vertices" : [ 0, 2, 3 ]
    }, {
      "vertices" : [ 0, 3, 2 ]
    }, {
      "vertices" : [ 0, 2, 1 ]
    } ]
  }, {
    "id" : "578c56b4-c5a5-43b4-b0a4-45c3d5092e9c",
    "vertices" : [ {
      "x" : 11.09017,
      "y" : 0.0,
      "z" : -17.944271
    }, {
      "x" : 11.09017,
      "y" : -6.854102,
      "z" : 0.0
    }, {
      "x" : 0.0,
      "y" : -17.944271,
      "z" : 11.09017
    }, {
      "x" : 0.0,
      "y" : -11.09017,
      "z" : -6.854102
    } ],
    "faces" : [ {
      "vertices" : [ 0, 1, 2 ]
    }, {
      "vertices" : [ 0, 2, 3 ]
    }, {
      "vertices" : [ 0, 3, 2 ]
    }, {
      "vertices" : [ 0, 2, 1 ]
    } ]
  }, {
    "id" : "b03906f7-cb98-4f41-9afb-c45ab78a48a1",
    "vertices" : [ {
      "x" : 11.09017,
      "y" : 0.0,
      "z" : -17.944271
    }, {
      "x" : 0.0,
      "y" : -11.09017,
      "z" : -6.854102
    }, {
      "x" : -17.944271,
      "y" : -11.09017,
      "z" : 0.0
    }, {
      "x" : -6.854102,
      "y" : 0.0,
      "z" : -11.09017
    } ],
    "faces" : [ {
      "vertices" : [ 0, 1, 2 ]
    }, {
      "vertices" : [ 0, 2, 3 ]
    }, {
      "vertices" : [ 0, 3, 2 ]
    }, {
      "vertices" : [ 0, 2, 1 ]
    } ]
  }, {
    "id" : "fe9a1b92-52ea-4e24-8fbe-ef09c951b02e",
    "vertices" : [ {
      "x" : 0.0,
      "y" : -17.944271,
      "z" : -11.09017
    }, {
      "x" : 0.0,
      "y" : -11.09017,
      "z" : 6.854102
    }, {
      "x" : -11.09017,
      "y" : 0.0,
      "z" : 17.944271
    }, {
      "x" : -11.09017,
      "y" : -6.854102,
      "z" : 0.0
    } ],
    "faces" : [ {
      "vertices" : [ 0, 1, 2 ]
    }, {
      "vertices" : [ 0, 2, 3 ]
    }, {
      "vertices" : [ 0, 3, 2 ]
    }, {
      "vertices" : [ 0, 2, 1 ]
    } ]
  }, {
    "id" : "cb583117-7076-446a-a24a-cab6a8c80f19",
    "vertices" : [ {
      "x" : -11.09017,
      "y" : 0.0,
      "z" : -17.944271
    }, {
      "x" : -11.09017,
      "y" : -6.854102,
      "z" : 0.0
    }, {
      "x" : -11.09017,
      "y" : 0.0,
      "z" : 17.944271
    }, {
      "x" : -11.09017,
      "y" : 6.854102,
      "z" : 0.0
    } ],
    "faces" : [ {
      "vertices" : [ 0, 1, 2 ]
    }, {
      "vertices" : [ 0, 2, 3 ]
    }, {
      "vertices" : [ 0, 3, 2 ]
    }, {
      "vertices" : [ 0, 2, 1 ]
    } ]
  }, {
    "id" : "4dba364e-28c6-4cc9-89ed-40ee418aa6c3",
    "vertices" : [ {
      "x" : -17.944271,
      "y" : -11.09017,
      "z" : 0.0
    }, {
      "x" : 0.0,
      "y" : -11.09017,
      "z" : -6.854102
    }, {
      "x" : 17.944271,
      "y" : -11.09017,
      "z" : 0.0
    }, {
      "x" : 0.0,
      "y" : -11.09017,
      "z" : 6.854102
    } ],
    "faces" : [ {
      "vertices" : [ 0, 1, 2 ]
    }, {
      "vertices" : [ 0, 2, 3 ]
    }, {
      "vertices" : [ 0, 3, 2 ]
    }, {
      "vertices" : [ 0, 2, 1 ]
    } ]
  }, {
    "id" : "a2d91be3-e67c-4f9f-9e45-88ca7e9a1565",
    "vertices" : [ {
      "x" : -11.09017,
      "y" : 0.0,
      "z" : -17.944271
    }, {
      "x" : 6.854102,
      "y" : 0.0,
      "z" : -11.09017
    }, {
      "x" : 17.944271,
      "y" : -11.09017,
      "z" : 0.0
    }, {
      "x" : 0.0,
      "y" : -11.09017,
      "z" : -6.854102
    } ],
    "faces" : [ {
      "vertices" : [ 0, 1, 2 ]
    }, {
      "vertices" : [ 0, 2, 3 ]
    }, {
      "vertices" : [ 0, 3, 2 ]
    }, {
      "vertices" : [ 0, 2, 1 ]
    } ]
  }, {
    "id" : "9e2c299c-705e-4ef5-ae7c-fa18c826ffd4",
    "vertices" : [ {
      "x" : 0.0,
      "y" : -17.944271,
      "z" : 11.09017
    }, {
      "x" : -6.854102,
      "y" : 0.0,
      "z" : 11.09017
    }, {
      "x" : -17.944271,
      "y" : 11.09017,
      "z" : 0.0
    }, {
      "x" : -11.09017,
      "y" : -6.854102,
      "z" : 0.0
    } ],
    "faces" : [ {
      "vertices" : [ 0, 1, 2 ]
    }, {
      "vertices" : [ 0, 2, 3 ]
    }, {
      "vertices" : [ 0, 3, 2 ]
    }, {
      "vertices" : [ 0, 2, 1 ]
    } ]
  }, {
    "id" : "3f834d64-fed7-4530-8c0c-4d00786b42bc",
    "vertices" : [ {
      "x" : -17.944271,
      "y" : 11.09017,
      "z" : 0.0
    }, {
      "x" : 0.0,
      "y" : 11.09017,
      "z" : 6.854102
    }, {
      "x" : 17.944271,
      "y" : 11.09017,
      "z" : 0.0
    }, {
      "x" : 0.0,
      "y" : 11.09017,
      "z" : -6.854102
    } ],
    "faces" : [ {
      "vertices" : [ 0, 1, 2 ]
    }, {
      "vertices" : [ 0, 2, 3 ]
    }, {
      "vertices" : [ 0, 3, 2 ]
    }, {
      "vertices" : [ 0, 2, 1 ]
    } ]
  }, {
    "id" : "036fdead-61d1-4ad5-a7e1-57260bfa76b7",
    "vertices" : [ {
      "x" : 17.944271,
      "y" : 11.09017,
      "z" : 0.0
    }, {
      "x" : 11.09017,
      "y" : -6.854102,
      "z" : 0.0
    }, {
      "x" : 0.0,
      "y" : -17.944271,
      "z" : -11.09017
    }, {
      "x" : 6.854102,
      "y" : 0.0,
      "z" : -11.09017
    } ],
    "faces" : [ {
      "vertices" : [ 0, 1, 2 ]
    }, {
      "vertices" : [ 0, 2, 3 ]
    }, {
      "vertices" : [ 0, 3, 2 ]
    }, {
      "vertices" : [ 0, 2, 1 ]
    } ]
  }, {
    "id" : "62e9ec63-b436-4e94-a896-bbe583d4e398",
    "vertices" : [ {
      "x" : 17.944271,
      "y" : -11.09017,
      "z" : 0.0
    }, {
      "x" : 6.854102,
      "y" : 0.0,
      "z" : 11.09017
    }, {
      "x" : -11.09017,
      "y" : 0.0,
      "z" : 17.944271
    }, {
      "x" : 0.0,
      "y" : -11.09017,
      "z" : 6.854102
    } ],
    "faces" : [ {
      "vertices" : [ 0, 1, 2 ]
    }, {
      "vertices" : [ 0, 2, 3 ]
    }, {
      "vertices" : [ 0, 3, 2 ]
    }, {
      "vertices" : [ 0, 2, 1 ]
    } ]
  }, {
    "id" : "b331501c-2583-4781-961e-35efba6ea1bd",
    "vertices" : [ {
      "x" : 0.0,
      "y" : 17.944271,
      "z" : -11.09017
    }, {
      "x" : 6.854102,
      "y" : 0.0,
      "z" : -11.09017
    }, {
      "x" : 0.0,
      "y" : -17.944271,
      "z" : -11.09017
    }, {
      "x" : -6.854102,
      "y" : 0.0,
      "z" : -11.09017
    } ],
    "faces" : [ {
      "vertices" : [ 0, 1, 2 ]
    }, {
      "vertices" : [ 0, 2, 3 ]
    }, {
      "vertices" : [ 0, 3, 2 ]
    }, {
      "vertices" : [ 0, 2, 1 ]
    } ]
  }, {
    "id" : "ae16888b-4907-40eb-9550-0036b569fdb3",
    "vertices" : [ {
      "x" : -17.944271,
      "y" : 11.09017,
      "z" : 0.0
    }, {
      "x" : 0.0,
      "y" : 11.09017,
      "z" : -6.854102
    }, {
      "x" : 11.09017,
      "y" : 0.0,
      "z" : -17.944271
    }, {
      "x" : -6.854102,
      "y" : 0.0,
      "z" : -11.09017
    } ],
    "faces" : [ {
      "vertices" : [ 0, 1, 2 ]
    }, {
      "vertices" : [ 0, 2, 3 ]
    }, {
      "vertices" : [ 0, 3, 2 ]
    }, {
      "vertices" : [ 0, 2, 1 ]
    } ]
  }, {
    "id" : "e3daca69-3696-4687-8c45-951acad49c3b",
    "vertices" : [ {
      "x" : 0.0,
      "y" : -17.944271,
      "z" : -11.09017
    }, {
      "x" : 11.09017,
      "y" : -6.854102,
      "z" : 0.0
    }, {
      "x" : 11.09017,
      "y" : 0.0,
      "z" : 17.944271
    }, {
      "x" : 0.0,
      "y" : -11.09017,
      "z" : 6.854102
    } ],
    "faces" : [ {
      "vertices" : [ 0, 1, 2 ]
    }, {
      "vertices" : [ 0, 2, 3 ]
    }, {
      "vertices" : [ 0, 3, 2 ]
    }, {
      "vertices" : [ 0, 2, 1 ]
    } ]
  }, {
    "id" : "0e301865-e498-4935-a1da-486b8a27ca1e",
    "vertices" : [ {
      "x" : 11.09017,
      "y" : 0.0,
      "z" : 17.944271
    }, {
      "x" : 11.09017,
      "y" : 6.854102,
      "z" : 0.0
    }, {
      "x" : 0.0,
      "y" : 17.944271,
      "z" : -11.09017
    }, {
      "x" : 0.0,
      "y" : 11.09017,
      "z" : 6.854102
    } ],
    "faces" : [ {
      "vertices" : [ 0, 1, 2 ]
    }, {
      "vertices" : [ 0, 2, 3 ]
    }, {
      "vertices" : [ 0, 3, 2 ]
    }, {
      "vertices" : [ 0, 2, 1 ]
    } ]
  }, {
    "id" : "c4be273d-bcc8-4be7-93c5-8c8c93953ec9",
    "vertices" : [ {
      "x" : 0.0,
      "y" : 17.944271,
      "z" : 11.09017
    }, {
      "x" : 0.0,
      "y" : 11.09017,
      "z" : -6.854102
    }, {
      "x" : -11.09017,
      "y" : 0.0,
      "z" : -17.944271
    }, {
      "x" : -11.09017,
      "y" : 6.854102,
      "z" : 0.0
    } ],
