{
  "field" : "golden",
  "symmetry" : "icosahedral",
  "orientations" : [ [ 1.0, 0.0, 0.0, 0.0, 0.0, 1.0, 0.0, 0.0, 0.0, 0.0, 1.0, 0.0, 0.0, 0.0, 0.0, 1.0 ], [ 0.0, 0.0, 1.0, 0.0, 1.0, 0.0, 0.0, 0.0, 0.0, 1.0, 0.0, 0.0, 0.0, 0.0, 0.0, 1.0 ], [ 0.0, 1.0, 0.0, 0.0, 0.0, 0.0, 1.0, 0.0, 1.0, 0.0, 0.0, 0.0, 0.0, 0.0, 0.0, 1.0 ], [ 0.809017, 0.309017, 0.5, 0.0, 0.309017, 0.5, -0.809017, 0.0, -0.5, 0.809017, 0.309017, 0.0, 0.0, 0.0, 0.0, 1.0 ], [ -0.5, 0.809017, 0.309017, 0.0, 0.809017, 0.309017, 0.5, 0.0, 0.309017, 0.5, -0.809017, 0.0, 0.0, 0.0, 0.0, 1.0 ], [ 0.309017, 0.5, -0.809017, 0.0, -0.5, 0.809017, 0.309017, 0.0, 0.809017, 0.309017, 0.5, 0.0, 0.0, 0.0, 0.0, 1.0 ], [ 0.5, 0.809017, 0.309017, 0.0, 0.809017, -0.309017, -0.5, 0.0, -0.309017, 0.5, -0.809017, 0.0, 0.0, 0.0, 0.0, 1.0 ], [ -0.309017, 0.5, -0.809017, 0.0, 0.5, 0.809017, 0.309017, 0.0, 0.809017, -0.309017, -0.5, 0.0, 0.0, 0.0, 0.0, 1.0 ], [ 0.809017, -0.309017, -0.5, 0.0, -0.309017, 0.5, -0.809017, 0.0, 0.5, 0.809017, 0.309017, 0.0, 0.0, 0.0, 0.0, 1.0 ], [ 0.5, 0.809017, -0.309017, 0.0, 0.809017, -0.309017, 0.5, 0.0, 0.309017, -0.5, -0.809017, 0.0, 0.0, 0.0, 0.0, 1.0 ], [ 0.309017, -0.5, -0.809017, 0.0, 0.5, 0.809017, -0.309017, 0.0, 0.809017, -0.309017, 0.5, 0.0, 0.0, 0.0, 0.0, 1.0 ], [ 0.809017, -0.309017, 0.5, 0.0, 0.309017, -0.5, -0.809017, 0.0, 0.5, 0.809017, -0.309017, 0.0, 0.0, 0.0, 0.0, 1.0 ], [ 0.809017, 0.309017, -0.5, 0.0, 0.309017, 0.5, 0.809017, 0.0, 0.5, -0.809017, 0.309017, 0.0, 0.0, 0.0, 0.0, 1.0 ], [ 0.5, -0.809017, 0.309017, 0.0, 0.809017, 0.309017, -0.5, 0.0, 0.309017, 0.5, 0.809017, 0.0, 0.0, 0.0, 0.0, 1.0 ], [ 0.309017, 0.5, 0.809017, 0.0, 0.5, -0.809017, 0.309017, 0.0, 0.809017, 0.309017, -0.5, 0.0, 0.0, 0.0, 0.0, 1.0 ], [ 1.0, 0.0, 0.0, 0.0, 0.0, -1.0, 0.0, 0.0, 0.0, 0.0, -1.0, 0.0, 0.0, 0.0, 0.0, 1.0 ], [ 0.0, 0.0, 1.0, 0.0, -1.0, 0.0, 0.0, 0.0, 0.0, -1.0, 0.0, 0.0, 0.0, 0.0, 0.0, 1.0 ], [ 0.0, 1.0, 0.0, 0.0, 0.0, 0.0, -1.0, 0.0, -1.0, 0.0, 0.0, 0.0, 0.0, 0.0, 0.0, 1.0 ], [ 0.809017, 0.309017, 0.5, 0.0, -0.309017, -0.5, 0.809017, 0.0, 0.5, -0.809017, -0.309017, 0.0, 0.0, 0.0, 0.0, 1.0 ], [ -0.5, 0.809017, 0.309017, 0.0, -0.809017, -0.309017, -0.5, 0.0, -0.309017, -0.5, 0.809017, 0.0, 0.0, 0.0, 0.0, 1.0 ], [ 0.309017, 0.5, -0.809017, 0.0, 0.5, -0.809017, -0.309017, 0.0, -0.809017, -0.309017, -0.5, 0.0, 0.0, 0.0, 0.0, 1.0 ], [ 0.5, 0.809017, 0.309017, 0.0, -0.809017, 0.309017, 0.5, 0.0, 0.309017, -0.5, 0.809017, 0.0, 0.0, 0.0, 0.0, 1.0 ], [ -0.309017, 0.5, -0.809017, 0.0, -0.5, -0.809017, -0.309017, 0.0, -0.809017, 0.309017, 0.5, 0.0, 0.0, 0.0, 0.0, 1.0 ], [ 0.809017, -0.309017, -0.5, 0.0, 0.309017, -0.5, 0.809017, 0.0, -0.5, -0.809017, -0.309017, 0.0, 0.0, 0.0, 0.0, 1.0 ], [ 0.5, 0.809017, -0.309017, 0.0, -0.809017, 0.309017, -0.5, 0.0, -0.309017, 0.5, 0.809017, 0.0, 0.0, 0.0, 0.0, 1.0 ], [ 0.309017, -0.5, -0.809017, 0.0, -0.5, -0.809017, 0.309017, 0.0, -0.809017, 0.309017, -0.5, 0.0, 0.0, 0.0, 0.0, 1.0 ], [ 0.809017, -0.309017, 0.5, 0.0, -0.309017, 0.5, 0.809017, 0.0, -0.5, -0.809017, 0.309017, 0.0, 0.0, 0.0, 0.0, 1.0 ], [ 0.809017, 0.309017, -0.5, 0.0, -0.309017, -0.5, -0.809017, 0.0, -0.5, 0.809017, -0.309017, 0.0, 0.0, 0.0, 0.0, 1.0 ], [ 0.5, -0.809017, 0.309017, 0.0, -0.809017, -0.309017, 0.5, 0.0, -0.309017, -0.5, -0.809017, 0.0, 0.0, 0.0, 0.0, 1.0 ], [ 0.309017, 0.5, 0.809017, 0.0, -0.5, 0.809017, -0.309017, 0.0, -0.809017, -0.309017, 0.5, 0.0, 0.0, 0.0, 0.0, 1.0 ], [ -1.0, 0.0, 0.0, 0.0, 0.0, -1.0, 0.0, 0.0, 0.0, 0.0, 1.0, 0.0, 0.0, 0.0, 0.0, 1.0 ], [ 0.0, 0.0, -1.0, 0.0, -1.0, 0.0, 0.0, 0.0, 0.0, 1.0, 0.0, 0.0, 0.0, 0.0, 0.0, 1.0 ], [ 0.0, -1.0, 0.0, 0.0, 0.0, 0.0, -1.0, 0.0, 1.0, 0.0, 0.0, 0.0, 0.0, 0.0, 0.0, 1.0 ], [ -0.809017, -0.309017, -0.5, 0.0, -0.309017, -0.5, 0.809017, 0.0, -0.5, 0.809017, 0.309017, 0.0, 0.0, 0.0, 0.0, 1.0 ], [ 0.5, -0.809017, -0.309017, 0.0, -0.809017, -0.309017, -0.5, 0.0, 0.309017, 0.5, -0.809017, 0.0, 0.0, 0.0, 0.0, 1.0 ], [ -0.309017, -0.5, 0.809017, 0.0, 0.5, -0.809017, -0.309017, 0.0, 0.809017, 0.309017, 0.5, 0.0, 0.0, 0.0, 0.0, 1.0 ], [ -0.5, -0.809017, -0.309017, 0.0, -0.809017, 0.309017, 0.5, 0.0, -0.309017, 0.5, -0.809017, 0.0, 0.0, 0.0, 0.0, 1.0 ], [ 0.309017, -0.5, 0.809017, 0.0, -0.5, -0.809017, -0.309017, 0.0, 0.809017, -0.309017, -0.5, 0.0, 0.0, 0.0, 0.0, 1.0 ], [ -0.809017, 0.309017, 0.5, 0.0, 0.309017, -0.5, 0.809017, 0.0, 0.5, 0.809017, 0.309017, 0.0, 0.0, 0.0, 0.0, 1.0 ], [ -0.5, -0.809017, 0.309017, 0.0, -0.809017, 0.309017, -0.5, 0.0, 0.309017, -0.5, -0.809017, 0.0, 0.0, 0.0, 0.0, 1.0 ], [ -0.309017, 0.5, 0.809017, 0.0, -0.5, -0.809017, 0.309017, 0.0, 0.809017, -0.309017, 0.5, 0.0, 0.0, 0.0, 0.0, 1.0 ], [ -0.809017, 0.309017, -0.5, 0.0, -0.309017, 0.5, 0.809017, 0.0, 0.5, 0.809017, -0.309017, 0.0, 0.0, 0.0, 0.0, 1.0 ], [ -0.809017, -0.309017, 0.5, 0.0, -0.309017, -0.5, -0.809017, 0.0, 0.5, -0.809017, 0.309017, 0.0, 0.0, 0.0, 0.0, 1.0 ], [ -0.5, 0.809017, -0.309017, 0.0, -0.809017, -0.309017, 0.5, 0.0, 0.309017, 0.5, 0.809017, 0.0, 0.0, 0.0, 0.0, 1.0 ], [ -0.309017, -0.5, -0.809017, 0.0, -0.5, 0.809017, -0.309017, 0.0, 0.809017, 0.309017, -0.5, 0.0, 0.0, 0.0, 0.0, 1.0 ], [ -1.0, 0.0, 0.0, 0.0, 0.0, 1.0, 0.0, 0.0, 0.0, 0.0, -1.0, 0.0, 0.0, 0.0, 0.0, 1.0 ], [ 0.0, 0.0, -1.0, 0.0, 1.0, 0.0, 0.0, 0.0, 0.0, -1.0, 0.0, 0.0, 0.0, 0.0, 0.0, 1.0 ], [ 0.0, -1.0, 0.0, 0.0, 0.0, 0.0, 1.0, 0.0, -1.0, 0.0, 0.0, 0.0, 0.0, 0.0, 0.0, 1.0 ], [ -0.809017, -0.309017, -0.5, 0.0, 0.309017, 0.5, -0.809017, 0.0, 0.5, -0.809017, -0.309017, 0.0, 0.0, 0.0, 0.0, 1.0 ], [ 0.5, -0.809017, -0.309017, 0.0, 0.809017, 0.309017, 0.5, 0.0, -0.309017, -0.5, 0.809017, 0.0, 0.0, 0.0, 0.0, 1.0 ], [ -0.309017, -0.5, 0.809017, 0.0, -0.5, 0.809017, 0.309017, 0.0, -0.809017, -0.309017, -0.5, 0.0, 0.0, 0.0, 0.0, 1.0 ], [ -0.5, -0.809017, -0.309017, 0.0, 0.809017, -0.309017, -0.5, 0.0, 0.309017, -0.5, 0.809017, 0.0, 0.0, 0.0, 0.0, 1.0 ], [ 0.309017, -0.5, 0.809017, 0.0, 0.5, 0.809017, 0.309017, 0.0, -0.809017, 0.309017, 0.5, 0.0, 0.0, 0.0, 0.0, 1.0 ], [ -0.809017, 0.309017, 0.5, 0.0, -0.309017, 0.5, -0.809017, 0.0, -0.5, -0.809017, -0.309017, 0.0, 0.0, 0.0, 0.0, 1.0 ], [ -0.5, -0.809017, 0.309017, 0.0, 0.809017, -0.309017, 0.5, 0.0, -0.309017, 0.5, 0.809017, 0.0, 0.0, 0.0, 0.0, 1.0 ], [ -0.309017, 0.5, 0.809017, 0.0, 0.5, 0.809017, -0.309017, 0.0, -0.809017, 0.309017, -0.5, 0.0, 0.0, 0.0, 0.0, 1.0 ], [ -0.809017, 0.309017, -0.5, 0.0, 0.309017, -0.5, -0.809017, 0.0, -0.5, -0.809017, 0.309017, 0.0, 0.0, 0.0, 0.0, 1.0 ], [ -0.809017, -0.309017, 0.5, 0.0, 0.309017, 0.5, 0.809017, 0.0, -0.5, 0.809017, -0.309017, 0.0, 0.0, 0.0, 0.0, 1.0 ], [ -0.5, 0.809017, -0.309017, 0.0, 0.809017, 0.309017, -0.5, 0.0, -0.309017, -0.5, -0.809017, 0.0, 0.0, 0.0, 0.0, 1.0 ], [ -0.309017, -0.5, -0.809017, 0.0, 0.5, -0.809017, 0.309017, 0.0, -0.809017, -0.309017, 0.5, 0.0, 0.0, 0.0, 0.0, 1.0 ] ],
  "lights" : {
    "ambientColor" : "#292929",
    "backgroundColor" : "#FFFFFF",
    "directionalLights" : [ {
      "direction" : [ 1.0, -1.0, -1.0 ],
      "color" : "#EBEBE4"
    }, {
      "direction" : [ -1.0, 0.0, 0.0 ],
      "color" : "#E4E4EB"
    }, {
      "direction" : [ 0.0, 0.0, -1.0 ],
      "color" : "#1E1E1E"
    } ]
  },
  "camera" : {
    "width" : 169.08003,
    "stereo" : false,
    "lookDirection" : {
      "x" : 0.02543671,
      "y" : 0.009619364,
      "z" : -0.9996293
    },
    "upDirection" : {
      "x" : 0.0029353856,
      "y" : 0.99994534,
      "z" : 0.009697027
    },
    "lookAtPoint" : {
      "x" : 0.0,
      "y" : 0.0,
      "z" : 0.0
    },
    "viewDistance" : 375.73325,
    "nearClipDistance" : 0.93933403,
    "farClipDistance" : 751.4684,
    "fieldOfView" : 0.44262907,
    "perspective" : true,
    "position" : {
      "x" : -9.557418,
      "y" : -3.6143148,
      "z" : 375.59396
    }
  },
  "embedding" : [ 1.0, 0.0, 0.0, 0.0, 0.0, 1.0, 0.0, 0.0, 0.0, 0.0, 1.0, 0.0, 0.0, 0.0, 0.0, 1.0 ],
  "shapes" : [ {
    "id" : "8a59421a-0152-44ee-b46c-e4e7c10ba1c9",
    "vertices" : [ {
      "x" : 1.0,
      "y" : 0.309017,
      "z" : 0.19098301
    }, {
      "x" : 1.0,
      "y" : -0.309017,
      "z" : 0.19098301
    }, {
      "x" : 7.472136,
      "y" : -0.309017,
      "z" : 0.19098301
    }, {
      "x" : 7.472136,
      "y" : 0.309017,
      "z" : 0.19098301
    }, {
      "x" : 7.472136,
      "y" : -0.309017,
      "z" : -0.19098301
    }, {
      "x" : 7.472136,
      "y" : 0.309017,
      "z" : -0.19098301
    }, {
      "x" : 8.09017,
      "y" : 0.0,
      "z" : 0.0
    }, {
      "x" : 0.38196602,
      "y" : 0.0,
      "z" : 0.0
    }, {
      "x" : 1.0,
      "y" : 0.309017,
      "z" : -0.19098301
    }, {
      "x" : 1.0,
      "y" : -0.309017,
      "z" : -0.19098301
    }, {
      "x" : 8.472136,
      "y" : 0.0,
      "z" : 0.0
    } ],
    "faces" : [ {
      "vertices" : [ 1, 9, 4 ]
    }, {
      "vertices" : [ 1, 4, 2 ]
    }, {
      "vertices" : [ 0, 3, 5 ]
    }, {
      "vertices" : [ 0, 5, 8 ]
    }, {
      "vertices" : [ 1, 7, 9 ]
    }, {
      "vertices" : [ 0, 1, 2 ]
    }, {
      "vertices" : [ 0, 2, 3 ]
    }, {
      "vertices" : [ 7, 8, 9 ]
    }, {
      "vertices" : [ 0, 7, 1 ]
    }, {
      "vertices" : [ 4, 9, 8 ]
    }, {
      "vertices" : [ 4, 8, 5 ]
    }, {
      "vertices" : [ 2, 6, 3 ]
    }, {
      "vertices" : [ 2, 4, 6 ]
    }, {
      "vertices" : [ 3, 6, 5 ]
    }, {
      "vertices" : [ 4, 5, 6 ]
    }, {
      "vertices" : [ 0, 8, 7 ]
    } ]
  }, {
    "id" : "a0cd460d-7c3e-45ad-9e3d-adf1ea111a63",
    "vertices" : [ {
      "x" : 1.0,
      "y" : 0.309017,
      "z" : 0.19098301
    }, {
      "x" : 1.0,
      "y" : -0.309017,
      "z" : 0.19098301
    }, {
      "x" : 19.18034,
      "y" : -0.309017,
      "z" : 0.19098301
    }, {
      "x" : 19.18034,
      "y" : 0.309017,
      "z" : 0.19098301
    }, {
      "x" : 19.18034,
      "y" : -0.309017,
      "z" : -0.19098301
    }, {
      "x" : 19.18034,
      "y" : 0.309017,
      "z" : -0.19098301
    }, {
      "x" : 19.798374,
      "y" : 0.0,
      "z" : 0.0
    }, {
      "x" : 0.38196602,
      "y" : 0.0,
      "z" : 0.0
    }, {
      "x" : 1.0,
      "y" : 0.309017,
      "z" : -0.19098301
    }, {
      "x" : 1.0,
      "y" : -0.309017,
      "z" : -0.19098301
    }, {
      "x" : 20.18034,
      "y" : 0.0,
      "z" : 0.0
    } ],
    "faces" : [ {
      "vertices" : [ 1, 9, 4 ]
    }, {
      "vertices" : [ 1, 4, 2 ]
    }, {
      "vertices" : [ 0, 3, 5 ]
    }, {
      "vertices" : [ 0, 5, 8 ]
    }, {
      "vertices" : [ 1, 7, 9 ]
    }, {
      "vertices" : [ 0, 1, 2 ]
    }, {
      "vertices" : [ 0, 2, 3 ]
    }, {
      "vertices" : [ 7, 8, 9 ]
    }, {
      "vertices" : [ 0, 7, 1 ]
    }, {
      "vertices" : [ 4, 9, 8 ]
    }, {
      "vertices" : [ 4, 8, 5 ]
    }, {
      "vertices" : [ 2, 6, 3 ]
    }, {
      "vertices" : [ 2, 4, 6 ]
    }, {
      "vertices" : [ 3, 6, 5 ]
    }, {
      "vertices" : [ 4, 5, 6 ]
    }, {
      "vertices" : [ 0, 8, 7 ]
    } ]
  }, {
    "id" : "31de10c2-f51a-4d67-9a44-8557ecbabf63",
    "vertices" : [ {
      "x" : 0.0,
      "y" : -6.236068,
      "z" : 16.326239
    }, {
      "x" : 0.0,
      "y" : -9.472136,
      "z" : 24.798374
    }, {
      "x" : -13.708204,
      "y" : -4.236068,
      "z" : 33.27051
    }, {
      "x" : -16.326239,
      "y" : 0.0,
      "z" : 26.416409
    } ],
    "faces" : [ {
      "vertices" : [ 0, 1, 2 ]
    }, {
      "vertices" : [ 0, 2, 3 ]
    }, {
      "vertices" : [ 0, 3, 2 ]
    }, {
      "vertices" : [ 0, 2, 1 ]
    } ]
  }, {
    "id" : "7701ae00-39a8-492a-b55f-8ed3e0bd2a9f",
    "vertices" : [ {
      "x" : 0.309017,
      "y" : -0.309017,
      "z" : -0.309017
    }, {
      "x" : 0.5,
      "y" : 0.0,
      "z" : -0.19098301
    }, {
      "x" : 0.5,
      "y" : 0.0,
      "z" : 0.19098301
    }, {
      "x" : 0.309017,
      "y" : -0.309017,
      "z" : 0.309017
    }, {
      "x" : 0.19098301,
      "y" : -0.5,
      "z" : 0.0
    }, {
      "x" : 0.0,
      "y" : 0.19098301,
      "z" : 0.5
    }, {
      "x" : 0.0,
      "y" : -0.19098301,
      "z" : 0.5
    }, {
      "x" : 0.309017,
      "y" : 0.309017,
      "z" : 0.309017
    }, {
      "x" : -0.309017,
      "y" : -0.309017,
      "z" : 0.309017
    }, {
      "x" : -0.309017,
      "y" : 0.309017,
      "z" : 0.309017
    }, {
      "x" : -0.5,
      "y" : 0.0,
      "z" : 0.19098301
    }, {
      "x" : 0.0,
      "y" : -0.19098301,
      "z" : -0.5
    }, {
      "x" : 0.0,
      "y" : 0.19098301,
      "z" : -0.5
    }, {
      "x" : 0.309017,
      "y" : 0.309017,
      "z" : -0.309017
    }, {
      "x" : -0.309017,
      "y" : -0.309017,
      "z" : -0.309017
    }, {
      "x" : -0.19098301,
      "y" : -0.5,
      "z" : 0.0
    }, {
      "x" : -0.5,
      "y" : 0.0,
      "z" : -0.19098301
    }, {
      "x" : 0.19098301,
      "y" : 0.5,
      "z" : 0.0
    }, {
      "x" : -0.309017,
      "y" : 0.309017,
      "z" : -0.309017
    }, {
      "x" : 0.0,
      "y" : 0.0,
      "z" : 0.0
    }, {
      "x" : -0.19098301,
      "y" : 0.5,
      "z" : 0.0
    } ],
    "faces" : [ {
      "vertices" : [ 12, 18, 20 ]
    }, {
      "vertices" : [ 12, 20, 17 ]
    }, {
      "vertices" : [ 12, 17, 13 ]
    }, {
      "vertices" : [ 3, 6, 8 ]
    }, {
      "vertices" : [ 3, 8, 15 ]
    }, {
      "vertices" : [ 3, 15, 4 ]
    }, {
      "vertices" : [ 0, 11, 12 ]
    }, {
      "vertices" : [ 0, 12, 13 ]
    }, {
      "vertices" : [ 0, 13, 1 ]
    }, {
      "vertices" : [ 5, 9, 10 ]
    }, {
      "vertices" : [ 5, 10, 8 ]
    }, {
      "vertices" : [ 5, 8, 6 ]
    }, {
      "vertices" : [ 2, 7, 5 ]
    }, {
      "vertices" : [ 2, 5, 6 ]
    }, {
      "vertices" : [ 2, 6, 3 ]
    }, {
      "vertices" : [ 11, 14, 16 ]
    }, {
      "vertices" : [ 11, 16, 18 ]
    }, {
      "vertices" : [ 11, 18, 12 ]
    }, {
      "vertices" : [ 1, 13, 17 ]
    }, {
      "vertices" : [ 1, 17, 7 ]
    }, {
      "vertices" : [ 1, 7, 2 ]
    }, {
      "vertices" : [ 9, 20, 18 ]
    }, {
      "vertices" : [ 9, 18, 16 ]
    }, {
      "vertices" : [ 9, 16, 10 ]
    }, {
      "vertices" : [ 0, 1, 2 ]
    }, {
      "vertices" : [ 0, 2, 3 ]
    }, {
      "vertices" : [ 0, 3, 4 ]
    }, {
      "vertices" : [ 5, 7, 17 ]
    }, {
      "vertices" : [ 5, 17, 20 ]
    }, {
      "vertices" : [ 5, 20, 9 ]
    }, {
      "vertices" : [ 0, 4, 15 ]
    }, {
      "vertices" : [ 0, 15, 14 ]
    }, {
      "vertices" : [ 0, 14, 11 ]
    }, {
      "vertices" : [ 8, 10, 16 ]
    }, {
      "vertices" : [ 8, 16, 14 ]
    }, {
      "vertices" : [ 8, 14, 15 ]
    } ]
  }, {
    "id" : "ffcda1bc-1f56-42e9-970b-4181178c3727",
    "vertices" : [ {
      "x" : 1.0,
      "y" : 0.309017,
      "z" : 0.19098301
    }, {
      "x" : 1.0,
      "y" : -0.309017,
      "z" : 0.19098301
    }, {
      "x" : 12.708204,
      "y" : -0.309017,
      "z" : 0.19098301
    }, {
      "x" : 12.708204,
      "y" : 0.309017,
      "z" : 0.19098301
    }, {
      "x" : 12.708204,
      "y" : -0.309017,
      "z" : -0.19098301
    }, {
      "x" : 12.708204,
      "y" : 0.309017,
      "z" : -0.19098301
    }, {
      "x" : 13.326238,
      "y" : 0.0,
      "z" : 0.0
    }, {
      "x" : 0.38196602,
      "y" : 0.0,
      "z" : 0.0
    }, {
      "x" : 1.0,
      "y" : 0.309017,
      "z" : -0.19098301
    }, {
      "x" : 1.0,
      "y" : -0.309017,
      "z" : -0.19098301
    }, {
      "x" : 13.708204,
      "y" : 0.0,
      "z" : 0.0
    } ],
    "faces" : [ {
      "vertices" : [ 1, 9, 4 ]
    }, {
      "vertices" : [ 1, 4, 2 ]
    }, {
      "vertices" : [ 0, 3, 5 ]
    }, {
      "vertices" : [ 0, 5, 8 ]
    }, {
      "vertices" : [ 1, 7, 9 ]
    }, {
      "vertices" : [ 0, 1, 2 ]
    }, {
      "vertices" : [ 0, 2, 3 ]
    }, {
      "vertices" : [ 7, 8, 9 ]
    }, {
      "vertices" : [ 0, 7, 1 ]
    }, {
      "vertices" : [ 4, 9, 8 ]
    }, {
      "vertices" : [ 4, 8, 5 ]
    }, {
      "vertices" : [ 2, 6, 3 ]
    }, {
      "vertices" : [ 2, 4, 6 ]
    }, {
      "vertices" : [ 3, 6, 5 ]
    }, {
      "vertices" : [ 4, 5, 6 ]
    }, {
      "vertices" : [ 0, 8, 7 ]
    } ]
  }, {
    "id" : "4b9dc6dc-4436-47b1-8d82-758ed5a08455",
    "vertices" : [ {
      "x" : 8.472136,
      "y" : 0.0,
      "z" : -3.236068
    }, {
      "x" : 8.163119,
      "y" : 0.0,
      "z" : -3.118034
    }, {
      "x" : 7.7586102,
      "y" : -0.1545085,
      "z" : -2.677051
    }, {
      "x" : 7.5676274,
      "y" : -0.1545085,
      "z" : -3.177051
    }, {
      "x" : 0.9045085,
      "y" : -0.1545085,
      "z" : -0.059016995
    }, {
      "x" : 0.809017,
      "y" : 0.309017,
      "z" : -0.309017
    }, {
      "x" : 0.309017,
      "y" : 0.0,
      "z" : -0.11803399
    }, {
      "x" : 7.663119,
      "y" : 0.309017,
      "z" : -2.927051
    }, {
      "x" : 0.7135255,
      "y" : -0.1545085,
      "z" : -0.559017
    } ],
    "faces" : [ {
      "vertices" : [ 2, 4, 8 ]
    }, {
      "vertices" : [ 2, 8, 3 ]
    }, {
      "vertices" : [ 2, 7, 5 ]
    }, {
      "vertices" : [ 2, 5, 4 ]
    }, {
      "vertices" : [ 4, 6, 8 ]
    }, {
      "vertices" : [ 5, 8, 6 ]
    }, {
      "vertices" : [ 1, 2, 3 ]
    }, {
      "vertices" : [ 3, 8, 5 ]
    }, {
      "vertices" : [ 3, 5, 7 ]
    }, {
      "vertices" : [ 1, 7, 2 ]
    }, {
      "vertices" : [ 1, 3, 7 ]
    }, {
      "vertices" : [ 4, 5, 6 ]
    } ]
  }, {
    "id" : "a00bff9a-d583-4d03-a51b-61a060c4435b",
    "vertices" : [ {
      "x" : 16.326239,
      "y" : 0.0,
      "z" : -26.416409
    }, {
      "x" : 13.708204,
      "y" : 4.236068,
      "z" : -33.27051
    }, {
      "x" : 0.0,
      "y" : 9.472136,
      "z" : -24.798374
    }, {
      "x" : 0.0,
      "y" : 6.236068,
      "z" : -16.326239
    } ],
    "faces" : [ {
      "vertices" : [ 0, 1, 2 ]
    }, {
      "vertices" : [ 0, 2, 3 ]
    }, {
      "vertices" : [ 0, 3, 2 ]
    }, {
      "vertices" : [ 0, 2, 1 ]
    } ]
  }, {
    "id" : "c789c8d9-d018-43e3-ab0b-94a6a6899a08",
    "vertices" : [ {
      "x" : 26.416409,
      "y" : -16.326239,
      "z" : 0.0
    }, {
      "x" : 33.27051,
      "y" : -13.708204,
      "z" : 4.236068
    }, {
      "x" : 24.798374,
      "y" : 0.0,
      "z" : 9.472136
    }, {
      "x" : 16.326239,
      "y" : 0.0,
      "z" : 6.236068
    } ],
    "faces" : [ {
      "vertices" : [ 0, 1, 2 ]
    }, {
      "vertices" : [ 0, 2, 3 ]
    }, {
      "vertices" : [ 0, 3, 2 ]
    }, {
      "vertices" : [ 0, 2, 1 ]
    } ]
  }, {
    "id" : "8a2ad9f2-ca33-4de0-87b1-1bfc5663dca4",
    "vertices" : [ {
      "x" : 11.09017,
      "y" : 0.0,
      "z" : -40.12461
    }, {
      "x" : 0.0,
      "y" : -4.236068,
      "z" : -33.27051
    }, {
      "x" : 0.0,
      "y" : 4.236068,
      "z" : -33.27051
    } ],
    "faces" : [ {
      "vertices" : [ 0, 1, 2 ]
    }, {
      "vertices" : [ 0, 2, 1 ]
    } ]
  }, {
    "id" : "82d0e717-7021-43e8-9f71-fd969e5431d9",
    "vertices" : [ {
      "x" : -16.326239,
      "y" : 0.0,
      "z" : -6.236068
    }, {
      "x" : -24.798374,
      "y" : 0.0,
      "z" : -9.472136
    }, {
      "x" : -33.27051,
      "y" : 13.708204,
      "z" : -4.236068
    }, {
      "x" : -26.416409,
      "y" : 16.326239,
      "z" : 0.0
    } ],
    "faces" : [ {
      "vertices" : [ 0, 1, 2 ]
    }, {
      "vertices" : [ 0, 2, 3 ]
    }, {
      "vertices" : [ 0, 3, 2 ]
    }, {
      "vertices" : [ 0, 2, 1 ]
    } ]
  }, {
    "id" : "adaf2c7e-f910-42c1-9b37-6780341c1d9a",
    "vertices" : [ {
      "x" : 16.326239,
      "y" : 0.0,
      "z" : 26.416409
    }, {
      "x" : 13.708204,
      "y" : -4.236068,
      "z" : 33.27051
    }, {
      "x" : 0.0,
      "y" : -9.472136,
      "z" : 24.798374
    }, {
      "x" : 0.0,
      "y" : -6.236068,
      "z" : 16.326239
    } ],
    "faces" : [ {
      "vertices" : [ 0, 1, 2 ]
    }, {
      "vertices" : [ 0, 2, 3 ]
    }, {
      "vertices" : [ 0, 3, 2 ]
    }, {
      "vertices" : [ 0, 2, 1 ]
    } ]
  }, {
    "id" : "bbdc3ee0-0d91-4224-871f-0e68d29d8307",
    "vertices" : [ {
      "x" : 40.12461,
      "y" : 11.09017,
      "z" : 0.0
    }, {
      "x" : 33.27051,
      "y" : 0.0,
      "z" : 4.236068
    }, {
      "x" : 33.27051,
      "y" : 0.0,
      "z" : -4.236068
    } ],
    "faces" : [ {
      "vertices" : [ 0, 1, 2 ]
    }, {
      "vertices" : [ 0, 2, 1 ]
    } ]
  }, {
    "id" : "fe074af4-64e9-4c8e-9ef8-29ca6130fe21",
    "vertices" : [ {
      "x" : 0.0,
      "y" : 6.236068,
      "z" : 16.326239
    }, {
      "x" : 0.0,
      "y" : 9.472136,
      "z" : 24.798374
    }, {
      "x" : 13.708204,
      "y" : 4.236068,
      "z" : 33.27051
    }, {
      "x" : 16.326239,
      "y" : 0.0,
      "z" : 26.416409
    } ],
    "faces" : [ {
      "vertices" : [ 0, 1, 2 ]
    }, {
      "vertices" : [ 0, 2, 3 ]
    }, {
      "vertices" : [ 0, 3, 2 ]
    }, {
      "vertices" : [ 0, 2, 1 ]
    } ]
  }, {
    "id" : "311d02bf-655a-4b64-bb13-e59cae3054e1",
    "vertices" : [ {
      "x" : 0.0,
      "y" : 40.12461,
      "z" : -11.09017
    }, {
      "x" : -4.236068,
      "y" : 33.27051,
      "z" : 0.0
    }, {
      "x" : 4.236068,
      "y" : 33.27051,
      "z" : 0.0
    } ],
    "faces" : [ {
      "vertices" : [ 0, 1, 2 ]
    }, {
      "vertices" : [ 0, 2, 1 ]
    } ]
  }, {
    "id" : "28f4b921-b220-49ad-9b05-0762ddc3c044",
    "vertices" : [ {
      "x" : 0.0,
      "y" : 40.12461,
      "z" : 11.09017
    }, {
      "x" : 4.236068,
      "y" : 33.27051,
      "z" : 13.708204
    }, {
      "x" : 9.472136,
      "y" : 24.798374,
      "z" : 0.0
    }, {
      "x" : 4.236068,
      "y" : 33.27051,
      "z" : 0.0
    } ],
    "faces" : [ {
      "vertices" : [ 0, 1, 2 ]
    }, {
      "vertices" : [ 0, 2, 3 ]
    }, {
      "vertices" : [ 0, 3, 2 ]
    }, {
      "vertices" : [ 0, 2, 1 ]
    } ]
  }, {
    "id" : "4edc08a1-4084-48d3-82d3-97007c75595f",
    "vertices" : [ {
      "x" : 16.326239,
      "y" : 0.0,
      "z" : 6.236068
    }, {
      "x" : 24.798374,
      "y" : 0.0,
      "z" : 9.472136
    }, {
      "x" : 33.27051,
      "y" : 13.708204,
      "z" : 4.236068
    }, {
      "x" : 26.416409,
      "y" : 16.326239,
      "z" : 0.0
    } ],
    "faces" : [ {
      "vertices" : [ 0, 1, 2 ]
    }, {
      "vertices" : [ 0, 2, 3 ]
    }, {
      "vertices" : [ 0, 3, 2 ]
    }, {
      "vertices" : [ 0, 2, 1 ]
    } ]
  }, {
    "id" : "fa621979-b0d4-4440-a694-61a38bcc60de",
    "vertices" : [ {
      "x" : -40.12461,
      "y" : 11.09017,
      "z" : 0.0
    }, {
      "x" : -33.27051,
      "y" : 0.0,
      "z" : -4.236068
    }, {
      "x" : -33.27051,
      "y" : 0.0,
      "z" : 4.236068
    } ],
    "faces" : [ {
      "vertices" : [ 0, 1, 2 ]
    }, {
      "vertices" : [ 0, 2, 1 ]
    } ]
  }, {
    "id" : "2714396f-cbc5-451d-b766-0c2db66a71fe",
    "vertices" : [ {
      "x" : 0.0,
      "y" : 26.416409,
      "z" : -16.326239
    }, {
      "x" : 4.236068,
      "y" : 33.27051,
      "z" : -13.708204
    }, {
      "x" : 9.472136,
      "y" : 24.798374,
      "z" : 0.0
    }, {
      "x" : 6.236068,
      "y" : 16.326239,
      "z" : 0.0
    } ],
    "faces" : [ {
      "vertices" : [ 0, 1, 2 ]
    }, {
      "vertices" : [ 0, 2, 3 ]
    }, {
      "vertices" : [ 0, 3, 2 ]
    }, {
      "vertices" : [ 0, 2, 1 ]
    } ]
  }, {
    "id" : "e6ebe38c-40c3-40f9-adc7-40ae571803cc",
    "vertices" : [ {
      "x" : 6.236068,
      "y" : 16.326239,
      "z" : 0.0
    }, {
      "x" : 9.472136,
      "y" : 24.798374,
      "z" : 0.0
    }, {
      "x" : 4.236068,
      "y" : 33.27051,
      "z" : 13.708204
    }, {
      "x" : 0.0,
      "y" : 26.416409,
      "z" : 16.326239
    } ],
    "faces" : [ {
      "vertices" : [ 0, 1, 2 ]
    }, {
      "vertices" : [ 0, 2, 3 ]
    }, {
      "vertices" : [ 0, 3, 2 ]
    }, {
      "vertices" : [ 0, 2, 1 ]
    } ]
  }, {
    "id" : "f7ccc685-48d5-472a-b2ad-1df5355e73e7",
    "vertices" : [ {
      "x" : -40.12461,
      "y" : -11.09017,
      "z" : 0.0
    }, {
      "x" : -33.27051,
      "y" : 0.0,
      "z" : 4.236068
    }, {
      "x" : -33.27051,
      "y" : 0.0,
      "z" : -4.236068
    } ],
    "faces" : [ {
      "vertices" : [ 0, 1, 2 ]
    }, {
      "vertices" : [ 0, 2, 1 ]
    } ]
  }, {
    "id" : "e3a1a3ea-02f2-4165-82c0-a6dc63e7e266",
    "vertices" : [ {
      "x" : -11.09017,
      "y" : 0.0,
      "z" : 40.12461
    }, {
      "x" : 0.0,
      "y" : 4.236068,
      "z" : 33.27051
    }, {
      "x" : 0.0,
      "y" : 9.472136,
      "z" : 24.798374
    }, {
      "x" : -13.708204,
      "y" : 4.236068,
      "z" : 33.27051
    } ],
    "faces" : [ {
      "vertices" : [ 0, 1, 2 ]
    }, {
      "vertices" : [ 0, 2, 3 ]
    }, {
      "vertices" : [ 0, 3, 2 ]
    }, {
      "vertices" : [ 0, 2, 1 ]
    } ]
  }, {
    "id" : "dc695384-566a-44bf-be05-05dd48a6e3f3",
    "vertices" : [ {
      "x" : 0.9045085,
      "y" : 0.3454915,
      "z" : 0.25
    }, {
      "x" : 0.9045085,
      "y" : 0.3454915,
      "z" : 0.25
    }, {
      "x" : 0.7135255,
      "y" : 0.6545085,
      "z" : 0.25
    }, {
      "x" : 0.7135255,
      "y" : 0.6545085,
      "z" : 0.25
    }, {
      "x" : 0.809017,
      "y" : 0.5,
      "z" : -0.309017
    }, {
      "x" : 0.9635255,
      "y" : 0.25,
      "z" : -0.095491506
    }, {
      "x" : 0.309017,
      "y" : 0.19098301,
      "z" : 0.0
    }, {
      "x" : 1.309017,
      "y" : 0.809017,
      "z" : 0.0
    }, {
      "x" : 0.6545085,
      "y" : 0.75,
      "z" : -0.095491506
    }, {
      "x" : 0.809017,
      "y" : 0.5,
      "z" : -0.309017
    }, {
      "x" : 1.618034,
      "y" : 1.0,
      "z" : 0.0
    }, {
      "x" : 0.6545085,
      "y" : 0.75,
      "z" : -0.095491506
    }, {
      "x" : 0.9635255,
      "y" : 0.25,
      "z" : -0.095491506
    } ],
    "faces" : [ {
      "vertices" : [ 4, 11, 8 ]
    }, {
      "vertices" : [ 4, 8, 9 ]
    }, {
      "vertices" : [ 0, 1, 2 ]
    }, {
      "vertices" : [ 0, 2, 3 ]
    }, {
      "vertices" : [ 0, 3, 6 ]
    }, {
      "vertices" : [ 1, 7, 2 ]
    }, {
      "vertices" : [ 0, 6, 5 ]
    }, {
      "vertices" : [ 4, 5, 6 ]
    }, {
      "vertices" : [ 2, 7, 8 ]
    }, {
      "vertices" : [ 0, 5, 12 ]
    }, {
      "vertices" : [ 0, 12, 1 ]
    }, {
      "vertices" : [ 1, 12, 7 ]
    }, {
      "vertices" : [ 3, 11, 6 ]
    }, {
      "vertices" : [ 4, 6, 11 ]
    }, {
      "vertices" : [ 7, 9, 8 ]
    }, {
      "vertices" : [ 2, 8, 11 ]
    }, {
      "vertices" : [ 2, 11, 3 ]
    }, {
      "vertices" : [ 7, 12, 9 ]
    }, {
      "vertices" : [ 4, 9, 12 ]
    }, {
      "vertices" : [ 4, 12, 5 ]
    } ]
  }, {
    "id" : "6433ef27-59c6-4707-9824-a824534d2e96",
    "vertices" : [ {
      "x" : -4.236068,
      "y" : -33.27051,
      "z" : -13.708204
    }, {
      "x" : 0.0,
      "y" : -26.416409,
      "z" : -16.326239
    }, {
      "x" : 4.236068,
      "y" : -33.27051,
      "z" : -13.708204
    }, {
      "x" : 0.0,
      "y" : -40.12461,
      "z" : -11.09017
    } ],
    "faces" : [ {
      "vertices" : [ 0, 1, 2 ]
    }, {
      "vertices" : [ 0, 2, 3 ]
    }, {
      "vertices" : [ 0, 3, 2 ]
    }, {
      "vertices" : [ 0, 2, 1 ]
    } ]
  }, {
    "id" : "7bdc8b25-8f75-48ee-9d9f-d24dc8c89275",
    "vertices" : [ {
      "x" : 33.27051,
      "y" : -13.708204,
      "z" : 4.236068
    }, {
      "x" : 26.416409,
      "y" : -16.326239,
      "z" : 0.0
    }, {
      "x" : 33.27051,
      "y" : -13.708204,
      "z" : -4.236068
    }, {
      "x" : 40.12461,
      "y" : -11.09017,
      "z" : 0.0
    } ],
    "faces" : [ {
      "vertices" : [ 0, 1, 2 ]
    }, {
      "vertices" : [ 0, 2, 3 ]
    }, {
      "vertices" : [ 0, 3, 2 ]
    }, {
      "vertices" : [ 0, 2, 1 ]
    } ]
  }, {
    "id" : "84bbe88a-7581-4d80-8f74-2ecb42fdbc82",
    "vertices" : [ {
      "x" : 40.12461,
      "y" : -11.09017,
      "z" : 0.0
    }, {
      "x" : 33.27051,
      "y" : -13.708204,
      "z" : -4.236068
    }, {
      "x" : 24.798374,
      "y" : 0.0,
      "z" : -9.472136
    }, {
      "x" : 33.27051,
      "y" : 0.0,
      "z" : -4.236068
    } ],
    "faces" : [ {
      "vertices" : [ 0, 1, 2 ]
    }, {
      "vertices" : [ 0, 2, 3 ]
    }, {
      "vertices" : [ 0, 3, 2 ]
    }, {
      "vertices" : [ 0, 2, 1 ]
    } ]
  }, {
    "id" : "360e9f3a-afc5-43c7-ae63-81383e0410b5",
    "vertices" : [ {
      "x" : -6.236068,
      "y" : -16.326239,
      "z" : 0.0
    }, {
      "x" : 6.236068,
      "y" : -16.326239,
      "z" : 0.0
    }, {
      "x" : 0.0,
      "y" : -26.416409,
      "z" : -16.326239
    } ],
    "faces" : [ {
      "vertices" : [ 0, 1, 2 ]
    }, {
      "vertices" : [ 0, 2, 1 ]
    } ]
  }, {
    "id" : "68686ead-ad02-4f26-adcc-c72d65a17150",
    "vertices" : [ {
      "x" : -40.12461,
      "y" : 11.09017,
      "z" : 0.0
    }, {
      "x" : -33.27051,
      "y" : 0.0,
      "z" : 4.236068
    }, {
      "x" : -24.798374,
      "y" : 0.0,
      "z" : 9.472136
    }, {
      "x" : -33.27051,
      "y" : 13.708204,
      "z" : 4.236068
    } ],
    "faces" : [ {
      "vertices" : [ 0, 1, 2 ]
    }, {
      "vertices" : [ 0, 2, 3 ]
    }, {
      "vertices" : [ 0, 3, 2 ]
    }, {
      "vertices" : [ 0, 2, 1 ]
    } ]
  }, {
    "id" : "89e25b23-ef0d-4bdc-b015-04369ba9b02f",
    "vertices" : [ {
      "x" : 0.0,
      "y" : -40.12461,
      "z" : -11.09017
    }, {
      "x" : -4.236068,
      "y" : -33.27051,
      "z" : 0.0
    }, {
      "x" : -9.472136,
      "y" : -24.798374,
      "z" : 0.0
    }, {
      "x" : -4.236068,
      "y" : -33.27051,
      "z" : -13.708204
    } ],
    "faces" : [ {
      "vertices" : [ 0, 1, 2 ]
    }, {
      "vertices" : [ 0, 2, 3 ]
    }, {
      "vertices" : [ 0, 3, 2 ]
    }, {
      "vertices" : [ 0, 2, 1 ]
    } ]
  }, {
    "id" : "4fa82a99-47f1-4e52-bbb6-155802096934",
    "vertices" : [ {
      "x" : 6.236068,
      "y" : -16.326239,
      "z" : 0.0
    }, {
      "x" : -6.236068,
      "y" : -16.326239,
      "z" : 0.0
    }, {
      "x" : 0.0,
      "y" : -26.416409,
      "z" : 16.326239
    } ],
    "faces" : [ {
      "vertices" : [ 0, 1, 2 ]
    }, {
      "vertices" : [ 0, 2, 1 ]
    } ]
  }, {
    "id" : "b624d62c-f7a1-4c67-9ce6-8c4044e76ed4",
    "vertices" : [ {
      "x" : -16.326239,
      "y" : 0.0,
      "z" : 6.236068
    }, {
      "x" : -16.326239,
      "y" : 0.0,
      "z" : -6.236068
    }, {
      "x" : -26.416409,
      "y" : 16.326239,
      "z" : 0.0
    } ],
    "faces" : [ {
      "vertices" : [ 0, 1, 2 ]
    }, {
      "vertices" : [ 0, 2, 1 ]
    } ]
  }, {
    "id" : "b336617d-8f12-4876-9c98-82b7863a68ae",
    "vertices" : [ {
      "x" : -11.09017,
      "y" : 0.0,
      "z" : -40.12461
    }, {
      "x" : -13.708204,
      "y" : 4.236068,
      "z" : -33.27051
    }, {
      "x" : 0.0,
      "y" : 9.472136,
      "z" : -24.798374
    }, {
      "x" : 0.0,
      "y" : 4.236068,
      "z" : -33.27051
    } ],
    "faces" : [ {
      "vertices" : [ 0, 1, 2 ]
    }, {
      "vertices" : [ 0, 2, 3 ]
    }, {
      "vertices" : [ 0, 3, 2 ]
    }, {
      "vertices" : [ 0, 2, 1 ]
    } ]
  }, {
    "id" : "5625ada1-8881-4e02-a618-8b6d02cab7a3",
    "vertices" : [ {
      "x" : 40.12461,
      "y" : -11.09017,
      "z" : 0.0
    }, {
      "x" : 33.27051,
      "y" : 0.0,
      "z" : -4.236068
    }, {
      "x" : 33.27051,
      "y" : 0.0,
      "z" : 4.236068
    } ],
    "faces" : [ {
      "vertices" : [ 0, 1, 2 ]
    }, {
      "vertices" : [ 0, 2, 1 ]
    } ]
  }, {
    "id" : "f50d8054-5752-4353-9dcb-1be18760b6b5",
    "vertices" : [ {
      "x" : 0.0,
      "y" : -6.236068,
      "z" : -16.326239
    }, {
      "x" : 0.0,
      "y" : -9.472136,
      "z" : -24.798374
    }, {
      "x" : 13.708204,
      "y" : -4.236068,
      "z" : -33.27051
    }, {
      "x" : 16.326239,
      "y" : 0.0,
      "z" : -26.416409
    } ],
    "faces" : [ {
      "vertices" : [ 0, 1, 2 ]
    }, {
      "vertices" : [ 0, 2, 3 ]
    }, {
      "vertices" : [ 0, 3, 2 ]
    }, {
      "vertices" : [ 0, 2, 1 ]
    } ]
  }, {
    "id" : "bd26eba7-9ac7-4cf2-b03a-12775e35c7f3",
    "vertices" : [ {
      "x" : 16.326239,
      "y" : 0.0,
      "z" : -6.236068
    }, {
      "x" : 24.798374,
      "y" : 0.0,
      "z" : -9.472136
    }, {
      "x" : 33.27051,
      "y" : -13.708204,
      "z" : -4.236068
    }, {
      "x" : 26.416409,
      "y" : -16.326239,
      "z" : 0.0
    } ],
    "faces" : [ {
      "vertices" : [ 0, 1, 2 ]
    }, {
      "vertices" : [ 0, 2, 3 ]
    }, {
      "vertices" : [ 0, 3, 2 ]
    }, {
      "vertices" : [ 0, 2, 1 ]
    } ]
  }, {
    "id" : "28473255-89de-45c5-85ff-5d26bc3e1903",
    "vertices" : [ {
      "x" : 11.09017,
      "y" : 0.0,
      "z" : 40.12461
    }, {
      "x" : 13.708204,
      "y" : 4.236068,
      "z" : 33.27051
    }, {
      "x" : 0.0,
      "y" : 9.472136,
      "z" : 24.798374
    }, {
      "x" : 0.0,
      "y" : 4.236068,
      "z" : 33.27051
    } ],
    "faces" : [ {
      "vertices" : [ 0, 1, 2 ]
    }, {
      "vertices" : [ 0, 2, 3 ]
    }, {
      "vertices" : [ 0, 3, 2 ]
    }, {
      "vertices" : [ 0, 2, 1 ]
    } ]
  }, {
    "id" : "1e3482c7-bec3-45a4-8f20-78812b501cc3",
    "vertices" : [ {
      "x" : 6.236068,
      "y" : -16.326239,
      "z" : 0.0
    }, {
      "x" : 9.472136,
      "y" : -24.798374,
      "z" : 0.0
    }, {
      "x" : 4.236068,
      "y" : -33.27051,
      "z" : -13.708204
    }, {
      "x" : 0.0,
      "y" : -26.416409,
      "z" : -16.326239
    } ],
    "faces" : [ {
      "vertices" : [ 0, 1, 2 ]
    }, {
      "vertices" : [ 0, 2, 3 ]
    }, {
      "vertices" : [ 0, 3, 2 ]
    }, {
      "vertices" : [ 0, 2, 1 ]
    } ]
  }, {
    "id" : "8b91eeb3-9d5b-42aa-b47e-afda6f647dbd",
    "vertices" : [ {
      "x" : 0.0,
      "y" : 40.12461,
      "z" : 11.09017
    }, {
      "x" : -4.236068,
      "y" : 33.27051,
      "z" : 0.0
    }, {
      "x" : -9.472136,
      "y" : 24.798374,
      "z" : 0.0
    }, {
      "x" : -4.236068,
      "y" : 33.27051,
      "z" : 13.708204
    } ],
    "faces" : [ {
      "vertices" : [ 0, 1, 2 ]
    }, {
      "vertices" : [ 0, 2, 3 ]
    }, {
      "vertices" : [ 0, 3, 2 ]
    }, {
      "vertices" : [ 0, 2, 1 ]
    } ]
  }, {
    "id" : "6da1230c-dbd1-47e6-8bab-7e54bc26d872",
    "vertices" : [ {
      "x" : 0.0,
      "y" : -40.12461,
      "z" : 11.09017
    }, {
      "x" : 4.236068,
      "y" : -33.27051,
      "z" : 0.0
    }, {
      "x" : 9.472136,
      "y" : -24.798374,
      "z" : 0.0
    }, {
      "x" : 4.236068,
      "y" : -33.27051,
      "z" : 13.708204
    } ],
    "faces" : [ {
      "vertices" : [ 0, 1, 2 ]
    }, {
      "vertices" : [ 0, 2, 3 ]
    }, {
      "vertices" : [ 0, 3, 2 ]
    }, {
      "vertices" : [ 0, 2, 1 ]
    } ]
  }, {
    "id" : "c15e0e44-7928-4669-9b80-68390cb4e4ad",
    "vertices" : [ {
      "x" : 0.0,
      "y" : -26.416409,
      "z" : 16.326239
    }, {
      "x" : 4.236068,
      "y" : -33.27051,
      "z" : 13.708204
    }, {
      "x" : 9.472136,
      "y" : -24.798374,
      "z" : 0.0
    }, {
      "x" : 6.236068,
      "y" : -16.326239,
      "z" : 0.0
    } ],
    "faces" : [ {
      "vertices" : [ 0, 1, 2 ]
    }, {
      "vertices" : [ 0, 2, 3 ]
    }, {
      "vertices" : [ 0, 3, 2 ]
    }, {
      "vertices" : [ 0, 2, 1 ]
    } ]
  }, {
    "id" : "5edc334f-a3f5-4be7-b575-349373bd5a53",
    "vertices" : [ {
      "x" : -13.708204,
      "y" : -4.236068,
      "z" : -33.27051
    }, {
      "x" : -16.326239,
      "y" : 0.0,
      "z" : -26.416409
    }, {
      "x" : -13.708204,
      "y" : 4.236068,
      "z" : -33.27051
    }, {
      "x" : -11.09017,
      "y" : 0.0,
      "z" : -40.12461
    } ],
    "faces" : [ {
      "vertices" : [ 0, 1, 2 ]
    }, {
      "vertices" : [ 0, 2, 3 ]
    }, {
      "vertices" : [ 0, 3, 2 ]
    }, {
      "vertices" : [ 0, 2, 1 ]
    } ]
  }, {
    "id" : "081d9f39-542b-4286-92f6-8fe4b193ceb8",
    "vertices" : [ {
      "x" : 40.12461,
      "y" : 11.09017,
      "z" : 0.0
    }, {
      "x" : 33.27051,
      "y" : 13.708204,
      "z" : 4.236068
    }, {
      "x" : 24.798374,
      "y" : 0.0,
      "z" : 9.472136
    }, {
      "x" : 33.27051,
      "y" : 0.0,
      "z" : 4.236068
    } ],
    "faces" : [ {
      "vertices" : [ 0, 1, 2 ]
    }, {
      "vertices" : [ 0, 2, 3 ]
    }, {
      "vertices" : [ 0, 3, 2 ]
    }, {
      "vertices" : [ 0, 2, 1 ]
    } ]
  }, {
    "id" : "a7f4e477-db8b-46e3-bcea-de663c37a076",
    "vertices" : [ {
      "x" : -26.416409,
      "y" : -16.326239,
      "z" : 0.0
    }, {
      "x" : -33.27051,
      "y" : -13.708204,
      "z" : -4.236068
    }, {
      "x" : -24.798374,
      "y" : 0.0,
      "z" : -9.472136
    }, {
      "x" : -16.326239,
      "y" : 0.0,
      "z" : -6.236068
    } ],
    "faces" : [ {
      "vertices" : [ 0, 1, 2 ]
    }, {
      "vertices" : [ 0, 2, 3 ]
    }, {
      "vertices" : [ 0, 3, 2 ]
    }, {
      "vertices" : [ 0, 2, 1 ]
    } ]
  }, {
    "id" : "3a0598eb-d768-45a0-abcc-93f0ee232221",
    "vertices" : [ {
      "x" : 0.0,
      "y" : 26.416409,
      "z" : 16.326239
    }, {
      "x" : -4.236068,
      "y" : 33.27051,
      "z" : 13.708204
    }, {
      "x" : -9.472136,
      "y" : 24.798374,
      "z" : 0.0
    }, {
      "x" : -6.236068,
      "y" : 16.326239,
      "z" : 0.0
    } ],
    "faces" : [ {
      "vertices" : [ 0, 1, 2 ]
    }, {
      "vertices" : [ 0, 2, 3 ]
    }, {
      "vertices" : [ 0, 3, 2 ]
    }, {
      "vertices" : [ 0, 2, 1 ]
    } ]
  }, {
    "id" : "22dbd4a5-c4b6-4830-a920-8508c698dda9",
    "vertices" : [ {
      "x" : 0.0,
      "y" : 40.12461,
      "z" : 11.09017
    }, {
      "x" : 4.236068,
      "y" : 33.27051,
      "z" : 0.0
    }, {
      "x" : -4.236068,
      "y" : 33.27051,
      "z" : 0.0
    } ],
    "faces" : [ {
      "vertices" : [ 0, 1, 2 ]
    }, {
      "vertices" : [ 0, 2, 1 ]
    } ]
  }, {
    "id" : "4fefacc2-7cc9-449b-9d0e-83ea7c4b2b31",
    "vertices" : [ {
      "x" : 40.12461,
      "y" : 11.09017,
      "z" : 0.0
    }, {
      "x" : 33.27051,
      "y" : 0.0,
      "z" : -4.236068
    }, {
      "x" : 24.798374,
      "y" : 0.0,
      "z" : -9.472136
    }, {
      "x" : 33.27051,
      "y" : 13.708204,
      "z" : -4.236068
    } ],
    "faces" : [ {
      "vertices" : [ 0, 1, 2 ]
    }, {
      "vertices" : [ 0, 2, 3 ]
    }, {
      "vertices" : [ 0, 3, 2 ]
    }, {
      "vertices" : [ 0, 2, 1 ]
    } ]
  }, {
    "id" : "0d8cd76b-3534-41bd-a30c-ccc92870b185",
    "vertices" : [ {
      "x" : -16.326239,
      "y" : 0.0,
      "z" : 6.236068
    }, {
      "x" : -24.798374,
      "y" : 0.0,
      "z" : 9.472136
    }, {
      "x" : -33.27051,
      "y" : -13.708204,
      "z" : 4.236068
    }, {
      "x" : -26.416409,
      "y" : -16.326239,
      "z" : 0.0
    } ],
    "faces" : [ {
      "vertices" : [ 0, 1, 2 ]
    }, {
      "vertices" : [ 0, 2, 3 ]
    }, {
      "vertices" : [ 0, 3, 2 ]
    }, {
      "vertices" : [ 0, 2, 1 ]
    } ]
  }, {
    "id" : "eaa28acd-08da-4d3f-910b-e58302a94add",
    "vertices" : [ {
      "x" : 26.416409,
      "y" : 16.326239,
      "z" : 0.0
    }, {
      "x" : 33.27051,
      "y" : 13.708204,
      "z" : -4.236068
    }, {
      "x" : 24.798374,
      "y" : 0.0,
      "z" : -9.472136
    }, {
      "x" : 16.326239,
      "y" : 0.0,
      "z" : -6.236068
    } ],
    "faces" : [ {
      "vertices" : [ 0, 1, 2 ]
    }, {
      "vertices" : [ 0, 2, 3 ]
    }, {
      "vertices" : [ 0, 3, 2 ]
    }, {
      "vertices" : [ 0, 2, 1 ]
    } ]
  }, {
    "id" : "70c32a91-cfe0-4cb4-83d0-695444946c46",
    "vertices" : [ {
      "x" : 13.708204,
      "y" : -4.236068,
      "z" : 33.27051
    }, {
      "x" : 16.326239,
      "y" : 0.0,
      "z" : 26.416409
    }, {
      "x" : 13.708204,
      "y" : 4.236068,
      "z" : 33.27051
    }, {
      "x" : 11.09017,
      "y" : 0.0,
      "z" : 40.12461
    } ],
    "faces" : [ {
      "vertices" : [ 0, 1, 2 ]
    }, {
      "vertices" : [ 0, 2, 3 ]
    }, {
      "vertices" : [ 0, 3, 2 ]
    }, {
      "vertices" : [ 0, 2, 1 ]
    } ]
  }, {
    "id" : "056d91e9-bff7-4b2f-ae85-ae32a0c7e8e2",
    "vertices" : [ {
