{
  "field" : "golden",
  "symmetry" : "icosahedral",
  "orientations" : [ [ 1.0, 0.0, 0.0, 0.0, 0.0, 1.0, 0.0, 0.0, 0.0, 0.0, 1.0, 0.0, 0.0, 0.0, 0.0, 1.0 ], [ 0.0, 0.0, 1.0, 0.0, 1.0, 0.0, 0.0, 0.0, 0.0, 1.0, 0.0, 0.0, 0.0, 0.0, 0.0, 1.0 ], [ 0.0, 1.0, 0.0, 0.0, 0.0, 0.0, 1.0, 0.0, 1.0, 0.0, 0.0, 0.0, 0.0, 0.0, 0.0, 1.0 ], [ 0.809017, 0.309017, 0.5, 0.0, 0.309017, 0.5, -0.809017, 0.0, -0.5, 0.809017, 0.309017, 0.0, 0.0, 0.0, 0.0, 1.0 ], [ -0.5, 0.809017, 0.309017, 0.0, 0.809017, 0.309017, 0.5, 0.0, 0.309017, 0.5, -0.809017, 0.0, 0.0, 0.0, 0.0, 1.0 ], [ 0.309017, 0.5, -0.809017, 0.0, -0.5, 0.809017, 0.309017, 0.0, 0.809017, 0.309017, 0.5, 0.0, 0.0, 0.0, 0.0, 1.0 ], [ 0.5, 0.809017, 0.309017, 0.0, 0.809017, -0.309017, -0.5, 0.0, -0.309017, 0.5, -0.809017, 0.0, 0.0, 0.0, 0.0, 1.0 ], [ -0.309017, 0.5, -0.809017, 0.0, 0.5, 0.809017, 0.309017, 0.0, 0.809017, -0.309017, -0.5, 0.0, 0.0, 0.0, 0.0, 1.0 ], [ 0.809017, -0.309017, -0.5, 0.0, -0.309017, 0.5, -0.809017, 0.0, 0.5, 0.809017, 0.309017, 0.0, 0.0, 0.0, 0.0, 1.0 ], [ 0.5, 0.809017, -0.309017, 0.0, 0.809017, -0.309017, 0.5, 0.0, 0.309017, -0.5, -0.809017, 0.0, 0.0, 0.0, 0.0, 1.0 ], [ 0.309017, -0.5, -0.809017, 0.0, 0.5, 0.809017, -0.309017, 0.0, 0.809017, -0.309017, 0.5, 0.0, 0.0, 0.0, 0.0, 1.0 ], [ 0.809017, -0.309017, 0.5, 0.0, 0.309017, -0.5, -0.809017, 0.0, 0.5, 0.809017, -0.309017, 0.0, 0.0, 0.0, 0.0, 1.0 ], [ 0.809017, 0.309017, -0.5, 0.0, 0.309017, 0.5, 0.809017, 0.0, 0.5, -0.809017, 0.309017, 0.0, 0.0, 0.0, 0.0, 1.0 ], [ 0.5, -0.809017, 0.309017, 0.0, 0.809017, 0.309017, -0.5, 0.0, 0.309017, 0.5, 0.809017, 0.0, 0.0, 0.0, 0.0, 1.0 ], [ 0.309017, 0.5, 0.809017, 0.0, 0.5, -0.809017, 0.309017, 0.0, 0.809017, 0.309017, -0.5, 0.0, 0.0, 0.0, 0.0, 1.0 ], [ 1.0, 0.0, 0.0, 0.0, 0.0, -1.0, 0.0, 0.0, 0.0, 0.0, -1.0, 0.0, 0.0, 0.0, 0.0, 1.0 ], [ 0.0, 0.0, 1.0, 0.0, -1.0, 0.0, 0.0, 0.0, 0.0, -1.0, 0.0, 0.0, 0.0, 0.0, 0.0, 1.0 ], [ 0.0, 1.0, 0.0, 0.0, 0.0, 0.0, -1.0, 0.0, -1.0, 0.0, 0.0, 0.0, 0.0, 0.0, 0.0, 1.0 ], [ 0.809017, 0.309017, 0.5, 0.0, -0.309017, -0.5, 0.809017, 0.0, 0.5, -0.809017, -0.309017, 0.0, 0.0, 0.0, 0.0, 1.0 ], [ -0.5, 0.809017, 0.309017, 0.0, -0.809017, -0.309017, -0.5, 0.0, -0.309017, -0.5, 0.809017, 0.0, 0.0, 0.0, 0.0, 1.0 ], [ 0.309017, 0.5, -0.809017, 0.0, 0.5, -0.809017, -0.309017, 0.0, -0.809017, -0.309017, -0.5, 0.0, 0.0, 0.0, 0.0, 1.0 ], [ 0.5, 0.809017, 0.309017, 0.0, -0.809017, 0.309017, 0.5, 0.0, 0.309017, -0.5, 0.809017, 0.0, 0.0, 0.0, 0.0, 1.0 ], [ -0.309017, 0.5, -0.809017, 0.0, -0.5, -0.809017, -0.309017, 0.0, -0.809017, 0.309017, 0.5, 0.0, 0.0, 0.0, 0.0, 1.0 ], [ 0.809017, -0.309017, -0.5, 0.0, 0.309017, -0.5, 0.809017, 0.0, -0.5, -0.809017, -0.309017, 0.0, 0.0, 0.0, 0.0, 1.0 ], [ 0.5, 0.809017, -0.309017, 0.0, -0.809017, 0.309017, -0.5, 0.0, -0.309017, 0.5, 0.809017, 0.0, 0.0, 0.0, 0.0, 1.0 ], [ 0.309017, -0.5, -0.809017, 0.0, -0.5, -0.809017, 0.309017, 0.0, -0.809017, 0.309017, -0.5, 0.0, 0.0, 0.0, 0.0, 1.0 ], [ 0.809017, -0.309017, 0.5, 0.0, -0.309017, 0.5, 0.809017, 0.0, -0.5, -0.809017, 0.309017, 0.0, 0.0, 0.0, 0.0, 1.0 ], [ 0.809017, 0.309017, -0.5, 0.0, -0.309017, -0.5, -0.809017, 0.0, -0.5, 0.809017, -0.309017, 0.0, 0.0, 0.0, 0.0, 1.0 ], [ 0.5, -0.809017, 0.309017, 0.0, -0.809017, -0.309017, 0.5, 0.0, -0.309017, -0.5, -0.809017, 0.0, 0.0, 0.0, 0.0, 1.0 ], [ 0.309017, 0.5, 0.809017, 0.0, -0.5, 0.809017, -0.309017, 0.0, -0.809017, -0.309017, 0.5, 0.0, 0.0, 0.0, 0.0, 1.0 ], [ -1.0, 0.0, 0.0, 0.0, 0.0, -1.0, 0.0, 0.0, 0.0, 0.0, 1.0, 0.0, 0.0, 0.0, 0.0, 1.0 ], [ 0.0, 0.0, -1.0, 0.0, -1.0, 0.0, 0.0, 0.0, 0.0, 1.0, 0.0, 0.0, 0.0, 0.0, 0.0, 1.0 ], [ 0.0, -1.0, 0.0, 0.0, 0.0, 0.0, -1.0, 0.0, 1.0, 0.0, 0.0, 0.0, 0.0, 0.0, 0.0, 1.0 ], [ -0.809017, -0.309017, -0.5, 0.0, -0.309017, -0.5, 0.809017, 0.0, -0.5, 0.809017, 0.309017, 0.0, 0.0, 0.0, 0.0, 1.0 ], [ 0.5, -0.809017, -0.309017, 0.0, -0.809017, -0.309017, -0.5, 0.0, 0.309017, 0.5, -0.809017, 0.0, 0.0, 0.0, 0.0, 1.0 ], [ -0.309017, -0.5, 0.809017, 0.0, 0.5, -0.809017, -0.309017, 0.0, 0.809017, 0.309017, 0.5, 0.0, 0.0, 0.0, 0.0, 1.0 ], [ -0.5, -0.809017, -0.309017, 0.0, -0.809017, 0.309017, 0.5, 0.0, -0.309017, 0.5, -0.809017, 0.0, 0.0, 0.0, 0.0, 1.0 ], [ 0.309017, -0.5, 0.809017, 0.0, -0.5, -0.809017, -0.309017, 0.0, 0.809017, -0.309017, -0.5, 0.0, 0.0, 0.0, 0.0, 1.0 ], [ -0.809017, 0.309017, 0.5, 0.0, 0.309017, -0.5, 0.809017, 0.0, 0.5, 0.809017, 0.309017, 0.0, 0.0, 0.0, 0.0, 1.0 ], [ -0.5, -0.809017, 0.309017, 0.0, -0.809017, 0.309017, -0.5, 0.0, 0.309017, -0.5, -0.809017, 0.0, 0.0, 0.0, 0.0, 1.0 ], [ -0.309017, 0.5, 0.809017, 0.0, -0.5, -0.809017, 0.309017, 0.0, 0.809017, -0.309017, 0.5, 0.0, 0.0, 0.0, 0.0, 1.0 ], [ -0.809017, 0.309017, -0.5, 0.0, -0.309017, 0.5, 0.809017, 0.0, 0.5, 0.809017, -0.309017, 0.0, 0.0, 0.0, 0.0, 1.0 ], [ -0.809017, -0.309017, 0.5, 0.0, -0.309017, -0.5, -0.809017, 0.0, 0.5, -0.809017, 0.309017, 0.0, 0.0, 0.0, 0.0, 1.0 ], [ -0.5, 0.809017, -0.309017, 0.0, -0.809017, -0.309017, 0.5, 0.0, 0.309017, 0.5, 0.809017, 0.0, 0.0, 0.0, 0.0, 1.0 ], [ -0.309017, -0.5, -0.809017, 0.0, -0.5, 0.809017, -0.309017, 0.0, 0.809017, 0.309017, -0.5, 0.0, 0.0, 0.0, 0.0, 1.0 ], [ -1.0, 0.0, 0.0, 0.0, 0.0, 1.0, 0.0, 0.0, 0.0, 0.0, -1.0, 0.0, 0.0, 0.0, 0.0, 1.0 ], [ 0.0, 0.0, -1.0, 0.0, 1.0, 0.0, 0.0, 0.0, 0.0, -1.0, 0.0, 0.0, 0.0, 0.0, 0.0, 1.0 ], [ 0.0, -1.0, 0.0, 0.0, 0.0, 0.0, 1.0, 0.0, -1.0, 0.0, 0.0, 0.0, 0.0, 0.0, 0.0, 1.0 ], [ -0.809017, -0.309017, -0.5, 0.0, 0.309017, 0.5, -0.809017, 0.0, 0.5, -0.809017, -0.309017, 0.0, 0.0, 0.0, 0.0, 1.0 ], [ 0.5, -0.809017, -0.309017, 0.0, 0.809017, 0.309017, 0.5, 0.0, -0.309017, -0.5, 0.809017, 0.0, 0.0, 0.0, 0.0, 1.0 ], [ -0.309017, -0.5, 0.809017, 0.0, -0.5, 0.809017, 0.309017, 0.0, -0.809017, -0.309017, -0.5, 0.0, 0.0, 0.0, 0.0, 1.0 ], [ -0.5, -0.809017, -0.309017, 0.0, 0.809017, -0.309017, -0.5, 0.0, 0.309017, -0.5, 0.809017, 0.0, 0.0, 0.0, 0.0, 1.0 ], [ 0.309017, -0.5, 0.809017, 0.0, 0.5, 0.809017, 0.309017, 0.0, -0.809017, 0.309017, 0.5, 0.0, 0.0, 0.0, 0.0, 1.0 ], [ -0.809017, 0.309017, 0.5, 0.0, -0.309017, 0.5, -0.809017, 0.0, -0.5, -0.809017, -0.309017, 0.0, 0.0, 0.0, 0.0, 1.0 ], [ -0.5, -0.809017, 0.309017, 0.0, 0.809017, -0.309017, 0.5, 0.0, -0.309017, 0.5, 0.809017, 0.0, 0.0, 0.0, 0.0, 1.0 ], [ -0.309017, 0.5, 0.809017, 0.0, 0.5, 0.809017, -0.309017, 0.0, -0.809017, 0.309017, -0.5, 0.0, 0.0, 0.0, 0.0, 1.0 ], [ -0.809017, 0.309017, -0.5, 0.0, 0.309017, -0.5, -0.809017, 0.0, -0.5, -0.809017, 0.309017, 0.0, 0.0, 0.0, 0.0, 1.0 ], [ -0.809017, -0.309017, 0.5, 0.0, 0.309017, 0.5, 0.809017, 0.0, -0.5, 0.809017, -0.309017, 0.0, 0.0, 0.0, 0.0, 1.0 ], [ -0.5, 0.809017, -0.309017, 0.0, 0.809017, 0.309017, -0.5, 0.0, -0.309017, -0.5, -0.809017, 0.0, 0.0, 0.0, 0.0, 1.0 ], [ -0.309017, -0.5, -0.809017, 0.0, 0.5, -0.809017, 0.309017, 0.0, -0.809017, -0.309017, 0.5, 0.0, 0.0, 0.0, 0.0, 1.0 ] ],
  "lights" : {
    "ambientColor" : "#292929",
    "backgroundColor" : "#FFFFFF",
    "directionalLights" : [ {
      "direction" : {
        "x" : 1.0,
        "y" : -1.0,
        "z" : -1.0
      },
      "color" : "#EBEBE4"
    }, {
      "direction" : {
        "x" : -1.0,
        "y" : 0.0,
        "z" : 0.0
      },
      "color" : "#E4E4EB"
    }, {
      "direction" : {
        "x" : 0.0,
        "y" : 0.0,
        "z" : -1.0
      },
      "color" : "#1E1E1E"
    } ]
  },
  "camera" : {
    "stereo" : false,
    "width" : 133.00291,
    "perspective" : false,
    "lookDirection" : {
      "x" : 0.0,
      "y" : 0.0,
      "z" : -1.0
    },
    "upDirection" : {
      "x" : 0.0,
      "y" : 1.0,
      "z" : 0.0
    },
    "lookAtPoint" : {
      "x" : 0.0,
      "y" : 0.0,
      "z" : 0.0
    },
    "viewDistance" : 295.56226,
    "nearClipDistance" : 0.738905,
    "farClipDistance" : 591.1236,
    "fieldOfView" : 0.44262856,
    "position" : {
      "x" : 0.0,
      "y" : 0.0,
      "z" : 295.56226
    }
  },
  "embedding" : [ 1.0, 0.0, 0.0, 0.0, 0.0, 1.0, 0.0, 0.0, 0.0, 0.0, 1.0, 0.0, 0.0, 0.0, 0.0, 1.0 ],
  "shapes" : [ {
    "id" : "27832ef4-a09c-4b57-9f8b-b5651b63ea06",
    "vertices" : [ {
      "x" : 1.0,
      "y" : 0.309017,
      "z" : 0.19098301
    }, {
      "x" : 1.0,
      "y" : -0.309017,
      "z" : 0.19098301
    }, {
      "x" : 7.472136,
      "y" : -0.309017,
      "z" : 0.19098301
    }, {
      "x" : 7.472136,
      "y" : 0.309017,
      "z" : 0.19098301
    }, {
      "x" : 7.472136,
      "y" : -0.309017,
      "z" : -0.19098301
    }, {
      "x" : 7.472136,
      "y" : 0.309017,
      "z" : -0.19098301
    }, {
      "x" : 8.09017,
      "y" : 0.0,
      "z" : 0.0
    }, {
      "x" : 0.38196602,
      "y" : 0.0,
      "z" : 0.0
    }, {
      "x" : 1.0,
      "y" : 0.309017,
      "z" : -0.19098301
    }, {
      "x" : 1.0,
      "y" : -0.309017,
      "z" : -0.19098301
    }, {
      "x" : 8.472136,
      "y" : 0.0,
      "z" : 0.0
    } ],
    "faces" : [ {
      "vertices" : [ 1, 9, 4 ]
    }, {
      "vertices" : [ 1, 4, 2 ]
    }, {
      "vertices" : [ 0, 3, 5 ]
    }, {
      "vertices" : [ 0, 5, 8 ]
    }, {
      "vertices" : [ 1, 7, 9 ]
    }, {
      "vertices" : [ 0, 1, 2 ]
    }, {
      "vertices" : [ 0, 2, 3 ]
    }, {
      "vertices" : [ 7, 8, 9 ]
    }, {
      "vertices" : [ 0, 7, 1 ]
    }, {
      "vertices" : [ 4, 9, 8 ]
    }, {
      "vertices" : [ 4, 8, 5 ]
    }, {
      "vertices" : [ 2, 6, 3 ]
    }, {
      "vertices" : [ 2, 4, 6 ]
    }, {
      "vertices" : [ 3, 6, 5 ]
    }, {
      "vertices" : [ 4, 5, 6 ]
    }, {
      "vertices" : [ 0, 8, 7 ]
    } ]
  }, {
    "id" : "23c9f922-7095-453a-b61a-4df9d66c518a",
    "vertices" : [ {
      "x" : 0.309017,
      "y" : -0.309017,
      "z" : -0.309017
    }, {
      "x" : 0.5,
      "y" : 0.0,
      "z" : -0.19098301
    }, {
      "x" : 0.5,
      "y" : 0.0,
      "z" : 0.19098301
    }, {
      "x" : 0.309017,
      "y" : -0.309017,
      "z" : 0.309017
    }, {
      "x" : 0.19098301,
      "y" : -0.5,
      "z" : 0.0
    }, {
      "x" : 0.0,
      "y" : 0.19098301,
      "z" : 0.5
    }, {
      "x" : 0.0,
      "y" : -0.19098301,
      "z" : 0.5
    }, {
      "x" : 0.309017,
      "y" : 0.309017,
      "z" : 0.309017
    }, {
      "x" : -0.309017,
      "y" : -0.309017,
      "z" : 0.309017
    }, {
      "x" : -0.309017,
      "y" : 0.309017,
      "z" : 0.309017
    }, {
      "x" : -0.5,
      "y" : 0.0,
      "z" : 0.19098301
    }, {
      "x" : 0.0,
      "y" : -0.19098301,
      "z" : -0.5
    }, {
      "x" : 0.0,
      "y" : 0.19098301,
      "z" : -0.5
    }, {
      "x" : 0.309017,
      "y" : 0.309017,
      "z" : -0.309017
    }, {
      "x" : -0.309017,
      "y" : -0.309017,
      "z" : -0.309017
    }, {
      "x" : -0.19098301,
      "y" : -0.5,
      "z" : 0.0
    }, {
      "x" : -0.5,
      "y" : 0.0,
      "z" : -0.19098301
    }, {
      "x" : 0.19098301,
      "y" : 0.5,
      "z" : 0.0
    }, {
      "x" : -0.309017,
      "y" : 0.309017,
      "z" : -0.309017
    }, {
      "x" : 0.0,
      "y" : 0.0,
      "z" : 0.0
    }, {
      "x" : -0.19098301,
      "y" : 0.5,
      "z" : 0.0
    } ],
    "faces" : [ {
      "vertices" : [ 12, 18, 20 ]
    }, {
      "vertices" : [ 12, 20, 17 ]
    }, {
      "vertices" : [ 12, 17, 13 ]
    }, {
      "vertices" : [ 3, 6, 8 ]
    }, {
      "vertices" : [ 3, 8, 15 ]
    }, {
      "vertices" : [ 3, 15, 4 ]
    }, {
      "vertices" : [ 0, 11, 12 ]
    }, {
      "vertices" : [ 0, 12, 13 ]
    }, {
      "vertices" : [ 0, 13, 1 ]
    }, {
      "vertices" : [ 5, 9, 10 ]
    }, {
      "vertices" : [ 5, 10, 8 ]
    }, {
      "vertices" : [ 5, 8, 6 ]
    }, {
      "vertices" : [ 2, 7, 5 ]
    }, {
      "vertices" : [ 2, 5, 6 ]
    }, {
      "vertices" : [ 2, 6, 3 ]
    }, {
      "vertices" : [ 11, 14, 16 ]
    }, {
      "vertices" : [ 11, 16, 18 ]
    }, {
      "vertices" : [ 11, 18, 12 ]
    }, {
      "vertices" : [ 1, 13, 17 ]
    }, {
      "vertices" : [ 1, 17, 7 ]
    }, {
      "vertices" : [ 1, 7, 2 ]
    }, {
      "vertices" : [ 9, 20, 18 ]
    }, {
      "vertices" : [ 9, 18, 16 ]
    }, {
      "vertices" : [ 9, 16, 10 ]
    }, {
      "vertices" : [ 0, 1, 2 ]
    }, {
      "vertices" : [ 0, 2, 3 ]
    }, {
      "vertices" : [ 0, 3, 4 ]
    }, {
      "vertices" : [ 5, 7, 17 ]
    }, {
      "vertices" : [ 5, 17, 20 ]
    }, {
      "vertices" : [ 5, 20, 9 ]
    }, {
      "vertices" : [ 0, 4, 15 ]
    }, {
      "vertices" : [ 0, 15, 14 ]
    }, {
      "vertices" : [ 0, 14, 11 ]
    }, {
      "vertices" : [ 8, 10, 16 ]
    }, {
      "vertices" : [ 8, 16, 14 ]
    }, {
      "vertices" : [ 8, 14, 15 ]
    } ]
  }, {
    "id" : "2013f407-98f7-4b38-a571-6d9a1dbbbab3",
    "vertices" : [ {
      "x" : -11.09017,
      "y" : -20.562305,
      "z" : 22.18034
    }, {
      "x" : -15.326238,
      "y" : -13.708204,
      "z" : 24.798374
    }, {
      "x" : -8.472136,
      "y" : -11.09017,
      "z" : 29.034441
    }, {
      "x" : -4.236068,
      "y" : -17.944271,
      "z" : 26.416409
    } ],
    "faces" : [ {
      "vertices" : [ 0, 1, 2 ]
    }, {
      "vertices" : [ 0, 2, 3 ]
    }, {
      "vertices" : [ 0, 3, 2 ]
    }, {
      "vertices" : [ 0, 2, 1 ]
    } ]
  }, {
    "id" : "1dc66642-4f95-4f92-94e8-c3594b46f708",
    "vertices" : [ {
      "x" : -20.562305,
      "y" : -22.18034,
      "z" : 11.09017
    }, {
      "x" : -24.798374,
      "y" : -15.326238,
      "z" : 13.708204
    }, {
      "x" : -22.18034,
      "y" : -11.09017,
      "z" : 20.562305
    }, {
      "x" : -15.326238,
      "y" : -13.708204,
      "z" : 24.798374
    }, {
      "x" : -11.09017,
      "y" : -20.562305,
      "z" : 22.18034
    }, {
      "x" : -13.708204,
      "y" : -24.798374,
      "z" : 15.326238
    } ],
    "faces" : [ {
      "vertices" : [ 0, 1, 2 ]
    }, {
      "vertices" : [ 0, 2, 3 ]
    }, {
      "vertices" : [ 0, 3, 4 ]
    }, {
      "vertices" : [ 0, 4, 5 ]
    }, {
      "vertices" : [ 0, 5, 4 ]
    }, {
      "vertices" : [ 0, 4, 3 ]
    }, {
      "vertices" : [ 0, 3, 2 ]
    }, {
      "vertices" : [ 0, 2, 1 ]
    } ]
  }, {
    "id" : "96494bf9-e076-4a7f-ae84-62c9cdac339d",
    "vertices" : [ {
      "x" : 26.416409,
      "y" : -4.236068,
      "z" : 17.944271
    }, {
      "x" : 29.034441,
      "y" : -8.472136,
      "z" : 11.09017
    }, {
      "x" : 24.798374,
      "y" : -15.326238,
      "z" : 13.708204
    }, {
      "x" : 22.18034,
      "y" : -11.09017,
      "z" : 20.562305
    } ],
    "faces" : [ {
      "vertices" : [ 0, 1, 2 ]
    }, {
      "vertices" : [ 0, 2, 3 ]
    }, {
      "vertices" : [ 0, 3, 2 ]
    }, {
      "vertices" : [ 0, 2, 1 ]
    } ]
  }, {
    "id" : "9f6df8a3-e3a4-4471-b5d6-dd2878f37cdf",
    "vertices" : [ {
      "x" : 24.798374,
      "y" : 15.326238,
      "z" : -13.708204
    }, {
      "x" : 20.562305,
      "y" : 22.18034,
      "z" : -11.09017
    }, {
      "x" : 13.708204,
      "y" : 24.798374,
      "z" : -15.326238
    }, {
      "x" : 11.09017,
      "y" : 20.562305,
      "z" : -22.18034
    }, {
      "x" : 15.326238,
      "y" : 13.708204,
      "z" : -24.798374
    }, {
      "x" : 22.18034,
      "y" : 11.09017,
      "z" : -20.562305
    } ],
    "faces" : [ {
      "vertices" : [ 0, 1, 2 ]
    }, {
      "vertices" : [ 0, 2, 3 ]
    }, {
      "vertices" : [ 0, 3, 4 ]
    }, {
      "vertices" : [ 0, 4, 5 ]
    }, {
      "vertices" : [ 0, 5, 4 ]
    }, {
      "vertices" : [ 0, 4, 3 ]
    }, {
      "vertices" : [ 0, 3, 2 ]
    }, {
      "vertices" : [ 0, 2, 1 ]
    } ]
  }, {
    "id" : "fbe7d83d-b331-4445-9d59-e1f08e868eb4",
    "vertices" : [ {
      "x" : -22.18034,
      "y" : -11.09017,
      "z" : 20.562305
    }, {
      "x" : -24.798374,
      "y" : -15.326238,
      "z" : 13.708204
    }, {
      "x" : -29.034441,
      "y" : -8.472136,
      "z" : 11.09017
    }, {
      "x" : -26.416409,
      "y" : -4.236068,
      "z" : 17.944271
    } ],
    "faces" : [ {
      "vertices" : [ 0, 1, 2 ]
    }, {
      "vertices" : [ 0, 2, 3 ]
    }, {
      "vertices" : [ 0, 3, 2 ]
    }, {
      "vertices" : [ 0, 2, 1 ]
    } ]
  }, {
    "id" : "2438be79-c93f-4d9f-b090-86359c411cef",
    "vertices" : [ {
      "x" : 29.034441,
      "y" : 8.472136,
      "z" : 11.09017
    }, {
      "x" : 31.652475,
      "y" : 4.236068,
      "z" : 4.236068
    }, {
      "x" : 31.652475,
      "y" : -4.236068,
      "z" : 4.236068
    }, {
      "x" : 29.034441,
      "y" : -8.472136,
      "z" : 11.09017
    }, {
      "x" : 26.416409,
      "y" : -4.236068,
      "z" : 17.944271
    }, {
      "x" : 26.416409,
      "y" : 4.236068,
      "z" : 17.944271
    } ],
    "faces" : [ {
      "vertices" : [ 0, 1, 2 ]
    }, {
      "vertices" : [ 0, 2, 3 ]
    }, {
      "vertices" : [ 0, 3, 4 ]
    }, {
      "vertices" : [ 0, 4, 5 ]
    }, {
      "vertices" : [ 0, 5, 4 ]
    }, {
      "vertices" : [ 0, 4, 3 ]
    }, {
      "vertices" : [ 0, 3, 2 ]
    }, {
      "vertices" : [ 0, 2, 1 ]
    } ]
  }, {
    "id" : "dc849f72-3934-4e50-a6f3-86f74c2f08b5",
    "vertices" : [ {
      "x" : -11.09017,
      "y" : 20.562305,
      "z" : -22.18034
    }, {
      "x" : -15.326238,
      "y" : 13.708204,
      "z" : -24.798374
    }, {
      "x" : -8.472136,
      "y" : 11.09017,
      "z" : -29.034441
    }, {
      "x" : -4.236068,
      "y" : 17.944271,
      "z" : -26.416409
    } ],
    "faces" : [ {
      "vertices" : [ 0, 1, 2 ]
    }, {
      "vertices" : [ 0, 2, 3 ]
    }, {
      "vertices" : [ 0, 3, 2 ]
    }, {
      "vertices" : [ 0, 2, 1 ]
    } ]
  }, {
    "id" : "3bd982e4-9e79-4e7f-88d0-9a57667df596",
    "vertices" : [ {
      "x" : 8.472136,
      "y" : 11.09017,
      "z" : 29.034441
    }, {
      "x" : 4.236068,
      "y" : 17.944271,
      "z" : 26.416409
    }, {
      "x" : 11.09017,
      "y" : 20.562305,
      "z" : 22.18034
    }, {
      "x" : 15.326238,
      "y" : 13.708204,
      "z" : 24.798374
    } ],
    "faces" : [ {
      "vertices" : [ 0, 1, 2 ]
    }, {
      "vertices" : [ 0, 2, 3 ]
    }, {
      "vertices" : [ 0, 3, 2 ]
    }, {
      "vertices" : [ 0, 2, 1 ]
    } ]
  }, {
    "id" : "a33d1f91-9510-436a-a2d1-c9af02e0ce32",
    "vertices" : [ {
      "x" : 4.236068,
      "y" : -17.944271,
      "z" : 26.416409
    }, {
      "x" : 8.472136,
      "y" : -11.09017,
      "z" : 29.034441
    }, {
      "x" : 15.326238,
      "y" : -13.708204,
      "z" : 24.798374
    }, {
      "x" : 11.09017,
      "y" : -20.562305,
      "z" : 22.18034
    } ],
    "faces" : [ {
      "vertices" : [ 0, 1, 2 ]
    }, {
      "vertices" : [ 0, 2, 3 ]
    }, {
      "vertices" : [ 0, 3, 2 ]
    }, {
      "vertices" : [ 0, 2, 1 ]
    } ]
  }, {
    "id" : "c7b74fb4-3e5b-4e43-b3d3-e4629a54ec36",
    "vertices" : [ {
      "x" : -4.236068,
      "y" : 17.944271,
      "z" : 26.416409
    }, {
      "x" : -11.09017,
      "y" : 20.562305,
      "z" : 22.18034
    }, {
      "x" : -13.708204,
      "y" : 24.798374,
      "z" : 15.326238
    }, {
      "x" : -11.09017,
      "y" : 29.034441,
      "z" : 8.472136
    }, {
      "x" : -4.236068,
      "y" : 31.652475,
      "z" : 4.236068
    }, {
      "x" : 4.236068,
      "y" : 31.652475,
      "z" : 4.236068
    }, {
      "x" : 11.09017,
      "y" : 29.034441,
      "z" : 8.472136
    }, {
      "x" : 13.708204,
      "y" : 24.798374,
      "z" : 15.326238
    }, {
      "x" : 11.09017,
      "y" : 20.562305,
      "z" : 22.18034
    }, {
      "x" : 4.236068,
      "y" : 17.944271,
      "z" : 26.416409
    } ],
    "faces" : [ {
      "vertices" : [ 0, 1, 2 ]
    }, {
      "vertices" : [ 0, 2, 3 ]
    }, {
      "vertices" : [ 0, 3, 4 ]
    }, {
      "vertices" : [ 0, 4, 5 ]
    }, {
      "vertices" : [ 0, 5, 6 ]
    }, {
      "vertices" : [ 0, 6, 7 ]
    }, {
      "vertices" : [ 0, 7, 8 ]
    }, {
      "vertices" : [ 0, 8, 9 ]
    }, {
      "vertices" : [ 0, 9, 8 ]
    }, {
      "vertices" : [ 0, 8, 7 ]
    }, {
      "vertices" : [ 0, 7, 6 ]
    }, {
      "vertices" : [ 0, 6, 5 ]
    }, {
      "vertices" : [ 0, 5, 4 ]
    }, {
      "vertices" : [ 0, 4, 3 ]
    }, {
      "vertices" : [ 0, 3, 2 ]
    }, {
      "vertices" : [ 0, 2, 1 ]
    } ]
  }, {
    "id" : "27591694-8a18-4516-b1f6-1764b9aa19f3",
    "vertices" : [ {
      "x" : -4.236068,
      "y" : -31.652475,
      "z" : -4.236068
    }, {
      "x" : -11.09017,
      "y" : -29.034441,
      "z" : -8.472136
    }, {
      "x" : -17.944271,
      "y" : -26.416409,
      "z" : -4.236068
    }, {
      "x" : -17.944271,
      "y" : -26.416409,
      "z" : 4.236068
    }, {
      "x" : -11.09017,
      "y" : -29.034441,
      "z" : 8.472136
    }, {
      "x" : -4.236068,
      "y" : -31.652475,
      "z" : 4.236068
    } ],
    "faces" : [ {
      "vertices" : [ 0, 1, 2 ]
    }, {
      "vertices" : [ 0, 2, 3 ]
    }, {
      "vertices" : [ 0, 3, 4 ]
    }, {
      "vertices" : [ 0, 4, 5 ]
    }, {
      "vertices" : [ 0, 5, 4 ]
    }, {
      "vertices" : [ 0, 4, 3 ]
    }, {
      "vertices" : [ 0, 3, 2 ]
    }, {
      "vertices" : [ 0, 2, 1 ]
    } ]
  }, {
    "id" : "cdf92675-7012-4ba9-8d67-0a405cebb006",
    "vertices" : [ {
      "x" : 17.944271,
      "y" : 26.416409,
      "z" : -4.236068
    }, {
      "x" : 11.09017,
      "y" : 29.034441,
      "z" : -8.472136
    }, {
      "x" : 13.708204,
      "y" : 24.798374,
      "z" : -15.326238
    }, {
      "x" : 20.562305,
      "y" : 22.18034,
      "z" : -11.09017
    } ],
    "faces" : [ {
      "vertices" : [ 0, 1, 2 ]
    }, {
      "vertices" : [ 0, 2, 3 ]
    }, {
      "vertices" : [ 0, 3, 2 ]
    }, {
      "vertices" : [ 0, 2, 1 ]
    } ]
  }, {
    "id" : "843f2269-1978-4871-82d4-3202189ae3cb",
    "vertices" : [ {
      "x" : 4.236068,
      "y" : -31.652475,
      "z" : 4.236068
    }, {
      "x" : 4.236068,
      "y" : -31.652475,
      "z" : -4.236068
    }, {
      "x" : -4.236068,
      "y" : -31.652475,
      "z" : -4.236068
    }, {
      "x" : -4.236068,
      "y" : -31.652475,
      "z" : 4.236068
    } ],
    "faces" : [ {
      "vertices" : [ 0, 1, 2 ]
    }, {
      "vertices" : [ 0, 2, 3 ]
    }, {
      "vertices" : [ 0, 3, 2 ]
    }, {
      "vertices" : [ 0, 2, 1 ]
    } ]
  }, {
    "id" : "5eea3a70-22c3-4544-951d-03d87bf66775",
    "vertices" : [ {
      "x" : 4.236068,
      "y" : -4.236068,
      "z" : 31.652475
    }, {
      "x" : -4.236068,
      "y" : -4.236068,
      "z" : 31.652475
    }, {
      "x" : -4.236068,
      "y" : 4.236068,
      "z" : 31.652475
    }, {
      "x" : 4.236068,
      "y" : 4.236068,
      "z" : 31.652475
    } ],
    "faces" : [ {
      "vertices" : [ 0, 1, 2 ]
    }, {
      "vertices" : [ 0, 2, 3 ]
    }, {
      "vertices" : [ 0, 3, 2 ]
    }, {
      "vertices" : [ 0, 2, 1 ]
    } ]
  }, {
    "id" : "8b076a3d-63a7-4500-a900-fda1c97e0d17",
    "vertices" : [ {
      "x" : -31.652475,
      "y" : -4.236068,
      "z" : -4.236068
    }, {
      "x" : -29.034441,
      "y" : -8.472136,
      "z" : -11.09017
    }, {
      "x" : -26.416409,
      "y" : -4.236068,
      "z" : -17.944271
    }, {
      "x" : -26.416409,
      "y" : 4.236068,
      "z" : -17.944271
    }, {
      "x" : -29.034441,
      "y" : 8.472136,
      "z" : -11.09017
    }, {
      "x" : -31.652475,
      "y" : 4.236068,
      "z" : -4.236068
    } ],
    "faces" : [ {
      "vertices" : [ 0, 1, 2 ]
    }, {
      "vertices" : [ 0, 2, 3 ]
    }, {
      "vertices" : [ 0, 3, 4 ]
    }, {
      "vertices" : [ 0, 4, 5 ]
    }, {
      "vertices" : [ 0, 5, 4 ]
    }, {
      "vertices" : [ 0, 4, 3 ]
    }, {
      "vertices" : [ 0, 3, 2 ]
    }, {
      "vertices" : [ 0, 2, 1 ]
    } ]
  }, {
    "id" : "951a65e6-e492-4cac-8bab-021488c8651c",
    "vertices" : [ {
      "x" : -4.236068,
      "y" : 31.652475,
      "z" : 4.236068
    }, {
      "x" : -11.09017,
      "y" : 29.034441,
      "z" : 8.472136
    }, {
      "x" : -17.944271,
      "y" : 26.416409,
      "z" : 4.236068
    }, {
      "x" : -17.944271,
      "y" : 26.416409,
      "z" : -4.236068
    }, {
      "x" : -11.09017,
      "y" : 29.034441,
      "z" : -8.472136
    }, {
      "x" : -4.236068,
      "y" : 31.652475,
      "z" : -4.236068
    } ],
    "faces" : [ {
      "vertices" : [ 0, 1, 2 ]
    }, {
      "vertices" : [ 0, 2, 3 ]
    }, {
      "vertices" : [ 0, 3, 4 ]
    }, {
      "vertices" : [ 0, 4, 5 ]
    }, {
      "vertices" : [ 0, 5, 4 ]
    }, {
      "vertices" : [ 0, 4, 3 ]
    }, {
      "vertices" : [ 0, 3, 2 ]
    }, {
      "vertices" : [ 0, 2, 1 ]
    } ]
  }, {
    "id" : "c09becf8-9044-4f04-a773-a6888ac2a5e9",
    "vertices" : [ {
      "x" : 4.236068,
      "y" : 4.236068,
      "z" : -31.652475
    }, {
      "x" : 8.472136,
      "y" : 11.09017,
      "z" : -29.034441
    }, {
      "x" : 4.236068,
      "y" : 17.944271,
      "z" : -26.416409
    }, {
      "x" : -4.236068,
      "y" : 17.944271,
      "z" : -26.416409
    }, {
      "x" : -8.472136,
      "y" : 11.09017,
      "z" : -29.034441
    }, {
      "x" : -4.236068,
      "y" : 4.236068,
      "z" : -31.652475
    } ],
    "faces" : [ {
      "vertices" : [ 0, 1, 2 ]
    }, {
      "vertices" : [ 0, 2, 3 ]
    }, {
      "vertices" : [ 0, 3, 4 ]
    }, {
      "vertices" : [ 0, 4, 5 ]
    }, {
      "vertices" : [ 0, 5, 4 ]
    }, {
      "vertices" : [ 0, 4, 3 ]
    }, {
      "vertices" : [ 0, 3, 2 ]
    }, {
      "vertices" : [ 0, 2, 1 ]
    } ]
  }, {
    "id" : "909b821e-ea2e-49bb-87d9-2aa0428b0d0a",
    "vertices" : [ {
      "x" : -17.944271,
      "y" : -26.416409,
      "z" : -4.236068
    }, {
      "x" : -11.09017,
      "y" : -29.034441,
      "z" : -8.472136
    }, {
      "x" : -13.708204,
      "y" : -24.798374,
      "z" : -15.326238
    }, {
      "x" : -20.562305,
      "y" : -22.18034,
      "z" : -11.09017
    } ],
    "faces" : [ {
      "vertices" : [ 0, 1, 2 ]
    }, {
      "vertices" : [ 0, 2, 3 ]
    }, {
      "vertices" : [ 0, 3, 2 ]
    }, {
      "vertices" : [ 0, 2, 1 ]
    } ]
  }, {
    "id" : "733e4559-0f3b-490a-a2c6-483e82528550",
    "vertices" : [ {
      "x" : 4.236068,
      "y" : 31.652475,
      "z" : -4.236068
    }, {
      "x" : 4.236068,
      "y" : 31.652475,
      "z" : 4.236068
    }, {
      "x" : -4.236068,
      "y" : 31.652475,
      "z" : 4.236068
    }, {
      "x" : -4.236068,
      "y" : 31.652475,
      "z" : -4.236068
    } ],
    "faces" : [ {
      "vertices" : [ 0, 1, 2 ]
    }, {
      "vertices" : [ 0, 2, 3 ]
    }, {
      "vertices" : [ 0, 3, 2 ]
    }, {
      "vertices" : [ 0, 2, 1 ]
    } ]
  }, {
    "id" : "b20dfab4-9f9a-458b-a7a8-1a465cc51a1b",
    "vertices" : [ {
      "x" : 31.652475,
      "y" : 4.236068,
      "z" : -4.236068
    }, {
      "x" : 29.034441,
      "y" : 8.472136,
      "z" : -11.09017
    }, {
      "x" : 26.416409,
      "y" : 4.236068,
      "z" : -17.944271
    }, {
      "x" : 26.416409,
      "y" : -4.236068,
      "z" : -17.944271
    }, {
      "x" : 29.034441,
      "y" : -8.472136,
      "z" : -11.09017
    }, {
      "x" : 31.652475,
      "y" : -4.236068,
      "z" : -4.236068
    } ],
    "faces" : [ {
      "vertices" : [ 0, 1, 2 ]
    }, {
      "vertices" : [ 0, 2, 3 ]
    }, {
      "vertices" : [ 0, 3, 4 ]
    }, {
      "vertices" : [ 0, 4, 5 ]
    }, {
      "vertices" : [ 0, 5, 4 ]
    }, {
      "vertices" : [ 0, 4, 3 ]
    }, {
      "vertices" : [ 0, 3, 2 ]
    }, {
      "vertices" : [ 0, 2, 1 ]
    } ]
  }, {
    "id" : "1c6fba17-9f15-48a8-a9a9-e70080f0d177",
    "vertices" : [ {
      "x" : -11.09017,
      "y" : 29.034441,
      "z" : -8.472136
    }, {
      "x" : -17.944271,
      "y" : 26.416409,
      "z" : -4.236068
    }, {
      "x" : -20.562305,
      "y" : 22.18034,
      "z" : -11.09017
    }, {
      "x" : -13.708204,
      "y" : 24.798374,
      "z" : -15.326238
    } ],
    "faces" : [ {
      "vertices" : [ 0, 1, 2 ]
    }, {
      "vertices" : [ 0, 2, 3 ]
    }, {
      "vertices" : [ 0, 3, 2 ]
    }, {
      "vertices" : [ 0, 2, 1 ]
    } ]
  }, {
    "id" : "6d3fa13a-63ce-48e3-9c4d-12786404aa6b",
    "vertices" : [ {
      "x" : 17.944271,
      "y" : -26.416409,
      "z" : 4.236068
    }, {
      "x" : 20.562305,
      "y" : -22.18034,
      "z" : 11.09017
    }, {
      "x" : 24.798374,
      "y" : -15.326238,
      "z" : 13.708204
    }, {
      "x" : 29.034441,
      "y" : -8.472136,
      "z" : 11.09017
    }, {
      "x" : 31.652475,
      "y" : -4.236068,
      "z" : 4.236068
    }, {
      "x" : 31.652475,
      "y" : -4.236068,
      "z" : -4.236068
    }, {
      "x" : 29.034441,
      "y" : -8.472136,
      "z" : -11.09017
    }, {
      "x" : 24.798374,
      "y" : -15.326238,
      "z" : -13.708204
    }, {
      "x" : 20.562305,
      "y" : -22.18034,
      "z" : -11.09017
    }, {
      "x" : 17.944271,
      "y" : -26.416409,
      "z" : -4.236068
    } ],
    "faces" : [ {
      "vertices" : [ 0, 1, 2 ]
    }, {
      "vertices" : [ 0, 2, 3 ]
    }, {
      "vertices" : [ 0, 3, 4 ]
    }, {
      "vertices" : [ 0, 4, 5 ]
    }, {
      "vertices" : [ 0, 5, 6 ]
    }, {
      "vertices" : [ 0, 6, 7 ]
    }, {
      "vertices" : [ 0, 7, 8 ]
    }, {
      "vertices" : [ 0, 8, 9 ]
    }, {
      "vertices" : [ 0, 9, 8 ]
    }, {
      "vertices" : [ 0, 8, 7 ]
    }, {
      "vertices" : [ 0, 7, 6 ]
    }, {
      "vertices" : [ 0, 6, 5 ]
    }, {
      "vertices" : [ 0, 5, 4 ]
    }, {
      "vertices" : [ 0, 4, 3 ]
    }, {
      "vertices" : [ 0, 3, 2 ]
    }, {
      "vertices" : [ 0, 2, 1 ]
    } ]
  }, {
    "id" : "bc75106e-dc16-43c9-8e80-fe98d688d95a",
    "vertices" : [ {
      "x" : 11.09017,
      "y" : -29.034441,
      "z" : -8.472136
    }, {
      "x" : 4.236068,
      "y" : -31.652475,
      "z" : -4.236068
    }, {
      "x" : 4.236068,
      "y" : -31.652475,
      "z" : 4.236068
    }, {
      "x" : 11.09017,
      "y" : -29.034441,
      "z" : 8.472136
    }, {
      "x" : 17.944271,
      "y" : -26.416409,
      "z" : 4.236068
    }, {
      "x" : 17.944271,
      "y" : -26.416409,
      "z" : -4.236068
    } ],
    "faces" : [ {
      "vertices" : [ 0, 1, 2 ]
    }, {
      "vertices" : [ 0, 2, 3 ]
    }, {
      "vertices" : [ 0, 3, 4 ]
    }, {
      "vertices" : [ 0, 4, 5 ]
    }, {
      "vertices" : [ 0, 5, 4 ]
    }, {
      "vertices" : [ 0, 4, 3 ]
    }, {
      "vertices" : [ 0, 3, 2 ]
    }, {
      "vertices" : [ 0, 2, 1 ]
    } ]
  }, {
    "id" : "b854ba5b-bd17-4dd8-9537-662fec11e98c",
    "vertices" : [ {
      "x" : 4.236068,
      "y" : -17.944271,
      "z" : 26.416409
    }, {
      "x" : 11.09017,
      "y" : -20.562305,
      "z" : 22.18034
    }, {
      "x" : 13.708204,
      "y" : -24.798374,
      "z" : 15.326238
    }, {
      "x" : 11.09017,
      "y" : -29.034441,
      "z" : 8.472136
    }, {
      "x" : 4.236068,
      "y" : -31.652475,
      "z" : 4.236068
    }, {
      "x" : -4.236068,
      "y" : -31.652475,
      "z" : 4.236068
    }, {
      "x" : -11.09017,
      "y" : -29.034441,
      "z" : 8.472136
    }, {
      "x" : -13.708204,
      "y" : -24.798374,
      "z" : 15.326238
    }, {
      "x" : -11.09017,
      "y" : -20.562305,
      "z" : 22.18034
    }, {
      "x" : -4.236068,
      "y" : -17.944271,
      "z" : 26.416409
    } ],
    "faces" : [ {
      "vertices" : [ 0, 1, 2 ]
    }, {
      "vertices" : [ 0, 2, 3 ]
    }, {
      "vertices" : [ 0, 3, 4 ]
    }, {
      "vertices" : [ 0, 4, 5 ]
    }, {
      "vertices" : [ 0, 5, 6 ]
    }, {
      "vertices" : [ 0, 6, 7 ]
    }, {
      "vertices" : [ 0, 7, 8 ]
    }, {
      "vertices" : [ 0, 8, 9 ]
    }, {
      "vertices" : [ 0, 9, 8 ]
    }, {
      "vertices" : [ 0, 8, 7 ]
    }, {
      "vertices" : [ 0, 7, 6 ]
    }, {
      "vertices" : [ 0, 6, 5 ]
    }, {
      "vertices" : [ 0, 5, 4 ]
    }, {
      "vertices" : [ 0, 4, 3 ]
    }, {
      "vertices" : [ 0, 3, 2 ]
    }, {
      "vertices" : [ 0, 2, 1 ]
    } ]
  }, {
    "id" : "506293a3-5cfe-4970-89f2-e5ffab5d5599",
    "vertices" : [ {
      "x" : 26.416409,
      "y" : 4.236068,
      "z" : -17.944271
    }, {
      "x" : 22.18034,
      "y" : 11.09017,
      "z" : -20.562305
    }, {
      "x" : 15.326238,
      "y" : 13.708204,
      "z" : -24.798374
    }, {
      "x" : 8.472136,
      "y" : 11.09017,
      "z" : -29.034441
    }, {
      "x" : 4.236068,
      "y" : 4.236068,
      "z" : -31.652475
    }, {
      "x" : 4.236068,
      "y" : -4.236068,
      "z" : -31.652475
    }, {
      "x" : 8.472136,
      "y" : -11.09017,
      "z" : -29.034441
    }, {
      "x" : 15.326238,
      "y" : -13.708204,
      "z" : -24.798374
    }, {
      "x" : 22.18034,
      "y" : -11.09017,
      "z" : -20.562305
    }, {
      "x" : 26.416409,
      "y" : -4.236068,
      "z" : -17.944271
    } ],
    "faces" : [ {
      "vertices" : [ 0, 1, 2 ]
    }, {
      "vertices" : [ 0, 2, 3 ]
    }, {
      "vertices" : [ 0, 3, 4 ]
    }, {
      "vertices" : [ 0, 4, 5 ]
    }, {
      "vertices" : [ 0, 5, 6 ]
    }, {
      "vertices" : [ 0, 6, 7 ]
    }, {
      "vertices" : [ 0, 7, 8 ]
    }, {
      "vertices" : [ 0, 8, 9 ]
    }, {
      "vertices" : [ 0, 9, 8 ]
    }, {
      "vertices" : [ 0, 8, 7 ]
    }, {
      "vertices" : [ 0, 7, 6 ]
    }, {
      "vertices" : [ 0, 6, 5 ]
    }, {
      "vertices" : [ 0, 5, 4 ]
    }, {
      "vertices" : [ 0, 4, 3 ]
    }, {
      "vertices" : [ 0, 3, 2 ]
    }, {
      "vertices" : [ 0, 2, 1 ]
    } ]
  }, {
    "id" : "0061d437-5a8e-4ae0-a76c-b1a0ba081473",
    "vertices" : [ {
      "x" : -13.708204,
      "y" : -24.798374,
      "z" : -15.326238
    }, {
      "x" : -11.09017,
      "y" : -20.562305,
      "z" : -22.18034
    }, {
      "x" : -15.326238,
      "y" : -13.708204,
      "z" : -24.798374
    }, {
      "x" : -22.18034,
      "y" : -11.09017,
      "z" : -20.562305
    }, {
      "x" : -24.798374,
      "y" : -15.326238,
      "z" : -13.708204
    }, {
      "x" : -20.562305,
      "y" : -22.18034,
      "z" : -11.09017
    } ],
    "faces" : [ {
      "vertices" : [ 0, 1, 2 ]
    }, {
      "vertices" : [ 0, 2, 3 ]
    }, {
      "vertices" : [ 0, 3, 4 ]
    }, {
      "vertices" : [ 0, 4, 5 ]
    }, {
      "vertices" : [ 0, 5, 4 ]
    }, {
      "vertices" : [ 0, 4, 3 ]
    }, {
      "vertices" : [ 0, 3, 2 ]
    }, {
      "vertices" : [ 0, 2, 1 ]
    } ]
  }, {
    "id" : "199c1394-323f-4ac9-ba82-eb8fb2578716",
    "vertices" : [ {
      "x" : 8.472136,
      "y" : -11.09017,
      "z" : -29.034441
    }, {
      "x" : 4.236068,
      "y" : -4.236068,
      "z" : -31.652475
    }, {
      "x" : -4.236068,
      "y" : -4.236068,
      "z" : -31.652475
    }, {
      "x" : -8.472136,
      "y" : -11.09017,
      "z" : -29.034441
    }, {
      "x" : -4.236068,
      "y" : -17.944271,
      "z" : -26.416409
    }, {
      "x" : 4.236068,
      "y" : -17.944271,
      "z" : -26.416409
    } ],
    "faces" : [ {
      "vertices" : [ 0, 1, 2 ]
    }, {
      "vertices" : [ 0, 2, 3 ]
    }, {
      "vertices" : [ 0, 3, 4 ]
    }, {
      "vertices" : [ 0, 4, 5 ]
    }, {
      "vertices" : [ 0, 5, 4 ]
    }, {
      "vertices" : [ 0, 4, 3 ]
    }, {
      "vertices" : [ 0, 3, 2 ]
    }, {
      "vertices" : [ 0, 2, 1 ]
    } ]
  }, {
    "id" : "7610352a-94b3-4129-973a-50c810ff5545",
    "vertices" : [ {
      "x" : -26.416409,
      "y" : 4.236068,
      "z" : 17.944271
    }, {
      "x" : -29.034441,
      "y" : 8.472136,
      "z" : 11.09017
    }, {
      "x" : -24.798374,
      "y" : 15.326238,
      "z" : 13.708204
    }, {
      "x" : -22.18034,
      "y" : 11.09017,
      "z" : 20.562305
    } ],
    "faces" : [ {
      "vertices" : [ 0, 1, 2 ]
    }, {
      "vertices" : [ 0, 2, 3 ]
    }, {
      "vertices" : [ 0, 3, 2 ]
    }, {
      "vertices" : [ 0, 2, 1 ]
    } ]
  }, {
    "id" : "8023f09d-7a07-4492-994d-0621ccac9942",
    "vertices" : [ {
      "x" : 20.562305,
      "y" : -22.18034,
      "z" : -11.09017
    }, {
      "x" : 13.708204,
      "y" : -24.798374,
      "z" : -15.326238
    }, {
      "x" : 11.09017,
      "y" : -29.034441,
      "z" : -8.472136
    }, {
      "x" : 17.944271,
      "y" : -26.416409,
      "z" : -4.236068
    } ],
    "faces" : [ {
      "vertices" : [ 0, 1, 2 ]
    }, {
      "vertices" : [ 0, 2, 3 ]
    }, {
      "vertices" : [ 0, 3, 2 ]
    }, {
      "vertices" : [ 0, 2, 1 ]
    } ]
  }, {
    "id" : "bfa312fb-a6e2-4cd8-8beb-a312407f76b6",
    "vertices" : [ {
      "x" : 20.562305,
      "y" : 22.18034,
      "z" : 11.09017
    }, {
      "x" : 24.798374,
      "y" : 15.326238,
      "z" : 13.708204
    }, {
      "x" : 22.18034,
      "y" : 11.09017,
      "z" : 20.562305
    }, {
      "x" : 15.326238,
      "y" : 13.708204,
      "z" : 24.798374
    }, {
      "x" : 11.09017,
      "y" : 20.562305,
      "z" : 22.18034
    }, {
      "x" : 13.708204,
      "y" : 24.798374,
      "z" : 15.326238
    } ],
    "faces" : [ {
      "vertices" : [ 0, 1, 2 ]
    }, {
      "vertices" : [ 0, 2, 3 ]
    }, {
      "vertices" : [ 0, 3, 4 ]
    }, {
      "vertices" : [ 0, 4, 5 ]
    }, {
      "vertices" : [ 0, 5, 4 ]
    }, {
      "vertices" : [ 0, 4, 3 ]
    }, {
      "vertices" : [ 0, 3, 2 ]
    }, {
      "vertices" : [ 0, 2, 1 ]
    } ]
  }, {
    "id" : "b8b7225d-440d-4c43-b25a-a54fc9e14c90",
    "vertices" : [ {
      "x" : 4.236068,
      "y" : 17.944271,
      "z" : -26.416409
    }, {
      "x" : 8.472136,
      "y" : 11.09017,
      "z" : -29.034441
    }, {
      "x" : 15.326238,
      "y" : 13.708204,
      "z" : -24.798374
    }, {
      "x" : 11.09017,
      "y" : 20.562305,
      "z" : -22.18034
    } ],
    "faces" : [ {
      "vertices" : [ 0, 1, 2 ]
    }, {
      "vertices" : [ 0, 2, 3 ]
    }, {
      "vertices" : [ 0, 3, 2 ]
    }, {
      "vertices" : [ 0, 2, 1 ]
    } ]
  }, {
    "id" : "6393c8ce-93f8-4880-b1b9-f9bae1681492",
    "vertices" : [ {
      "x" : 17.944271,
      "y" : 26.416409,
      "z" : -4.236068
    }, {
      "x" : 20.562305,
      "y" : 22.18034,
      "z" : -11.09017
    }, {
      "x" : 24.798374,
      "y" : 15.326238,
      "z" : -13.708204
    }, {
      "x" : 29.034441,
      "y" : 8.472136,
      "z" : -11.09017
    }, {
      "x" : 31.652475,
      "y" : 4.236068,
      "z" : -4.236068
    }, {
      "x" : 31.652475,
      "y" : 4.236068,
      "z" : 4.236068
    }, {
      "x" : 29.034441,
      "y" : 8.472136,
      "z" : 11.09017
    }, {
      "x" : 24.798374,
      "y" : 15.326238,
      "z" : 13.708204
    }, {
      "x" : 20.562305,
      "y" : 22.18034,
      "z" : 11.09017
    }, {
      "x" : 17.944271,
      "y" : 26.416409,
      "z" : 4.236068
    } ],
    "faces" : [ {
      "vertices" : [ 0, 1, 2 ]
    }, {
      "vertices" : [ 0, 2, 3 ]
    }, {
      "vertices" : [ 0, 3, 4 ]
    }, {
      "vertices" : [ 0, 4, 5 ]
    }, {
      "vertices" : [ 0, 5, 6 ]
    }, {
      "vertices" : [ 0, 6, 7 ]
    }, {
      "vertices" : [ 0, 7, 8 ]
    }, {
      "vertices" : [ 0, 8, 9 ]
    }, {
      "vertices" : [ 0, 9, 8 ]
    }, {
      "vertices" : [ 0, 8, 7 ]
    }, {
      "vertices" : [ 0, 7, 6 ]
    }, {
      "vertices" : [ 0, 6, 5 ]
    }, {
      "vertices" : [ 0, 5, 4 ]
    }, {
      "vertices" : [ 0, 4, 3 ]
    }, {
      "vertices" : [ 0, 3, 2 ]
    }, {
      "vertices" : [ 0, 2, 1 ]
    } ]
  }, {
    "id" : "2aa39692-5d45-4861-8b4a-3607a66de5ee",
    "vertices" : [ {
      "x" : -4.236068,
      "y" : -17.944271,
      "z" : -26.416409
    }, {
      "x" : -8.472136,
      "y" : -11.09017,
      "z" : -29.034441
    }, {
      "x" : -15.326238,
      "y" : -13.708204,
      "z" : -24.798374
    }, {
      "x" : -11.09017,
      "y" : -20.562305,
      "z" : -22.18034
    } ],
    "faces" : [ {
      "vertices" : [ 0, 1, 2 ]
    }, {
      "vertices" : [ 0, 2, 3 ]
    }, {
      "vertices" : [ 0, 3, 2 ]
    }, {
      "vertices" : [ 0, 2, 1 ]
    } ]
  }, {
    "id" : "2b1e6a89-b3b2-4e07-8385-e6cd32a7d9d0",
    "vertices" : [ {
      "x" : -11.09017,
      "y" : -29.034441,
      "z" : 8.472136
    }, {
      "x" : -17.944271,
      "y" : -26.416409,
      "z" : 4.236068
    }, {
      "x" : -20.562305,
      "y" : -22.18034,
      "z" : 11.09017
    }, {
      "x" : -13.708204,
      "y" : -24.798374,
      "z" : 15.326238
