{
  "field" : "golden",
  "symmetry" : "icosahedral",
  "orientations" : [ [ 1.0, 0.0, 0.0, 0.0, 0.0, 1.0, 0.0, 0.0, 0.0, 0.0, 1.0, 0.0, 0.0, 0.0, 0.0, 1.0 ], [ 0.0, 0.0, 1.0, 0.0, 1.0, 0.0, 0.0, 0.0, 0.0, 1.0, 0.0, 0.0, 0.0, 0.0, 0.0, 1.0 ], [ 0.0, 1.0, 0.0, 0.0, 0.0, 0.0, 1.0, 0.0, 1.0, 0.0, 0.0, 0.0, 0.0, 0.0, 0.0, 1.0 ], [ 0.809017, 0.309017, 0.5, 0.0, 0.309017, 0.5, -0.809017, 0.0, -0.5, 0.809017, 0.309017, 0.0, 0.0, 0.0, 0.0, 1.0 ], [ -0.5, 0.809017, 0.309017, 0.0, 0.809017, 0.309017, 0.5, 0.0, 0.309017, 0.5, -0.809017, 0.0, 0.0, 0.0, 0.0, 1.0 ], [ 0.309017, 0.5, -0.809017, 0.0, -0.5, 0.809017, 0.309017, 0.0, 0.809017, 0.309017, 0.5, 0.0, 0.0, 0.0, 0.0, 1.0 ], [ 0.5, 0.809017, 0.309017, 0.0, 0.809017, -0.309017, -0.5, 0.0, -0.309017, 0.5, -0.809017, 0.0, 0.0, 0.0, 0.0, 1.0 ], [ -0.309017, 0.5, -0.809017, 0.0, 0.5, 0.809017, 0.309017, 0.0, 0.809017, -0.309017, -0.5, 0.0, 0.0, 0.0, 0.0, 1.0 ], [ 0.809017, -0.309017, -0.5, 0.0, -0.309017, 0.5, -0.809017, 0.0, 0.5, 0.809017, 0.309017, 0.0, 0.0, 0.0, 0.0, 1.0 ], [ 0.5, 0.809017, -0.309017, 0.0, 0.809017, -0.309017, 0.5, 0.0, 0.309017, -0.5, -0.809017, 0.0, 0.0, 0.0, 0.0, 1.0 ], [ 0.309017, -0.5, -0.809017, 0.0, 0.5, 0.809017, -0.309017, 0.0, 0.809017, -0.309017, 0.5, 0.0, 0.0, 0.0, 0.0, 1.0 ], [ 0.809017, -0.309017, 0.5, 0.0, 0.309017, -0.5, -0.809017, 0.0, 0.5, 0.809017, -0.309017, 0.0, 0.0, 0.0, 0.0, 1.0 ], [ 0.809017, 0.309017, -0.5, 0.0, 0.309017, 0.5, 0.809017, 0.0, 0.5, -0.809017, 0.309017, 0.0, 0.0, 0.0, 0.0, 1.0 ], [ 0.5, -0.809017, 0.309017, 0.0, 0.809017, 0.309017, -0.5, 0.0, 0.309017, 0.5, 0.809017, 0.0, 0.0, 0.0, 0.0, 1.0 ], [ 0.309017, 0.5, 0.809017, 0.0, 0.5, -0.809017, 0.309017, 0.0, 0.809017, 0.309017, -0.5, 0.0, 0.0, 0.0, 0.0, 1.0 ], [ 1.0, 0.0, 0.0, 0.0, 0.0, -1.0, 0.0, 0.0, 0.0, 0.0, -1.0, 0.0, 0.0, 0.0, 0.0, 1.0 ], [ 0.0, 0.0, 1.0, 0.0, -1.0, 0.0, 0.0, 0.0, 0.0, -1.0, 0.0, 0.0, 0.0, 0.0, 0.0, 1.0 ], [ 0.0, 1.0, 0.0, 0.0, 0.0, 0.0, -1.0, 0.0, -1.0, 0.0, 0.0, 0.0, 0.0, 0.0, 0.0, 1.0 ], [ 0.809017, 0.309017, 0.5, 0.0, -0.309017, -0.5, 0.809017, 0.0, 0.5, -0.809017, -0.309017, 0.0, 0.0, 0.0, 0.0, 1.0 ], [ -0.5, 0.809017, 0.309017, 0.0, -0.809017, -0.309017, -0.5, 0.0, -0.309017, -0.5, 0.809017, 0.0, 0.0, 0.0, 0.0, 1.0 ], [ 0.309017, 0.5, -0.809017, 0.0, 0.5, -0.809017, -0.309017, 0.0, -0.809017, -0.309017, -0.5, 0.0, 0.0, 0.0, 0.0, 1.0 ], [ 0.5, 0.809017, 0.309017, 0.0, -0.809017, 0.309017, 0.5, 0.0, 0.309017, -0.5, 0.809017, 0.0, 0.0, 0.0, 0.0, 1.0 ], [ -0.309017, 0.5, -0.809017, 0.0, -0.5, -0.809017, -0.309017, 0.0, -0.809017, 0.309017, 0.5, 0.0, 0.0, 0.0, 0.0, 1.0 ], [ 0.809017, -0.309017, -0.5, 0.0, 0.309017, -0.5, 0.809017, 0.0, -0.5, -0.809017, -0.309017, 0.0, 0.0, 0.0, 0.0, 1.0 ], [ 0.5, 0.809017, -0.309017, 0.0, -0.809017, 0.309017, -0.5, 0.0, -0.309017, 0.5, 0.809017, 0.0, 0.0, 0.0, 0.0, 1.0 ], [ 0.309017, -0.5, -0.809017, 0.0, -0.5, -0.809017, 0.309017, 0.0, -0.809017, 0.309017, -0.5, 0.0, 0.0, 0.0, 0.0, 1.0 ], [ 0.809017, -0.309017, 0.5, 0.0, -0.309017, 0.5, 0.809017, 0.0, -0.5, -0.809017, 0.309017, 0.0, 0.0, 0.0, 0.0, 1.0 ], [ 0.809017, 0.309017, -0.5, 0.0, -0.309017, -0.5, -0.809017, 0.0, -0.5, 0.809017, -0.309017, 0.0, 0.0, 0.0, 0.0, 1.0 ], [ 0.5, -0.809017, 0.309017, 0.0, -0.809017, -0.309017, 0.5, 0.0, -0.309017, -0.5, -0.809017, 0.0, 0.0, 0.0, 0.0, 1.0 ], [ 0.309017, 0.5, 0.809017, 0.0, -0.5, 0.809017, -0.309017, 0.0, -0.809017, -0.309017, 0.5, 0.0, 0.0, 0.0, 0.0, 1.0 ], [ -1.0, 0.0, 0.0, 0.0, 0.0, -1.0, 0.0, 0.0, 0.0, 0.0, 1.0, 0.0, 0.0, 0.0, 0.0, 1.0 ], [ 0.0, 0.0, -1.0, 0.0, -1.0, 0.0, 0.0, 0.0, 0.0, 1.0, 0.0, 0.0, 0.0, 0.0, 0.0, 1.0 ], [ 0.0, -1.0, 0.0, 0.0, 0.0, 0.0, -1.0, 0.0, 1.0, 0.0, 0.0, 0.0, 0.0, 0.0, 0.0, 1.0 ], [ -0.809017, -0.309017, -0.5, 0.0, -0.309017, -0.5, 0.809017, 0.0, -0.5, 0.809017, 0.309017, 0.0, 0.0, 0.0, 0.0, 1.0 ], [ 0.5, -0.809017, -0.309017, 0.0, -0.809017, -0.309017, -0.5, 0.0, 0.309017, 0.5, -0.809017, 0.0, 0.0, 0.0, 0.0, 1.0 ], [ -0.309017, -0.5, 0.809017, 0.0, 0.5, -0.809017, -0.309017, 0.0, 0.809017, 0.309017, 0.5, 0.0, 0.0, 0.0, 0.0, 1.0 ], [ -0.5, -0.809017, -0.309017, 0.0, -0.809017, 0.309017, 0.5, 0.0, -0.309017, 0.5, -0.809017, 0.0, 0.0, 0.0, 0.0, 1.0 ], [ 0.309017, -0.5, 0.809017, 0.0, -0.5, -0.809017, -0.309017, 0.0, 0.809017, -0.309017, -0.5, 0.0, 0.0, 0.0, 0.0, 1.0 ], [ -0.809017, 0.309017, 0.5, 0.0, 0.309017, -0.5, 0.809017, 0.0, 0.5, 0.809017, 0.309017, 0.0, 0.0, 0.0, 0.0, 1.0 ], [ -0.5, -0.809017, 0.309017, 0.0, -0.809017, 0.309017, -0.5, 0.0, 0.309017, -0.5, -0.809017, 0.0, 0.0, 0.0, 0.0, 1.0 ], [ -0.309017, 0.5, 0.809017, 0.0, -0.5, -0.809017, 0.309017, 0.0, 0.809017, -0.309017, 0.5, 0.0, 0.0, 0.0, 0.0, 1.0 ], [ -0.809017, 0.309017, -0.5, 0.0, -0.309017, 0.5, 0.809017, 0.0, 0.5, 0.809017, -0.309017, 0.0, 0.0, 0.0, 0.0, 1.0 ], [ -0.809017, -0.309017, 0.5, 0.0, -0.309017, -0.5, -0.809017, 0.0, 0.5, -0.809017, 0.309017, 0.0, 0.0, 0.0, 0.0, 1.0 ], [ -0.5, 0.809017, -0.309017, 0.0, -0.809017, -0.309017, 0.5, 0.0, 0.309017, 0.5, 0.809017, 0.0, 0.0, 0.0, 0.0, 1.0 ], [ -0.309017, -0.5, -0.809017, 0.0, -0.5, 0.809017, -0.309017, 0.0, 0.809017, 0.309017, -0.5, 0.0, 0.0, 0.0, 0.0, 1.0 ], [ -1.0, 0.0, 0.0, 0.0, 0.0, 1.0, 0.0, 0.0, 0.0, 0.0, -1.0, 0.0, 0.0, 0.0, 0.0, 1.0 ], [ 0.0, 0.0, -1.0, 0.0, 1.0, 0.0, 0.0, 0.0, 0.0, -1.0, 0.0, 0.0, 0.0, 0.0, 0.0, 1.0 ], [ 0.0, -1.0, 0.0, 0.0, 0.0, 0.0, 1.0, 0.0, -1.0, 0.0, 0.0, 0.0, 0.0, 0.0, 0.0, 1.0 ], [ -0.809017, -0.309017, -0.5, 0.0, 0.309017, 0.5, -0.809017, 0.0, 0.5, -0.809017, -0.309017, 0.0, 0.0, 0.0, 0.0, 1.0 ], [ 0.5, -0.809017, -0.309017, 0.0, 0.809017, 0.309017, 0.5, 0.0, -0.309017, -0.5, 0.809017, 0.0, 0.0, 0.0, 0.0, 1.0 ], [ -0.309017, -0.5, 0.809017, 0.0, -0.5, 0.809017, 0.309017, 0.0, -0.809017, -0.309017, -0.5, 0.0, 0.0, 0.0, 0.0, 1.0 ], [ -0.5, -0.809017, -0.309017, 0.0, 0.809017, -0.309017, -0.5, 0.0, 0.309017, -0.5, 0.809017, 0.0, 0.0, 0.0, 0.0, 1.0 ], [ 0.309017, -0.5, 0.809017, 0.0, 0.5, 0.809017, 0.309017, 0.0, -0.809017, 0.309017, 0.5, 0.0, 0.0, 0.0, 0.0, 1.0 ], [ -0.809017, 0.309017, 0.5, 0.0, -0.309017, 0.5, -0.809017, 0.0, -0.5, -0.809017, -0.309017, 0.0, 0.0, 0.0, 0.0, 1.0 ], [ -0.5, -0.809017, 0.309017, 0.0, 0.809017, -0.309017, 0.5, 0.0, -0.309017, 0.5, 0.809017, 0.0, 0.0, 0.0, 0.0, 1.0 ], [ -0.309017, 0.5, 0.809017, 0.0, 0.5, 0.809017, -0.309017, 0.0, -0.809017, 0.309017, -0.5, 0.0, 0.0, 0.0, 0.0, 1.0 ], [ -0.809017, 0.309017, -0.5, 0.0, 0.309017, -0.5, -0.809017, 0.0, -0.5, -0.809017, 0.309017, 0.0, 0.0, 0.0, 0.0, 1.0 ], [ -0.809017, -0.309017, 0.5, 0.0, 0.309017, 0.5, 0.809017, 0.0, -0.5, 0.809017, -0.309017, 0.0, 0.0, 0.0, 0.0, 1.0 ], [ -0.5, 0.809017, -0.309017, 0.0, 0.809017, 0.309017, -0.5, 0.0, -0.309017, -0.5, -0.809017, 0.0, 0.0, 0.0, 0.0, 1.0 ], [ -0.309017, -0.5, -0.809017, 0.0, 0.5, -0.809017, 0.309017, 0.0, -0.809017, -0.309017, 0.5, 0.0, 0.0, 0.0, 0.0, 1.0 ] ],
  "lights" : {
    "backgroundColor" : "#EFEFFF",
    "ambientColor" : "#292929",
    "directionalLights" : [ {
      "direction" : {
        "x" : 1.0,
        "y" : -1.0,
        "z" : -1.0
      },
      "color" : "#EBEBE4"
    }, {
      "direction" : {
        "x" : -1.0,
        "y" : 0.0,
        "z" : 0.0
      },
      "color" : "#E4E4EB"
    }, {
      "direction" : {
        "x" : 0.0,
        "y" : 0.0,
        "z" : -1.0
      },
      "color" : "#1E1E1E"
    } ]
  },
  "camera" : {
    "width" : 58.578705,
    "stereo" : false,
    "lookDirection" : {
      "x" : -0.61766404,
      "y" : 0.7382496,
      "z" : -0.27101922
    },
    "upDirection" : {
      "x" : 0.0010483465,
      "y" : 0.3453775,
      "z" : 0.93842363
    },
    "lookAtPoint" : {
      "x" : 0.0,
      "y" : 0.0,
      "z" : 0.0
    },
    "viewDistance" : 130.17497,
    "nearClipDistance" : 0.32543758,
    "farClipDistance" : 260.34955,
    "fieldOfView" : 0.44262865,
    "perspective" : false,
    "position" : {
      "x" : 80.404396,
      "y" : -96.10162,
      "z" : 35.27992
    }
  },
  "embedding" : [ 1.0, 0.0, 0.0, 0.0, 0.0, 1.0, 0.0, 0.0, 0.0, 0.0, 1.0, 0.0, 0.0, 0.0, 0.0, 1.0 ],
  "shapes" : [ {
    "id" : "7bbb5986-4789-4719-853a-9cd6042d2d72",
    "vertices" : [ {
      "x" : 1.0,
      "y" : 0.309017,
      "z" : 0.19098301
    }, {
      "x" : 1.0,
      "y" : -0.309017,
      "z" : 0.19098301
    }, {
      "x" : 7.472136,
      "y" : -0.309017,
      "z" : 0.19098301
    }, {
      "x" : 7.472136,
      "y" : 0.309017,
      "z" : 0.19098301
    }, {
      "x" : 7.472136,
      "y" : -0.309017,
      "z" : -0.19098301
    }, {
      "x" : 7.472136,
      "y" : 0.309017,
      "z" : -0.19098301
    }, {
      "x" : 8.09017,
      "y" : 0.0,
      "z" : 0.0
    }, {
      "x" : 0.38196602,
      "y" : 0.0,
      "z" : 0.0
    }, {
      "x" : 1.0,
      "y" : 0.309017,
      "z" : -0.19098301
    }, {
      "x" : 1.0,
      "y" : -0.309017,
      "z" : -0.19098301
    }, {
      "x" : 8.472136,
      "y" : 0.0,
      "z" : 0.0
    } ],
    "faces" : [ {
      "vertices" : [ 1, 9, 4 ]
    }, {
      "vertices" : [ 1, 4, 2 ]
    }, {
      "vertices" : [ 0, 3, 5 ]
    }, {
      "vertices" : [ 0, 5, 8 ]
    }, {
      "vertices" : [ 1, 7, 9 ]
    }, {
      "vertices" : [ 0, 1, 2 ]
    }, {
      "vertices" : [ 0, 2, 3 ]
    }, {
      "vertices" : [ 7, 8, 9 ]
    }, {
      "vertices" : [ 0, 7, 1 ]
    }, {
      "vertices" : [ 4, 9, 8 ]
    }, {
      "vertices" : [ 4, 8, 5 ]
    }, {
      "vertices" : [ 2, 6, 3 ]
    }, {
      "vertices" : [ 2, 4, 6 ]
    }, {
      "vertices" : [ 3, 6, 5 ]
    }, {
      "vertices" : [ 4, 5, 6 ]
    }, {
      "vertices" : [ 0, 8, 7 ]
    } ]
  }, {
    "id" : "cc748ca4-a4b9-45b9-a96d-b5e0fe482f3c",
    "vertices" : [ {
      "x" : 2.618034,
      "y" : 9.472136,
      "z" : 6.854102
    }, {
      "x" : -4.236068,
      "y" : 8.599458,
      "z" : 7.187435
    }, {
      "x" : -1.618034,
      "y" : 11.09017,
      "z" : -4.236068
    } ],
    "faces" : [ {
      "vertices" : [ 0, 1, 2 ]
    }, {
      "vertices" : [ 0, 2, 1 ]
    } ]
  }, {
    "id" : "40bb89ee-2aa8-424b-9b05-ff223daaa301",
    "vertices" : [ {
      "x" : 0.309017,
      "y" : -0.309017,
      "z" : -0.309017
    }, {
      "x" : 0.5,
      "y" : 0.0,
      "z" : -0.19098301
    }, {
      "x" : 0.5,
      "y" : 0.0,
      "z" : 0.19098301
    }, {
      "x" : 0.309017,
      "y" : -0.309017,
      "z" : 0.309017
    }, {
      "x" : 0.19098301,
      "y" : -0.5,
      "z" : 0.0
    }, {
      "x" : 0.0,
      "y" : 0.19098301,
      "z" : 0.5
    }, {
      "x" : 0.0,
      "y" : -0.19098301,
      "z" : 0.5
    }, {
      "x" : 0.309017,
      "y" : 0.309017,
      "z" : 0.309017
    }, {
      "x" : -0.309017,
      "y" : -0.309017,
      "z" : 0.309017
    }, {
      "x" : -0.309017,
      "y" : 0.309017,
      "z" : 0.309017
    }, {
      "x" : -0.5,
      "y" : 0.0,
      "z" : 0.19098301
    }, {
      "x" : 0.0,
      "y" : -0.19098301,
      "z" : -0.5
    }, {
      "x" : 0.0,
      "y" : 0.19098301,
      "z" : -0.5
    }, {
      "x" : 0.309017,
      "y" : 0.309017,
      "z" : -0.309017
    }, {
      "x" : -0.309017,
      "y" : -0.309017,
      "z" : -0.309017
    }, {
      "x" : -0.19098301,
      "y" : -0.5,
      "z" : 0.0
    }, {
      "x" : -0.5,
      "y" : 0.0,
      "z" : -0.19098301
    }, {
      "x" : 0.19098301,
      "y" : 0.5,
      "z" : 0.0
    }, {
      "x" : -0.309017,
      "y" : 0.309017,
      "z" : -0.309017
    }, {
      "x" : 0.0,
      "y" : 0.0,
      "z" : 0.0
    }, {
      "x" : -0.19098301,
      "y" : 0.5,
      "z" : 0.0
    } ],
    "faces" : [ {
      "vertices" : [ 12, 18, 20 ]
    }, {
      "vertices" : [ 12, 20, 17 ]
    }, {
      "vertices" : [ 12, 17, 13 ]
    }, {
      "vertices" : [ 3, 6, 8 ]
    }, {
      "vertices" : [ 3, 8, 15 ]
    }, {
      "vertices" : [ 3, 15, 4 ]
    }, {
      "vertices" : [ 0, 11, 12 ]
    }, {
      "vertices" : [ 0, 12, 13 ]
    }, {
      "vertices" : [ 0, 13, 1 ]
    }, {
      "vertices" : [ 5, 9, 10 ]
    }, {
      "vertices" : [ 5, 10, 8 ]
    }, {
      "vertices" : [ 5, 8, 6 ]
    }, {
      "vertices" : [ 2, 7, 5 ]
    }, {
      "vertices" : [ 2, 5, 6 ]
    }, {
      "vertices" : [ 2, 6, 3 ]
    }, {
      "vertices" : [ 11, 14, 16 ]
    }, {
      "vertices" : [ 11, 16, 18 ]
    }, {
      "vertices" : [ 11, 18, 12 ]
    }, {
      "vertices" : [ 1, 13, 17 ]
    }, {
      "vertices" : [ 1, 17, 7 ]
    }, {
      "vertices" : [ 1, 7, 2 ]
    }, {
      "vertices" : [ 9, 20, 18 ]
    }, {
      "vertices" : [ 9, 18, 16 ]
    }, {
      "vertices" : [ 9, 16, 10 ]
    }, {
      "vertices" : [ 0, 1, 2 ]
    }, {
      "vertices" : [ 0, 2, 3 ]
    }, {
      "vertices" : [ 0, 3, 4 ]
    }, {
      "vertices" : [ 5, 7, 17 ]
    }, {
      "vertices" : [ 5, 17, 20 ]
    }, {
      "vertices" : [ 5, 20, 9 ]
    }, {
      "vertices" : [ 0, 4, 15 ]
    }, {
      "vertices" : [ 0, 15, 14 ]
    }, {
      "vertices" : [ 0, 14, 11 ]
    }, {
      "vertices" : [ 8, 10, 16 ]
    }, {
      "vertices" : [ 8, 16, 14 ]
    }, {
      "vertices" : [ 8, 14, 15 ]
    } ]
  }, {
    "id" : "1b94e1b3-87c0-47a3-862a-44320d0a5806",
    "vertices" : [ {
      "x" : -6.854102,
      "y" : 2.618034,
      "z" : 9.472136
    }, {
      "x" : -2.618034,
      "y" : -2.490712,
      "z" : 11.423503
    }, {
      "x" : -9.472136,
      "y" : -6.854102,
      "z" : 2.618034
    } ],
    "faces" : [ {
      "vertices" : [ 0, 1, 2 ]
    }, {
      "vertices" : [ 0, 2, 1 ]
    } ]
  }, {
    "id" : "9a5773b9-d7c7-48ae-bb4f-0e8d5c730e2a",
    "vertices" : [ {
      "x" : 10.781153,
      "y" : 4.118034,
      "z" : -1.572949
    }, {
      "x" : 10.399187,
      "y" : 3.663119,
      "z" : -1.381966
    }, {
      "x" : 10.236068,
      "y" : 3.927051,
      "z" : -1.809017
    }, {
      "x" : 10.163119,
      "y" : 4.190983,
      "z" : -1.618034
    }, {
      "x" : 0.85410196,
      "y" : 0.309017,
      "z" : 0.19098301
    }, {
      "x" : 0.690983,
      "y" : 0.572949,
      "z" : -0.23606798
    }, {
      "x" : 0.309017,
      "y" : 0.11803399,
      "z" : -0.045084972
    }, {
      "x" : 0.76393205,
      "y" : 0.309017,
      "z" : -0.42705098
    }, {
      "x" : 0.927051,
      "y" : 0.045084972,
      "z" : 0.0
    }, {
      "x" : 10.326238,
      "y" : 3.927051,
      "z" : -1.190983
    }, {
      "x" : 11.09017,
      "y" : 4.236068,
      "z" : -1.618034
    } ],
    "faces" : [ {
      "vertices" : [ 2, 7, 5 ]
    }, {
      "vertices" : [ 2, 5, 3 ]
    }, {
      "vertices" : [ 1, 8, 7 ]
    }, {
      "vertices" : [ 1, 7, 2 ]
    }, {
      "vertices" : [ 4, 6, 8 ]
    }, {
      "vertices" : [ 5, 7, 6 ]
    }, {
      "vertices" : [ 0, 1, 2 ]
    }, {
      "vertices" : [ 0, 2, 3 ]
    }, {
      "vertices" : [ 6, 7, 8 ]
    }, {
      "vertices" : [ 3, 5, 4 ]
    }, {
      "vertices" : [ 3, 4, 9 ]
    }, {
      "vertices" : [ 1, 9, 4 ]
    }, {
      "vertices" : [ 1, 4, 8 ]
    }, {
      "vertices" : [ 0, 9, 1 ]
    }, {
      "vertices" : [ 0, 3, 9 ]
    }, {
      "vertices" : [ 4, 5, 6 ]
    } ]
  }, {
    "id" : "4c31f6a3-fb4b-4d7d-ba49-5a2f6a6b26d2",
    "vertices" : [ {
      "x" : 2.2129288,
      "y" : 7.188106,
      "z" : 2.2390432
    }, {
      "x" : 2.312929,
      "y" : 7.288106,
      "z" : 1.8390433
    }, {
      "x" : 0.40510514,
      "y" : 0.53867394,
      "z" : 0.04565741
    }, {
      "x" : 0.30510515,
      "y" : 0.43867394,
      "z" : 0.4456574
    }, {
      "x" : 2.6129289,
      "y" : 7.054773,
      "z" : 1.9723766
    }, {
      "x" : 2.512929,
      "y" : 6.9547725,
      "z" : 2.3723767
    }, {
      "x" : 0.005105143,
      "y" : 0.67200726,
      "z" : 0.31232408
    }, {
      "x" : 0.10510514,
      "y" : 0.7720073,
      "z" : -0.08767592
    } ],
    "faces" : [ {
      "vertices" : [ 2, 3, 6 ]
    }, {
      "vertices" : [ 2, 6, 7 ]
    }, {
      "vertices" : [ 0, 5, 4 ]
    }, {
      "vertices" : [ 0, 4, 1 ]
    }, {
      "vertices" : [ 2, 4, 5 ]
    }, {
      "vertices" : [ 2, 5, 3 ]
    }, {
      "vertices" : [ 0, 6, 3 ]
    }, {
      "vertices" : [ 0, 3, 5 ]
    }, {
      "vertices" : [ 0, 1, 7 ]
    }, {
      "vertices" : [ 0, 7, 6 ]
    }, {
      "vertices" : [ 1, 4, 2 ]
    }, {
      "vertices" : [ 1, 2, 7 ]
    } ]
  }, {
    "id" : "afe84b60-d46c-4917-a2fc-c57e2ed6adfc",
    "vertices" : [ {
      "x" : 2.4420793,
      "y" : 2.1330624,
      "z" : 5.0751414
    }, {
      "x" : 0.38196602,
      "y" : 0.072949015,
      "z" : 0.95491505
    }, {
      "x" : 0.690983,
      "y" : 0.19098301,
      "z" : 0.76393205
    }, {
      "x" : 2.7510962,
      "y" : 2.2510962,
      "z" : 4.8841586
    }, {
      "x" : 2.4420793,
      "y" : 2.7510962,
      "z" : 4.693176
    }, {
      "x" : 2.8240454,
      "y" : 2.8240454,
      "z" : 5.648091
    }, {
      "x" : 0.38196602,
      "y" : 0.690983,
      "z" : 0.572949
    }, {
      "x" : 2.6781473,
      "y" : 2.6781473,
      "z" : 5.3562946
    }, {
      "x" : 0.14589803,
      "y" : 0.14589803,
      "z" : 0.29179606
    }, {
      "x" : 0.072949015,
      "y" : 0.572949,
      "z" : 0.76393205
    }, {
      "x" : 2.1330624,
      "y" : 2.6330624,
      "z" : 4.8841586
    } ],
    "faces" : [ {
      "vertices" : [ 2, 8, 6 ]
    }, {
      "vertices" : [ 0, 7, 10 ]
    }, {
      "vertices" : [ 1, 9, 8 ]
    }, {
      "vertices" : [ 0, 10, 9 ]
    }, {
      "vertices" : [ 0, 9, 1 ]
    }, {
      "vertices" : [ 4, 10, 7 ]
    }, {
      "vertices" : [ 0, 1, 2 ]
    }, {
      "vertices" : [ 0, 2, 3 ]
    }, {
      "vertices" : [ 6, 8, 9 ]
    }, {
      "vertices" : [ 0, 3, 7 ]
    }, {
      "vertices" : [ 1, 8, 2 ]
    }, {
      "vertices" : [ 4, 6, 9 ]
    }, {
      "vertices" : [ 4, 9, 10 ]
    }, {
      "vertices" : [ 3, 4, 7 ]
    }, {
      "vertices" : [ 2, 6, 4 ]
    }, {
      "vertices" : [ 2, 4, 3 ]
    } ]
  }, {
    "id" : "d9735434-e934-4aa2-b915-b88cf2bfe569",
    "vertices" : [ {
      "x" : -1.618034,
      "y" : 11.09017,
      "z" : -4.236068
    }, {
      "x" : -4.236068,
      "y" : 8.599458,
      "z" : 7.187435
    }, {
      "x" : -11.09017,
      "y" : 4.236068,
      "z" : -1.618034
    } ],
    "faces" : [ {
      "vertices" : [ 0, 1, 2 ]
    }, {
      "vertices" : [ 0, 2, 1 ]
    } ]
  }, {
    "id" : "d9422725-a02a-493e-8e55-4ca1311c72ae",
    "vertices" : [ {
      "x" : -11.09017,
      "y" : 4.236068,
      "z" : -1.618034
    }, {
      "x" : -6.854102,
      "y" : 2.618034,
      "z" : 9.472136
    }, {
      "x" : -9.472136,
      "y" : -6.854102,
      "z" : 2.618034
    } ],
    "faces" : [ {
      "vertices" : [ 0, 1, 2 ]
    }, {
      "vertices" : [ 0, 2, 1 ]
    } ]
  }, {
    "id" : "a2742c96-0307-421e-8170-79c27ff3e5fe",
    "vertices" : [ {
      "x" : 6.3801556,
      "y" : 3.8586655,
      "z" : 8.491727
    }, {
      "x" : 6.2801557,
      "y" : 4.2586656,
      "z" : 8.3917265
    }, {
      "x" : 0.4739463,
      "y" : 0.5047246,
      "z" : 0.31374237
    }, {
      "x" : 0.5739463,
      "y" : 0.10472462,
      "z" : 0.41374236
    }, {
      "x" : 6.580156,
      "y" : 4.391999,
      "z" : 8.158394
    }, {
      "x" : 6.6801558,
      "y" : 3.9919987,
      "z" : 8.258393
    }, {
      "x" : 0.2739463,
      "y" : -0.028608711,
      "z" : 0.6470757
    }, {
      "x" : 0.17394629,
      "y" : 0.3713913,
      "z" : 0.5470757
    } ],
    "faces" : [ {
      "vertices" : [ 2, 3, 6 ]
    }, {
      "vertices" : [ 2, 6, 7 ]
    }, {
      "vertices" : [ 0, 5, 4 ]
    }, {
      "vertices" : [ 0, 4, 1 ]
    }, {
      "vertices" : [ 2, 4, 5 ]
    }, {
      "vertices" : [ 2, 5, 3 ]
    }, {
      "vertices" : [ 0, 6, 3 ]
    }, {
      "vertices" : [ 0, 3, 5 ]
    }, {
      "vertices" : [ 0, 1, 7 ]
    }, {
      "vertices" : [ 0, 7, 6 ]
    }, {
      "vertices" : [ 1, 4, 2 ]
    }, {
      "vertices" : [ 1, 2, 7 ]
    } ]
  }, {
    "id" : "486bd002-1e64-4c11-a7c2-98fcfa9424e8",
    "vertices" : [ {
      "x" : 1.618034,
      "y" : -11.09017,
      "z" : 4.236068
    }, {
      "x" : 11.09017,
      "y" : -4.236068,
      "z" : 1.618034
    }, {
      "x" : 4.236068,
      "y" : -8.599458,
      "z" : -7.187435
    } ],
    "faces" : [ {
      "vertices" : [ 0, 1, 2 ]
    }, {
      "vertices" : [ 0, 2, 1 ]
    } ]
  }, {
    "id" : "da670a79-313f-4af7-8d73-1339ced6a6e1",
    "vertices" : [ {
      "x" : 4.236068,
      "y" : -1.618034,
      "z" : 11.09017
    }, {
      "x" : 6.854102,
      "y" : 4.36339,
      "z" : 8.8054695
    }, {
      "x" : 11.09017,
      "y" : -4.236068,
      "z" : 1.618034
    } ],
    "faces" : [ {
      "vertices" : [ 0, 1, 2 ]
    }, {
      "vertices" : [ 0, 2, 1 ]
    } ]
  }, {
    "id" : "72853999-246d-491f-98c6-63fa4a26aa92",
    "vertices" : [ {
      "x" : -11.09017,
      "y" : 4.236068,
      "z" : -1.618034
    }, {
      "x" : -9.472136,
      "y" : -6.854102,
      "z" : 2.618034
    }, {
      "x" : -6.854102,
      "y" : -4.36339,
      "z" : -8.8054695
    } ],
    "faces" : [ {
      "vertices" : [ 0, 1, 2 ]
    }, {
      "vertices" : [ 0, 2, 1 ]
    } ]
  }, {
    "id" : "c70cc69f-609d-4961-becd-c7e69f2caeb2",
    "vertices" : [ {
      "x" : -9.472136,
      "y" : -6.854102,
      "z" : 2.618034
    }, {
      "x" : -2.618034,
      "y" : -2.490712,
      "z" : 11.423503
    }, {
      "x" : 1.618034,
      "y" : -11.09017,
      "z" : 4.236068
    } ],
    "faces" : [ {
      "vertices" : [ 0, 1, 2 ]
    }, {
      "vertices" : [ 0, 2, 1 ]
    } ]
  }, {
    "id" : "e6ff1c01-e920-4f34-a64b-2f78f24490b9",
    "vertices" : [ {
      "x" : 11.09017,
      "y" : -4.236068,
      "z" : 1.618034
    }, {
      "x" : 6.854102,
      "y" : 4.36339,
      "z" : 8.8054695
    }, {
      "x" : 9.472136,
      "y" : 6.854102,
      "z" : -2.618034
    } ],
    "faces" : [ {
      "vertices" : [ 0, 1, 2 ]
    }, {
      "vertices" : [ 0, 2, 1 ]
    } ]
  }, {
    "id" : "f4be6022-8f23-49c6-8acb-5db003157b9a",
    "vertices" : [ {
      "x" : -9.472136,
      "y" : -6.854102,
      "z" : 2.618034
    }, {
      "x" : 1.618034,
      "y" : -11.09017,
      "z" : 4.236068
    }, {
      "x" : -2.618034,
      "y" : -9.472136,
      "z" : -6.854102
    } ],
    "faces" : [ {
      "vertices" : [ 0, 1, 2 ]
    }, {
      "vertices" : [ 0, 2, 1 ]
    } ]
  }, {
    "id" : "2f3c1a75-057e-4860-bbb2-ba50ed19f1de",
    "vertices" : [ {
      "x" : 1.618034,
      "y" : -11.09017,
      "z" : 4.236068
    }, {
      "x" : 4.236068,
      "y" : -8.599458,
      "z" : -7.187435
    }, {
      "x" : -2.618034,
      "y" : -9.472136,
      "z" : -6.854102
    } ],
    "faces" : [ {
      "vertices" : [ 0, 1, 2 ]
    }, {
      "vertices" : [ 0, 2, 1 ]
    } ]
  }, {
    "id" : "9d5fda34-0cc1-42b3-97fe-d8ce939ac689",
    "vertices" : [ {
      "x" : 11.09017,
      "y" : -4.236068,
      "z" : 1.618034
    }, {
      "x" : 9.472136,
      "y" : 6.854102,
      "z" : -2.618034
    }, {
      "x" : 6.854102,
      "y" : -2.618034,
      "z" : -9.472136
    } ],
    "faces" : [ {
      "vertices" : [ 0, 1, 2 ]
    }, {
      "vertices" : [ 0, 2, 1 ]
    } ]
  }, {
    "id" : "a501b343-879b-4013-afb5-83e3b13a1eca",
    "vertices" : [ {
      "x" : 6.854102,
      "y" : 4.36339,
      "z" : 8.8054695
    }, {
      "x" : 2.618034,
      "y" : 9.472136,
      "z" : 6.854102
    }, {
      "x" : 9.472136,
      "y" : 6.854102,
      "z" : -2.618034
    } ],
    "faces" : [ {
      "vertices" : [ 0, 1, 2 ]
    }, {
      "vertices" : [ 0, 2, 1 ]
    } ]
  }, {
    "id" : "e19ed468-8bc2-49f2-bf0a-c2b50aead067",
    "vertices" : [ {
      "x" : 4.236068,
      "y" : -8.599458,
      "z" : -7.187435
    }, {
      "x" : 11.09017,
      "y" : -4.236068,
      "z" : 1.618034
    }, {
      "x" : 6.854102,
      "y" : -2.618034,
      "z" : -9.472136
    } ],
    "faces" : [ {
      "vertices" : [ 0, 1, 2 ]
    }, {
      "vertices" : [ 0, 2, 1 ]
    } ]
  }, {
    "id" : "a912342c-3818-4eb4-8374-5e85f75b38c6",
    "vertices" : [ {
      "x" : -6.854102,
      "y" : -4.36339,
      "z" : -8.8054695
    }, {
      "x" : -9.472136,
      "y" : -6.854102,
      "z" : 2.618034
    }, {
      "x" : -2.618034,
      "y" : -9.472136,
      "z" : -6.854102
    } ],
    "faces" : [ {
      "vertices" : [ 0, 1, 2 ]
    }, {
      "vertices" : [ 0, 2, 1 ]
    } ]
  }, {
    "id" : "154be58e-8c4a-4e87-b0fb-d8c1e01bf6d9",
    "vertices" : [ {
      "x" : 2.618034,
      "y" : 2.490712,
      "z" : -11.423503
    }, {
      "x" : -1.618034,
      "y" : 11.09017,
      "z" : -4.236068
    }, {
      "x" : -4.236068,
      "y" : 1.618034,
      "z" : -11.09017
    } ],
    "faces" : [ {
      "vertices" : [ 0, 1, 2 ]
    }, {
      "vertices" : [ 0, 2, 1 ]
    } ]
  }, {
    "id" : "b2387bb0-e464-4552-80c7-b7557c8b3503",
    "vertices" : [ {
      "x" : 9.472136,
      "y" : 6.854102,
      "z" : -2.618034
    }, {
      "x" : -1.618034,
      "y" : 11.09017,
      "z" : -4.236068
    }, {
      "x" : 2.618034,
      "y" : 2.490712,
      "z" : -11.423503
    } ],
    "faces" : [ {
      "vertices" : [ 0, 1, 2 ]
    }, {
      "vertices" : [ 0, 2, 1 ]
    } ]
  }, {
    "id" : "1905076e-9d89-4b26-907f-9325a872d45a",
    "vertices" : [ {
      "x" : -2.618034,
      "y" : -2.490712,
      "z" : 11.423503
    }, {
      "x" : 4.236068,
      "y" : -1.618034,
      "z" : 11.09017
    }, {
      "x" : 1.618034,
      "y" : -11.09017,
      "z" : 4.236068
    } ],
    "faces" : [ {
      "vertices" : [ 0, 1, 2 ]
    }, {
      "vertices" : [ 0, 2, 1 ]
    } ]
  }, {
    "id" : "b74e40b7-b621-45a3-943d-b03d8925d0dc",
    "vertices" : [ {
      "x" : 9.472136,
      "y" : 6.854102,
      "z" : -2.618034
    }, {
      "x" : 2.618034,
      "y" : 9.472136,
      "z" : 6.854102
    }, {
      "x" : -1.618034,
      "y" : 11.09017,
      "z" : -4.236068
    } ],
    "faces" : [ {
      "vertices" : [ 0, 1, 2 ]
    }, {
      "vertices" : [ 0, 2, 1 ]
    } ]
  }, {
    "id" : "49d10687-26fa-4c9d-95e2-cb65cfce1831",
    "vertices" : [ {
      "x" : 9.472136,
      "y" : 6.854102,
      "z" : -2.618034
    }, {
      "x" : 2.618034,
      "y" : 2.490712,
      "z" : -11.423503
    }, {
      "x" : 6.854102,
      "y" : -2.618034,
      "z" : -9.472136
    } ],
    "faces" : [ {
      "vertices" : [ 0, 1, 2 ]
    }, {
      "vertices" : [ 0, 2, 1 ]
    } ]
  }, {
    "id" : "d3abb74c-cb30-48d5-83b5-4b3f8e4c78a2",
    "vertices" : [ {
      "x" : -1.618034,
      "y" : 11.09017,
      "z" : -4.236068
    }, {
      "x" : -11.09017,
      "y" : 4.236068,
      "z" : -1.618034
    }, {
      "x" : -4.236068,
      "y" : 1.618034,
      "z" : -11.09017
    } ],
    "faces" : [ {
      "vertices" : [ 0, 1, 2 ]
    }, {
      "vertices" : [ 0, 2, 1 ]
    } ]
  }, {
    "id" : "48f0113e-5537-42fd-a18b-40dcaefd2a25",
    "vertices" : [ {
      "x" : 1.618034,
      "y" : -11.09017,
      "z" : 4.236068
    }, {
      "x" : 4.236068,
      "y" : -1.618034,
      "z" : 11.09017
    }, {
      "x" : 11.09017,
      "y" : -4.236068,
      "z" : 1.618034
    } ],
    "faces" : [ {
      "vertices" : [ 0, 1, 2 ]
    }, {
      "vertices" : [ 0, 2, 1 ]
    } ]
  }, {
    "id" : "302080c8-16ae-4fa7-ad5a-83f82c76d07f",
    "vertices" : [ {
      "x" : -4.236068,
      "y" : 8.599458,
      "z" : 7.187435
    }, {
      "x" : -6.854102,
      "y" : 2.618034,
      "z" : 9.472136
    }, {
      "x" : -11.09017,
      "y" : 4.236068,
      "z" : -1.618034
    } ],
    "faces" : [ {
      "vertices" : [ 0, 1, 2 ]
    }, {
      "vertices" : [ 0, 2, 1 ]
    } ]
  } ],
  "instances" : [ {
    "shape" : "7bbb5986-4789-4719-853a-9cd6042d2d72",
    "color" : "#007695",
    "position" : {
      "x" : -1.618034,
      "y" : 12.8355255,
      "z" : 0.33333334
    },
    "orientation" : 53
  }, {
    "shape" : "cc748ca4-a4b9-45b9-a96d-b5e0fe482f3c",
    "color" : "#88E6C9",
    "position" : {
      "x" : 0.0,
      "y" : 0.0,
      "z" : 0.0
    }
  }, {
    "shape" : "7bbb5986-4789-4719-853a-9cd6042d2d72",
    "color" : "#007695",
    "position" : {
      "x" : 9.472136,
      "y" : 5.108746,
      "z" : -7.187435
    },
    "orientation" : 53
  }, {
    "shape" : "7bbb5986-4789-4719-853a-9cd6042d2d72",
    "color" : "#007695",
    "position" : {
      "x" : -8.472136,
      "y" : 10.217492,
      "z" : -3.9027348
    },
    "orientation" : 40
  }, {
    "shape" : "40bb89ee-2aa8-424b-9b05-ff223daaa301",
    "color" : "#FFFFFF",
    "position" : {
      "x" : -8.472136,
      "y" : 10.217492,
      "z" : -3.9027348
    }
  }, {
    "shape" : "1b94e1b3-87c0-47a3-862a-44320d0a5806",
    "color" : "#88E6C9",
    "position" : {
      "x" : 0.0,
      "y" : 0.0,
      "z" : 0.0
    }
  }, {
    "shape" : "7bbb5986-4789-4719-853a-9cd6042d2d72",
    "color" : "#007695",
    "position" : {
      "x" : -11.09017,
      "y" : 2.490712,
      "z" : -6.187435
    },
    "orientation" : 40
  }, {
    "shape" : "40bb89ee-2aa8-424b-9b05-ff223daaa301",
    "color" : "#FFFFFF",
    "position" : {
      "x" : 5.236068,
      "y" : 11.962848,
      "z" : -4.5694013
    }
  }, {
    "shape" : "9a5773b9-d7c7-48ae-bb4f-0e8d5c730e2a",
    "color" : "#008D36",
    "position" : {
      "x" : -9.472136,
      "y" : -6.854102,
      "z" : 2.618034
    },
    "orientation" : 10
  }, {
    "shape" : "9a5773b9-d7c7-48ae-bb4f-0e8d5c730e2a",
    "color" : "#008D36",
    "position" : {
      "x" : 0.0,
      "y" : 0.0,
      "z" : 0.0
    },
    "orientation" : 58
  }, {
    "shape" : "4c31f6a3-fb4b-4d7d-ba49-5a2f6a6b26d2",
    "color" : "#FFFFFF",
    "position" : {
      "x" : 6.854102,
      "y" : -2.618034,
      "z" : -9.472136
    },
    "orientation" : 43
  }, {
    "shape" : "4c31f6a3-fb4b-4d7d-ba49-5a2f6a6b26d2",
    "color" : "#FFFFFF",
    "position" : {
      "x" : 5.236068,
      "y" : 11.962848,
      "z" : -4.5694013
    },
    "orientation" : 54
  }, {
    "shape" : "40bb89ee-2aa8-424b-9b05-ff223daaa301",
    "color" : "#FFFFFF",
    "position" : {
      "x" : -9.472136,
      "y" : -5.108746,
      "z" : 7.187435
    }
  }, {
    "shape" : "9a5773b9-d7c7-48ae-bb4f-0e8d5c730e2a",
    "color" : "#008D36",
    "position" : {
      "x" : 6.854102,
      "y" : -2.618034,
      "z" : -9.472136
    },
    "orientation" : 10
  }, {
    "shape" : "afe84b60-d46c-4917-a2fc-c57e2ed6adfc",
    "color" : "#6B351A",
    "position" : {
      "x" : -6.854102,
      "y" : 2.618034,
      "z" : 9.472136
    },
    "orientation" : 4
  }, {
    "shape" : "40bb89ee-2aa8-424b-9b05-ff223daaa301",
    "color" : "#FFFFFF",
    "position" : {
      "x" : 11.09017,
      "y" : -5.981424,
      "z" : -2.9513674
    }
  }, {
    "shape" : "7bbb5986-4789-4719-853a-9cd6042d2d72",
    "color" : "#007695",
    "position" : {
      "x" : -9.472136,
      "y" : -5.108746,
      "z" : 7.187435
    },
    "orientation" : 11
  }, {
    "shape" : "afe84b60-d46c-4917-a2fc-c57e2ed6adfc",
    "color" : "#6B351A",
    "position" : {
      "x" : 4.236068,
      "y" : -8.599458,
      "z" : -7.187435
    },
    "orientation" : 44
  }, {
    "shape" : "9a5773b9-d7c7-48ae-bb4f-0e8d5c730e2a",
    "color" : "#008D36",
    "position" : {
      "x" : 1.618034,
      "y" : -11.09017,
      "z" : 4.236068
    },
    "orientation" : 58
  }, {
    "shape" : "7bbb5986-4789-4719-853a-9cd6042d2d72",
    "color" : "#007695",
    "position" : {
      "x" : -9.472136,
      "y" : -5.108746,
      "z" : 7.187435
    },
    "orientation" : 24
  }, {
    "shape" : "4c31f6a3-fb4b-4d7d-ba49-5a2f6a6b26d2",
    "color" : "#FFFFFF",
    "position" : {
      "x" : 9.472136,
      "y" : 8.599458,
      "z" : 1.9513674
    },
    "orientation" : 54
  }, {
    "shape" : "9a5773b9-d7c7-48ae-bb4f-0e8d5c730e2a",
    "color" : "#008D36",
    "position" : {
      "x" : 4.236068,
      "y" : -1.618034,
      "z" : 11.09017
    },
    "orientation" : 19
  }, {
    "shape" : "4c31f6a3-fb4b-4d7d-ba49-5a2f6a6b26d2",
    "color" : "#FFFFFF",
    "position" : {
      "x" : 8.472136,
      "y" : -10.217492,
      "z" : 3.9027348
    },
    "orientation" : 0
  }, {
    "shape" : "4c31f6a3-fb4b-4d7d-ba49-5a2f6a6b26d2",
    "color" : "#FFFFFF",
    "position" : {
      "x" : 0.0,
      "y" : -5.236068,
      "z" : -13.708204
    },
    "orientation" : 0
  }, {
    "shape" : "d9735434-e934-4aa2-b915-b88cf2bfe569",
    "color" : "#FFFFFF",
    "position" : {
      "x" : 0.0,
      "y" : 0.0,
      "z" : 0.0
    }
  }, {
    "shape" : "7bbb5986-4789-4719-853a-9cd6042d2d72",
    "color" : "#007695",
    "position" : {
      "x" : -11.09017,
      "y" : 2.490712,
      "z" : -6.187435
    },
    "orientation" : 24
  }, {
    "shape" : "d9422725-a02a-493e-8e55-4ca1311c72ae",
    "color" : "#F7CF7F",
    "position" : {
      "x" : 0.0,
      "y" : 0.0,
      "z" : 0.0
    }
  }, {
    "shape" : "4c31f6a3-fb4b-4d7d-ba49-5a2f6a6b26d2",
    "color" : "#FFFFFF",
    "position" : {
      "x" : 0.0,
      "y" : -5.236068,
      "z" : -13.708204
    },
    "orientation" : 54
  }, {
    "shape" : "40bb89ee-2aa8-424b-9b05-ff223daaa301",
    "color" : "#FFFFFF",
    "position" : {
      "x" : 2.618034,
      "y" : 2.490712,
      "z" : -11.423503
    }
  }, {
    "shape" : "40bb89ee-2aa8-424b-9b05-ff223daaa301",
    "color" : "#FFFFFF",
    "position" : {
      "x" : -11.09017,
      "y" : 2.490712,
      "z" : -6.187435
    }
  }, {
    "shape" : "4c31f6a3-fb4b-4d7d-ba49-5a2f6a6b26d2",
    "color" : "#FFFFFF",
    "position" : {
      "x" : 6.854102,
      "y" : 4.36339,
      "z" : 8.8054695
    },
    "orientation" : 54
  }, {
    "shape" : "a2742c96-0307-421e-8170-79c27ff3e5fe",
    "color" : "#FFFFFF",
    "position" : {
      "x" : -6.854102,
      "y" : -4.36339,
      "z" : -8.8054695
    },
    "orientation" : 0
  }, {
    "shape" : "40bb89ee-2aa8-424b-9b05-ff223daaa301",
    "color" : "#FFFFFF",
    "position" : {
      "x" : 4.236068,
      "y" : -1.618034,
      "z" : 11.09017
    }
  }, {
    "shape" : "486bd002-1e64-4c11-a7c2-98fcfa9424e8",
    "color" : "#FFFFFF",
    "position" : {
      "x" : 0.0,
      "y" : 0.0,
      "z" : 0.0
    }
  }, {
    "shape" : "40bb89ee-2aa8-424b-9b05-ff223daaa301",
    "color" : "#FFFFFF",
    "position" : {
      "x" : -6.854102,
      "y" : -4.36339,
      "z" : -8.8054695
    }
  }, {
    "shape" : "4c31f6a3-fb4b-4d7d-ba49-5a2f6a6b26d2",
    "color" : "#FFFFFF",
    "position" : {
      "x" : 11.09017,
      "y" : -5.981424,
      "z" : -2.9513674
    },
    "orientation" : 0
  }, {
    "shape" : "4c31f6a3-fb4b-4d7d-ba49-5a2f6a6b26d2",
    "color" : "#FFFFFF",
    "position" : {
      "x" : 1.618034,
      "y" : -12.8355255,
      "z" : -0.33333334
    },
    "orientation" : 54
  }, {
    "shape" : "7bbb5986-4789-4719-853a-9cd6042d2d72",
    "color" : "#007695",
    "position" : {
      "x" : 11.09017,
      "y" : -2.490712,
      "z" : 6.187435
    },
    "orientation" : 51
  }, {
    "shape" : "40bb89ee-2aa8-424b-9b05-ff223daaa301",
    "color" : "#FFFFFF",
    "position" : {
      "x" : 1.618034,
      "y" : -11.09017,
      "z" : 4.236068
    }
  }, {
    "shape" : "40bb89ee-2aa8-424b-9b05-ff223daaa301",
    "color" : "#FFFFFF",
    "position" : {
      "x" : 2.618034,
      "y" : 9.472136,
      "z" : 6.854102
    }
  }, {
    "shape" : "4c31f6a3-fb4b-4d7d-ba49-5a2f6a6b26d2",
    "color" : "#FFFFFF",
    "position" : {
      "x" : 5.236068,
      "y" : 11.962848,
      "z" : -4.5694013
    },
    "orientation" : 43
  }, {
    "shape" : "9a5773b9-d7c7-48ae-bb4f-0e8d5c730e2a",
    "color" : "#008D36",
    "position" : {
      "x" : 1.618034,
      "y" : -11.09017,
      "z" : 4.236068
    },
    "orientation" : 3
  }, {
    "shape" : "7bbb5986-4789-4719-853a-9cd6042d2d72",
    "color" : "#007695",
    "position" : {
      "x" : 0.0,
      "y" : -5.236068,
      "z" : -13.708204
    },
    "orientation" : 40
  }, {
    "shape" : "4c31f6a3-fb4b-4d7d-ba49-5a2f6a6b26d2",
    "color" : "#FFFFFF",
    "position" : {
      "x" : -9.472136,
      "y" : -8.599458,
      "z" : -1.9513674
    },
    "orientation" : 43
  }, {
    "shape" : "40bb89ee-2aa8-424b-9b05-ff223daaa301",
    "color" : "#FFFFFF",
    "position" : {
      "x" : -1.618034,
      "y" : 12.8355255,
      "z" : 0.33333334
    }
  }, {
    "shape" : "40bb89ee-2aa8-424b-9b05-ff223daaa301",
    "color" : "#FFFFFF",
    "position" : {
      "x" : 8.472136,
      "y" : -10.217492,
      "z" : 3.9027348
    }
  }, {
    "shape" : "4c31f6a3-fb4b-4d7d-ba49-5a2f6a6b26d2",
    "color" : "#FFFFFF",
    "position" : {
      "x" : -13.708204,
      "y" : -1.745356,
      "z" : 0.6666667
    },
    "orientation" : 0
  }, {
    "shape" : "40bb89ee-2aa8-424b-9b05-ff223daaa301",
    "color" : "#FFFFFF",
    "position" : {
      "x" : 6.854102,
      "y" : -2.618034,
      "z" : -9.472136
    }
  }, {
    "shape" : "7bbb5986-4789-4719-853a-9cd6042d2d72",
    "color" : "#007695",
    "position" : {
      "x" : -6.854102,
      "y" : -4.36339,
      "z" : -8.8054695
    },
    "orientation" : 40
  }, {
    "shape" : "7bbb5986-4789-4719-853a-9cd6042d2d72",
    "color" : "#007695",
    "position" : {
      "x" : -4.236068,
      "y" : 1.618034,
      "z" : -11.09017
    },
    "orientation" : 24
  }, {
    "shape" : "4c31f6a3-fb4b-4d7d-ba49-5a2f6a6b26d2",
    "color" : "#FFFFFF",
    "position" : {
      "x" : -2.618034,
      "y" : -9.472136,
      "z" : -6.854102
    },
    "orientation" : 54
  }, {
    "shape" : "40bb89ee-2aa8-424b-9b05-ff223daaa301",
    "color" : "#FFFFFF",
    "position" : {
      "x" : -2.618034,
      "y" : -9.472136,
      "z" : -6.854102
    }
  }, {
    "shape" : "9a5773b9-d7c7-48ae-bb4f-0e8d5c730e2a",
    "color" : "#008D36",
    "position" : {
      "x" : -4.236068,
      "y" : 1.618034,
      "z" : -11.09017
    },
    "orientation" : 35
  }, {
    "shape" : "40bb89ee-2aa8-424b-9b05-ff223daaa301",
    "color" : "#FFFFFF",
    "position" : {
      "x" : -1.618034,
      "y" : 9.344814,
      "z" : -8.8054695
    }
  }, {
    "shape" : "7bbb5986-4789-4719-853a-9cd6042d2d72",
    "color" : "#007695",
    "position" : {
      "x" : 13.708204,
      "y" : 1.745356,
      "z" : -0.6666667
    },
    "orientation" : 51
  }, {
    "shape" : "7bbb5986-4789-4719-853a-9cd6042d2d72",
    "color" : "#007695",
    "position" : {
      "x" : 1.618034,
      "y" : -12.8355255,
      "z" : -0.33333334
    },
    "orientation" : 52
  }, {
    "shape" : "da670a79-313f-4af7-8d73-1339ced6a6e1",
    "color" : "#88E6C9",
    "position" : {
      "x" : 0.0,
      "y" : 0.0,
      "z" : 0.0
    }
  }, {
    "shape" : "afe84b60-d46c-4917-a2fc-c57e2ed6adfc",
    "color" : "#6B351A",
    "position" : {
      "x" : 4.236068,
      "y" : -1.618034,
      "z" : 11.09017
    },
    "orientation" : 44
  }, {
    "shape" : "4c31f6a3-fb4b-4d7d-ba49-5a2f6a6b26d2",
    "color" : "#FFFFFF",
    "position" : {
      "x" : -1.618034,
      "y" : 9.344814,
      "z" : -8.8054695
    },
    "orientation" : 54
  }, {
    "shape" : "40bb89ee-2aa8-424b-9b05-ff223daaa301",
    "color" : "#FFFFFF",
    "position" : {
      "x" : 13.708204,
      "y" : 1.745356,
      "z" : -0.6666667
    }
  }, {
    "shape" : "7bbb5986-4789-4719-853a-9cd6042d2d72",
    "color" : "#007695",
    "position" : {
      "x" : 0.0,
      "y" : 5.236068,
      "z" : 13.708204
    },
    "orientation" : 52
  }, {
    "shape" : "72853999-246d-491f-98c6-63fa4a26aa92",
    "color" : "#FFFFFF",
    "position" : {
      "x" : 0.0,
      "y" : 0.0,
      "z" : 0.0
    }
  }, {
    "shape" : "9a5773b9-d7c7-48ae-bb4f-0e8d5c730e2a",
    "color" : "#008D36",
    "position" : {
      "x" : 11.09017,
      "y" : -4.236068,
      "z" : 1.618034
    },
    "orientation" : 59
  }, {
    "shape" : "40bb89ee-2aa8-424b-9b05-ff223daaa301",
    "color" : "#FFFFFF",
    "position" : {
      "x" : 1.618034,
      "y" : -9.344814,
      "z" : 8.8054695
    }
  }, {
    "shape" : "9a5773b9-d7c7-48ae-bb4f-0e8d5c730e2a",
    "color" : "#008D36",
    "position" : {
      "x" : -1.618034,
      "y" : 11.09017,
      "z" : -4.236068
    },
    "orientation" : 2
  }, {
    "shape" : "a2742c96-0307-421e-8170-79c27ff3e5fe",
    "color" : "#FFFFFF",
    "position" : {
      "x" : 4.236068,
      "y" : -8.599458,
