{
  "field" : "golden",
  "symmetry" : "icosahedral",
  "orientations" : [ [ 1.0, 0.0, 0.0, 0.0, 0.0, 1.0, 0.0, 0.0, 0.0, 0.0, 1.0, 0.0, 0.0, 0.0, 0.0, 1.0 ], [ 0.0, 0.0, 1.0, 0.0, 1.0, 0.0, 0.0, 0.0, 0.0, 1.0, 0.0, 0.0, 0.0, 0.0, 0.0, 1.0 ], [ 0.0, 1.0, 0.0, 0.0, 0.0, 0.0, 1.0, 0.0, 1.0, 0.0, 0.0, 0.0, 0.0, 0.0, 0.0, 1.0 ], [ 0.809017, 0.309017, 0.5, 0.0, 0.309017, 0.5, -0.809017, 0.0, -0.5, 0.809017, 0.309017, 0.0, 0.0, 0.0, 0.0, 1.0 ], [ -0.5, 0.809017, 0.309017, 0.0, 0.809017, 0.309017, 0.5, 0.0, 0.309017, 0.5, -0.809017, 0.0, 0.0, 0.0, 0.0, 1.0 ], [ 0.309017, 0.5, -0.809017, 0.0, -0.5, 0.809017, 0.309017, 0.0, 0.809017, 0.309017, 0.5, 0.0, 0.0, 0.0, 0.0, 1.0 ], [ 0.5, 0.809017, 0.309017, 0.0, 0.809017, -0.309017, -0.5, 0.0, -0.309017, 0.5, -0.809017, 0.0, 0.0, 0.0, 0.0, 1.0 ], [ -0.309017, 0.5, -0.809017, 0.0, 0.5, 0.809017, 0.309017, 0.0, 0.809017, -0.309017, -0.5, 0.0, 0.0, 0.0, 0.0, 1.0 ], [ 0.809017, -0.309017, -0.5, 0.0, -0.309017, 0.5, -0.809017, 0.0, 0.5, 0.809017, 0.309017, 0.0, 0.0, 0.0, 0.0, 1.0 ], [ 0.5, 0.809017, -0.309017, 0.0, 0.809017, -0.309017, 0.5, 0.0, 0.309017, -0.5, -0.809017, 0.0, 0.0, 0.0, 0.0, 1.0 ], [ 0.309017, -0.5, -0.809017, 0.0, 0.5, 0.809017, -0.309017, 0.0, 0.809017, -0.309017, 0.5, 0.0, 0.0, 0.0, 0.0, 1.0 ], [ 0.809017, -0.309017, 0.5, 0.0, 0.309017, -0.5, -0.809017, 0.0, 0.5, 0.809017, -0.309017, 0.0, 0.0, 0.0, 0.0, 1.0 ], [ 0.809017, 0.309017, -0.5, 0.0, 0.309017, 0.5, 0.809017, 0.0, 0.5, -0.809017, 0.309017, 0.0, 0.0, 0.0, 0.0, 1.0 ], [ 0.5, -0.809017, 0.309017, 0.0, 0.809017, 0.309017, -0.5, 0.0, 0.309017, 0.5, 0.809017, 0.0, 0.0, 0.0, 0.0, 1.0 ], [ 0.309017, 0.5, 0.809017, 0.0, 0.5, -0.809017, 0.309017, 0.0, 0.809017, 0.309017, -0.5, 0.0, 0.0, 0.0, 0.0, 1.0 ], [ 1.0, 0.0, 0.0, 0.0, 0.0, -1.0, 0.0, 0.0, 0.0, 0.0, -1.0, 0.0, 0.0, 0.0, 0.0, 1.0 ], [ 0.0, 0.0, 1.0, 0.0, -1.0, 0.0, 0.0, 0.0, 0.0, -1.0, 0.0, 0.0, 0.0, 0.0, 0.0, 1.0 ], [ 0.0, 1.0, 0.0, 0.0, 0.0, 0.0, -1.0, 0.0, -1.0, 0.0, 0.0, 0.0, 0.0, 0.0, 0.0, 1.0 ], [ 0.809017, 0.309017, 0.5, 0.0, -0.309017, -0.5, 0.809017, 0.0, 0.5, -0.809017, -0.309017, 0.0, 0.0, 0.0, 0.0, 1.0 ], [ -0.5, 0.809017, 0.309017, 0.0, -0.809017, -0.309017, -0.5, 0.0, -0.309017, -0.5, 0.809017, 0.0, 0.0, 0.0, 0.0, 1.0 ], [ 0.309017, 0.5, -0.809017, 0.0, 0.5, -0.809017, -0.309017, 0.0, -0.809017, -0.309017, -0.5, 0.0, 0.0, 0.0, 0.0, 1.0 ], [ 0.5, 0.809017, 0.309017, 0.0, -0.809017, 0.309017, 0.5, 0.0, 0.309017, -0.5, 0.809017, 0.0, 0.0, 0.0, 0.0, 1.0 ], [ -0.309017, 0.5, -0.809017, 0.0, -0.5, -0.809017, -0.309017, 0.0, -0.809017, 0.309017, 0.5, 0.0, 0.0, 0.0, 0.0, 1.0 ], [ 0.809017, -0.309017, -0.5, 0.0, 0.309017, -0.5, 0.809017, 0.0, -0.5, -0.809017, -0.309017, 0.0, 0.0, 0.0, 0.0, 1.0 ], [ 0.5, 0.809017, -0.309017, 0.0, -0.809017, 0.309017, -0.5, 0.0, -0.309017, 0.5, 0.809017, 0.0, 0.0, 0.0, 0.0, 1.0 ], [ 0.309017, -0.5, -0.809017, 0.0, -0.5, -0.809017, 0.309017, 0.0, -0.809017, 0.309017, -0.5, 0.0, 0.0, 0.0, 0.0, 1.0 ], [ 0.809017, -0.309017, 0.5, 0.0, -0.309017, 0.5, 0.809017, 0.0, -0.5, -0.809017, 0.309017, 0.0, 0.0, 0.0, 0.0, 1.0 ], [ 0.809017, 0.309017, -0.5, 0.0, -0.309017, -0.5, -0.809017, 0.0, -0.5, 0.809017, -0.309017, 0.0, 0.0, 0.0, 0.0, 1.0 ], [ 0.5, -0.809017, 0.309017, 0.0, -0.809017, -0.309017, 0.5, 0.0, -0.309017, -0.5, -0.809017, 0.0, 0.0, 0.0, 0.0, 1.0 ], [ 0.309017, 0.5, 0.809017, 0.0, -0.5, 0.809017, -0.309017, 0.0, -0.809017, -0.309017, 0.5, 0.0, 0.0, 0.0, 0.0, 1.0 ], [ -1.0, 0.0, 0.0, 0.0, 0.0, -1.0, 0.0, 0.0, 0.0, 0.0, 1.0, 0.0, 0.0, 0.0, 0.0, 1.0 ], [ 0.0, 0.0, -1.0, 0.0, -1.0, 0.0, 0.0, 0.0, 0.0, 1.0, 0.0, 0.0, 0.0, 0.0, 0.0, 1.0 ], [ 0.0, -1.0, 0.0, 0.0, 0.0, 0.0, -1.0, 0.0, 1.0, 0.0, 0.0, 0.0, 0.0, 0.0, 0.0, 1.0 ], [ -0.809017, -0.309017, -0.5, 0.0, -0.309017, -0.5, 0.809017, 0.0, -0.5, 0.809017, 0.309017, 0.0, 0.0, 0.0, 0.0, 1.0 ], [ 0.5, -0.809017, -0.309017, 0.0, -0.809017, -0.309017, -0.5, 0.0, 0.309017, 0.5, -0.809017, 0.0, 0.0, 0.0, 0.0, 1.0 ], [ -0.309017, -0.5, 0.809017, 0.0, 0.5, -0.809017, -0.309017, 0.0, 0.809017, 0.309017, 0.5, 0.0, 0.0, 0.0, 0.0, 1.0 ], [ -0.5, -0.809017, -0.309017, 0.0, -0.809017, 0.309017, 0.5, 0.0, -0.309017, 0.5, -0.809017, 0.0, 0.0, 0.0, 0.0, 1.0 ], [ 0.309017, -0.5, 0.809017, 0.0, -0.5, -0.809017, -0.309017, 0.0, 0.809017, -0.309017, -0.5, 0.0, 0.0, 0.0, 0.0, 1.0 ], [ -0.809017, 0.309017, 0.5, 0.0, 0.309017, -0.5, 0.809017, 0.0, 0.5, 0.809017, 0.309017, 0.0, 0.0, 0.0, 0.0, 1.0 ], [ -0.5, -0.809017, 0.309017, 0.0, -0.809017, 0.309017, -0.5, 0.0, 0.309017, -0.5, -0.809017, 0.0, 0.0, 0.0, 0.0, 1.0 ], [ -0.309017, 0.5, 0.809017, 0.0, -0.5, -0.809017, 0.309017, 0.0, 0.809017, -0.309017, 0.5, 0.0, 0.0, 0.0, 0.0, 1.0 ], [ -0.809017, 0.309017, -0.5, 0.0, -0.309017, 0.5, 0.809017, 0.0, 0.5, 0.809017, -0.309017, 0.0, 0.0, 0.0, 0.0, 1.0 ], [ -0.809017, -0.309017, 0.5, 0.0, -0.309017, -0.5, -0.809017, 0.0, 0.5, -0.809017, 0.309017, 0.0, 0.0, 0.0, 0.0, 1.0 ], [ -0.5, 0.809017, -0.309017, 0.0, -0.809017, -0.309017, 0.5, 0.0, 0.309017, 0.5, 0.809017, 0.0, 0.0, 0.0, 0.0, 1.0 ], [ -0.309017, -0.5, -0.809017, 0.0, -0.5, 0.809017, -0.309017, 0.0, 0.809017, 0.309017, -0.5, 0.0, 0.0, 0.0, 0.0, 1.0 ], [ -1.0, 0.0, 0.0, 0.0, 0.0, 1.0, 0.0, 0.0, 0.0, 0.0, -1.0, 0.0, 0.0, 0.0, 0.0, 1.0 ], [ 0.0, 0.0, -1.0, 0.0, 1.0, 0.0, 0.0, 0.0, 0.0, -1.0, 0.0, 0.0, 0.0, 0.0, 0.0, 1.0 ], [ 0.0, -1.0, 0.0, 0.0, 0.0, 0.0, 1.0, 0.0, -1.0, 0.0, 0.0, 0.0, 0.0, 0.0, 0.0, 1.0 ], [ -0.809017, -0.309017, -0.5, 0.0, 0.309017, 0.5, -0.809017, 0.0, 0.5, -0.809017, -0.309017, 0.0, 0.0, 0.0, 0.0, 1.0 ], [ 0.5, -0.809017, -0.309017, 0.0, 0.809017, 0.309017, 0.5, 0.0, -0.309017, -0.5, 0.809017, 0.0, 0.0, 0.0, 0.0, 1.0 ], [ -0.309017, -0.5, 0.809017, 0.0, -0.5, 0.809017, 0.309017, 0.0, -0.809017, -0.309017, -0.5, 0.0, 0.0, 0.0, 0.0, 1.0 ], [ -0.5, -0.809017, -0.309017, 0.0, 0.809017, -0.309017, -0.5, 0.0, 0.309017, -0.5, 0.809017, 0.0, 0.0, 0.0, 0.0, 1.0 ], [ 0.309017, -0.5, 0.809017, 0.0, 0.5, 0.809017, 0.309017, 0.0, -0.809017, 0.309017, 0.5, 0.0, 0.0, 0.0, 0.0, 1.0 ], [ -0.809017, 0.309017, 0.5, 0.0, -0.309017, 0.5, -0.809017, 0.0, -0.5, -0.809017, -0.309017, 0.0, 0.0, 0.0, 0.0, 1.0 ], [ -0.5, -0.809017, 0.309017, 0.0, 0.809017, -0.309017, 0.5, 0.0, -0.309017, 0.5, 0.809017, 0.0, 0.0, 0.0, 0.0, 1.0 ], [ -0.309017, 0.5, 0.809017, 0.0, 0.5, 0.809017, -0.309017, 0.0, -0.809017, 0.309017, -0.5, 0.0, 0.0, 0.0, 0.0, 1.0 ], [ -0.809017, 0.309017, -0.5, 0.0, 0.309017, -0.5, -0.809017, 0.0, -0.5, -0.809017, 0.309017, 0.0, 0.0, 0.0, 0.0, 1.0 ], [ -0.809017, -0.309017, 0.5, 0.0, 0.309017, 0.5, 0.809017, 0.0, -0.5, 0.809017, -0.309017, 0.0, 0.0, 0.0, 0.0, 1.0 ], [ -0.5, 0.809017, -0.309017, 0.0, 0.809017, 0.309017, -0.5, 0.0, -0.309017, -0.5, -0.809017, 0.0, 0.0, 0.0, 0.0, 1.0 ], [ -0.309017, -0.5, -0.809017, 0.0, 0.5, -0.809017, 0.309017, 0.0, -0.809017, -0.309017, 0.5, 0.0, 0.0, 0.0, 0.0, 1.0 ] ],
  "lights" : {
    "ambientColor" : "#292929",
    "backgroundColor" : "#AFC8DC",
    "directionalLights" : [ {
      "direction" : {
        "x" : 1.0,
        "y" : -1.0,
        "z" : -1.0
      },
      "color" : "#EBEBE4"
    }, {
      "direction" : {
        "x" : -1.0,
        "y" : 0.0,
        "z" : 0.0
      },
      "color" : "#E4E4EB"
    }, {
      "direction" : {
        "x" : 0.0,
        "y" : 0.0,
        "z" : -1.0
      },
      "color" : "#1E1E1E"
    } ]
  },
  "camera" : {
    "lookDirection" : {
      "x" : 0.9997894,
      "y" : -0.017999051,
      "z" : 0.009308964
    },
    "upDirection" : {
      "x" : 0.019239996,
      "y" : 0.698535,
      "z" : -0.71529067
    },
    "lookAtPoint" : {
      "x" : 0.0,
      "y" : 0.0,
      "z" : 0.0
    },
    "viewDistance" : 246.87433,
    "nearClipDistance" : 0.61718583,
    "farClipDistance" : 493.7481,
    "fieldOfView" : 0.44262883,
    "perspective" : false,
    "width" : 111.09344,
    "stereo" : false,
    "position" : {
      "x" : -246.82234,
      "y" : 4.443504,
      "z" : -2.2981443
    }
  },
  "embedding" : [ 1.0, 0.0, 0.0, 0.0, 0.0, 1.0, 0.0, 0.0, 0.0, 0.0, 1.0, 0.0, 0.0, 0.0, 0.0, 1.0 ],
  "shapes" : [ {
    "id" : "8e7662f1-5be3-441e-81ff-b2e7664fd247",
    "vertices" : [ {
      "x" : -20.666494,
      "y" : 20.399828,
      "z" : -9.983247
    }, {
      "x" : -20.566494,
      "y" : 20.299828,
      "z" : -10.383247
    }, {
      "x" : -0.2777778,
      "y" : 0.54444444,
      "z" : -0.4888889
    }, {
      "x" : -0.37777779,
      "y" : 0.64444447,
      "z" : -0.08888889
    }, {
      "x" : -20.33316,
      "y" : 20.599827,
      "z" : -10.516581
    }, {
      "x" : -20.43316,
      "y" : 20.699827,
      "z" : -10.11658
    }, {
      "x" : -0.6111111,
      "y" : 0.34444445,
      "z" : 0.044444446
    }, {
      "x" : -0.51111114,
      "y" : 0.24444444,
      "z" : -0.35555556
    } ],
    "faces" : [ {
      "vertices" : [ 2, 3, 6 ]
    }, {
      "vertices" : [ 2, 6, 7 ]
    }, {
      "vertices" : [ 0, 5, 4 ]
    }, {
      "vertices" : [ 0, 4, 1 ]
    }, {
      "vertices" : [ 2, 4, 5 ]
    }, {
      "vertices" : [ 2, 5, 3 ]
    }, {
      "vertices" : [ 0, 6, 3 ]
    }, {
      "vertices" : [ 0, 3, 5 ]
    }, {
      "vertices" : [ 0, 1, 7 ]
    }, {
      "vertices" : [ 0, 7, 6 ]
    }, {
      "vertices" : [ 1, 4, 2 ]
    }, {
      "vertices" : [ 1, 2, 7 ]
    } ]
  }, {
    "id" : "af16c51c-bad2-4d9f-8599-ee9eb44087e3",
    "vertices" : [ {
      "x" : 5.236068,
      "y" : -26.18034,
      "z" : 5.236068
    }, {
      "x" : -15.708204,
      "y" : -15.708204,
      "z" : -15.708204
    }, {
      "x" : 5.236068,
      "y" : 5.236068,
      "z" : -26.18034
    }, {
      "x" : 26.18034,
      "y" : -5.236068,
      "z" : -5.236068
    } ],
    "faces" : [ {
      "vertices" : [ 0, 1, 2 ]
    }, {
      "vertices" : [ 0, 2, 3 ]
    }, {
      "vertices" : [ 0, 3, 2 ]
    }, {
      "vertices" : [ 0, 2, 1 ]
    } ]
  }, {
    "id" : "df91d2fa-7955-440b-a288-89cbc542b034",
    "vertices" : [ {
      "x" : 26.18034,
      "y" : 5.236068,
      "z" : -5.236068
    }, {
      "x" : 15.708204,
      "y" : -15.708204,
      "z" : 15.708204
    }, {
      "x" : -5.236068,
      "y" : -26.18034,
      "z" : -5.236068
    }, {
      "x" : 5.236068,
      "y" : -5.236068,
      "z" : -26.18034
    } ],
    "faces" : [ {
      "vertices" : [ 0, 1, 2 ]
    }, {
      "vertices" : [ 0, 2, 3 ]
    }, {
      "vertices" : [ 0, 3, 2 ]
    }, {
      "vertices" : [ 0, 2, 1 ]
    } ]
  }, {
    "id" : "78031d34-8b68-427e-802c-609767aedfaa",
    "vertices" : [ {
      "x" : 26.18034,
      "y" : -5.236068,
      "z" : 5.236068
    }, {
      "x" : 15.708204,
      "y" : 15.708204,
      "z" : -15.708204
    }, {
      "x" : -5.236068,
      "y" : 26.18034,
      "z" : 5.236068
    }, {
      "x" : 5.236068,
      "y" : 5.236068,
      "z" : 26.18034
    } ],
    "faces" : [ {
      "vertices" : [ 0, 1, 2 ]
    }, {
      "vertices" : [ 0, 2, 3 ]
    }, {
      "vertices" : [ 0, 3, 2 ]
    }, {
      "vertices" : [ 0, 2, 1 ]
    } ]
  }, {
    "id" : "17723c56-df2d-410e-9500-29165e9ec2d2",
    "vertices" : [ {
      "x" : 0.309017,
      "y" : -0.309017,
      "z" : -0.309017
    }, {
      "x" : 0.5,
      "y" : 0.0,
      "z" : -0.19098301
    }, {
      "x" : 0.5,
      "y" : 0.0,
      "z" : 0.19098301
    }, {
      "x" : 0.309017,
      "y" : -0.309017,
      "z" : 0.309017
    }, {
      "x" : 0.19098301,
      "y" : -0.5,
      "z" : 0.0
    }, {
      "x" : 0.0,
      "y" : 0.19098301,
      "z" : 0.5
    }, {
      "x" : 0.0,
      "y" : -0.19098301,
      "z" : 0.5
    }, {
      "x" : 0.309017,
      "y" : 0.309017,
      "z" : 0.309017
    }, {
      "x" : -0.309017,
      "y" : -0.309017,
      "z" : 0.309017
    }, {
      "x" : -0.309017,
      "y" : 0.309017,
      "z" : 0.309017
    }, {
      "x" : -0.5,
      "y" : 0.0,
      "z" : 0.19098301
    }, {
      "x" : 0.0,
      "y" : -0.19098301,
      "z" : -0.5
    }, {
      "x" : 0.0,
      "y" : 0.19098301,
      "z" : -0.5
    }, {
      "x" : 0.309017,
      "y" : 0.309017,
      "z" : -0.309017
    }, {
      "x" : -0.309017,
      "y" : -0.309017,
      "z" : -0.309017
    }, {
      "x" : -0.19098301,
      "y" : -0.5,
      "z" : 0.0
    }, {
      "x" : -0.5,
      "y" : 0.0,
      "z" : -0.19098301
    }, {
      "x" : 0.19098301,
      "y" : 0.5,
      "z" : 0.0
    }, {
      "x" : -0.309017,
      "y" : 0.309017,
      "z" : -0.309017
    }, {
      "x" : 0.0,
      "y" : 0.0,
      "z" : 0.0
    }, {
      "x" : -0.19098301,
      "y" : 0.5,
      "z" : 0.0
    } ],
    "faces" : [ {
      "vertices" : [ 12, 18, 20 ]
    }, {
      "vertices" : [ 12, 20, 17 ]
    }, {
      "vertices" : [ 12, 17, 13 ]
    }, {
      "vertices" : [ 3, 6, 8 ]
    }, {
      "vertices" : [ 3, 8, 15 ]
    }, {
      "vertices" : [ 3, 15, 4 ]
    }, {
      "vertices" : [ 0, 11, 12 ]
    }, {
      "vertices" : [ 0, 12, 13 ]
    }, {
      "vertices" : [ 0, 13, 1 ]
    }, {
      "vertices" : [ 5, 9, 10 ]
    }, {
      "vertices" : [ 5, 10, 8 ]
    }, {
      "vertices" : [ 5, 8, 6 ]
    }, {
      "vertices" : [ 2, 7, 5 ]
    }, {
      "vertices" : [ 2, 5, 6 ]
    }, {
      "vertices" : [ 2, 6, 3 ]
    }, {
      "vertices" : [ 11, 14, 16 ]
    }, {
      "vertices" : [ 11, 16, 18 ]
    }, {
      "vertices" : [ 11, 18, 12 ]
    }, {
      "vertices" : [ 1, 13, 17 ]
    }, {
      "vertices" : [ 1, 17, 7 ]
    }, {
      "vertices" : [ 1, 7, 2 ]
    }, {
      "vertices" : [ 9, 20, 18 ]
    }, {
      "vertices" : [ 9, 18, 16 ]
    }, {
      "vertices" : [ 9, 16, 10 ]
    }, {
      "vertices" : [ 0, 1, 2 ]
    }, {
      "vertices" : [ 0, 2, 3 ]
    }, {
      "vertices" : [ 0, 3, 4 ]
    }, {
      "vertices" : [ 5, 7, 17 ]
    }, {
      "vertices" : [ 5, 17, 20 ]
    }, {
      "vertices" : [ 5, 20, 9 ]
    }, {
      "vertices" : [ 0, 4, 15 ]
    }, {
      "vertices" : [ 0, 15, 14 ]
    }, {
      "vertices" : [ 0, 14, 11 ]
    }, {
      "vertices" : [ 8, 10, 16 ]
    }, {
      "vertices" : [ 8, 16, 14 ]
    }, {
      "vertices" : [ 8, 14, 15 ]
    } ]
  }, {
    "id" : "ada50511-ed05-43c6-a8d5-a73626e6e148",
    "vertices" : [ {
      "x" : 1.0,
      "y" : 0.309017,
      "z" : 0.19098301
    }, {
      "x" : 1.0,
      "y" : -0.309017,
      "z" : 0.19098301
    }, {
      "x" : 30.416409,
      "y" : -0.309017,
      "z" : 0.19098301
    }, {
      "x" : 30.416409,
      "y" : 0.309017,
      "z" : 0.19098301
    }, {
      "x" : 30.416409,
      "y" : -0.309017,
      "z" : -0.19098301
    }, {
      "x" : 30.416409,
      "y" : 0.309017,
      "z" : -0.19098301
    }, {
      "x" : 31.034441,
      "y" : 0.0,
      "z" : 0.0
    }, {
      "x" : 0.38196602,
      "y" : 0.0,
      "z" : 0.0
    }, {
      "x" : 1.0,
      "y" : 0.309017,
      "z" : -0.19098301
    }, {
      "x" : 1.0,
      "y" : -0.309017,
      "z" : -0.19098301
    }, {
      "x" : 31.416409,
      "y" : 0.0,
      "z" : 0.0
    } ],
    "faces" : [ {
      "vertices" : [ 1, 9, 4 ]
    }, {
      "vertices" : [ 1, 4, 2 ]
    }, {
      "vertices" : [ 0, 3, 5 ]
    }, {
      "vertices" : [ 0, 5, 8 ]
    }, {
      "vertices" : [ 1, 7, 9 ]
    }, {
      "vertices" : [ 0, 1, 2 ]
    }, {
      "vertices" : [ 0, 2, 3 ]
    }, {
      "vertices" : [ 7, 8, 9 ]
    }, {
      "vertices" : [ 0, 7, 1 ]
    }, {
      "vertices" : [ 4, 9, 8 ]
    }, {
      "vertices" : [ 4, 8, 5 ]
    }, {
      "vertices" : [ 2, 6, 3 ]
    }, {
      "vertices" : [ 2, 4, 6 ]
    }, {
      "vertices" : [ 3, 6, 5 ]
    }, {
      "vertices" : [ 4, 5, 6 ]
    }, {
      "vertices" : [ 0, 8, 7 ]
    } ]
  }, {
    "id" : "b6b0aafa-282f-4e54-9e44-190c031e9fbc",
    "vertices" : [ {
      "x" : -15.708204,
      "y" : -15.708204,
      "z" : 15.708204
    }, {
      "x" : -15.708204,
      "y" : -15.708204,
      "z" : -15.708204
    }, {
      "x" : -15.708204,
      "y" : 15.708204,
      "z" : -15.708204
    }, {
      "x" : -15.708204,
      "y" : 15.708204,
      "z" : 15.708204
    } ],
    "faces" : [ {
      "vertices" : [ 0, 1, 2 ]
    }, {
      "vertices" : [ 0, 2, 3 ]
    }, {
      "vertices" : [ 0, 3, 2 ]
    }, {
      "vertices" : [ 0, 2, 1 ]
    } ]
  }, {
    "id" : "7395ea7a-5635-47d5-8094-d499889c7f6a",
    "vertices" : [ {
      "x" : -5.236068,
      "y" : -26.18034,
      "z" : 5.236068
    }, {
      "x" : 15.708204,
      "y" : -15.708204,
      "z" : -15.708204
    }, {
      "x" : 26.18034,
      "y" : 5.236068,
      "z" : 5.236068
    }, {
      "x" : 5.236068,
      "y" : -5.236068,
      "z" : 26.18034
    } ],
    "faces" : [ {
      "vertices" : [ 0, 1, 2 ]
    }, {
      "vertices" : [ 0, 2, 3 ]
    }, {
      "vertices" : [ 0, 3, 2 ]
    }, {
      "vertices" : [ 0, 2, 1 ]
    } ]
  }, {
    "id" : "9041c331-203e-4a7a-bd5f-256013c75d75",
    "vertices" : [ {
      "x" : 15.708204,
      "y" : 15.708204,
      "z" : 15.708204
    }, {
      "x" : 15.708204,
      "y" : -15.708204,
      "z" : 15.708204
    }, {
      "x" : -15.708204,
      "y" : -15.708204,
      "z" : 15.708204
    }, {
      "x" : -15.708204,
      "y" : 15.708204,
      "z" : 15.708204
    } ],
    "faces" : [ {
      "vertices" : [ 0, 1, 2 ]
    }, {
      "vertices" : [ 0, 2, 3 ]
    }, {
      "vertices" : [ 0, 3, 2 ]
    }, {
      "vertices" : [ 0, 2, 1 ]
    } ]
  }, {
    "id" : "1c6d68ec-07fb-4f51-b274-93cd65b32acd",
    "vertices" : [ {
      "x" : 5.236068,
      "y" : 5.236068,
      "z" : -26.18034
    }, {
      "x" : -15.708204,
      "y" : -15.708204,
      "z" : -15.708204
    }, {
      "x" : -26.18034,
      "y" : 5.236068,
      "z" : 5.236068
    }, {
      "x" : -5.236068,
      "y" : 26.18034,
      "z" : -5.236068
    } ],
    "faces" : [ {
      "vertices" : [ 0, 1, 2 ]
    }, {
      "vertices" : [ 0, 2, 3 ]
    }, {
      "vertices" : [ 0, 3, 2 ]
    }, {
      "vertices" : [ 0, 2, 1 ]
    } ]
  }, {
    "id" : "8bb22469-abfa-4f98-870b-d7fa6749e524",
    "vertices" : [ {
      "x" : 5.236068,
      "y" : -26.18034,
      "z" : -5.236068
    }, {
      "x" : -15.708204,
      "y" : -15.708204,
      "z" : 15.708204
    }, {
      "x" : -26.18034,
      "y" : 5.236068,
      "z" : -5.236068
    }, {
      "x" : -5.236068,
      "y" : -5.236068,
      "z" : -26.18034
    } ],
    "faces" : [ {
      "vertices" : [ 0, 1, 2 ]
    }, {
      "vertices" : [ 0, 2, 3 ]
    }, {
      "vertices" : [ 0, 3, 2 ]
    }, {
      "vertices" : [ 0, 2, 1 ]
    } ]
  }, {
    "id" : "7fea14aa-e214-426f-897e-82c193f0a637",
    "vertices" : [ {
      "x" : 5.236068,
      "y" : -5.236068,
      "z" : 26.18034
    }, {
      "x" : -15.708204,
      "y" : 15.708204,
      "z" : 15.708204
    }, {
      "x" : -26.18034,
      "y" : -5.236068,
      "z" : -5.236068
    }, {
      "x" : -5.236068,
      "y" : -26.18034,
      "z" : 5.236068
    } ],
    "faces" : [ {
      "vertices" : [ 0, 1, 2 ]
    }, {
      "vertices" : [ 0, 2, 3 ]
    }, {
      "vertices" : [ 0, 3, 2 ]
    }, {
      "vertices" : [ 0, 2, 1 ]
    } ]
  }, {
    "id" : "daa06f4e-575f-4459-a734-3cda337a6fa4",
    "vertices" : [ {
      "x" : 5.236068,
      "y" : -5.236068,
      "z" : -26.18034
    }, {
      "x" : -15.708204,
      "y" : 15.708204,
      "z" : -15.708204
    }, {
      "x" : 5.236068,
      "y" : 26.18034,
      "z" : 5.236068
    }, {
      "x" : 26.18034,
      "y" : 5.236068,
      "z" : -5.236068
    } ],
    "faces" : [ {
      "vertices" : [ 0, 1, 2 ]
    }, {
      "vertices" : [ 0, 2, 3 ]
    }, {
      "vertices" : [ 0, 3, 2 ]
    }, {
      "vertices" : [ 0, 2, 1 ]
    } ]
  }, {
    "id" : "8a6a1848-ac5a-46d0-acee-ec1b6dbd0918",
    "vertices" : [ {
      "x" : 5.236068,
      "y" : 5.236068,
      "z" : 26.18034
    }, {
      "x" : -15.708204,
      "y" : -15.708204,
      "z" : 15.708204
    }, {
      "x" : 5.236068,
      "y" : -26.18034,
      "z" : -5.236068
    }, {
      "x" : 26.18034,
      "y" : -5.236068,
      "z" : 5.236068
    } ],
    "faces" : [ {
      "vertices" : [ 0, 1, 2 ]
    }, {
      "vertices" : [ 0, 2, 3 ]
    }, {
      "vertices" : [ 0, 3, 2 ]
    }, {
      "vertices" : [ 0, 2, 1 ]
    } ]
  }, {
    "id" : "5695fb42-dff7-4126-81cb-255e4e20f3b2",
    "vertices" : [ {
      "x" : -5.236068,
      "y" : 5.236068,
      "z" : -26.18034
    }, {
      "x" : 15.708204,
      "y" : -15.708204,
      "z" : -15.708204
    }, {
      "x" : -5.236068,
      "y" : -26.18034,
      "z" : 5.236068
    }, {
      "x" : -26.18034,
      "y" : -5.236068,
      "z" : -5.236068
    } ],
    "faces" : [ {
      "vertices" : [ 0, 1, 2 ]
    }, {
      "vertices" : [ 0, 2, 3 ]
    }, {
      "vertices" : [ 0, 3, 2 ]
    }, {
      "vertices" : [ 0, 2, 1 ]
    } ]
  }, {
    "id" : "cdd52a71-44af-4c2d-ac88-9217ce239651",
    "vertices" : [ {
      "x" : -15.708204,
      "y" : -15.708204,
      "z" : -15.708204
    }, {
      "x" : -15.708204,
      "y" : -15.708204,
      "z" : 15.708204
    }, {
      "x" : 15.708204,
      "y" : -15.708204,
      "z" : 15.708204
    }, {
      "x" : 15.708204,
      "y" : -15.708204,
      "z" : -15.708204
    } ],
    "faces" : [ {
      "vertices" : [ 0, 1, 2 ]
    }, {
      "vertices" : [ 0, 2, 3 ]
    }, {
      "vertices" : [ 0, 3, 2 ]
    }, {
      "vertices" : [ 0, 2, 1 ]
    } ]
  }, {
    "id" : "bcf63820-a2a8-492c-beb2-c127329a0942",
    "vertices" : [ {
      "x" : -5.236068,
      "y" : -5.236068,
      "z" : -26.18034
    }, {
      "x" : 15.708204,
      "y" : 15.708204,
      "z" : -15.708204
    }, {
      "x" : 26.18034,
      "y" : -5.236068,
      "z" : 5.236068
    }, {
      "x" : 5.236068,
      "y" : -26.18034,
      "z" : -5.236068
    } ],
    "faces" : [ {
      "vertices" : [ 0, 1, 2 ]
    }, {
      "vertices" : [ 0, 2, 3 ]
    }, {
      "vertices" : [ 0, 3, 2 ]
    }, {
      "vertices" : [ 0, 2, 1 ]
    } ]
  }, {
    "id" : "7b897e80-18a8-4592-8c44-6837f07dac3b",
    "vertices" : [ {
      "x" : -15.708204,
      "y" : -15.708204,
      "z" : -15.708204
    }, {
      "x" : 15.708204,
      "y" : -15.708204,
      "z" : -15.708204
    }, {
      "x" : 15.708204,
      "y" : 15.708204,
      "z" : -15.708204
    }, {
      "x" : -15.708204,
      "y" : 15.708204,
      "z" : -15.708204
    } ],
    "faces" : [ {
      "vertices" : [ 0, 1, 2 ]
    }, {
      "vertices" : [ 0, 2, 3 ]
    }, {
      "vertices" : [ 0, 3, 2 ]
    }, {
      "vertices" : [ 0, 2, 1 ]
    } ]
  }, {
    "id" : "6b3e4947-19a1-4093-a03c-4a54e06238e3",
    "vertices" : [ {
      "x" : 5.236068,
      "y" : 26.18034,
      "z" : -5.236068
    }, {
      "x" : -15.708204,
      "y" : 15.708204,
      "z" : 15.708204
    }, {
      "x" : 5.236068,
      "y" : -5.236068,
      "z" : 26.18034
    }, {
      "x" : 26.18034,
      "y" : 5.236068,
      "z" : 5.236068
    } ],
    "faces" : [ {
      "vertices" : [ 0, 1, 2 ]
    }, {
      "vertices" : [ 0, 2, 3 ]
    }, {
      "vertices" : [ 0, 3, 2 ]
    }, {
      "vertices" : [ 0, 2, 1 ]
    } ]
  }, {
    "id" : "8022523f-b102-452c-8a0b-978c04feb207",
    "vertices" : [ {
      "x" : -26.18034,
      "y" : 5.236068,
      "z" : -5.236068
    }, {
      "x" : -15.708204,
      "y" : -15.708204,
      "z" : 15.708204
    }, {
      "x" : 5.236068,
      "y" : 5.236068,
      "z" : 26.18034
    }, {
      "x" : -5.236068,
      "y" : 26.18034,
      "z" : 5.236068
    } ],
    "faces" : [ {
      "vertices" : [ 0, 1, 2 ]
    }, {
      "vertices" : [ 0, 2, 3 ]
    }, {
      "vertices" : [ 0, 3, 2 ]
    }, {
      "vertices" : [ 0, 2, 1 ]
    } ]
  }, {
    "id" : "8c1b1758-e392-4a36-ba77-2848141e3904",
    "vertices" : [ {
      "x" : -5.236068,
      "y" : 26.18034,
      "z" : -5.236068
    }, {
      "x" : 15.708204,
      "y" : 15.708204,
      "z" : 15.708204
    }, {
      "x" : 26.18034,
      "y" : -5.236068,
      "z" : -5.236068
    }, {
      "x" : 5.236068,
      "y" : 5.236068,
      "z" : -26.18034
    } ],
    "faces" : [ {
      "vertices" : [ 0, 1, 2 ]
    }, {
      "vertices" : [ 0, 2, 3 ]
    }, {
      "vertices" : [ 0, 3, 2 ]
    }, {
      "vertices" : [ 0, 2, 1 ]
    } ]
  }, {
    "id" : "c185179b-c548-44ae-b750-98c8ec3bf16d",
    "vertices" : [ {
      "x" : -5.236068,
      "y" : -5.236068,
      "z" : 26.18034
    }, {
      "x" : 15.708204,
      "y" : 15.708204,
      "z" : 15.708204
    }, {
      "x" : -5.236068,
      "y" : 26.18034,
      "z" : -5.236068
    }, {
      "x" : -26.18034,
      "y" : 5.236068,
      "z" : 5.236068
    } ],
    "faces" : [ {
      "vertices" : [ 0, 1, 2 ]
    }, {
      "vertices" : [ 0, 2, 3 ]
    }, {
      "vertices" : [ 0, 3, 2 ]
    }, {
      "vertices" : [ 0, 2, 1 ]
    } ]
  }, {
    "id" : "20254a05-8c1d-42f6-9be5-2c98df14e238",
    "vertices" : [ {
      "x" : 26.18034,
      "y" : -5.236068,
      "z" : -5.236068
    }, {
      "x" : 15.708204,
      "y" : 15.708204,
      "z" : 15.708204
    }, {
      "x" : -5.236068,
      "y" : -5.236068,
      "z" : 26.18034
    }, {
      "x" : 5.236068,
      "y" : -26.18034,
      "z" : 5.236068
    } ],
    "faces" : [ {
      "vertices" : [ 0, 1, 2 ]
    }, {
      "vertices" : [ 0, 2, 3 ]
    }, {
      "vertices" : [ 0, 3, 2 ]
    }, {
      "vertices" : [ 0, 2, 1 ]
    } ]
  }, {
    "id" : "b3fe9376-dae6-43f5-9cad-ac3413206129",
    "vertices" : [ {
      "x" : -5.236068,
      "y" : 5.236068,
      "z" : 26.18034
    }, {
      "x" : 15.708204,
      "y" : -15.708204,
      "z" : 15.708204
    }, {
      "x" : 26.18034,
      "y" : 5.236068,
      "z" : -5.236068
    }, {
      "x" : 5.236068,
      "y" : 26.18034,
      "z" : 5.236068
    } ],
    "faces" : [ {
      "vertices" : [ 0, 1, 2 ]
    }, {
      "vertices" : [ 0, 2, 3 ]
    }, {
      "vertices" : [ 0, 3, 2 ]
    }, {
      "vertices" : [ 0, 2, 1 ]
    } ]
  }, {
    "id" : "13b3d5a9-7dc5-4230-997e-fa275fbcbd47",
    "vertices" : [ {
      "x" : -5.236068,
      "y" : 26.18034,
      "z" : 5.236068
    }, {
      "x" : 15.708204,
      "y" : 15.708204,
      "z" : -15.708204
    }, {
      "x" : -5.236068,
      "y" : -5.236068,
      "z" : -26.18034
    }, {
      "x" : -26.18034,
      "y" : 5.236068,
      "z" : -5.236068
    } ],
    "faces" : [ {
      "vertices" : [ 0, 1, 2 ]
    }, {
      "vertices" : [ 0, 2, 3 ]
    }, {
      "vertices" : [ 0, 3, 2 ]
    }, {
      "vertices" : [ 0, 2, 1 ]
    } ]
  }, {
    "id" : "74b21285-42e3-4697-a46c-7e9952e42ac4",
    "vertices" : [ {
      "x" : 15.708204,
      "y" : -15.708204,
      "z" : -15.708204
    }, {
      "x" : 15.708204,
      "y" : -15.708204,
      "z" : 15.708204
    }, {
      "x" : 15.708204,
      "y" : 15.708204,
      "z" : 15.708204
    }, {
      "x" : 15.708204,
      "y" : 15.708204,
      "z" : -15.708204
    } ],
    "faces" : [ {
      "vertices" : [ 0, 1, 2 ]
    }, {
      "vertices" : [ 0, 2, 3 ]
    }, {
      "vertices" : [ 0, 3, 2 ]
    }, {
      "vertices" : [ 0, 2, 1 ]
    } ]
  }, {
    "id" : "e8bf4993-d112-42a9-8d6d-bdd22dc02337",
    "vertices" : [ {
      "x" : -26.18034,
      "y" : -5.236068,
      "z" : 5.236068
    }, {
      "x" : -15.708204,
      "y" : 15.708204,
      "z" : -15.708204
    }, {
      "x" : 5.236068,
      "y" : -5.236068,
      "z" : -26.18034
    }, {
      "x" : -5.236068,
      "y" : -26.18034,
      "z" : -5.236068
    } ],
    "faces" : [ {
      "vertices" : [ 0, 1, 2 ]
    }, {
      "vertices" : [ 0, 2, 3 ]
    }, {
      "vertices" : [ 0, 3, 2 ]
    }, {
      "vertices" : [ 0, 2, 1 ]
    } ]
  }, {
    "id" : "65a7f7cb-9cba-489f-9fc5-61dbee5131f3",
    "vertices" : [ {
      "x" : -26.18034,
      "y" : 5.236068,
      "z" : 5.236068
    }, {
      "x" : -15.708204,
      "y" : -15.708204,
      "z" : -15.708204
    }, {
      "x" : 5.236068,
      "y" : -26.18034,
      "z" : 5.236068
    }, {
      "x" : -5.236068,
      "y" : -5.236068,
      "z" : 26.18034
    } ],
    "faces" : [ {
      "vertices" : [ 0, 1, 2 ]
    }, {
      "vertices" : [ 0, 2, 3 ]
    }, {
      "vertices" : [ 0, 3, 2 ]
    }, {
      "vertices" : [ 0, 2, 1 ]
    } ]
  }, {
    "id" : "310ec8b4-1074-4f0f-9ca1-5564bc718ea0",
    "vertices" : [ {
      "x" : -5.236068,
      "y" : -26.18034,
      "z" : -5.236068
    }, {
      "x" : 15.708204,
      "y" : -15.708204,
      "z" : 15.708204
    }, {
      "x" : -5.236068,
      "y" : 5.236068,
      "z" : 26.18034
    }, {
      "x" : -26.18034,
      "y" : -5.236068,
      "z" : 5.236068
    } ],
    "faces" : [ {
      "vertices" : [ 0, 1, 2 ]
    }, {
      "vertices" : [ 0, 2, 3 ]
    }, {
      "vertices" : [ 0, 3, 2 ]
    }, {
      "vertices" : [ 0, 2, 1 ]
    } ]
  }, {
    "id" : "4f1ed23b-c4a2-47d2-b971-4728d5e2c9ee",
    "vertices" : [ {
      "x" : -26.18034,
      "y" : -5.236068,
      "z" : -5.236068
    }, {
      "x" : -15.708204,
      "y" : 15.708204,
      "z" : 15.708204
    }, {
      "x" : 5.236068,
      "y" : 26.18034,
      "z" : -5.236068
    }, {
      "x" : -5.236068,
      "y" : 5.236068,
      "z" : -26.18034
    } ],
    "faces" : [ {
      "vertices" : [ 0, 1, 2 ]
    }, {
      "vertices" : [ 0, 2, 3 ]
    }, {
      "vertices" : [ 0, 3, 2 ]
    }, {
      "vertices" : [ 0, 2, 1 ]
    } ]
  }, {
    "id" : "d6b5135a-3eda-40c9-81a5-df6c6dd1f841",
    "vertices" : [ {
      "x" : 26.18034,
      "y" : 5.236068,
      "z" : 5.236068
    }, {
      "x" : 15.708204,
      "y" : -15.708204,
      "z" : -15.708204
    }, {
      "x" : -5.236068,
      "y" : 5.236068,
      "z" : -26.18034
    }, {
      "x" : 5.236068,
      "y" : 26.18034,
      "z" : -5.236068
    } ],
    "faces" : [ {
      "vertices" : [ 0, 1, 2 ]
    }, {
      "vertices" : [ 0, 2, 3 ]
    }, {
      "vertices" : [ 0, 3, 2 ]
    }, {
      "vertices" : [ 0, 2, 1 ]
    } ]
  }, {
    "id" : "018fe311-2f30-4147-8ca1-bc7b36fb480b",
    "vertices" : [ {
      "x" : 5.236068,
      "y" : 26.18034,
      "z" : 5.236068
    }, {
      "x" : -15.708204,
      "y" : 15.708204,
      "z" : -15.708204
    }, {
      "x" : -26.18034,
      "y" : -5.236068,
      "z" : 5.236068
    }, {
      "x" : -5.236068,
      "y" : 5.236068,
      "z" : 26.18034
    } ],
    "faces" : [ {
      "vertices" : [ 0, 1, 2 ]
    }, {
      "vertices" : [ 0, 2, 3 ]
    }, {
      "vertices" : [ 0, 3, 2 ]
    }, {
      "vertices" : [ 0, 2, 1 ]
    } ]
  }, {
    "id" : "8e8f00be-8352-4936-9705-3cf8260d83d4",
    "vertices" : [ {
      "x" : 15.708204,
      "y" : 15.708204,
      "z" : 15.708204
    }, {
      "x" : -15.708204,
      "y" : 15.708204,
      "z" : 15.708204
    }, {
      "x" : -15.708204,
      "y" : 15.708204,
      "z" : -15.708204
    }, {
      "x" : 15.708204,
      "y" : 15.708204,
      "z" : -15.708204
    } ],
    "faces" : [ {
      "vertices" : [ 0, 1, 2 ]
    }, {
      "vertices" : [ 0, 2, 3 ]
    }, {
      "vertices" : [ 0, 3, 2 ]
    }, {
      "vertices" : [ 0, 2, 1 ]
    } ]
  } ],
  "instances" : [ {
    "shape" : "8e7662f1-5be3-441e-81ff-b2e7664fd247",
    "color" : "#FFFFFF",
    "position" : {
      "x" : -26.18034,
      "y" : 5.236068,
      "z" : 5.236068
    },
    "orientation" : 46
  }, {
    "shape" : "af16c51c-bad2-4d9f-8599-ee9eb44087e3",
    "color" : "#FFFF00",
    "position" : {
      "x" : 0.0,
      "y" : 0.0,
      "z" : 0.0
    }
  }, {
    "shape" : "df91d2fa-7955-440b-a288-89cbc542b034",
    "color" : "#00CC00",
    "position" : {
      "x" : 0.0,
      "y" : 0.0,
      "z" : 0.0
    }
  }, {
    "shape" : "8e7662f1-5be3-441e-81ff-b2e7664fd247",
    "color" : "#FFFFFF",
    "position" : {
      "x" : -15.708204,
      "y" : 15.708204,
      "z" : -15.708204
    },
    "orientation" : 1
  }, {
    "shape" : "8e7662f1-5be3-441e-81ff-b2e7664fd247",
    "color" : "#FFFFFF",
    "position" : {
      "x" : 26.18034,
      "y" : -5.236068,
      "z" : -5.236068
    },
    "orientation" : 32
  }, {
    "shape" : "78031d34-8b68-427e-802c-609767aedfaa",
    "color" : "#CC0000",
    "position" : {
      "x" : 0.0,
      "y" : 0.0,
      "z" : 0.0
    }
  }, {
    "shape" : "8e7662f1-5be3-441e-81ff-b2e7664fd247",
    "color" : "#FFFFFF",
    "position" : {
      "x" : -5.236068,
      "y" : 26.18034,
      "z" : -5.236068
    },
    "orientation" : 15
  }, {
    "shape" : "17723c56-df2d-410e-9500-29165e9ec2d2",
    "color" : "#FFFFFF",
    "position" : {
      "x" : -26.18034,
      "y" : -5.236068,
      "z" : 5.236068
    }
  }, {
    "shape" : "8e7662f1-5be3-441e-81ff-b2e7664fd247",
    "color" : "#FFFFFF",
    "position" : {
      "x" : -5.236068,
      "y" : -26.18034,
      "z" : 5.236068
    },
    "orientation" : 31
  }, {
    "shape" : "8e7662f1-5be3-441e-81ff-b2e7664fd247",
    "color" : "#FFFFFF",
    "position" : {
      "x" : -5.236068,
      "y" : 5.236068,
      "z" : 26.18034
    },
    "orientation" : 30
  }, {
    "shape" : "ada50511-ed05-43c6-a8d5-a73626e6e148",
    "color" : "#FFFFFF",
    "position" : {
      "x" : -15.708204,
      "y" : 15.708204,
      "z" : -15.708204
    },
    "orientation" : 2
  }, {
    "shape" : "17723c56-df2d-410e-9500-29165e9ec2d2",
    "color" : "#FFFFFF",
    "position" : {
      "x" : 5.236068,
      "y" : 26.18034,
      "z" : 5.236068
    }
  }, {
    "shape" : "8e7662f1-5be3-441e-81ff-b2e7664fd247",
    "color" : "#FFFFFF",
    "position" : {
      "x" : 5.236068,
      "y" : 5.236068,
      "z" : 26.18034
    },
    "orientation" : 16
  }, {
    "shape" : "b6b0aafa-282f-4e54-9e44-190c031e9fbc",
    "color" : "#CCCCCC",
    "position" : {
      "x" : 0.0,
      "y" : 0.0,
      "z" : 0.0
    }
  }, {
    "shape" : "17723c56-df2d-410e-9500-29165e9ec2d2",
    "color" : "#FFFFFF",
    "position" : {
      "x" : -5.236068,
      "y" : -26.18034,
      "z" : 5.236068
    }
  }, {
    "shape" : "7395ea7a-5635-47d5-8094-d499889c7f6a",
    "color" : "#0000FF",
    "position" : {
      "x" : 0.0,
      "y" : 0.0,
      "z" : 0.0
    }
  }, {
    "shape" : "8e7662f1-5be3-441e-81ff-b2e7664fd247",
    "color" : "#FFFFFF",
    "position" : {
      "x" : -15.708204,
      "y" : -15.708204,
      "z" : 15.708204
    },
    "orientation" : 45
  }, {
    "shape" : "ada50511-ed05-43c6-a8d5-a73626e6e148",
    "color" : "#FFFFFF",
    "position" : {
      "x" : 15.708204,
      "y" : 15.708204,
      "z" : 15.708204
    },
    "orientation" : 47
  }, {
    "shape" : "9041c331-203e-4a7a-bd5f-256013c75d75",
    "color" : "#CCCCCC",
    "position" : {
      "x" : 0.0,
      "y" : 0.0,
      "z" : 0.0
    }
  }, {
    "shape" : "1c6d68ec-07fb-4f51-b274-93cd65b32acd",
    "color" : "#FFFF00",
    "position" : {
      "x" : 0.0,
      "y" : 0.0,
      "z" : 0.0
    }
  }, {
    "shape" : "8e7662f1-5be3-441e-81ff-b2e7664fd247",
    "color" : "#FFFFFF",
    "position" : {
      "x" : -26.18034,
      "y" : -5.236068,
      "z" : -5.236068
    },
    "orientation" : 31
  }, {
    "shape" : "8bb22469-abfa-4f98-870b-d7fa6749e524",
    "color" : "#CC0000",
    "position" : {
      "x" : 0.0,
      "y" : 0.0,
      "z" : 0.0
    }
  }, {
    "shape" : "7fea14aa-e214-426f-897e-82c193f0a637",
    "color" : "#0000FF",
    "position" : {
      "x" : 0.0,
      "y" : 0.0,
      "z" : 0.0
    }
  }, {
    "shape" : "17723c56-df2d-410e-9500-29165e9ec2d2",
    "color" : "#FFFFFF",
    "position" : {
      "x" : -5.236068,
      "y" : 5.236068,
      "z" : 26.18034
    }
  }, {
    "shape" : "8e7662f1-5be3-441e-81ff-b2e7664fd247",
    "color" : "#FFFFFF",
    "position" : {
      "x" : 15.708204,
      "y" : 15.708204,
      "z" : 15.708204
    },
    "orientation" : 32
  }, {
    "shape" : "ada50511-ed05-43c6-a8d5-a73626e6e148",
    "color" : "#FFFFFF",
    "position" : {
      "x" : 15.708204,
      "y" : 15.708204,
      "z" : -15.708204
    },
    "orientation" : 45
  }, {
    "shape" : "17723c56-df2d-410e-9500-29165e9ec2d2",
    "color" : "#FFFFFF",
    "position" : {
      "x" : 5.236068,
      "y" : 26.18034,
      "z" : -5.236068
    }
  }, {
    "shape" : "17723c56-df2d-410e-9500-29165e9ec2d2",
    "color" : "#FFFFFF",
    "position" : {
      "x" : 5.236068,
      "y" : -26.18034,
      "z" : -5.236068
    }
  }, {
    "shape" : "17723c56-df2d-410e-9500-29165e9ec2d2",
    "color" : "#FFFFFF",
    "position" : {
      "x" : 26.18034,
      "y" : 5.236068,
      "z" : -5.236068
    }
  }, {
    "shape" : "8e7662f1-5be3-441e-81ff-b2e7664fd247",
    "color" : "#FFFFFF",
    "position" : {
      "x" : -15.708204,
      "y" : -15.708204,
      "z" : 15.708204
    },
    "orientation" : 16
  }, {
    "shape" : "8e7662f1-5be3-441e-81ff-b2e7664fd247",
    "color" : "#FFFFFF",
    "position" : {
      "x" : 5.236068,
      "y" : -26.18034,
      "z" : -5.236068
    },
    "orientation" : 45
  }, {
    "shape" : "8e7662f1-5be3-441e-81ff-b2e7664fd247",
    "color" : "#FFFFFF",
    "position" : {
      "x" : 15.708204,
      "y" : -15.708204,
      "z" : -15.708204
    },
    "orientation" : 0
  }, {
    "shape" : "ada50511-ed05-43c6-a8d5-a73626e6e148",
    "color" : "#FFFFFF",
    "position" : {
      "x" : -15.708204,
      "y" : -15.708204,
      "z" : 15.708204
    },
    "orientation" : 47
  }, {
    "shape" : "17723c56-df2d-410e-9500-29165e9ec2d2",
    "color" : "#FFFFFF",
    "position" : {
      "x" : -26.18034,
      "y" : 5.236068,
      "z" : 5.236068
    }
  }, {
    "shape" : "8e7662f1-5be3-441e-81ff-b2e7664fd247",
    "color" : "#FFFFFF",
    "position" : {
      "x" : -5.236068,
      "y" : 26.18034,
      "z" : -5.236068
    },
    "orientation" : 46
  }, {
    "shape" : "8e7662f1-5be3-441e-81ff-b2e7664fd247",
    "color" : "#FFFFFF",
    "position" : {
      "x" : 5.236068,
      "y" : -5.236068,
      "z" : 26.18034
    },
    "orientation" : 0
  }, {
    "shape" : "17723c56-df2d-410e-9500-29165e9ec2d2",
    "color" : "#FFFFFF",
    "position" : {
      "x" : -5.236068,
      "y" : 5.236068,
      "z" : -26.18034
    }
  }, {
    "shape" : "8e7662f1-5be3-441e-81ff-b2e7664fd247",
    "color" : "#FFFFFF",
    "position" : {
      "x" : 5.236068,
      "y" : -5.236068,
      "z" : -26.18034
    },
    "orientation" : 1
  }, {
    "shape" : "daa06f4e-575f-4459-a734-3cda337a6fa4",
    "color" : "#00CC00",
    "position" : {
      "x" : 0.0,
      "y" : 0.0,
      "z" : 0.0
    }
  }, {
    "shape" : "ada50511-ed05-43c6-a8d5-a73626e6e148",
    "color" : "#FFFFFF",
    "position" : {
      "x" : 15.708204,
      "y" : -15.708204,
      "z" : -15.708204
    },
    "orientation" : 1
  }, {
    "shape" : "8a6a1848-ac5a-46d0-acee-ec1b6dbd0918",
    "color" : "#CC0000",
    "position" : {
      "x" : 0.0,
      "y" : 0.0,
      "z" : 0.0
    }
  }, {
    "shape" : "5695fb42-dff7-4126-81cb-255e4e20f3b2",
    "color" : "#0000FF",
    "position" : {
      "x" : 0.0,
      "y" : 0.0,
      "z" : 0.0
    }
  }, {
    "shape" : "ada50511-ed05-43c6-a8d5-a73626e6e148",
    "color" : "#FFFFFF",
    "position" : {
      "x" : -15.708204,
      "y" : -15.708204,
      "z" : 15.708204
    },
    "orientation" : 0
  }, {
    "shape" : "17723c56-df2d-410e-9500-29165e9ec2d2",
    "color" : "#FFFFFF",
    "position" : {
      "x" : 5.236068,
      "y" : -5.236068,
      "z" : -26.18034
    }
  }, {
    "shape" : "8e7662f1-5be3-441e-81ff-b2e7664fd247",
    "color" : "#FFFFFF",
    "position" : {
      "x" : 15.708204,
      "y" : -15.708204,
      "z" : -15.708204
    },
    "orientation" : 31
  }, {
    "shape" : "8e7662f1-5be3-441e-81ff-b2e7664fd247",
    "color" : "#FFFFFF",
    "position" : {
      "x" : 15.708204,
      "y" : 15.708204,
      "z" : 15.708204
    },
    "orientation" : 15
  }, {
    "shape" : "cdd52a71-44af-4c2d-ac88-9217ce239651",
    "color" : "#CCCCCC",
    "position" : {
      "x" : 0.0,
      "y" : 0.0,
      "z" : 0.0
    }
  }, {
    "shape" : "17723c56-df2d-410e-9500-29165e9ec2d2",
    "color" : "#FFFFFF",
    "position" : {
      "x" : 5.236068,
      "y" : -5.236068,
      "z" : 26.18034
    }
  }, {
    "shape" : "17723c56-df2d-410e-9500-29165e9ec2d2",
    "color" : "#FFFFFF",
    "position" : {
      "x" : 15.708204,
      "y" : -15.708204,
      "z" : -15.708204
    }
  }, {
    "shape" : "17723c56-df2d-410e-9500-29165e9ec2d2",
    "color" : "#FFFFFF",
    "position" : {
      "x" : 15.708204,
      "y" : -15.708204,
      "z" : 15.708204
    }
  }, {
