{
  "field" : "golden",
  "symmetry" : "icosahedral",
  "orientations" : [ [ 1.0, 0.0, 0.0, 0.0, 0.0, 1.0, 0.0, 0.0, 0.0, 0.0, 1.0, 0.0, 0.0, 0.0, 0.0, 1.0 ], [ 0.0, 0.0, 1.0, 0.0, 1.0, 0.0, 0.0, 0.0, 0.0, 1.0, 0.0, 0.0, 0.0, 0.0, 0.0, 1.0 ], [ 0.0, 1.0, 0.0, 0.0, 0.0, 0.0, 1.0, 0.0, 1.0, 0.0, 0.0, 0.0, 0.0, 0.0, 0.0, 1.0 ], [ 0.809017, 0.309017, 0.5, 0.0, 0.309017, 0.5, -0.809017, 0.0, -0.5, 0.809017, 0.309017, 0.0, 0.0, 0.0, 0.0, 1.0 ], [ -0.5, 0.809017, 0.309017, 0.0, 0.809017, 0.309017, 0.5, 0.0, 0.309017, 0.5, -0.809017, 0.0, 0.0, 0.0, 0.0, 1.0 ], [ 0.309017, 0.5, -0.809017, 0.0, -0.5, 0.809017, 0.309017, 0.0, 0.809017, 0.309017, 0.5, 0.0, 0.0, 0.0, 0.0, 1.0 ], [ 0.5, 0.809017, 0.309017, 0.0, 0.809017, -0.309017, -0.5, 0.0, -0.309017, 0.5, -0.809017, 0.0, 0.0, 0.0, 0.0, 1.0 ], [ -0.309017, 0.5, -0.809017, 0.0, 0.5, 0.809017, 0.309017, 0.0, 0.809017, -0.309017, -0.5, 0.0, 0.0, 0.0, 0.0, 1.0 ], [ 0.809017, -0.309017, -0.5, 0.0, -0.309017, 0.5, -0.809017, 0.0, 0.5, 0.809017, 0.309017, 0.0, 0.0, 0.0, 0.0, 1.0 ], [ 0.5, 0.809017, -0.309017, 0.0, 0.809017, -0.309017, 0.5, 0.0, 0.309017, -0.5, -0.809017, 0.0, 0.0, 0.0, 0.0, 1.0 ], [ 0.309017, -0.5, -0.809017, 0.0, 0.5, 0.809017, -0.309017, 0.0, 0.809017, -0.309017, 0.5, 0.0, 0.0, 0.0, 0.0, 1.0 ], [ 0.809017, -0.309017, 0.5, 0.0, 0.309017, -0.5, -0.809017, 0.0, 0.5, 0.809017, -0.309017, 0.0, 0.0, 0.0, 0.0, 1.0 ], [ 0.809017, 0.309017, -0.5, 0.0, 0.309017, 0.5, 0.809017, 0.0, 0.5, -0.809017, 0.309017, 0.0, 0.0, 0.0, 0.0, 1.0 ], [ 0.5, -0.809017, 0.309017, 0.0, 0.809017, 0.309017, -0.5, 0.0, 0.309017, 0.5, 0.809017, 0.0, 0.0, 0.0, 0.0, 1.0 ], [ 0.309017, 0.5, 0.809017, 0.0, 0.5, -0.809017, 0.309017, 0.0, 0.809017, 0.309017, -0.5, 0.0, 0.0, 0.0, 0.0, 1.0 ], [ 1.0, 0.0, 0.0, 0.0, 0.0, -1.0, 0.0, 0.0, 0.0, 0.0, -1.0, 0.0, 0.0, 0.0, 0.0, 1.0 ], [ 0.0, 0.0, 1.0, 0.0, -1.0, 0.0, 0.0, 0.0, 0.0, -1.0, 0.0, 0.0, 0.0, 0.0, 0.0, 1.0 ], [ 0.0, 1.0, 0.0, 0.0, 0.0, 0.0, -1.0, 0.0, -1.0, 0.0, 0.0, 0.0, 0.0, 0.0, 0.0, 1.0 ], [ 0.809017, 0.309017, 0.5, 0.0, -0.309017, -0.5, 0.809017, 0.0, 0.5, -0.809017, -0.309017, 0.0, 0.0, 0.0, 0.0, 1.0 ], [ -0.5, 0.809017, 0.309017, 0.0, -0.809017, -0.309017, -0.5, 0.0, -0.309017, -0.5, 0.809017, 0.0, 0.0, 0.0, 0.0, 1.0 ], [ 0.309017, 0.5, -0.809017, 0.0, 0.5, -0.809017, -0.309017, 0.0, -0.809017, -0.309017, -0.5, 0.0, 0.0, 0.0, 0.0, 1.0 ], [ 0.5, 0.809017, 0.309017, 0.0, -0.809017, 0.309017, 0.5, 0.0, 0.309017, -0.5, 0.809017, 0.0, 0.0, 0.0, 0.0, 1.0 ], [ -0.309017, 0.5, -0.809017, 0.0, -0.5, -0.809017, -0.309017, 0.0, -0.809017, 0.309017, 0.5, 0.0, 0.0, 0.0, 0.0, 1.0 ], [ 0.809017, -0.309017, -0.5, 0.0, 0.309017, -0.5, 0.809017, 0.0, -0.5, -0.809017, -0.309017, 0.0, 0.0, 0.0, 0.0, 1.0 ], [ 0.5, 0.809017, -0.309017, 0.0, -0.809017, 0.309017, -0.5, 0.0, -0.309017, 0.5, 0.809017, 0.0, 0.0, 0.0, 0.0, 1.0 ], [ 0.309017, -0.5, -0.809017, 0.0, -0.5, -0.809017, 0.309017, 0.0, -0.809017, 0.309017, -0.5, 0.0, 0.0, 0.0, 0.0, 1.0 ], [ 0.809017, -0.309017, 0.5, 0.0, -0.309017, 0.5, 0.809017, 0.0, -0.5, -0.809017, 0.309017, 0.0, 0.0, 0.0, 0.0, 1.0 ], [ 0.809017, 0.309017, -0.5, 0.0, -0.309017, -0.5, -0.809017, 0.0, -0.5, 0.809017, -0.309017, 0.0, 0.0, 0.0, 0.0, 1.0 ], [ 0.5, -0.809017, 0.309017, 0.0, -0.809017, -0.309017, 0.5, 0.0, -0.309017, -0.5, -0.809017, 0.0, 0.0, 0.0, 0.0, 1.0 ], [ 0.309017, 0.5, 0.809017, 0.0, -0.5, 0.809017, -0.309017, 0.0, -0.809017, -0.309017, 0.5, 0.0, 0.0, 0.0, 0.0, 1.0 ], [ -1.0, 0.0, 0.0, 0.0, 0.0, -1.0, 0.0, 0.0, 0.0, 0.0, 1.0, 0.0, 0.0, 0.0, 0.0, 1.0 ], [ 0.0, 0.0, -1.0, 0.0, -1.0, 0.0, 0.0, 0.0, 0.0, 1.0, 0.0, 0.0, 0.0, 0.0, 0.0, 1.0 ], [ 0.0, -1.0, 0.0, 0.0, 0.0, 0.0, -1.0, 0.0, 1.0, 0.0, 0.0, 0.0, 0.0, 0.0, 0.0, 1.0 ], [ -0.809017, -0.309017, -0.5, 0.0, -0.309017, -0.5, 0.809017, 0.0, -0.5, 0.809017, 0.309017, 0.0, 0.0, 0.0, 0.0, 1.0 ], [ 0.5, -0.809017, -0.309017, 0.0, -0.809017, -0.309017, -0.5, 0.0, 0.309017, 0.5, -0.809017, 0.0, 0.0, 0.0, 0.0, 1.0 ], [ -0.309017, -0.5, 0.809017, 0.0, 0.5, -0.809017, -0.309017, 0.0, 0.809017, 0.309017, 0.5, 0.0, 0.0, 0.0, 0.0, 1.0 ], [ -0.5, -0.809017, -0.309017, 0.0, -0.809017, 0.309017, 0.5, 0.0, -0.309017, 0.5, -0.809017, 0.0, 0.0, 0.0, 0.0, 1.0 ], [ 0.309017, -0.5, 0.809017, 0.0, -0.5, -0.809017, -0.309017, 0.0, 0.809017, -0.309017, -0.5, 0.0, 0.0, 0.0, 0.0, 1.0 ], [ -0.809017, 0.309017, 0.5, 0.0, 0.309017, -0.5, 0.809017, 0.0, 0.5, 0.809017, 0.309017, 0.0, 0.0, 0.0, 0.0, 1.0 ], [ -0.5, -0.809017, 0.309017, 0.0, -0.809017, 0.309017, -0.5, 0.0, 0.309017, -0.5, -0.809017, 0.0, 0.0, 0.0, 0.0, 1.0 ], [ -0.309017, 0.5, 0.809017, 0.0, -0.5, -0.809017, 0.309017, 0.0, 0.809017, -0.309017, 0.5, 0.0, 0.0, 0.0, 0.0, 1.0 ], [ -0.809017, 0.309017, -0.5, 0.0, -0.309017, 0.5, 0.809017, 0.0, 0.5, 0.809017, -0.309017, 0.0, 0.0, 0.0, 0.0, 1.0 ], [ -0.809017, -0.309017, 0.5, 0.0, -0.309017, -0.5, -0.809017, 0.0, 0.5, -0.809017, 0.309017, 0.0, 0.0, 0.0, 0.0, 1.0 ], [ -0.5, 0.809017, -0.309017, 0.0, -0.809017, -0.309017, 0.5, 0.0, 0.309017, 0.5, 0.809017, 0.0, 0.0, 0.0, 0.0, 1.0 ], [ -0.309017, -0.5, -0.809017, 0.0, -0.5, 0.809017, -0.309017, 0.0, 0.809017, 0.309017, -0.5, 0.0, 0.0, 0.0, 0.0, 1.0 ], [ -1.0, 0.0, 0.0, 0.0, 0.0, 1.0, 0.0, 0.0, 0.0, 0.0, -1.0, 0.0, 0.0, 0.0, 0.0, 1.0 ], [ 0.0, 0.0, -1.0, 0.0, 1.0, 0.0, 0.0, 0.0, 0.0, -1.0, 0.0, 0.0, 0.0, 0.0, 0.0, 1.0 ], [ 0.0, -1.0, 0.0, 0.0, 0.0, 0.0, 1.0, 0.0, -1.0, 0.0, 0.0, 0.0, 0.0, 0.0, 0.0, 1.0 ], [ -0.809017, -0.309017, -0.5, 0.0, 0.309017, 0.5, -0.809017, 0.0, 0.5, -0.809017, -0.309017, 0.0, 0.0, 0.0, 0.0, 1.0 ], [ 0.5, -0.809017, -0.309017, 0.0, 0.809017, 0.309017, 0.5, 0.0, -0.309017, -0.5, 0.809017, 0.0, 0.0, 0.0, 0.0, 1.0 ], [ -0.309017, -0.5, 0.809017, 0.0, -0.5, 0.809017, 0.309017, 0.0, -0.809017, -0.309017, -0.5, 0.0, 0.0, 0.0, 0.0, 1.0 ], [ -0.5, -0.809017, -0.309017, 0.0, 0.809017, -0.309017, -0.5, 0.0, 0.309017, -0.5, 0.809017, 0.0, 0.0, 0.0, 0.0, 1.0 ], [ 0.309017, -0.5, 0.809017, 0.0, 0.5, 0.809017, 0.309017, 0.0, -0.809017, 0.309017, 0.5, 0.0, 0.0, 0.0, 0.0, 1.0 ], [ -0.809017, 0.309017, 0.5, 0.0, -0.309017, 0.5, -0.809017, 0.0, -0.5, -0.809017, -0.309017, 0.0, 0.0, 0.0, 0.0, 1.0 ], [ -0.5, -0.809017, 0.309017, 0.0, 0.809017, -0.309017, 0.5, 0.0, -0.309017, 0.5, 0.809017, 0.0, 0.0, 0.0, 0.0, 1.0 ], [ -0.309017, 0.5, 0.809017, 0.0, 0.5, 0.809017, -0.309017, 0.0, -0.809017, 0.309017, -0.5, 0.0, 0.0, 0.0, 0.0, 1.0 ], [ -0.809017, 0.309017, -0.5, 0.0, 0.309017, -0.5, -0.809017, 0.0, -0.5, -0.809017, 0.309017, 0.0, 0.0, 0.0, 0.0, 1.0 ], [ -0.809017, -0.309017, 0.5, 0.0, 0.309017, 0.5, 0.809017, 0.0, -0.5, 0.809017, -0.309017, 0.0, 0.0, 0.0, 0.0, 1.0 ], [ -0.5, 0.809017, -0.309017, 0.0, 0.809017, 0.309017, -0.5, 0.0, -0.309017, -0.5, -0.809017, 0.0, 0.0, 0.0, 0.0, 1.0 ], [ -0.309017, -0.5, -0.809017, 0.0, 0.5, -0.809017, 0.309017, 0.0, -0.809017, -0.309017, 0.5, 0.0, 0.0, 0.0, 0.0, 1.0 ] ],
  "lights" : {
    "ambientColor" : "#292929",
    "backgroundColor" : "#AFC8DC",
    "directionalLights" : [ {
      "direction" : {
        "x" : 1.0,
        "y" : -1.0,
        "z" : -1.0
      },
      "color" : "#EBEBE4"
    }, {
      "direction" : {
        "x" : -1.0,
        "y" : 0.0,
        "z" : 0.0
      },
      "color" : "#E4E4EB"
    }, {
      "direction" : {
        "x" : 0.0,
        "y" : 0.0,
        "z" : -1.0
      },
      "color" : "#1E1E1E"
    } ]
  },
  "camera" : {
    "stereo" : false,
    "width" : 127.78779,
    "lookDirection" : {
      "x" : -0.552733,
      "y" : 0.8315372,
      "z" : 0.055325594
    },
    "upDirection" : {
      "x" : -0.66105205,
      "y" : -0.39704952,
      "z" : -0.6366978
    },
    "lookAtPoint" : {
      "x" : 0.0,
      "y" : 0.0,
      "z" : 0.0
    },
    "viewDistance" : 283.97308,
    "nearClipDistance" : 0.7099326,
    "farClipDistance" : 567.94727,
    "fieldOfView" : 0.44262856,
    "perspective" : false,
    "position" : {
      "x" : 156.96129,
      "y" : -236.13419,
      "z" : -15.710979
    }
  },
  "embedding" : [ 1.0, 0.0, 0.0, 0.0, 0.0, 1.0, 0.0, 0.0, 0.0, 0.0, 1.0, 0.0, 0.0, 0.0, 0.0, 1.0 ],
  "shapes" : [ {
    "id" : "4eac8cf4-dac2-46fb-ba54-321f6988b55b",
    "vertices" : [ {
      "x" : 2.4022167,
      "y" : -2.0039291,
      "z" : 7.1416955
    }, {
      "x" : 2.5022166,
      "y" : -1.603929,
      "z" : 7.2416954
    }, {
      "x" : 0.42182872,
      "y" : -0.026127595,
      "z" : 0.5364517
    }, {
      "x" : 0.32182872,
      "y" : -0.42612758,
      "z" : 0.43645173
    }, {
      "x" : 2.8022165,
      "y" : -1.7372624,
      "z" : 7.0083623
    }, {
      "x" : 2.7022166,
      "y" : -2.1372623,
      "z" : 6.9083624
    }, {
      "x" : 0.021828732,
      "y" : -0.29279426,
      "z" : 0.6697851
    }, {
      "x" : 0.12182873,
      "y" : 0.10720574,
      "z" : 0.76978505
    } ],
    "faces" : [ {
      "vertices" : [ 2, 3, 6 ]
    }, {
      "vertices" : [ 2, 6, 7 ]
    }, {
      "vertices" : [ 0, 5, 4 ]
    }, {
      "vertices" : [ 0, 4, 1 ]
    }, {
      "vertices" : [ 2, 4, 5 ]
    }, {
      "vertices" : [ 2, 5, 3 ]
    }, {
      "vertices" : [ 0, 6, 3 ]
    }, {
      "vertices" : [ 0, 3, 5 ]
    }, {
      "vertices" : [ 0, 1, 7 ]
    }, {
      "vertices" : [ 0, 7, 6 ]
    }, {
      "vertices" : [ 1, 4, 2 ]
    }, {
      "vertices" : [ 1, 2, 7 ]
    } ]
  }, {
    "id" : "f658f8e4-d762-420e-b221-fa58356dce41",
    "vertices" : [ {
      "x" : 0.309017,
      "y" : -0.309017,
      "z" : -0.309017
    }, {
      "x" : 0.5,
      "y" : 0.0,
      "z" : -0.19098301
    }, {
      "x" : 0.5,
      "y" : 0.0,
      "z" : 0.19098301
    }, {
      "x" : 0.309017,
      "y" : -0.309017,
      "z" : 0.309017
    }, {
      "x" : 0.19098301,
      "y" : -0.5,
      "z" : 0.0
    }, {
      "x" : 0.0,
      "y" : 0.19098301,
      "z" : 0.5
    }, {
      "x" : 0.0,
      "y" : -0.19098301,
      "z" : 0.5
    }, {
      "x" : 0.309017,
      "y" : 0.309017,
      "z" : 0.309017
    }, {
      "x" : -0.309017,
      "y" : -0.309017,
      "z" : 0.309017
    }, {
      "x" : -0.309017,
      "y" : 0.309017,
      "z" : 0.309017
    }, {
      "x" : -0.5,
      "y" : 0.0,
      "z" : 0.19098301
    }, {
      "x" : 0.0,
      "y" : -0.19098301,
      "z" : -0.5
    }, {
      "x" : 0.0,
      "y" : 0.19098301,
      "z" : -0.5
    }, {
      "x" : 0.309017,
      "y" : 0.309017,
      "z" : -0.309017
    }, {
      "x" : -0.309017,
      "y" : -0.309017,
      "z" : -0.309017
    }, {
      "x" : -0.19098301,
      "y" : -0.5,
      "z" : 0.0
    }, {
      "x" : -0.5,
      "y" : 0.0,
      "z" : -0.19098301
    }, {
      "x" : 0.19098301,
      "y" : 0.5,
      "z" : 0.0
    }, {
      "x" : -0.309017,
      "y" : 0.309017,
      "z" : -0.309017
    }, {
      "x" : 0.0,
      "y" : 0.0,
      "z" : 0.0
    }, {
      "x" : -0.19098301,
      "y" : 0.5,
      "z" : 0.0
    } ],
    "faces" : [ {
      "vertices" : [ 12, 18, 20 ]
    }, {
      "vertices" : [ 12, 20, 17 ]
    }, {
      "vertices" : [ 12, 17, 13 ]
    }, {
      "vertices" : [ 3, 6, 8 ]
    }, {
      "vertices" : [ 3, 8, 15 ]
    }, {
      "vertices" : [ 3, 15, 4 ]
    }, {
      "vertices" : [ 0, 11, 12 ]
    }, {
      "vertices" : [ 0, 12, 13 ]
    }, {
      "vertices" : [ 0, 13, 1 ]
    }, {
      "vertices" : [ 5, 9, 10 ]
    }, {
      "vertices" : [ 5, 10, 8 ]
    }, {
      "vertices" : [ 5, 8, 6 ]
    }, {
      "vertices" : [ 2, 7, 5 ]
    }, {
      "vertices" : [ 2, 5, 6 ]
    }, {
      "vertices" : [ 2, 6, 3 ]
    }, {
      "vertices" : [ 11, 14, 16 ]
    }, {
      "vertices" : [ 11, 16, 18 ]
    }, {
      "vertices" : [ 11, 18, 12 ]
    }, {
      "vertices" : [ 1, 13, 17 ]
    }, {
      "vertices" : [ 1, 17, 7 ]
    }, {
      "vertices" : [ 1, 7, 2 ]
    }, {
      "vertices" : [ 9, 20, 18 ]
    }, {
      "vertices" : [ 9, 18, 16 ]
    }, {
      "vertices" : [ 9, 16, 10 ]
    }, {
      "vertices" : [ 0, 1, 2 ]
    }, {
      "vertices" : [ 0, 2, 3 ]
    }, {
      "vertices" : [ 0, 3, 4 ]
    }, {
      "vertices" : [ 5, 7, 17 ]
    }, {
      "vertices" : [ 5, 17, 20 ]
    }, {
      "vertices" : [ 5, 20, 9 ]
    }, {
      "vertices" : [ 0, 4, 15 ]
    }, {
      "vertices" : [ 0, 15, 14 ]
    }, {
      "vertices" : [ 0, 14, 11 ]
    }, {
      "vertices" : [ 8, 10, 16 ]
    }, {
      "vertices" : [ 8, 16, 14 ]
    }, {
      "vertices" : [ 8, 14, 15 ]
    } ]
  }, {
    "id" : "10fb3c18-d2a9-45ee-8337-13ec37cd3f25",
    "vertices" : [ {
      "x" : -5.648091,
      "y" : -10.5021925,
      "z" : -0.79398865
    }, {
      "x" : -7.6781473,
      "y" : -2.8240454,
      "z" : 2.0300567
    }, {
      "x" : 0.0,
      "y" : 0.0,
      "z" : 0.0
    }, {
      "x" : 2.0300567,
      "y" : -7.6781473,
      "z" : -2.8240454
    } ],
    "faces" : [ {
      "vertices" : [ 0, 1, 2 ]
    }, {
      "vertices" : [ 0, 2, 3 ]
    }, {
      "vertices" : [ 0, 3, 2 ]
    }, {
      "vertices" : [ 0, 2, 1 ]
    } ]
  }, {
    "id" : "f0ff119c-59ee-4100-a1fb-04fb871af74f",
    "vertices" : [ {
      "x" : 7.2416954,
      "y" : -1.603929,
      "z" : 2.5022166
    }, {
      "x" : 7.1416955,
      "y" : -2.0039291,
      "z" : 2.4022167
    }, {
      "x" : 0.43645173,
      "y" : -0.42612758,
      "z" : 0.32182872
    }, {
      "x" : 0.5364517,
      "y" : -0.026127595,
      "z" : 0.42182872
    }, {
      "x" : 6.9083624,
      "y" : -2.1372623,
      "z" : 2.7022166
    }, {
      "x" : 7.0083623,
      "y" : -1.7372624,
      "z" : 2.8022165
    }, {
      "x" : 0.76978505,
      "y" : 0.10720574,
      "z" : 0.12182873
    }, {
      "x" : 0.6697851,
      "y" : -0.29279426,
      "z" : 0.021828732
    } ],
    "faces" : [ {
      "vertices" : [ 2, 3, 6 ]
    }, {
      "vertices" : [ 2, 6, 7 ]
    }, {
      "vertices" : [ 0, 5, 4 ]
    }, {
      "vertices" : [ 0, 4, 1 ]
    }, {
      "vertices" : [ 2, 4, 5 ]
    }, {
      "vertices" : [ 2, 5, 3 ]
    }, {
      "vertices" : [ 0, 6, 3 ]
    }, {
      "vertices" : [ 0, 3, 5 ]
    }, {
      "vertices" : [ 0, 1, 7 ]
    }, {
      "vertices" : [ 0, 7, 6 ]
    }, {
      "vertices" : [ 1, 4, 2 ]
    }, {
      "vertices" : [ 1, 2, 7 ]
    } ]
  }, {
    "id" : "d9c07233-d284-4647-bd84-6dc3454fbbb6",
    "vertices" : [ {
      "x" : 1.0,
      "y" : 0.309017,
      "z" : 0.19098301
    }, {
      "x" : 1.0,
      "y" : -0.309017,
      "z" : 0.19098301
    }, {
      "x" : 7.472136,
      "y" : -0.309017,
      "z" : 0.19098301
    }, {
      "x" : 7.472136,
      "y" : 0.309017,
      "z" : 0.19098301
    }, {
      "x" : 7.472136,
      "y" : -0.309017,
      "z" : -0.19098301
    }, {
      "x" : 7.472136,
      "y" : 0.309017,
      "z" : -0.19098301
    }, {
      "x" : 8.09017,
      "y" : 0.0,
      "z" : 0.0
    }, {
      "x" : 0.38196602,
      "y" : 0.0,
      "z" : 0.0
    }, {
      "x" : 1.0,
      "y" : 0.309017,
      "z" : -0.19098301
    }, {
      "x" : 1.0,
      "y" : -0.309017,
      "z" : -0.19098301
    }, {
      "x" : 8.472136,
      "y" : 0.0,
      "z" : 0.0
    } ],
    "faces" : [ {
      "vertices" : [ 1, 9, 4 ]
    }, {
      "vertices" : [ 1, 4, 2 ]
    }, {
      "vertices" : [ 0, 3, 5 ]
    }, {
      "vertices" : [ 0, 5, 8 ]
    }, {
      "vertices" : [ 1, 7, 9 ]
    }, {
      "vertices" : [ 0, 1, 2 ]
    }, {
      "vertices" : [ 0, 2, 3 ]
    }, {
      "vertices" : [ 7, 8, 9 ]
    }, {
      "vertices" : [ 0, 7, 1 ]
    }, {
      "vertices" : [ 4, 9, 8 ]
    }, {
      "vertices" : [ 4, 8, 5 ]
    }, {
      "vertices" : [ 2, 6, 3 ]
    }, {
      "vertices" : [ 2, 4, 6 ]
    }, {
      "vertices" : [ 3, 6, 5 ]
    }, {
      "vertices" : [ 4, 5, 6 ]
    }, {
      "vertices" : [ 0, 8, 7 ]
    } ]
  }, {
    "id" : "63b59016-1843-4d8a-9267-d72120d82d7a",
    "vertices" : [ {
      "x" : 5.3703127,
      "y" : -2.3351564,
      "z" : 5.1036463
    }, {
      "x" : 5.270313,
      "y" : -2.7351565,
      "z" : 5.0036464
    }, {
      "x" : 0.2777778,
      "y" : -0.4888889,
      "z" : 0.54444444
    }, {
      "x" : 0.37777779,
      "y" : -0.08888889,
      "z" : 0.64444447
    }, {
      "x" : 5.0369797,
      "y" : -2.8684897,
      "z" : 5.303646
    }, {
      "x" : 5.1369796,
      "y" : -2.4684896,
      "z" : 5.403646
    }, {
      "x" : 0.6111111,
      "y" : 0.044444446,
      "z" : 0.34444445
    }, {
      "x" : 0.51111114,
      "y" : -0.35555556,
      "z" : 0.24444444
    } ],
    "faces" : [ {
      "vertices" : [ 2, 3, 6 ]
    }, {
      "vertices" : [ 2, 6, 7 ]
    }, {
      "vertices" : [ 0, 5, 4 ]
    }, {
      "vertices" : [ 0, 4, 1 ]
    }, {
      "vertices" : [ 2, 4, 5 ]
    }, {
      "vertices" : [ 2, 5, 3 ]
    }, {
      "vertices" : [ 0, 6, 3 ]
    }, {
      "vertices" : [ 0, 3, 5 ]
    }, {
      "vertices" : [ 0, 1, 7 ]
    }, {
      "vertices" : [ 0, 7, 6 ]
    }, {
      "vertices" : [ 1, 4, 2 ]
    }, {
      "vertices" : [ 1, 2, 7 ]
    } ]
  }, {
    "id" : "eaab5229-1bec-48e0-91a6-8ce3da198cd3",
    "vertices" : [ {
      "x" : 0.0,
      "y" : 0.0,
      "z" : 0.0
    }, {
      "x" : -2.8240454,
      "y" : 5.648091,
      "z" : 5.648091
    }, {
      "x" : 2.8240454,
      "y" : 2.8240454,
      "z" : 11.296182
    }, {
      "x" : 5.648091,
      "y" : -2.8240454,
      "z" : 5.648091
    } ],
    "faces" : [ {
      "vertices" : [ 0, 1, 2 ]
    }, {
      "vertices" : [ 0, 2, 3 ]
    }, {
      "vertices" : [ 0, 3, 2 ]
    }, {
      "vertices" : [ 0, 2, 1 ]
    } ]
  }, {
    "id" : "2b974ec4-bb68-4362-a32f-364b7aeed0f5",
    "vertices" : [ {
      "x" : 0.0,
      "y" : 0.0,
      "z" : 0.0
    }, {
      "x" : 5.648091,
      "y" : 5.648091,
      "z" : -2.8240454
    }, {
      "x" : 2.8240454,
      "y" : 11.296182,
      "z" : 2.8240454
    }, {
      "x" : -2.8240454,
      "y" : 5.648091,
      "z" : 5.648091
    } ],
    "faces" : [ {
      "vertices" : [ 0, 1, 2 ]
    }, {
      "vertices" : [ 0, 2, 3 ]
    }, {
      "vertices" : [ 0, 3, 2 ]
    }, {
      "vertices" : [ 0, 2, 1 ]
    } ]
  }, {
    "id" : "0f702570-ab41-4ab3-b8ab-576ba07f6b5a",
    "vertices" : [ {
      "x" : -10.5021925,
      "y" : -0.79398865,
      "z" : -5.648091
    }, {
      "x" : -2.8240454,
      "y" : 2.0300567,
      "z" : -7.6781473
    }, {
      "x" : 0.0,
      "y" : 0.0,
      "z" : 0.0
    }, {
      "x" : -7.6781473,
      "y" : -2.8240454,
      "z" : 2.0300567
    } ],
    "faces" : [ {
      "vertices" : [ 0, 1, 2 ]
    }, {
      "vertices" : [ 0, 2, 3 ]
    }, {
      "vertices" : [ 0, 3, 2 ]
    }, {
      "vertices" : [ 0, 2, 1 ]
    } ]
  }, {
    "id" : "780d8172-dafa-495a-b68a-2521011877c8",
    "vertices" : [ {
      "x" : -8.472136,
      "y" : -8.472136,
      "z" : -8.472136
    }, {
      "x" : -0.79398865,
      "y" : -5.648091,
      "z" : -10.5021925
    }, {
      "x" : -2.8240454,
      "y" : 2.0300567,
      "z" : -7.6781473
    }, {
      "x" : -10.5021925,
      "y" : -0.79398865,
      "z" : -5.648091
    } ],
    "faces" : [ {
      "vertices" : [ 0, 1, 2 ]
    }, {
      "vertices" : [ 0, 2, 3 ]
    }, {
      "vertices" : [ 0, 3, 2 ]
    }, {
      "vertices" : [ 0, 2, 1 ]
    } ]
  }, {
    "id" : "c75e782a-6be8-4b5f-8dd9-5b77b15233df",
    "vertices" : [ {
      "x" : 6.4420795,
      "y" : 11.296182,
      "z" : 16.150284
    }, {
      "x" : 9.266125,
      "y" : 18.974329,
      "z" : 14.120227
    }, {
      "x" : 16.944271,
      "y" : 16.944271,
      "z" : 16.944271
    }, {
      "x" : 14.120227,
      "y" : 9.266125,
      "z" : 18.974329
    } ],
    "faces" : [ {
      "vertices" : [ 0, 1, 2 ]
    }, {
      "vertices" : [ 0, 2, 3 ]
    }, {
      "vertices" : [ 0, 3, 2 ]
    }, {
      "vertices" : [ 0, 2, 1 ]
    } ]
  }, {
    "id" : "dec16909-d73f-4c96-8c58-1077bf926ed8",
    "vertices" : [ {
      "x" : 5.648091,
      "y" : 5.648091,
      "z" : -2.8240454
    }, {
      "x" : 11.296182,
      "y" : 2.8240454,
      "z" : 2.8240454
    }, {
      "x" : 8.472136,
      "y" : 8.472136,
      "z" : 8.472136
    }, {
      "x" : 2.8240454,
      "y" : 11.296182,
      "z" : 2.8240454
    } ],
    "faces" : [ {
      "vertices" : [ 0, 1, 2 ]
    }, {
      "vertices" : [ 0, 2, 3 ]
    }, {
      "vertices" : [ 0, 3, 2 ]
    }, {
      "vertices" : [ 0, 2, 1 ]
    } ]
  }, {
    "id" : "a0469c16-86a6-465f-b741-cb4fedad25b3",
    "vertices" : [ {
      "x" : -16.944271,
      "y" : -8.472136,
      "z" : -16.944271
    }, {
      "x" : -8.472136,
      "y" : -8.472136,
      "z" : -16.944271
    }, {
      "x" : -8.472136,
      "y" : -8.472136,
      "z" : -8.472136
    }, {
      "x" : -16.944271,
      "y" : -8.472136,
      "z" : -8.472136
    } ],
    "faces" : [ {
      "vertices" : [ 0, 1, 2 ]
    }, {
      "vertices" : [ 0, 2, 3 ]
    }, {
      "vertices" : [ 0, 3, 2 ]
    }, {
      "vertices" : [ 0, 2, 1 ]
    } ]
  }, {
    "id" : "3830583a-0718-4491-b300-a38e5261a164",
    "vertices" : [ {
      "x" : -0.79398865,
      "y" : -5.648091,
      "z" : -10.5021925
    }, {
      "x" : 2.0300567,
      "y" : -7.6781473,
      "z" : -2.8240454
    }, {
      "x" : 0.0,
      "y" : 0.0,
      "z" : 0.0
    }, {
      "x" : -2.8240454,
      "y" : 2.0300567,
      "z" : -7.6781473
    } ],
    "faces" : [ {
      "vertices" : [ 0, 1, 2 ]
    }, {
      "vertices" : [ 0, 2, 3 ]
    }, {
      "vertices" : [ 0, 3, 2 ]
    }, {
      "vertices" : [ 0, 2, 1 ]
    } ]
  }, {
    "id" : "7e16b630-dbba-47f4-8088-d4b00f11bd7f",
    "vertices" : [ {
      "x" : -8.472136,
      "y" : -16.944271,
      "z" : -16.944271
    }, {
      "x" : -8.472136,
      "y" : -16.944271,
      "z" : -8.472136
    }, {
      "x" : -8.472136,
      "y" : -8.472136,
      "z" : -8.472136
    }, {
      "x" : -8.472136,
      "y" : -8.472136,
      "z" : -16.944271
    } ],
    "faces" : [ {
      "vertices" : [ 0, 1, 2 ]
    }, {
      "vertices" : [ 0, 2, 3 ]
    }, {
      "vertices" : [ 0, 3, 2 ]
    }, {
      "vertices" : [ 0, 2, 1 ]
    } ]
  }, {
    "id" : "796387fe-f7b9-47bb-be4a-45d90a54d55d",
    "vertices" : [ {
      "x" : -2.8240454,
      "y" : 5.648091,
      "z" : 5.648091
    }, {
      "x" : 2.8240454,
      "y" : 11.296182,
      "z" : 2.8240454
    }, {
      "x" : 8.472136,
      "y" : 8.472136,
      "z" : 8.472136
    }, {
      "x" : 2.8240454,
      "y" : 2.8240454,
      "z" : 11.296182
    } ],
    "faces" : [ {
      "vertices" : [ 0, 1, 2 ]
    }, {
      "vertices" : [ 0, 2, 3 ]
    }, {
      "vertices" : [ 0, 3, 2 ]
    }, {
      "vertices" : [ 0, 2, 1 ]
    } ]
  }, {
    "id" : "c0561bd8-93fc-4c35-a4fa-881d898423dd",
    "vertices" : [ {
      "x" : 11.296182,
      "y" : 16.150284,
      "z" : 6.4420795
    }, {
      "x" : 18.974329,
      "y" : 14.120227,
      "z" : 9.266125
    }, {
      "x" : 16.944271,
      "y" : 16.944271,
      "z" : 16.944271
    }, {
      "x" : 9.266125,
      "y" : 18.974329,
      "z" : 14.120227
    } ],
    "faces" : [ {
      "vertices" : [ 0, 1, 2 ]
    }, {
      "vertices" : [ 0, 2, 3 ]
    }, {
      "vertices" : [ 0, 3, 2 ]
    }, {
      "vertices" : [ 0, 2, 1 ]
    } ]
  }, {
    "id" : "1c306ef1-f4d1-4ff7-ae8e-c63527b5fd7c",
    "vertices" : [ {
      "x" : 8.472136,
      "y" : 8.472136,
      "z" : 8.472136
    }, {
      "x" : 11.296182,
      "y" : 16.150284,
      "z" : 6.4420795
    }, {
      "x" : 9.266125,
      "y" : 18.974329,
      "z" : 14.120227
    }, {
      "x" : 6.4420795,
      "y" : 11.296182,
      "z" : 16.150284
    } ],
    "faces" : [ {
      "vertices" : [ 0, 1, 2 ]
    }, {
      "vertices" : [ 0, 2, 3 ]
    }, {
      "vertices" : [ 0, 3, 2 ]
    }, {
      "vertices" : [ 0, 2, 1 ]
    } ]
  }, {
    "id" : "823deca9-3b56-455e-805a-a3dc44450a7b",
    "vertices" : [ {
      "x" : -16.944271,
      "y" : -16.944271,
      "z" : -16.944271
    }, {
      "x" : -16.944271,
      "y" : -8.472136,
      "z" : -16.944271
    }, {
      "x" : -16.944271,
      "y" : -8.472136,
      "z" : -8.472136
    }, {
      "x" : -16.944271,
      "y" : -16.944271,
      "z" : -8.472136
    } ],
    "faces" : [ {
      "vertices" : [ 0, 1, 2 ]
    }, {
      "vertices" : [ 0, 2, 3 ]
    }, {
      "vertices" : [ 0, 3, 2 ]
    }, {
      "vertices" : [ 0, 2, 1 ]
    } ]
  }, {
    "id" : "128a16ea-b17c-44f3-a1d7-c60b80aaca9a",
    "vertices" : [ {
      "x" : -16.944271,
      "y" : -16.944271,
      "z" : -16.944271
    }, {
      "x" : -8.472136,
      "y" : -16.944271,
      "z" : -16.944271
    }, {
      "x" : -8.472136,
      "y" : -8.472136,
      "z" : -16.944271
    }, {
      "x" : -16.944271,
      "y" : -8.472136,
      "z" : -16.944271
    } ],
    "faces" : [ {
      "vertices" : [ 0, 1, 2 ]
    }, {
      "vertices" : [ 0, 2, 3 ]
    }, {
      "vertices" : [ 0, 3, 2 ]
    }, {
      "vertices" : [ 0, 2, 1 ]
    } ]
  }, {
    "id" : "4fdad609-afaa-4506-84f8-9795423dc4e4",
    "vertices" : [ {
      "x" : 16.150284,
      "y" : 6.4420795,
      "z" : 11.296182
    }, {
      "x" : 14.120227,
      "y" : 9.266125,
      "z" : 18.974329
    }, {
      "x" : 16.944271,
      "y" : 16.944271,
      "z" : 16.944271
    }, {
      "x" : 18.974329,
      "y" : 14.120227,
      "z" : 9.266125
    } ],
    "faces" : [ {
      "vertices" : [ 0, 1, 2 ]
    }, {
      "vertices" : [ 0, 2, 3 ]
    }, {
      "vertices" : [ 0, 3, 2 ]
    }, {
      "vertices" : [ 0, 2, 1 ]
    } ]
  }, {
    "id" : "180976bc-5e99-45b3-9140-ac4dc70d2633",
    "vertices" : [ {
      "x" : -16.944271,
      "y" : -16.944271,
      "z" : -8.472136
    }, {
      "x" : -16.944271,
      "y" : -8.472136,
      "z" : -8.472136
    }, {
      "x" : -8.472136,
      "y" : -8.472136,
      "z" : -8.472136
    }, {
      "x" : -8.472136,
      "y" : -16.944271,
      "z" : -8.472136
    } ],
    "faces" : [ {
      "vertices" : [ 0, 1, 2 ]
    }, {
      "vertices" : [ 0, 2, 3 ]
    }, {
      "vertices" : [ 0, 3, 2 ]
    }, {
      "vertices" : [ 0, 2, 1 ]
    } ]
  }, {
    "id" : "164a7a78-d154-43c6-8bf6-af4e253d364e",
    "vertices" : [ {
      "x" : 5.648091,
      "y" : -2.8240454,
      "z" : 5.648091
    }, {
      "x" : 2.8240454,
      "y" : 2.8240454,
      "z" : 11.296182
    }, {
      "x" : 8.472136,
      "y" : 8.472136,
      "z" : 8.472136
    }, {
      "x" : 11.296182,
      "y" : 2.8240454,
      "z" : 2.8240454
    } ],
    "faces" : [ {
      "vertices" : [ 0, 1, 2 ]
    }, {
      "vertices" : [ 0, 2, 3 ]
    }, {
      "vertices" : [ 0, 3, 2 ]
    }, {
      "vertices" : [ 0, 2, 1 ]
    } ]
  }, {
    "id" : "5cd9dc8c-31ef-49e3-b7c3-4eefa6671e9f",
    "vertices" : [ {
      "x" : -16.944271,
      "y" : -16.944271,
      "z" : -16.944271
    }, {
      "x" : -16.944271,
      "y" : -16.944271,
      "z" : -8.472136
    }, {
      "x" : -8.472136,
      "y" : -16.944271,
      "z" : -8.472136
    }, {
      "x" : -8.472136,
      "y" : -16.944271,
      "z" : -16.944271
    } ],
    "faces" : [ {
      "vertices" : [ 0, 1, 2 ]
    }, {
      "vertices" : [ 0, 2, 3 ]
    }, {
      "vertices" : [ 0, 3, 2 ]
    }, {
      "vertices" : [ 0, 2, 1 ]
    } ]
  }, {
    "id" : "bc06e819-37fa-42d7-9502-c6e337b7f4b0",
    "vertices" : [ {
      "x" : 8.472136,
      "y" : 8.472136,
      "z" : 8.472136
    }, {
      "x" : 6.4420795,
      "y" : 11.296182,
      "z" : 16.150284
    }, {
      "x" : 14.120227,
      "y" : 9.266125,
      "z" : 18.974329
    }, {
      "x" : 16.150284,
      "y" : 6.4420795,
      "z" : 11.296182
    } ],
    "faces" : [ {
      "vertices" : [ 0, 1, 2 ]
    }, {
      "vertices" : [ 0, 2, 3 ]
    }, {
      "vertices" : [ 0, 3, 2 ]
    }, {
      "vertices" : [ 0, 2, 1 ]
    } ]
  }, {
    "id" : "d9105080-6d07-4089-9c9c-abc1d520eb99",
    "vertices" : [ {
      "x" : -8.472136,
      "y" : -8.472136,
      "z" : -8.472136
    }, {
      "x" : -5.648091,
      "y" : -10.5021925,
      "z" : -0.79398865
    }, {
      "x" : 2.0300567,
      "y" : -7.6781473,
      "z" : -2.8240454
    }, {
      "x" : -0.79398865,
      "y" : -5.648091,
      "z" : -10.5021925
    } ],
    "faces" : [ {
      "vertices" : [ 0, 1, 2 ]
    }, {
      "vertices" : [ 0, 2, 3 ]
    }, {
      "vertices" : [ 0, 3, 2 ]
    }, {
      "vertices" : [ 0, 2, 1 ]
    } ]
  }, {
    "id" : "c5af137c-e3a3-476e-88ff-695a70e51400",
    "vertices" : [ {
      "x" : 0.0,
      "y" : 0.0,
      "z" : 0.0
    }, {
      "x" : 5.648091,
      "y" : -2.8240454,
      "z" : 5.648091
    }, {
      "x" : 11.296182,
      "y" : 2.8240454,
      "z" : 2.8240454
    }, {
      "x" : 5.648091,
      "y" : 5.648091,
      "z" : -2.8240454
    } ],
    "faces" : [ {
      "vertices" : [ 0, 1, 2 ]
    }, {
      "vertices" : [ 0, 2, 3 ]
    }, {
      "vertices" : [ 0, 3, 2 ]
    }, {
      "vertices" : [ 0, 2, 1 ]
    } ]
  }, {
    "id" : "b83cb110-a7fa-4ed4-b347-6f76e9d10c89",
    "vertices" : [ {
      "x" : 8.472136,
      "y" : 8.472136,
      "z" : 8.472136
    }, {
      "x" : 16.150284,
      "y" : 6.4420795,
      "z" : 11.296182
    }, {
      "x" : 18.974329,
      "y" : 14.120227,
      "z" : 9.266125
    }, {
      "x" : 11.296182,
      "y" : 16.150284,
      "z" : 6.4420795
    } ],
    "faces" : [ {
      "vertices" : [ 0, 1, 2 ]
    }, {
      "vertices" : [ 0, 2, 3 ]
    }, {
      "vertices" : [ 0, 3, 2 ]
    }, {
      "vertices" : [ 0, 2, 1 ]
    } ]
  }, {
    "id" : "b826d01e-2e40-42b8-a74d-98c707a609a9",
    "vertices" : [ {
      "x" : -8.472136,
      "y" : -8.472136,
      "z" : -8.472136
    }, {
      "x" : -10.5021925,
      "y" : -0.79398865,
      "z" : -5.648091
    }, {
      "x" : -7.6781473,
      "y" : -2.8240454,
      "z" : 2.0300567
    }, {
      "x" : -5.648091,
      "y" : -10.5021925,
      "z" : -0.79398865
    } ],
    "faces" : [ {
      "vertices" : [ 0, 1, 2 ]
    }, {
      "vertices" : [ 0, 2, 3 ]
    }, {
      "vertices" : [ 0, 3, 2 ]
    }, {
      "vertices" : [ 0, 2, 1 ]
    } ]
  } ],
  "instances" : [ {
    "shape" : "4eac8cf4-dac2-46fb-ba54-321f6988b55b",
    "color" : "#FFFFFF",
    "position" : {
      "x" : -16.944271,
      "y" : -8.472136,
      "z" : -16.944271
    },
    "orientation" : 2
  }, {
    "shape" : "f658f8e4-d762-420e-b221-fa58356dce41",
    "color" : "#FFFFFF",
    "position" : {
      "x" : 10.5021925,
      "y" : -12.532249,
      "z" : 18.974329
    }
  }, {
    "shape" : "f658f8e4-d762-420e-b221-fa58356dce41",
    "color" : "#FFFFFF",
    "position" : {
      "x" : -21.004385,
      "y" : -2.8240454,
      "z" : 15.356295
    }
  }, {
    "shape" : "10fb3c18-d2a9-45ee-8337-13ec37cd3f25",
    "color" : "#FFFFFF",
    "position" : {
      "x" : 0.0,
      "y" : 0.0,
      "z" : 0.0
    }
  }, {
    "shape" : "f0ff119c-59ee-4100-a1fb-04fb871af74f",
    "color" : "#FFFFFF",
    "position" : {
      "x" : 0.79398865,
      "y" : 0.79398865,
      "z" : 23.82843
    },
    "orientation" : 1
  }, {
    "shape" : "f658f8e4-d762-420e-b221-fa58356dce41",
    "color" : "#FFFFFF",
    "position" : {
      "x" : -21.004385,
      "y" : 5.648091,
      "z" : 15.356295
    }
  }, {
    "shape" : "d9c07233-d284-4647-bd84-6dc3454fbbb6",
    "color" : "#007695",
    "position" : {
      "x" : -15.356295,
      "y" : 21.004385,
      "z" : -5.648091
    },
    "orientation" : 2
  }, {
    "shape" : "f0ff119c-59ee-4100-a1fb-04fb871af74f",
    "color" : "#FFFFFF",
    "position" : {
      "x" : 16.150284,
      "y" : 6.4420795,
      "z" : 11.296182
    },
    "orientation" : 1
  }, {
    "shape" : "63b59016-1843-4d8a-9267-d72120d82d7a",
    "color" : "#FFFFFF",
    "position" : {
      "x" : 5.648091,
      "y" : -21.004385,
      "z" : 15.356295
    },
    "orientation" : 2
  }, {
    "shape" : "d9c07233-d284-4647-bd84-6dc3454fbbb6",
    "color" : "#007695",
    "position" : {
      "x" : 14.120227,
      "y" : 9.266125,
      "z" : 18.974329
    },
    "orientation" : 16
  }, {
    "shape" : "f658f8e4-d762-420e-b221-fa58356dce41",
    "color" : "#FFFFFF",
    "position" : {
      "x" : 2.8240454,
      "y" : -15.356295,
      "z" : 21.004385
    }
  }, {
    "shape" : "63b59016-1843-4d8a-9267-d72120d82d7a",
    "color" : "#FFFFFF",
    "position" : {
      "x" : 2.8240454,
      "y" : 2.8240454,
      "z" : 11.296182
    },
    "orientation" : 1
  }, {
    "shape" : "f0ff119c-59ee-4100-a1fb-04fb871af74f",
    "color" : "#FFFFFF",
    "position" : {
      "x" : -0.79398865,
      "y" : -23.82843,
      "z" : 7.6781473
    },
    "orientation" : 2
  }, {
    "shape" : "d9c07233-d284-4647-bd84-6dc3454fbbb6",
    "color" : "#007695",
    "position" : {
      "x" : 23.82843,
      "y" : 0.79398865,
      "z" : 0.79398865
    },
    "orientation" : 47
  }, {
    "shape" : "63b59016-1843-4d8a-9267-d72120d82d7a",
    "color" : "#FFFFFF",
    "position" : {
      "x" : 10.5021925,
      "y" : 18.974329,
      "z" : -12.532249
    },
    "orientation" : 0
  }, {
    "shape" : "f658f8e4-d762-420e-b221-fa58356dce41",
    "color" : "#FFFFFF",
    "position" : {
      "x" : 18.974329,
      "y" : 14.120227,
      "z" : 0.79398865
    }
  }, {
    "shape" : "f658f8e4-d762-420e-b221-fa58356dce41",
    "color" : "#FFFFFF",
    "position" : {
      "x" : 14.120227,
      "y" : 9.266125,
      "z" : 18.974329
    }
  }, {
    "shape" : "d9c07233-d284-4647-bd84-6dc3454fbbb6",
    "color" : "#007695",
    "position" : {
      "x" : -3.618034,
      "y" : -21.798374,
      "z" : -8.472136
    },
    "orientation" : 0
  }, {
    "shape" : "63b59016-1843-4d8a-9267-d72120d82d7a",
    "color" : "#FFFFFF",
    "position" : {
      "x" : 15.356295,
      "y" : -2.8240454,
      "z" : -21.004385
    },
    "orientation" : 0
  }, {
    "shape" : "d9c07233-d284-4647-bd84-6dc3454fbbb6",
    "color" : "#007695",
    "position" : {
      "x" : -16.944271,
      "y" : -16.944271,
      "z" : -16.944271
    },
    "orientation" : 0
  }, {
    "shape" : "eaab5229-1bec-48e0-91a6-8ce3da198cd3",
    "color" : "#FFFFFF",
    "position" : {
      "x" : 0.0,
      "y" : 0.0,
      "z" : 0.0
    }
  }, {
    "shape" : "d9c07233-d284-4647-bd84-6dc3454fbbb6",
    "color" : "#007695",
    "position" : {
      "x" : -7.6781473,
      "y" : 23.82843,
      "z" : -7.6781473
    },
    "orientation" : 2
  }, {
    "shape" : "f0ff119c-59ee-4100-a1fb-04fb871af74f",
    "color" : "#FFFFFF",
    "position" : {
      "x" : -18.974329,
      "y" : -0.79398865,
      "z" : -14.120227
    },
    "orientation" : 1
  }, {
    "shape" : "f658f8e4-d762-420e-b221-fa58356dce41",
    "color" : "#FFFFFF",
    "position" : {
      "x" : 18.974329,
      "y" : 0.79398865,
      "z" : 14.120227
    }
  }, {
    "shape" : "4eac8cf4-dac2-46fb-ba54-321f6988b55b",
    "color" : "#FFFFFF",
    "position" : {
      "x" : 0.79398865,
      "y" : -7.6781473,
      "z" : 23.82843
    },
    "orientation" : 1
  }, {
    "shape" : "f658f8e4-d762-420e-b221-fa58356dce41",
    "color" : "#FFFFFF",
    "position" : {
      "x" : 14.120227,
      "y" : 18.974329,
      "z" : 0.79398865
    }
  }, {
    "shape" : "2b974ec4-bb68-4362-a32f-364b7aeed0f5",
    "color" : "#FFFFFF",
    "position" : {
      "x" : 0.0,
      "y" : 0.0,
      "z" : 0.0
    }
  }, {
    "shape" : "f658f8e4-d762-420e-b221-fa58356dce41",
    "color" : "#FFFFFF",
    "position" : {
      "x" : -12.532249,
      "y" : 10.5021925,
      "z" : 18.974329
    }
  }, {
    "shape" : "d9c07233-d284-4647-bd84-6dc3454fbbb6",
    "color" : "#007695",
    "position" : {
      "x" : 21.798374,
      "y" : -4.854102,
      "z" : 8.472136
    },
    "orientation" : 1
  }, {
    "shape" : "f658f8e4-d762-420e-b221-fa58356dce41",
    "color" : "#FFFFFF",
    "position" : {
      "x" : -0.79398865,
      "y" : -5.648091,
      "z" : -10.5021925
    }
  }, {
    "shape" : "f0ff119c-59ee-4100-a1fb-04fb871af74f",
    "color" : "#FFFFFF",
    "position" : {
      "x" : 6.4420795,
      "y" : 11.296182,
      "z" : 16.150284
    },
    "orientation" : 1
  }, {
    "shape" : "f658f8e4-d762-420e-b221-fa58356dce41",
    "color" : "#FFFFFF",
    "position" : {
      "x" : 13.326238,
      "y" : 13.326238,
      "z" : -18.18034
    }
  }, {
    "shape" : "f658f8e4-d762-420e-b221-fa58356dce41",
    "color" : "#FFFFFF",
    "position" : {
      "x" : 11.296182,
      "y" : 19.768318,
      "z" : 11.296182
    }
  }, {
    "shape" : "63b59016-1843-4d8a-9267-d72120d82d7a",
    "color" : "#FFFFFF",
    "position" : {
      "x" : -18.974329,
      "y" : -0.79398865,
      "z" : -14.120227
    },
    "orientation" : 2
  }, {
    "shape" : "f658f8e4-d762-420e-b221-fa58356dce41",
    "color" : "#FFFFFF",
    "position" : {
      "x" : -16.150284,
      "y" : -16.150284,
      "z" : 6.8841586
    }
  }, {
    "shape" : "f0ff119c-59ee-4100-a1fb-04fb871af74f",
    "color" : "#FFFFFF",
    "position" : {
      "x" : -8.472136,
      "y" : -21.798374,
      "z" : 4.854102
    },
    "orientation" : 2
  }, {
    "shape" : "0f702570-ab41-4ab3-b8ab-576ba07f6b5a",
    "color" : "#FFFFFF",
    "position" : {
      "x" : 0.0,
      "y" : 0.0,
      "z" : 0.0
    }
  }, {
    "shape" : "f0ff119c-59ee-4100-a1fb-04fb871af74f",
    "color" : "#FFFFFF",
    "position" : {
      "x" : -16.944271,
      "y" : -16.944271,
      "z" : -8.472136
    },
    "orientation" : 2
  }, {
    "shape" : "f658f8e4-d762-420e-b221-fa58356dce41",
    "color" : "#FFFFFF",
    "position" : {
      "x" : -23.82843,
      "y" : 7.6781473,
      "z" : -0.79398865
    }
  }, {
    "shape" : "f658f8e4-d762-420e-b221-fa58356dce41",
    "color" : "#FFFFFF",
    "position" : {
      "x" : -18.974329,
      "y" : 12.532249,
      "z" : -10.5021925
    }
  }, {
    "shape" : "f658f8e4-d762-420e-b221-fa58356dce41",
    "color" : "#FFFFFF",
    "position" : {
      "x" : 5.648091,
      "y" : -2.8240454,
      "z" : 5.648091
    }
  }, {
    "shape" : "4eac8cf4-dac2-46fb-ba54-321f6988b55b",
    "color" : "#FFFFFF",
    "position" : {
      "x" : -8.472136,
      "y" : -8.472136,
      "z" : -8.472136
    },
    "orientation" : 2
  }, {
    "shape" : "f658f8e4-d762-420e-b221-fa58356dce41",
    "color" : "#FFFFFF",
    "position" : {
      "x" : 21.004385,
      "y" : -15.356295,
      "z" : 2.8240454
    }
  }, {
    "shape" : "f658f8e4-d762-420e-b221-fa58356dce41",
    "color" : "#FFFFFF",
    "position" : {
      "x" : -18.974329,
      "y" : -14.120227,
      "z" : -9.266125
    }
  }, {
    "shape" : "d9c07233-d284-4647-bd84-6dc3454fbbb6",
    "color" : "#007695",
    "position" : {
      "x" : 0.79398865,
      "y" : 0.79398865,
      "z" : 23.82843
    },
    "orientation" : 16
  }, {
    "shape" : "780d8172-dafa-495a-b68a-2521011877c8",
    "color" : "#FFFFFF",
    "position" : {
      "x" : 0.0,
      "y" : 0.0,
      "z" : 0.0
    }
  }, {
    "shape" : "f0ff119c-59ee-4100-a1fb-04fb871af74f",
    "color" : "#FFFFFF",
    "position" : {
      "x" : 23.82843,
      "y" : -7.6781473,
      "z" : 0.79398865
    },
    "orientation" : 2
  }, {
    "shape" : "f658f8e4-d762-420e-b221-fa58356dce41",
    "color" : "#FFFFFF",
    "position" : {
      "x" : 10.5021925,
      "y" : 18.974329,
      "z" : -12.532249
    }
  }, {
    "shape" : "f658f8e4-d762-420e-b221-fa58356dce41",
    "color" : "#FFFFFF",
    "position" : {
      "x" : 8.472136,
      "y" : 8.472136,
      "z" : 8.472136
    }
  }, {
    "shape" : "63b59016-1843-4d8a-9267-d72120d82d7a",
    "color" : "#FFFFFF",
    "position" : {
      "x" : 15.356295,
      "y" : 5.648091,
      "z" : -21.004385
    },
    "orientation" : 0
  }, {
    "shape" : "d9c07233-d284-4647-bd84-6dc3454fbbb6",
    "color" : "#007695",
    "position" : {
      "x" : -21.798374,
      "y" : 4.854102,
      "z" : -8.472136
    },
    "orientation" : 16
  }, {
    "shape" : "d9c07233-d284-4647-bd84-6dc3454fbbb6",
    "color" : "#007695",
    "position" : {
      "x" : -16.944271,
      "y" : -8.472136,
      "z" : -8.472136
    },
    "orientation" : 16
  }, {
    "shape" : "63b59016-1843-4d8a-9267-d72120d82d7a",
    "color" : "#FFFFFF",
    "position" : {
      "x" : 8.472136,
      "y" : -4.854102,
      "z" : 21.798374
    },
    "orientation" : 1
  }, {
    "shape" : "c75e782a-6be8-4b5f-8dd9-5b77b15233df",
    "color" : "#FFFFFF",
    "position" : {
      "x" : 0.0,
      "y" : 0.0,
      "z" : 0.0
    }
  }, {
