{
  "field" : "golden",
  "symmetry" : "icosahedral",
  "orientations" : [ [ 1.0, 0.0, 0.0, 0.0, 0.0, 1.0, 0.0, 0.0, 0.0, 0.0, 1.0, 0.0, 0.0, 0.0, 0.0, 1.0 ], [ 0.0, 0.0, 1.0, 0.0, 1.0, 0.0, 0.0, 0.0, 0.0, 1.0, 0.0, 0.0, 0.0, 0.0, 0.0, 1.0 ], [ 0.0, 1.0, 0.0, 0.0, 0.0, 0.0, 1.0, 0.0, 1.0, 0.0, 0.0, 0.0, 0.0, 0.0, 0.0, 1.0 ], [ 0.809017, 0.309017, 0.5, 0.0, 0.309017, 0.5, -0.809017, 0.0, -0.5, 0.809017, 0.309017, 0.0, 0.0, 0.0, 0.0, 1.0 ], [ -0.5, 0.809017, 0.309017, 0.0, 0.809017, 0.309017, 0.5, 0.0, 0.309017, 0.5, -0.809017, 0.0, 0.0, 0.0, 0.0, 1.0 ], [ 0.309017, 0.5, -0.809017, 0.0, -0.5, 0.809017, 0.309017, 0.0, 0.809017, 0.309017, 0.5, 0.0, 0.0, 0.0, 0.0, 1.0 ], [ 0.5, 0.809017, 0.309017, 0.0, 0.809017, -0.309017, -0.5, 0.0, -0.309017, 0.5, -0.809017, 0.0, 0.0, 0.0, 0.0, 1.0 ], [ -0.309017, 0.5, -0.809017, 0.0, 0.5, 0.809017, 0.309017, 0.0, 0.809017, -0.309017, -0.5, 0.0, 0.0, 0.0, 0.0, 1.0 ], [ 0.809017, -0.309017, -0.5, 0.0, -0.309017, 0.5, -0.809017, 0.0, 0.5, 0.809017, 0.309017, 0.0, 0.0, 0.0, 0.0, 1.0 ], [ 0.5, 0.809017, -0.309017, 0.0, 0.809017, -0.309017, 0.5, 0.0, 0.309017, -0.5, -0.809017, 0.0, 0.0, 0.0, 0.0, 1.0 ], [ 0.309017, -0.5, -0.809017, 0.0, 0.5, 0.809017, -0.309017, 0.0, 0.809017, -0.309017, 0.5, 0.0, 0.0, 0.0, 0.0, 1.0 ], [ 0.809017, -0.309017, 0.5, 0.0, 0.309017, -0.5, -0.809017, 0.0, 0.5, 0.809017, -0.309017, 0.0, 0.0, 0.0, 0.0, 1.0 ], [ 0.809017, 0.309017, -0.5, 0.0, 0.309017, 0.5, 0.809017, 0.0, 0.5, -0.809017, 0.309017, 0.0, 0.0, 0.0, 0.0, 1.0 ], [ 0.5, -0.809017, 0.309017, 0.0, 0.809017, 0.309017, -0.5, 0.0, 0.309017, 0.5, 0.809017, 0.0, 0.0, 0.0, 0.0, 1.0 ], [ 0.309017, 0.5, 0.809017, 0.0, 0.5, -0.809017, 0.309017, 0.0, 0.809017, 0.309017, -0.5, 0.0, 0.0, 0.0, 0.0, 1.0 ], [ 1.0, 0.0, 0.0, 0.0, 0.0, -1.0, 0.0, 0.0, 0.0, 0.0, -1.0, 0.0, 0.0, 0.0, 0.0, 1.0 ], [ 0.0, 0.0, 1.0, 0.0, -1.0, 0.0, 0.0, 0.0, 0.0, -1.0, 0.0, 0.0, 0.0, 0.0, 0.0, 1.0 ], [ 0.0, 1.0, 0.0, 0.0, 0.0, 0.0, -1.0, 0.0, -1.0, 0.0, 0.0, 0.0, 0.0, 0.0, 0.0, 1.0 ], [ 0.809017, 0.309017, 0.5, 0.0, -0.309017, -0.5, 0.809017, 0.0, 0.5, -0.809017, -0.309017, 0.0, 0.0, 0.0, 0.0, 1.0 ], [ -0.5, 0.809017, 0.309017, 0.0, -0.809017, -0.309017, -0.5, 0.0, -0.309017, -0.5, 0.809017, 0.0, 0.0, 0.0, 0.0, 1.0 ], [ 0.309017, 0.5, -0.809017, 0.0, 0.5, -0.809017, -0.309017, 0.0, -0.809017, -0.309017, -0.5, 0.0, 0.0, 0.0, 0.0, 1.0 ], [ 0.5, 0.809017, 0.309017, 0.0, -0.809017, 0.309017, 0.5, 0.0, 0.309017, -0.5, 0.809017, 0.0, 0.0, 0.0, 0.0, 1.0 ], [ -0.309017, 0.5, -0.809017, 0.0, -0.5, -0.809017, -0.309017, 0.0, -0.809017, 0.309017, 0.5, 0.0, 0.0, 0.0, 0.0, 1.0 ], [ 0.809017, -0.309017, -0.5, 0.0, 0.309017, -0.5, 0.809017, 0.0, -0.5, -0.809017, -0.309017, 0.0, 0.0, 0.0, 0.0, 1.0 ], [ 0.5, 0.809017, -0.309017, 0.0, -0.809017, 0.309017, -0.5, 0.0, -0.309017, 0.5, 0.809017, 0.0, 0.0, 0.0, 0.0, 1.0 ], [ 0.309017, -0.5, -0.809017, 0.0, -0.5, -0.809017, 0.309017, 0.0, -0.809017, 0.309017, -0.5, 0.0, 0.0, 0.0, 0.0, 1.0 ], [ 0.809017, -0.309017, 0.5, 0.0, -0.309017, 0.5, 0.809017, 0.0, -0.5, -0.809017, 0.309017, 0.0, 0.0, 0.0, 0.0, 1.0 ], [ 0.809017, 0.309017, -0.5, 0.0, -0.309017, -0.5, -0.809017, 0.0, -0.5, 0.809017, -0.309017, 0.0, 0.0, 0.0, 0.0, 1.0 ], [ 0.5, -0.809017, 0.309017, 0.0, -0.809017, -0.309017, 0.5, 0.0, -0.309017, -0.5, -0.809017, 0.0, 0.0, 0.0, 0.0, 1.0 ], [ 0.309017, 0.5, 0.809017, 0.0, -0.5, 0.809017, -0.309017, 0.0, -0.809017, -0.309017, 0.5, 0.0, 0.0, 0.0, 0.0, 1.0 ], [ -1.0, 0.0, 0.0, 0.0, 0.0, -1.0, 0.0, 0.0, 0.0, 0.0, 1.0, 0.0, 0.0, 0.0, 0.0, 1.0 ], [ 0.0, 0.0, -1.0, 0.0, -1.0, 0.0, 0.0, 0.0, 0.0, 1.0, 0.0, 0.0, 0.0, 0.0, 0.0, 1.0 ], [ 0.0, -1.0, 0.0, 0.0, 0.0, 0.0, -1.0, 0.0, 1.0, 0.0, 0.0, 0.0, 0.0, 0.0, 0.0, 1.0 ], [ -0.809017, -0.309017, -0.5, 0.0, -0.309017, -0.5, 0.809017, 0.0, -0.5, 0.809017, 0.309017, 0.0, 0.0, 0.0, 0.0, 1.0 ], [ 0.5, -0.809017, -0.309017, 0.0, -0.809017, -0.309017, -0.5, 0.0, 0.309017, 0.5, -0.809017, 0.0, 0.0, 0.0, 0.0, 1.0 ], [ -0.309017, -0.5, 0.809017, 0.0, 0.5, -0.809017, -0.309017, 0.0, 0.809017, 0.309017, 0.5, 0.0, 0.0, 0.0, 0.0, 1.0 ], [ -0.5, -0.809017, -0.309017, 0.0, -0.809017, 0.309017, 0.5, 0.0, -0.309017, 0.5, -0.809017, 0.0, 0.0, 0.0, 0.0, 1.0 ], [ 0.309017, -0.5, 0.809017, 0.0, -0.5, -0.809017, -0.309017, 0.0, 0.809017, -0.309017, -0.5, 0.0, 0.0, 0.0, 0.0, 1.0 ], [ -0.809017, 0.309017, 0.5, 0.0, 0.309017, -0.5, 0.809017, 0.0, 0.5, 0.809017, 0.309017, 0.0, 0.0, 0.0, 0.0, 1.0 ], [ -0.5, -0.809017, 0.309017, 0.0, -0.809017, 0.309017, -0.5, 0.0, 0.309017, -0.5, -0.809017, 0.0, 0.0, 0.0, 0.0, 1.0 ], [ -0.309017, 0.5, 0.809017, 0.0, -0.5, -0.809017, 0.309017, 0.0, 0.809017, -0.309017, 0.5, 0.0, 0.0, 0.0, 0.0, 1.0 ], [ -0.809017, 0.309017, -0.5, 0.0, -0.309017, 0.5, 0.809017, 0.0, 0.5, 0.809017, -0.309017, 0.0, 0.0, 0.0, 0.0, 1.0 ], [ -0.809017, -0.309017, 0.5, 0.0, -0.309017, -0.5, -0.809017, 0.0, 0.5, -0.809017, 0.309017, 0.0, 0.0, 0.0, 0.0, 1.0 ], [ -0.5, 0.809017, -0.309017, 0.0, -0.809017, -0.309017, 0.5, 0.0, 0.309017, 0.5, 0.809017, 0.0, 0.0, 0.0, 0.0, 1.0 ], [ -0.309017, -0.5, -0.809017, 0.0, -0.5, 0.809017, -0.309017, 0.0, 0.809017, 0.309017, -0.5, 0.0, 0.0, 0.0, 0.0, 1.0 ], [ -1.0, 0.0, 0.0, 0.0, 0.0, 1.0, 0.0, 0.0, 0.0, 0.0, -1.0, 0.0, 0.0, 0.0, 0.0, 1.0 ], [ 0.0, 0.0, -1.0, 0.0, 1.0, 0.0, 0.0, 0.0, 0.0, -1.0, 0.0, 0.0, 0.0, 0.0, 0.0, 1.0 ], [ 0.0, -1.0, 0.0, 0.0, 0.0, 0.0, 1.0, 0.0, -1.0, 0.0, 0.0, 0.0, 0.0, 0.0, 0.0, 1.0 ], [ -0.809017, -0.309017, -0.5, 0.0, 0.309017, 0.5, -0.809017, 0.0, 0.5, -0.809017, -0.309017, 0.0, 0.0, 0.0, 0.0, 1.0 ], [ 0.5, -0.809017, -0.309017, 0.0, 0.809017, 0.309017, 0.5, 0.0, -0.309017, -0.5, 0.809017, 0.0, 0.0, 0.0, 0.0, 1.0 ], [ -0.309017, -0.5, 0.809017, 0.0, -0.5, 0.809017, 0.309017, 0.0, -0.809017, -0.309017, -0.5, 0.0, 0.0, 0.0, 0.0, 1.0 ], [ -0.5, -0.809017, -0.309017, 0.0, 0.809017, -0.309017, -0.5, 0.0, 0.309017, -0.5, 0.809017, 0.0, 0.0, 0.0, 0.0, 1.0 ], [ 0.309017, -0.5, 0.809017, 0.0, 0.5, 0.809017, 0.309017, 0.0, -0.809017, 0.309017, 0.5, 0.0, 0.0, 0.0, 0.0, 1.0 ], [ -0.809017, 0.309017, 0.5, 0.0, -0.309017, 0.5, -0.809017, 0.0, -0.5, -0.809017, -0.309017, 0.0, 0.0, 0.0, 0.0, 1.0 ], [ -0.5, -0.809017, 0.309017, 0.0, 0.809017, -0.309017, 0.5, 0.0, -0.309017, 0.5, 0.809017, 0.0, 0.0, 0.0, 0.0, 1.0 ], [ -0.309017, 0.5, 0.809017, 0.0, 0.5, 0.809017, -0.309017, 0.0, -0.809017, 0.309017, -0.5, 0.0, 0.0, 0.0, 0.0, 1.0 ], [ -0.809017, 0.309017, -0.5, 0.0, 0.309017, -0.5, -0.809017, 0.0, -0.5, -0.809017, 0.309017, 0.0, 0.0, 0.0, 0.0, 1.0 ], [ -0.809017, -0.309017, 0.5, 0.0, 0.309017, 0.5, 0.809017, 0.0, -0.5, 0.809017, -0.309017, 0.0, 0.0, 0.0, 0.0, 1.0 ], [ -0.5, 0.809017, -0.309017, 0.0, 0.809017, 0.309017, -0.5, 0.0, -0.309017, -0.5, -0.809017, 0.0, 0.0, 0.0, 0.0, 1.0 ], [ -0.309017, -0.5, -0.809017, 0.0, 0.5, -0.809017, 0.309017, 0.0, -0.809017, -0.309017, 0.5, 0.0, 0.0, 0.0, 0.0, 1.0 ] ],
  "lights" : {
    "ambientColor" : "#292929",
    "backgroundColor" : "#EFEFEF",
    "directionalLights" : [ {
      "direction" : {
        "x" : 1.0,
        "y" : -1.0,
        "z" : -1.0
      },
      "color" : "#EBEBE4"
    }, {
      "direction" : {
        "x" : -1.0,
        "y" : 0.0,
        "z" : 0.0
      },
      "color" : "#E4E4EB"
    }, {
      "direction" : {
        "x" : 0.0,
        "y" : 0.0,
        "z" : -1.0
      },
      "color" : "#1E1E1E"
    } ]
  },
  "camera" : {
    "perspective" : true,
    "lookDirection" : {
      "x" : 0.809017,
      "y" : -0.309017,
      "z" : -0.5
    },
    "upDirection" : {
      "x" : 0.49999997,
      "y" : 0.809017,
      "z" : 0.30901697
    },
    "lookAtPoint" : {
      "x" : 0.0,
      "y" : 0.0,
      "z" : 0.0
    },
    "viewDistance" : 477.65057,
    "nearClipDistance" : 1.194128,
    "farClipDistance" : 955.2994,
    "fieldOfView" : 0.44262886,
    "stereo" : false,
    "width" : 214.94275,
    "position" : {
      "x" : -386.42743,
      "y" : 147.60214,
      "z" : 238.82529
    }
  },
  "embedding" : [ 1.0, 0.0, 0.0, 0.0, 0.0, 1.0, 0.0, 0.0, 0.0, 0.0, 1.0, 0.0, 0.0, 0.0, 0.0, 1.0 ],
  "shapes" : [ {
    "id" : "69ddf519-466e-4d96-b56c-32ea9e750e26",
    "vertices" : [ {
      "x" : 0.309017,
      "y" : -0.309017,
      "z" : -0.309017
    }, {
      "x" : 0.5,
      "y" : 0.0,
      "z" : -0.19098301
    }, {
      "x" : 0.5,
      "y" : 0.0,
      "z" : 0.19098301
    }, {
      "x" : 0.309017,
      "y" : -0.309017,
      "z" : 0.309017
    }, {
      "x" : 0.19098301,
      "y" : -0.5,
      "z" : 0.0
    }, {
      "x" : 0.0,
      "y" : 0.19098301,
      "z" : 0.5
    }, {
      "x" : 0.0,
      "y" : -0.19098301,
      "z" : 0.5
    }, {
      "x" : 0.309017,
      "y" : 0.309017,
      "z" : 0.309017
    }, {
      "x" : -0.309017,
      "y" : -0.309017,
      "z" : 0.309017
    }, {
      "x" : -0.309017,
      "y" : 0.309017,
      "z" : 0.309017
    }, {
      "x" : -0.5,
      "y" : 0.0,
      "z" : 0.19098301
    }, {
      "x" : 0.0,
      "y" : -0.19098301,
      "z" : -0.5
    }, {
      "x" : 0.0,
      "y" : 0.19098301,
      "z" : -0.5
    }, {
      "x" : 0.309017,
      "y" : 0.309017,
      "z" : -0.309017
    }, {
      "x" : -0.309017,
      "y" : -0.309017,
      "z" : -0.309017
    }, {
      "x" : -0.19098301,
      "y" : -0.5,
      "z" : 0.0
    }, {
      "x" : -0.5,
      "y" : 0.0,
      "z" : -0.19098301
    }, {
      "x" : 0.19098301,
      "y" : 0.5,
      "z" : 0.0
    }, {
      "x" : -0.309017,
      "y" : 0.309017,
      "z" : -0.309017
    }, {
      "x" : 0.0,
      "y" : 0.0,
      "z" : 0.0
    }, {
      "x" : -0.19098301,
      "y" : 0.5,
      "z" : 0.0
    } ],
    "faces" : [ {
      "vertices" : [ 12, 18, 20 ]
    }, {
      "vertices" : [ 12, 20, 17 ]
    }, {
      "vertices" : [ 12, 17, 13 ]
    }, {
      "vertices" : [ 3, 6, 8 ]
    }, {
      "vertices" : [ 3, 8, 15 ]
    }, {
      "vertices" : [ 3, 15, 4 ]
    }, {
      "vertices" : [ 0, 11, 12 ]
    }, {
      "vertices" : [ 0, 12, 13 ]
    }, {
      "vertices" : [ 0, 13, 1 ]
    }, {
      "vertices" : [ 5, 9, 10 ]
    }, {
      "vertices" : [ 5, 10, 8 ]
    }, {
      "vertices" : [ 5, 8, 6 ]
    }, {
      "vertices" : [ 2, 7, 5 ]
    }, {
      "vertices" : [ 2, 5, 6 ]
    }, {
      "vertices" : [ 2, 6, 3 ]
    }, {
      "vertices" : [ 11, 14, 16 ]
    }, {
      "vertices" : [ 11, 16, 18 ]
    }, {
      "vertices" : [ 11, 18, 12 ]
    }, {
      "vertices" : [ 1, 13, 17 ]
    }, {
      "vertices" : [ 1, 17, 7 ]
    }, {
      "vertices" : [ 1, 7, 2 ]
    }, {
      "vertices" : [ 9, 20, 18 ]
    }, {
      "vertices" : [ 9, 18, 16 ]
    }, {
      "vertices" : [ 9, 16, 10 ]
    }, {
      "vertices" : [ 0, 1, 2 ]
    }, {
      "vertices" : [ 0, 2, 3 ]
    }, {
      "vertices" : [ 0, 3, 4 ]
    }, {
      "vertices" : [ 5, 7, 17 ]
    }, {
      "vertices" : [ 5, 17, 20 ]
    }, {
      "vertices" : [ 5, 20, 9 ]
    }, {
      "vertices" : [ 0, 4, 15 ]
    }, {
      "vertices" : [ 0, 15, 14 ]
    }, {
      "vertices" : [ 0, 14, 11 ]
    }, {
      "vertices" : [ 8, 10, 16 ]
    }, {
      "vertices" : [ 8, 16, 14 ]
    }, {
      "vertices" : [ 8, 14, 15 ]
    } ]
  }, {
    "id" : "cc89271c-f004-4a21-a4c0-24af62d82a2c",
    "vertices" : [ {
      "x" : -17.944271,
      "y" : 0.0,
      "z" : -29.034441
    }, {
      "x" : -29.034441,
      "y" : -29.034441,
      "z" : -29.034441
    }, {
      "x" : 0.0,
      "y" : -29.034441,
      "z" : -17.944271
    } ],
    "faces" : [ {
      "vertices" : [ 0, 1, 2 ]
    }, {
      "vertices" : [ 0, 2, 1 ]
    } ]
  }, {
    "id" : "03811add-4609-4058-a261-da05f0c25f77",
    "vertices" : [ {
      "x" : 7.8339396,
      "y" : 17.09017,
      "z" : -7.3339396
    }, {
      "x" : 0.14589803,
      "y" : 0.32623792,
      "z" : -0.14589803
    }, {
      "x" : 0.690983,
      "y" : 0.66311896,
      "z" : -0.38196602
    }, {
      "x" : 0.572949,
      "y" : 0.85410196,
      "z" : -0.072949015
    }, {
      "x" : 7.8790245,
      "y" : 17.618034,
      "z" : -7.8790245
    }, {
      "x" : 7.9519734,
      "y" : 16.899187,
      "z" : -7.6429563
    }, {
      "x" : 7.429431,
      "y" : 17.053696,
      "z" : -7.938041
    }, {
      "x" : 7.311397,
      "y" : 17.244678,
      "z" : -7.6290245
    }, {
      "x" : 0.16844052,
      "y" : 0.81762743,
      "z" : -0.677051
    }, {
      "x" : 0.05040653,
      "y" : 1.0086105,
      "z" : -0.36803398
    }, {
      "x" : 8.024922,
      "y" : 17.944271,
      "z" : -8.024922
    } ],
    "faces" : [ {
      "vertices" : [ 4, 6, 7 ]
    }, {
      "vertices" : [ 1, 9, 8 ]
    }, {
      "vertices" : [ 0, 7, 9 ]
    }, {
      "vertices" : [ 0, 9, 3 ]
    }, {
      "vertices" : [ 2, 8, 6 ]
    }, {
      "vertices" : [ 2, 6, 5 ]
    }, {
      "vertices" : [ 1, 2, 3 ]
    }, {
      "vertices" : [ 0, 5, 4 ]
    }, {
      "vertices" : [ 0, 3, 2 ]
    }, {
      "vertices" : [ 0, 2, 5 ]
    }, {
      "vertices" : [ 0, 4, 7 ]
    }, {
      "vertices" : [ 1, 8, 2 ]
    }, {
      "vertices" : [ 1, 3, 9 ]
    }, {
      "vertices" : [ 6, 8, 9 ]
    }, {
      "vertices" : [ 6, 9, 7 ]
    }, {
      "vertices" : [ 4, 5, 6 ]
    } ]
  }, {
    "id" : "a2228d9e-36c5-4636-8042-278f486789eb",
    "vertices" : [ {
      "x" : 29.034441,
      "y" : 0.0,
      "z" : -11.09017
    }, {
      "x" : 28.725426,
      "y" : 0.0,
      "z" : -10.972136
    }, {
      "x" : 28.320917,
      "y" : -0.1545085,
      "z" : -10.531153
    }, {
      "x" : 28.129932,
      "y" : -0.1545085,
      "z" : -11.031153
    }, {
      "x" : 0.9045085,
      "y" : -0.1545085,
      "z" : -0.059016995
    }, {
      "x" : 0.809017,
      "y" : 0.309017,
      "z" : -0.309017
    }, {
      "x" : 0.309017,
      "y" : 0.0,
      "z" : -0.11803399
    }, {
      "x" : 28.225426,
      "y" : 0.309017,
      "z" : -10.781153
    }, {
      "x" : 0.7135255,
      "y" : -0.1545085,
      "z" : -0.559017
    } ],
    "faces" : [ {
      "vertices" : [ 2, 4, 8 ]
    }, {
      "vertices" : [ 2, 8, 3 ]
    }, {
      "vertices" : [ 2, 7, 5 ]
    }, {
      "vertices" : [ 2, 5, 4 ]
    }, {
      "vertices" : [ 4, 6, 8 ]
    }, {
      "vertices" : [ 5, 8, 6 ]
    }, {
      "vertices" : [ 1, 2, 3 ]
    }, {
      "vertices" : [ 3, 8, 5 ]
    }, {
      "vertices" : [ 3, 5, 7 ]
    }, {
      "vertices" : [ 1, 7, 2 ]
    }, {
      "vertices" : [ 1, 3, 7 ]
    }, {
      "vertices" : [ 4, 5, 6 ]
    } ]
  }, {
    "id" : "f96a30cd-fce2-4991-977c-1b4a55b37176",
    "vertices" : [ {
      "x" : 6.854102,
      "y" : 0.0,
      "z" : -2.618034
    }, {
      "x" : 6.545085,
      "y" : 0.0,
      "z" : -2.5
    }, {
      "x" : 6.1405764,
      "y" : -0.1545085,
      "z" : -2.059017
    }, {
      "x" : 5.9495935,
      "y" : -0.1545085,
      "z" : -2.559017
    }, {
      "x" : 0.9045085,
      "y" : -0.1545085,
      "z" : -0.059016995
    }, {
      "x" : 0.809017,
      "y" : 0.309017,
      "z" : -0.309017
    }, {
      "x" : 0.309017,
      "y" : 0.0,
      "z" : -0.11803399
    }, {
      "x" : 6.045085,
      "y" : 0.309017,
      "z" : -2.309017
    }, {
      "x" : 0.7135255,
      "y" : -0.1545085,
      "z" : -0.559017
    } ],
    "faces" : [ {
      "vertices" : [ 2, 4, 8 ]
    }, {
      "vertices" : [ 2, 8, 3 ]
    }, {
      "vertices" : [ 2, 7, 5 ]
    }, {
      "vertices" : [ 2, 5, 4 ]
    }, {
      "vertices" : [ 4, 6, 8 ]
    }, {
      "vertices" : [ 5, 8, 6 ]
    }, {
      "vertices" : [ 1, 2, 3 ]
    }, {
      "vertices" : [ 3, 8, 5 ]
    }, {
      "vertices" : [ 3, 5, 7 ]
    }, {
      "vertices" : [ 1, 7, 2 ]
    }, {
      "vertices" : [ 1, 3, 7 ]
    }, {
      "vertices" : [ 4, 5, 6 ]
    } ]
  }, {
    "id" : "77a8d3d7-44bb-400a-9a08-e2fa11a36832",
    "vertices" : [ {
      "x" : 17.944271,
      "y" : 0.0,
      "z" : -29.034441
    }, {
      "x" : 29.034441,
      "y" : -29.034441,
      "z" : -29.034441
    }, {
      "x" : 29.034441,
      "y" : -17.944271,
      "z" : 0.0
    } ],
    "faces" : [ {
      "vertices" : [ 0, 1, 2 ]
    }, {
      "vertices" : [ 0, 2, 1 ]
    } ]
  }, {
    "id" : "06b2f4c2-afbf-4326-be67-fdc9cf5ac23f",
    "vertices" : [ {
      "x" : 56.65686,
      "y" : 0.0,
      "z" : -21.640995
    }, {
      "x" : 56.347843,
      "y" : 0.0,
      "z" : -21.52296
    }, {
      "x" : 55.943336,
      "y" : -0.1545085,
      "z" : -21.081978
    }, {
      "x" : 55.752354,
      "y" : -0.1545085,
      "z" : -21.581978
    }, {
      "x" : 0.9045085,
      "y" : -0.1545085,
      "z" : -0.059016995
    }, {
      "x" : 0.809017,
      "y" : 0.309017,
      "z" : -0.309017
    }, {
      "x" : 0.309017,
      "y" : 0.0,
      "z" : -0.11803399
    }, {
      "x" : 55.847843,
      "y" : 0.309017,
      "z" : -21.331978
    }, {
      "x" : 0.7135255,
      "y" : -0.1545085,
      "z" : -0.559017
    } ],
    "faces" : [ {
      "vertices" : [ 2, 4, 8 ]
    }, {
      "vertices" : [ 2, 8, 3 ]
    }, {
      "vertices" : [ 2, 7, 5 ]
    }, {
      "vertices" : [ 2, 5, 4 ]
    }, {
      "vertices" : [ 4, 6, 8 ]
    }, {
      "vertices" : [ 5, 8, 6 ]
    }, {
      "vertices" : [ 1, 2, 3 ]
    }, {
      "vertices" : [ 3, 8, 5 ]
    }, {
      "vertices" : [ 3, 5, 7 ]
    }, {
      "vertices" : [ 1, 7, 2 ]
    }, {
      "vertices" : [ 1, 3, 7 ]
    }, {
      "vertices" : [ 4, 5, 6 ]
    } ]
  }, {
    "id" : "bc835279-997d-4a1d-b3f1-dc465fc086c9",
    "vertices" : [ {
      "x" : 0.9045085,
      "y" : 0.3454915,
      "z" : 0.25
    }, {
      "x" : 44.37076,
      "y" : 27.209112,
      "z" : 0.25
    }, {
      "x" : 44.17978,
      "y" : 27.51813,
      "z" : 0.25
    }, {
      "x" : 0.7135255,
      "y" : 0.6545085,
      "z" : 0.25
    }, {
      "x" : 0.809017,
      "y" : 0.5,
      "z" : -0.309017
    }, {
      "x" : 0.9635255,
      "y" : 0.25,
      "z" : -0.095491506
    }, {
      "x" : 0.309017,
      "y" : 0.19098301,
      "z" : 0.0
    }, {
      "x" : 44.77527,
      "y" : 27.672638,
      "z" : 0.0
    }, {
      "x" : 44.12076,
      "y" : 27.61362,
      "z" : -0.095491506
    }, {
      "x" : 44.27527,
      "y" : 27.36362,
      "z" : -0.309017
    }, {
      "x" : 45.084286,
      "y" : 27.86362,
      "z" : 0.0
    }, {
      "x" : 0.6545085,
      "y" : 0.75,
      "z" : -0.095491506
    }, {
      "x" : 44.42978,
      "y" : 27.11362,
      "z" : -0.095491506
    } ],
    "faces" : [ {
      "vertices" : [ 4, 11, 8 ]
    }, {
      "vertices" : [ 4, 8, 9 ]
    }, {
      "vertices" : [ 0, 1, 2 ]
    }, {
      "vertices" : [ 0, 2, 3 ]
    }, {
      "vertices" : [ 0, 3, 6 ]
    }, {
      "vertices" : [ 1, 7, 2 ]
    }, {
      "vertices" : [ 0, 6, 5 ]
    }, {
      "vertices" : [ 4, 5, 6 ]
    }, {
      "vertices" : [ 2, 7, 8 ]
    }, {
      "vertices" : [ 0, 5, 12 ]
    }, {
      "vertices" : [ 0, 12, 1 ]
    }, {
      "vertices" : [ 1, 12, 7 ]
    }, {
      "vertices" : [ 3, 11, 6 ]
    }, {
      "vertices" : [ 4, 6, 11 ]
    }, {
      "vertices" : [ 7, 9, 8 ]
    }, {
      "vertices" : [ 2, 8, 11 ]
    }, {
      "vertices" : [ 2, 11, 3 ]
    }, {
      "vertices" : [ 7, 12, 9 ]
    }, {
      "vertices" : [ 4, 9, 12 ]
    }, {
      "vertices" : [ 4, 12, 5 ]
    } ]
  }, {
    "id" : "a7e1111c-5fe7-471a-9ff2-fd99263f9dfd",
    "vertices" : [ {
      "x" : 17.944271,
      "y" : -29.034441,
      "z" : 46.978714
    }, {
      "x" : 17.944271,
      "y" : 16.049845,
      "z" : 19.115093
    }, {
      "x" : -17.071594,
      "y" : 5.981424,
      "z" : 11.962848
    } ],
    "faces" : [ {
      "vertices" : [ 0, 1, 2 ]
    }, {
      "vertices" : [ 0, 2, 1 ]
    } ]
  }, {
    "id" : "1c38a474-48a0-4974-8350-b66f630c467c",
    "vertices" : [ {
      "x" : 17.944271,
      "y" : 0.0,
      "z" : -29.034441
    }, {
      "x" : 46.978714,
      "y" : 0.0,
      "z" : -17.944271
    }, {
      "x" : 29.034441,
      "y" : 17.944271,
      "z" : 0.0
    } ],
    "faces" : [ {
      "vertices" : [ 0, 1, 2 ]
    }, {
      "vertices" : [ 0, 2, 1 ]
    } ]
  }, {
    "id" : "50e2777e-582c-4223-b2cd-45cf8db07dfe",
    "vertices" : [ {
      "x" : -29.034441,
      "y" : 46.978714,
      "z" : -17.944271
    }, {
      "x" : 16.049845,
      "y" : 19.115093,
      "z" : -17.944271
    }, {
      "x" : -7.3934464,
      "y" : -9.678147,
      "z" : -17.944271
    } ],
    "faces" : [ {
      "vertices" : [ 0, 1, 2 ]
    }, {
      "vertices" : [ 0, 2, 1 ]
    } ]
  }, {
    "id" : "8be51431-6514-49bd-ad9a-b901af5becc9",
    "vertices" : [ {
      "x" : 0.0,
      "y" : -29.034441,
      "z" : -17.944271
    }, {
      "x" : 29.034441,
      "y" : -29.034441,
      "z" : -29.034441
    }, {
      "x" : 17.944271,
      "y" : 0.0,
      "z" : -29.034441
    } ],
    "faces" : [ {
      "vertices" : [ 0, 1, 2 ]
    }, {
      "vertices" : [ 0, 2, 1 ]
    } ]
  }, {
    "id" : "cfad4166-2945-4b5b-86a4-f6eb6dbd8017",
    "vertices" : [ {
      "x" : -29.034441,
      "y" : -17.944271,
      "z" : 0.0
    }, {
      "x" : -33.994118,
      "y" : -4.959675,
      "z" : 16.049845
    }, {
      "x" : -46.978714,
      "y" : -17.944271,
      "z" : 29.034441
    } ],
    "faces" : [ {
      "vertices" : [ 0, 1, 2 ]
    }, {
      "vertices" : [ 0, 2, 1 ]
    } ]
  }, {
    "id" : "47e71738-b7bc-41a9-b55e-9101a002043b",
    "vertices" : [ {
      "x" : 46.978714,
      "y" : 17.944271,
      "z" : 29.034441
    }, {
      "x" : 19.115093,
      "y" : 17.944271,
      "z" : -16.049845
    }, {
      "x" : -9.678147,
      "y" : 17.944271,
      "z" : 7.3934464
    } ],
    "faces" : [ {
      "vertices" : [ 0, 1, 2 ]
    }, {
      "vertices" : [ 0, 2, 1 ]
    } ]
  }, {
    "id" : "4611af0a-5f89-4754-a0b1-7105674178d4",
    "vertices" : [ {
      "x" : 0.0,
      "y" : 58.068882,
      "z" : 0.0
    }, {
      "x" : 0.0,
      "y" : 12.984597,
      "z" : 27.86362
    }, {
      "x" : 21.640995,
      "y" : 1.4120227,
      "z" : 0.0
    } ],
    "faces" : [ {
      "vertices" : [ 0, 1, 2 ]
    }, {
      "vertices" : [ 0, 2, 1 ]
    } ]
  }, {
    "id" : "b65163da-a4ed-4e24-902a-e01a656f4750",
    "vertices" : [ {
      "x" : 29.034441,
      "y" : 17.944271,
      "z" : 0.0
    }, {
      "x" : 17.944271,
      "y" : 46.978714,
      "z" : 0.0
    }, {
      "x" : 0.0,
      "y" : 29.034441,
      "z" : -17.944271
    } ],
    "faces" : [ {
      "vertices" : [ 0, 1, 2 ]
    }, {
      "vertices" : [ 0, 2, 1 ]
    } ]
  }, {
    "id" : "193886af-1995-43a3-abf4-18a0622efe63",
    "vertices" : [ {
      "x" : 0.0,
      "y" : -29.034441,
      "z" : 17.944271
    }, {
      "x" : -17.944271,
      "y" : -21.00952,
      "z" : 25.969194
    }, {
      "x" : -17.944271,
      "y" : -29.034441,
      "z" : 46.978714
    } ],
    "faces" : [ {
      "vertices" : [ 0, 1, 2 ]
    }, {
      "vertices" : [ 0, 2, 1 ]
    } ]
  }, {
    "id" : "74eded41-1f1d-45cc-81ec-556976ec74b5",
    "vertices" : [ {
      "x" : 0.0,
      "y" : 29.034441,
      "z" : -17.944271
    }, {
      "x" : 29.034441,
      "y" : 29.034441,
      "z" : -29.034441
    }, {
      "x" : 29.034441,
      "y" : 17.944271,
      "z" : 0.0
    } ],
    "faces" : [ {
      "vertices" : [ 0, 1, 2 ]
    }, {
      "vertices" : [ 0, 2, 1 ]
    } ]
  }, {
    "id" : "bae44324-ad43-42eb-a36f-9524948f3421",
    "vertices" : [ {
      "x" : 29.034441,
      "y" : -17.944271,
      "z" : 0.0
    }, {
      "x" : 37.059364,
      "y" : 0.0,
      "z" : 8.024922
    }, {
      "x" : 58.068882,
      "y" : 0.0,
      "z" : 0.0
    } ],
    "faces" : [ {
      "vertices" : [ 0, 1, 2 ]
    }, {
      "vertices" : [ 0, 2, 1 ]
    } ]
  }, {
    "id" : "b7d1742c-9de5-46e2-af43-1d1eaf0ae889",
    "vertices" : [ {
      "x" : -17.944271,
      "y" : 17.944271,
      "z" : -17.944271
    }, {
      "x" : -21.00952,
      "y" : 25.969194,
      "z" : -17.944271
    }, {
      "x" : -29.034441,
      "y" : 17.944271,
      "z" : 0.0
    } ],
    "faces" : [ {
      "vertices" : [ 0, 1, 2 ]
    }, {
      "vertices" : [ 0, 2, 1 ]
    } ]
  }, {
    "id" : "8c6daddb-f347-4d83-8977-c98d074feb9f",
    "vertices" : [ {
      "x" : 17.944271,
      "y" : 29.034441,
      "z" : 46.978714
    }, {
      "x" : 17.944271,
      "y" : -16.049845,
      "z" : 19.115093
    }, {
      "x" : 17.944271,
      "y" : 7.3934464,
      "z" : -9.678147
    } ],
    "faces" : [ {
      "vertices" : [ 0, 1, 2 ]
    }, {
      "vertices" : [ 0, 2, 1 ]
    } ]
  }, {
    "id" : "e61062f9-b092-42d9-aa86-9cd665b82e49",
    "vertices" : [ {
      "x" : 0.0,
      "y" : -58.068882,
      "z" : 0.0
    }, {
      "x" : 0.0,
      "y" : -12.984597,
      "z" : 27.86362
    }, {
      "x" : -21.640995,
      "y" : -1.4120227,
      "z" : 0.0
    } ],
    "faces" : [ {
      "vertices" : [ 0, 1, 2 ]
    }, {
      "vertices" : [ 0, 2, 1 ]
    } ]
  }, {
    "id" : "d484c63b-bdcc-48df-b51a-92c87d489167",
    "vertices" : [ {
      "x" : 29.034441,
      "y" : 17.944271,
      "z" : 0.0
    }, {
      "x" : 29.034441,
      "y" : 29.034441,
      "z" : 29.034441
    }, {
      "x" : 0.0,
      "y" : 29.034441,
      "z" : 17.944271
    } ],
    "faces" : [ {
      "vertices" : [ 0, 1, 2 ]
    }, {
      "vertices" : [ 0, 2, 1 ]
    } ]
  }, {
    "id" : "c9e75a69-94a0-48ba-aa7c-24f2b1442ea1",
    "vertices" : [ {
      "x" : -11.09017,
      "y" : 29.034441,
      "z" : 0.0
    }, {
      "x" : -8.024922,
      "y" : 37.059364,
      "z" : 0.0
    }, {
      "x" : 0.0,
      "y" : 29.034441,
      "z" : 17.944271
    } ],
    "faces" : [ {
      "vertices" : [ 0, 1, 2 ]
    }, {
      "vertices" : [ 0, 2, 1 ]
    } ]
  }, {
    "id" : "1d4bdbf5-1815-41a6-acfe-9055f690af2a",
    "vertices" : [ {
      "x" : 11.09017,
      "y" : -29.034441,
      "z" : 0.0
    }, {
      "x" : 16.049845,
      "y" : -33.994118,
      "z" : -4.959675
    }, {
      "x" : 0.0,
      "y" : -29.034441,
      "z" : -17.944271
    } ],
    "faces" : [ {
      "vertices" : [ 0, 1, 2 ]
    }, {
      "vertices" : [ 0, 2, 1 ]
    } ]
  }, {
    "id" : "cb9aa37f-065d-4ab6-b934-d8f680aa6cec",
    "vertices" : [ {
      "x" : -17.944271,
      "y" : 0.0,
      "z" : 29.034441
    }, {
      "x" : -29.034441,
      "y" : -29.034441,
      "z" : 29.034441
    }, {
      "x" : -29.034441,
      "y" : -17.944271,
      "z" : 0.0
    } ],
    "faces" : [ {
      "vertices" : [ 0, 1, 2 ]
    }, {
      "vertices" : [ 0, 2, 1 ]
    } ]
  }, {
    "id" : "18a8f0c7-d6e6-446f-a3f8-fa77f665eaf7",
    "vertices" : [ {
      "x" : -29.034441,
      "y" : -17.944271,
      "z" : 0.0
    }, {
      "x" : -29.034441,
      "y" : -29.034441,
      "z" : -29.034441
    }, {
      "x" : -17.944271,
      "y" : 0.0,
      "z" : -29.034441
    } ],
    "faces" : [ {
      "vertices" : [ 0, 1, 2 ]
    }, {
      "vertices" : [ 0, 2, 1 ]
    } ]
  }, {
    "id" : "c02cae9d-06ea-4f67-b230-af33c111f139",
    "vertices" : [ {
      "x" : -29.034441,
      "y" : 0.0,
      "z" : 11.09017
    }, {
      "x" : -33.994118,
      "y" : -4.959675,
      "z" : 16.049845
    }, {
      "x" : -29.034441,
      "y" : -17.944271,
      "z" : 0.0
    } ],
    "faces" : [ {
      "vertices" : [ 0, 1, 2 ]
    }, {
      "vertices" : [ 0, 2, 1 ]
    } ]
  }, {
    "id" : "377f98ad-4706-40a7-8e87-baabcf2a0207",
    "vertices" : [ {
      "x" : 29.034441,
      "y" : 46.978714,
      "z" : -17.944271
    }, {
      "x" : -16.049845,
      "y" : 19.115093,
      "z" : -17.944271
    }, {
      "x" : -5.981424,
      "y" : 11.962848,
      "z" : 17.071594
    } ],
    "faces" : [ {
      "vertices" : [ 0, 1, 2 ]
    }, {
      "vertices" : [ 0, 2, 1 ]
    } ]
  }, {
    "id" : "4be64240-7f0f-435d-b448-f5982721cef9",
    "vertices" : [ {
      "x" : 0.0,
      "y" : 0.0,
      "z" : 58.068882
    }, {
      "x" : 27.86362,
      "y" : 0.0,
      "z" : 12.984597
    }, {
      "x" : 0.0,
      "y" : 21.640995,
      "z" : 1.4120227
    } ],
    "faces" : [ {
      "vertices" : [ 0, 1, 2 ]
    }, {
      "vertices" : [ 0, 2, 1 ]
    } ]
  }, {
    "id" : "167dc5ef-7fd4-4578-8d9f-e4f5095f5dd0",
    "vertices" : [ {
      "x" : 0.0,
      "y" : 29.034441,
      "z" : -17.944271
    }, {
      "x" : -16.049845,
      "y" : 33.994118,
      "z" : -4.959675
    }, {
      "x" : -29.034441,
      "y" : 46.978714,
      "z" : -17.944271
    } ],
    "faces" : [ {
      "vertices" : [ 0, 1, 2 ]
    }, {
      "vertices" : [ 0, 2, 1 ]
    } ]
  }, {
    "id" : "53d56495-8364-46d7-84ea-99843c79e337",
    "vertices" : [ {
      "x" : 17.944271,
      "y" : 0.0,
      "z" : 29.034441
    }, {
      "x" : 17.944271,
      "y" : -21.00952,
      "z" : 25.969194
    }, {
      "x" : 17.944271,
      "y" : -29.034441,
      "z" : 46.978714
    } ],
    "faces" : [ {
      "vertices" : [ 0, 1, 2 ]
    }, {
      "vertices" : [ 0, 2, 1 ]
    } ]
  }, {
    "id" : "c49b12cb-5ee8-43cd-9699-81a5c05eaf52",
    "vertices" : [ {
      "x" : 0.0,
      "y" : -29.034441,
      "z" : -17.944271
    }, {
      "x" : -29.034441,
      "y" : -29.034441,
      "z" : -29.034441
    }, {
      "x" : -29.034441,
      "y" : -17.944271,
      "z" : 0.0
    } ],
    "faces" : [ {
      "vertices" : [ 0, 1, 2 ]
    }, {
      "vertices" : [ 0, 2, 1 ]
    } ]
  }, {
    "id" : "1d0f345d-3eca-479f-a7c9-5580de6c8395",
    "vertices" : [ {
      "x" : 0.0,
      "y" : 0.0,
      "z" : 58.068882
    }, {
      "x" : -27.86362,
      "y" : 0.0,
      "z" : 12.984597
    }, {
      "x" : 0.0,
      "y" : -21.640995,
      "z" : 1.4120227
    } ],
    "faces" : [ {
      "vertices" : [ 0, 1, 2 ]
    }, {
      "vertices" : [ 0, 2, 1 ]
    } ]
  }, {
    "id" : "1efadd65-762f-46b6-8764-f708b0566ace",
    "vertices" : [ {
      "x" : -29.034441,
      "y" : 17.944271,
      "z" : 0.0
    }, {
      "x" : -33.994118,
      "y" : 4.959675,
      "z" : -16.049845
    }, {
      "x" : -46.978714,
      "y" : 17.944271,
      "z" : -29.034441
    } ],
    "faces" : [ {
      "vertices" : [ 0, 1, 2 ]
    }, {
      "vertices" : [ 0, 2, 1 ]
    } ]
  }, {
    "id" : "9f06e945-d22e-41e6-a3bc-2eeb028cb537",
    "vertices" : [ {
      "x" : -29.034441,
      "y" : 0.0,
      "z" : -11.09017
    }, {
      "x" : -37.059364,
      "y" : 0.0,
      "z" : -8.024922
    }, {
      "x" : -29.034441,
      "y" : -17.944271,
      "z" : 0.0
    } ],
    "faces" : [ {
      "vertices" : [ 0, 1, 2 ]
    }, {
      "vertices" : [ 0, 2, 1 ]
    } ]
  }, {
    "id" : "7d7a78c3-4744-44a0-a56d-7e18dc6182b4",
    "vertices" : [ {
      "x" : -17.944271,
      "y" : 0.0,
      "z" : 29.034441
    }, {
      "x" : -46.978714,
      "y" : 0.0,
      "z" : 17.944271
    }, {
      "x" : -29.034441,
      "y" : 17.944271,
      "z" : 0.0
    } ],
    "faces" : [ {
      "vertices" : [ 0, 1, 2 ]
    }, {
      "vertices" : [ 0, 2, 1 ]
    } ]
  }, {
    "id" : "de549aa4-02a0-47ca-b751-117b5133bd62",
    "vertices" : [ {
      "x" : 17.944271,
      "y" : 0.0,
      "z" : -6.854102
    }, {
      "x" : 11.09017,
      "y" : 17.944271,
      "z" : -6.854102
    }, {
      "x" : 0.0,
      "y" : 29.034441,
      "z" : -17.944271
    }, {
      "x" : 6.854102,
      "y" : 11.09017,
      "z" : -17.944271
    } ],
    "faces" : [ {
      "vertices" : [ 0, 1, 2 ]
    }, {
      "vertices" : [ 0, 2, 3 ]
    }, {
      "vertices" : [ 0, 3, 2 ]
    }, {
      "vertices" : [ 0, 2, 1 ]
    } ]
  }, {
    "id" : "dabff46e-605a-40a8-9d10-1e87fe62844c",
    "vertices" : [ {
      "x" : 23.925695,
      "y" : 0.0,
      "z" : -9.138803
    }, {
      "x" : 23.616678,
      "y" : 0.0,
      "z" : -9.020768
    }, {
      "x" : 23.21217,
      "y" : -0.1545085,
      "z" : -8.579785
    }, {
      "x" : 23.021187,
      "y" : -0.1545085,
      "z" : -9.079785
    }, {
      "x" : 0.9045085,
      "y" : -0.1545085,
      "z" : -0.059016995
    }, {
      "x" : 0.809017,
      "y" : 0.309017,
      "z" : -0.309017
    }, {
      "x" : 0.309017,
      "y" : 0.0,
      "z" : -0.11803399
    }, {
      "x" : 23.116678,
      "y" : 0.309017,
      "z" : -8.829785
    }, {
      "x" : 0.7135255,
      "y" : -0.1545085,
      "z" : -0.559017
    } ],
    "faces" : [ {
      "vertices" : [ 2, 4, 8 ]
    }, {
      "vertices" : [ 2, 8, 3 ]
    }, {
      "vertices" : [ 2, 7, 5 ]
    }, {
      "vertices" : [ 2, 5, 4 ]
    }, {
      "vertices" : [ 4, 6, 8 ]
    }, {
      "vertices" : [ 5, 8, 6 ]
    }, {
      "vertices" : [ 1, 2, 3 ]
    }, {
      "vertices" : [ 3, 8, 5 ]
    }, {
      "vertices" : [ 3, 5, 7 ]
    }, {
      "vertices" : [ 1, 7, 2 ]
    }, {
      "vertices" : [ 1, 3, 7 ]
    }, {
      "vertices" : [ 4, 5, 6 ]
    } ]
  }, {
    "id" : "ba686f98-e3a1-4faa-8794-21e8be744b5c",
    "vertices" : [ {
      "x" : 29.034441,
      "y" : 46.978714,
      "z" : 17.944271
    }, {
      "x" : -16.049845,
      "y" : 19.115093,
      "z" : 17.944271
    }, {
      "x" : 7.3934464,
      "y" : -9.678147,
      "z" : 17.944271
    } ],
    "faces" : [ {
      "vertices" : [ 0, 1, 2 ]
    }, {
      "vertices" : [ 0, 2, 1 ]
    } ]
  }, {
    "id" : "e61aeae0-106f-406c-be00-c613bdfc1fac",
    "vertices" : [ {
      "x" : 17.944271,
      "y" : 0.0,
      "z" : -29.034441
    }, {
      "x" : 25.969194,
      "y" : -17.944271,
      "z" : -21.00952
    }, {
      "x" : 46.978714,
      "y" : -17.944271,
      "z" : -29.034441
    } ],
    "faces" : [ {
      "vertices" : [ 0, 1, 2 ]
    }, {
      "vertices" : [ 0, 2, 1 ]
    } ]
  }, {
    "id" : "b9408123-91d8-4f92-a5f8-30a010ca7127",
    "vertices" : [ {
      "x" : 11.09017,
      "y" : 11.09017,
      "z" : 11.09017
    }, {
      "x" : 0.0,
      "y" : 22.18034,
      "z" : 0.0
    }, {
      "x" : 0.0,
      "y" : 29.034441,
      "z" : -17.944271
    }, {
      "x" : 11.09017,
      "y" : 17.944271,
      "z" : -6.854102
    } ],
    "faces" : [ {
      "vertices" : [ 0, 1, 2 ]
    }, {
      "vertices" : [ 0, 2, 3 ]
    }, {
      "vertices" : [ 0, 3, 2 ]
    }, {
      "vertices" : [ 0, 2, 1 ]
    } ]
  }, {
    "id" : "223f1cff-9fc1-46c2-a4dc-a6431cc99458",
    "vertices" : [ {
      "x" : -17.944271,
      "y" : 17.944271,
      "z" : 17.944271
    }, {
      "x" : -17.944271,
      "y" : 21.00952,
      "z" : 25.969194
    }, {
      "x" : -17.944271,
      "y" : 0.0,
      "z" : 29.034441
    } ],
    "faces" : [ {
      "vertices" : [ 0, 1, 2 ]
    }, {
      "vertices" : [ 0, 2, 1 ]
    } ]
  }, {
    "id" : "564d5fd6-99f6-4c71-b350-6b990494f7b9",
    "vertices" : [ {
      "x" : 29.034441,
      "y" : -17.944271,
      "z" : 0.0
    }, {
      "x" : 17.944271,
      "y" : -46.978714,
      "z" : 0.0
    }, {
      "x" : 0.0,
      "y" : -29.034441,
      "z" : 17.944271
    } ],
    "faces" : [ {
      "vertices" : [ 0, 1, 2 ]
    }, {
      "vertices" : [ 0, 2, 1 ]
    } ]
  }, {
    "id" : "14bb3b72-aa1a-445c-98e9-31a16b9a30a2",
    "vertices" : [ {
      "x" : 29.034441,
      "y" : -17.944271,
      "z" : 0.0
    }, {
      "x" : 33.994118,
      "y" : -4.959675,
      "z" : -16.049845
    }, {
      "x" : 46.978714,
      "y" : -17.944271,
      "z" : -29.034441
    } ],
    "faces" : [ {
      "vertices" : [ 0, 1, 2 ]
    }, {
      "vertices" : [ 0, 2, 1 ]
    } ]
  }, {
    "id" : "dd5dd2e3-afb2-46b8-910b-4e360de82742",
    "vertices" : [ {
      "x" : -17.944271,
      "y" : 0.0,
      "z" : -29.034441
    }, {
      "x" : -17.944271,
      "y" : -21.00952,
      "z" : -25.969194
    }, {
      "x" : -17.944271,
      "y" : -29.034441,
      "z" : -46.978714
    } ],
    "faces" : [ {
      "vertices" : [ 0, 1, 2 ]
    }, {
      "vertices" : [ 0, 2, 1 ]
    } ]
  }, {
    "id" : "c316c6cf-e491-4253-a002-dcdd5e30284d",
    "vertices" : [ {
      "x" : 0.0,
      "y" : 29.034441,
      "z" : 17.944271
    }, {
      "x" : 16.049845,
      "y" : 33.994118,
      "z" : 4.959675
    }, {
      "x" : 29.034441,
      "y" : 46.978714,
      "z" : 17.944271
    } ],
    "faces" : [ {
      "vertices" : [ 0, 1, 2 ]
    }, {
      "vertices" : [ 0, 2, 1 ]
    } ]
  }, {
    "id" : "0b1a9df3-9b5d-4a75-9e48-b07dfc0523c5",
    "vertices" : [ {
      "x" : -17.944271,
      "y" : 29.034441,
      "z" : 46.978714
    }, {
      "x" : -17.944271,
      "y" : -16.049845,
      "z" : 19.115093
    }, {
      "x" : 17.071594,
      "y" : -5.981424,
      "z" : 11.962848
    } ],
    "faces" : [ {
      "vertices" : [ 0, 1, 2 ]
    }, {
      "vertices" : [ 0, 2, 1 ]
    } ]
  }, {
    "id" : "a3b28a5b-ef9a-4117-a452-891910a11535",
    "vertices" : [ {
      "x" : -58.068882,
      "y" : 0.0,
      "z" : 0.0
    }, {
      "x" : -12.984597,
      "y" : 27.86362,
      "z" : 0.0
    }, {
      "x" : -1.4120227,
      "y" : 0.0,
      "z" : -21.640995
    } ],
    "faces" : [ {
      "vertices" : [ 0, 1, 2 ]
    }, {
      "vertices" : [ 0, 2, 1 ]
    } ]
  }, {
    "id" : "bda57e4d-51a9-443d-a3c1-877c4c77ffc8",
    "vertices" : [ {
      "x" : 29.034441,
      "y" : -17.944271,
      "z" : 0.0
    }, {
      "x" : 25.969194,
      "y" : -17.944271,
      "z" : 21.00952
    }, {
      "x" : 46.978714,
      "y" : -17.944271,
      "z" : 29.034441
    } ],
    "faces" : [ {
      "vertices" : [ 0, 1, 2 ]
    }, {
      "vertices" : [ 0, 2, 1 ]
    } ]
  }, {
    "id" : "622748e8-c86e-470b-a910-a5ea7e88a078",
    "vertices" : [ {
      "x" : 29.034441,
      "y" : -46.978714,
      "z" : 17.944271
    }, {
      "x" : -16.049845,
      "y" : -19.115093,
      "z" : 17.944271
    }, {
      "x" : -5.981424,
      "y" : -11.962848,
      "z" : -17.071594
    } ],
    "faces" : [ {
      "vertices" : [ 0, 1, 2 ]
    }, {
      "vertices" : [ 0, 2, 1 ]
    } ]
  }, {
    "id" : "75ffdd8b-014c-4aad-863c-45831f74d55b",
    "vertices" : [ {
      "x" : 17.944271,
      "y" : 29.034441,
      "z" : -46.978714
    }, {
      "x" : 17.944271,
      "y" : -16.049845,
      "z" : -19.115093
    }, {
      "x" : -17.071594,
      "y" : -5.981424,
      "z" : -11.962848
    } ],
    "faces" : [ {
      "vertices" : [ 0, 1, 2 ]
    }, {
      "vertices" : [ 0, 2, 1 ]
    } ]
  }, {
    "id" : "acdddec4-84a8-425d-b8ef-c6feead6a694",
    "vertices" : [ {
      "x" : -17.944271,
      "y" : -17.944271,
      "z" : 17.944271
    }, {
      "x" : -17.944271,
      "y" : -21.00952,
      "z" : 25.969194
    }, {
      "x" : 0.0,
      "y" : -29.034441,
      "z" : 17.944271
    } ],
    "faces" : [ {
      "vertices" : [ 0, 1, 2 ]
    }, {
      "vertices" : [ 0, 2, 1 ]
    } ]
  }, {
    "id" : "99646593-292c-4d26-ad7c-c0c663cd4923",
    "vertices" : [ {
      "x" : 0.0,
      "y" : -29.034441,
      "z" : -17.944271
    }, {
      "x" : -21.00952,
      "y" : -25.969194,
      "z" : -17.944271
    }, {
      "x" : -29.034441,
      "y" : -46.978714,
      "z" : -17.944271
    } ],
    "faces" : [ {
      "vertices" : [ 0, 1, 2 ]
    }, {
      "vertices" : [ 0, 2, 1 ]
    } ]
  }, {
    "id" : "08f04a0d-dff8-449d-9938-8dbef1978f51",
    "vertices" : [ {
      "x" : 29.034441,
      "y" : 46.978714,
      "z" : 17.944271
    }, {
      "x" : 29.034441,
      "y" : 1.8944272,
      "z" : -9.91935
    }, {
      "x" : -5.981424,
      "y" : 11.962848,
      "z" : -17.071594
    } ],
    "faces" : [ {
      "vertices" : [ 0, 1, 2 ]
    }, {
      "vertices" : [ 0, 2, 1 ]
    } ]
  }, {
    "id" : "638a6c03-88c1-4f40-bc67-0cdc9b589c3a",
    "vertices" : [ {
      "x" : -17.944271,
      "y" : 0.0,
      "z" : 29.034441
    }, {
      "x" : -4.959675,
      "y" : -16.049845,
      "z" : 33.994118
    }, {
      "x" : -17.944271,
      "y" : -29.034441,
      "z" : 46.978714
    } ],
    "faces" : [ {
      "vertices" : [ 0, 1, 2 ]
    }, {
      "vertices" : [ 0, 2, 1 ]
    } ]
  }, {
    "id" : "1757a5f5-03f9-4e60-abc1-6b00628c5237",
    "vertices" : [ {
      "x" : 0.0,
      "y" : -29.034441,
      "z" : 17.944271
    }, {
      "x" : 4.959675,
      "y" : -16.049845,
      "z" : 33.994118
    }, {
      "x" : 17.944271,
      "y" : -29.034441,
      "z" : 46.978714
    } ],
    "faces" : [ {
      "vertices" : [ 0, 1, 2 ]
    }, {
      "vertices" : [ 0, 2, 1 ]
    } ]
  }, {
    "id" : "e2051c1c-4e45-447d-8288-5dbb0b1b0e54",
    "vertices" : [ {
      "x" : 29.034441,
      "y" : 0.0,
      "z" : -11.09017
    }, {
      "x" : 33.994118,
