{
  "field" : "golden",
  "symmetry" : "icosahedral",
  "orientations" : [ [ 1.0, 0.0, 0.0, 0.0, 0.0, 1.0, 0.0, 0.0, 0.0, 0.0, 1.0, 0.0, 0.0, 0.0, 0.0, 1.0 ], [ 0.0, 0.0, 1.0, 0.0, 1.0, 0.0, 0.0, 0.0, 0.0, 1.0, 0.0, 0.0, 0.0, 0.0, 0.0, 1.0 ], [ 0.0, 1.0, 0.0, 0.0, 0.0, 0.0, 1.0, 0.0, 1.0, 0.0, 0.0, 0.0, 0.0, 0.0, 0.0, 1.0 ], [ 0.809017, 0.309017, 0.5, 0.0, 0.309017, 0.5, -0.809017, 0.0, -0.5, 0.809017, 0.309017, 0.0, 0.0, 0.0, 0.0, 1.0 ], [ -0.5, 0.809017, 0.309017, 0.0, 0.809017, 0.309017, 0.5, 0.0, 0.309017, 0.5, -0.809017, 0.0, 0.0, 0.0, 0.0, 1.0 ], [ 0.309017, 0.5, -0.809017, 0.0, -0.5, 0.809017, 0.309017, 0.0, 0.809017, 0.309017, 0.5, 0.0, 0.0, 0.0, 0.0, 1.0 ], [ 0.5, 0.809017, 0.309017, 0.0, 0.809017, -0.309017, -0.5, 0.0, -0.309017, 0.5, -0.809017, 0.0, 0.0, 0.0, 0.0, 1.0 ], [ -0.309017, 0.5, -0.809017, 0.0, 0.5, 0.809017, 0.309017, 0.0, 0.809017, -0.309017, -0.5, 0.0, 0.0, 0.0, 0.0, 1.0 ], [ 0.809017, -0.309017, -0.5, 0.0, -0.309017, 0.5, -0.809017, 0.0, 0.5, 0.809017, 0.309017, 0.0, 0.0, 0.0, 0.0, 1.0 ], [ 0.5, 0.809017, -0.309017, 0.0, 0.809017, -0.309017, 0.5, 0.0, 0.309017, -0.5, -0.809017, 0.0, 0.0, 0.0, 0.0, 1.0 ], [ 0.309017, -0.5, -0.809017, 0.0, 0.5, 0.809017, -0.309017, 0.0, 0.809017, -0.309017, 0.5, 0.0, 0.0, 0.0, 0.0, 1.0 ], [ 0.809017, -0.309017, 0.5, 0.0, 0.309017, -0.5, -0.809017, 0.0, 0.5, 0.809017, -0.309017, 0.0, 0.0, 0.0, 0.0, 1.0 ], [ 0.809017, 0.309017, -0.5, 0.0, 0.309017, 0.5, 0.809017, 0.0, 0.5, -0.809017, 0.309017, 0.0, 0.0, 0.0, 0.0, 1.0 ], [ 0.5, -0.809017, 0.309017, 0.0, 0.809017, 0.309017, -0.5, 0.0, 0.309017, 0.5, 0.809017, 0.0, 0.0, 0.0, 0.0, 1.0 ], [ 0.309017, 0.5, 0.809017, 0.0, 0.5, -0.809017, 0.309017, 0.0, 0.809017, 0.309017, -0.5, 0.0, 0.0, 0.0, 0.0, 1.0 ], [ 1.0, 0.0, 0.0, 0.0, 0.0, -1.0, 0.0, 0.0, 0.0, 0.0, -1.0, 0.0, 0.0, 0.0, 0.0, 1.0 ], [ 0.0, 0.0, 1.0, 0.0, -1.0, 0.0, 0.0, 0.0, 0.0, -1.0, 0.0, 0.0, 0.0, 0.0, 0.0, 1.0 ], [ 0.0, 1.0, 0.0, 0.0, 0.0, 0.0, -1.0, 0.0, -1.0, 0.0, 0.0, 0.0, 0.0, 0.0, 0.0, 1.0 ], [ 0.809017, 0.309017, 0.5, 0.0, -0.309017, -0.5, 0.809017, 0.0, 0.5, -0.809017, -0.309017, 0.0, 0.0, 0.0, 0.0, 1.0 ], [ -0.5, 0.809017, 0.309017, 0.0, -0.809017, -0.309017, -0.5, 0.0, -0.309017, -0.5, 0.809017, 0.0, 0.0, 0.0, 0.0, 1.0 ], [ 0.309017, 0.5, -0.809017, 0.0, 0.5, -0.809017, -0.309017, 0.0, -0.809017, -0.309017, -0.5, 0.0, 0.0, 0.0, 0.0, 1.0 ], [ 0.5, 0.809017, 0.309017, 0.0, -0.809017, 0.309017, 0.5, 0.0, 0.309017, -0.5, 0.809017, 0.0, 0.0, 0.0, 0.0, 1.0 ], [ -0.309017, 0.5, -0.809017, 0.0, -0.5, -0.809017, -0.309017, 0.0, -0.809017, 0.309017, 0.5, 0.0, 0.0, 0.0, 0.0, 1.0 ], [ 0.809017, -0.309017, -0.5, 0.0, 0.309017, -0.5, 0.809017, 0.0, -0.5, -0.809017, -0.309017, 0.0, 0.0, 0.0, 0.0, 1.0 ], [ 0.5, 0.809017, -0.309017, 0.0, -0.809017, 0.309017, -0.5, 0.0, -0.309017, 0.5, 0.809017, 0.0, 0.0, 0.0, 0.0, 1.0 ], [ 0.309017, -0.5, -0.809017, 0.0, -0.5, -0.809017, 0.309017, 0.0, -0.809017, 0.309017, -0.5, 0.0, 0.0, 0.0, 0.0, 1.0 ], [ 0.809017, -0.309017, 0.5, 0.0, -0.309017, 0.5, 0.809017, 0.0, -0.5, -0.809017, 0.309017, 0.0, 0.0, 0.0, 0.0, 1.0 ], [ 0.809017, 0.309017, -0.5, 0.0, -0.309017, -0.5, -0.809017, 0.0, -0.5, 0.809017, -0.309017, 0.0, 0.0, 0.0, 0.0, 1.0 ], [ 0.5, -0.809017, 0.309017, 0.0, -0.809017, -0.309017, 0.5, 0.0, -0.309017, -0.5, -0.809017, 0.0, 0.0, 0.0, 0.0, 1.0 ], [ 0.309017, 0.5, 0.809017, 0.0, -0.5, 0.809017, -0.309017, 0.0, -0.809017, -0.309017, 0.5, 0.0, 0.0, 0.0, 0.0, 1.0 ], [ -1.0, 0.0, 0.0, 0.0, 0.0, -1.0, 0.0, 0.0, 0.0, 0.0, 1.0, 0.0, 0.0, 0.0, 0.0, 1.0 ], [ 0.0, 0.0, -1.0, 0.0, -1.0, 0.0, 0.0, 0.0, 0.0, 1.0, 0.0, 0.0, 0.0, 0.0, 0.0, 1.0 ], [ 0.0, -1.0, 0.0, 0.0, 0.0, 0.0, -1.0, 0.0, 1.0, 0.0, 0.0, 0.0, 0.0, 0.0, 0.0, 1.0 ], [ -0.809017, -0.309017, -0.5, 0.0, -0.309017, -0.5, 0.809017, 0.0, -0.5, 0.809017, 0.309017, 0.0, 0.0, 0.0, 0.0, 1.0 ], [ 0.5, -0.809017, -0.309017, 0.0, -0.809017, -0.309017, -0.5, 0.0, 0.309017, 0.5, -0.809017, 0.0, 0.0, 0.0, 0.0, 1.0 ], [ -0.309017, -0.5, 0.809017, 0.0, 0.5, -0.809017, -0.309017, 0.0, 0.809017, 0.309017, 0.5, 0.0, 0.0, 0.0, 0.0, 1.0 ], [ -0.5, -0.809017, -0.309017, 0.0, -0.809017, 0.309017, 0.5, 0.0, -0.309017, 0.5, -0.809017, 0.0, 0.0, 0.0, 0.0, 1.0 ], [ 0.309017, -0.5, 0.809017, 0.0, -0.5, -0.809017, -0.309017, 0.0, 0.809017, -0.309017, -0.5, 0.0, 0.0, 0.0, 0.0, 1.0 ], [ -0.809017, 0.309017, 0.5, 0.0, 0.309017, -0.5, 0.809017, 0.0, 0.5, 0.809017, 0.309017, 0.0, 0.0, 0.0, 0.0, 1.0 ], [ -0.5, -0.809017, 0.309017, 0.0, -0.809017, 0.309017, -0.5, 0.0, 0.309017, -0.5, -0.809017, 0.0, 0.0, 0.0, 0.0, 1.0 ], [ -0.309017, 0.5, 0.809017, 0.0, -0.5, -0.809017, 0.309017, 0.0, 0.809017, -0.309017, 0.5, 0.0, 0.0, 0.0, 0.0, 1.0 ], [ -0.809017, 0.309017, -0.5, 0.0, -0.309017, 0.5, 0.809017, 0.0, 0.5, 0.809017, -0.309017, 0.0, 0.0, 0.0, 0.0, 1.0 ], [ -0.809017, -0.309017, 0.5, 0.0, -0.309017, -0.5, -0.809017, 0.0, 0.5, -0.809017, 0.309017, 0.0, 0.0, 0.0, 0.0, 1.0 ], [ -0.5, 0.809017, -0.309017, 0.0, -0.809017, -0.309017, 0.5, 0.0, 0.309017, 0.5, 0.809017, 0.0, 0.0, 0.0, 0.0, 1.0 ], [ -0.309017, -0.5, -0.809017, 0.0, -0.5, 0.809017, -0.309017, 0.0, 0.809017, 0.309017, -0.5, 0.0, 0.0, 0.0, 0.0, 1.0 ], [ -1.0, 0.0, 0.0, 0.0, 0.0, 1.0, 0.0, 0.0, 0.0, 0.0, -1.0, 0.0, 0.0, 0.0, 0.0, 1.0 ], [ 0.0, 0.0, -1.0, 0.0, 1.0, 0.0, 0.0, 0.0, 0.0, -1.0, 0.0, 0.0, 0.0, 0.0, 0.0, 1.0 ], [ 0.0, -1.0, 0.0, 0.0, 0.0, 0.0, 1.0, 0.0, -1.0, 0.0, 0.0, 0.0, 0.0, 0.0, 0.0, 1.0 ], [ -0.809017, -0.309017, -0.5, 0.0, 0.309017, 0.5, -0.809017, 0.0, 0.5, -0.809017, -0.309017, 0.0, 0.0, 0.0, 0.0, 1.0 ], [ 0.5, -0.809017, -0.309017, 0.0, 0.809017, 0.309017, 0.5, 0.0, -0.309017, -0.5, 0.809017, 0.0, 0.0, 0.0, 0.0, 1.0 ], [ -0.309017, -0.5, 0.809017, 0.0, -0.5, 0.809017, 0.309017, 0.0, -0.809017, -0.309017, -0.5, 0.0, 0.0, 0.0, 0.0, 1.0 ], [ -0.5, -0.809017, -0.309017, 0.0, 0.809017, -0.309017, -0.5, 0.0, 0.309017, -0.5, 0.809017, 0.0, 0.0, 0.0, 0.0, 1.0 ], [ 0.309017, -0.5, 0.809017, 0.0, 0.5, 0.809017, 0.309017, 0.0, -0.809017, 0.309017, 0.5, 0.0, 0.0, 0.0, 0.0, 1.0 ], [ -0.809017, 0.309017, 0.5, 0.0, -0.309017, 0.5, -0.809017, 0.0, -0.5, -0.809017, -0.309017, 0.0, 0.0, 0.0, 0.0, 1.0 ], [ -0.5, -0.809017, 0.309017, 0.0, 0.809017, -0.309017, 0.5, 0.0, -0.309017, 0.5, 0.809017, 0.0, 0.0, 0.0, 0.0, 1.0 ], [ -0.309017, 0.5, 0.809017, 0.0, 0.5, 0.809017, -0.309017, 0.0, -0.809017, 0.309017, -0.5, 0.0, 0.0, 0.0, 0.0, 1.0 ], [ -0.809017, 0.309017, -0.5, 0.0, 0.309017, -0.5, -0.809017, 0.0, -0.5, -0.809017, 0.309017, 0.0, 0.0, 0.0, 0.0, 1.0 ], [ -0.809017, -0.309017, 0.5, 0.0, 0.309017, 0.5, 0.809017, 0.0, -0.5, 0.809017, -0.309017, 0.0, 0.0, 0.0, 0.0, 1.0 ], [ -0.5, 0.809017, -0.309017, 0.0, 0.809017, 0.309017, -0.5, 0.0, -0.309017, -0.5, -0.809017, 0.0, 0.0, 0.0, 0.0, 1.0 ], [ -0.309017, -0.5, -0.809017, 0.0, 0.5, -0.809017, 0.309017, 0.0, -0.809017, -0.309017, 0.5, 0.0, 0.0, 0.0, 0.0, 1.0 ] ],
  "lights" : {
    "ambientColor" : "#292929",
    "backgroundColor" : "#AFC8DC",
    "directionalLights" : [ {
      "direction" : {
        "x" : 1.0,
        "y" : -1.0,
        "z" : -1.0
      },
      "color" : "#EBEBE4"
    }, {
      "direction" : {
        "x" : -1.0,
        "y" : 0.0,
        "z" : 0.0
      },
      "color" : "#E4E4EB"
    }, {
      "direction" : {
        "x" : 0.0,
        "y" : 0.0,
        "z" : -1.0
      },
      "color" : "#1E1E1E"
    } ]
  },
  "camera" : {
    "viewDistance" : 301.533,
    "nearClipDistance" : 0.75383264,
    "lookAtPoint" : {
      "x" : 0.0,
      "y" : 0.0,
      "z" : 0.0
    },
    "fieldOfView" : 0.4426296,
    "farClipDistance" : 603.0672,
    "perspective" : false,
    "lookDirection" : {
      "x" : 0.19150864,
      "y" : 0.6818785,
      "z" : 0.7058975
    },
    "upDirection" : {
      "x" : 0.90724313,
      "y" : -0.3972896,
      "z" : 0.1376652
    },
    "width" : 135.69008,
    "stereo" : false,
    "position" : {
      "x" : -57.74617,
      "y" : -205.60887,
      "z" : -212.85138
    }
  },
  "embedding" : [ 1.0, 0.0, 0.0, 0.0, 0.0, 1.0, 0.0, 0.0, 0.0, 0.0, 1.0, 0.0, 0.0, 0.0, 0.0, 1.0 ],
  "shapes" : [ {
    "id" : "5f0341c8-54e0-4975-906e-86dced858ef2",
    "vertices" : [ {
      "x" : 0.309017,
      "y" : -0.309017,
      "z" : -0.309017
    }, {
      "x" : 0.5,
      "y" : 0.0,
      "z" : -0.19098301
    }, {
      "x" : 0.5,
      "y" : 0.0,
      "z" : 0.19098301
    }, {
      "x" : 0.309017,
      "y" : -0.309017,
      "z" : 0.309017
    }, {
      "x" : 0.19098301,
      "y" : -0.5,
      "z" : 0.0
    }, {
      "x" : 0.0,
      "y" : 0.19098301,
      "z" : 0.5
    }, {
      "x" : 0.0,
      "y" : -0.19098301,
      "z" : 0.5
    }, {
      "x" : 0.309017,
      "y" : 0.309017,
      "z" : 0.309017
    }, {
      "x" : -0.309017,
      "y" : -0.309017,
      "z" : 0.309017
    }, {
      "x" : -0.309017,
      "y" : 0.309017,
      "z" : 0.309017
    }, {
      "x" : -0.5,
      "y" : 0.0,
      "z" : 0.19098301
    }, {
      "x" : 0.0,
      "y" : -0.19098301,
      "z" : -0.5
    }, {
      "x" : 0.0,
      "y" : 0.19098301,
      "z" : -0.5
    }, {
      "x" : 0.309017,
      "y" : 0.309017,
      "z" : -0.309017
    }, {
      "x" : -0.309017,
      "y" : -0.309017,
      "z" : -0.309017
    }, {
      "x" : -0.19098301,
      "y" : -0.5,
      "z" : 0.0
    }, {
      "x" : -0.5,
      "y" : 0.0,
      "z" : -0.19098301
    }, {
      "x" : 0.19098301,
      "y" : 0.5,
      "z" : 0.0
    }, {
      "x" : -0.309017,
      "y" : 0.309017,
      "z" : -0.309017
    }, {
      "x" : 0.0,
      "y" : 0.0,
      "z" : 0.0
    }, {
      "x" : -0.19098301,
      "y" : 0.5,
      "z" : 0.0
    } ],
    "faces" : [ {
      "vertices" : [ 12, 18, 20 ]
    }, {
      "vertices" : [ 12, 20, 17 ]
    }, {
      "vertices" : [ 12, 17, 13 ]
    }, {
      "vertices" : [ 3, 6, 8 ]
    }, {
      "vertices" : [ 3, 8, 15 ]
    }, {
      "vertices" : [ 3, 15, 4 ]
    }, {
      "vertices" : [ 0, 11, 12 ]
    }, {
      "vertices" : [ 0, 12, 13 ]
    }, {
      "vertices" : [ 0, 13, 1 ]
    }, {
      "vertices" : [ 5, 9, 10 ]
    }, {
      "vertices" : [ 5, 10, 8 ]
    }, {
      "vertices" : [ 5, 8, 6 ]
    }, {
      "vertices" : [ 2, 7, 5 ]
    }, {
      "vertices" : [ 2, 5, 6 ]
    }, {
      "vertices" : [ 2, 6, 3 ]
    }, {
      "vertices" : [ 11, 14, 16 ]
    }, {
      "vertices" : [ 11, 16, 18 ]
    }, {
      "vertices" : [ 11, 18, 12 ]
    }, {
      "vertices" : [ 1, 13, 17 ]
    }, {
      "vertices" : [ 1, 17, 7 ]
    }, {
      "vertices" : [ 1, 7, 2 ]
    }, {
      "vertices" : [ 9, 20, 18 ]
    }, {
      "vertices" : [ 9, 18, 16 ]
    }, {
      "vertices" : [ 9, 16, 10 ]
    }, {
      "vertices" : [ 0, 1, 2 ]
    }, {
      "vertices" : [ 0, 2, 3 ]
    }, {
      "vertices" : [ 0, 3, 4 ]
    }, {
      "vertices" : [ 5, 7, 17 ]
    }, {
      "vertices" : [ 5, 17, 20 ]
    }, {
      "vertices" : [ 5, 20, 9 ]
    }, {
      "vertices" : [ 0, 4, 15 ]
    }, {
      "vertices" : [ 0, 15, 14 ]
    }, {
      "vertices" : [ 0, 14, 11 ]
    }, {
      "vertices" : [ 8, 10, 16 ]
    }, {
      "vertices" : [ 8, 16, 14 ]
    }, {
      "vertices" : [ 8, 14, 15 ]
    } ]
  }, {
    "id" : "c608cb7d-e90f-44f0-ab39-9aaa6a67be5d",
    "vertices" : [ {
      "x" : 10.781153,
      "y" : 4.118034,
      "z" : -1.572949
    }, {
      "x" : 10.399187,
      "y" : 3.663119,
      "z" : -1.381966
    }, {
      "x" : 10.236068,
      "y" : 3.927051,
      "z" : -1.809017
    }, {
      "x" : 10.163119,
      "y" : 4.190983,
      "z" : -1.618034
    }, {
      "x" : 0.85410196,
      "y" : 0.309017,
      "z" : 0.19098301
    }, {
      "x" : 0.690983,
      "y" : 0.572949,
      "z" : -0.23606798
    }, {
      "x" : 0.309017,
      "y" : 0.11803399,
      "z" : -0.045084972
    }, {
      "x" : 0.76393205,
      "y" : 0.309017,
      "z" : -0.42705098
    }, {
      "x" : 0.927051,
      "y" : 0.045084972,
      "z" : 0.0
    }, {
      "x" : 10.326238,
      "y" : 3.927051,
      "z" : -1.190983
    }, {
      "x" : 11.09017,
      "y" : 4.236068,
      "z" : -1.618034
    } ],
    "faces" : [ {
      "vertices" : [ 2, 7, 5 ]
    }, {
      "vertices" : [ 2, 5, 3 ]
    }, {
      "vertices" : [ 1, 8, 7 ]
    }, {
      "vertices" : [ 1, 7, 2 ]
    }, {
      "vertices" : [ 4, 6, 8 ]
    }, {
      "vertices" : [ 5, 7, 6 ]
    }, {
      "vertices" : [ 0, 1, 2 ]
    }, {
      "vertices" : [ 0, 2, 3 ]
    }, {
      "vertices" : [ 6, 7, 8 ]
    }, {
      "vertices" : [ 3, 5, 4 ]
    }, {
      "vertices" : [ 3, 4, 9 ]
    }, {
      "vertices" : [ 1, 9, 4 ]
    }, {
      "vertices" : [ 1, 4, 8 ]
    }, {
      "vertices" : [ 0, 9, 1 ]
    }, {
      "vertices" : [ 0, 3, 9 ]
    }, {
      "vertices" : [ 4, 5, 6 ]
    } ]
  }, {
    "id" : "48c10f08-81d9-4950-bd5d-c1d77aa11730",
    "vertices" : [ {
      "x" : 0.16311896,
      "y" : 0.66311896,
      "z" : 0.76393205
    }, {
      "x" : 7.690983,
      "y" : 8.190983,
      "z" : 12.944272
    }, {
      "x" : 8.0,
      "y" : 8.309017,
      "z" : 12.753289
    }, {
      "x" : 0.47213596,
      "y" : 0.78115296,
      "z" : 0.572949
    }, {
      "x" : 8.472136,
      "y" : 8.472136,
      "z" : 13.708204
    }, {
      "x" : 0.78115296,
      "y" : 0.28115296,
      "z" : 0.76393205
    }, {
      "x" : 0.18033989,
      "y" : 0.18033989,
      "z" : 0.29179606
    }, {
      "x" : 8.309017,
      "y" : 7.809017,
      "z" : 12.944272
    }, {
      "x" : 8.0,
      "y" : 7.690983,
      "z" : 13.135255
    }, {
      "x" : 0.47213596,
      "y" : 0.16311896,
      "z" : 0.95491505
    }, {
      "x" : 8.291796,
      "y" : 8.291796,
      "z" : 13.416408
    } ],
    "faces" : [ {
      "vertices" : [ 2, 7, 5 ]
    }, {
      "vertices" : [ 2, 5, 3 ]
    }, {
      "vertices" : [ 0, 9, 8 ]
    }, {
      "vertices" : [ 0, 8, 1 ]
    }, {
      "vertices" : [ 2, 10, 7 ]
    }, {
      "vertices" : [ 1, 8, 10 ]
    }, {
      "vertices" : [ 5, 9, 6 ]
    }, {
      "vertices" : [ 0, 1, 2 ]
    }, {
      "vertices" : [ 0, 2, 3 ]
    }, {
      "vertices" : [ 0, 3, 6 ]
    }, {
      "vertices" : [ 7, 10, 8 ]
    }, {
      "vertices" : [ 5, 7, 8 ]
    }, {
      "vertices" : [ 5, 8, 9 ]
    }, {
      "vertices" : [ 1, 10, 2 ]
    }, {
      "vertices" : [ 3, 5, 6 ]
    }, {
      "vertices" : [ 0, 6, 9 ]
    } ]
  }, {
    "id" : "6dec85fb-4ef5-406b-808b-95695ce78543",
    "vertices" : [ {
      "x" : 0.16311896,
      "y" : 0.66311896,
      "z" : 0.76393205
    }, {
      "x" : 4.454915,
      "y" : 4.954915,
      "z" : 7.708204
    }, {
      "x" : 4.763932,
      "y" : 5.072949,
      "z" : 7.517221
    }, {
      "x" : 0.47213596,
      "y" : 0.78115296,
      "z" : 0.572949
    }, {
      "x" : 5.236068,
      "y" : 5.236068,
      "z" : 8.472136
    }, {
      "x" : 0.78115296,
      "y" : 0.28115296,
      "z" : 0.76393205
    }, {
      "x" : 0.18033989,
      "y" : 0.18033989,
      "z" : 0.29179606
    }, {
      "x" : 5.072949,
      "y" : 4.572949,
      "z" : 7.708204
    }, {
      "x" : 4.763932,
      "y" : 4.454915,
      "z" : 7.899187
    }, {
      "x" : 0.47213596,
      "y" : 0.16311896,
      "z" : 0.95491505
    }, {
      "x" : 5.055728,
      "y" : 5.055728,
      "z" : 8.18034
    } ],
    "faces" : [ {
      "vertices" : [ 2, 7, 5 ]
    }, {
      "vertices" : [ 2, 5, 3 ]
    }, {
      "vertices" : [ 0, 9, 8 ]
    }, {
      "vertices" : [ 0, 8, 1 ]
    }, {
      "vertices" : [ 2, 10, 7 ]
    }, {
      "vertices" : [ 1, 8, 10 ]
    }, {
      "vertices" : [ 5, 9, 6 ]
    }, {
      "vertices" : [ 0, 1, 2 ]
    }, {
      "vertices" : [ 0, 2, 3 ]
    }, {
      "vertices" : [ 0, 3, 6 ]
    }, {
      "vertices" : [ 7, 10, 8 ]
    }, {
      "vertices" : [ 5, 7, 8 ]
    }, {
      "vertices" : [ 5, 8, 9 ]
    }, {
      "vertices" : [ 1, 10, 2 ]
    }, {
      "vertices" : [ 3, 5, 6 ]
    }, {
      "vertices" : [ 0, 6, 9 ]
    } ]
  } ],
  "instances" : [ {
    "shape" : "5f0341c8-54e0-4975-906e-86dced858ef2",
    "color" : "#FFFFFF",
    "position" : {
      "x" : -13.708204,
      "y" : -1.618034,
      "z" : 4.236068
    }
  }, {
    "shape" : "c608cb7d-e90f-44f0-ab39-9aaa6a67be5d",
    "color" : "#008D36",
    "position" : {
      "x" : -12.708204,
      "y" : -13.708204,
      "z" : 15.326238
    },
    "orientation" : 4
  }, {
    "shape" : "c608cb7d-e90f-44f0-ab39-9aaa6a67be5d",
    "color" : "#008D36",
    "position" : {
      "x" : 6.854102,
      "y" : -9.472136,
      "z" : 8.472136
    },
    "orientation" : 30
  }, {
    "shape" : "48c10f08-81d9-4950-bd5d-c1d77aa11730",
    "color" : "#0000CC",
    "position" : {
      "x" : 7.854102,
      "y" : 19.562305,
      "z" : 16.326239
    },
    "orientation" : 22
  }, {
    "shape" : "c608cb7d-e90f-44f0-ab39-9aaa6a67be5d",
    "color" : "#008D36",
    "position" : {
      "x" : 22.18034,
      "y" : 1.618034,
      "z" : -12.708204
    },
    "orientation" : 56
  }, {
    "shape" : "c608cb7d-e90f-44f0-ab39-9aaa6a67be5d",
    "color" : "#008D36",
    "position" : {
      "x" : -11.09017,
      "y" : 2.618034,
      "z" : -24.798374
    },
    "orientation" : 38
  }, {
    "shape" : "48c10f08-81d9-4950-bd5d-c1d77aa11730",
    "color" : "#9A754A",
    "position" : {
      "x" : -17.944271,
      "y" : 5.236068,
      "z" : -34.27051
    },
    "orientation" : 43
  }, {
    "shape" : "c608cb7d-e90f-44f0-ab39-9aaa6a67be5d",
    "color" : "#008D36",
    "position" : {
      "x" : 4.236068,
      "y" : 0.0,
      "z" : 15.326238
    },
    "orientation" : 5
  }, {
    "shape" : "5f0341c8-54e0-4975-906e-86dced858ef2",
    "color" : "#FFFFFF",
    "position" : {
      "x" : -12.708204,
      "y" : -13.708204,
      "z" : 15.326238
    }
  }, {
    "shape" : "48c10f08-81d9-4950-bd5d-c1d77aa11730",
    "color" : "#9A754A",
    "position" : {
      "x" : 11.09017,
      "y" : 11.09017,
      "z" : 2.618034
    },
    "orientation" : 20
  }, {
    "shape" : "48c10f08-81d9-4950-bd5d-c1d77aa11730",
    "color" : "#9A754A",
    "position" : {
      "x" : -1.618034,
      "y" : 31.652475,
      "z" : 13.708204
    },
    "orientation" : 43
  }, {
    "shape" : "48c10f08-81d9-4950-bd5d-c1d77aa11730",
    "color" : "#9A754A",
    "position" : {
      "x" : -26.416409,
      "y" : -8.472136,
      "z" : 20.562305
    },
    "orientation" : 20
  }, {
    "shape" : "6dec85fb-4ef5-406b-808b-95695ce78543",
    "color" : "#9A754A",
    "position" : {
      "x" : 13.708204,
      "y" : 1.618034,
      "z" : -4.236068
    },
    "orientation" : 43
  }, {
    "shape" : "c608cb7d-e90f-44f0-ab39-9aaa6a67be5d",
    "color" : "#008D36",
    "position" : {
      "x" : -2.618034,
      "y" : -11.09017,
      "z" : -11.09017
    },
    "orientation" : 12
  }, {
    "shape" : "c608cb7d-e90f-44f0-ab39-9aaa6a67be5d",
    "color" : "#008D36",
    "position" : {
      "x" : 15.326238,
      "y" : 4.236068,
      "z" : -22.18034
    },
    "orientation" : 31
  }, {
    "shape" : "5f0341c8-54e0-4975-906e-86dced858ef2",
    "color" : "#FFFFFF",
    "position" : {
      "x" : -11.09017,
      "y" : 2.618034,
      "z" : -24.798374
    }
  }, {
    "shape" : "c608cb7d-e90f-44f0-ab39-9aaa6a67be5d",
    "color" : "#008D36",
    "position" : {
      "x" : -23.798374,
      "y" : -4.236068,
      "z" : -8.472136
    },
    "orientation" : 12
  }, {
    "shape" : "48c10f08-81d9-4950-bd5d-c1d77aa11730",
    "color" : "#0000CC",
    "position" : {
      "x" : -6.854102,
      "y" : -4.236068,
      "z" : 13.708204
    },
    "orientation" : 20
  }, {
    "shape" : "48c10f08-81d9-4950-bd5d-c1d77aa11730",
    "color" : "#9A754A",
    "position" : {
      "x" : 8.472136,
      "y" : -20.562305,
      "z" : 12.708204
    },
    "orientation" : 9
  }, {
    "shape" : "c608cb7d-e90f-44f0-ab39-9aaa6a67be5d",
    "color" : "#008D36",
    "position" : {
      "x" : 11.09017,
      "y" : 11.09017,
      "z" : 2.618034
    },
    "orientation" : 12
  }, {
    "shape" : "c608cb7d-e90f-44f0-ab39-9aaa6a67be5d",
    "color" : "#008D36",
    "position" : {
      "x" : 2.618034,
      "y" : 11.09017,
      "z" : 11.09017
    },
    "orientation" : 31
  }, {
    "shape" : "5f0341c8-54e0-4975-906e-86dced858ef2",
    "color" : "#FFFFFF",
    "position" : {
      "x" : -9.472136,
      "y" : -8.472136,
      "z" : -20.562305
    }
  }, {
    "shape" : "5f0341c8-54e0-4975-906e-86dced858ef2",
    "color" : "#FFFFFF",
    "position" : {
      "x" : -23.798374,
      "y" : -4.236068,
      "z" : -8.472136
    }
  }, {
    "shape" : "c608cb7d-e90f-44f0-ab39-9aaa6a67be5d",
    "color" : "#008D36",
    "position" : {
      "x" : -9.472136,
      "y" : -8.472136,
      "z" : -20.562305
    },
    "orientation" : 38
  }, {
    "shape" : "c608cb7d-e90f-44f0-ab39-9aaa6a67be5d",
    "color" : "#008D36",
    "position" : {
      "x" : 13.708204,
      "y" : 1.618034,
      "z" : -4.236068
    },
    "orientation" : 23
  }, {
    "shape" : "c608cb7d-e90f-44f0-ab39-9aaa6a67be5d",
    "color" : "#008D36",
    "position" : {
      "x" : 4.236068,
      "y" : 0.0,
      "z" : 15.326238
    },
    "orientation" : 30
  }, {
    "shape" : "c608cb7d-e90f-44f0-ab39-9aaa6a67be5d",
    "color" : "#008D36",
    "position" : {
      "x" : 4.236068,
      "y" : -13.708204,
      "z" : -1.618034
    },
    "orientation" : 25
  }, {
    "shape" : "48c10f08-81d9-4950-bd5d-c1d77aa11730",
    "color" : "#9A754A",
    "position" : {
      "x" : -30.652475,
      "y" : -15.326238,
      "z" : 4.236068
    },
    "orientation" : 9
  }, {
    "shape" : "5f0341c8-54e0-4975-906e-86dced858ef2",
    "color" : "#FFFFFF",
    "position" : {
      "x" : -19.562305,
      "y" : -11.09017,
      "z" : 5.854102
    }
  }, {
    "shape" : "48c10f08-81d9-4950-bd5d-c1d77aa11730",
    "color" : "#9A754A",
    "position" : {
      "x" : -17.944271,
      "y" : 5.236068,
      "z" : -34.27051
    },
    "orientation" : 9
  }, {
    "shape" : "5f0341c8-54e0-4975-906e-86dced858ef2",
    "color" : "#FFFFFF",
    "position" : {
      "x" : -28.034441,
      "y" : -11.09017,
      "z" : -24.798374
    }
  }, {
    "shape" : "c608cb7d-e90f-44f0-ab39-9aaa6a67be5d",
    "color" : "#008D36",
    "position" : {
      "x" : -5.854102,
      "y" : 24.798374,
      "z" : -2.618034
    },
    "orientation" : 23
  }, {
    "shape" : "48c10f08-81d9-4950-bd5d-c1d77aa11730",
    "color" : "#0000CC",
    "position" : {
      "x" : -9.472136,
      "y" : -8.472136,
      "z" : -20.562305
    },
    "orientation" : 43
  }, {
    "shape" : "48c10f08-81d9-4950-bd5d-c1d77aa11730",
    "color" : "#9A754A",
    "position" : {
      "x" : -11.09017,
      "y" : 16.326239,
      "z" : 16.326239
    },
    "orientation" : 20
  }, {
    "shape" : "c608cb7d-e90f-44f0-ab39-9aaa6a67be5d",
    "color" : "#008D36",
    "position" : {
      "x" : -5.854102,
      "y" : 11.09017,
      "z" : -19.562305
    },
    "orientation" : 56
  }, {
    "shape" : "48c10f08-81d9-4950-bd5d-c1d77aa11730",
    "color" : "#9A754A",
    "position" : {
      "x" : 15.326238,
      "y" : -9.472136,
      "z" : 0.0
    },
    "orientation" : 9
  }, {
    "shape" : "c608cb7d-e90f-44f0-ab39-9aaa6a67be5d",
    "color" : "#008D36",
    "position" : {
      "x" : -4.236068,
      "y" : 13.708204,
      "z" : 1.618034
    },
    "orientation" : 4
  }, {
    "shape" : "c608cb7d-e90f-44f0-ab39-9aaa6a67be5d",
    "color" : "#008D36",
    "position" : {
      "x" : 2.618034,
      "y" : 24.798374,
      "z" : -11.09017
    },
    "orientation" : 31
  }, {
    "shape" : "c608cb7d-e90f-44f0-ab39-9aaa6a67be5d",
    "color" : "#008D36",
    "position" : {
      "x" : 15.326238,
      "y" : -9.472136,
      "z" : 0.0
    },
    "orientation" : 5
  }, {
    "shape" : "48c10f08-81d9-4950-bd5d-c1d77aa11730",
    "color" : "#9A754A",
    "position" : {
      "x" : 6.854102,
      "y" : -23.18034,
      "z" : -8.472136
    },
    "orientation" : 2
  }, {
    "shape" : "c608cb7d-e90f-44f0-ab39-9aaa6a67be5d",
    "color" : "#008D36",
    "position" : {
      "x" : -23.798374,
      "y" : -4.236068,
      "z" : -8.472136
    },
    "orientation" : 31
  }, {
    "shape" : "c608cb7d-e90f-44f0-ab39-9aaa6a67be5d",
    "color" : "#008D36",
    "position" : {
      "x" : -4.236068,
      "y" : 0.0,
      "z" : -15.326238
    },
    "orientation" : 12
  }, {
    "shape" : "48c10f08-81d9-4950-bd5d-c1d77aa11730",
    "color" : "#9A754A",
    "position" : {
      "x" : 15.326238,
      "y" : -9.472136,
      "z" : 0.0
    },
    "orientation" : 2
  }, {
    "shape" : "c608cb7d-e90f-44f0-ab39-9aaa6a67be5d",
    "color" : "#008D36",
    "position" : {
      "x" : -30.652475,
      "y" : -15.326238,
      "z" : 4.236068
    },
    "orientation" : 23
  }, {
    "shape" : "c608cb7d-e90f-44f0-ab39-9aaa6a67be5d",
    "color" : "#008D36",
    "position" : {
      "x" : 0.0,
      "y" : 20.562305,
      "z" : 17.944271
    },
    "orientation" : 56
  }, {
    "shape" : "c608cb7d-e90f-44f0-ab39-9aaa6a67be5d",
    "color" : "#008D36",
    "position" : {
      "x" : 8.472136,
      "y" : -6.854102,
      "z" : -9.472136
    },
    "orientation" : 5
  }, {
    "shape" : "6dec85fb-4ef5-406b-808b-95695ce78543",
    "color" : "#9A754A",
    "position" : {
      "x" : 5.236068,
      "y" : 1.618034,
      "z" : 4.236068
    },
    "orientation" : 43
  }, {
    "shape" : "c608cb7d-e90f-44f0-ab39-9aaa6a67be5d",
    "color" : "#008D36",
    "position" : {
      "x" : -2.618034,
      "y" : -11.09017,
      "z" : -11.09017
    },
    "orientation" : 56
  }, {
    "shape" : "5f0341c8-54e0-4975-906e-86dced858ef2",
    "color" : "#FFFFFF",
    "position" : {
      "x" : -11.09017,
      "y" : 16.326239,
      "z" : 16.326239
    }
  }, {
    "shape" : "5f0341c8-54e0-4975-906e-86dced858ef2",
    "color" : "#FFFFFF",
    "position" : {
      "x" : -12.708204,
      "y" : 13.708204,
      "z" : 34.27051
    }
  }, {
    "shape" : "5f0341c8-54e0-4975-906e-86dced858ef2",
    "color" : "#FFFFFF",
    "position" : {
      "x" : -4.236068,
      "y" : 13.708204,
      "z" : 1.618034
    }
  }, {
    "shape" : "c608cb7d-e90f-44f0-ab39-9aaa6a67be5d",
    "color" : "#008D36",
    "position" : {
      "x" : -11.09017,
      "y" : -11.09017,
      "z" : -2.618034
    },
    "orientation" : 23
  }, {
    "shape" : "c608cb7d-e90f-44f0-ab39-9aaa6a67be5d",
    "color" : "#008D36",
    "position" : {
      "x" : 15.326238,
      "y" : -9.472136,
      "z" : 0.0
    },
    "orientation" : 30
  }, {
    "shape" : "48c10f08-81d9-4950-bd5d-c1d77aa11730",
    "color" : "#9A754A",
    "position" : {
      "x" : 22.18034,
      "y" : 15.326238,
      "z" : 4.236068
    },
    "orientation" : 22
  }, {
    "shape" : "5f0341c8-54e0-4975-906e-86dced858ef2",
    "color" : "#FFFFFF",
    "position" : {
      "x" : -3.236068,
      "y" : 29.034441,
      "z" : 31.652475
    }
  }, {
    "shape" : "c608cb7d-e90f-44f0-ab39-9aaa6a67be5d",
    "color" : "#008D36",
    "position" : {
      "x" : -11.09017,
      "y" : -11.09017,
      "z" : -2.618034
    },
    "orientation" : 56
  }, {
    "shape" : "c608cb7d-e90f-44f0-ab39-9aaa6a67be5d",
    "color" : "#008D36",
    "position" : {
      "x" : -13.708204,
      "y" : -1.618034,
      "z" : 4.236068
    },
    "orientation" : 30
  }, {
    "shape" : "5f0341c8-54e0-4975-906e-86dced858ef2",
    "color" : "#FFFFFF",
    "position" : {
      "x" : -12.708204,
      "y" : 13.708204,
      "z" : -29.034441
    }
  }, {
    "shape" : "c608cb7d-e90f-44f0-ab39-9aaa6a67be5d",
    "color" : "#008D36",
    "position" : {
      "x" : -2.618034,
      "y" : -11.09017,
      "z" : -11.09017
    },
    "orientation" : 58
  }, {
    "shape" : "5f0341c8-54e0-4975-906e-86dced858ef2",
    "color" : "#FFFFFF",
    "position" : {
      "x" : 6.854102,
      "y" : 4.236068,
      "z" : -13.708204
    }
  }, {
    "shape" : "5f0341c8-54e0-4975-906e-86dced858ef2",
    "color" : "#FFFFFF",
    "position" : {
      "x" : 5.236068,
      "y" : 15.326238,
      "z" : -17.944271
    }
  }, {
    "shape" : "c608cb7d-e90f-44f0-ab39-9aaa6a67be5d",
    "color" : "#008D36",
    "position" : {
      "x" : 0.0,
      "y" : -20.562305,
      "z" : -17.944271
    },
    "orientation" : 5
  }, {
    "shape" : "6dec85fb-4ef5-406b-808b-95695ce78543",
    "color" : "#9A754A",
    "position" : {
      "x" : 12.708204,
      "y" : 0.0,
      "z" : 6.854102
    },
    "orientation" : 22
  }, {
    "shape" : "c608cb7d-e90f-44f0-ab39-9aaa6a67be5d",
    "color" : "#008D36",
    "position" : {
      "x" : 22.18034,
      "y" : -12.09017,
      "z" : 9.472136
    },
    "orientation" : 38
  }, {
    "shape" : "c608cb7d-e90f-44f0-ab39-9aaa6a67be5d",
    "color" : "#008D36",
    "position" : {
      "x" : -11.09017,
      "y" : -11.09017,
      "z" : -2.618034
    },
    "orientation" : 58
  }, {
    "shape" : "c608cb7d-e90f-44f0-ab39-9aaa6a67be5d",
    "color" : "#008D36",
    "position" : {
      "x" : 5.236068,
      "y" : 15.326238,
      "z" : -17.944271
    },
    "orientation" : 4
  }, {
    "shape" : "5f0341c8-54e0-4975-906e-86dced858ef2",
    "color" : "#FFFFFF",
    "position" : {
      "x" : 8.472136,
      "y" : -20.562305,
      "z" : 12.708204
    }
  }, {
    "shape" : "c608cb7d-e90f-44f0-ab39-9aaa6a67be5d",
    "color" : "#008D36",
    "position" : {
      "x" : -11.09017,
      "y" : 2.618034,
      "z" : -24.798374
    },
    "orientation" : 5
  }, {
    "shape" : "c608cb7d-e90f-44f0-ab39-9aaa6a67be5d",
    "color" : "#008D36",
    "position" : {
      "x" : 2.618034,
      "y" : 24.798374,
      "z" : -11.09017
    },
    "orientation" : 30
  }, {
    "shape" : "c608cb7d-e90f-44f0-ab39-9aaa6a67be5d",
    "color" : "#008D36",
    "position" : {
      "x" : 5.854102,
      "y" : -24.798374,
      "z" : 2.618034
    },
    "orientation" : 38
  }, {
    "shape" : "5f0341c8-54e0-4975-906e-86dced858ef2",
    "color" : "#FFFFFF",
    "position" : {
      "x" : -13.708204,
      "y" : 12.09017,
      "z" : -17.944271
    }
  }, {
    "shape" : "5f0341c8-54e0-4975-906e-86dced858ef2",
    "color" : "#FFFFFF",
    "position" : {
      "x" : 6.854102,
      "y" : -23.18034,
      "z" : -8.472136
    }
  }, {
    "shape" : "c608cb7d-e90f-44f0-ab39-9aaa6a67be5d",
    "color" : "#008D36",
    "position" : {
      "x" : 6.854102,
      "y" : 4.236068,
      "z" : -13.708204
    },
    "orientation" : 4
  }, {
    "shape" : "c608cb7d-e90f-44f0-ab39-9aaa6a67be5d",
    "color" : "#008D36",
    "position" : {
      "x" : -6.854102,
      "y" : -4.236068,
      "z" : 13.708204
    },
    "orientation" : 56
  }, {
    "shape" : "6dec85fb-4ef5-406b-808b-95695ce78543",
    "color" : "#9A754A",
    "position" : {
      "x" : 24.798374,
      "y" : 5.854102,
      "z" : -2.618034
    },
    "orientation" : 43
  }, {
    "shape" : "48c10f08-81d9-4950-bd5d-c1d77aa11730",
    "color" : "#9A754A",
    "position" : {
      "x" : -23.798374,
      "y" : -4.236068,
      "z" : -8.472136
    },
    "orientation" : 2
  }, {
    "shape" : "5f0341c8-54e0-4975-906e-86dced858ef2",
    "color" : "#FFFFFF",
    "position" : {
      "x" : 23.798374,
      "y" : -9.472136,
      "z" : -8.472136
    }
  }, {
    "shape" : "6dec85fb-4ef5-406b-808b-95695ce78543",
    "color" : "#9A754A",
    "position" : {
      "x" : 8.472136,
      "y" : -6.854102,
      "z" : -9.472136
    },
    "orientation" : 2
  }, {
    "shape" : "c608cb7d-e90f-44f0-ab39-9aaa6a67be5d",
    "color" : "#008D36",
    "position" : {
      "x" : 4.236068,
      "y" : -13.708204,
      "z" : -1.618034
    },
    "orientation" : 56
  }, {
    "shape" : "48c10f08-81d9-4950-bd5d-c1d77aa11730",
    "color" : "#9A754A",
    "position" : {
      "x" : 5.236068,
      "y" : 42.742645,
      "z" : 1.0
    },
    "orientation" : 20
  }, {
    "shape" : "5f0341c8-54e0-4975-906e-86dced858ef2",
    "color" : "#FFFFFF",
    "position" : {
      "x" : 2.618034,
      "y" : 11.09017,
      "z" : 11.09017
    }
  }, {
    "shape" : "5f0341c8-54e0-4975-906e-86dced858ef2",
    "color" : "#FFFFFF",
    "position" : {
      "x" : -12.708204,
      "y" : 0.0,
      "z" : -6.854102
    }
  }, {
    "shape" : "c608cb7d-e90f-44f0-ab39-9aaa6a67be5d",
    "color" : "#008D36",
    "position" : {
      "x" : -13.708204,
      "y" : -1.618034,
      "z" : 4.236068
    },
    "orientation" : 12
  }, {
    "shape" : "5f0341c8-54e0-4975-906e-86dced858ef2",
    "color" : "#FFFFFF",
    "position" : {
      "x" : 5.236068,
      "y" : 1.618034,
      "z" : 4.236068
    }
  }, {
    "shape" : "5f0341c8-54e0-4975-906e-86dced858ef2",
    "color" : "#FFFFFF",
    "position" : {
      "x" : 4.236068,
      "y" : 0.0,
      "z" : 15.326238
    }
  }, {
    "shape" : "c608cb7d-e90f-44f0-ab39-9aaa6a67be5d",
    "color" : "#008D36",
    "position" : {
      "x" : 6.854102,
      "y" : 4.236068,
      "z" : -13.708204
    },
    "orientation" : 23
  }, {
    "shape" : "48c10f08-81d9-4950-bd5d-c1d77aa11730",
    "color" : "#9A754A",
    "position" : {
      "x" : -30.652475,
      "y" : -15.326238,
      "z" : 4.236068
    },
    "orientation" : 20
  }, {
    "shape" : "48c10f08-81d9-4950-bd5d-c1d77aa11730",
    "color" : "#9A754A",
    "position" : {
      "x" : 1.0,
      "y" : 35.888542,
      "z" : -15.326238
    },
    "orientation" : 22
  }, {
    "shape" : "5f0341c8-54e0-4975-906e-86dced858ef2",
    "color" : "#FFFFFF",
    "position" : {
      "x" : -19.562305,
      "y" : 2.618034,
      "z" : 46.978714
    }
  }, {
    "shape" : "c608cb7d-e90f-44f0-ab39-9aaa6a67be5d",
    "color" : "#008D36",
    "position" : {
      "x" : 15.326238,
      "y" : -9.472136,
      "z" : 0.0
    },
    "orientation" : 4
  }, {
    "shape" : "c608cb7d-e90f-44f0-ab39-9aaa6a67be5d",
    "color" : "#008D36",
    "position" : {
      "x" : -11.09017,
      "y" : 16.326239,
      "z" : 16.326239
    },
    "orientation" : 25
  }, {
    "shape" : "48c10f08-81d9-4950-bd5d-c1d77aa11730",
    "color" : "#0000CC",
    "position" : {
      "x" : 5.236068,
      "y" : 15.326238,
      "z" : -17.944271
    },
    "orientation" : 22
  }, {
    "shape" : "48c10f08-81d9-4950-bd5d-c1d77aa11730",
    "color" : "#9A754A",
    "position" : {
      "x" : -19.562305,
      "y" : 2.618034,
      "z" : -16.326239
    },
    "orientation" : 9
  }, {
    "shape" : "c608cb7d-e90f-44f0-ab39-9aaa6a67be5d",
    "color" : "#008D36",
    "position" : {
      "x" : -6.854102,
      "y" : 9.472136,
      "z" : -8.472136
    },
    "orientation" : 12
  }, {
    "shape" : "c608cb7d-e90f-44f0-ab39-9aaa6a67be5d",
    "color" : "#008D36",
    "position" : {
      "x" : 0.0,
      "y" : -6.854102,
      "z" : -1.0
    },
    "orientation" : 5
  }, {
    "shape" : "6dec85fb-4ef5-406b-808b-95695ce78543",
    "color" : "#9A754A",
    "position" : {
      "x" : 0.0,
      "y" : -6.854102,
      "z" : -1.0
    },
    "orientation" : 2
  }, {
    "shape" : "c608cb7d-e90f-44f0-ab39-9aaa6a67be5d",
    "color" : "#008D36",
    "position" : {
      "x" : 11.09017,
      "y" : -2.618034,
      "z" : 24.798374
    },
    "orientation" : 23
  }, {
    "shape" : "c608cb7d-e90f-44f0-ab39-9aaa6a67be5d",
    "color" : "#008D36",
    "position" : {
      "x" : 17.944271,
      "y" : -18.944271,
      "z" : -6.854102
    },
    "orientation" : 56
  }, {
    "shape" : "c608cb7d-e90f-44f0-ab39-9aaa6a67be5d",
    "color" : "#008D36",
    "position" : {
      "x" : -5.854102,
      "y" : 11.09017,
      "z" : 19.562305
    },
    "orientation" : 30
  }, {
    "shape" : "5f0341c8-54e0-4975-906e-86dced858ef2",
    "color" : "#FFFFFF",
    "position" : {
      "x" : -6.854102,
      "y" : 9.472136,
      "z" : -8.472136
    }
  }, {
    "shape" : "5f0341c8-54e0-4975-906e-86dced858ef2",
    "color" : "#FFFFFF",
    "position" : {
      "x" : 5.854102,
      "y" : -24.798374,
      "z" : 2.618034
    }
  }, {
    "shape" : "6dec85fb-4ef5-406b-808b-95695ce78543",
    "color" : "#9A754A",
    "position" : {
      "x" : 4.236068,
      "y" : -13.708204,
      "z" : -1.618034
    },
    "orientation" : 9
  }, {
    "shape" : "5f0341c8-54e0-4975-906e-86dced858ef2",
    "color" : "#FFFFFF",
    "position" : {
      "x" : 0.0,
      "y" : -6.854102,
      "z" : -1.0
    }
  }, {
    "shape" : "5f0341c8-54e0-4975-906e-86dced858ef2",
    "color" : "#FFFFFF",
    "position" : {
      "x" : -2.618034,
      "y" : -24.798374,
      "z" : 11.09017
    }
  }, {
    "shape" : "48c10f08-81d9-4950-bd5d-c1d77aa11730",
    "color" : "#9A754A",
    "position" : {
      "x" : 0.0,
      "y" : -6.854102,
      "z" : -1.0
    },
    "orientation" : 9
  }, {
    "shape" : "48c10f08-81d9-4950-bd5d-c1d77aa11730",
    "color" : "#9A754A",
    "position" : {
      "x" : 24.798374,
      "y" : 5.854102,
      "z" : -2.618034
    },
    "orientation" : 22
  }, {
    "shape" : "c608cb7d-e90f-44f0-ab39-9aaa6a67be5d",
    "color" : "#008D36",
    "position" : {
      "x" : 5.236068,
      "y" : 1.618034,
      "z" : 4.236068
    },
    "orientation" : 56
  }, {
    "shape" : "c608cb7d-e90f-44f0-ab39-9aaa6a67be5d",
    "color" : "#008D36",
    "position" : {
      "x" : 8.472136,
      "y" : -6.854102,
      "z" : -9.472136
    },
    "orientation" : 25
  }, {
    "shape" : "c608cb7d-e90f-44f0-ab39-9aaa6a67be5d",
    "color" : "#008D36",
    "position" : {
      "x" : -8.472136,
      "y" : 20.562305,
      "z" : 26.416409
    },
    "orientation" : 25
  }, {
    "shape" : "5f0341c8-54e0-4975-906e-86dced858ef2",
    "color" : "#FFFFFF",
    "position" : {
      "x" : 6.854102,
      "y" : -9.472136,
      "z" : 8.472136
    }
  }, {
    "shape" : "c608cb7d-e90f-44f0-ab39-9aaa6a67be5d",
    "color" : "#008D36",
    "position" : {
      "x" : -8.472136,
      "y" : 6.854102,
      "z" : 9.472136
    },
    "orientation" : 31
  }, {
    "shape" : "c608cb7d-e90f-44f0-ab39-9aaa6a67be5d",
    "color" : "#008D36",
    "position" : {
      "x" : 4.236068,
      "y" : 13.708204,
      "z" : -6.854102
    },
    "orientation" : 4
  }, {
    "shape" : "c608cb7d-e90f-44f0-ab39-9aaa6a67be5d",
    "color" : "#008D36",
    "position" : {
      "x" : -29.034441,
      "y" : -12.708204,
      "z" : -13.708204
    },
    "orientation" : 12
  }, {
    "shape" : "c608cb7d-e90f-44f0-ab39-9aaa6a67be5d",
    "color" : "#008D36",
    "position" : {
      "x" : -20.562305,
      "y" : -12.708204,
      "z" : -22.18034
    },
    "orientation" : 38
  }, {
    "shape" : "5f0341c8-54e0-4975-906e-86dced858ef2",
    "color" : "#FFFFFF",
    "position" : {
      "x" : 2.618034,
      "y" : 24.798374,
      "z" : -11.09017
    }
  }, {
    "shape" : "c608cb7d-e90f-44f0-ab39-9aaa6a67be5d",
    "color" : "#008D36",
    "position" : {
      "x" : -11.09017,
      "y" : 16.326239,
      "z" : 16.326239
    },
    "orientation" : 12
  }, {
    "shape" : "c608cb7d-e90f-44f0-ab39-9aaa6a67be5d",
    "color" : "#008D36",
    "position" : {
      "x" : 5.236068,
      "y" : 1.618034,
      "z" : 4.236068
    },
    "orientation" : 4
  }, {
    "shape" : "48c10f08-81d9-4950-bd5d-c1d77aa11730",
    "color" : "#9A754A",
    "position" : {
      "x" : -23.798374,
      "y" : -4.236068,
      "z" : -8.472136
    },
    "orientation" : 20
  }, {
    "shape" : "c608cb7d-e90f-44f0-ab39-9aaa6a67be5d",
    "color" : "#008D36",
    "position" : {
      "x" : -4.236068,
      "y" : -13.708204,
      "z" : 6.854102
    },
    "orientation" : 23
  }, {
    "shape" : "c608cb7d-e90f-44f0-ab39-9aaa6a67be5d",
    "color" : "#008D36",
    "position" : {
      "x" : -1.618034,
      "y" : 4.236068,
      "z" : -5.236068
    },
    "orientation" : 23
  }, {
    "shape" : "5f0341c8-54e0-4975-906e-86dced858ef2",
    "color" : "#FFFFFF",
    "position" : {
      "x" : -29.034441,
      "y" : -12.708204,
      "z" : -13.708204
    }
  }, {
    "shape" : "5f0341c8-54e0-4975-906e-86dced858ef2",
    "color" : "#FFFFFF",
    "position" : {
      "x" : -4.236068,
      "y" : 27.416409,
      "z" : -20.562305
    }
  }, {
    "shape" : "c608cb7d-e90f-44f0-ab39-9aaa6a67be5d",
    "color" : "#008D36",
    "position" : {
      "x" : -2.618034,
      "y" : -11.09017,
      "z" : -11.09017
    },
    "orientation" : 25
  }, {
    "shape" : "5f0341c8-54e0-4975-906e-86dced858ef2",
    "color" : "#FFFFFF",
    "position" : {
      "x" : 12.708204,
      "y" : 0.0,
      "z" : 6.854102
