{
  "polygons" : "true",
  "field" : "sqrtPhi",
  "symmetry" : "icosahedral",
  "orientations" : [ [ 1.0, 0.0, 0.0, 0.0, 0.0, 1.0, 0.0, 0.0, 0.0, 0.0, 1.0, 0.0, 0.0, 0.0, 0.0, 1.0 ], [ 0.0, 0.0, 1.0, 0.0, 1.0, 0.0, 0.0, 0.0, 0.0, 1.0, 0.0, 0.0, 0.0, 0.0, 0.0, 1.0 ], [ 0.0, 1.0, 0.0, 0.0, 0.0, 0.0, 1.0, 0.0, 1.0, 0.0, 0.0, 0.0, 0.0, 0.0, 0.0, 1.0 ], [ 0.809017, 0.309017, 0.5, 0.0, 0.309017, 0.5, -0.809017, 0.0, -0.5, 0.809017, 0.309017, 0.0, 0.0, 0.0, 0.0, 1.0 ], [ -0.5, 0.809017, 0.309017, 0.0, 0.809017, 0.309017, 0.5, 0.0, 0.309017, 0.5, -0.809017, 0.0, 0.0, 0.0, 0.0, 1.0 ], [ 0.309017, 0.5, -0.809017, 0.0, -0.5, 0.809017, 0.309017, 0.0, 0.809017, 0.309017, 0.5, 0.0, 0.0, 0.0, 0.0, 1.0 ], [ 0.5, 0.809017, 0.309017, 0.0, 0.809017, -0.309017, -0.5, 0.0, -0.309017, 0.5, -0.809017, 0.0, 0.0, 0.0, 0.0, 1.0 ], [ -0.309017, 0.5, -0.809017, 0.0, 0.5, 0.809017, 0.309017, 0.0, 0.809017, -0.309017, -0.5, 0.0, 0.0, 0.0, 0.0, 1.0 ], [ 0.809017, -0.309017, -0.5, 0.0, -0.309017, 0.5, -0.809017, 0.0, 0.5, 0.809017, 0.309017, 0.0, 0.0, 0.0, 0.0, 1.0 ], [ 0.5, 0.809017, -0.309017, 0.0, 0.809017, -0.309017, 0.5, 0.0, 0.309017, -0.5, -0.809017, 0.0, 0.0, 0.0, 0.0, 1.0 ], [ 0.309017, -0.5, -0.809017, 0.0, 0.5, 0.809017, -0.309017, 0.0, 0.809017, -0.309017, 0.5, 0.0, 0.0, 0.0, 0.0, 1.0 ], [ 0.809017, -0.309017, 0.5, 0.0, 0.309017, -0.5, -0.809017, 0.0, 0.5, 0.809017, -0.309017, 0.0, 0.0, 0.0, 0.0, 1.0 ], [ 0.809017, 0.309017, -0.5, 0.0, 0.309017, 0.5, 0.809017, 0.0, 0.5, -0.809017, 0.309017, 0.0, 0.0, 0.0, 0.0, 1.0 ], [ 0.5, -0.809017, 0.309017, 0.0, 0.809017, 0.309017, -0.5, 0.0, 0.309017, 0.5, 0.809017, 0.0, 0.0, 0.0, 0.0, 1.0 ], [ 0.309017, 0.5, 0.809017, 0.0, 0.5, -0.809017, 0.309017, 0.0, 0.809017, 0.309017, -0.5, 0.0, 0.0, 0.0, 0.0, 1.0 ], [ 1.0, 0.0, 0.0, 0.0, 0.0, -1.0, 0.0, 0.0, 0.0, 0.0, -1.0, 0.0, 0.0, 0.0, 0.0, 1.0 ], [ 0.0, 0.0, 1.0, 0.0, -1.0, 0.0, 0.0, 0.0, 0.0, -1.0, 0.0, 0.0, 0.0, 0.0, 0.0, 1.0 ], [ 0.0, 1.0, 0.0, 0.0, 0.0, 0.0, -1.0, 0.0, -1.0, 0.0, 0.0, 0.0, 0.0, 0.0, 0.0, 1.0 ], [ 0.809017, 0.309017, 0.5, 0.0, -0.309017, -0.5, 0.809017, 0.0, 0.5, -0.809017, -0.309017, 0.0, 0.0, 0.0, 0.0, 1.0 ], [ -0.5, 0.809017, 0.309017, 0.0, -0.809017, -0.309017, -0.5, 0.0, -0.309017, -0.5, 0.809017, 0.0, 0.0, 0.0, 0.0, 1.0 ], [ 0.309017, 0.5, -0.809017, 0.0, 0.5, -0.809017, -0.309017, 0.0, -0.809017, -0.309017, -0.5, 0.0, 0.0, 0.0, 0.0, 1.0 ], [ 0.5, 0.809017, 0.309017, 0.0, -0.809017, 0.309017, 0.5, 0.0, 0.309017, -0.5, 0.809017, 0.0, 0.0, 0.0, 0.0, 1.0 ], [ -0.309017, 0.5, -0.809017, 0.0, -0.5, -0.809017, -0.309017, 0.0, -0.809017, 0.309017, 0.5, 0.0, 0.0, 0.0, 0.0, 1.0 ], [ 0.809017, -0.309017, -0.5, 0.0, 0.309017, -0.5, 0.809017, 0.0, -0.5, -0.809017, -0.309017, 0.0, 0.0, 0.0, 0.0, 1.0 ], [ 0.5, 0.809017, -0.309017, 0.0, -0.809017, 0.309017, -0.5, 0.0, -0.309017, 0.5, 0.809017, 0.0, 0.0, 0.0, 0.0, 1.0 ], [ 0.309017, -0.5, -0.809017, 0.0, -0.5, -0.809017, 0.309017, 0.0, -0.809017, 0.309017, -0.5, 0.0, 0.0, 0.0, 0.0, 1.0 ], [ 0.809017, -0.309017, 0.5, 0.0, -0.309017, 0.5, 0.809017, 0.0, -0.5, -0.809017, 0.309017, 0.0, 0.0, 0.0, 0.0, 1.0 ], [ 0.809017, 0.309017, -0.5, 0.0, -0.309017, -0.5, -0.809017, 0.0, -0.5, 0.809017, -0.309017, 0.0, 0.0, 0.0, 0.0, 1.0 ], [ 0.5, -0.809017, 0.309017, 0.0, -0.809017, -0.309017, 0.5, 0.0, -0.309017, -0.5, -0.809017, 0.0, 0.0, 0.0, 0.0, 1.0 ], [ 0.309017, 0.5, 0.809017, 0.0, -0.5, 0.809017, -0.309017, 0.0, -0.809017, -0.309017, 0.5, 0.0, 0.0, 0.0, 0.0, 1.0 ], [ -1.0, 0.0, 0.0, 0.0, 0.0, -1.0, 0.0, 0.0, 0.0, 0.0, 1.0, 0.0, 0.0, 0.0, 0.0, 1.0 ], [ 0.0, 0.0, -1.0, 0.0, -1.0, 0.0, 0.0, 0.0, 0.0, 1.0, 0.0, 0.0, 0.0, 0.0, 0.0, 1.0 ], [ 0.0, -1.0, 0.0, 0.0, 0.0, 0.0, -1.0, 0.0, 1.0, 0.0, 0.0, 0.0, 0.0, 0.0, 0.0, 1.0 ], [ -0.809017, -0.309017, -0.5, 0.0, -0.309017, -0.5, 0.809017, 0.0, -0.5, 0.809017, 0.309017, 0.0, 0.0, 0.0, 0.0, 1.0 ], [ 0.5, -0.809017, -0.309017, 0.0, -0.809017, -0.309017, -0.5, 0.0, 0.309017, 0.5, -0.809017, 0.0, 0.0, 0.0, 0.0, 1.0 ], [ -0.309017, -0.5, 0.809017, 0.0, 0.5, -0.809017, -0.309017, 0.0, 0.809017, 0.309017, 0.5, 0.0, 0.0, 0.0, 0.0, 1.0 ], [ -0.5, -0.809017, -0.309017, 0.0, -0.809017, 0.309017, 0.5, 0.0, -0.309017, 0.5, -0.809017, 0.0, 0.0, 0.0, 0.0, 1.0 ], [ 0.309017, -0.5, 0.809017, 0.0, -0.5, -0.809017, -0.309017, 0.0, 0.809017, -0.309017, -0.5, 0.0, 0.0, 0.0, 0.0, 1.0 ], [ -0.809017, 0.309017, 0.5, 0.0, 0.309017, -0.5, 0.809017, 0.0, 0.5, 0.809017, 0.309017, 0.0, 0.0, 0.0, 0.0, 1.0 ], [ -0.5, -0.809017, 0.309017, 0.0, -0.809017, 0.309017, -0.5, 0.0, 0.309017, -0.5, -0.809017, 0.0, 0.0, 0.0, 0.0, 1.0 ], [ -0.309017, 0.5, 0.809017, 0.0, -0.5, -0.809017, 0.309017, 0.0, 0.809017, -0.309017, 0.5, 0.0, 0.0, 0.0, 0.0, 1.0 ], [ -0.809017, 0.309017, -0.5, 0.0, -0.309017, 0.5, 0.809017, 0.0, 0.5, 0.809017, -0.309017, 0.0, 0.0, 0.0, 0.0, 1.0 ], [ -0.809017, -0.309017, 0.5, 0.0, -0.309017, -0.5, -0.809017, 0.0, 0.5, -0.809017, 0.309017, 0.0, 0.0, 0.0, 0.0, 1.0 ], [ -0.5, 0.809017, -0.309017, 0.0, -0.809017, -0.309017, 0.5, 0.0, 0.309017, 0.5, 0.809017, 0.0, 0.0, 0.0, 0.0, 1.0 ], [ -0.309017, -0.5, -0.809017, 0.0, -0.5, 0.809017, -0.309017, 0.0, 0.809017, 0.309017, -0.5, 0.0, 0.0, 0.0, 0.0, 1.0 ], [ -1.0, 0.0, 0.0, 0.0, 0.0, 1.0, 0.0, 0.0, 0.0, 0.0, -1.0, 0.0, 0.0, 0.0, 0.0, 1.0 ], [ 0.0, 0.0, -1.0, 0.0, 1.0, 0.0, 0.0, 0.0, 0.0, -1.0, 0.0, 0.0, 0.0, 0.0, 0.0, 1.0 ], [ 0.0, -1.0, 0.0, 0.0, 0.0, 0.0, 1.0, 0.0, -1.0, 0.0, 0.0, 0.0, 0.0, 0.0, 0.0, 1.0 ], [ -0.809017, -0.309017, -0.5, 0.0, 0.309017, 0.5, -0.809017, 0.0, 0.5, -0.809017, -0.309017, 0.0, 0.0, 0.0, 0.0, 1.0 ], [ 0.5, -0.809017, -0.309017, 0.0, 0.809017, 0.309017, 0.5, 0.0, -0.309017, -0.5, 0.809017, 0.0, 0.0, 0.0, 0.0, 1.0 ], [ -0.309017, -0.5, 0.809017, 0.0, -0.5, 0.809017, 0.309017, 0.0, -0.809017, -0.309017, -0.5, 0.0, 0.0, 0.0, 0.0, 1.0 ], [ -0.5, -0.809017, -0.309017, 0.0, 0.809017, -0.309017, -0.5, 0.0, 0.309017, -0.5, 0.809017, 0.0, 0.0, 0.0, 0.0, 1.0 ], [ 0.309017, -0.5, 0.809017, 0.0, 0.5, 0.809017, 0.309017, 0.0, -0.809017, 0.309017, 0.5, 0.0, 0.0, 0.0, 0.0, 1.0 ], [ -0.809017, 0.309017, 0.5, 0.0, -0.309017, 0.5, -0.809017, 0.0, -0.5, -0.809017, -0.309017, 0.0, 0.0, 0.0, 0.0, 1.0 ], [ -0.5, -0.809017, 0.309017, 0.0, 0.809017, -0.309017, 0.5, 0.0, -0.309017, 0.5, 0.809017, 0.0, 0.0, 0.0, 0.0, 1.0 ], [ -0.309017, 0.5, 0.809017, 0.0, 0.5, 0.809017, -0.309017, 0.0, -0.809017, 0.309017, -0.5, 0.0, 0.0, 0.0, 0.0, 1.0 ], [ -0.809017, 0.309017, -0.5, 0.0, 0.309017, -0.5, -0.809017, 0.0, -0.5, -0.809017, 0.309017, 0.0, 0.0, 0.0, 0.0, 1.0 ], [ -0.809017, -0.309017, 0.5, 0.0, 0.309017, 0.5, 0.809017, 0.0, -0.5, 0.809017, -0.309017, 0.0, 0.0, 0.0, 0.0, 1.0 ], [ -0.5, 0.809017, -0.309017, 0.0, 0.809017, 0.309017, -0.5, 0.0, -0.309017, -0.5, -0.809017, 0.0, 0.0, 0.0, 0.0, 1.0 ], [ -0.309017, -0.5, -0.809017, 0.0, 0.5, -0.809017, 0.309017, 0.0, -0.809017, -0.309017, 0.5, 0.0, 0.0, 0.0, 0.0, 1.0 ] ],
  "lights" : {
    "backgroundColor" : "#AFC8DC",
    "ambientColor" : "#292929",
    "directionalLights" : [ {
      "direction" : [ 1.0, -1.0, -1.0 ],
      "color" : "#EBEBE4"
    }, {
      "direction" : [ -1.0, 0.0, 0.0 ],
      "color" : "#E4E4EB"
    }, {
      "direction" : [ 0.0, 0.0, -1.0 ],
      "color" : "#1E1E1E"
    } ]
  },
  "camera" : {
    "lookDirection" : {
      "x" : 0.64614105,
      "y" : 0.07154583,
      "z" : -0.75985384
    },
    "nearClipDistance" : 0.40552017,
    "farClipDistance" : 324.41684,
    "viewDistance" : 162.208,
    "lookAtPointRV" : {
      "x" : 0.0,
      "y" : 0.0,
      "z" : 0.0,
      "zero" : true
    },
    "lookDirectionRV" : {
      "x" : 0.64614105,
      "y" : 0.07154583,
      "z" : -0.75985384,
      "zero" : false
    },
    "upDirectionRV" : {
      "x" : -0.013663153,
      "y" : -0.9943346,
      "z" : -0.10523927,
      "zero" : false
    },
    "lookAtPoint" : {
      "x" : 0.0,
      "y" : 0.0,
      "z" : 0.0
    },
    "upDirection" : {
      "x" : -0.013663153,
      "y" : -0.9943346,
      "z" : -0.10523927
    },
    "stereo" : false,
    "perspective" : true,
    "fieldOfView" : 0.4426303,
    "width" : 72.993835,
    "position" : {
      "x" : -104.80924,
      "y" : -11.605306,
      "z" : 123.254364
    }
  },
  "embedding" : [ 1.0, 0.0, 0.0, 0.0, 0.0, 1.0, 0.0, 0.0, 0.0, 0.0, 1.0, 0.0, 0.0, 0.0, 0.0, 1.0 ],
  "shapes" : [ {
    "id" : "a29c0356-4a29-4f91-94df-cefd5be96ddd",
    "vertices" : [ {
      "x" : 0.0,
      "y" : 0.0,
      "z" : 0.0
    }, {
      "x" : 4.4258265,
      "y" : 3.4793696,
      "z" : -1.9479703
    }, {
      "x" : 5.9572263,
      "y" : 4.6832814,
      "z" : 3.6817682
    }, {
      "x" : 1.5313995,
      "y" : 1.2039118,
      "z" : 5.6297383
    } ],
    "faces" : [ {
      "vertices" : [ 0, 1, 2, 3 ]
    }, {
      "vertices" : [ 0, 3, 2, 1 ]
    } ]
  }, {
    "id" : "d99bf423-7cc8-4332-8084-5d1584a68f42",
    "vertices" : [ {
      "x" : 0.0,
      "y" : 0.0,
      "z" : 0.0
    }, {
      "x" : -5.961989,
      "y" : -3.3378966,
      "z" : -7.583767
    }, {
      "x" : 2.4730937,
      "y" : 2.2918417,
      "z" : -16.692875
    }, {
      "x" : 8.435082,
      "y" : 5.6297383,
      "z" : -9.109108
    } ],
    "faces" : [ {
      "vertices" : [ 0, 1, 2, 3 ]
    }, {
      "vertices" : [ 0, 3, 2, 1 ]
    } ]
  }, {
    "id" : "01c1123c-5e09-425c-a58f-66d70d713949",
    "vertices" : [ {
      "x" : 0.0,
      "y" : 0.0,
      "z" : 0.0
    }, {
      "x" : 2.7353113,
      "y" : 2.1503687,
      "z" : -1.2039118
    }, {
      "x" : 3.6817682,
      "y" : 2.8944273,
      "z" : 2.2754579
    }, {
      "x" : 0.94645697,
      "y" : 0.74405843,
      "z" : 3.4793696
    } ],
    "faces" : [ {
      "vertices" : [ 0, 1, 2, 3 ]
    }, {
      "vertices" : [ 0, 3, 2, 1 ]
    } ]
  }, {
    "id" : "65ab85f8-1952-401a-a6a9-1d5b5ef63066",
    "vertices" : [ {
      "x" : 0.0,
      "y" : 0.0,
      "z" : 0.0
    }, {
      "x" : -3.058171,
      "y" : -2.4041853,
      "z" : 1.3460144
    }, {
      "x" : -4.116342,
      "y" : -3.236068,
      "z" : -2.5440392
    } ],
    "faces" : [ {
      "vertices" : [ 0, 1, 2 ]
    }, {
      "vertices" : [ 0, 2, 1 ]
    } ]
  }, {
    "id" : "190857f3-5150-4eee-a12e-7c58baa461b6",
    "vertices" : [ {
      "x" : 0.0,
      "y" : 0.0,
      "z" : 0.0
    }, {
      "x" : -8.006395,
      "y" : -6.294239,
      "z" : -3.5239112
    }, {
      "x" : 2.7703278,
      "y" : 2.177897,
      "z" : -10.184293
    } ],
    "faces" : [ {
      "vertices" : [ 0, 1, 2 ]
    }, {
      "vertices" : [ 0, 2, 1 ]
    } ]
  }, {
    "id" : "63fccc4c-b084-4daf-a39e-64d71175d4e8",
    "vertices" : [ {
      "x" : 0.0,
      "y" : 0.0,
      "z" : 0.0
    }, {
      "x" : -7.161138,
      "y" : -5.6297383,
      "z" : 3.1518822
    }, {
      "x" : -4.6832814,
      "y" : -3.6817682,
      "z" : -5.9572263
    } ],
    "faces" : [ {
      "vertices" : [ 0, 1, 2 ]
    }, {
      "vertices" : [ 0, 2, 1 ]
    } ]
  }, {
    "id" : "ec5895f9-a4c7-4b32-a51c-6acbde6c68e0",
    "vertices" : [ {
      "x" : 0.0,
      "y" : 0.0,
      "z" : 0.0
    }, {
      "x" : -2.4778564,
      "y" : -1.9479703,
      "z" : -9.109108
    }, {
      "x" : 7.161138,
      "y" : 5.6297383,
      "z" : -3.1518822
    } ],
    "faces" : [ {
      "vertices" : [ 0, 1, 2 ]
    }, {
      "vertices" : [ 0, 2, 1 ]
    } ]
  }, {
    "id" : "fd480962-a38d-4551-8925-864a6c498042",
    "vertices" : [ {
      "x" : 0.0,
      "y" : 0.0,
      "z" : 0.0
    }, {
      "x" : -0.38196602,
      "y" : 0.0,
      "z" : -0.618034
    }, {
      "x" : -1.5858778,
      "y" : 5.0107694,
      "z" : 0.12602444
    }, {
      "x" : -1.2039118,
      "y" : 5.0107694,
      "z" : 0.74405843
    } ],
    "faces" : [ {
      "vertices" : [ 0, 1, 2, 3 ]
    }, {
      "vertices" : [ 0, 3, 2, 1 ]
    } ]
  }, {
    "id" : "76162efa-ba9a-49ce-9206-72a2adde82b9",
    "vertices" : [ {
      "x" : 0.0,
      "y" : 0.0,
      "z" : 0.0
    }, {
      "x" : -0.39135656,
      "y" : 0.6332282,
      "z" : 1.5603578
    }, {
      "x" : 7.6150393,
      "y" : -12.321392,
      "z" : 0.96792704
    }, {
      "x" : 7.161138,
      "y" : -11.586965,
      "z" : -0.5298862
    } ],
    "faces" : [ {
      "vertices" : [ 0, 1, 2, 3 ]
    }, {
      "vertices" : [ 0, 3, 2, 1 ]
    } ]
  }, {
    "id" : "79d738ea-8308-4eb1-9ca0-736d2ec076db",
    "vertices" : [ {
      "x" : 0.0,
      "y" : 0.0,
      "z" : 0.0
    }, {
      "x" : -1.058171,
      "y" : -0.8318826,
      "z" : 3.8900537
    }, {
      "x" : -4.116342,
      "y" : -3.236068,
      "z" : 2.5440392
    }, {
      "x" : -3.058171,
      "y" : -2.4041853,
      "z" : -1.3460144
    } ],
    "faces" : [ {
      "vertices" : [ 0, 1, 2, 3 ]
    }, {
      "vertices" : [ 0, 3, 2, 1 ]
    } ]
  }, {
    "id" : "559e8b59-9253-40c9-a7d6-ff22847f9f7f",
    "vertices" : [ {
      "x" : 0.0,
      "y" : 0.0,
      "z" : 0.0
    }, {
      "x" : -2.7703278,
      "y" : -2.177897,
      "z" : -10.184293
    }, {
      "x" : 5.236068,
      "y" : 4.116342,
      "z" : -6.6603813
    } ],
    "faces" : [ {
      "vertices" : [ 0, 1, 2 ]
    }, {
      "vertices" : [ 0, 2, 1 ]
    } ]
  }, {
    "id" : "ddfc4655-a1fe-4f8f-9f3c-31512f497415",
    "vertices" : [ {
      "x" : 0.0,
      "y" : 0.0,
      "z" : 0.0
    }, {
      "x" : -0.94645697,
      "y" : -0.74405843,
      "z" : 3.4793696
    }, {
      "x" : -3.6817682,
      "y" : -2.8944273,
      "z" : 4.6832814
    }, {
      "x" : -2.7353113,
      "y" : -2.1503687,
      "z" : 1.2039118
    } ],
    "faces" : [ {
      "vertices" : [ 0, 1, 2, 3 ]
    }, {
      "vertices" : [ 0, 3, 2, 1 ]
    } ]
  }, {
    "id" : "ffc4c9e0-f84b-4586-bd71-a7bf531fffb5",
    "vertices" : [ {
      "x" : 0.0,
      "y" : 0.0,
      "z" : 0.0
    }, {
      "x" : 2.8944273,
      "y" : 2.2754579,
      "z" : 3.6817682
    }, {
      "x" : -1.5313995,
      "y" : -1.2039118,
      "z" : 5.6297383
    } ],
    "faces" : [ {
      "vertices" : [ 0, 1, 2 ]
    }, {
      "vertices" : [ 0, 2, 1 ]
    } ]
  }, {
    "id" : "828e0c65-a93d-4ae7-aa9e-a3064d02f992",
    "vertices" : [ {
      "x" : 0.0,
      "y" : 0.0,
      "z" : 0.0
    }, {
      "x" : -6.294239,
      "y" : -3.5239112,
      "z" : -8.006395
    }, {
      "x" : -15.724948,
      "y" : -9.8181505,
      "z" : 2.177897
    }, {
      "x" : -9.430709,
      "y" : -6.294239,
      "z" : 10.184293
    } ],
    "faces" : [ {
      "vertices" : [ 0, 1, 2, 3 ]
    }, {
      "vertices" : [ 0, 3, 2, 1 ]
    } ]
  }, {
    "id" : "bf4bd2a5-9d35-4e13-97ec-cb7d4118398e",
    "vertices" : [ {
      "x" : 0.0,
      "y" : 0.0,
      "z" : 0.0
    }, {
      "x" : 5.236068,
      "y" : 4.116342,
      "z" : -6.6603813
    }, {
      "x" : 8.006395,
      "y" : 6.294239,
      "z" : 3.5239112
    } ],
    "faces" : [ {
      "vertices" : [ 0, 1, 2 ]
    }, {
      "vertices" : [ 0, 2, 1 ]
    } ]
  }, {
    "id" : "827fb014-0314-4a93-bf6c-f5337553e244",
    "vertices" : [ {
      "x" : 0.0,
      "y" : 0.0,
      "z" : 0.0
    }, {
      "x" : -2.624092,
      "y" : -2.0629337,
      "z" : 9.646701
    }, {
      "x" : -7.583767,
      "y" : -5.961989,
      "z" : 3.3378966
    } ],
    "faces" : [ {
      "vertices" : [ 0, 1, 2 ]
    }, {
      "vertices" : [ 0, 2, 1 ]
    } ]
  }, {
    "id" : "fed646ed-3181-4557-b84e-fa3464be79de",
    "vertices" : [ {
      "x" : 0.0,
      "y" : 0.0,
      "z" : 0.0
    }, {
      "x" : 3.6817682,
      "y" : 2.8944273,
      "z" : -2.2754579
    }, {
      "x" : 2.7353113,
      "y" : 2.1503687,
      "z" : 1.2039118
    } ],
    "faces" : [ {
      "vertices" : [ 0, 1, 2 ]
    }, {
      "vertices" : [ 0, 2, 1 ]
    } ]
  }, {
    "id" : "3293d0fe-e522-4ae5-802a-e0c84a27a5e9",
    "vertices" : [ {
      "x" : 0.0,
      "y" : 0.0,
      "z" : 0.0
    }, {
      "x" : 5.9572263,
      "y" : 4.6832814,
      "z" : -3.6817682
    }, {
      "x" : 4.4258265,
      "y" : 3.4793696,
      "z" : 1.9479703
    } ],
    "faces" : [ {
      "vertices" : [ 0, 1, 2 ]
    }, {
      "vertices" : [ 0, 2, 1 ]
    } ]
  }, {
    "id" : "6b5a2621-94d3-4a4c-8c57-f0e1c164b612",
    "vertices" : [ {
      "x" : 0.0,
      "y" : 0.0,
      "z" : 0.0
    }, {
      "x" : 3.058171,
      "y" : 2.4041853,
      "z" : 1.3460144
    }, {
      "x" : 4.116342,
      "y" : 3.236068,
      "z" : 5.236068
    }, {
      "x" : 1.058171,
      "y" : 0.8318826,
      "z" : 3.8900537
    } ],
    "faces" : [ {
      "vertices" : [ 0, 1, 2, 3 ]
    }, {
      "vertices" : [ 0, 3, 2, 1 ]
    } ]
  }, {
    "id" : "5fe0699f-27dc-473b-a797-421b6f9315ce",
    "vertices" : [ {
      "x" : 0.0,
      "y" : 0.0,
      "z" : 0.0
    }, {
      "x" : -0.9011147,
      "y" : 1.4580343,
      "z" : -0.22579357
    }, {
      "x" : 1.869213,
      "y" : -3.02445,
      "z" : 14.0748415
    }, {
      "x" : 2.4778564,
      "y" : -4.009256,
      "z" : 12.790876
    } ],
    "faces" : [ {
      "vertices" : [ 0, 1, 2, 3 ]
    }, {
      "vertices" : [ 0, 3, 2, 1 ]
    } ]
  }, {
    "id" : "391d3cee-d7b0-40de-99cd-2e926ed14e62",
    "vertices" : [ {
      "x" : 0.0,
      "y" : 0.0,
      "z" : 0.0
    }, {
      "x" : -0.6086435,
      "y" : 0.98480576,
      "z" : 1.2839646
    }, {
      "x" : 3.5076985,
      "y" : -5.6755757,
      "z" : 6.5200324
    }, {
      "x" : 3.8990552,
      "y" : -6.3088036,
      "z" : 4.959675
    } ],
    "faces" : [ {
      "vertices" : [ 0, 1, 2, 3 ]
    }, {
      "vertices" : [ 0, 3, 2, 1 ]
    } ]
  }, {
    "id" : "2ac3e447-b79c-424a-8d46-737a9c26d034",
    "vertices" : [ {
      "x" : 0.0,
      "y" : 0.0,
      "z" : 0.0
    }, {
      "x" : -0.78885436,
      "y" : 0.0,
      "z" : -1.2763932
    }, {
      "x" : -2.7368248,
      "y" : 8.1075945,
      "z" : -0.07248138
    }, {
      "x" : -1.9479703,
      "y" : 8.1075945,
      "z" : 1.2039118
    } ],
    "faces" : [ {
      "vertices" : [ 0, 1, 2, 3 ]
    }, {
      "vertices" : [ 0, 3, 2, 1 ]
    } ]
  }, {
    "id" : "4d2f2252-52c0-4d24-bbdd-01169a3f63ea",
    "vertices" : [ {
      "x" : 0.0,
      "y" : 0.0,
      "z" : 0.0
    }, {
      "x" : -4.9482245,
      "y" : -3.8900537,
      "z" : -2.177897
    }, {
      "x" : -3.236068,
      "y" : -2.5440392,
      "z" : -8.472136
    }, {
      "x" : 1.7121567,
      "y" : 1.3460144,
      "z" : -6.294239
    } ],
    "faces" : [ {
      "vertices" : [ 0, 1, 2, 3 ]
    }, {
      "vertices" : [ 0, 3, 2, 1 ]
    } ]
  }, {
    "id" : "c341ea7a-c8fa-4289-8430-6c74abdbce12",
    "vertices" : [ {
      "x" : 0.0,
      "y" : 0.0,
      "z" : 0.0
    }, {
      "x" : -4.9482245,
      "y" : -3.8900537,
      "z" : -2.177897
    }, {
      "x" : -1.7121567,
      "y" : -1.3460144,
      "z" : -6.294239
    } ],
    "faces" : [ {
      "vertices" : [ 0, 1, 2 ]
    }, {
      "vertices" : [ 0, 2, 1 ]
    } ]
  }, {
    "id" : "f6e41102-9043-4335-b206-f41a2322a00c",
    "vertices" : [ {
      "x" : 0.0,
      "y" : 0.0,
      "z" : 0.0
    }, {
      "x" : -0.16556297,
      "y" : 0.26788652,
      "z" : -1.6999059
    }, {
      "x" : -6.459802,
      "y" : 10.452179,
      "z" : 7.730803
    }, {
      "x" : -5.6297383,
      "y" : 9.109108,
      "z" : 8.435082
    } ],
    "faces" : [ {
      "vertices" : [ 0, 1, 2, 3 ]
    }, {
      "vertices" : [ 0, 3, 2, 1 ]
    } ]
  }, {
    "id" : "b91bd10a-61a8-476c-9ec3-a116608362a7",
    "vertices" : [ {
      "x" : 0.0,
      "y" : 0.0,
      "z" : 0.0
    }, {
      "x" : -4.9482245,
      "y" : -3.8900537,
      "z" : 2.177897
    }, {
      "x" : -6.6603813,
      "y" : -5.236068,
      "z" : -4.116342
    } ],
    "faces" : [ {
      "vertices" : [ 0, 1, 2 ]
    }, {
      "vertices" : [ 0, 2, 1 ]
    } ]
  }, {
    "id" : "67182e01-2e44-40d8-ae2b-38ccc53764a7",
    "vertices" : [ {
      "x" : 0.0,
      "y" : 0.0,
      "z" : 0.0
    }, {
      "x" : 0.45390114,
      "y" : -0.73442745,
      "z" : 1.4978132
    }, {
      "x" : 4.3439546,
      "y" : -7.0286665,
      "z" : -4.3306856
    }, {
      "x" : 3.6847117,
      "y" : -5.961989,
      "z" : -5.520833
    } ],
    "faces" : [ {
      "vertices" : [ 0, 1, 2, 3 ]
    }, {
      "vertices" : [ 0, 3, 2, 1 ]
    } ]
  }, {
    "id" : "1425bbeb-2c29-424f-8eb2-b006e4aab011",
    "vertices" : [ {
      "x" : 0.0,
      "y" : 0.0,
      "z" : 0.0
    }, {
      "x" : 0.65924305,
      "y" : -1.0666777,
      "z" : 1.1901478
    }, {
      "x" : 2.83714,
      "y" : -4.590589,
      "z" : -13.476629
    }, {
      "x" : 1.9479703,
      "y" : -3.1518822,
      "z" : -13.118364
    } ],
    "faces" : [ {
      "vertices" : [ 0, 1, 2, 3 ]
    }, {
      "vertices" : [ 0, 3, 2, 1 ]
    } ]
  }, {
    "id" : "dca350aa-4b58-4790-bf1e-f9b947dd50ea",
    "vertices" : [ {
      "x" : 0.0,
      "y" : 0.0,
      "z" : 0.0
    }, {
      "x" : 0.88916975,
      "y" : -1.4387069,
      "z" : -0.35826513
    }, {
      "x" : -0.8229869,
      "y" : 1.3316208,
      "z" : -9.196544
    }, {
      "x" : -1.6217781,
      "y" : 2.624092,
      "z" : -8.3717375
    } ],
    "faces" : [ {
      "vertices" : [ 0, 1, 2, 3 ]
    }, {
      "vertices" : [ 0, 3, 2, 1 ]
    } ]
  }, {
    "id" : "dcc185bb-67be-44b3-b4c5-d7631ff44e1b",
    "vertices" : [ {
      "x" : 0.0,
      "y" : 0.0,
      "z" : 0.0
    }, {
      "x" : 0.09563601,
      "y" : -0.15474232,
      "z" : -1.7192333
    }, {
      "x" : -4.8525887,
      "y" : 7.8516536,
      "z" : -1.3530909
    }, {
      "x" : -4.6870255,
      "y" : 7.583767,
      "z" : 0.34681502
    } ],
    "faces" : [ {
      "vertices" : [ 0, 1, 2, 3 ]
    }, {
      "vertices" : [ 0, 3, 2, 1 ]
    } ]
  }, {
    "id" : "f13d55f9-323b-4784-a728-8975ff071f7b",
    "vertices" : [ {
      "x" : 0.0,
      "y" : 0.0,
      "z" : 0.0
    }, {
      "x" : 0.79879117,
      "y" : -1.2924713,
      "z" : -0.82480603
    }, {
      "x" : -5.8615904,
      "y" : 9.484252,
      "z" : -9.296942
    }, {
      "x" : -5.9572263,
      "y" : 9.638994,
      "z" : -7.5777087
    } ],
    "faces" : [ {
      "vertices" : [ 0, 1, 2, 3 ]
    }, {
      "vertices" : [ 0, 3, 2, 1 ]
    } ]
  }, {
    "id" : "081c302e-bf2f-4e12-a444-5877e2a9e6ff",
    "vertices" : [ {
      "x" : 0.0,
      "y" : 0.0,
      "z" : 0.0
    }, {
      "x" : -0.83006346,
      "y" : 1.3430709,
      "z" : -0.7042795
    }, {
      "x" : -2.1760778,
      "y" : 3.520968,
      "z" : 8.360288
    }, {
      "x" : -1.2749631,
      "y" : 2.0629337,
      "z" : 8.586081
    } ],
    "faces" : [ {
      "vertices" : [ 0, 1, 2, 3 ]
    }, {
      "vertices" : [ 0, 3, 2, 1 ]
    } ]
  }, {
    "id" : "84e3d973-24ca-444a-ab97-d9c890ef7031",
    "orbit" : "0",
    "orbitC" : "[[-1,1,0,0,1],[1,1,0,-1,1]]",
    "length" : "[\"1\",\"0\",\"1\",\"0\",\"1\"]",
    "name" : " :1 +phi",
    "vertices" : [ {
      "x" : 6.133035,
      "y" : -8.09521,
      "z" : -0.26666668
    }, {
      "x" : 6.0330353,
      "y" : -7.99521,
      "z" : 0.13333334
    }, {
      "x" : 0.52734596,
      "y" : -0.37692577,
      "z" : 0.26666668
    }, {
      "x" : 0.6273459,
      "y" : -0.47692576,
      "z" : -0.13333334
    }, {
      "x" : 6.3330355,
      "y" : -7.761877,
      "z" : 0.26666668
    }, {
      "x" : 6.4330354,
      "y" : -7.861877,
      "z" : -0.13333334
    }, {
      "x" : 0.32734594,
      "y" : -0.7102591,
      "z" : -0.26666668
    }, {
      "x" : 0.22734594,
      "y" : -0.6102591,
      "z" : 0.13333334
    } ],
    "faces" : [ {
      "vertices" : [ 2, 3, 6, 7 ]
    }, {
      "vertices" : [ 0, 5, 4, 1 ]
    }, {
      "vertices" : [ 2, 4, 5, 3 ]
    }, {
      "vertices" : [ 0, 6, 3, 5 ]
    }, {
      "vertices" : [ 0, 1, 7, 6 ]
    }, {
      "vertices" : [ 1, 4, 2, 7 ]
    } ]
  }, {
    "id" : "7e19aeaa-593e-4f7a-9649-8bc73b3bc043",
    "orbit" : "blue",
    "orbitC" : "[[0,0,0,0,1],[0,0,0,0,1]]",
    "length" : "[\"-1\",\"0\",\"0\",\"1\",\"1\"]",
    "name" : " :-1 +phi*sqrt(phi)",
    "vertices" : [ {
      "x" : 0.42838138,
      "y" : 0.0,
      "z" : 0.0
    }, {
      "x" : 1.121517,
      "y" : -0.3465678,
      "z" : -0.21419069
    }, {
      "x" : 1.121517,
      "y" : -0.3465678,
      "z" : 0.21419069
    }, {
      "x" : 1.121517,
      "y" : 0.3465678,
      "z" : -0.21419069
    }, {
      "x" : 1.121517,
      "y" : 0.3465678,
      "z" : 0.21419069
    }, {
      "x" : 3.234277,
      "y" : -0.3465678,
      "z" : -0.21419069
    }, {
      "x" : 3.234277,
      "y" : -0.3465678,
      "z" : 0.21419069
    }, {
      "x" : 3.234277,
      "y" : 0.3465678,
      "z" : -0.21419069
    }, {
      "x" : 3.234277,
      "y" : 0.3465678,
      "z" : 0.21419069
    }, {
      "x" : 3.9274125,
      "y" : 0.0,
      "z" : 0.0
    }, {
      "x" : 4.355794,
      "y" : 0.0,
      "z" : 0.0
    } ],
    "faces" : [ {
      "vertices" : [ 1, 3, 7, 5 ]
    }, {
      "vertices" : [ 0, 1, 2 ]
    }, {
      "vertices" : [ 0, 3, 1 ]
    }, {
      "vertices" : [ 5, 9, 6 ]
    }, {
      "vertices" : [ 2, 6, 8, 4 ]
    }, {
      "vertices" : [ 5, 7, 9 ]
    }, {
      "vertices" : [ 0, 2, 4 ]
    }, {
      "vertices" : [ 3, 4, 8, 7 ]
    }, {
      "vertices" : [ 0, 4, 3 ]
    }, {
      "vertices" : [ 6, 9, 8 ]
    }, {
      "vertices" : [ 7, 8, 9 ]
    }, {
      "vertices" : [ 1, 5, 6, 2 ]
    } ]
  }, {
    "id" : "368cefec-73a1-4130-b132-6422b711996a",
    "orbit" : "blue",
    "orbitC" : "[[0,0,0,0,1],[0,0,0,0,1]]",
    "length" : "[\"1\",\"-1\",\"1\",\"0\",\"1\"]",
    "name" : " :1 -sqrt(phi) +phi",
    "vertices" : [ {
      "x" : 0.42838138,
      "y" : 0.0,
      "z" : 0.0
    }, {
      "x" : 1.121517,
      "y" : -0.3465678,
      "z" : -0.21419069
    }, {
      "x" : 1.121517,
      "y" : -0.3465678,
      "z" : 0.21419069
    }, {
      "x" : 1.121517,
      "y" : 0.3465678,
      "z" : -0.21419069
    }, {
      "x" : 1.121517,
      "y" : 0.3465678,
      "z" : 0.21419069
    }, {
      "x" : 4.4191384,
      "y" : -0.3465678,
      "z" : -0.21419069
    }, {
      "x" : 4.4191384,
      "y" : -0.3465678,
      "z" : 0.21419069
    }, {
      "x" : 4.4191384,
      "y" : 0.3465678,
      "z" : -0.21419069
    }, {
      "x" : 4.4191384,
      "y" : 0.3465678,
      "z" : 0.21419069
    }, {
      "x" : 5.112274,
      "y" : 0.0,
      "z" : 0.0
    }, {
      "x" : 5.5406556,
      "y" : 0.0,
      "z" : 0.0
    } ],
    "faces" : [ {
      "vertices" : [ 1, 3, 7, 5 ]
    }, {
      "vertices" : [ 0, 1, 2 ]
    }, {
      "vertices" : [ 0, 3, 1 ]
    }, {
      "vertices" : [ 5, 9, 6 ]
    }, {
      "vertices" : [ 2, 6, 8, 4 ]
    }, {
      "vertices" : [ 5, 7, 9 ]
    }, {
      "vertices" : [ 0, 2, 4 ]
    }, {
      "vertices" : [ 3, 4, 8, 7 ]
    }, {
      "vertices" : [ 0, 4, 3 ]
    }, {
      "vertices" : [ 6, 9, 8 ]
    }, {
      "vertices" : [ 7, 8, 9 ]
    }, {
      "vertices" : [ 1, 5, 6, 2 ]
    } ]
  }, {
    "id" : "55df5023-a4e5-47a9-985d-afd05430e05c",
    "name" : "ball",
    "vertices" : [ {
      "x" : -0.3465678,
      "y" : -0.21419069,
      "z" : 0.0
    }, {
      "x" : -0.3465678,
      "y" : 0.21419069,
      "z" : 0.0
    }, {
      "x" : -0.21419069,
      "y" : 0.0,
      "z" : -0.3465678
    }, {
      "x" : -0.21419069,
      "y" : 0.0,
      "z" : 0.3465678
    }, {
      "x" : 0.0,
      "y" : -0.3465678,
      "z" : -0.21419069
    }, {
      "x" : 0.0,
      "y" : -0.3465678,
      "z" : 0.21419069
    }, {
      "x" : 0.0,
      "y" : 0.3465678,
      "z" : -0.21419069
    }, {
      "x" : 0.0,
      "y" : 0.3465678,
      "z" : 0.21419069
    }, {
      "x" : 0.21419069,
      "y" : 0.0,
      "z" : -0.3465678
    }, {
      "x" : 0.21419069,
      "y" : 0.0,
      "z" : 0.3465678
    }, {
      "x" : 0.3465678,
      "y" : -0.21419069,
      "z" : 0.0
    }, {
      "x" : 0.3465678,
      "y" : 0.21419069,
      "z" : 0.0
    } ],
    "faces" : [ {
      "vertices" : [ 0, 1, 2 ]
    }, {
      "vertices" : [ 0, 3, 1 ]
    }, {
      "vertices" : [ 0, 2, 4 ]
    }, {
      "vertices" : [ 0, 5, 3 ]
    }, {
      "vertices" : [ 0, 4, 5 ]
    }, {
      "vertices" : [ 1, 6, 2 ]
    }, {
      "vertices" : [ 1, 3, 7 ]
    }, {
      "vertices" : [ 1, 7, 6 ]
    }, {
      "vertices" : [ 2, 8, 4 ]
    }, {
      "vertices" : [ 2, 6, 8 ]
    }, {
      "vertices" : [ 3, 5, 9 ]
    }, {
      "vertices" : [ 3, 9, 7 ]
    }, {
      "vertices" : [ 4, 10, 5 ]
    }, {
      "vertices" : [ 4, 8, 10 ]
    }, {
      "vertices" : [ 5, 10, 9 ]
    }, {
      "vertices" : [ 6, 7, 11 ]
    }, {
      "vertices" : [ 6, 11, 8 ]
    }, {
      "vertices" : [ 7, 9, 11 ]
    }, {
      "vertices" : [ 8, 11, 10 ]
    }, {
      "vertices" : [ 9, 10, 11 ]
    } ]
  } ],
  "instances" : [ {
    "shape" : "a29c0356-4a29-4f91-94df-cefd5be96ddd",
    "color" : "#FFFFFF",
    "position" : {
      "x" : 13.686817,
      "y" : -2.4778564,
      "z" : 9.354858
    },
    "orientation" : 30
  }, {
    "shape" : "d99bf423-7cc8-4332-8084-5d1584a68f42",
    "color" : "#FFFFFF",
    "position" : {
      "x" : -3.7888544,
      "y" : 9.638994,
      "z" : 6.130495
    },
    "orientation" : 24
  }, {
    "shape" : "01c1123c-5e09-425c-a58f-66d70d713949",
    "color" : "#FFFFFF",
    "position" : {
      "x" : 8.111557,
      "y" : -1.2039118,
      "z" : 21.23237
    },
    "orientation" : 52
  }, {
    "shape" : "a29c0356-4a29-4f91-94df-cefd5be96ddd",
    "color" : "#FFFFFF",
    "position" : {
      "x" : 4.5777087,
      "y" : 5.9572263,
      "z" : 14.984597
    },
    "orientation" : 29
  }, {
    "shape" : "65ab85f8-1952-401a-a6a9-1d5b5ef63066",
    "color" : "#FFFFFF",
    "position" : {
      "x" : 10.530307,
      "y" : 4.9482245,
      "z" : 16.672253
    },
    "orientation" : 54
  }, {
    "shape" : "190857f3-5150-4eee-a12e-7c58baa461b6",
    "color" : "#FFFFFF",
    "position" : {
      "x" : 12.242464,
      "y" : 2.177897,
      "z" : 5.1419454
    },
    "orientation" : 13
  }, {
    "shape" : "63fccc4c-b084-4daf-a39e-64d71175d4e8",
    "color" : "#FFFFFF",
    "position" : {
      "x" : 10.949992,
      "y" : 1.9479703,
      "z" : 4.599096
    },
    "orientation" : 4
  }, {
    "shape" : "ec5895f9-a4c7-4b32-a51c-6acbde6c68e0",
    "color" : "#FFFFFF",
    "position" : {
      "x" : 8.472136,
      "y" : -5.9572263,
      "z" : 6.130495
    },
    "orientation" : 30
  }, {
    "shape" : "fd480962-a38d-4551-8925-864a6c498042",
    "color" : "#FFFFFF",
    "position" : {
      "x" : 12.537383,
      "y" : -3.6817682,
      "z" : 15.602632
    },
    "orientation" : 13
  }, {
    "shape" : "76162efa-ba9a-49ce-9206-72a2adde82b9",
    "color" : "#EC888B",
    "position" : {
      "x" : -7.126751,
      "y" : 17.222761,
      "z" : 0.16850641
    },
    "orientation" : 47
  }, {
    "shape" : "65ab85f8-1952-401a-a6a9-1d5b5ef63066",
    "color" : "#FFFFFF",
    "position" : {
      "x" : 14.420361,
      "y" : 1.3460144,
      "z" : 14.268067
    },
    "orientation" : 52
  }, {
    "shape" : "79d738ea-8308-4eb1-9ca0-736d2ec076db",
    "color" : "#FFFFFF",
    "position" : {
      "x" : 11.650033,
      "y" : -4.9482245,
      "z" : 19.216291
    },
    "orientation" : 21
  }, {
    "shape" : "559e8b59-9253-40c9-a7d6-ff22847f9f7f",
    "color" : "#FFFFFF",
    "position" : {
      "x" : 15.012792,
      "y" : -2.3045874,
      "z" : -13.514483
    },
    "orientation" : 28
  }, {
    "shape" : "ddfc4655-a1fe-4f8f-9f3c-31512f497415",
    "color" : "#FFFFFF",
    "position" : {
      "x" : 14.326238,
      "y" : 0.0,
      "z" : 23.18034
    },
    "orientation" : 6
  }, {
    "shape" : "ffc4c9e0-f84b-4586-bd71-a7bf531fffb5",
    "color" : "#FFFFFF",
    "position" : {
      "x" : 13.686817,
      "y" : 1.2039118,
      "z" : 14.03814
    },
    "orientation" : 41
  }, {
    "shape" : "65ab85f8-1952-401a-a6a9-1d5b5ef63066",
    "color" : "#FFFFFF",
    "position" : {
      "x" : 7.7599792,
      "y" : -3.8900537,
      "z" : 18.384409
    },
    "orientation" : 19
  }, {
    "shape" : "ddfc4655-a1fe-4f8f-9f3c-31512f497415",
    "color" : "#FFFFFF",
    "position" : {
      "x" : 14.326238,
      "y" : 0.0,
      "z" : 23.18034
    },
    "orientation" : 4
  }, {
    "shape" : "828e0c65-a93d-4ae7-aa9e-a3064d02f992",
    "color" : "#FFFFFF",
    "position" : {
      "x" : -8.718553,
      "y" : -3.5239112,
      "z" : 9.62443
    },
    "orientation" : 1
  }, {
    "shape" : "ec5895f9-a4c7-4b32-a51c-6acbde6c68e0",
    "color" : "#FFFFFF",
    "position" : {
      "x" : 10.949992,
      "y" : 1.9479703,
      "z" : 4.599096
    },
    "orientation" : 19
  }, {
    "shape" : "ddfc4655-a1fe-4f8f-9f3c-31512f497415",
    "color" : "#FFFFFF",
    "position" : {
      "x" : 14.326238,
      "y" : 0.0,
      "z" : 23.18034
    },
    "orientation" : 41
  }, {
    "shape" : "828e0c65-a93d-4ae7-aa9e-a3064d02f992",
    "color" : "#FFFFFF",
    "position" : {
      "x" : 1.4657402,
      "y" : -12.95462,
      "z" : 3.3301907
    },
    "orientation" : 38
  }, {
    "shape" : "bf4bd2a5-9d35-4e13-97ec-cb7d4118398e",
    "color" : "#FFFFFF",
    "position" : {
      "x" : 1.4657402,
      "y" : -6.294239,
      "z" : 11.802326
    },
    "orientation" : 48
  }, {
    "shape" : "827fb014-0314-4a93-bf6c-f5337553e244",
    "color" : "#FFFFFF",
    "position" : {
      "x" : 10.949992,
      "y" : -4.009256,
      "z" : -2.9786131
    },
    "orientation" : 4
  }, {
    "shape" : "ffc4c9e0-f84b-4586-bd71-a7bf531fffb5",
    "color" : "#FFFFFF",
    "position" : {
      "x" : 7.729591,
      "y" : -3.4793696,
      "z" : 17.719908
    },
    "orientation" : 6
  }, {
    "shape" : "ddfc4655-a1fe-4f8f-9f3c-31512f497415",
    "color" : "#FFFFFF",
    "position" : {
      "x" : 14.326238,
      "y" : 0.0,
      "z" : 23.18034
    },
    "orientation" : 31
  }, {
    "shape" : "79d738ea-8308-4eb1-9ca0-736d2ec076db",
    "color" : "#FFFFFF",
    "position" : {
      "x" : 9.472136,
      "y" : 4.116342,
      "z" : 20.562305
    },
    "orientation" : 35
  }, {
    "shape" : "190857f3-5150-4eee-a12e-7c58baa461b6",
    "color" : "#FFFFFF",
    "position" : {
      "x" : 1.4657402,
      "y" : -6.294239,
      "z" : 11.802326
    },
    "orientation" : 21
  }, {
    "shape" : "fed646ed-3181-4557-b84e-fa3464be79de",
    "color" : "#FFFFFF",
    "position" : {
      "x" : 6.907645,
      "y" : 1.5313995,
      "z" : 19.082
    },
    "orientation" : 0
  }, {
    "shape" : "fd480962-a38d-4551-8925-864a6c498042",
    "color" : "#FFFFFF",
    "position" : {
      "x" : 10.589414,
      "y" : 4.4258265,
      "z" : 16.806543
    },
    "orientation" : 40
  }, {
    "shape" : "828e0c65-a93d-4ae7-aa9e-a3064d02f992",
    "color" : "#FFFFFF",
    "position" : {
      "x" : 12.242464,
      "y" : -4.4824843,
      "z" : -3.3301907
    },
    "orientation" : 43
  }, {
    "shape" : "fed646ed-3181-4557-b84e-fa3464be79de",
    "color" : "#FFFFFF",
    "position" : {
      "x" : 8.111557,
      "y" : -3.4793696,
      "z" : 18.337942
    },
    "orientation" : 13
  }, {
    "shape" : "3293d0fe-e522-4ae5-802a-e0c84a27a5e9",
    "color" : "#FFFFFF",
    "position" : {
      "x" : 11.738847,
      "y" : 1.9479703,
      "z" : 5.8754888
    },
    "orientation" : 40
  }, {
    "shape" : "bf4bd2a5-9d35-4e13-97ec-cb7d4118398e",
    "color" : "#FFFFFF",
    "position" : {
      "x" : 5.9482245,
      "y" : 8.006395,
      "z" : 9.031999
    },
    "orientation" : 23
  }, {
    "shape" : "559e8b59-9253-40c9-a7d6-ff22847f9f7f",
    "color" : "#FFFFFF",
    "position" : {
      "x" : -14.420361,
      "y" : 13.547051,
      "z" : 4.676205
    },
    "orientation" : 46
  }, {
    "shape" : "6b5a2621-94d3-4a4c-8c57-f0e1c164b612",
    "color" : "#FFFFFF",
    "position" : {
      "x" : 14.708204,
      "y" : 0.0,
      "z" : 23.798374
    },
    "orientation" : 48
  }, {
    "shape" : "ec5895f9-a4c7-4b32-a51c-6acbde6c68e0",
    "color" : "#FFFFFF",
    "position" : {
      "x" : -0.6369723,
      "y" : 2.4778564,
      "z" : 11.760234
    },
    "orientation" : 52
  }, {
    "shape" : "5fe0699f-27dc-473b-a797-421b6f9315ce",
    "color" : "#EC888B",
    "position" : {
      "x" : -17.44481,
      "y" : -0.52779,
      "z" : 6.545418
    },
    "orientation" : 47
  }, {
    "shape" : "d99bf423-7cc8-4332-8084-5d1584a68f42",
    "color" : "#FFFFFF",
    "position" : {
      "x" : 7.7981105,
      "y" : 9.109108,
      "z" : -1.0306429
    },
    "orientation" : 43
  }, {
    "shape" : "391d3cee-d7b0-40de-99cd-2e926ed14e62",
    "color" : "#EC888B",
    "position" : {
      "x" : -13.4355545,
      "y" : 12.263086,
      "z" : 4.0675616
    },
    "orientation" : 47
  }, {
    "shape" : "2ac3e447-b79c-424a-8d46-737a9c26d034",
    "color" : "#FFFFFF",
    "position" : {
      "x" : 11.738847,
      "y" : 1.9479703,
      "z" : 5.8754888
    },
    "orientation" : 35
  }, {
    "shape" : "4d2f2252-52c0-4d24-bbdd-01169a3f63ea",
    "color" : "#FFFFFF",
    "position" : {
      "x" : 7.7599792,
      "y" : -3.8900537,
      "z" : 18.384409
    },
    "orientation" : 21
  }, {
    "shape" : "fd480962-a38d-4551-8925-864a6c498042",
    "color" : "#FFFFFF",
    "position" : {
      "x" : 14.068783,
      "y" : 1.2039118,
      "z" : 14.656175
    },
    "orientation" : 35
  }, {
    "shape" : "ec5895f9-a4c7-4b32-a51c-6acbde6c68e0",
    "color" : "#FFFFFF",
    "position" : {
      "x" : 5.320254,
      "y" : 7.161138,
      "z" : 8.078465
    },
    "orientation" : 29
  }, {
    "shape" : "63fccc4c-b084-4daf-a39e-64d71175d4e8",
    "color" : "#FFFFFF",
    "position" : {
      "x" : 1.310998,
      "y" : -5.6297383,
      "z" : 10.556322
    },
    "orientation" : 27
  }, {
    "shape" : "559e8b59-9253-40c9-a7d6-ff22847f9f7f",
    "color" : "#FFFFFF",
    "position" : {
      "x" : 5.194641,
      "y" : 18.19069,
      "z" : -7.4465327
    },
    "orientation" : 23
  }, {
    "shape" : "4d2f2252-52c0-4d24-bbdd-01169a3f63ea",
    "color" : "#FFFFFF",
    "position" : {
      "x" : 6.4139647,
      "y" : 1.7121567,
      "z" : 19.216291
    },
    "orientation" : 40
  }, {
    "shape" : "3293d0fe-e522-4ae5-802a-e0c84a27a5e9",
    "color" : "#FFFFFF",
    "position" : {
      "x" : 6.1091084,
      "y" : 7.161138,
      "z" : 9.354858
    },
    "orientation" : 21
  }, {
    "shape" : "ffc4c9e0-f84b-4586-bd71-a7bf531fffb5",
    "color" : "#FFFFFF",
    "position" : {
      "x" : 6.525679,
      "y" : 1.5313995,
      "z" : 18.463966
    },
    "orientation" : 27
  }, {
    "shape" : "190857f3-5150-4eee-a12e-7c58baa461b6",
    "color" : "#FFFFFF",
    "position" : {
      "x" : 5.9482245,
      "y" : 8.006395,
      "z" : 9.031999
    },
    "orientation" : 35
  }, {
    "shape" : "6b5a2621-94d3-4a4c-8c57-f0e1c164b612",
    "color" : "#FFFFFF",
    "position" : {
      "x" : 14.708204,
      "y" : 0.0,
      "z" : 23.798374
    },
    "orientation" : 28
  }, {
    "shape" : "6b5a2621-94d3-4a4c-8c57-f0e1c164b612",
    "color" : "#FFFFFF",
    "position" : {
      "x" : 14.708204,
      "y" : 0.0,
      "z" : 23.798374
    },
    "orientation" : 46
  }, {
    "shape" : "2ac3e447-b79c-424a-8d46-737a9c26d034",
    "color" : "#FFFFFF",
    "position" : {
      "x" : 2.0998523,
      "y" : -5.6297383,
      "z" : 11.832715
    },
    "orientation" : 0
  }, {
    "shape" : "c341ea7a-c8fa-4289-8430-6c74abdbce12",
    "color" : "#FFFFFF",
    "position" : {
      "x" : 12.242464,
      "y" : 6.294239,
      "z" : 10.378014
    },
    "orientation" : 23
  }, {
    "shape" : "827fb014-0314-4a93-bf6c-f5337553e244",
    "color" : "#FFFFFF",
    "position" : {
      "x" : -7.7981105,
      "y" : -3.1518822,
      "z" : 8.608352
    },
    "orientation" : 27
  }, {
    "shape" : "f6e41102-9043-4335-b206-f41a2322a00c",
    "color" : "#EC888B",
    "position" : {
      "x" : -6.272769,
      "y" : -17.548954,
      "z" : -0.3592836
    },
    "orientation" : 47
  }, {
    "shape" : "b91bd10a-61a8-476c-9ec3-a116608362a7",
    "color" : "#FFFFFF",
    "position" : {
      "x" : -0.7121567,
      "y" : 2.7703278,
      "z" : 13.148341
    },
    "orientation" : 30
  }, {
    "shape" : "79d738ea-8308-4eb1-9ca0-736d2ec076db",
    "color" : "#FFFFFF",
    "position" : {
      "x" : 15.766375,
      "y" : -1.7121567,
      "z" : 16.672253
    },
    "orientation" : 0
