{
  "field" : "golden",
  "symmetry" : "icosahedral",
  "orientations" : [ [ 1.0, 0.0, 0.0, 0.0, 0.0, 1.0, 0.0, 0.0, 0.0, 0.0, 1.0, 0.0, 0.0, 0.0, 0.0, 1.0 ], [ 0.0, 0.0, 1.0, 0.0, 1.0, 0.0, 0.0, 0.0, 0.0, 1.0, 0.0, 0.0, 0.0, 0.0, 0.0, 1.0 ], [ 0.0, 1.0, 0.0, 0.0, 0.0, 0.0, 1.0, 0.0, 1.0, 0.0, 0.0, 0.0, 0.0, 0.0, 0.0, 1.0 ], [ 0.809017, 0.309017, 0.5, 0.0, 0.309017, 0.5, -0.809017, 0.0, -0.5, 0.809017, 0.309017, 0.0, 0.0, 0.0, 0.0, 1.0 ], [ -0.5, 0.809017, 0.309017, 0.0, 0.809017, 0.309017, 0.5, 0.0, 0.309017, 0.5, -0.809017, 0.0, 0.0, 0.0, 0.0, 1.0 ], [ 0.309017, 0.5, -0.809017, 0.0, -0.5, 0.809017, 0.309017, 0.0, 0.809017, 0.309017, 0.5, 0.0, 0.0, 0.0, 0.0, 1.0 ], [ 0.5, 0.809017, 0.309017, 0.0, 0.809017, -0.309017, -0.5, 0.0, -0.309017, 0.5, -0.809017, 0.0, 0.0, 0.0, 0.0, 1.0 ], [ -0.309017, 0.5, -0.809017, 0.0, 0.5, 0.809017, 0.309017, 0.0, 0.809017, -0.309017, -0.5, 0.0, 0.0, 0.0, 0.0, 1.0 ], [ 0.809017, -0.309017, -0.5, 0.0, -0.309017, 0.5, -0.809017, 0.0, 0.5, 0.809017, 0.309017, 0.0, 0.0, 0.0, 0.0, 1.0 ], [ 0.5, 0.809017, -0.309017, 0.0, 0.809017, -0.309017, 0.5, 0.0, 0.309017, -0.5, -0.809017, 0.0, 0.0, 0.0, 0.0, 1.0 ], [ 0.309017, -0.5, -0.809017, 0.0, 0.5, 0.809017, -0.309017, 0.0, 0.809017, -0.309017, 0.5, 0.0, 0.0, 0.0, 0.0, 1.0 ], [ 0.809017, -0.309017, 0.5, 0.0, 0.309017, -0.5, -0.809017, 0.0, 0.5, 0.809017, -0.309017, 0.0, 0.0, 0.0, 0.0, 1.0 ], [ 0.809017, 0.309017, -0.5, 0.0, 0.309017, 0.5, 0.809017, 0.0, 0.5, -0.809017, 0.309017, 0.0, 0.0, 0.0, 0.0, 1.0 ], [ 0.5, -0.809017, 0.309017, 0.0, 0.809017, 0.309017, -0.5, 0.0, 0.309017, 0.5, 0.809017, 0.0, 0.0, 0.0, 0.0, 1.0 ], [ 0.309017, 0.5, 0.809017, 0.0, 0.5, -0.809017, 0.309017, 0.0, 0.809017, 0.309017, -0.5, 0.0, 0.0, 0.0, 0.0, 1.0 ], [ 1.0, 0.0, 0.0, 0.0, 0.0, -1.0, 0.0, 0.0, 0.0, 0.0, -1.0, 0.0, 0.0, 0.0, 0.0, 1.0 ], [ 0.0, 0.0, 1.0, 0.0, -1.0, 0.0, 0.0, 0.0, 0.0, -1.0, 0.0, 0.0, 0.0, 0.0, 0.0, 1.0 ], [ 0.0, 1.0, 0.0, 0.0, 0.0, 0.0, -1.0, 0.0, -1.0, 0.0, 0.0, 0.0, 0.0, 0.0, 0.0, 1.0 ], [ 0.809017, 0.309017, 0.5, 0.0, -0.309017, -0.5, 0.809017, 0.0, 0.5, -0.809017, -0.309017, 0.0, 0.0, 0.0, 0.0, 1.0 ], [ -0.5, 0.809017, 0.309017, 0.0, -0.809017, -0.309017, -0.5, 0.0, -0.309017, -0.5, 0.809017, 0.0, 0.0, 0.0, 0.0, 1.0 ], [ 0.309017, 0.5, -0.809017, 0.0, 0.5, -0.809017, -0.309017, 0.0, -0.809017, -0.309017, -0.5, 0.0, 0.0, 0.0, 0.0, 1.0 ], [ 0.5, 0.809017, 0.309017, 0.0, -0.809017, 0.309017, 0.5, 0.0, 0.309017, -0.5, 0.809017, 0.0, 0.0, 0.0, 0.0, 1.0 ], [ -0.309017, 0.5, -0.809017, 0.0, -0.5, -0.809017, -0.309017, 0.0, -0.809017, 0.309017, 0.5, 0.0, 0.0, 0.0, 0.0, 1.0 ], [ 0.809017, -0.309017, -0.5, 0.0, 0.309017, -0.5, 0.809017, 0.0, -0.5, -0.809017, -0.309017, 0.0, 0.0, 0.0, 0.0, 1.0 ], [ 0.5, 0.809017, -0.309017, 0.0, -0.809017, 0.309017, -0.5, 0.0, -0.309017, 0.5, 0.809017, 0.0, 0.0, 0.0, 0.0, 1.0 ], [ 0.309017, -0.5, -0.809017, 0.0, -0.5, -0.809017, 0.309017, 0.0, -0.809017, 0.309017, -0.5, 0.0, 0.0, 0.0, 0.0, 1.0 ], [ 0.809017, -0.309017, 0.5, 0.0, -0.309017, 0.5, 0.809017, 0.0, -0.5, -0.809017, 0.309017, 0.0, 0.0, 0.0, 0.0, 1.0 ], [ 0.809017, 0.309017, -0.5, 0.0, -0.309017, -0.5, -0.809017, 0.0, -0.5, 0.809017, -0.309017, 0.0, 0.0, 0.0, 0.0, 1.0 ], [ 0.5, -0.809017, 0.309017, 0.0, -0.809017, -0.309017, 0.5, 0.0, -0.309017, -0.5, -0.809017, 0.0, 0.0, 0.0, 0.0, 1.0 ], [ 0.309017, 0.5, 0.809017, 0.0, -0.5, 0.809017, -0.309017, 0.0, -0.809017, -0.309017, 0.5, 0.0, 0.0, 0.0, 0.0, 1.0 ], [ -1.0, 0.0, 0.0, 0.0, 0.0, -1.0, 0.0, 0.0, 0.0, 0.0, 1.0, 0.0, 0.0, 0.0, 0.0, 1.0 ], [ 0.0, 0.0, -1.0, 0.0, -1.0, 0.0, 0.0, 0.0, 0.0, 1.0, 0.0, 0.0, 0.0, 0.0, 0.0, 1.0 ], [ 0.0, -1.0, 0.0, 0.0, 0.0, 0.0, -1.0, 0.0, 1.0, 0.0, 0.0, 0.0, 0.0, 0.0, 0.0, 1.0 ], [ -0.809017, -0.309017, -0.5, 0.0, -0.309017, -0.5, 0.809017, 0.0, -0.5, 0.809017, 0.309017, 0.0, 0.0, 0.0, 0.0, 1.0 ], [ 0.5, -0.809017, -0.309017, 0.0, -0.809017, -0.309017, -0.5, 0.0, 0.309017, 0.5, -0.809017, 0.0, 0.0, 0.0, 0.0, 1.0 ], [ -0.309017, -0.5, 0.809017, 0.0, 0.5, -0.809017, -0.309017, 0.0, 0.809017, 0.309017, 0.5, 0.0, 0.0, 0.0, 0.0, 1.0 ], [ -0.5, -0.809017, -0.309017, 0.0, -0.809017, 0.309017, 0.5, 0.0, -0.309017, 0.5, -0.809017, 0.0, 0.0, 0.0, 0.0, 1.0 ], [ 0.309017, -0.5, 0.809017, 0.0, -0.5, -0.809017, -0.309017, 0.0, 0.809017, -0.309017, -0.5, 0.0, 0.0, 0.0, 0.0, 1.0 ], [ -0.809017, 0.309017, 0.5, 0.0, 0.309017, -0.5, 0.809017, 0.0, 0.5, 0.809017, 0.309017, 0.0, 0.0, 0.0, 0.0, 1.0 ], [ -0.5, -0.809017, 0.309017, 0.0, -0.809017, 0.309017, -0.5, 0.0, 0.309017, -0.5, -0.809017, 0.0, 0.0, 0.0, 0.0, 1.0 ], [ -0.309017, 0.5, 0.809017, 0.0, -0.5, -0.809017, 0.309017, 0.0, 0.809017, -0.309017, 0.5, 0.0, 0.0, 0.0, 0.0, 1.0 ], [ -0.809017, 0.309017, -0.5, 0.0, -0.309017, 0.5, 0.809017, 0.0, 0.5, 0.809017, -0.309017, 0.0, 0.0, 0.0, 0.0, 1.0 ], [ -0.809017, -0.309017, 0.5, 0.0, -0.309017, -0.5, -0.809017, 0.0, 0.5, -0.809017, 0.309017, 0.0, 0.0, 0.0, 0.0, 1.0 ], [ -0.5, 0.809017, -0.309017, 0.0, -0.809017, -0.309017, 0.5, 0.0, 0.309017, 0.5, 0.809017, 0.0, 0.0, 0.0, 0.0, 1.0 ], [ -0.309017, -0.5, -0.809017, 0.0, -0.5, 0.809017, -0.309017, 0.0, 0.809017, 0.309017, -0.5, 0.0, 0.0, 0.0, 0.0, 1.0 ], [ -1.0, 0.0, 0.0, 0.0, 0.0, 1.0, 0.0, 0.0, 0.0, 0.0, -1.0, 0.0, 0.0, 0.0, 0.0, 1.0 ], [ 0.0, 0.0, -1.0, 0.0, 1.0, 0.0, 0.0, 0.0, 0.0, -1.0, 0.0, 0.0, 0.0, 0.0, 0.0, 1.0 ], [ 0.0, -1.0, 0.0, 0.0, 0.0, 0.0, 1.0, 0.0, -1.0, 0.0, 0.0, 0.0, 0.0, 0.0, 0.0, 1.0 ], [ -0.809017, -0.309017, -0.5, 0.0, 0.309017, 0.5, -0.809017, 0.0, 0.5, -0.809017, -0.309017, 0.0, 0.0, 0.0, 0.0, 1.0 ], [ 0.5, -0.809017, -0.309017, 0.0, 0.809017, 0.309017, 0.5, 0.0, -0.309017, -0.5, 0.809017, 0.0, 0.0, 0.0, 0.0, 1.0 ], [ -0.309017, -0.5, 0.809017, 0.0, -0.5, 0.809017, 0.309017, 0.0, -0.809017, -0.309017, -0.5, 0.0, 0.0, 0.0, 0.0, 1.0 ], [ -0.5, -0.809017, -0.309017, 0.0, 0.809017, -0.309017, -0.5, 0.0, 0.309017, -0.5, 0.809017, 0.0, 0.0, 0.0, 0.0, 1.0 ], [ 0.309017, -0.5, 0.809017, 0.0, 0.5, 0.809017, 0.309017, 0.0, -0.809017, 0.309017, 0.5, 0.0, 0.0, 0.0, 0.0, 1.0 ], [ -0.809017, 0.309017, 0.5, 0.0, -0.309017, 0.5, -0.809017, 0.0, -0.5, -0.809017, -0.309017, 0.0, 0.0, 0.0, 0.0, 1.0 ], [ -0.5, -0.809017, 0.309017, 0.0, 0.809017, -0.309017, 0.5, 0.0, -0.309017, 0.5, 0.809017, 0.0, 0.0, 0.0, 0.0, 1.0 ], [ -0.309017, 0.5, 0.809017, 0.0, 0.5, 0.809017, -0.309017, 0.0, -0.809017, 0.309017, -0.5, 0.0, 0.0, 0.0, 0.0, 1.0 ], [ -0.809017, 0.309017, -0.5, 0.0, 0.309017, -0.5, -0.809017, 0.0, -0.5, -0.809017, 0.309017, 0.0, 0.0, 0.0, 0.0, 1.0 ], [ -0.809017, -0.309017, 0.5, 0.0, 0.309017, 0.5, 0.809017, 0.0, -0.5, 0.809017, -0.309017, 0.0, 0.0, 0.0, 0.0, 1.0 ], [ -0.5, 0.809017, -0.309017, 0.0, 0.809017, 0.309017, -0.5, 0.0, -0.309017, -0.5, -0.809017, 0.0, 0.0, 0.0, 0.0, 1.0 ], [ -0.309017, -0.5, -0.809017, 0.0, 0.5, -0.809017, 0.309017, 0.0, -0.809017, -0.309017, 0.5, 0.0, 0.0, 0.0, 0.0, 1.0 ] ],
  "lights" : {
    "backgroundColor" : "#E0EFFF",
    "ambientColor" : "#292929",
    "directionalLights" : [ {
      "direction" : {
        "x" : 1.0,
        "y" : -1.0,
        "z" : -1.0
      },
      "color" : "#EBEBE4"
    }, {
      "direction" : {
        "x" : -1.0,
        "y" : 0.0,
        "z" : 0.0
      },
      "color" : "#E4E4EB"
    }, {
      "direction" : {
        "x" : 0.0,
        "y" : 0.0,
        "z" : -1.0
      },
      "color" : "#1E1E1E"
    } ]
  },
  "camera" : {
    "lookDirection" : {
      "x" : 0.028617544,
      "y" : -0.31606063,
      "z" : -0.9483053
    },
    "upDirection" : {
      "x" : 0.0020923326,
      "y" : 0.9487113,
      "z" : -0.31613135
    },
    "lookAtPoint" : {
      "x" : 0.0,
      "y" : 0.0,
      "z" : 0.0
    },
    "viewDistance" : 241.98589,
    "nearClipDistance" : 0.6049644,
    "farClipDistance" : 483.97125,
    "fieldOfView" : 0.44262853,
    "perspective" : false,
    "stereo" : false,
    "width" : 108.89356,
    "position" : {
      "x" : -6.9250417,
      "y" : 76.48221,
      "z" : 229.4765
    }
  },
  "embedding" : [ 1.0, 0.0, 0.0, 0.0, 0.0, 1.0, 0.0, 0.0, 0.0, 0.0, 1.0, 0.0, 0.0, 0.0, 0.0, 1.0 ],
  "shapes" : [ {
    "id" : "a50bc850-3f27-4f50-8dca-63f6318d89fb",
    "vertices" : [ {
      "x" : 1.0,
      "y" : 0.309017,
      "z" : 0.19098301
    }, {
      "x" : 1.0,
      "y" : -0.309017,
      "z" : 0.19098301
    }, {
      "x" : 7.472136,
      "y" : -0.309017,
      "z" : 0.19098301
    }, {
      "x" : 7.472136,
      "y" : 0.309017,
      "z" : 0.19098301
    }, {
      "x" : 7.472136,
      "y" : -0.309017,
      "z" : -0.19098301
    }, {
      "x" : 7.472136,
      "y" : 0.309017,
      "z" : -0.19098301
    }, {
      "x" : 8.09017,
      "y" : 0.0,
      "z" : 0.0
    }, {
      "x" : 0.38196602,
      "y" : 0.0,
      "z" : 0.0
    }, {
      "x" : 1.0,
      "y" : 0.309017,
      "z" : -0.19098301
    }, {
      "x" : 1.0,
      "y" : -0.309017,
      "z" : -0.19098301
    }, {
      "x" : 8.472136,
      "y" : 0.0,
      "z" : 0.0
    } ],
    "faces" : [ {
      "vertices" : [ 1, 9, 4 ]
    }, {
      "vertices" : [ 1, 4, 2 ]
    }, {
      "vertices" : [ 0, 3, 5 ]
    }, {
      "vertices" : [ 0, 5, 8 ]
    }, {
      "vertices" : [ 1, 7, 9 ]
    }, {
      "vertices" : [ 0, 1, 2 ]
    }, {
      "vertices" : [ 0, 2, 3 ]
    }, {
      "vertices" : [ 7, 8, 9 ]
    }, {
      "vertices" : [ 0, 7, 1 ]
    }, {
      "vertices" : [ 4, 9, 8 ]
    }, {
      "vertices" : [ 4, 8, 5 ]
    }, {
      "vertices" : [ 2, 6, 3 ]
    }, {
      "vertices" : [ 2, 4, 6 ]
    }, {
      "vertices" : [ 3, 6, 5 ]
    }, {
      "vertices" : [ 4, 5, 6 ]
    }, {
      "vertices" : [ 0, 8, 7 ]
    } ]
  }, {
    "id" : "8e498c73-2c42-43ff-8754-3a044568984e",
    "vertices" : [ {
      "x" : 11.09017,
      "y" : 0.0,
      "z" : -4.236068
    }, {
      "x" : 10.781153,
      "y" : 0.0,
      "z" : -4.118034
    }, {
      "x" : 10.376644,
      "y" : -0.1545085,
      "z" : -3.677051
    }, {
      "x" : 10.185661,
      "y" : -0.1545085,
      "z" : -4.177051
    }, {
      "x" : 0.9045085,
      "y" : -0.1545085,
      "z" : -0.059016995
    }, {
      "x" : 0.809017,
      "y" : 0.309017,
      "z" : -0.309017
    }, {
      "x" : 0.309017,
      "y" : 0.0,
      "z" : -0.11803399
    }, {
      "x" : 10.281153,
      "y" : 0.309017,
      "z" : -3.927051
    }, {
      "x" : 0.7135255,
      "y" : -0.1545085,
      "z" : -0.559017
    } ],
    "faces" : [ {
      "vertices" : [ 2, 4, 8 ]
    }, {
      "vertices" : [ 2, 8, 3 ]
    }, {
      "vertices" : [ 2, 7, 5 ]
    }, {
      "vertices" : [ 2, 5, 4 ]
    }, {
      "vertices" : [ 4, 6, 8 ]
    }, {
      "vertices" : [ 5, 8, 6 ]
    }, {
      "vertices" : [ 1, 2, 3 ]
    }, {
      "vertices" : [ 3, 8, 5 ]
    }, {
      "vertices" : [ 3, 5, 7 ]
    }, {
      "vertices" : [ 1, 7, 2 ]
    }, {
      "vertices" : [ 1, 3, 7 ]
    }, {
      "vertices" : [ 4, 5, 6 ]
    } ]
  }, {
    "id" : "89ddc78b-bc6d-4166-a507-7155208f09c8",
    "vertices" : [ {
      "x" : 13.708204,
      "y" : 13.708204,
      "z" : 0.0
    }, {
      "x" : 13.708204,
      "y" : 0.0,
      "z" : 0.0
    }, {
      "x" : 20.562305,
      "y" : 2.618034,
      "z" : -4.236068
    }, {
      "x" : 20.562305,
      "y" : 11.09017,
      "z" : -4.236068
    } ],
    "faces" : [ {
      "vertices" : [ 0, 1, 2 ]
    }, {
      "vertices" : [ 0, 2, 3 ]
    }, {
      "vertices" : [ 0, 3, 2 ]
    }, {
      "vertices" : [ 0, 2, 1 ]
    } ]
  }, {
    "id" : "33ce08be-e145-4003-9775-ec5265d7d18d",
    "vertices" : [ {
      "x" : 0.309017,
      "y" : -0.309017,
      "z" : -0.309017
    }, {
      "x" : 0.5,
      "y" : 0.0,
      "z" : -0.19098301
    }, {
      "x" : 0.5,
      "y" : 0.0,
      "z" : 0.19098301
    }, {
      "x" : 0.309017,
      "y" : -0.309017,
      "z" : 0.309017
    }, {
      "x" : 0.19098301,
      "y" : -0.5,
      "z" : 0.0
    }, {
      "x" : 0.0,
      "y" : 0.19098301,
      "z" : 0.5
    }, {
      "x" : 0.0,
      "y" : -0.19098301,
      "z" : 0.5
    }, {
      "x" : 0.309017,
      "y" : 0.309017,
      "z" : 0.309017
    }, {
      "x" : -0.309017,
      "y" : -0.309017,
      "z" : 0.309017
    }, {
      "x" : -0.309017,
      "y" : 0.309017,
      "z" : 0.309017
    }, {
      "x" : -0.5,
      "y" : 0.0,
      "z" : 0.19098301
    }, {
      "x" : 0.0,
      "y" : -0.19098301,
      "z" : -0.5
    }, {
      "x" : 0.0,
      "y" : 0.19098301,
      "z" : -0.5
    }, {
      "x" : 0.309017,
      "y" : 0.309017,
      "z" : -0.309017
    }, {
      "x" : -0.309017,
      "y" : -0.309017,
      "z" : -0.309017
    }, {
      "x" : -0.19098301,
      "y" : -0.5,
      "z" : 0.0
    }, {
      "x" : -0.5,
      "y" : 0.0,
      "z" : -0.19098301
    }, {
      "x" : 0.19098301,
      "y" : 0.5,
      "z" : 0.0
    }, {
      "x" : -0.309017,
      "y" : 0.309017,
      "z" : -0.309017
    }, {
      "x" : 0.0,
      "y" : 0.0,
      "z" : 0.0
    }, {
      "x" : -0.19098301,
      "y" : 0.5,
      "z" : 0.0
    } ],
    "faces" : [ {
      "vertices" : [ 12, 18, 20 ]
    }, {
      "vertices" : [ 12, 20, 17 ]
    }, {
      "vertices" : [ 12, 17, 13 ]
    }, {
      "vertices" : [ 3, 6, 8 ]
    }, {
      "vertices" : [ 3, 8, 15 ]
    }, {
      "vertices" : [ 3, 15, 4 ]
    }, {
      "vertices" : [ 0, 11, 12 ]
    }, {
      "vertices" : [ 0, 12, 13 ]
    }, {
      "vertices" : [ 0, 13, 1 ]
    }, {
      "vertices" : [ 5, 9, 10 ]
    }, {
      "vertices" : [ 5, 10, 8 ]
    }, {
      "vertices" : [ 5, 8, 6 ]
    }, {
      "vertices" : [ 2, 7, 5 ]
    }, {
      "vertices" : [ 2, 5, 6 ]
    }, {
      "vertices" : [ 2, 6, 3 ]
    }, {
      "vertices" : [ 11, 14, 16 ]
    }, {
      "vertices" : [ 11, 16, 18 ]
    }, {
      "vertices" : [ 11, 18, 12 ]
    }, {
      "vertices" : [ 1, 13, 17 ]
    }, {
      "vertices" : [ 1, 17, 7 ]
    }, {
      "vertices" : [ 1, 7, 2 ]
    }, {
      "vertices" : [ 9, 20, 18 ]
    }, {
      "vertices" : [ 9, 18, 16 ]
    }, {
      "vertices" : [ 9, 16, 10 ]
    }, {
      "vertices" : [ 0, 1, 2 ]
    }, {
      "vertices" : [ 0, 2, 3 ]
    }, {
      "vertices" : [ 0, 3, 4 ]
    }, {
      "vertices" : [ 5, 7, 17 ]
    }, {
      "vertices" : [ 5, 17, 20 ]
    }, {
      "vertices" : [ 5, 20, 9 ]
    }, {
      "vertices" : [ 0, 4, 15 ]
    }, {
      "vertices" : [ 0, 15, 14 ]
    }, {
      "vertices" : [ 0, 14, 11 ]
    }, {
      "vertices" : [ 8, 10, 16 ]
    }, {
      "vertices" : [ 8, 16, 14 ]
    }, {
      "vertices" : [ 8, 14, 15 ]
    } ]
  }, {
    "id" : "4e7b53ce-5cc5-4ca8-8944-c468cd511940",
    "vertices" : [ {
      "x" : 31.652475,
      "y" : -6.854102,
      "z" : -2.618034
    }, {
      "x" : 27.416409,
      "y" : 0.0,
      "z" : 0.0
    }, {
      "x" : 27.416409,
      "y" : 0.0,
      "z" : -13.708204
    }, {
      "x" : 31.652475,
      "y" : -6.854102,
      "z" : -11.09017
    } ],
    "faces" : [ {
      "vertices" : [ 0, 1, 2 ]
    }, {
      "vertices" : [ 0, 2, 3 ]
    }, {
      "vertices" : [ 0, 3, 2 ]
    }, {
      "vertices" : [ 0, 2, 1 ]
    } ]
  }, {
    "id" : "43c6fedf-a289-4618-9d11-75e36e5b3e17",
    "vertices" : [ {
      "x" : -27.416409,
      "y" : 0.0,
      "z" : -13.708204
    }, {
      "x" : -20.562305,
      "y" : -6.854102,
      "z" : -20.562305
    }, {
      "x" : -13.708204,
      "y" : 0.0,
      "z" : -13.708204
    } ],
    "faces" : [ {
      "vertices" : [ 0, 1, 2 ]
    }, {
      "vertices" : [ 0, 2, 1 ]
    } ]
  }, {
    "id" : "33bb1670-38f2-43e3-83dc-e1fb8b9c712c",
    "vertices" : [ {
      "x" : -41.12461,
      "y" : 22.18034,
      "z" : 13.708204
    }, {
      "x" : -34.27051,
      "y" : 29.034441,
      "z" : 6.854102
    }, {
      "x" : -41.12461,
      "y" : 22.18034,
      "z" : 0.0
    } ],
    "faces" : [ {
      "vertices" : [ 0, 1, 2 ]
    }, {
      "vertices" : [ 0, 2, 1 ]
    } ]
  }, {
    "id" : "9d75550b-afc9-48b3-8efc-cbd7ae19bbaa",
    "vertices" : [ {
      "x" : 1.0,
      "y" : 0.309017,
      "z" : 0.19098301
    }, {
      "x" : 1.0,
      "y" : -0.309017,
      "z" : 0.19098301
    }, {
      "x" : 12.708204,
      "y" : -0.309017,
      "z" : 0.19098301
    }, {
      "x" : 12.708204,
      "y" : 0.309017,
      "z" : 0.19098301
    }, {
      "x" : 12.708204,
      "y" : -0.309017,
      "z" : -0.19098301
    }, {
      "x" : 12.708204,
      "y" : 0.309017,
      "z" : -0.19098301
    }, {
      "x" : 13.326238,
      "y" : 0.0,
      "z" : 0.0
    }, {
      "x" : 0.38196602,
      "y" : 0.0,
      "z" : 0.0
    }, {
      "x" : 1.0,
      "y" : 0.309017,
      "z" : -0.19098301
    }, {
      "x" : 1.0,
      "y" : -0.309017,
      "z" : -0.19098301
    }, {
      "x" : 13.708204,
      "y" : 0.0,
      "z" : 0.0
    } ],
    "faces" : [ {
      "vertices" : [ 1, 9, 4 ]
    }, {
      "vertices" : [ 1, 4, 2 ]
    }, {
      "vertices" : [ 0, 3, 5 ]
    }, {
      "vertices" : [ 0, 5, 8 ]
    }, {
      "vertices" : [ 1, 7, 9 ]
    }, {
      "vertices" : [ 0, 1, 2 ]
    }, {
      "vertices" : [ 0, 2, 3 ]
    }, {
      "vertices" : [ 7, 8, 9 ]
    }, {
      "vertices" : [ 0, 7, 1 ]
    }, {
      "vertices" : [ 4, 9, 8 ]
    }, {
      "vertices" : [ 4, 8, 5 ]
    }, {
      "vertices" : [ 2, 6, 3 ]
    }, {
      "vertices" : [ 2, 4, 6 ]
    }, {
      "vertices" : [ 3, 6, 5 ]
    }, {
      "vertices" : [ 4, 5, 6 ]
    }, {
      "vertices" : [ 0, 8, 7 ]
    } ]
  }, {
    "id" : "1c9611d2-c453-4b29-8e3a-9c02328ba2a2",
    "vertices" : [ {
      "x" : 27.416409,
      "y" : 13.708204,
      "z" : 0.0
    }, {
      "x" : 34.27051,
      "y" : 6.854102,
      "z" : -6.854102
    }, {
      "x" : 27.416409,
      "y" : 0.0,
      "z" : 0.0
    } ],
    "faces" : [ {
      "vertices" : [ 0, 1, 2 ]
    }, {
      "vertices" : [ 0, 2, 1 ]
    } ]
  }, {
    "id" : "1c6c49c5-cbd0-402a-a455-0f613d7688d8",
    "vertices" : [ {
      "x" : 0.9045085,
      "y" : 0.3454915,
      "z" : 0.25
    }, {
      "x" : 12.9946785,
      "y" : 7.8176274,
      "z" : 0.25
    }, {
      "x" : 12.803696,
      "y" : 8.126644,
      "z" : 0.25
    }, {
      "x" : 0.7135255,
      "y" : 0.6545085,
      "z" : 0.25
    }, {
      "x" : 0.809017,
      "y" : 0.5,
      "z" : -0.309017
    }, {
      "x" : 0.9635255,
      "y" : 0.25,
      "z" : -0.095491506
    }, {
      "x" : 0.309017,
      "y" : 0.19098301,
      "z" : 0.0
    }, {
      "x" : 13.399187,
      "y" : 8.281153,
      "z" : 0.0
    }, {
      "x" : 12.7446785,
      "y" : 8.222136,
      "z" : -0.095491506
    }, {
      "x" : 12.899187,
      "y" : 7.972136,
      "z" : -0.309017
    }, {
      "x" : 13.708204,
      "y" : 8.472136,
      "z" : 0.0
    }, {
      "x" : 0.6545085,
      "y" : 0.75,
      "z" : -0.095491506
    }, {
      "x" : 13.053696,
      "y" : 7.722136,
      "z" : -0.095491506
    } ],
    "faces" : [ {
      "vertices" : [ 4, 11, 8 ]
    }, {
      "vertices" : [ 4, 8, 9 ]
    }, {
      "vertices" : [ 0, 1, 2 ]
    }, {
      "vertices" : [ 0, 2, 3 ]
    }, {
      "vertices" : [ 0, 3, 6 ]
    }, {
      "vertices" : [ 1, 7, 2 ]
    }, {
      "vertices" : [ 0, 6, 5 ]
    }, {
      "vertices" : [ 4, 5, 6 ]
    }, {
      "vertices" : [ 2, 7, 8 ]
    }, {
      "vertices" : [ 0, 5, 12 ]
    }, {
      "vertices" : [ 0, 12, 1 ]
    }, {
      "vertices" : [ 1, 12, 7 ]
    }, {
      "vertices" : [ 3, 11, 6 ]
    }, {
      "vertices" : [ 4, 6, 11 ]
    }, {
      "vertices" : [ 7, 9, 8 ]
    }, {
      "vertices" : [ 2, 8, 11 ]
    }, {
      "vertices" : [ 2, 11, 3 ]
    }, {
      "vertices" : [ 7, 12, 9 ]
    }, {
      "vertices" : [ 4, 9, 12 ]
    }, {
      "vertices" : [ 4, 12, 5 ]
    } ]
  }, {
    "id" : "64fd057f-4dd5-47c8-bfe9-891d161b1cf2",
    "vertices" : [ {
      "x" : -27.416409,
      "y" : 0.0,
      "z" : 0.0
    }, {
      "x" : -24.798374,
      "y" : 4.236068,
      "z" : 6.854102
    }, {
      "x" : -27.416409,
      "y" : 0.0,
      "z" : 13.708204
    } ],
    "faces" : [ {
      "vertices" : [ 0, 1, 2 ]
    }, {
      "vertices" : [ 0, 2, 1 ]
    } ]
  }, {
    "id" : "9dfb378b-93c5-45e4-82ca-29015f1f279a",
    "vertices" : [ {
      "x" : -27.416409,
      "y" : -13.708204,
      "z" : 0.0
    }, {
      "x" : -24.798374,
      "y" : -17.944271,
      "z" : 6.854102
    }, {
      "x" : -16.326239,
      "y" : -17.944271,
      "z" : 6.854102
    }, {
      "x" : -13.708204,
      "y" : -13.708204,
      "z" : 0.0
    } ],
    "faces" : [ {
      "vertices" : [ 0, 1, 2 ]
    }, {
      "vertices" : [ 0, 2, 3 ]
    }, {
      "vertices" : [ 0, 3, 2 ]
    }, {
      "vertices" : [ 0, 2, 1 ]
    } ]
  }, {
    "id" : "f5600973-4841-4251-8fd3-ca16ed197b38",
    "vertices" : [ {
      "x" : -13.708204,
      "y" : 0.0,
      "z" : 13.708204
    }, {
      "x" : -9.472136,
      "y" : -6.854102,
      "z" : 11.09017
    }, {
      "x" : -13.708204,
      "y" : -13.708204,
      "z" : 13.708204
    } ],
    "faces" : [ {
      "vertices" : [ 0, 1, 2 ]
    }, {
      "vertices" : [ 0, 2, 1 ]
    } ]
  }, {
    "id" : "2ca13115-86f2-4ed2-8d4b-c3225fb3a86a",
    "vertices" : [ {
      "x" : -13.708204,
      "y" : 0.0,
      "z" : 0.0
    }, {
      "x" : -20.562305,
      "y" : -6.854102,
      "z" : 6.854102
    }, {
      "x" : -27.416409,
      "y" : 0.0,
      "z" : 0.0
    } ],
    "faces" : [ {
      "vertices" : [ 0, 1, 2 ]
    }, {
      "vertices" : [ 0, 2, 1 ]
    } ]
  }, {
    "id" : "8d60d726-04aa-402d-b813-55c76c5eb4d7",
    "vertices" : [ {
      "x" : 13.708204,
      "y" : 13.708204,
      "z" : -13.708204
    }, {
      "x" : 17.944271,
      "y" : 6.854102,
      "z" : -11.09017
    }, {
      "x" : 17.944271,
      "y" : 6.854102,
      "z" : -2.618034
    }, {
      "x" : 13.708204,
      "y" : 13.708204,
      "z" : 0.0
    } ],
    "faces" : [ {
      "vertices" : [ 0, 1, 2 ]
    }, {
      "vertices" : [ 0, 2, 3 ]
    }, {
      "vertices" : [ 0, 3, 2 ]
    }, {
      "vertices" : [ 0, 2, 1 ]
    } ]
  }, {
    "id" : "bc433989-91f9-4fd4-909d-622b34c44264",
    "vertices" : [ {
      "x" : 13.708204,
      "y" : 13.708204,
      "z" : -13.708204
    }, {
      "x" : 13.708204,
      "y" : 13.708204,
      "z" : 0.0
    }, {
      "x" : 11.09017,
      "y" : 17.944271,
      "z" : -6.854102
    } ],
    "faces" : [ {
      "vertices" : [ 0, 1, 2 ]
    }, {
      "vertices" : [ 0, 2, 1 ]
    } ]
  }, {
    "id" : "3020a5e1-6d30-4a30-b854-243ceae9aede",
    "vertices" : [ {
      "x" : 20.562305,
      "y" : -20.562305,
      "z" : 6.854102
    }, {
      "x" : 27.416409,
      "y" : -13.708204,
      "z" : 13.708204
    }, {
      "x" : 27.416409,
      "y" : -13.708204,
      "z" : 0.0
    } ],
    "faces" : [ {
      "vertices" : [ 0, 1, 2 ]
    }, {
      "vertices" : [ 0, 2, 1 ]
    } ]
  }, {
    "id" : "65888835-abd4-409d-9f50-3e2c138fa395",
    "vertices" : [ {
      "x" : 24.798374,
      "y" : 9.472136,
      "z" : -6.854102
    }, {
      "x" : 27.416409,
      "y" : 13.708204,
      "z" : -13.708204
    }, {
      "x" : 13.708204,
      "y" : 13.708204,
      "z" : -13.708204
    }, {
      "x" : 16.326239,
      "y" : 9.472136,
      "z" : -6.854102
    } ],
    "faces" : [ {
      "vertices" : [ 0, 1, 2 ]
    }, {
      "vertices" : [ 0, 2, 3 ]
    }, {
      "vertices" : [ 0, 3, 2 ]
    }, {
      "vertices" : [ 0, 2, 1 ]
    } ]
  }, {
    "id" : "a159755d-a1c2-4ddb-9284-77dcf65c305f",
    "vertices" : [ {
      "x" : -11.09017,
      "y" : -4.236068,
      "z" : 6.854102
    }, {
      "x" : -13.708204,
      "y" : 0.0,
      "z" : 13.708204
    }, {
      "x" : 0.0,
      "y" : 0.0,
      "z" : 13.708204
    }, {
      "x" : -2.618034,
      "y" : -4.236068,
      "z" : 6.854102
    } ],
    "faces" : [ {
      "vertices" : [ 0, 1, 2 ]
    }, {
      "vertices" : [ 0, 2, 3 ]
    }, {
      "vertices" : [ 0, 3, 2 ]
    }, {
      "vertices" : [ 0, 2, 1 ]
    } ]
  }, {
    "id" : "f02beedc-91c2-4c1c-b63e-4ef3218e1da8",
    "vertices" : [ {
      "x" : -13.708204,
      "y" : 0.0,
      "z" : 0.0
    }, {
      "x" : -6.854102,
      "y" : 6.854102,
      "z" : 6.854102
    }, {
      "x" : -13.708204,
      "y" : 13.708204,
      "z" : 0.0
    } ],
    "faces" : [ {
      "vertices" : [ 0, 1, 2 ]
    }, {
      "vertices" : [ 0, 2, 1 ]
    } ]
  }, {
    "id" : "e4dee458-8946-4557-99ca-17d2d7557b8d",
    "vertices" : [ {
      "x" : -13.708204,
      "y" : -13.708204,
      "z" : -13.708204
    }, {
      "x" : -6.854102,
      "y" : -11.09017,
      "z" : -17.944271
    }, {
      "x" : -6.854102,
      "y" : -2.618034,
      "z" : -17.944271
    }, {
      "x" : -13.708204,
      "y" : 0.0,
      "z" : -13.708204
    } ],
    "faces" : [ {
      "vertices" : [ 0, 1, 2 ]
    }, {
      "vertices" : [ 0, 2, 3 ]
    }, {
      "vertices" : [ 0, 3, 2 ]
    }, {
      "vertices" : [ 0, 2, 1 ]
    } ]
  }, {
    "id" : "1067eb12-683f-4a28-9092-da1e9b4eb039",
    "vertices" : [ {
      "x" : 13.708204,
      "y" : 0.0,
      "z" : 13.708204
    }, {
      "x" : 13.708204,
      "y" : 0.0,
      "z" : 0.0
    }, {
      "x" : 9.472136,
      "y" : 6.854102,
      "z" : 2.618034
    }, {
      "x" : 9.472136,
      "y" : 6.854102,
      "z" : 11.09017
    } ],
    "faces" : [ {
      "vertices" : [ 0, 1, 2 ]
    }, {
      "vertices" : [ 0, 2, 3 ]
    }, {
      "vertices" : [ 0, 3, 2 ]
    }, {
      "vertices" : [ 0, 2, 1 ]
    } ]
  }, {
    "id" : "1e2813bc-3758-4159-8c11-3d267b9029db",
    "vertices" : [ {
      "x" : -20.562305,
      "y" : -6.854102,
      "z" : 6.854102
    }, {
      "x" : -13.708204,
      "y" : -13.708204,
      "z" : 13.708204
    }, {
      "x" : -27.416409,
      "y" : -13.708204,
      "z" : 13.708204
    } ],
    "faces" : [ {
      "vertices" : [ 0, 1, 2 ]
    }, {
      "vertices" : [ 0, 2, 1 ]
    } ]
  }, {
    "id" : "6294a2e9-2209-48cb-9430-d47df367f69e",
    "vertices" : [ {
      "x" : 23.18034,
      "y" : -6.854102,
      "z" : 11.09017
    }, {
      "x" : 27.416409,
      "y" : -13.708204,
      "z" : 13.708204
    }, {
      "x" : 27.416409,
      "y" : -13.708204,
      "z" : 0.0
    }, {
      "x" : 23.18034,
      "y" : -6.854102,
      "z" : 2.618034
    } ],
    "faces" : [ {
      "vertices" : [ 0, 1, 2 ]
    }, {
      "vertices" : [ 0, 2, 3 ]
    }, {
      "vertices" : [ 0, 3, 2 ]
    }, {
      "vertices" : [ 0, 2, 1 ]
    } ]
  }, {
    "id" : "4347284e-7e8a-4ab6-bbbf-958fbe871624",
    "vertices" : [ {
      "x" : -13.708204,
      "y" : 0.0,
      "z" : 0.0
    }, {
      "x" : -11.09017,
      "y" : -4.236068,
      "z" : 6.854102
    }, {
      "x" : -2.618034,
      "y" : -4.236068,
      "z" : 6.854102
    }, {
      "x" : 0.0,
      "y" : 0.0,
      "z" : 0.0
    } ],
    "faces" : [ {
      "vertices" : [ 0, 1, 2 ]
    }, {
      "vertices" : [ 0, 2, 3 ]
    }, {
      "vertices" : [ 0, 3, 2 ]
    }, {
      "vertices" : [ 0, 2, 1 ]
    } ]
  }, {
    "id" : "6ce977b6-628e-4079-b134-34276595f489",
    "vertices" : [ {
      "x" : 27.416409,
      "y" : -13.708204,
      "z" : 13.708204
    }, {
      "x" : 20.562305,
      "y" : -6.854102,
      "z" : 20.562305
    }, {
      "x" : 27.416409,
      "y" : 0.0,
      "z" : 13.708204
    } ],
    "faces" : [ {
      "vertices" : [ 0, 1, 2 ]
    }, {
      "vertices" : [ 0, 2, 1 ]
    } ]
  }, {
    "id" : "e3581c8b-bbb8-48d1-ba5b-345e6df97570",
    "vertices" : [ {
      "x" : 0.0,
      "y" : 13.708204,
      "z" : 13.708204
    }, {
      "x" : 6.854102,
      "y" : 20.562305,
      "z" : 6.854102
    }, {
      "x" : 13.708204,
      "y" : 13.708204,
      "z" : 13.708204
    } ],
    "faces" : [ {
      "vertices" : [ 0, 1, 2 ]
    }, {
      "vertices" : [ 0, 2, 1 ]
    } ]
  }, {
    "id" : "0752f0c5-7a3e-427f-ac3c-2b5ade8efb08",
    "vertices" : [ {
      "x" : -38.506577,
      "y" : 17.944271,
      "z" : 6.854102
    }, {
      "x" : -41.12461,
      "y" : 22.18034,
      "z" : 13.708204
    }, {
      "x" : -27.416409,
      "y" : 22.18034,
      "z" : 13.708204
    }, {
      "x" : -30.034441,
      "y" : 17.944271,
      "z" : 6.854102
    } ],
    "faces" : [ {
      "vertices" : [ 0, 1, 2 ]
    }, {
      "vertices" : [ 0, 2, 3 ]
    }, {
      "vertices" : [ 0, 3, 2 ]
    }, {
      "vertices" : [ 0, 2, 1 ]
    } ]
  }, {
    "id" : "11d7d584-e169-4a14-a826-5c3a3ac52897",
    "vertices" : [ {
      "x" : 6.854102,
      "y" : 20.562305,
      "z" : 6.854102
    }, {
      "x" : 0.0,
      "y" : 13.708204,
      "z" : 13.708204
    }, {
      "x" : 0.0,
      "y" : 13.708204,
      "z" : 0.0
    } ],
    "faces" : [ {
      "vertices" : [ 0, 1, 2 ]
    }, {
      "vertices" : [ 0, 2, 1 ]
    } ]
  }, {
    "id" : "0d7397be-7675-41be-a3c2-443b3f6cdc9b",
    "vertices" : [ {
      "x" : 34.27051,
      "y" : -6.854102,
      "z" : 6.854102
    }, {
      "x" : 27.416409,
      "y" : -13.708204,
      "z" : 13.708204
    }, {
      "x" : 27.416409,
      "y" : 0.0,
      "z" : 13.708204
    } ],
    "faces" : [ {
      "vertices" : [ 0, 1, 2 ]
    }, {
      "vertices" : [ 0, 2, 1 ]
    } ]
  }, {
    "id" : "90fa2c0d-d40a-4d9d-a86e-29eeff117d38",
    "vertices" : [ {
      "x" : -13.708204,
      "y" : 13.708204,
      "z" : 13.708204
    }, {
      "x" : -13.708204,
      "y" : 0.0,
      "z" : 13.708204
    }, {
      "x" : -6.854102,
      "y" : 6.854102,
      "z" : 6.854102
    } ],
    "faces" : [ {
      "vertices" : [ 0, 1, 2 ]
    }, {
      "vertices" : [ 0, 2, 1 ]
    } ]
  }, {
    "id" : "5a6c2d77-b17c-479c-96fd-9e087e263f94",
    "vertices" : [ {
      "x" : 13.708204,
      "y" : -13.708204,
      "z" : 13.708204
    }, {
      "x" : 20.562305,
      "y" : -20.562305,
      "z" : 6.854102
    }, {
      "x" : 13.708204,
      "y" : -13.708204,
      "z" : 0.0
    } ],
    "faces" : [ {
      "vertices" : [ 0, 1, 2 ]
    }, {
      "vertices" : [ 0, 2, 1 ]
    } ]
  }, {
    "id" : "e8428d64-eb36-4411-9b41-e00e92d74228",
    "vertices" : [ {
      "x" : -6.854102,
      "y" : 2.618034,
      "z" : -9.472136
    }, {
      "x" : 0.0,
      "y" : 0.0,
      "z" : -13.708204
    }, {
      "x" : 0.0,
      "y" : 13.708204,
      "z" : -13.708204
    }, {
      "x" : -6.854102,
      "y" : 11.09017,
      "z" : -9.472136
    } ],
    "faces" : [ {
      "vertices" : [ 0, 1, 2 ]
    }, {
      "vertices" : [ 0, 2, 3 ]
    }, {
      "vertices" : [ 0, 3, 2 ]
    }, {
      "vertices" : [ 0, 2, 1 ]
    } ]
  }, {
    "id" : "31d28bb7-9efc-4bcf-be7c-6852fd09700b",
    "vertices" : [ {
      "x" : -6.854102,
      "y" : 2.618034,
      "z" : 17.944271
    }, {
      "x" : -6.854102,
      "y" : 11.09017,
      "z" : 17.944271
    }, {
      "x" : 0.0,
      "y" : 13.708204,
      "z" : 13.708204
    }, {
      "x" : 0.0,
      "y" : 0.0,
      "z" : 13.708204
    } ],
    "faces" : [ {
      "vertices" : [ 0, 1, 2 ]
    }, {
      "vertices" : [ 0, 2, 3 ]
    }, {
      "vertices" : [ 0, 3, 2 ]
    }, {
      "vertices" : [ 0, 2, 1 ]
    } ]
  }, {
    "id" : "22b331ad-c8d1-42a4-957a-66bc101f3df5",
    "vertices" : [ {
      "x" : 0.0,
      "y" : 13.708204,
      "z" : 0.0
    }, {
      "x" : 6.854102,
      "y" : 6.854102,
      "z" : -6.854102
    }, {
      "x" : 0.0,
      "y" : 0.0,
      "z" : 0.0
    } ],
    "faces" : [ {
      "vertices" : [ 0, 1, 2 ]
    }, {
      "vertices" : [ 0, 2, 1 ]
    } ]
  }, {
    "id" : "fd625a4b-d3bd-4529-8d85-931779a9b756",
    "vertices" : [ {
      "x" : -13.708204,
      "y" : 13.708204,
      "z" : -13.708204
    }, {
      "x" : -6.854102,
      "y" : 20.562305,
      "z" : -6.854102
    }, {
      "x" : -13.708204,
      "y" : 13.708204,
      "z" : 0.0
    } ],
    "faces" : [ {
      "vertices" : [ 0, 1, 2 ]
    }, {
      "vertices" : [ 0, 2, 1 ]
    } ]
  }, {
    "id" : "d721e13f-bb6d-4b9d-8ffc-b4cfa202fd97",
    "vertices" : [ {
      "x" : -13.708204,
      "y" : 0.0,
      "z" : -13.708204
    }, {
      "x" : -20.562305,
      "y" : 6.854102,
      "z" : -6.854102
    }, {
      "x" : -27.416409,
      "y" : 0.0,
      "z" : -13.708204
    } ],
    "faces" : [ {
      "vertices" : [ 0, 1, 2 ]
    }, {
      "vertices" : [ 0, 2, 1 ]
    } ]
  }, {
    "id" : "8d0e6918-546f-4f87-b409-0afc64f1388c",
    "vertices" : [ {
      "x" : 20.562305,
      "y" : 6.854102,
      "z" : -20.562305
    }, {
      "x" : 27.416409,
      "y" : 13.708204,
      "z" : -13.708204
    }, {
      "x" : 13.708204,
      "y" : 13.708204,
      "z" : -13.708204
    } ],
    "faces" : [ {
      "vertices" : [ 0, 1, 2 ]
    }, {
      "vertices" : [ 0, 2, 1 ]
    } ]
  }, {
    "id" : "5ac41296-8161-4c7c-b419-b144d833a96d",
    "vertices" : [ {
      "x" : -13.708204,
      "y" : 0.0,
      "z" : -13.708204
    }, {
      "x" : -6.854102,
      "y" : -6.854102,
      "z" : -6.854102
    }, {
      "x" : 0.0,
      "y" : 0.0,
      "z" : -13.708204
    } ],
    "faces" : [ {
      "vertices" : [ 0, 1, 2 ]
    }, {
      "vertices" : [ 0, 2, 1 ]
    } ]
  }, {
    "id" : "02944b10-7d28-4bc4-a114-a93744146b32",
    "vertices" : [ {
      "x" : -27.416409,
      "y" : 0.0,
      "z" : -13.708204
    }, {
      "x" : -27.416409,
      "y" : 0.0,
      "z" : 0.0
    }, {
      "x" : -24.798374,
      "y" : -4.236068,
      "z" : -6.854102
    } ],
    "faces" : [ {
      "vertices" : [ 0, 1, 2 ]
    }, {
      "vertices" : [ 0, 2, 1 ]
    } ]
  }, {
    "id" : "57b300af-98c6-425e-9af7-d2d99cd83ea4",
    "vertices" : [ {
      "x" : 13.708204,
      "y" : 0.0,
      "z" : 13.708204
    }, {
      "x" : 20.562305,
      "y" : 6.854102,
      "z" : 6.854102
    }, {
      "x" : 27.416409,
      "y" : 0.0,
      "z" : 13.708204
    } ],
    "faces" : [ {
      "vertices" : [ 0, 1, 2 ]
    }, {
      "vertices" : [ 0, 2, 1 ]
    } ]
  }, {
    "id" : "89cd2399-0cd5-4405-9179-b137b9383733",
    "vertices" : [ {
      "x" : 13.708204,
      "y" : -13.708204,
      "z" : 0.0
    }, {
      "x" : 20.562305,
      "y" : -20.562305,
      "z" : 6.854102
    }, {
      "x" : 27.416409,
      "y" : -13.708204,
      "z" : 0.0
    } ],
    "faces" : [ {
      "vertices" : [ 0, 1, 2 ]
    }, {
      "vertices" : [ 0, 2, 1 ]
    } ]
  }, {
    "id" : "21493d92-a529-48cb-a599-dda8a2910a8f",
    "vertices" : [ {
      "x" : 27.416409,
      "y" : 0.0,
      "z" : 0.0
    }, {
      "x" : 34.27051,
      "y" : 6.854102,
      "z" : -6.854102
    }, {
      "x" : 27.416409,
      "y" : 0.0,
      "z" : -13.708204
    } ],
    "faces" : [ {
      "vertices" : [ 0, 1, 2 ]
    }, {
      "vertices" : [ 0, 2, 1 ]
    } ]
  }, {
    "id" : "0000bffb-ac82-4e5a-bccc-2719ce927c46",
    "vertices" : [ {
      "x" : -27.416409,
      "y" : 0.0,
      "z" : 0.0
    }, {
      "x" : -20.562305,
      "y" : -6.854102,
      "z" : 6.854102
    }, {
      "x" : -27.416409,
      "y" : -13.708204,
      "z" : 0.0
    } ],
    "faces" : [ {
      "vertices" : [ 0, 1, 2 ]
    }, {
      "vertices" : [ 0, 2, 1 ]
    } ]
  }, {
    "id" : "94399317-3047-41c6-ae62-1f8828e41a3b",
    "vertices" : [ {
      "x" : 0.0,
      "y" : -13.708204,
      "z" : 0.0
    }, {
      "x" : 0.0,
      "y" : -13.708204,
      "z" : 13.708204
    }, {
      "x" : 2.618034,
      "y" : -17.944271,
      "z" : 6.854102
    } ],
    "faces" : [ {
      "vertices" : [ 0, 1, 2 ]
    }, {
      "vertices" : [ 0, 2, 1 ]
    } ]
  }, {
    "id" : "c6f8d9ec-4dba-4327-a1fb-ed69600191f7",
    "vertices" : [ {
      "x" : 0.0,
      "y" : 0.0,
      "z" : -13.708204
    }, {
      "x" : 6.854102,
      "y" : 2.618034,
      "z" : -17.944271
    }, {
      "x" : 6.854102,
      "y" : 11.09017,
      "z" : -17.944271
    }, {
      "x" : 0.0,
      "y" : 13.708204,
      "z" : -13.708204
    } ],
    "faces" : [ {
      "vertices" : [ 0, 1, 2 ]
    }, {
      "vertices" : [ 0, 2, 3 ]
    }, {
      "vertices" : [ 0, 3, 2 ]
    }, {
      "vertices" : [ 0, 2, 1 ]
    } ]
  }, {
    "id" : "c869bcf4-3a35-4f0b-8e2a-a2e78b9a5505",
    "vertices" : [ {
      "x" : -20.562305,
      "y" : 6.854102,
      "z" : -6.854102
    }, {
      "x" : -27.416409,
      "y" : 13.708204,
      "z" : 0.0
    }, {
      "x" : -27.416409,
      "y" : 13.708204,
      "z" : -13.708204
    } ],
    "faces" : [ {
      "vertices" : [ 0, 1, 2 ]
    }, {
      "vertices" : [ 0, 2, 1 ]
    } ]
  }, {
    "id" : "ccf7689d-09eb-4351-b8eb-f9acc0c27661",
    "vertices" : [ {
      "x" : -13.708204,
      "y" : 13.708204,
      "z" : 0.0
    }, {
      "x" : -11.09017,
      "y" : 17.944271,
      "z" : 6.854102
    }, {
      "x" : -13.708204,
      "y" : 13.708204,
      "z" : 13.708204
    } ],
    "faces" : [ {
      "vertices" : [ 0, 1, 2 ]
    }, {
      "vertices" : [ 0, 2, 1 ]
    } ]
  }, {
    "id" : "c911b4f3-4135-4d32-980e-1c7d54560dd6",
    "vertices" : [ {
      "x" : 13.708204,
      "y" : -13.708204,
      "z" : -13.708204
    }, {
      "x" : 9.472136,
      "y" : -6.854102,
      "z" : -11.09017
    }, {
      "x" : 9.472136,
      "y" : -6.854102,
      "z" : -2.618034
    }, {
      "x" : 13.708204,
      "y" : -13.708204,
      "z" : 0.0
    } ],
    "faces" : [ {
      "vertices" : [ 0, 1, 2 ]
    }, {
      "vertices" : [ 0, 2, 3 ]
    }, {
      "vertices" : [ 0, 3, 2 ]
    }, {
      "vertices" : [ 0, 2, 1 ]
    } ]
  }, {
    "id" : "9a85c4f8-58b8-4a52-b83d-50e55de3510c",
    "vertices" : [ {
      "x" : 20.562305,
      "y" : 6.854102,
      "z" : 6.854102
    }, {
      "x" : 13.708204,
      "y" : 0.0,
      "z" : 0.0
    }, {
      "x" : 13.708204,
      "y" : 13.708204,
      "z" : 0.0
    } ],
    "faces" : [ {
      "vertices" : [ 0, 1, 2 ]
    }, {
      "vertices" : [ 0, 2, 1 ]
    } ]
  }, {
    "id" : "9bd0bb33-3551-4be4-9fe8-37e0276c4b77",
    "vertices" : [ {
      "x" : -30.034441,
      "y" : 17.944271,
      "z" : 6.854102
    }, {
      "x" : -27.416409,
      "y" : 22.18034,
      "z" : 13.708204
    }, {
      "x" : -27.416409,
      "y" : 22.18034,
      "z" : 0.0
    } ],
    "faces" : [ {
      "vertices" : [ 0, 1, 2 ]
    }, {
      "vertices" : [ 0, 2, 1 ]
    } ]
  }, {
    "id" : "38d10486-9b36-4100-8119-b6e1f441f694",
    "vertices" : [ {
      "x" : -6.854102,
      "y" : -6.854102,
      "z" : 20.562305
    }, {
      "x" : -13.708204,
      "y" : -13.708204,
      "z" : 13.708204
    }, {
      "x" : -13.708204,
      "y" : 0.0,
      "z" : 13.708204
    } ],
    "faces" : [ {
      "vertices" : [ 0, 1, 2 ]
    }, {
      "vertices" : [ 0, 2, 1 ]
    } ]
  }, {
    "id" : "a548b426-7f5e-4c81-aa8b-21981fc4119d",
    "vertices" : [ {
      "x" : 20.562305,
      "y" : 6.854102,
      "z" : 6.854102
    }, {
      "x" : 13.708204,
      "y" : 0.0,
      "z" : 13.708204
    }, {
      "x" : 13.708204,
      "y" : 13.708204,
      "z" : 13.708204
    } ],
    "faces" : [ {
      "vertices" : [ 0, 1, 2 ]
    }, {
      "vertices" : [ 0, 2, 1 ]
    } ]
  }, {
    "id" : "51510ddb-a3c3-4444-b0a4-efe9e74f54a2",
    "vertices" : [ {
      "x" : -27.416409,
      "y" : 0.0,
      "z" : 13.708204
    }, {
      "x" : -31.652475,
      "y" : -6.854102,
      "z" : 11.09017
    }, {
      "x" : -31.652475,
      "y" : -6.854102,
      "z" : 2.618034
    }, {
      "x" : -27.416409,
      "y" : 0.0,
      "z" : 0.0
    } ],
    "faces" : [ {
      "vertices" : [ 0, 1, 2 ]
    }, {
      "vertices" : [ 0, 2, 3 ]
    }, {
      "vertices" : [ 0, 3, 2 ]
    }, {
      "vertices" : [ 0, 2, 1 ]
    } ]
  }, {
    "id" : "3caad6dc-705a-4537-9f2a-8e3421d3ba5f",
    "vertices" : [ {
      "x" : -13.708204,
      "y" : 13.708204,
      "z" : -13.708204
    }, {
      "x" : -13.708204,
      "y" : 0.0,
      "z" : -13.708204
    }, {
      "x" : -20.562305,
      "y" : 6.854102,
      "z" : -6.854102
    } ],
    "faces" : [ {
      "vertices" : [ 0, 1, 2 ]
    }, {
      "vertices" : [ 0, 2, 1 ]
    } ]
  }, {
    "id" : "c7082521-79aa-48c5-9ea3-3402fb7146a3",
    "vertices" : [ {
      "x" : 0.0,
      "y" : 13.708204,
      "z" : -13.708204
    }, {
      "x" : 6.854102,
      "y" : 6.854102,
      "z" : -6.854102
    }, {
      "x" : 0.0,
      "y" : 13.708204,
      "z" : 0.0
    } ],
    "faces" : [ {
      "vertices" : [ 0, 1, 2 ]
    }, {
      "vertices" : [ 0, 2, 1 ]
    } ]
  }, {
    "id" : "9fc526c9-8394-4da5-92e4-f696af09233f",
    "vertices" : [ {
