{
  "field" : "golden",
  "symmetry" : "icosahedral",
  "orientations" : [ [ 1.0, 0.0, 0.0, 0.0, 0.0, 1.0, 0.0, 0.0, 0.0, 0.0, 1.0, 0.0, 0.0, 0.0, 0.0, 1.0 ], [ 0.0, 0.0, 1.0, 0.0, 1.0, 0.0, 0.0, 0.0, 0.0, 1.0, 0.0, 0.0, 0.0, 0.0, 0.0, 1.0 ], [ 0.0, 1.0, 0.0, 0.0, 0.0, 0.0, 1.0, 0.0, 1.0, 0.0, 0.0, 0.0, 0.0, 0.0, 0.0, 1.0 ], [ 0.809017, 0.309017, 0.5, 0.0, 0.309017, 0.5, -0.809017, 0.0, -0.5, 0.809017, 0.309017, 0.0, 0.0, 0.0, 0.0, 1.0 ], [ -0.5, 0.809017, 0.309017, 0.0, 0.809017, 0.309017, 0.5, 0.0, 0.309017, 0.5, -0.809017, 0.0, 0.0, 0.0, 0.0, 1.0 ], [ 0.309017, 0.5, -0.809017, 0.0, -0.5, 0.809017, 0.309017, 0.0, 0.809017, 0.309017, 0.5, 0.0, 0.0, 0.0, 0.0, 1.0 ], [ 0.5, 0.809017, 0.309017, 0.0, 0.809017, -0.309017, -0.5, 0.0, -0.309017, 0.5, -0.809017, 0.0, 0.0, 0.0, 0.0, 1.0 ], [ -0.309017, 0.5, -0.809017, 0.0, 0.5, 0.809017, 0.309017, 0.0, 0.809017, -0.309017, -0.5, 0.0, 0.0, 0.0, 0.0, 1.0 ], [ 0.809017, -0.309017, -0.5, 0.0, -0.309017, 0.5, -0.809017, 0.0, 0.5, 0.809017, 0.309017, 0.0, 0.0, 0.0, 0.0, 1.0 ], [ 0.5, 0.809017, -0.309017, 0.0, 0.809017, -0.309017, 0.5, 0.0, 0.309017, -0.5, -0.809017, 0.0, 0.0, 0.0, 0.0, 1.0 ], [ 0.309017, -0.5, -0.809017, 0.0, 0.5, 0.809017, -0.309017, 0.0, 0.809017, -0.309017, 0.5, 0.0, 0.0, 0.0, 0.0, 1.0 ], [ 0.809017, -0.309017, 0.5, 0.0, 0.309017, -0.5, -0.809017, 0.0, 0.5, 0.809017, -0.309017, 0.0, 0.0, 0.0, 0.0, 1.0 ], [ 0.809017, 0.309017, -0.5, 0.0, 0.309017, 0.5, 0.809017, 0.0, 0.5, -0.809017, 0.309017, 0.0, 0.0, 0.0, 0.0, 1.0 ], [ 0.5, -0.809017, 0.309017, 0.0, 0.809017, 0.309017, -0.5, 0.0, 0.309017, 0.5, 0.809017, 0.0, 0.0, 0.0, 0.0, 1.0 ], [ 0.309017, 0.5, 0.809017, 0.0, 0.5, -0.809017, 0.309017, 0.0, 0.809017, 0.309017, -0.5, 0.0, 0.0, 0.0, 0.0, 1.0 ], [ 1.0, 0.0, 0.0, 0.0, 0.0, -1.0, 0.0, 0.0, 0.0, 0.0, -1.0, 0.0, 0.0, 0.0, 0.0, 1.0 ], [ 0.0, 0.0, 1.0, 0.0, -1.0, 0.0, 0.0, 0.0, 0.0, -1.0, 0.0, 0.0, 0.0, 0.0, 0.0, 1.0 ], [ 0.0, 1.0, 0.0, 0.0, 0.0, 0.0, -1.0, 0.0, -1.0, 0.0, 0.0, 0.0, 0.0, 0.0, 0.0, 1.0 ], [ 0.809017, 0.309017, 0.5, 0.0, -0.309017, -0.5, 0.809017, 0.0, 0.5, -0.809017, -0.309017, 0.0, 0.0, 0.0, 0.0, 1.0 ], [ -0.5, 0.809017, 0.309017, 0.0, -0.809017, -0.309017, -0.5, 0.0, -0.309017, -0.5, 0.809017, 0.0, 0.0, 0.0, 0.0, 1.0 ], [ 0.309017, 0.5, -0.809017, 0.0, 0.5, -0.809017, -0.309017, 0.0, -0.809017, -0.309017, -0.5, 0.0, 0.0, 0.0, 0.0, 1.0 ], [ 0.5, 0.809017, 0.309017, 0.0, -0.809017, 0.309017, 0.5, 0.0, 0.309017, -0.5, 0.809017, 0.0, 0.0, 0.0, 0.0, 1.0 ], [ -0.309017, 0.5, -0.809017, 0.0, -0.5, -0.809017, -0.309017, 0.0, -0.809017, 0.309017, 0.5, 0.0, 0.0, 0.0, 0.0, 1.0 ], [ 0.809017, -0.309017, -0.5, 0.0, 0.309017, -0.5, 0.809017, 0.0, -0.5, -0.809017, -0.309017, 0.0, 0.0, 0.0, 0.0, 1.0 ], [ 0.5, 0.809017, -0.309017, 0.0, -0.809017, 0.309017, -0.5, 0.0, -0.309017, 0.5, 0.809017, 0.0, 0.0, 0.0, 0.0, 1.0 ], [ 0.309017, -0.5, -0.809017, 0.0, -0.5, -0.809017, 0.309017, 0.0, -0.809017, 0.309017, -0.5, 0.0, 0.0, 0.0, 0.0, 1.0 ], [ 0.809017, -0.309017, 0.5, 0.0, -0.309017, 0.5, 0.809017, 0.0, -0.5, -0.809017, 0.309017, 0.0, 0.0, 0.0, 0.0, 1.0 ], [ 0.809017, 0.309017, -0.5, 0.0, -0.309017, -0.5, -0.809017, 0.0, -0.5, 0.809017, -0.309017, 0.0, 0.0, 0.0, 0.0, 1.0 ], [ 0.5, -0.809017, 0.309017, 0.0, -0.809017, -0.309017, 0.5, 0.0, -0.309017, -0.5, -0.809017, 0.0, 0.0, 0.0, 0.0, 1.0 ], [ 0.309017, 0.5, 0.809017, 0.0, -0.5, 0.809017, -0.309017, 0.0, -0.809017, -0.309017, 0.5, 0.0, 0.0, 0.0, 0.0, 1.0 ], [ -1.0, 0.0, 0.0, 0.0, 0.0, -1.0, 0.0, 0.0, 0.0, 0.0, 1.0, 0.0, 0.0, 0.0, 0.0, 1.0 ], [ 0.0, 0.0, -1.0, 0.0, -1.0, 0.0, 0.0, 0.0, 0.0, 1.0, 0.0, 0.0, 0.0, 0.0, 0.0, 1.0 ], [ 0.0, -1.0, 0.0, 0.0, 0.0, 0.0, -1.0, 0.0, 1.0, 0.0, 0.0, 0.0, 0.0, 0.0, 0.0, 1.0 ], [ -0.809017, -0.309017, -0.5, 0.0, -0.309017, -0.5, 0.809017, 0.0, -0.5, 0.809017, 0.309017, 0.0, 0.0, 0.0, 0.0, 1.0 ], [ 0.5, -0.809017, -0.309017, 0.0, -0.809017, -0.309017, -0.5, 0.0, 0.309017, 0.5, -0.809017, 0.0, 0.0, 0.0, 0.0, 1.0 ], [ -0.309017, -0.5, 0.809017, 0.0, 0.5, -0.809017, -0.309017, 0.0, 0.809017, 0.309017, 0.5, 0.0, 0.0, 0.0, 0.0, 1.0 ], [ -0.5, -0.809017, -0.309017, 0.0, -0.809017, 0.309017, 0.5, 0.0, -0.309017, 0.5, -0.809017, 0.0, 0.0, 0.0, 0.0, 1.0 ], [ 0.309017, -0.5, 0.809017, 0.0, -0.5, -0.809017, -0.309017, 0.0, 0.809017, -0.309017, -0.5, 0.0, 0.0, 0.0, 0.0, 1.0 ], [ -0.809017, 0.309017, 0.5, 0.0, 0.309017, -0.5, 0.809017, 0.0, 0.5, 0.809017, 0.309017, 0.0, 0.0, 0.0, 0.0, 1.0 ], [ -0.5, -0.809017, 0.309017, 0.0, -0.809017, 0.309017, -0.5, 0.0, 0.309017, -0.5, -0.809017, 0.0, 0.0, 0.0, 0.0, 1.0 ], [ -0.309017, 0.5, 0.809017, 0.0, -0.5, -0.809017, 0.309017, 0.0, 0.809017, -0.309017, 0.5, 0.0, 0.0, 0.0, 0.0, 1.0 ], [ -0.809017, 0.309017, -0.5, 0.0, -0.309017, 0.5, 0.809017, 0.0, 0.5, 0.809017, -0.309017, 0.0, 0.0, 0.0, 0.0, 1.0 ], [ -0.809017, -0.309017, 0.5, 0.0, -0.309017, -0.5, -0.809017, 0.0, 0.5, -0.809017, 0.309017, 0.0, 0.0, 0.0, 0.0, 1.0 ], [ -0.5, 0.809017, -0.309017, 0.0, -0.809017, -0.309017, 0.5, 0.0, 0.309017, 0.5, 0.809017, 0.0, 0.0, 0.0, 0.0, 1.0 ], [ -0.309017, -0.5, -0.809017, 0.0, -0.5, 0.809017, -0.309017, 0.0, 0.809017, 0.309017, -0.5, 0.0, 0.0, 0.0, 0.0, 1.0 ], [ -1.0, 0.0, 0.0, 0.0, 0.0, 1.0, 0.0, 0.0, 0.0, 0.0, -1.0, 0.0, 0.0, 0.0, 0.0, 1.0 ], [ 0.0, 0.0, -1.0, 0.0, 1.0, 0.0, 0.0, 0.0, 0.0, -1.0, 0.0, 0.0, 0.0, 0.0, 0.0, 1.0 ], [ 0.0, -1.0, 0.0, 0.0, 0.0, 0.0, 1.0, 0.0, -1.0, 0.0, 0.0, 0.0, 0.0, 0.0, 0.0, 1.0 ], [ -0.809017, -0.309017, -0.5, 0.0, 0.309017, 0.5, -0.809017, 0.0, 0.5, -0.809017, -0.309017, 0.0, 0.0, 0.0, 0.0, 1.0 ], [ 0.5, -0.809017, -0.309017, 0.0, 0.809017, 0.309017, 0.5, 0.0, -0.309017, -0.5, 0.809017, 0.0, 0.0, 0.0, 0.0, 1.0 ], [ -0.309017, -0.5, 0.809017, 0.0, -0.5, 0.809017, 0.309017, 0.0, -0.809017, -0.309017, -0.5, 0.0, 0.0, 0.0, 0.0, 1.0 ], [ -0.5, -0.809017, -0.309017, 0.0, 0.809017, -0.309017, -0.5, 0.0, 0.309017, -0.5, 0.809017, 0.0, 0.0, 0.0, 0.0, 1.0 ], [ 0.309017, -0.5, 0.809017, 0.0, 0.5, 0.809017, 0.309017, 0.0, -0.809017, 0.309017, 0.5, 0.0, 0.0, 0.0, 0.0, 1.0 ], [ -0.809017, 0.309017, 0.5, 0.0, -0.309017, 0.5, -0.809017, 0.0, -0.5, -0.809017, -0.309017, 0.0, 0.0, 0.0, 0.0, 1.0 ], [ -0.5, -0.809017, 0.309017, 0.0, 0.809017, -0.309017, 0.5, 0.0, -0.309017, 0.5, 0.809017, 0.0, 0.0, 0.0, 0.0, 1.0 ], [ -0.309017, 0.5, 0.809017, 0.0, 0.5, 0.809017, -0.309017, 0.0, -0.809017, 0.309017, -0.5, 0.0, 0.0, 0.0, 0.0, 1.0 ], [ -0.809017, 0.309017, -0.5, 0.0, 0.309017, -0.5, -0.809017, 0.0, -0.5, -0.809017, 0.309017, 0.0, 0.0, 0.0, 0.0, 1.0 ], [ -0.809017, -0.309017, 0.5, 0.0, 0.309017, 0.5, 0.809017, 0.0, -0.5, 0.809017, -0.309017, 0.0, 0.0, 0.0, 0.0, 1.0 ], [ -0.5, 0.809017, -0.309017, 0.0, 0.809017, 0.309017, -0.5, 0.0, -0.309017, -0.5, -0.809017, 0.0, 0.0, 0.0, 0.0, 1.0 ], [ -0.309017, -0.5, -0.809017, 0.0, 0.5, -0.809017, 0.309017, 0.0, -0.809017, -0.309017, 0.5, 0.0, 0.0, 0.0, 0.0, 1.0 ] ],
  "lights" : {
    "ambientColor" : "#292929",
    "backgroundColor" : "#E0EFFF",
    "directionalLights" : [ {
      "direction" : {
        "x" : 1.0,
        "y" : -1.0,
        "z" : -1.0
      },
      "color" : "#EBEBE4"
    }, {
      "direction" : {
        "x" : -1.0,
        "y" : 0.0,
        "z" : 0.0
      },
      "color" : "#E4E4EB"
    }, {
      "direction" : {
        "x" : 0.0,
        "y" : 0.0,
        "z" : -1.0
      },
      "color" : "#1E1E1E"
    } ]
  },
  "camera" : {
    "viewDistance" : 168.82784,
    "nearClipDistance" : 0.42206955,
    "farClipDistance" : 337.65564,
    "lookAtPoint" : {
      "x" : 0.0,
      "y" : 0.0,
      "z" : 0.0
    },
    "fieldOfView" : 0.4426289,
    "perspective" : true,
    "lookDirection" : {
      "x" : 0.0,
      "y" : 0.0,
      "z" : -1.0
    },
    "upDirection" : {
      "x" : 0.0,
      "y" : 1.0,
      "z" : 0.0
    },
    "width" : 75.97253,
    "stereo" : false,
    "position" : {
      "x" : 0.0,
      "y" : 0.0,
      "z" : 168.82784
    }
  },
  "embedding" : [ 1.0, 0.0, 0.0, 0.0, 0.0, 1.0, 0.0, 0.0, 0.0, 0.0, 1.0, 0.0, 0.0, 0.0, 0.0, 1.0 ],
  "shapes" : [ {
    "id" : "e46fd3ca-bb72-4478-b566-dad8fce521ac",
    "vertices" : [ {
      "x" : 0.809017,
      "y" : 0.618034,
      "z" : -0.19098301
    }, {
      "x" : 0.809017,
      "y" : 0.0,
      "z" : -0.19098301
    }, {
      "x" : 0.309017,
      "y" : 0.11803399,
      "z" : 0.0
    }, {
      "x" : 3.427051,
      "y" : 1.618034,
      "z" : 0.19098301
    }, {
      "x" : 0.809017,
      "y" : 0.618034,
      "z" : 0.19098301
    }, {
      "x" : 0.809017,
      "y" : 0.0,
      "z" : 0.19098301
    }, {
      "x" : 3.427051,
      "y" : 1.0,
      "z" : 0.19098301
    }, {
      "x" : 3.927051,
      "y" : 1.5,
      "z" : 0.0
    }, {
      "x" : 3.427051,
      "y" : 1.618034,
      "z" : -0.19098301
    }, {
      "x" : 4.236068,
      "y" : 1.618034,
      "z" : 0.0
    }, {
      "x" : 3.427051,
      "y" : 1.0,
      "z" : -0.19098301
    } ],
    "faces" : [ {
      "vertices" : [ 3, 6, 7 ]
    }, {
      "vertices" : [ 3, 4, 5 ]
    }, {
      "vertices" : [ 3, 5, 6 ]
    }, {
      "vertices" : [ 3, 7, 8 ]
    }, {
      "vertices" : [ 0, 1, 2 ]
    }, {
      "vertices" : [ 0, 8, 10 ]
    }, {
      "vertices" : [ 0, 10, 1 ]
    }, {
      "vertices" : [ 1, 10, 6 ]
    }, {
      "vertices" : [ 1, 6, 5 ]
    }, {
      "vertices" : [ 0, 2, 4 ]
    }, {
      "vertices" : [ 6, 10, 7 ]
    }, {
      "vertices" : [ 1, 5, 2 ]
    }, {
      "vertices" : [ 7, 10, 8 ]
    }, {
      "vertices" : [ 2, 5, 4 ]
    }, {
      "vertices" : [ 0, 4, 3 ]
    }, {
      "vertices" : [ 0, 3, 8 ]
    } ]
  }, {
    "id" : "ceb4db6f-d855-42cd-8632-3b7f093288ab",
    "vertices" : [ {
      "x" : 0.309017,
      "y" : -0.309017,
      "z" : -0.309017
    }, {
      "x" : 0.5,
      "y" : 0.0,
      "z" : -0.19098301
    }, {
      "x" : 0.5,
      "y" : 0.0,
      "z" : 0.19098301
    }, {
      "x" : 0.309017,
      "y" : -0.309017,
      "z" : 0.309017
    }, {
      "x" : 0.19098301,
      "y" : -0.5,
      "z" : 0.0
    }, {
      "x" : 0.0,
      "y" : 0.19098301,
      "z" : 0.5
    }, {
      "x" : 0.0,
      "y" : -0.19098301,
      "z" : 0.5
    }, {
      "x" : 0.309017,
      "y" : 0.309017,
      "z" : 0.309017
    }, {
      "x" : -0.309017,
      "y" : -0.309017,
      "z" : 0.309017
    }, {
      "x" : -0.309017,
      "y" : 0.309017,
      "z" : 0.309017
    }, {
      "x" : -0.5,
      "y" : 0.0,
      "z" : 0.19098301
    }, {
      "x" : 0.0,
      "y" : -0.19098301,
      "z" : -0.5
    }, {
      "x" : 0.0,
      "y" : 0.19098301,
      "z" : -0.5
    }, {
      "x" : 0.309017,
      "y" : 0.309017,
      "z" : -0.309017
    }, {
      "x" : -0.309017,
      "y" : -0.309017,
      "z" : -0.309017
    }, {
      "x" : -0.19098301,
      "y" : -0.5,
      "z" : 0.0
    }, {
      "x" : -0.5,
      "y" : 0.0,
      "z" : -0.19098301
    }, {
      "x" : 0.19098301,
      "y" : 0.5,
      "z" : 0.0
    }, {
      "x" : -0.309017,
      "y" : 0.309017,
      "z" : -0.309017
    }, {
      "x" : 0.0,
      "y" : 0.0,
      "z" : 0.0
    }, {
      "x" : -0.19098301,
      "y" : 0.5,
      "z" : 0.0
    } ],
    "faces" : [ {
      "vertices" : [ 12, 18, 20 ]
    }, {
      "vertices" : [ 12, 20, 17 ]
    }, {
      "vertices" : [ 12, 17, 13 ]
    }, {
      "vertices" : [ 3, 6, 8 ]
    }, {
      "vertices" : [ 3, 8, 15 ]
    }, {
      "vertices" : [ 3, 15, 4 ]
    }, {
      "vertices" : [ 0, 11, 12 ]
    }, {
      "vertices" : [ 0, 12, 13 ]
    }, {
      "vertices" : [ 0, 13, 1 ]
    }, {
      "vertices" : [ 5, 9, 10 ]
    }, {
      "vertices" : [ 5, 10, 8 ]
    }, {
      "vertices" : [ 5, 8, 6 ]
    }, {
      "vertices" : [ 2, 7, 5 ]
    }, {
      "vertices" : [ 2, 5, 6 ]
    }, {
      "vertices" : [ 2, 6, 3 ]
    }, {
      "vertices" : [ 11, 14, 16 ]
    }, {
      "vertices" : [ 11, 16, 18 ]
    }, {
      "vertices" : [ 11, 18, 12 ]
    }, {
      "vertices" : [ 1, 13, 17 ]
    }, {
      "vertices" : [ 1, 17, 7 ]
    }, {
      "vertices" : [ 1, 7, 2 ]
    }, {
      "vertices" : [ 9, 20, 18 ]
    }, {
      "vertices" : [ 9, 18, 16 ]
    }, {
      "vertices" : [ 9, 16, 10 ]
    }, {
      "vertices" : [ 0, 1, 2 ]
    }, {
      "vertices" : [ 0, 2, 3 ]
    }, {
      "vertices" : [ 0, 3, 4 ]
    }, {
      "vertices" : [ 5, 7, 17 ]
    }, {
      "vertices" : [ 5, 17, 20 ]
    }, {
      "vertices" : [ 5, 20, 9 ]
    }, {
      "vertices" : [ 0, 4, 15 ]
    }, {
      "vertices" : [ 0, 15, 14 ]
    }, {
      "vertices" : [ 0, 14, 11 ]
    }, {
      "vertices" : [ 8, 10, 16 ]
    }, {
      "vertices" : [ 8, 16, 14 ]
    }, {
      "vertices" : [ 8, 14, 15 ]
    } ]
  }, {
    "id" : "b0dc8834-3c5a-49bc-a0ee-9a272f0e5b8e",
    "vertices" : [ {
      "x" : 6.854102,
      "y" : 0.0,
      "z" : -2.618034
    }, {
      "x" : 6.545085,
      "y" : 0.0,
      "z" : -2.5
    }, {
      "x" : 6.1405764,
      "y" : -0.1545085,
      "z" : -2.059017
    }, {
      "x" : 5.9495935,
      "y" : -0.1545085,
      "z" : -2.559017
    }, {
      "x" : 0.9045085,
      "y" : -0.1545085,
      "z" : -0.059016995
    }, {
      "x" : 0.809017,
      "y" : 0.309017,
      "z" : -0.309017
    }, {
      "x" : 0.309017,
      "y" : 0.0,
      "z" : -0.11803399
    }, {
      "x" : 6.045085,
      "y" : 0.309017,
      "z" : -2.309017
    }, {
      "x" : 0.7135255,
      "y" : -0.1545085,
      "z" : -0.559017
    } ],
    "faces" : [ {
      "vertices" : [ 2, 4, 8 ]
    }, {
      "vertices" : [ 2, 8, 3 ]
    }, {
      "vertices" : [ 2, 7, 5 ]
    }, {
      "vertices" : [ 2, 5, 4 ]
    }, {
      "vertices" : [ 4, 6, 8 ]
    }, {
      "vertices" : [ 5, 8, 6 ]
    }, {
      "vertices" : [ 1, 2, 3 ]
    }, {
      "vertices" : [ 3, 8, 5 ]
    }, {
      "vertices" : [ 3, 5, 7 ]
    }, {
      "vertices" : [ 1, 7, 2 ]
    }, {
      "vertices" : [ 1, 3, 7 ]
    }, {
      "vertices" : [ 4, 5, 6 ]
    } ]
  }, {
    "id" : "f85753af-3471-4faa-80dc-1a8c30d636d0",
    "vertices" : [ {
      "x" : -1.1265539,
      "y" : -11.0267,
      "z" : -0.49138537
    }, {
      "x" : -1.026554,
      "y" : -10.926701,
      "z" : -0.8913854
    }, {
      "x" : -0.18246305,
      "y" : -0.5634695,
      "z" : -0.31763163
    }, {
      "x" : -0.28246304,
      "y" : -0.6634695,
      "z" : 0.08236837
    }, {
      "x" : -1.326554,
      "y" : -10.693367,
      "z" : -1.0247186
    }, {
      "x" : -1.426554,
      "y" : -10.793367,
      "z" : -0.6247187
    }, {
      "x" : 0.017536957,
      "y" : -0.89680284,
      "z" : 0.2157017
    }, {
      "x" : 0.117536955,
      "y" : -0.7968029,
      "z" : -0.18429829
    } ],
    "faces" : [ {
      "vertices" : [ 2, 3, 6 ]
    }, {
      "vertices" : [ 2, 6, 7 ]
    }, {
      "vertices" : [ 0, 5, 4 ]
    }, {
      "vertices" : [ 0, 4, 1 ]
    }, {
      "vertices" : [ 2, 4, 5 ]
    }, {
      "vertices" : [ 2, 5, 3 ]
    }, {
      "vertices" : [ 0, 6, 3 ]
    }, {
      "vertices" : [ 0, 3, 5 ]
    }, {
      "vertices" : [ 0, 1, 7 ]
    }, {
      "vertices" : [ 0, 7, 6 ]
    }, {
      "vertices" : [ 1, 4, 2 ]
    }, {
      "vertices" : [ 1, 2, 7 ]
    } ]
  }, {
    "id" : "0d8aa9a9-1c90-4c39-891e-76667d2d4f43",
    "vertices" : [ {
      "x" : 1.0,
      "y" : 0.309017,
      "z" : 0.19098301
    }, {
      "x" : 1.0,
      "y" : -0.309017,
      "z" : 0.19098301
    }, {
      "x" : 5.854102,
      "y" : -0.309017,
      "z" : 0.19098301
    }, {
      "x" : 5.854102,
      "y" : 0.309017,
      "z" : 0.19098301
    }, {
      "x" : 5.854102,
      "y" : -0.309017,
      "z" : -0.19098301
    }, {
      "x" : 5.854102,
      "y" : 0.309017,
      "z" : -0.19098301
    }, {
      "x" : 6.472136,
      "y" : 0.0,
      "z" : 0.0
    }, {
      "x" : 0.38196602,
      "y" : 0.0,
      "z" : 0.0
    }, {
      "x" : 1.0,
      "y" : 0.309017,
      "z" : -0.19098301
    }, {
      "x" : 1.0,
      "y" : -0.309017,
      "z" : -0.19098301
    }, {
      "x" : 6.854102,
      "y" : 0.0,
      "z" : 0.0
    } ],
    "faces" : [ {
      "vertices" : [ 1, 9, 4 ]
    }, {
      "vertices" : [ 1, 4, 2 ]
    }, {
      "vertices" : [ 0, 3, 5 ]
    }, {
      "vertices" : [ 0, 5, 8 ]
    }, {
      "vertices" : [ 1, 7, 9 ]
    }, {
      "vertices" : [ 0, 1, 2 ]
    }, {
      "vertices" : [ 0, 2, 3 ]
    }, {
      "vertices" : [ 7, 8, 9 ]
    }, {
      "vertices" : [ 0, 7, 1 ]
    }, {
      "vertices" : [ 4, 9, 8 ]
    }, {
      "vertices" : [ 4, 8, 5 ]
    }, {
      "vertices" : [ 2, 6, 3 ]
    }, {
      "vertices" : [ 2, 4, 6 ]
    }, {
      "vertices" : [ 3, 6, 5 ]
    }, {
      "vertices" : [ 4, 5, 6 ]
    }, {
      "vertices" : [ 0, 8, 7 ]
    } ]
  } ],
  "instances" : [ {
    "shape" : "e46fd3ca-bb72-4478-b566-dad8fce521ac",
    "color" : "#6C00C6",
    "position" : {
      "x" : 8.972136,
      "y" : -17.135256,
      "z" : 1.309017
    },
    "orientation" : 50
  }, {
    "shape" : "ceb4db6f-d855-42cd-8632-3b7f093288ab",
    "color" : "#FFFFFF",
    "position" : {
      "x" : 9.781153,
      "y" : -13.208204,
      "z" : 10.281153
    }
  }, {
    "shape" : "b0dc8834-3c5a-49bc-a0ee-9a272f0e5b8e",
    "color" : "#F0A000",
    "position" : {
      "x" : 8.972136,
      "y" : -14.5172205,
      "z" : -5.545085
    },
    "orientation" : 2
  }, {
    "shape" : "ceb4db6f-d855-42cd-8632-3b7f093288ab",
    "color" : "#FFFFFF",
    "position" : {
      "x" : -11.09017,
      "y" : 11.09017,
      "z" : -11.09017
    }
  }, {
    "shape" : "e46fd3ca-bb72-4478-b566-dad8fce521ac",
    "color" : "#6C00C6",
    "position" : {
      "x" : -8.972136,
      "y" : 11.899187,
      "z" : -12.399187
    },
    "orientation" : 38
  }, {
    "shape" : "ceb4db6f-d855-42cd-8632-3b7f093288ab",
    "color" : "#FFFFFF",
    "position" : {
      "x" : 2.618034,
      "y" : -6.854102,
      "z" : -17.944271
    }
  }, {
    "shape" : "ceb4db6f-d855-42cd-8632-3b7f093288ab",
    "color" : "#FFFFFF",
    "position" : {
      "x" : 8.972136,
      "y" : -14.5172205,
      "z" : 5.545085
    }
  }, {
    "shape" : "e46fd3ca-bb72-4478-b566-dad8fce521ac",
    "color" : "#6C00C6",
    "position" : {
      "x" : 17.944271,
      "y" : 2.618034,
      "z" : 6.854102
    },
    "orientation" : 28
  }, {
    "shape" : "f85753af-3471-4faa-80dc-1a8c30d636d0",
    "color" : "#FFFFFF",
    "position" : {
      "x" : -11.899187,
      "y" : -12.399187,
      "z" : 8.972136
    },
    "orientation" : 8
  }, {
    "shape" : "b0dc8834-3c5a-49bc-a0ee-9a272f0e5b8e",
    "color" : "#F0A000",
    "position" : {
      "x" : 8.972136,
      "y" : -14.5172205,
      "z" : -5.545085
    },
    "orientation" : 17
  }, {
    "shape" : "ceb4db6f-d855-42cd-8632-3b7f093288ab",
    "color" : "#FFFFFF",
    "position" : {
      "x" : -14.5172205,
      "y" : -5.545085,
      "z" : -8.972136
    }
  }, {
    "shape" : "0d8aa9a9-1c90-4c39-891e-76667d2d4f43",
    "color" : "#007695",
    "position" : {
      "x" : 8.972136,
      "y" : 14.5172205,
      "z" : -5.545085
    },
    "orientation" : 25
  }, {
    "shape" : "e46fd3ca-bb72-4478-b566-dad8fce521ac",
    "color" : "#6C00C6",
    "position" : {
      "x" : -17.135256,
      "y" : 1.309017,
      "z" : 8.972136
    },
    "orientation" : 19
  }, {
    "shape" : "ceb4db6f-d855-42cd-8632-3b7f093288ab",
    "color" : "#FFFFFF",
    "position" : {
      "x" : -10.281153,
      "y" : 9.781153,
      "z" : 13.208204
    }
  }, {
    "shape" : "0d8aa9a9-1c90-4c39-891e-76667d2d4f43",
    "color" : "#007695",
    "position" : {
      "x" : 5.545085,
      "y" : 8.972136,
      "z" : -14.5172205
    },
    "orientation" : 11
  }, {
    "shape" : "e46fd3ca-bb72-4478-b566-dad8fce521ac",
    "color" : "#6C00C6",
    "position" : {
      "x" : 12.399187,
      "y" : -8.972136,
      "z" : -11.899187
    },
    "orientation" : 36
  }, {
    "shape" : "ceb4db6f-d855-42cd-8632-3b7f093288ab",
    "color" : "#FFFFFF",
    "position" : {
      "x" : 13.208204,
      "y" : -10.281153,
      "z" : 9.781153
    }
  }, {
    "shape" : "e46fd3ca-bb72-4478-b566-dad8fce521ac",
    "color" : "#6C00C6",
    "position" : {
      "x" : -13.208204,
      "y" : 10.281153,
      "z" : 9.781153
    },
    "orientation" : 9
  }, {
    "shape" : "ceb4db6f-d855-42cd-8632-3b7f093288ab",
    "color" : "#FFFFFF",
    "position" : {
      "x" : 0.0,
      "y" : 0.0,
      "z" : -17.944271
    }
  }, {
    "shape" : "ceb4db6f-d855-42cd-8632-3b7f093288ab",
    "color" : "#FFFFFF",
    "position" : {
      "x" : 8.972136,
      "y" : -17.135256,
      "z" : 1.309017
    }
  }, {
    "shape" : "0d8aa9a9-1c90-4c39-891e-76667d2d4f43",
    "color" : "#007695",
    "position" : {
      "x" : 17.944271,
      "y" : 0.0,
      "z" : 0.0
    },
    "orientation" : 2
  }, {
    "shape" : "f85753af-3471-4faa-80dc-1a8c30d636d0",
    "color" : "#FFFFFF",
    "position" : {
      "x" : -17.135256,
      "y" : -1.309017,
      "z" : -8.972136
    },
    "orientation" : 44
  }, {
    "shape" : "ceb4db6f-d855-42cd-8632-3b7f093288ab",
    "color" : "#FFFFFF",
    "position" : {
      "x" : 11.899187,
      "y" : -12.399187,
      "z" : -8.972136
    }
  }, {
    "shape" : "ceb4db6f-d855-42cd-8632-3b7f093288ab",
    "color" : "#FFFFFF",
    "position" : {
      "x" : -5.545085,
      "y" : 8.972136,
      "z" : 14.5172205
    }
  }, {
    "shape" : "b0dc8834-3c5a-49bc-a0ee-9a272f0e5b8e",
    "color" : "#F0A000",
    "position" : {
      "x" : -8.972136,
      "y" : 14.5172205,
      "z" : 5.545085
    },
    "orientation" : 3
  }, {
    "shape" : "f85753af-3471-4faa-80dc-1a8c30d636d0",
    "color" : "#FFFFFF",
    "position" : {
      "x" : -17.944271,
      "y" : -2.618034,
      "z" : 6.854102
    },
    "orientation" : 10
  }, {
    "shape" : "ceb4db6f-d855-42cd-8632-3b7f093288ab",
    "color" : "#FFFFFF",
    "position" : {
      "x" : -18.753288,
      "y" : 1.309017,
      "z" : 4.736068
    }
  }, {
    "shape" : "0d8aa9a9-1c90-4c39-891e-76667d2d4f43",
    "color" : "#007695",
    "position" : {
      "x" : -8.972136,
      "y" : 14.5172205,
      "z" : 5.545085
    },
    "orientation" : 40
  }, {
    "shape" : "ceb4db6f-d855-42cd-8632-3b7f093288ab",
    "color" : "#FFFFFF",
    "position" : {
      "x" : 1.309017,
      "y" : 4.736068,
      "z" : -18.753288
    }
  }, {
    "shape" : "ceb4db6f-d855-42cd-8632-3b7f093288ab",
    "color" : "#FFFFFF",
    "position" : {
      "x" : -4.736068,
      "y" : -18.753288,
      "z" : -1.309017
    }
  }, {
    "shape" : "b0dc8834-3c5a-49bc-a0ee-9a272f0e5b8e",
    "color" : "#F0A000",
    "position" : {
      "x" : 8.972136,
      "y" : -14.5172205,
      "z" : 5.545085
    },
    "orientation" : 19
  }, {
    "shape" : "e46fd3ca-bb72-4478-b566-dad8fce521ac",
    "color" : "#6C00C6",
    "position" : {
      "x" : -2.618034,
      "y" : 6.854102,
      "z" : -17.944271
    },
    "orientation" : 27
  }, {
    "shape" : "ceb4db6f-d855-42cd-8632-3b7f093288ab",
    "color" : "#FFFFFF",
    "position" : {
      "x" : -5.545085,
      "y" : -8.972136,
      "z" : 14.5172205
    }
  }, {
    "shape" : "e46fd3ca-bb72-4478-b566-dad8fce521ac",
    "color" : "#6C00C6",
    "position" : {
      "x" : 1.309017,
      "y" : 4.736068,
      "z" : -18.753288
    },
    "orientation" : 1
  }, {
    "shape" : "f85753af-3471-4faa-80dc-1a8c30d636d0",
    "color" : "#FFFFFF",
    "position" : {
      "x" : 13.208204,
      "y" : 10.281153,
      "z" : -9.781153
    },
    "orientation" : 50
  }, {
    "shape" : "e46fd3ca-bb72-4478-b566-dad8fce521ac",
    "color" : "#6C00C6",
    "position" : {
      "x" : 6.854102,
      "y" : -17.944271,
      "z" : -2.618034
    },
    "orientation" : 44
  }, {
    "shape" : "ceb4db6f-d855-42cd-8632-3b7f093288ab",
    "color" : "#FFFFFF",
    "position" : {
      "x" : 8.972136,
      "y" : 14.5172205,
      "z" : 5.545085
    }
  }, {
    "shape" : "ceb4db6f-d855-42cd-8632-3b7f093288ab",
    "color" : "#FFFFFF",
    "position" : {
      "x" : 17.944271,
      "y" : 0.0,
      "z" : -6.854102
    }
  }, {
    "shape" : "ceb4db6f-d855-42cd-8632-3b7f093288ab",
    "color" : "#FFFFFF",
    "position" : {
      "x" : 1.309017,
      "y" : 8.972136,
      "z" : -17.135256
    }
  }, {
    "shape" : "0d8aa9a9-1c90-4c39-891e-76667d2d4f43",
    "color" : "#007695",
    "position" : {
      "x" : 5.545085,
      "y" : -8.972136,
      "z" : 14.5172205
    },
    "orientation" : 38
  }, {
    "shape" : "ceb4db6f-d855-42cd-8632-3b7f093288ab",
    "color" : "#FFFFFF",
    "position" : {
      "x" : 12.399187,
      "y" : -8.972136,
      "z" : -11.899187
    }
  }, {
    "shape" : "e46fd3ca-bb72-4478-b566-dad8fce521ac",
    "color" : "#6C00C6",
    "position" : {
      "x" : 17.944271,
      "y" : -2.618034,
      "z" : -6.854102
    },
    "orientation" : 13
  }, {
    "shape" : "f85753af-3471-4faa-80dc-1a8c30d636d0",
    "color" : "#FFFFFF",
    "position" : {
      "x" : -9.781153,
      "y" : 13.208204,
      "z" : 10.281153
    },
    "orientation" : 33
  }, {
    "shape" : "b0dc8834-3c5a-49bc-a0ee-9a272f0e5b8e",
    "color" : "#F0A000",
    "position" : {
      "x" : 5.545085,
      "y" : -8.972136,
      "z" : 14.5172205
    },
    "orientation" : 4
  }, {
    "shape" : "b0dc8834-3c5a-49bc-a0ee-9a272f0e5b8e",
    "color" : "#F0A000",
    "position" : {
      "x" : -8.972136,
      "y" : 14.5172205,
      "z" : -5.545085
    },
    "orientation" : 22
  }, {
    "shape" : "0d8aa9a9-1c90-4c39-891e-76667d2d4f43",
    "color" : "#007695",
    "position" : {
      "x" : 14.5172205,
      "y" : 5.545085,
      "z" : 8.972136
    },
    "orientation" : 24
  }, {
    "shape" : "e46fd3ca-bb72-4478-b566-dad8fce521ac",
    "color" : "#6C00C6",
    "position" : {
      "x" : 8.972136,
      "y" : 11.899187,
      "z" : 12.399187
    },
    "orientation" : 23
  }, {
    "shape" : "e46fd3ca-bb72-4478-b566-dad8fce521ac",
    "color" : "#6C00C6",
    "position" : {
      "x" : -9.781153,
      "y" : -13.208204,
      "z" : -10.281153
    },
    "orientation" : 55
  }, {
    "shape" : "b0dc8834-3c5a-49bc-a0ee-9a272f0e5b8e",
    "color" : "#F0A000",
    "position" : {
      "x" : 8.972136,
      "y" : 14.5172205,
      "z" : 5.545085
    },
    "orientation" : 2
  }, {
    "shape" : "ceb4db6f-d855-42cd-8632-3b7f093288ab",
    "color" : "#FFFFFF",
    "position" : {
      "x" : 17.944271,
      "y" : 0.0,
      "z" : 6.854102
    }
  }, {
    "shape" : "e46fd3ca-bb72-4478-b566-dad8fce521ac",
    "color" : "#6C00C6",
    "position" : {
      "x" : -8.972136,
      "y" : -11.899187,
      "z" : 12.399187
    },
    "orientation" : 53
  }, {
    "shape" : "ceb4db6f-d855-42cd-8632-3b7f093288ab",
    "color" : "#FFFFFF",
    "position" : {
      "x" : 8.972136,
      "y" : 14.5172205,
      "z" : -5.545085
    }
  }, {
    "shape" : "0d8aa9a9-1c90-4c39-891e-76667d2d4f43",
    "color" : "#007695",
    "position" : {
      "x" : 8.972136,
      "y" : -14.5172205,
      "z" : -5.545085
    },
    "orientation" : 40
  }, {
    "shape" : "b0dc8834-3c5a-49bc-a0ee-9a272f0e5b8e",
    "color" : "#F0A000",
    "position" : {
      "x" : 5.545085,
      "y" : 8.972136,
      "z" : -14.5172205
    },
    "orientation" : 9
  }, {
    "shape" : "b0dc8834-3c5a-49bc-a0ee-9a272f0e5b8e",
    "color" : "#F0A000",
    "position" : {
      "x" : 8.972136,
      "y" : -14.5172205,
      "z" : 5.545085
    },
    "orientation" : 9
  }, {
    "shape" : "ceb4db6f-d855-42cd-8632-3b7f093288ab",
    "color" : "#FFFFFF",
    "position" : {
      "x" : -8.972136,
      "y" : -14.5172205,
      "z" : 5.545085
    }
  }, {
    "shape" : "ceb4db6f-d855-42cd-8632-3b7f093288ab",
    "color" : "#FFFFFF",
    "position" : {
      "x" : -5.545085,
      "y" : -8.972136,
      "z" : -14.5172205
    }
  }, {
    "shape" : "b0dc8834-3c5a-49bc-a0ee-9a272f0e5b8e",
    "color" : "#F0A000",
    "position" : {
      "x" : -5.545085,
      "y" : -8.972136,
      "z" : 14.5172205
    },
    "orientation" : 30
  }, {
    "shape" : "0d8aa9a9-1c90-4c39-891e-76667d2d4f43",
    "color" : "#007695",
    "position" : {
      "x" : 5.545085,
      "y" : -8.972136,
      "z" : -14.5172205
    },
    "orientation" : 8
  }, {
    "shape" : "0d8aa9a9-1c90-4c39-891e-76667d2d4f43",
    "color" : "#007695",
    "position" : {
      "x" : -8.972136,
      "y" : -14.5172205,
      "z" : -5.545085
    },
    "orientation" : 37
  }, {
    "shape" : "f85753af-3471-4faa-80dc-1a8c30d636d0",
    "color" : "#FFFFFF",
    "position" : {
      "x" : 12.399187,
      "y" : 8.972136,
      "z" : 11.899187
    },
    "orientation" : 52
  }, {
    "shape" : "0d8aa9a9-1c90-4c39-891e-76667d2d4f43",
    "color" : "#007695",
    "position" : {
      "x" : -8.972136,
      "y" : 14.5172205,
      "z" : -5.545085
    },
    "orientation" : 22
  }, {
    "shape" : "f85753af-3471-4faa-80dc-1a8c30d636d0",
    "color" : "#FFFFFF",
    "position" : {
      "x" : 17.944271,
      "y" : -2.618034,
      "z" : -6.854102
    },
    "orientation" : 55
  }, {
    "shape" : "ceb4db6f-d855-42cd-8632-3b7f093288ab",
    "color" : "#FFFFFF",
    "position" : {
      "x" : 17.135256,
      "y" : -1.309017,
      "z" : 8.972136
    }
  }, {
    "shape" : "0d8aa9a9-1c90-4c39-891e-76667d2d4f43",
    "color" : "#007695",
    "position" : {
      "x" : -14.5172205,
      "y" : -5.545085,
      "z" : 8.972136
    },
    "orientation" : 21
  }, {
    "shape" : "e46fd3ca-bb72-4478-b566-dad8fce521ac",
    "color" : "#6C00C6",
    "position" : {
      "x" : 10.281153,
      "y" : 9.781153,
      "z" : -13.208204
    },
    "orientation" : 11
  }, {
    "shape" : "f85753af-3471-4faa-80dc-1a8c30d636d0",
    "color" : "#FFFFFF",
    "position" : {
      "x" : -11.899187,
      "y" : 12.399187,
      "z" : -8.972136
    },
    "orientation" : 23
  }, {
    "shape" : "0d8aa9a9-1c90-4c39-891e-76667d2d4f43",
    "color" : "#007695",
    "position" : {
      "x" : 14.5172205,
      "y" : -5.545085,
      "z" : -8.972136
    },
    "orientation" : 36
  }, {
    "shape" : "ceb4db6f-d855-42cd-8632-3b7f093288ab",
    "color" : "#FFFFFF",
    "position" : {
      "x" : 5.545085,
      "y" : -8.972136,
      "z" : 14.5172205
    }
  }, {
    "shape" : "ceb4db6f-d855-42cd-8632-3b7f093288ab",
    "color" : "#FFFFFF",
    "position" : {
      "x" : -17.944271,
      "y" : 0.0,
      "z" : -6.854102
    }
  }, {
    "shape" : "ceb4db6f-d855-42cd-8632-3b7f093288ab",
    "color" : "#FFFFFF",
    "position" : {
      "x" : -6.854102,
      "y" : 17.944271,
      "z" : -2.618034
    }
  }, {
    "shape" : "ceb4db6f-d855-42cd-8632-3b7f093288ab",
    "color" : "#FFFFFF",
    "position" : {
      "x" : 10.281153,
      "y" : 9.781153,
      "z" : -13.208204
    }
  }, {
    "shape" : "0d8aa9a9-1c90-4c39-891e-76667d2d4f43",
    "color" : "#007695",
    "position" : {
      "x" : 5.545085,
      "y" : 8.972136,
      "z" : 14.5172205
    },
    "orientation" : 41
  }, {
    "shape" : "0d8aa9a9-1c90-4c39-891e-76667d2d4f43",
    "color" : "#007695",
    "position" : {
      "x" : 8.972136,
      "y" : -14.5172205,
      "z" : -5.545085
    },
    "orientation" : 52
  }, {
    "shape" : "f85753af-3471-4faa-80dc-1a8c30d636d0",
    "color" : "#FFFFFF",
    "position" : {
      "x" : 1.309017,
      "y" : 4.736068,
      "z" : -18.753288
    },
    "orientation" : 45
  }, {
    "shape" : "0d8aa9a9-1c90-4c39-891e-76667d2d4f43",
    "color" : "#007695",
    "position" : {
      "x" : 8.972136,
      "y" : -14.5172205,
      "z" : 5.545085
    },
    "orientation" : 22
  }, {
    "shape" : "e46fd3ca-bb72-4478-b566-dad8fce521ac",
    "color" : "#6C00C6",
    "position" : {
      "x" : -1.309017,
      "y" : 4.736068,
      "z" : 18.753288
    },
    "orientation" : 46
  }, {
    "shape" : "f85753af-3471-4faa-80dc-1a8c30d636d0",
    "color" : "#FFFFFF",
    "position" : {
      "x" : 4.736068,
      "y" : 18.753288,
      "z" : -1.309017
    },
    "orientation" : 2
  }, {
    "shape" : "ceb4db6f-d855-42cd-8632-3b7f093288ab",
    "color" : "#FFFFFF",
    "position" : {
      "x" : -2.618034,
      "y" : -6.854102,
      "z" : 17.944271
    }
  }, {
    "shape" : "f85753af-3471-4faa-80dc-1a8c30d636d0",
    "color" : "#FFFFFF",
    "position" : {
      "x" : 2.618034,
      "y" : 6.854102,
      "z" : 17.944271
    },
    "orientation" : 54
  }, {
    "shape" : "ceb4db6f-d855-42cd-8632-3b7f093288ab",
    "color" : "#FFFFFF",
    "position" : {
      "x" : -6.854102,
      "y" : 17.944271,
      "z" : 0.0
    }
  }, {
    "shape" : "0d8aa9a9-1c90-4c39-891e-76667d2d4f43",
    "color" : "#007695",
    "position" : {
      "x" : 8.972136,
      "y" : 14.5172205,
      "z" : 5.545085
    },
    "orientation" : 55
  }, {
    "shape" : "b0dc8834-3c5a-49bc-a0ee-9a272f0e5b8e",
    "color" : "#F0A000",
    "position" : {
      "x" : -8.972136,
      "y" : 14.5172205,
      "z" : -5.545085
    },
    "orientation" : 7
  }, {
    "shape" : "f85753af-3471-4faa-80dc-1a8c30d636d0",
    "color" : "#FFFFFF",
    "position" : {
      "x" : 17.135256,
      "y" : -1.309017,
      "z" : 8.972136
    },
    "orientation" : 29
  }, {
    "shape" : "f85753af-3471-4faa-80dc-1a8c30d636d0",
    "color" : "#FFFFFF",
    "position" : {
      "x" : 8.972136,
      "y" : -17.135256,
      "z" : 1.309017
    },
    "orientation" : 42
  }, {
    "shape" : "e46fd3ca-bb72-4478-b566-dad8fce521ac",
    "color" : "#6C00C6",
    "position" : {
      "x" : 18.753288,
      "y" : 1.309017,
      "z" : -4.736068
    },
    "orientation" : 47
  }, {
    "shape" : "f85753af-3471-4faa-80dc-1a8c30d636d0",
    "color" : "#FFFFFF",
    "position" : {
      "x" : -18.753288,
      "y" : 1.309017,
      "z" : 4.736068
    },
    "orientation" : 31
  }, {
    "shape" : "f85753af-3471-4faa-80dc-1a8c30d636d0",
    "color" : "#FFFFFF",
    "position" : {
      "x" : 11.899187,
      "y" : 12.399187,
      "z" : 8.972136
    },
    "orientation" : 38
  }, {
    "shape" : "ceb4db6f-d855-42cd-8632-3b7f093288ab",
    "color" : "#FFFFFF",
    "position" : {
      "x" : 5.545085,
      "y" : 8.972136,
      "z" : -14.5172205
    }
  }, {
    "shape" : "b0dc8834-3c5a-49bc-a0ee-9a272f0e5b8e",
    "color" : "#F0A000",
    "position" : {
      "x" : 0.0,
      "y" : 0.0,
      "z" : 17.944271
    },
    "orientation" : 6
  }, {
    "shape" : "b0dc8834-3c5a-49bc-a0ee-9a272f0e5b8e",
    "color" : "#F0A000",
    "position" : {
      "x" : -5.545085,
      "y" : 8.972136,
      "z" : 14.5172205
    },
    "orientation" : 54
  }, {
    "shape" : "b0dc8834-3c5a-49bc-a0ee-9a272f0e5b8e",
    "color" : "#F0A000",
    "position" : {
      "x" : 8.972136,
      "y" : 14.5172205,
      "z" : 5.545085
    },
    "orientation" : 17
  }, {
    "shape" : "0d8aa9a9-1c90-4c39-891e-76667d2d4f43",
    "color" : "#007695",
    "position" : {
      "x" : -8.972136,
      "y" : 14.5172205,
      "z" : 5.545085
    },
    "orientation" : 52
  }, {
    "shape" : "e46fd3ca-bb72-4478-b566-dad8fce521ac",
    "color" : "#6C00C6",
    "position" : {
      "x" : -1.309017,
      "y" : 8.972136,
      "z" : 17.135256
    },
    "orientation" : 18
  }, {
    "shape" : "ceb4db6f-d855-42cd-8632-3b7f093288ab",
    "color" : "#FFFFFF",
    "position" : {
      "x" : 0.0,
      "y" : 0.0,
      "z" : 17.944271
    }
  }, {
    "shape" : "f85753af-3471-4faa-80dc-1a8c30d636d0",
    "color" : "#FFFFFF",
    "position" : {
      "x" : -8.972136,
      "y" : 11.899187,
      "z" : -12.399187
    },
    "orientation" : 36
  }, {
    "shape" : "ceb4db6f-d855-42cd-8632-3b7f093288ab",
    "color" : "#FFFFFF",
    "position" : {
      "x" : -11.09017,
      "y" : -11.09017,
      "z" : -11.09017
    }
  }, {
    "shape" : "e46fd3ca-bb72-4478-b566-dad8fce521ac",
    "color" : "#6C00C6",
    "position" : {
      "x" : -2.618034,
      "y" : -6.854102,
      "z" : 17.944271
    },
    "orientation" : 12
  }, {
    "shape" : "b0dc8834-3c5a-49bc-a0ee-9a272f0e5b8e",
    "color" : "#F0A000",
    "position" : {
      "x" : 5.545085,
      "y" : 8.972136,
      "z" : 14.5172205
    },
    "orientation" : 38
  }, {
    "shape" : "e46fd3ca-bb72-4478-b566-dad8fce521ac",
    "color" : "#6C00C6",
    "position" : {
      "x" : 12.399187,
      "y" : 8.972136,
      "z" : 11.899187
    },
    "orientation" : 51
  }, {
    "shape" : "ceb4db6f-d855-42cd-8632-3b7f093288ab",
    "color" : "#FFFFFF",
    "position" : {
      "x" : 17.944271,
      "y" : 0.0,
      "z" : 0.0
    }
  }, {
    "shape" : "b0dc8834-3c5a-49bc-a0ee-9a272f0e5b8e",
    "color" : "#F0A000",
    "position" : {
      "x" : 0.0,
      "y" : -17.944271,
      "z" : 0.0
    },
    "orientation" : 0
  }, {
    "shape" : "b0dc8834-3c5a-49bc-a0ee-9a272f0e5b8e",
    "color" : "#F0A000",
    "position" : {
      "x" : -14.5172205,
      "y" : 5.545085,
      "z" : 8.972136
    },
    "orientation" : 9
  }, {
    "shape" : "ceb4db6f-d855-42cd-8632-3b7f093288ab",
    "color" : "#FFFFFF",
    "position" : {
      "x" : -17.944271,
      "y" : 0.0,
      "z" : 0.0
    }
  }, {
    "shape" : "e46fd3ca-bb72-4478-b566-dad8fce521ac",
    "color" : "#6C00C6",
    "position" : {
      "x" : 11.899187,
      "y" : 12.399187,
      "z" : 8.972136
    },
    "orientation" : 37
  }, {
    "shape" : "0d8aa9a9-1c90-4c39-891e-76667d2d4f43",
    "color" : "#007695",
    "position" : {
      "x" : 0.0,
      "y" : 17.944271,
      "z" : 0.0
    },
    "orientation" : 45
  }, {
    "shape" : "e46fd3ca-bb72-4478-b566-dad8fce521ac",
    "color" : "#6C00C6",
    "position" : {
      "x" : 13.208204,
      "y" : -10.281153,
      "z" : 9.781153
    },
    "orientation" : 39
  }, {
    "shape" : "f85753af-3471-4faa-80dc-1a8c30d636d0",
    "color" : "#FFFFFF",
    "position" : {
      "x" : 6.854102,
      "y" : 17.944271,
      "z" : 2.618034
    },
    "orientation" : 26
  }, {
    "shape" : "e46fd3ca-bb72-4478-b566-dad8fce521ac",
    "color" : "#6C00C6",
    "position" : {
      "x" : 11.899187,
      "y" : -12.399187,
      "z" : -8.972136
    },
    "orientation" : 52
  }, {
    "shape" : "b0dc8834-3c5a-49bc-a0ee-9a272f0e5b8e",
    "color" : "#F0A000",
    "position" : {
      "x" : 0.0,
      "y" : 17.944271,
      "z" : 0.0
    },
    "orientation" : 8
  }, {
    "shape" : "ceb4db6f-d855-42cd-8632-3b7f093288ab",
    "color" : "#FFFFFF",
    "position" : {
      "x" : 11.09017,
      "y" : -11.09017,
      "z" : -11.09017
    }
  }, {
    "shape" : "e46fd3ca-bb72-4478-b566-dad8fce521ac",
    "color" : "#6C00C6",
    "position" : {
      "x" : 1.309017,
      "y" : -4.736068,
      "z" : 18.753288
    },
    "orientation" : 16
  }, {
    "shape" : "ceb4db6f-d855-42cd-8632-3b7f093288ab",
    "color" : "#FFFFFF",
    "position" : {
      "x" : -4.736068,
      "y" : 18.753288,
      "z" : 1.309017
    }
  }, {
    "shape" : "0d8aa9a9-1c90-4c39-891e-76667d2d4f43",
    "color" : "#007695",
    "position" : {
      "x" : 5.545085,
      "y" : 8.972136,
      "z" : -14.5172205
    },
    "orientation" : 53
  }, {
    "shape" : "f85753af-3471-4faa-80dc-1a8c30d636d0",
    "color" : "#FFFFFF",
    "position" : {
      "x" : 6.854102,
      "y" : -17.944271,
      "z" : -2.618034
    },
    "orientation" : 11
  }, {
    "shape" : "b0dc8834-3c5a-49bc-a0ee-9a272f0e5b8e",
    "color" : "#F0A000",
    "position" : {
      "x" : 5.545085,
      "y" : 8.972136,
      "z" : -14.5172205
    },
    "orientation" : 19
  }, {
    "shape" : "0d8aa9a9-1c90-4c39-891e-76667d2d4f43",
    "color" : "#007695",
    "position" : {
      "x" : 0.0,
      "y" : 0.0,
      "z" : 17.944271
    },
    "orientation" : 1
  }, {
    "shape" : "e46fd3ca-bb72-4478-b566-dad8fce521ac",
    "color" : "#6C00C6",
    "position" : {
      "x" : 9.781153,
      "y" : 13.208204,
      "z" : -10.281153
    },
    "orientation" : 25
  }, {
    "shape" : "e46fd3ca-bb72-4478-b566-dad8fce521ac",
    "color" : "#6C00C6",
    "position" : {
      "x" : -1.309017,
      "y" : -4.736068,
      "z" : -18.753288
    },
    "orientation" : 31
  }, {
    "shape" : "0d8aa9a9-1c90-4c39-891e-76667d2d4f43",
    "color" : "#007695",
    "position" : {
      "x" : 17.944271,
      "y" : 0.0,
      "z" : 0.0
    },
    "orientation" : 47
  }, {
    "shape" : "ceb4db6f-d855-42cd-8632-3b7f093288ab",
    "color" : "#FFFFFF",
    "position" : {
      "x" : -17.944271,
      "y" : -2.618034,
