{
  "field" : "golden",
  "symmetry" : "icosahedral",
  "orientations" : [ [ 1.0, 0.0, 0.0, 0.0, 0.0, 1.0, 0.0, 0.0, 0.0, 0.0, 1.0, 0.0, 0.0, 0.0, 0.0, 1.0 ], [ 0.0, 0.0, 1.0, 0.0, 1.0, 0.0, 0.0, 0.0, 0.0, 1.0, 0.0, 0.0, 0.0, 0.0, 0.0, 1.0 ], [ 0.0, 1.0, 0.0, 0.0, 0.0, 0.0, 1.0, 0.0, 1.0, 0.0, 0.0, 0.0, 0.0, 0.0, 0.0, 1.0 ], [ 0.809017, 0.309017, 0.5, 0.0, 0.309017, 0.5, -0.809017, 0.0, -0.5, 0.809017, 0.309017, 0.0, 0.0, 0.0, 0.0, 1.0 ], [ -0.5, 0.809017, 0.309017, 0.0, 0.809017, 0.309017, 0.5, 0.0, 0.309017, 0.5, -0.809017, 0.0, 0.0, 0.0, 0.0, 1.0 ], [ 0.309017, 0.5, -0.809017, 0.0, -0.5, 0.809017, 0.309017, 0.0, 0.809017, 0.309017, 0.5, 0.0, 0.0, 0.0, 0.0, 1.0 ], [ 0.5, 0.809017, 0.309017, 0.0, 0.809017, -0.309017, -0.5, 0.0, -0.309017, 0.5, -0.809017, 0.0, 0.0, 0.0, 0.0, 1.0 ], [ -0.309017, 0.5, -0.809017, 0.0, 0.5, 0.809017, 0.309017, 0.0, 0.809017, -0.309017, -0.5, 0.0, 0.0, 0.0, 0.0, 1.0 ], [ 0.809017, -0.309017, -0.5, 0.0, -0.309017, 0.5, -0.809017, 0.0, 0.5, 0.809017, 0.309017, 0.0, 0.0, 0.0, 0.0, 1.0 ], [ 0.5, 0.809017, -0.309017, 0.0, 0.809017, -0.309017, 0.5, 0.0, 0.309017, -0.5, -0.809017, 0.0, 0.0, 0.0, 0.0, 1.0 ], [ 0.309017, -0.5, -0.809017, 0.0, 0.5, 0.809017, -0.309017, 0.0, 0.809017, -0.309017, 0.5, 0.0, 0.0, 0.0, 0.0, 1.0 ], [ 0.809017, -0.309017, 0.5, 0.0, 0.309017, -0.5, -0.809017, 0.0, 0.5, 0.809017, -0.309017, 0.0, 0.0, 0.0, 0.0, 1.0 ], [ 0.809017, 0.309017, -0.5, 0.0, 0.309017, 0.5, 0.809017, 0.0, 0.5, -0.809017, 0.309017, 0.0, 0.0, 0.0, 0.0, 1.0 ], [ 0.5, -0.809017, 0.309017, 0.0, 0.809017, 0.309017, -0.5, 0.0, 0.309017, 0.5, 0.809017, 0.0, 0.0, 0.0, 0.0, 1.0 ], [ 0.309017, 0.5, 0.809017, 0.0, 0.5, -0.809017, 0.309017, 0.0, 0.809017, 0.309017, -0.5, 0.0, 0.0, 0.0, 0.0, 1.0 ], [ 1.0, 0.0, 0.0, 0.0, 0.0, -1.0, 0.0, 0.0, 0.0, 0.0, -1.0, 0.0, 0.0, 0.0, 0.0, 1.0 ], [ 0.0, 0.0, 1.0, 0.0, -1.0, 0.0, 0.0, 0.0, 0.0, -1.0, 0.0, 0.0, 0.0, 0.0, 0.0, 1.0 ], [ 0.0, 1.0, 0.0, 0.0, 0.0, 0.0, -1.0, 0.0, -1.0, 0.0, 0.0, 0.0, 0.0, 0.0, 0.0, 1.0 ], [ 0.809017, 0.309017, 0.5, 0.0, -0.309017, -0.5, 0.809017, 0.0, 0.5, -0.809017, -0.309017, 0.0, 0.0, 0.0, 0.0, 1.0 ], [ -0.5, 0.809017, 0.309017, 0.0, -0.809017, -0.309017, -0.5, 0.0, -0.309017, -0.5, 0.809017, 0.0, 0.0, 0.0, 0.0, 1.0 ], [ 0.309017, 0.5, -0.809017, 0.0, 0.5, -0.809017, -0.309017, 0.0, -0.809017, -0.309017, -0.5, 0.0, 0.0, 0.0, 0.0, 1.0 ], [ 0.5, 0.809017, 0.309017, 0.0, -0.809017, 0.309017, 0.5, 0.0, 0.309017, -0.5, 0.809017, 0.0, 0.0, 0.0, 0.0, 1.0 ], [ -0.309017, 0.5, -0.809017, 0.0, -0.5, -0.809017, -0.309017, 0.0, -0.809017, 0.309017, 0.5, 0.0, 0.0, 0.0, 0.0, 1.0 ], [ 0.809017, -0.309017, -0.5, 0.0, 0.309017, -0.5, 0.809017, 0.0, -0.5, -0.809017, -0.309017, 0.0, 0.0, 0.0, 0.0, 1.0 ], [ 0.5, 0.809017, -0.309017, 0.0, -0.809017, 0.309017, -0.5, 0.0, -0.309017, 0.5, 0.809017, 0.0, 0.0, 0.0, 0.0, 1.0 ], [ 0.309017, -0.5, -0.809017, 0.0, -0.5, -0.809017, 0.309017, 0.0, -0.809017, 0.309017, -0.5, 0.0, 0.0, 0.0, 0.0, 1.0 ], [ 0.809017, -0.309017, 0.5, 0.0, -0.309017, 0.5, 0.809017, 0.0, -0.5, -0.809017, 0.309017, 0.0, 0.0, 0.0, 0.0, 1.0 ], [ 0.809017, 0.309017, -0.5, 0.0, -0.309017, -0.5, -0.809017, 0.0, -0.5, 0.809017, -0.309017, 0.0, 0.0, 0.0, 0.0, 1.0 ], [ 0.5, -0.809017, 0.309017, 0.0, -0.809017, -0.309017, 0.5, 0.0, -0.309017, -0.5, -0.809017, 0.0, 0.0, 0.0, 0.0, 1.0 ], [ 0.309017, 0.5, 0.809017, 0.0, -0.5, 0.809017, -0.309017, 0.0, -0.809017, -0.309017, 0.5, 0.0, 0.0, 0.0, 0.0, 1.0 ], [ -1.0, 0.0, 0.0, 0.0, 0.0, -1.0, 0.0, 0.0, 0.0, 0.0, 1.0, 0.0, 0.0, 0.0, 0.0, 1.0 ], [ 0.0, 0.0, -1.0, 0.0, -1.0, 0.0, 0.0, 0.0, 0.0, 1.0, 0.0, 0.0, 0.0, 0.0, 0.0, 1.0 ], [ 0.0, -1.0, 0.0, 0.0, 0.0, 0.0, -1.0, 0.0, 1.0, 0.0, 0.0, 0.0, 0.0, 0.0, 0.0, 1.0 ], [ -0.809017, -0.309017, -0.5, 0.0, -0.309017, -0.5, 0.809017, 0.0, -0.5, 0.809017, 0.309017, 0.0, 0.0, 0.0, 0.0, 1.0 ], [ 0.5, -0.809017, -0.309017, 0.0, -0.809017, -0.309017, -0.5, 0.0, 0.309017, 0.5, -0.809017, 0.0, 0.0, 0.0, 0.0, 1.0 ], [ -0.309017, -0.5, 0.809017, 0.0, 0.5, -0.809017, -0.309017, 0.0, 0.809017, 0.309017, 0.5, 0.0, 0.0, 0.0, 0.0, 1.0 ], [ -0.5, -0.809017, -0.309017, 0.0, -0.809017, 0.309017, 0.5, 0.0, -0.309017, 0.5, -0.809017, 0.0, 0.0, 0.0, 0.0, 1.0 ], [ 0.309017, -0.5, 0.809017, 0.0, -0.5, -0.809017, -0.309017, 0.0, 0.809017, -0.309017, -0.5, 0.0, 0.0, 0.0, 0.0, 1.0 ], [ -0.809017, 0.309017, 0.5, 0.0, 0.309017, -0.5, 0.809017, 0.0, 0.5, 0.809017, 0.309017, 0.0, 0.0, 0.0, 0.0, 1.0 ], [ -0.5, -0.809017, 0.309017, 0.0, -0.809017, 0.309017, -0.5, 0.0, 0.309017, -0.5, -0.809017, 0.0, 0.0, 0.0, 0.0, 1.0 ], [ -0.309017, 0.5, 0.809017, 0.0, -0.5, -0.809017, 0.309017, 0.0, 0.809017, -0.309017, 0.5, 0.0, 0.0, 0.0, 0.0, 1.0 ], [ -0.809017, 0.309017, -0.5, 0.0, -0.309017, 0.5, 0.809017, 0.0, 0.5, 0.809017, -0.309017, 0.0, 0.0, 0.0, 0.0, 1.0 ], [ -0.809017, -0.309017, 0.5, 0.0, -0.309017, -0.5, -0.809017, 0.0, 0.5, -0.809017, 0.309017, 0.0, 0.0, 0.0, 0.0, 1.0 ], [ -0.5, 0.809017, -0.309017, 0.0, -0.809017, -0.309017, 0.5, 0.0, 0.309017, 0.5, 0.809017, 0.0, 0.0, 0.0, 0.0, 1.0 ], [ -0.309017, -0.5, -0.809017, 0.0, -0.5, 0.809017, -0.309017, 0.0, 0.809017, 0.309017, -0.5, 0.0, 0.0, 0.0, 0.0, 1.0 ], [ -1.0, 0.0, 0.0, 0.0, 0.0, 1.0, 0.0, 0.0, 0.0, 0.0, -1.0, 0.0, 0.0, 0.0, 0.0, 1.0 ], [ 0.0, 0.0, -1.0, 0.0, 1.0, 0.0, 0.0, 0.0, 0.0, -1.0, 0.0, 0.0, 0.0, 0.0, 0.0, 1.0 ], [ 0.0, -1.0, 0.0, 0.0, 0.0, 0.0, 1.0, 0.0, -1.0, 0.0, 0.0, 0.0, 0.0, 0.0, 0.0, 1.0 ], [ -0.809017, -0.309017, -0.5, 0.0, 0.309017, 0.5, -0.809017, 0.0, 0.5, -0.809017, -0.309017, 0.0, 0.0, 0.0, 0.0, 1.0 ], [ 0.5, -0.809017, -0.309017, 0.0, 0.809017, 0.309017, 0.5, 0.0, -0.309017, -0.5, 0.809017, 0.0, 0.0, 0.0, 0.0, 1.0 ], [ -0.309017, -0.5, 0.809017, 0.0, -0.5, 0.809017, 0.309017, 0.0, -0.809017, -0.309017, -0.5, 0.0, 0.0, 0.0, 0.0, 1.0 ], [ -0.5, -0.809017, -0.309017, 0.0, 0.809017, -0.309017, -0.5, 0.0, 0.309017, -0.5, 0.809017, 0.0, 0.0, 0.0, 0.0, 1.0 ], [ 0.309017, -0.5, 0.809017, 0.0, 0.5, 0.809017, 0.309017, 0.0, -0.809017, 0.309017, 0.5, 0.0, 0.0, 0.0, 0.0, 1.0 ], [ -0.809017, 0.309017, 0.5, 0.0, -0.309017, 0.5, -0.809017, 0.0, -0.5, -0.809017, -0.309017, 0.0, 0.0, 0.0, 0.0, 1.0 ], [ -0.5, -0.809017, 0.309017, 0.0, 0.809017, -0.309017, 0.5, 0.0, -0.309017, 0.5, 0.809017, 0.0, 0.0, 0.0, 0.0, 1.0 ], [ -0.309017, 0.5, 0.809017, 0.0, 0.5, 0.809017, -0.309017, 0.0, -0.809017, 0.309017, -0.5, 0.0, 0.0, 0.0, 0.0, 1.0 ], [ -0.809017, 0.309017, -0.5, 0.0, 0.309017, -0.5, -0.809017, 0.0, -0.5, -0.809017, 0.309017, 0.0, 0.0, 0.0, 0.0, 1.0 ], [ -0.809017, -0.309017, 0.5, 0.0, 0.309017, 0.5, 0.809017, 0.0, -0.5, 0.809017, -0.309017, 0.0, 0.0, 0.0, 0.0, 1.0 ], [ -0.5, 0.809017, -0.309017, 0.0, 0.809017, 0.309017, -0.5, 0.0, -0.309017, -0.5, -0.809017, 0.0, 0.0, 0.0, 0.0, 1.0 ], [ -0.309017, -0.5, -0.809017, 0.0, 0.5, -0.809017, 0.309017, 0.0, -0.809017, -0.309017, 0.5, 0.0, 0.0, 0.0, 0.0, 1.0 ] ],
  "lights" : {
    "backgroundColor" : "#E0EFFF",
    "ambientColor" : "#292929",
    "directionalLights" : [ {
      "direction" : {
        "x" : 1.0,
        "y" : -1.0,
        "z" : -1.0
      },
      "color" : "#EBEBE4"
    }, {
      "direction" : {
        "x" : -1.0,
        "y" : 0.0,
        "z" : 0.0
      },
      "color" : "#E4E4EB"
    }, {
      "direction" : {
        "x" : 0.0,
        "y" : 0.0,
        "z" : -1.0
      },
      "color" : "#1E1E1E"
    } ]
  },
  "camera" : {
    "lookDirection" : {
      "x" : 0.0,
      "y" : 0.0,
      "z" : -1.0
    },
    "upDirection" : {
      "x" : 0.0,
      "y" : 1.0,
      "z" : 0.0
    },
    "lookAtPoint" : {
      "x" : 0.0,
      "y" : 0.0,
      "z" : 0.0
    },
    "viewDistance" : 218.9579,
    "nearClipDistance" : 0.54739493,
    "farClipDistance" : 437.9152,
    "fieldOfView" : 0.44262856,
    "perspective" : false,
    "stereo" : false,
    "width" : 98.53098,
    "position" : {
      "x" : 0.0,
      "y" : 0.0,
      "z" : 218.9579
    }
  },
  "embedding" : [ 1.0, 0.0, 0.0, 0.0, 0.0, 1.0, 0.0, 0.0, 0.0, 0.0, 1.0, 0.0, 0.0, 0.0, 0.0, 1.0 ],
  "shapes" : [ {
    "id" : "3fc9f6c7-393e-4a92-8a8e-95695a816d2c",
    "vertices" : [ {
      "x" : -6.854102,
      "y" : 20.562305,
      "z" : -20.562305
    }, {
      "x" : 0.0,
      "y" : 17.944271,
      "z" : -24.798374
    }, {
      "x" : 6.854102,
      "y" : 20.562305,
      "z" : -20.562305
    }, {
      "x" : 4.236068,
      "y" : 24.798374,
      "z" : -13.708204
    }, {
      "x" : -4.236068,
      "y" : 24.798374,
      "z" : -13.708204
    } ],
    "faces" : [ {
      "vertices" : [ 0, 1, 2 ]
    }, {
      "vertices" : [ 0, 2, 3 ]
    }, {
      "vertices" : [ 0, 3, 4 ]
    }, {
      "vertices" : [ 0, 4, 3 ]
    }, {
      "vertices" : [ 0, 3, 2 ]
    }, {
      "vertices" : [ 0, 2, 1 ]
    } ]
  }, {
    "id" : "a8294285-4f03-4896-856f-1538a4ac03a2",
    "vertices" : [ {
      "x" : 1.0,
      "y" : 0.309017,
      "z" : 0.19098301
    }, {
      "x" : 1.0,
      "y" : -0.309017,
      "z" : 0.19098301
    }, {
      "x" : 7.472136,
      "y" : -0.309017,
      "z" : 0.19098301
    }, {
      "x" : 7.472136,
      "y" : 0.309017,
      "z" : 0.19098301
    }, {
      "x" : 7.472136,
      "y" : -0.309017,
      "z" : -0.19098301
    }, {
      "x" : 7.472136,
      "y" : 0.309017,
      "z" : -0.19098301
    }, {
      "x" : 8.09017,
      "y" : 0.0,
      "z" : 0.0
    }, {
      "x" : 0.38196602,
      "y" : 0.0,
      "z" : 0.0
    }, {
      "x" : 1.0,
      "y" : 0.309017,
      "z" : -0.19098301
    }, {
      "x" : 1.0,
      "y" : -0.309017,
      "z" : -0.19098301
    }, {
      "x" : 8.472136,
      "y" : 0.0,
      "z" : 0.0
    } ],
    "faces" : [ {
      "vertices" : [ 1, 9, 4 ]
    }, {
      "vertices" : [ 1, 4, 2 ]
    }, {
      "vertices" : [ 0, 3, 5 ]
    }, {
      "vertices" : [ 0, 5, 8 ]
    }, {
      "vertices" : [ 1, 7, 9 ]
    }, {
      "vertices" : [ 0, 1, 2 ]
    }, {
      "vertices" : [ 0, 2, 3 ]
    }, {
      "vertices" : [ 7, 8, 9 ]
    }, {
      "vertices" : [ 0, 7, 1 ]
    }, {
      "vertices" : [ 4, 9, 8 ]
    }, {
      "vertices" : [ 4, 8, 5 ]
    }, {
      "vertices" : [ 2, 6, 3 ]
    }, {
      "vertices" : [ 2, 4, 6 ]
    }, {
      "vertices" : [ 3, 6, 5 ]
    }, {
      "vertices" : [ 4, 5, 6 ]
    }, {
      "vertices" : [ 0, 8, 7 ]
    } ]
  }, {
    "id" : "42087733-9f03-49b5-9a02-926d1d728699",
    "vertices" : [ {
      "x" : 0.309017,
      "y" : -0.309017,
      "z" : -0.309017
    }, {
      "x" : 0.5,
      "y" : 0.0,
      "z" : -0.19098301
    }, {
      "x" : 0.5,
      "y" : 0.0,
      "z" : 0.19098301
    }, {
      "x" : 0.309017,
      "y" : -0.309017,
      "z" : 0.309017
    }, {
      "x" : 0.19098301,
      "y" : -0.5,
      "z" : 0.0
    }, {
      "x" : 0.0,
      "y" : 0.19098301,
      "z" : 0.5
    }, {
      "x" : 0.0,
      "y" : -0.19098301,
      "z" : 0.5
    }, {
      "x" : 0.309017,
      "y" : 0.309017,
      "z" : 0.309017
    }, {
      "x" : -0.309017,
      "y" : -0.309017,
      "z" : 0.309017
    }, {
      "x" : -0.309017,
      "y" : 0.309017,
      "z" : 0.309017
    }, {
      "x" : -0.5,
      "y" : 0.0,
      "z" : 0.19098301
    }, {
      "x" : 0.0,
      "y" : -0.19098301,
      "z" : -0.5
    }, {
      "x" : 0.0,
      "y" : 0.19098301,
      "z" : -0.5
    }, {
      "x" : 0.309017,
      "y" : 0.309017,
      "z" : -0.309017
    }, {
      "x" : -0.309017,
      "y" : -0.309017,
      "z" : -0.309017
    }, {
      "x" : -0.19098301,
      "y" : -0.5,
      "z" : 0.0
    }, {
      "x" : -0.5,
      "y" : 0.0,
      "z" : -0.19098301
    }, {
      "x" : 0.19098301,
      "y" : 0.5,
      "z" : 0.0
    }, {
      "x" : -0.309017,
      "y" : 0.309017,
      "z" : -0.309017
    }, {
      "x" : 0.0,
      "y" : 0.0,
      "z" : 0.0
    }, {
      "x" : -0.19098301,
      "y" : 0.5,
      "z" : 0.0
    } ],
    "faces" : [ {
      "vertices" : [ 12, 18, 20 ]
    }, {
      "vertices" : [ 12, 20, 17 ]
    }, {
      "vertices" : [ 12, 17, 13 ]
    }, {
      "vertices" : [ 3, 6, 8 ]
    }, {
      "vertices" : [ 3, 8, 15 ]
    }, {
      "vertices" : [ 3, 15, 4 ]
    }, {
      "vertices" : [ 0, 11, 12 ]
    }, {
      "vertices" : [ 0, 12, 13 ]
    }, {
      "vertices" : [ 0, 13, 1 ]
    }, {
      "vertices" : [ 5, 9, 10 ]
    }, {
      "vertices" : [ 5, 10, 8 ]
    }, {
      "vertices" : [ 5, 8, 6 ]
    }, {
      "vertices" : [ 2, 7, 5 ]
    }, {
      "vertices" : [ 2, 5, 6 ]
    }, {
      "vertices" : [ 2, 6, 3 ]
    }, {
      "vertices" : [ 11, 14, 16 ]
    }, {
      "vertices" : [ 11, 16, 18 ]
    }, {
      "vertices" : [ 11, 18, 12 ]
    }, {
      "vertices" : [ 1, 13, 17 ]
    }, {
      "vertices" : [ 1, 17, 7 ]
    }, {
      "vertices" : [ 1, 7, 2 ]
    }, {
      "vertices" : [ 9, 20, 18 ]
    }, {
      "vertices" : [ 9, 18, 16 ]
    }, {
      "vertices" : [ 9, 16, 10 ]
    }, {
      "vertices" : [ 0, 1, 2 ]
    }, {
      "vertices" : [ 0, 2, 3 ]
    }, {
      "vertices" : [ 0, 3, 4 ]
    }, {
      "vertices" : [ 5, 7, 17 ]
    }, {
      "vertices" : [ 5, 17, 20 ]
    }, {
      "vertices" : [ 5, 20, 9 ]
    }, {
      "vertices" : [ 0, 4, 15 ]
    }, {
      "vertices" : [ 0, 15, 14 ]
    }, {
      "vertices" : [ 0, 14, 11 ]
    }, {
      "vertices" : [ 8, 10, 16 ]
    }, {
      "vertices" : [ 8, 16, 14 ]
    }, {
      "vertices" : [ 8, 14, 15 ]
    } ]
  }, {
    "id" : "d9627e2a-3bc9-4c36-8dc7-52df9a83d4c7",
    "vertices" : [ {
      "x" : 6.854102,
      "y" : -6.854102,
      "z" : -20.562305
    }, {
      "x" : 9.472136,
      "y" : -11.09017,
      "z" : -13.708204
    }, {
      "x" : 11.09017,
      "y" : -13.708204,
      "z" : -17.944271
    } ],
    "faces" : [ {
      "vertices" : [ 0, 1, 2 ]
    }, {
      "vertices" : [ 0, 2, 1 ]
    } ]
  }, {
    "id" : "81a3dd02-aacf-439d-93d9-ff925b8d0ad2",
    "vertices" : [ {
      "x" : 1.0,
      "y" : 0.309017,
      "z" : 0.19098301
    }, {
      "x" : 1.0,
      "y" : -0.309017,
      "z" : 0.19098301
    }, {
      "x" : 4.236068,
      "y" : -0.309017,
      "z" : 0.19098301
    }, {
      "x" : 4.236068,
      "y" : 0.309017,
      "z" : 0.19098301
    }, {
      "x" : 4.236068,
      "y" : -0.309017,
      "z" : -0.19098301
    }, {
      "x" : 4.236068,
      "y" : 0.309017,
      "z" : -0.19098301
    }, {
      "x" : 4.854102,
      "y" : 0.0,
      "z" : 0.0
    }, {
      "x" : 0.38196602,
      "y" : 0.0,
      "z" : 0.0
    }, {
      "x" : 1.0,
      "y" : 0.309017,
      "z" : -0.19098301
    }, {
      "x" : 1.0,
      "y" : -0.309017,
      "z" : -0.19098301
    }, {
      "x" : 5.236068,
      "y" : 0.0,
      "z" : 0.0
    } ],
    "faces" : [ {
      "vertices" : [ 1, 9, 4 ]
    }, {
      "vertices" : [ 1, 4, 2 ]
    }, {
      "vertices" : [ 0, 3, 5 ]
    }, {
      "vertices" : [ 0, 5, 8 ]
    }, {
      "vertices" : [ 1, 7, 9 ]
    }, {
      "vertices" : [ 0, 1, 2 ]
    }, {
      "vertices" : [ 0, 2, 3 ]
    }, {
      "vertices" : [ 7, 8, 9 ]
    }, {
      "vertices" : [ 0, 7, 1 ]
    }, {
      "vertices" : [ 4, 9, 8 ]
    }, {
      "vertices" : [ 4, 8, 5 ]
    }, {
      "vertices" : [ 2, 6, 3 ]
    }, {
      "vertices" : [ 2, 4, 6 ]
    }, {
      "vertices" : [ 3, 6, 5 ]
    }, {
      "vertices" : [ 4, 5, 6 ]
    }, {
      "vertices" : [ 0, 8, 7 ]
    } ]
  }, {
    "id" : "b731255d-f250-41f1-85b2-0102e9d3f6e3",
    "vertices" : [ {
      "x" : 6.854102,
      "y" : -6.854102,
      "z" : -6.854102
    }, {
      "x" : 2.618034,
      "y" : 0.0,
      "z" : -9.472136
    }, {
      "x" : 0.0,
      "y" : -4.236068,
      "z" : -11.09017
    } ],
    "faces" : [ {
      "vertices" : [ 0, 1, 2 ]
    }, {
      "vertices" : [ 0, 2, 1 ]
    } ]
  }, {
    "id" : "f0a5e726-ddf2-44e0-91e7-5f4d1f713c92",
    "vertices" : [ {
      "x" : -17.944271,
      "y" : 2.618034,
      "z" : 0.0
    }, {
      "x" : -20.562305,
      "y" : 6.854102,
      "z" : -6.854102
    }, {
      "x" : -16.326239,
      "y" : 0.0,
      "z" : -4.236068
    } ],
    "faces" : [ {
      "vertices" : [ 0, 1, 2 ]
    }, {
      "vertices" : [ 0, 2, 1 ]
    } ]
  }, {
    "id" : "78e8cec1-443a-4854-b17e-f2bf70c642f1",
    "vertices" : [ {
      "x" : 6.854102,
      "y" : -6.854102,
      "z" : 20.562305
    }, {
      "x" : 13.708204,
      "y" : -9.472136,
      "z" : 16.326239
    }, {
      "x" : 9.472136,
      "y" : -11.09017,
      "z" : 13.708204
    } ],
    "faces" : [ {
      "vertices" : [ 0, 1, 2 ]
    }, {
      "vertices" : [ 0, 2, 1 ]
    } ]
  }, {
    "id" : "89476baa-6688-4777-80a5-2eb502a4ebce",
    "vertices" : [ {
      "x" : -20.562305,
      "y" : -20.562305,
      "z" : 20.562305
    }, {
      "x" : -16.326239,
      "y" : -13.708204,
      "z" : 17.944271
    }, {
      "x" : -13.708204,
      "y" : -17.944271,
      "z" : 16.326239
    } ],
    "faces" : [ {
      "vertices" : [ 0, 1, 2 ]
    }, {
      "vertices" : [ 0, 2, 1 ]
    } ]
  }, {
    "id" : "3cabe652-a178-48b5-874f-915cad147f2a",
    "vertices" : [ {
      "x" : -20.562305,
      "y" : 6.854102,
      "z" : 6.854102
    }, {
      "x" : -13.708204,
      "y" : 4.236068,
      "z" : 2.618034
    }, {
      "x" : -17.944271,
      "y" : 2.618034,
      "z" : 0.0
    } ],
    "faces" : [ {
      "vertices" : [ 0, 1, 2 ]
    }, {
      "vertices" : [ 0, 2, 1 ]
    } ]
  }, {
    "id" : "5e692ce0-4570-42ca-854c-087ed8b82781",
    "vertices" : [ {
      "x" : 6.854102,
      "y" : -6.854102,
      "z" : 6.854102
    }, {
      "x" : 9.472136,
      "y" : -2.618034,
      "z" : 0.0
    }, {
      "x" : 11.09017,
      "y" : 0.0,
      "z" : 4.236068
    } ],
    "faces" : [ {
      "vertices" : [ 0, 1, 2 ]
    }, {
      "vertices" : [ 0, 2, 1 ]
    } ]
  }, {
    "id" : "eda9e2e9-2ae7-47c9-a0ae-8ac59e29ca43",
    "vertices" : [ {
      "x" : -13.708204,
      "y" : -9.472136,
      "z" : 11.09017
    }, {
      "x" : -13.708204,
      "y" : -17.944271,
      "z" : 11.09017
    }, {
      "x" : -16.326239,
      "y" : -13.708204,
      "z" : 9.472136
    } ],
    "faces" : [ {
      "vertices" : [ 0, 1, 2 ]
    }, {
      "vertices" : [ 0, 2, 1 ]
    } ]
  }, {
    "id" : "189530aa-0e7f-48cb-9e70-00e6d6be97e6",
    "vertices" : [ {
      "x" : 13.708204,
      "y" : 17.944271,
      "z" : -11.09017
    }, {
      "x" : 6.854102,
      "y" : 20.562305,
      "z" : -6.854102
    }, {
      "x" : 2.618034,
      "y" : 13.708204,
      "z" : -4.236068
    }, {
      "x" : 6.854102,
      "y" : 6.854102,
      "z" : -6.854102
    }, {
      "x" : 13.708204,
      "y" : 9.472136,
      "z" : -11.09017
    } ],
    "faces" : [ {
      "vertices" : [ 0, 1, 2 ]
    }, {
      "vertices" : [ 0, 2, 3 ]
    }, {
      "vertices" : [ 0, 3, 4 ]
    }, {
      "vertices" : [ 0, 4, 3 ]
    }, {
      "vertices" : [ 0, 3, 2 ]
    }, {
      "vertices" : [ 0, 2, 1 ]
    } ]
  }, {
    "id" : "c6710e56-9a75-45a4-be00-6f031a1dbcc8",
    "vertices" : [ {
      "x" : 11.09017,
      "y" : -13.708204,
      "z" : 9.472136
    }, {
      "x" : 11.09017,
      "y" : -13.708204,
      "z" : 17.944271
    }, {
      "x" : 9.472136,
      "y" : -16.326239,
      "z" : 13.708204
    } ],
    "faces" : [ {
      "vertices" : [ 0, 1, 2 ]
    }, {
      "vertices" : [ 0, 2, 1 ]
    } ]
  }, {
    "id" : "0ddf3585-50c4-41fe-af99-b24bd79509ea",
    "vertices" : [ {
      "x" : 9.472136,
      "y" : 24.798374,
      "z" : 0.0
    }, {
      "x" : 6.854102,
      "y" : 20.562305,
      "z" : -6.854102
    }, {
      "x" : 13.708204,
      "y" : 17.944271,
      "z" : -11.09017
    }, {
      "x" : 20.562305,
      "y" : 20.562305,
      "z" : -6.854102
    }, {
      "x" : 17.944271,
      "y" : 24.798374,
      "z" : 0.0
    } ],
    "faces" : [ {
      "vertices" : [ 0, 1, 2 ]
    }, {
      "vertices" : [ 0, 2, 3 ]
    }, {
      "vertices" : [ 0, 3, 4 ]
    }, {
      "vertices" : [ 0, 4, 3 ]
    }, {
      "vertices" : [ 0, 3, 2 ]
    }, {
      "vertices" : [ 0, 2, 1 ]
    } ]
  }, {
    "id" : "a20f621a-f094-445b-8e64-efb63f498b21",
    "vertices" : [ {
      "x" : 9.472136,
      "y" : -24.798374,
      "z" : 0.0
    }, {
      "x" : 6.854102,
      "y" : -20.562305,
      "z" : 6.854102
    }, {
      "x" : 13.708204,
      "y" : -17.944271,
      "z" : 11.09017
    }, {
      "x" : 20.562305,
      "y" : -20.562305,
      "z" : 6.854102
    }, {
      "x" : 17.944271,
      "y" : -24.798374,
      "z" : 0.0
    } ],
    "faces" : [ {
      "vertices" : [ 0, 1, 2 ]
    }, {
      "vertices" : [ 0, 2, 3 ]
    }, {
      "vertices" : [ 0, 3, 4 ]
    }, {
      "vertices" : [ 0, 4, 3 ]
    }, {
      "vertices" : [ 0, 3, 2 ]
    }, {
      "vertices" : [ 0, 2, 1 ]
    } ]
  }, {
    "id" : "4377e2b0-48ad-41c3-ad9d-ecf7205c9f39",
    "vertices" : [ {
      "x" : 2.618034,
      "y" : 13.708204,
      "z" : -4.236068
    }, {
      "x" : 6.854102,
      "y" : 20.562305,
      "z" : -6.854102
    }, {
      "x" : 9.472136,
      "y" : 24.798374,
      "z" : 0.0
    }, {
      "x" : 6.854102,
      "y" : 20.562305,
      "z" : 6.854102
    }, {
      "x" : 2.618034,
      "y" : 13.708204,
      "z" : 4.236068
    } ],
    "faces" : [ {
      "vertices" : [ 0, 1, 2 ]
    }, {
      "vertices" : [ 0, 2, 3 ]
    }, {
      "vertices" : [ 0, 3, 4 ]
    }, {
      "vertices" : [ 0, 4, 3 ]
    }, {
      "vertices" : [ 0, 3, 2 ]
    }, {
      "vertices" : [ 0, 2, 1 ]
    } ]
  }, {
    "id" : "1d12031c-7405-4d17-a5ce-1a095cdf7335",
    "vertices" : [ {
      "x" : 4.236068,
      "y" : 2.618034,
      "z" : 13.708204
    }, {
      "x" : 6.854102,
      "y" : 6.854102,
      "z" : 20.562305
    }, {
      "x" : 2.618034,
      "y" : 0.0,
      "z" : 17.944271
    } ],
    "faces" : [ {
      "vertices" : [ 0, 1, 2 ]
    }, {
      "vertices" : [ 0, 2, 1 ]
    } ]
  }, {
    "id" : "3eedef93-8269-46d9-9e83-e5a09a6b519a",
    "vertices" : [ {
      "x" : 6.854102,
      "y" : -6.854102,
      "z" : 6.854102
    }, {
      "x" : 9.472136,
      "y" : -11.09017,
      "z" : 13.708204
    }, {
      "x" : 13.708204,
      "y" : -9.472136,
      "z" : 11.09017
    } ],
    "faces" : [ {
      "vertices" : [ 0, 1, 2 ]
    }, {
      "vertices" : [ 0, 2, 1 ]
    } ]
  }, {
    "id" : "55555566-a4fa-422b-9c06-cd30a22aa767",
    "vertices" : [ {
      "x" : -16.326239,
      "y" : -13.708204,
      "z" : 9.472136
    }, {
      "x" : -17.944271,
      "y" : -16.326239,
      "z" : 13.708204
    }, {
      "x" : -20.562305,
      "y" : -20.562305,
      "z" : 6.854102
    } ],
    "faces" : [ {
      "vertices" : [ 0, 1, 2 ]
    }, {
      "vertices" : [ 0, 2, 1 ]
    } ]
  }, {
    "id" : "a1255821-8f30-4ac1-8f70-cde14e761a19",
    "vertices" : [ {
      "x" : 20.562305,
      "y" : -6.854102,
      "z" : 6.854102
    }, {
      "x" : 13.708204,
      "y" : -9.472136,
      "z" : 11.09017
    }, {
      "x" : 17.944271,
      "y" : -11.09017,
      "z" : 13.708204
    } ],
    "faces" : [ {
      "vertices" : [ 0, 1, 2 ]
    }, {
      "vertices" : [ 0, 2, 1 ]
    } ]
  }, {
    "id" : "774672cc-a6a5-45e3-8e63-cd2310376a6c",
    "vertices" : [ {
      "x" : -16.326239,
      "y" : 13.708204,
      "z" : 17.944271
    }, {
      "x" : -13.708204,
      "y" : 9.472136,
      "z" : 16.326239
    }, {
      "x" : -13.708204,
      "y" : 17.944271,
      "z" : 16.326239
    } ],
    "faces" : [ {
      "vertices" : [ 0, 1, 2 ]
    }, {
      "vertices" : [ 0, 2, 1 ]
    } ]
  }, {
    "id" : "e09e7e73-cdfc-4f21-a283-1c074b0473c7",
    "vertices" : [ {
      "x" : -6.854102,
      "y" : -6.854102,
      "z" : 6.854102
    }, {
      "x" : -2.618034,
      "y" : -13.708204,
      "z" : 4.236068
    }, {
      "x" : -6.854102,
      "y" : -20.562305,
      "z" : 6.854102
    }, {
      "x" : -13.708204,
      "y" : -17.944271,
      "z" : 11.09017
    }, {
      "x" : -13.708204,
      "y" : -9.472136,
      "z" : 11.09017
    } ],
    "faces" : [ {
      "vertices" : [ 0, 1, 2 ]
    }, {
      "vertices" : [ 0, 2, 3 ]
    }, {
      "vertices" : [ 0, 3, 4 ]
    }, {
      "vertices" : [ 0, 4, 3 ]
    }, {
      "vertices" : [ 0, 3, 2 ]
    }, {
      "vertices" : [ 0, 2, 1 ]
    } ]
  }, {
    "id" : "de162eee-72a2-4602-807b-c01dfc0961d8",
    "vertices" : [ {
      "x" : -6.854102,
      "y" : -20.562305,
      "z" : -6.854102
    }, {
      "x" : -11.09017,
      "y" : -13.708204,
      "z" : -9.472136
    }, {
      "x" : -6.854102,
      "y" : -6.854102,
      "z" : -6.854102
    }, {
      "x" : 0.0,
      "y" : -9.472136,
      "z" : -2.618034
    }, {
      "x" : 0.0,
      "y" : -17.944271,
      "z" : -2.618034
    } ],
    "faces" : [ {
      "vertices" : [ 0, 1, 2 ]
    }, {
      "vertices" : [ 0, 2, 3 ]
    }, {
      "vertices" : [ 0, 3, 4 ]
    }, {
      "vertices" : [ 0, 4, 3 ]
    }, {
      "vertices" : [ 0, 3, 2 ]
    }, {
      "vertices" : [ 0, 2, 1 ]
    } ]
  }, {
    "id" : "3aad32a8-335b-4f73-b8c5-5e7b1081b475",
    "vertices" : [ {
      "x" : -9.472136,
      "y" : 2.618034,
      "z" : 0.0
    }, {
      "x" : -13.708204,
      "y" : 4.236068,
      "z" : 2.618034
    }, {
      "x" : -17.944271,
      "y" : 2.618034,
      "z" : 0.0
    } ],
    "faces" : [ {
      "vertices" : [ 0, 1, 2 ]
    }, {
      "vertices" : [ 0, 2, 1 ]
    } ]
  }, {
    "id" : "a9fec431-87cf-4964-9f8c-fd4473f33690",
    "vertices" : [ {
      "x" : 20.562305,
      "y" : -20.562305,
      "z" : -20.562305
    }, {
      "x" : 13.708204,
      "y" : -17.944271,
      "z" : -16.326239
    }, {
      "x" : 17.944271,
      "y" : -16.326239,
      "z" : -13.708204
    } ],
    "faces" : [ {
      "vertices" : [ 0, 1, 2 ]
    }, {
      "vertices" : [ 0, 2, 1 ]
    } ]
  }, {
    "id" : "ca8edbe5-8034-4a79-8605-467631561979",
    "vertices" : [ {
      "x" : 16.326239,
      "y" : 13.708204,
      "z" : -9.472136
    }, {
      "x" : 17.944271,
      "y" : 16.326239,
      "z" : -13.708204
    }, {
      "x" : 20.562305,
      "y" : 20.562305,
      "z" : -6.854102
    } ],
    "faces" : [ {
      "vertices" : [ 0, 1, 2 ]
    }, {
      "vertices" : [ 0, 2, 1 ]
    } ]
  }, {
    "id" : "60c78c18-44df-4e6d-a7d2-ea60262074a1",
    "vertices" : [ {
      "x" : 11.09017,
      "y" : -13.708204,
      "z" : 17.944271
    }, {
      "x" : 6.854102,
      "y" : -6.854102,
      "z" : 20.562305
    }, {
      "x" : 4.236068,
      "y" : -2.618034,
      "z" : 13.708204
    }, {
      "x" : 6.854102,
      "y" : -6.854102,
      "z" : 6.854102
    }, {
      "x" : 11.09017,
      "y" : -13.708204,
      "z" : 9.472136
    } ],
    "faces" : [ {
      "vertices" : [ 0, 1, 2 ]
    }, {
      "vertices" : [ 0, 2, 3 ]
    }, {
      "vertices" : [ 0, 3, 4 ]
    }, {
      "vertices" : [ 0, 4, 3 ]
    }, {
      "vertices" : [ 0, 3, 2 ]
    }, {
      "vertices" : [ 0, 2, 1 ]
    } ]
  }, {
    "id" : "5255e9ee-5777-4f57-89fe-039c687b8863",
    "vertices" : [ {
      "x" : 13.708204,
      "y" : -17.944271,
      "z" : 11.09017
    }, {
      "x" : 20.562305,
      "y" : -20.562305,
      "z" : 6.854102
    }, {
      "x" : 17.944271,
      "y" : -16.326239,
      "z" : 13.708204
    } ],
    "faces" : [ {
      "vertices" : [ 0, 1, 2 ]
    }, {
      "vertices" : [ 0, 2, 1 ]
    } ]
  }, {
    "id" : "1cc3e3a2-dd8f-425e-8ea9-353200ff0fd4",
    "vertices" : [ {
      "x" : 20.562305,
      "y" : -20.562305,
      "z" : -20.562305
    }, {
      "x" : 16.326239,
      "y" : -13.708204,
      "z" : -17.944271
    }, {
      "x" : 13.708204,
      "y" : -17.944271,
      "z" : -16.326239
    } ],
    "faces" : [ {
      "vertices" : [ 0, 1, 2 ]
    }, {
      "vertices" : [ 0, 2, 1 ]
    } ]
  }, {
    "id" : "648a004f-6bf6-4202-8407-1a1ca6420b3a",
    "vertices" : [ {
      "x" : 13.708204,
      "y" : -9.472136,
      "z" : -16.326239
    }, {
      "x" : 16.326239,
      "y" : -13.708204,
      "z" : -17.944271
    }, {
      "x" : 20.562305,
      "y" : -6.854102,
      "z" : -20.562305
    } ],
    "faces" : [ {
      "vertices" : [ 0, 1, 2 ]
    }, {
      "vertices" : [ 0, 2, 1 ]
    } ]
  }, {
    "id" : "aa9d4b62-6d10-4fee-a200-436aa1d142d8",
    "vertices" : [ {
      "x" : -2.618034,
      "y" : 0.0,
      "z" : -17.944271
    }, {
      "x" : -6.854102,
      "y" : 6.854102,
      "z" : -20.562305
    }, {
      "x" : 0.0,
      "y" : 4.236068,
      "z" : -16.326239
    } ],
    "faces" : [ {
      "vertices" : [ 0, 1, 2 ]
    }, {
      "vertices" : [ 0, 2, 1 ]
    } ]
  }, {
    "id" : "06b2beca-f1e3-40e6-8e75-ff35255c4ea7",
    "vertices" : [ {
      "x" : -6.854102,
      "y" : 20.562305,
      "z" : -6.854102
    }, {
      "x" : -9.472136,
      "y" : 16.326239,
      "z" : -13.708204
    }, {
      "x" : -11.09017,
      "y" : 13.708204,
      "z" : -9.472136
    } ],
    "faces" : [ {
      "vertices" : [ 0, 1, 2 ]
    }, {
      "vertices" : [ 0, 2, 1 ]
    } ]
  }, {
    "id" : "989adfd8-2a81-40e3-b8d7-168b2824cc44",
    "vertices" : [ {
      "x" : -9.472136,
      "y" : -11.09017,
      "z" : 13.708204
    }, {
      "x" : -17.944271,
      "y" : -11.09017,
      "z" : 13.708204
    }, {
      "x" : -13.708204,
      "y" : -9.472136,
      "z" : 11.09017
    } ],
    "faces" : [ {
      "vertices" : [ 0, 1, 2 ]
    }, {
      "vertices" : [ 0, 2, 1 ]
    } ]
  }, {
    "id" : "467c26d2-d4b1-41dc-aa89-2d67caf5e21a",
    "vertices" : [ {
      "x" : -20.562305,
      "y" : 20.562305,
      "z" : -20.562305
    }, {
      "x" : -13.708204,
      "y" : 17.944271,
      "z" : -16.326239
    }, {
      "x" : -17.944271,
      "y" : 16.326239,
      "z" : -13.708204
    } ],
    "faces" : [ {
      "vertices" : [ 0, 1, 2 ]
    }, {
      "vertices" : [ 0, 2, 1 ]
    } ]
  }, {
    "id" : "caee0a7b-6304-401c-8f20-cda491d8a5a2",
    "vertices" : [ {
      "x" : 0.0,
      "y" : 4.236068,
      "z" : 16.326239
    }, {
      "x" : 0.0,
      "y" : -4.236068,
      "z" : 16.326239
    }, {
      "x" : -2.618034,
      "y" : 0.0,
      "z" : 17.944271
    } ],
    "faces" : [ {
      "vertices" : [ 0, 1, 2 ]
    }, {
      "vertices" : [ 0, 2, 1 ]
    } ]
  }, {
    "id" : "17323c6c-188d-4ebf-8f34-3cf85e1d15b3",
    "vertices" : [ {
      "x" : -6.854102,
      "y" : -6.854102,
      "z" : -20.562305
    }, {
      "x" : -4.236068,
      "y" : -2.618034,
      "z" : -13.708204
    }, {
      "x" : -2.618034,
      "y" : 0.0,
      "z" : -17.944271
    } ],
    "faces" : [ {
      "vertices" : [ 0, 1, 2 ]
    }, {
      "vertices" : [ 0, 2, 1 ]
    } ]
  }, {
    "id" : "bce837b0-761f-45b9-b37f-e22981a7ba4c",
    "vertices" : [ {
      "x" : 13.708204,
      "y" : 9.472136,
      "z" : -11.09017
    }, {
      "x" : 13.708204,
      "y" : 17.944271,
      "z" : -11.09017
    }, {
      "x" : 16.326239,
      "y" : 13.708204,
      "z" : -9.472136
    } ],
    "faces" : [ {
      "vertices" : [ 0, 1, 2 ]
    }, {
      "vertices" : [ 0, 2, 1 ]
    } ]
  }, {
    "id" : "1990d342-1e04-4bd1-97b7-b978b939844a",
    "vertices" : [ {
      "x" : 13.708204,
      "y" : 9.472136,
      "z" : 11.09017
    }, {
      "x" : 13.708204,
      "y" : 17.944271,
      "z" : 11.09017
    }, {
      "x" : 11.09017,
      "y" : 13.708204,
      "z" : 9.472136
    } ],
    "faces" : [ {
      "vertices" : [ 0, 1, 2 ]
    }, {
      "vertices" : [ 0, 2, 1 ]
    } ]
  }, {
    "id" : "8f18f18f-1779-4a96-817e-fece08e21852",
    "vertices" : [ {
      "x" : -6.854102,
      "y" : -6.854102,
      "z" : -6.854102
    }, {
      "x" : -13.708204,
      "y" : -9.472136,
      "z" : -11.09017
    }, {
      "x" : -11.09017,
      "y" : -13.708204,
      "z" : -9.472136
    } ],
    "faces" : [ {
      "vertices" : [ 0, 1, 2 ]
    }, {
      "vertices" : [ 0, 2, 1 ]
    } ]
  }, {
    "id" : "16fa1738-0d60-4961-bc3c-2d3ffdc22d8e",
    "vertices" : [ {
      "x" : -20.562305,
      "y" : 6.854102,
      "z" : -20.562305
    }, {
      "x" : -24.798374,
      "y" : 0.0,
      "z" : -17.944271
    }, {
      "x" : -20.562305,
      "y" : -6.854102,
      "z" : -20.562305
    }, {
      "x" : -13.708204,
      "y" : -4.236068,
      "z" : -24.798374
    }, {
      "x" : -13.708204,
      "y" : 4.236068,
      "z" : -24.798374
    } ],
    "faces" : [ {
      "vertices" : [ 0, 1, 2 ]
    }, {
      "vertices" : [ 0, 2, 3 ]
    }, {
      "vertices" : [ 0, 3, 4 ]
    }, {
      "vertices" : [ 0, 4, 3 ]
    }, {
      "vertices" : [ 0, 3, 2 ]
    }, {
      "vertices" : [ 0, 2, 1 ]
    } ]
  }, {
    "id" : "f47f5a50-5f97-45f1-8ae4-24627076c5d7",
    "vertices" : [ {
      "x" : -6.854102,
      "y" : -20.562305,
      "z" : 6.854102
    }, {
      "x" : -9.472136,
      "y" : -16.326239,
      "z" : 13.708204
    }, {
      "x" : -13.708204,
      "y" : -17.944271,
      "z" : 11.09017
    } ],
    "faces" : [ {
      "vertices" : [ 0, 1, 2 ]
    }, {
      "vertices" : [ 0, 2, 1 ]
    } ]
  }, {
    "id" : "ffbfd0a5-c992-4595-a153-840e323fe8ce",
    "vertices" : [ {
      "x" : -11.09017,
      "y" : -13.708204,
      "z" : -17.944271
    }, {
      "x" : -6.854102,
      "y" : -20.562305,
      "z" : -20.562305
    }, {
      "x" : -13.708204,
      "y" : -17.944271,
      "z" : -16.326239
    } ],
    "faces" : [ {
      "vertices" : [ 0, 1, 2 ]
    }, {
      "vertices" : [ 0, 2, 1 ]
    } ]
  }, {
    "id" : "2a545e72-7d04-4ba7-867c-aa8fef400d94",
    "vertices" : [ {
      "x" : 20.562305,
      "y" : -20.562305,
      "z" : 20.562305
    }, {
      "x" : 17.944271,
      "y" : -16.326239,
      "z" : 13.708204
    }, {
      "x" : 16.326239,
      "y" : -13.708204,
      "z" : 17.944271
    } ],
    "faces" : [ {
      "vertices" : [ 0, 1, 2 ]
    }, {
      "vertices" : [ 0, 2, 1 ]
    } ]
  }, {
    "id" : "6c3cc4be-3f3c-4e47-a0c7-7188c1c4d7b0",
    "vertices" : [ {
      "x" : -2.618034,
      "y" : -13.708204,
      "z" : -4.236068
    }, {
      "x" : -4.236068,
      "y" : -16.326239,
      "z" : 0.0
    }, {
      "x" : -2.618034,
      "y" : -13.708204,
      "z" : 4.236068
    } ],
    "faces" : [ {
      "vertices" : [ 0, 1, 2 ]
    }, {
      "vertices" : [ 0, 2, 1 ]
    } ]
  }, {
    "id" : "fa711c9f-1b0c-454c-a7f0-8b59e7b5dbe8",
    "vertices" : [ {
      "x" : -6.854102,
      "y" : -6.854102,
      "z" : -6.854102
    }, {
      "x" : -4.236068,
      "y" : -2.618034,
      "z" : -13.708204
    }, {
      "x" : 4.236068,
      "y" : -2.618034,
      "z" : -13.708204
    }, {
      "x" : 6.854102,
      "y" : -6.854102,
      "z" : -6.854102
    }, {
      "x" : 0.0,
      "y" : -9.472136,
      "z" : -2.618034
    } ],
    "faces" : [ {
      "vertices" : [ 0, 1, 2 ]
    }, {
      "vertices" : [ 0, 2, 3 ]
    }, {
      "vertices" : [ 0, 3, 4 ]
    }, {
      "vertices" : [ 0, 4, 3 ]
    }, {
      "vertices" : [ 0, 3, 2 ]
    }, {
      "vertices" : [ 0, 2, 1 ]
    } ]
  }, {
    "id" : "ad5c4b37-60c3-4de0-976e-e724fb8e7326",
    "vertices" : [ {
      "x" : 13.708204,
      "y" : 9.472136,
      "z" : 11.09017
    }, {
      "x" : 13.708204,
      "y" : 17.944271,
      "z" : 11.09017
    }, {
      "x" : 16.326239,
      "y" : 13.708204,
      "z" : 9.472136
    } ],
    "faces" : [ {
      "vertices" : [ 0, 1, 2 ]
    }, {
      "vertices" : [ 0, 2, 1 ]
    } ]
  }, {
    "id" : "b03ab1a7-caec-4d95-b660-d246a737c58a",
    "vertices" : [ {
      "x" : -6.854102,
      "y" : -20.562305,
      "z" : 20.562305
    }, {
      "x" : 0.0,
      "y" : -17.944271,
      "z" : 24.798374
    }, {
      "x" : 6.854102,
      "y" : -20.562305,
      "z" : 20.562305
    }, {
      "x" : 4.236068,
      "y" : -24.798374,
      "z" : 13.708204
    }, {
      "x" : -4.236068,
      "y" : -24.798374,
      "z" : 13.708204
    } ],
    "faces" : [ {
      "vertices" : [ 0, 1, 2 ]
    }, {
      "vertices" : [ 0, 2, 3 ]
    }, {
      "vertices" : [ 0, 3, 4 ]
    }, {
      "vertices" : [ 0, 4, 3 ]
    }, {
      "vertices" : [ 0, 3, 2 ]
    }, {
      "vertices" : [ 0, 2, 1 ]
    } ]
  }, {
    "id" : "96254b9e-daa1-473e-9b17-a573baf3694b",
    "vertices" : [ {
      "x" : 11.09017,
      "y" : 13.708204,
      "z" : -9.472136
    }, {
      "x" : 11.09017,
      "y" : 13.708204,
      "z" : -17.944271
    }, {
      "x" : 9.472136,
      "y" : 11.09017,
      "z" : -13.708204
    } ],
    "faces" : [ {
      "vertices" : [ 0, 1, 2 ]
    }, {
      "vertices" : [ 0, 2, 1 ]
    } ]
  }, {
    "id" : "cd85483b-47c9-4b75-a79d-75df51f494ca",
    "vertices" : [ {
      "x" : -20.562305,
      "y" : 6.854102,
      "z" : -6.854102
    }, {
      "x" : -13.708204,
      "y" : 9.472136,
      "z" : -11.09017
    }, {
      "x" : -17.944271,
      "y" : 11.09017,
      "z" : -13.708204
    } ],
    "faces" : [ {
      "vertices" : [ 0, 1, 2 ]
    }, {
      "vertices" : [ 0, 2, 1 ]
    } ]
  }, {
    "id" : "bbfb6e94-9907-43a8-ba12-82f5fb8133a1",
    "vertices" : [ {
      "x" : 20.562305,
      "y" : 6.854102,
      "z" : -6.854102
    }, {
      "x" : 13.708204,
      "y" : 4.236068,
      "z" : -2.618034
    }, {
      "x" : 17.944271,
      "y" : 2.618034,
      "z" : 0.0
    } ],
    "faces" : [ {
      "vertices" : [ 0, 1, 2 ]
    }, {
      "vertices" : [ 0, 2, 1 ]
    } ]
  }, {
    "id" : "189488e4-321f-4ef1-9a89-c1871a172462",
    "vertices" : [ {
      "x" : -13.708204,
      "y" : 9.472136,
      "z" : -11.09017
    }, {
      "x" : -13.708204,
      "y" : 17.944271,
      "z" : -11.09017
    }, {
      "x" : -11.09017,
      "y" : 13.708204,
      "z" : -9.472136
    } ],
    "faces" : [ {
      "vertices" : [ 0, 1, 2 ]
    }, {
      "vertices" : [ 0, 2, 1 ]
    } ]
  }, {
    "id" : "b398f827-9a53-4409-8dd8-96757010c3da",
    "vertices" : [ {
      "x" : -11.09017,
      "y" : -13.708204,
      "z" : -9.472136
    }, {
      "x" : -11.09017,
      "y" : -13.708204,
      "z" : -17.944271
    }, {
      "x" : -9.472136,
      "y" : -16.326239,
      "z" : -13.708204
    } ],
    "faces" : [ {
      "vertices" : [ 0, 1, 2 ]
    }, {
      "vertices" : [ 0, 2, 1 ]
    } ]
  }, {
    "id" : "fc1ab974-90d4-43b3-a9e1-6daafb253b58",
    "vertices" : [ {
      "x" : -4.236068,
      "y" : -4.236068,
      "z" : 4.236068
    }, {
      "x" : 0.0,
      "y" : -2.618034,
      "z" : 6.854102
    }, {
      "x" : 4.236068,
      "y" : -4.236068,
      "z" : 4.236068
    }, {
      "x" : 2.618034,
      "y" : -6.854102,
      "z" : 0.0
    }, {
      "x" : -2.618034,
      "y" : -6.854102,
      "z" : 0.0
    } ],
    "faces" : [ {
      "vertices" : [ 0, 1, 2 ]
    }, {
      "vertices" : [ 0, 2, 3 ]
    }, {
      "vertices" : [ 0, 3, 4 ]
    }, {
      "vertices" : [ 0, 4, 3 ]
    }, {
      "vertices" : [ 0, 3, 2 ]
    }, {
      "vertices" : [ 0, 2, 1 ]
    } ]
  }, {
    "id" : "ebdb8187-a9ee-40fc-a427-77ad83e2ba21",
    "vertices" : [ {
      "x" : 13.708204,
      "y" : 4.236068,
      "z" : -2.618034
    }, {
      "x" : 16.326239,
      "y" : 0.0,
      "z" : -4.236068
    }, {
      "x" : 13.708204,
      "y" : -4.236068,
      "z" : -2.618034
    } ],
    "faces" : [ {
      "vertices" : [ 0, 1, 2 ]
    }, {
      "vertices" : [ 0, 2, 1 ]
    } ]
  }, {
    "id" : "3884d805-091d-4c1a-b59f-57f7e201ed69",
    "vertices" : [ {
      "x" : -20.562305,
      "y" : 20.562305,
      "z" : 20.562305
    }, {
      "x" : -17.944271,
      "y" : 16.326239,
      "z" : 13.708204
    }, {
      "x" : -16.326239,
      "y" : 13.708204,
      "z" : 17.944271
    } ],
    "faces" : [ {
      "vertices" : [ 0, 1, 2 ]
    }, {
      "vertices" : [ 0, 2, 1 ]
    } ]
  }, {
    "id" : "72ce48b6-1571-424c-bb48-fd6fe3db4482",
    "vertices" : [ {
      "x" : -17.944271,
      "y" : 16.326239,
      "z" : -13.708204
    }, {
      "x" : -16.326239,
      "y" : 13.708204,
      "z" : -9.472136
    }, {
      "x" : -16.326239,
      "y" : 13.708204,
      "z" : -17.944271
    } ],
    "faces" : [ {
      "vertices" : [ 0, 1, 2 ]
    }, {
      "vertices" : [ 0, 2, 1 ]
    } ]
  }, {
    "id" : "817b9a01-728f-4dfd-a1fd-c9a8f1602a1a",
    "vertices" : [ {
      "x" : 20.562305,
      "y" : -6.854102,
      "z" : 20.562305
    }, {
      "x" : 17.944271,
      "y" : -11.09017,
      "z" : 13.708204
    }, {
      "x" : 9.472136,
      "y" : -11.09017,
      "z" : 13.708204
    }, {
      "x" : 6.854102,
      "y" : -6.854102,
      "z" : 20.562305
    }, {
