{
  "field" : "polygon60",
  "symmetry" : "antiprism60",
  "orientations" : [ [ 1.0, 0.0, 0.0, 0.0, 0.0, 1.0, 0.0, 0.0, 0.0, 0.0, 1.0, 0.0, 0.0, 0.0, 0.0, 1.0 ], [ 0.9945219, -0.104528464, 0.0, 0.0, 0.104528464, 0.9945219, 0.0, 0.0, 0.0, 0.0, 1.0, 0.0, 0.0, 0.0, 0.0, 1.0 ], [ 0.9781476, -0.20791169, 0.0, 0.0, 0.20791169, 0.9781476, 0.0, 0.0, 0.0, 0.0, 1.0, 0.0, 0.0, 0.0, 0.0, 1.0 ], [ 0.95105654, -0.309017, 0.0, 0.0, 0.309017, 0.95105654, 0.0, 0.0, 0.0, 0.0, 1.0, 0.0, 0.0, 0.0, 0.0, 1.0 ], [ 0.9135454, -0.40673664, 0.0, 0.0, 0.40673664, 0.9135454, 0.0, 0.0, 0.0, 0.0, 1.0, 0.0, 0.0, 0.0, 0.0, 1.0 ], [ 0.8660254, -0.5, 0.0, 0.0, 0.5, 0.8660254, 0.0, 0.0, 0.0, 0.0, 1.0, 0.0, 0.0, 0.0, 0.0, 1.0 ], [ 0.809017, -0.58778524, 0.0, 0.0, 0.58778524, 0.809017, 0.0, 0.0, 0.0, 0.0, 1.0, 0.0, 0.0, 0.0, 0.0, 1.0 ], [ 0.7431448, -0.6691306, 0.0, 0.0, 0.6691306, 0.7431448, 0.0, 0.0, 0.0, 0.0, 1.0, 0.0, 0.0, 0.0, 0.0, 1.0 ], [ 0.6691306, -0.7431448, 0.0, 0.0, 0.7431448, 0.6691306, 0.0, 0.0, 0.0, 0.0, 1.0, 0.0, 0.0, 0.0, 0.0, 1.0 ], [ 0.58778524, -0.809017, 0.0, 0.0, 0.809017, 0.58778524, 0.0, 0.0, 0.0, 0.0, 1.0, 0.0, 0.0, 0.0, 0.0, 1.0 ], [ 0.5, -0.8660254, 0.0, 0.0, 0.8660254, 0.5, 0.0, 0.0, 0.0, 0.0, 1.0, 0.0, 0.0, 0.0, 0.0, 1.0 ], [ 0.40673664, -0.9135454, 0.0, 0.0, 0.9135454, 0.40673664, 0.0, 0.0, 0.0, 0.0, 1.0, 0.0, 0.0, 0.0, 0.0, 1.0 ], [ 0.309017, -0.95105654, 0.0, 0.0, 0.95105654, 0.309017, 0.0, 0.0, 0.0, 0.0, 1.0, 0.0, 0.0, 0.0, 0.0, 1.0 ], [ 0.20791169, -0.9781476, 0.0, 0.0, 0.9781476, 0.20791169, 0.0, 0.0, 0.0, 0.0, 1.0, 0.0, 0.0, 0.0, 0.0, 1.0 ], [ 0.104528464, -0.9945219, 0.0, 0.0, 0.9945219, 0.104528464, 0.0, 0.0, 0.0, 0.0, 1.0, 0.0, 0.0, 0.0, 0.0, 1.0 ], [ 0.0, -1.0, 0.0, 0.0, 1.0, 0.0, 0.0, 0.0, 0.0, 0.0, 1.0, 0.0, 0.0, 0.0, 0.0, 1.0 ], [ -0.104528464, -0.9945219, 0.0, 0.0, 0.9945219, -0.104528464, 0.0, 0.0, 0.0, 0.0, 1.0, 0.0, 0.0, 0.0, 0.0, 1.0 ], [ -0.20791169, -0.9781476, 0.0, 0.0, 0.9781476, -0.20791169, 0.0, 0.0, 0.0, 0.0, 1.0, 0.0, 0.0, 0.0, 0.0, 1.0 ], [ -0.309017, -0.95105654, 0.0, 0.0, 0.95105654, -0.309017, 0.0, 0.0, 0.0, 0.0, 1.0, 0.0, 0.0, 0.0, 0.0, 1.0 ], [ -0.40673664, -0.9135454, 0.0, 0.0, 0.9135454, -0.40673664, 0.0, 0.0, 0.0, 0.0, 1.0, 0.0, 0.0, 0.0, 0.0, 1.0 ], [ -0.5, -0.8660254, 0.0, 0.0, 0.8660254, -0.5, 0.0, 0.0, 0.0, 0.0, 1.0, 0.0, 0.0, 0.0, 0.0, 1.0 ], [ -0.58778524, -0.809017, 0.0, 0.0, 0.809017, -0.58778524, 0.0, 0.0, 0.0, 0.0, 1.0, 0.0, 0.0, 0.0, 0.0, 1.0 ], [ -0.6691306, -0.7431448, 0.0, 0.0, 0.7431448, -0.6691306, 0.0, 0.0, 0.0, 0.0, 1.0, 0.0, 0.0, 0.0, 0.0, 1.0 ], [ -0.7431448, -0.6691306, 0.0, 0.0, 0.6691306, -0.7431448, 0.0, 0.0, 0.0, 0.0, 1.0, 0.0, 0.0, 0.0, 0.0, 1.0 ], [ -0.809017, -0.58778524, 0.0, 0.0, 0.58778524, -0.809017, 0.0, 0.0, 0.0, 0.0, 1.0, 0.0, 0.0, 0.0, 0.0, 1.0 ], [ -0.8660254, -0.5, 0.0, 0.0, 0.5, -0.8660254, 0.0, 0.0, 0.0, 0.0, 1.0, 0.0, 0.0, 0.0, 0.0, 1.0 ], [ -0.9135454, -0.40673664, 0.0, 0.0, 0.40673664, -0.9135454, 0.0, 0.0, 0.0, 0.0, 1.0, 0.0, 0.0, 0.0, 0.0, 1.0 ], [ -0.95105654, -0.309017, 0.0, 0.0, 0.309017, -0.95105654, 0.0, 0.0, 0.0, 0.0, 1.0, 0.0, 0.0, 0.0, 0.0, 1.0 ], [ -0.9781476, -0.20791169, 0.0, 0.0, 0.20791169, -0.9781476, 0.0, 0.0, 0.0, 0.0, 1.0, 0.0, 0.0, 0.0, 0.0, 1.0 ], [ -0.9945219, -0.104528464, 0.0, 0.0, 0.104528464, -0.9945219, 0.0, 0.0, 0.0, 0.0, 1.0, 0.0, 0.0, 0.0, 0.0, 1.0 ], [ -1.0, 0.0, 0.0, 0.0, 0.0, -1.0, 0.0, 0.0, 0.0, 0.0, 1.0, 0.0, 0.0, 0.0, 0.0, 1.0 ], [ -0.9945219, 0.104528464, 0.0, 0.0, -0.104528464, -0.9945219, 0.0, 0.0, 0.0, 0.0, 1.0, 0.0, 0.0, 0.0, 0.0, 1.0 ], [ -0.9781476, 0.20791169, 0.0, 0.0, -0.20791169, -0.9781476, 0.0, 0.0, 0.0, 0.0, 1.0, 0.0, 0.0, 0.0, 0.0, 1.0 ], [ -0.95105654, 0.309017, 0.0, 0.0, -0.309017, -0.95105654, 0.0, 0.0, 0.0, 0.0, 1.0, 0.0, 0.0, 0.0, 0.0, 1.0 ], [ -0.9135454, 0.40673664, 0.0, 0.0, -0.40673664, -0.9135454, 0.0, 0.0, 0.0, 0.0, 1.0, 0.0, 0.0, 0.0, 0.0, 1.0 ], [ -0.8660254, 0.5, 0.0, 0.0, -0.5, -0.8660254, 0.0, 0.0, 0.0, 0.0, 1.0, 0.0, 0.0, 0.0, 0.0, 1.0 ], [ -0.809017, 0.58778524, 0.0, 0.0, -0.58778524, -0.809017, 0.0, 0.0, 0.0, 0.0, 1.0, 0.0, 0.0, 0.0, 0.0, 1.0 ], [ -0.7431448, 0.6691306, 0.0, 0.0, -0.6691306, -0.7431448, 0.0, 0.0, 0.0, 0.0, 1.0, 0.0, 0.0, 0.0, 0.0, 1.0 ], [ -0.6691306, 0.7431448, 0.0, 0.0, -0.7431448, -0.6691306, 0.0, 0.0, 0.0, 0.0, 1.0, 0.0, 0.0, 0.0, 0.0, 1.0 ], [ -0.58778524, 0.809017, 0.0, 0.0, -0.809017, -0.58778524, 0.0, 0.0, 0.0, 0.0, 1.0, 0.0, 0.0, 0.0, 0.0, 1.0 ], [ -0.5, 0.8660254, 0.0, 0.0, -0.8660254, -0.5, 0.0, 0.0, 0.0, 0.0, 1.0, 0.0, 0.0, 0.0, 0.0, 1.0 ], [ -0.40673664, 0.9135454, 0.0, 0.0, -0.9135454, -0.40673664, 0.0, 0.0, 0.0, 0.0, 1.0, 0.0, 0.0, 0.0, 0.0, 1.0 ], [ -0.309017, 0.95105654, 0.0, 0.0, -0.95105654, -0.309017, 0.0, 0.0, 0.0, 0.0, 1.0, 0.0, 0.0, 0.0, 0.0, 1.0 ], [ -0.20791169, 0.9781476, 0.0, 0.0, -0.9781476, -0.20791169, 0.0, 0.0, 0.0, 0.0, 1.0, 0.0, 0.0, 0.0, 0.0, 1.0 ], [ -0.104528464, 0.9945219, 0.0, 0.0, -0.9945219, -0.104528464, 0.0, 0.0, 0.0, 0.0, 1.0, 0.0, 0.0, 0.0, 0.0, 1.0 ], [ 0.0, 1.0, 0.0, 0.0, -1.0, 0.0, 0.0, 0.0, 0.0, 0.0, 1.0, 0.0, 0.0, 0.0, 0.0, 1.0 ], [ 0.104528464, 0.9945219, 0.0, 0.0, -0.9945219, 0.104528464, 0.0, 0.0, 0.0, 0.0, 1.0, 0.0, 0.0, 0.0, 0.0, 1.0 ], [ 0.20791169, 0.9781476, 0.0, 0.0, -0.9781476, 0.20791169, 0.0, 0.0, 0.0, 0.0, 1.0, 0.0, 0.0, 0.0, 0.0, 1.0 ], [ 0.309017, 0.95105654, 0.0, 0.0, -0.95105654, 0.309017, 0.0, 0.0, 0.0, 0.0, 1.0, 0.0, 0.0, 0.0, 0.0, 1.0 ], [ 0.40673664, 0.9135454, 0.0, 0.0, -0.9135454, 0.40673664, 0.0, 0.0, 0.0, 0.0, 1.0, 0.0, 0.0, 0.0, 0.0, 1.0 ], [ 0.5, 0.8660254, 0.0, 0.0, -0.8660254, 0.5, 0.0, 0.0, 0.0, 0.0, 1.0, 0.0, 0.0, 0.0, 0.0, 1.0 ], [ 0.58778524, 0.809017, 0.0, 0.0, -0.809017, 0.58778524, 0.0, 0.0, 0.0, 0.0, 1.0, 0.0, 0.0, 0.0, 0.0, 1.0 ], [ 0.6691306, 0.7431448, 0.0, 0.0, -0.7431448, 0.6691306, 0.0, 0.0, 0.0, 0.0, 1.0, 0.0, 0.0, 0.0, 0.0, 1.0 ], [ 0.7431448, 0.6691306, 0.0, 0.0, -0.6691306, 0.7431448, 0.0, 0.0, 0.0, 0.0, 1.0, 0.0, 0.0, 0.0, 0.0, 1.0 ], [ 0.809017, 0.58778524, 0.0, 0.0, -0.58778524, 0.809017, 0.0, 0.0, 0.0, 0.0, 1.0, 0.0, 0.0, 0.0, 0.0, 1.0 ], [ 0.8660254, 0.5, 0.0, 0.0, -0.5, 0.8660254, 0.0, 0.0, 0.0, 0.0, 1.0, 0.0, 0.0, 0.0, 0.0, 1.0 ], [ 0.9135454, 0.40673664, 0.0, 0.0, -0.40673664, 0.9135454, 0.0, 0.0, 0.0, 0.0, 1.0, 0.0, 0.0, 0.0, 0.0, 1.0 ], [ 0.95105654, 0.309017, 0.0, 0.0, -0.309017, 0.95105654, 0.0, 0.0, 0.0, 0.0, 1.0, 0.0, 0.0, 0.0, 0.0, 1.0 ], [ 0.9781476, 0.20791169, 0.0, 0.0, -0.20791169, 0.9781476, 0.0, 0.0, 0.0, 0.0, 1.0, 0.0, 0.0, 0.0, 0.0, 1.0 ], [ 0.9945219, 0.104528464, 0.0, 0.0, -0.104528464, 0.9945219, 0.0, 0.0, 0.0, 0.0, 1.0, 0.0, 0.0, 0.0, 0.0, 1.0 ], [ 1.0, 0.0, 0.0, 0.0, 0.0, -1.0, 0.0, 0.0, 0.0, 0.0, -1.0, 0.0, 0.0, 0.0, 0.0, 1.0 ], [ 0.9945219, 0.104528464, 0.0, 0.0, 0.104528464, -0.9945219, 0.0, 0.0, 0.0, 0.0, -1.0, 0.0, 0.0, 0.0, 0.0, 1.0 ], [ 0.9781476, 0.20791169, 0.0, 0.0, 0.20791169, -0.9781476, 0.0, 0.0, 0.0, 0.0, -1.0, 0.0, 0.0, 0.0, 0.0, 1.0 ], [ 0.95105654, 0.309017, 0.0, 0.0, 0.309017, -0.95105654, 0.0, 0.0, 0.0, 0.0, -1.0, 0.0, 0.0, 0.0, 0.0, 1.0 ], [ 0.9135454, 0.40673664, 0.0, 0.0, 0.40673664, -0.9135454, 0.0, 0.0, 0.0, 0.0, -1.0, 0.0, 0.0, 0.0, 0.0, 1.0 ], [ 0.8660254, 0.5, 0.0, 0.0, 0.5, -0.8660254, 0.0, 0.0, 0.0, 0.0, -1.0, 0.0, 0.0, 0.0, 0.0, 1.0 ], [ 0.809017, 0.58778524, 0.0, 0.0, 0.58778524, -0.809017, 0.0, 0.0, 0.0, 0.0, -1.0, 0.0, 0.0, 0.0, 0.0, 1.0 ], [ 0.7431448, 0.6691306, 0.0, 0.0, 0.6691306, -0.7431448, 0.0, 0.0, 0.0, 0.0, -1.0, 0.0, 0.0, 0.0, 0.0, 1.0 ], [ 0.6691306, 0.7431448, 0.0, 0.0, 0.7431448, -0.6691306, 0.0, 0.0, 0.0, 0.0, -1.0, 0.0, 0.0, 0.0, 0.0, 1.0 ], [ 0.58778524, 0.809017, 0.0, 0.0, 0.809017, -0.58778524, 0.0, 0.0, 0.0, 0.0, -1.0, 0.0, 0.0, 0.0, 0.0, 1.0 ], [ 0.5, 0.8660254, 0.0, 0.0, 0.8660254, -0.5, 0.0, 0.0, 0.0, 0.0, -1.0, 0.0, 0.0, 0.0, 0.0, 1.0 ], [ 0.40673664, 0.9135454, 0.0, 0.0, 0.9135454, -0.40673664, 0.0, 0.0, 0.0, 0.0, -1.0, 0.0, 0.0, 0.0, 0.0, 1.0 ], [ 0.309017, 0.95105654, 0.0, 0.0, 0.95105654, -0.309017, 0.0, 0.0, 0.0, 0.0, -1.0, 0.0, 0.0, 0.0, 0.0, 1.0 ], [ 0.20791169, 0.9781476, 0.0, 0.0, 0.9781476, -0.20791169, 0.0, 0.0, 0.0, 0.0, -1.0, 0.0, 0.0, 0.0, 0.0, 1.0 ], [ 0.104528464, 0.9945219, 0.0, 0.0, 0.9945219, -0.104528464, 0.0, 0.0, 0.0, 0.0, -1.0, 0.0, 0.0, 0.0, 0.0, 1.0 ], [ 0.0, 1.0, 0.0, 0.0, 1.0, 0.0, 0.0, 0.0, 0.0, 0.0, -1.0, 0.0, 0.0, 0.0, 0.0, 1.0 ], [ -0.104528464, 0.9945219, 0.0, 0.0, 0.9945219, 0.104528464, 0.0, 0.0, 0.0, 0.0, -1.0, 0.0, 0.0, 0.0, 0.0, 1.0 ], [ -0.20791169, 0.9781476, 0.0, 0.0, 0.9781476, 0.20791169, 0.0, 0.0, 0.0, 0.0, -1.0, 0.0, 0.0, 0.0, 0.0, 1.0 ], [ -0.309017, 0.95105654, 0.0, 0.0, 0.95105654, 0.309017, 0.0, 0.0, 0.0, 0.0, -1.0, 0.0, 0.0, 0.0, 0.0, 1.0 ], [ -0.40673664, 0.9135454, 0.0, 0.0, 0.9135454, 0.40673664, 0.0, 0.0, 0.0, 0.0, -1.0, 0.0, 0.0, 0.0, 0.0, 1.0 ], [ -0.5, 0.8660254, 0.0, 0.0, 0.8660254, 0.5, 0.0, 0.0, 0.0, 0.0, -1.0, 0.0, 0.0, 0.0, 0.0, 1.0 ], [ -0.58778524, 0.809017, 0.0, 0.0, 0.809017, 0.58778524, 0.0, 0.0, 0.0, 0.0, -1.0, 0.0, 0.0, 0.0, 0.0, 1.0 ], [ -0.6691306, 0.7431448, 0.0, 0.0, 0.7431448, 0.6691306, 0.0, 0.0, 0.0, 0.0, -1.0, 0.0, 0.0, 0.0, 0.0, 1.0 ], [ -0.7431448, 0.6691306, 0.0, 0.0, 0.6691306, 0.7431448, 0.0, 0.0, 0.0, 0.0, -1.0, 0.0, 0.0, 0.0, 0.0, 1.0 ], [ -0.809017, 0.58778524, 0.0, 0.0, 0.58778524, 0.809017, 0.0, 0.0, 0.0, 0.0, -1.0, 0.0, 0.0, 0.0, 0.0, 1.0 ], [ -0.8660254, 0.5, 0.0, 0.0, 0.5, 0.8660254, 0.0, 0.0, 0.0, 0.0, -1.0, 0.0, 0.0, 0.0, 0.0, 1.0 ], [ -0.9135454, 0.40673664, 0.0, 0.0, 0.40673664, 0.9135454, 0.0, 0.0, 0.0, 0.0, -1.0, 0.0, 0.0, 0.0, 0.0, 1.0 ], [ -0.95105654, 0.309017, 0.0, 0.0, 0.309017, 0.95105654, 0.0, 0.0, 0.0, 0.0, -1.0, 0.0, 0.0, 0.0, 0.0, 1.0 ], [ -0.9781476, 0.20791169, 0.0, 0.0, 0.20791169, 0.9781476, 0.0, 0.0, 0.0, 0.0, -1.0, 0.0, 0.0, 0.0, 0.0, 1.0 ], [ -0.9945219, 0.104528464, 0.0, 0.0, 0.104528464, 0.9945219, 0.0, 0.0, 0.0, 0.0, -1.0, 0.0, 0.0, 0.0, 0.0, 1.0 ], [ -1.0, 0.0, 0.0, 0.0, 0.0, 1.0, 0.0, 0.0, 0.0, 0.0, -1.0, 0.0, 0.0, 0.0, 0.0, 1.0 ], [ -0.9945219, -0.104528464, 0.0, 0.0, -0.104528464, 0.9945219, 0.0, 0.0, 0.0, 0.0, -1.0, 0.0, 0.0, 0.0, 0.0, 1.0 ], [ -0.9781476, -0.20791169, 0.0, 0.0, -0.20791169, 0.9781476, 0.0, 0.0, 0.0, 0.0, -1.0, 0.0, 0.0, 0.0, 0.0, 1.0 ], [ -0.95105654, -0.309017, 0.0, 0.0, -0.309017, 0.95105654, 0.0, 0.0, 0.0, 0.0, -1.0, 0.0, 0.0, 0.0, 0.0, 1.0 ], [ -0.9135454, -0.40673664, 0.0, 0.0, -0.40673664, 0.9135454, 0.0, 0.0, 0.0, 0.0, -1.0, 0.0, 0.0, 0.0, 0.0, 1.0 ], [ -0.8660254, -0.5, 0.0, 0.0, -0.5, 0.8660254, 0.0, 0.0, 0.0, 0.0, -1.0, 0.0, 0.0, 0.0, 0.0, 1.0 ], [ -0.809017, -0.58778524, 0.0, 0.0, -0.58778524, 0.809017, 0.0, 0.0, 0.0, 0.0, -1.0, 0.0, 0.0, 0.0, 0.0, 1.0 ], [ -0.7431448, -0.6691306, 0.0, 0.0, -0.6691306, 0.7431448, 0.0, 0.0, 0.0, 0.0, -1.0, 0.0, 0.0, 0.0, 0.0, 1.0 ], [ -0.6691306, -0.7431448, 0.0, 0.0, -0.7431448, 0.6691306, 0.0, 0.0, 0.0, 0.0, -1.0, 0.0, 0.0, 0.0, 0.0, 1.0 ], [ -0.58778524, -0.809017, 0.0, 0.0, -0.809017, 0.58778524, 0.0, 0.0, 0.0, 0.0, -1.0, 0.0, 0.0, 0.0, 0.0, 1.0 ], [ -0.5, -0.8660254, 0.0, 0.0, -0.8660254, 0.5, 0.0, 0.0, 0.0, 0.0, -1.0, 0.0, 0.0, 0.0, 0.0, 1.0 ], [ -0.40673664, -0.9135454, 0.0, 0.0, -0.9135454, 0.40673664, 0.0, 0.0, 0.0, 0.0, -1.0, 0.0, 0.0, 0.0, 0.0, 1.0 ], [ -0.309017, -0.95105654, 0.0, 0.0, -0.95105654, 0.309017, 0.0, 0.0, 0.0, 0.0, -1.0, 0.0, 0.0, 0.0, 0.0, 1.0 ], [ -0.20791169, -0.9781476, 0.0, 0.0, -0.9781476, 0.20791169, 0.0, 0.0, 0.0, 0.0, -1.0, 0.0, 0.0, 0.0, 0.0, 1.0 ], [ -0.104528464, -0.9945219, 0.0, 0.0, -0.9945219, 0.104528464, 0.0, 0.0, 0.0, 0.0, -1.0, 0.0, 0.0, 0.0, 0.0, 1.0 ], [ 0.0, -1.0, 0.0, 0.0, -1.0, 0.0, 0.0, 0.0, 0.0, 0.0, -1.0, 0.0, 0.0, 0.0, 0.0, 1.0 ], [ 0.104528464, -0.9945219, 0.0, 0.0, -0.9945219, -0.104528464, 0.0, 0.0, 0.0, 0.0, -1.0, 0.0, 0.0, 0.0, 0.0, 1.0 ], [ 0.20791169, -0.9781476, 0.0, 0.0, -0.9781476, -0.20791169, 0.0, 0.0, 0.0, 0.0, -1.0, 0.0, 0.0, 0.0, 0.0, 1.0 ], [ 0.309017, -0.95105654, 0.0, 0.0, -0.95105654, -0.309017, 0.0, 0.0, 0.0, 0.0, -1.0, 0.0, 0.0, 0.0, 0.0, 1.0 ], [ 0.40673664, -0.9135454, 0.0, 0.0, -0.9135454, -0.40673664, 0.0, 0.0, 0.0, 0.0, -1.0, 0.0, 0.0, 0.0, 0.0, 1.0 ], [ 0.5, -0.8660254, 0.0, 0.0, -0.8660254, -0.5, 0.0, 0.0, 0.0, 0.0, -1.0, 0.0, 0.0, 0.0, 0.0, 1.0 ], [ 0.58778524, -0.809017, 0.0, 0.0, -0.809017, -0.58778524, 0.0, 0.0, 0.0, 0.0, -1.0, 0.0, 0.0, 0.0, 0.0, 1.0 ], [ 0.6691306, -0.7431448, 0.0, 0.0, -0.7431448, -0.6691306, 0.0, 0.0, 0.0, 0.0, -1.0, 0.0, 0.0, 0.0, 0.0, 1.0 ], [ 0.7431448, -0.6691306, 0.0, 0.0, -0.6691306, -0.7431448, 0.0, 0.0, 0.0, 0.0, -1.0, 0.0, 0.0, 0.0, 0.0, 1.0 ], [ 0.809017, -0.58778524, 0.0, 0.0, -0.58778524, -0.809017, 0.0, 0.0, 0.0, 0.0, -1.0, 0.0, 0.0, 0.0, 0.0, 1.0 ], [ 0.8660254, -0.5, 0.0, 0.0, -0.5, -0.8660254, 0.0, 0.0, 0.0, 0.0, -1.0, 0.0, 0.0, 0.0, 0.0, 1.0 ], [ 0.9135454, -0.40673664, 0.0, 0.0, -0.40673664, -0.9135454, 0.0, 0.0, 0.0, 0.0, -1.0, 0.0, 0.0, 0.0, 0.0, 1.0 ], [ 0.95105654, -0.309017, 0.0, 0.0, -0.309017, -0.95105654, 0.0, 0.0, 0.0, 0.0, -1.0, 0.0, 0.0, 0.0, 0.0, 1.0 ], [ 0.9781476, -0.20791169, 0.0, 0.0, -0.20791169, -0.9781476, 0.0, 0.0, 0.0, 0.0, -1.0, 0.0, 0.0, 0.0, 0.0, 1.0 ], [ 0.9945219, -0.104528464, 0.0, 0.0, -0.104528464, -0.9945219, 0.0, 0.0, 0.0, 0.0, -1.0, 0.0, 0.0, 0.0, 0.0, 1.0 ] ],
  "lights" : {
    "backgroundColor" : "#AFC8DC",
    "ambientColor" : "#292929",
    "directionalLights" : [ {
      "direction" : {
        "x" : 1.0,
        "y" : -1.0,
        "z" : -1.0
      },
      "color" : "#EBEBE4"
    }, {
      "direction" : {
        "x" : -1.0,
        "y" : 0.0,
        "z" : 0.0
      },
      "color" : "#E4E4EB"
    }, {
      "direction" : {
        "x" : 0.0,
        "y" : 0.0,
        "z" : -1.0
      },
      "color" : "#1E1E1E"
    } ]
  },
  "camera" : {
    "perspective" : false,
    "lookDirection" : {
      "x" : 0.8430438,
      "y" : -0.46091357,
      "z" : -0.27717045
    },
    "upDirection" : {
      "x" : 0.4540883,
      "y" : 0.3337997,
      "z" : 0.8260558
    },
    "lookAtPoint" : {
      "x" : 0.0,
      "y" : 0.0,
      "z" : 0.0
    },
    "viewDistance" : 1463.9292,
    "nearClipDistance" : 3.6598294,
    "farClipDistance" : 2927.8533,
    "fieldOfView" : 0.4426274,
    "width" : 658.76587,
    "stereo" : false,
    "position" : {
      "x" : -1234.1565,
      "y" : 674.7448,
      "z" : 405.7579
    }
  },
  "embedding" : [ 1.0, 0.0, 0.0, 0.0, 0.0, 1.0, 0.0, 0.0, 0.0, 0.0, 1.0, 0.0, 0.0, 0.0, 0.0, 1.0 ],
  "shapes" : [ {
    "id" : "d24ea841-bf77-45e5-b0e1-ce15cd84d643",
    "vertices" : [ {
      "x" : -23.435385,
      "y" : 20.68458,
      "z" : 22.040325
    }, {
      "x" : -23.335384,
      "y" : 21.084581,
      "z" : 21.940325
    }, {
      "x" : -0.24761245,
      "y" : 0.6396853,
      "z" : 0.49418908
    }, {
      "x" : -0.34761244,
      "y" : 0.23968525,
      "z" : 0.59418905
    }, {
      "x" : -23.10205,
      "y" : 21.217915,
      "z" : 22.240326
    }, {
      "x" : -23.202051,
      "y" : 20.817915,
      "z" : 22.340324
    }, {
      "x" : -0.5809458,
      "y" : 0.10635193,
      "z" : 0.29418907
    }, {
      "x" : -0.4809458,
      "y" : 0.50635195,
      "z" : 0.19418907
    } ],
    "faces" : [ {
      "vertices" : [ 2, 3, 6 ]
    }, {
      "vertices" : [ 2, 6, 7 ]
    }, {
      "vertices" : [ 0, 5, 4 ]
    }, {
      "vertices" : [ 0, 4, 1 ]
    }, {
      "vertices" : [ 2, 4, 5 ]
    }, {
      "vertices" : [ 2, 5, 3 ]
    }, {
      "vertices" : [ 0, 6, 3 ]
    }, {
      "vertices" : [ 0, 3, 5 ]
    }, {
      "vertices" : [ 0, 1, 7 ]
    }, {
      "vertices" : [ 0, 7, 6 ]
    }, {
      "vertices" : [ 1, 4, 2 ]
    }, {
      "vertices" : [ 1, 2, 7 ]
    } ]
  }, {
    "id" : "bace01af-e892-46fe-8b03-e30adf21e695",
    "vertices" : [ {
      "x" : 1.0,
      "y" : 0.0,
      "z" : 0.052335955
    }, {
      "x" : 0.9986295,
      "y" : 0.052335955,
      "z" : -0.052335955
    }, {
      "x" : 0.9945219,
      "y" : 0.104528464,
      "z" : 0.052335955
    }, {
      "x" : 0.98768836,
      "y" : 0.15643446,
      "z" : -0.052335955
    }, {
      "x" : 0.9781476,
      "y" : 0.20791169,
      "z" : 0.052335955
    }, {
      "x" : 0.9659258,
      "y" : 0.25881904,
      "z" : -0.052335955
    }, {
      "x" : 0.95105654,
      "y" : 0.309017,
      "z" : 0.052335955
    }, {
      "x" : 0.9335804,
      "y" : 0.35836795,
      "z" : -0.052335955
    }, {
      "x" : 0.9135454,
      "y" : 0.40673664,
      "z" : 0.052335955
    }, {
      "x" : 0.8910065,
      "y" : 0.4539905,
      "z" : -0.052335955
    }, {
      "x" : 0.8660254,
      "y" : 0.5,
      "z" : 0.052335955
    }, {
      "x" : 0.83867055,
      "y" : 0.54463905,
      "z" : -0.052335955
    }, {
      "x" : 0.809017,
      "y" : 0.58778524,
      "z" : 0.052335955
    }, {
      "x" : 0.777146,
      "y" : 0.6293204,
      "z" : -0.052335955
    }, {
      "x" : 0.7431448,
      "y" : 0.6691306,
      "z" : 0.052335955
    }, {
      "x" : 0.70710677,
      "y" : 0.70710677,
      "z" : -0.052335955
    }, {
      "x" : 0.6691306,
      "y" : 0.7431448,
      "z" : 0.052335955
    }, {
      "x" : 0.6293204,
      "y" : 0.777146,
      "z" : -0.052335955
    }, {
      "x" : 0.58778524,
      "y" : 0.809017,
      "z" : 0.052335955
    }, {
      "x" : 0.54463905,
      "y" : 0.83867055,
      "z" : -0.052335955
    }, {
      "x" : 0.5,
      "y" : 0.8660254,
      "z" : 0.052335955
    }, {
      "x" : 0.4539905,
      "y" : 0.8910065,
      "z" : -0.052335955
    }, {
      "x" : 0.40673664,
      "y" : 0.9135454,
      "z" : 0.052335955
    }, {
      "x" : 0.35836795,
      "y" : 0.9335804,
      "z" : -0.052335955
    }, {
      "x" : 0.309017,
      "y" : 0.95105654,
      "z" : 0.052335955
    }, {
      "x" : 0.25881904,
      "y" : 0.9659258,
      "z" : -0.052335955
    }, {
      "x" : 0.20791169,
      "y" : 0.9781476,
      "z" : 0.052335955
    }, {
      "x" : 0.15643446,
      "y" : 0.98768836,
      "z" : -0.052335955
    }, {
      "x" : 0.104528464,
      "y" : 0.9945219,
      "z" : 0.052335955
    }, {
      "x" : 0.052335955,
      "y" : 0.9986295,
      "z" : -0.052335955
    }, {
      "x" : 0.0,
      "y" : 1.0,
      "z" : 0.052335955
    }, {
      "x" : -0.052335955,
      "y" : 0.9986295,
      "z" : -0.052335955
    }, {
      "x" : -0.104528464,
      "y" : 0.9945219,
      "z" : 0.052335955
    }, {
      "x" : -0.15643446,
      "y" : 0.98768836,
      "z" : -0.052335955
    }, {
      "x" : -0.20791169,
      "y" : 0.9781476,
      "z" : 0.052335955
    }, {
      "x" : -0.25881904,
      "y" : 0.9659258,
      "z" : -0.052335955
    }, {
      "x" : -0.309017,
      "y" : 0.95105654,
      "z" : 0.052335955
    }, {
      "x" : -0.35836795,
      "y" : 0.9335804,
      "z" : -0.052335955
    }, {
      "x" : -0.40673664,
      "y" : 0.9135454,
      "z" : 0.052335955
    }, {
      "x" : -0.4539905,
      "y" : 0.8910065,
      "z" : -0.052335955
    }, {
      "x" : -0.5,
      "y" : 0.8660254,
      "z" : 0.052335955
    }, {
      "x" : -0.54463905,
      "y" : 0.83867055,
      "z" : -0.052335955
    }, {
      "x" : -0.58778524,
      "y" : 0.809017,
      "z" : 0.052335955
    }, {
      "x" : -0.6293204,
      "y" : 0.777146,
      "z" : -0.052335955
    }, {
      "x" : -0.6691306,
      "y" : 0.7431448,
      "z" : 0.052335955
    }, {
      "x" : -0.70710677,
      "y" : 0.70710677,
      "z" : -0.052335955
    }, {
      "x" : -0.7431448,
      "y" : 0.6691306,
      "z" : 0.052335955
    }, {
      "x" : -0.777146,
      "y" : 0.6293204,
      "z" : -0.052335955
    }, {
      "x" : -0.809017,
      "y" : 0.58778524,
      "z" : 0.052335955
    }, {
      "x" : -0.83867055,
      "y" : 0.54463905,
      "z" : -0.052335955
    }, {
      "x" : -0.8660254,
      "y" : 0.5,
      "z" : 0.052335955
    }, {
      "x" : -0.8910065,
      "y" : 0.4539905,
      "z" : -0.052335955
    }, {
      "x" : -0.9135454,
      "y" : 0.40673664,
      "z" : 0.052335955
    }, {
      "x" : -0.9335804,
      "y" : 0.35836795,
      "z" : -0.052335955
    }, {
      "x" : -0.95105654,
      "y" : 0.309017,
      "z" : 0.052335955
    }, {
      "x" : -0.9659258,
      "y" : 0.25881904,
      "z" : -0.052335955
    }, {
      "x" : -0.9781476,
      "y" : 0.20791169,
      "z" : 0.052335955
    }, {
      "x" : -0.98768836,
      "y" : 0.15643446,
      "z" : -0.052335955
    }, {
      "x" : -0.9945219,
      "y" : 0.104528464,
      "z" : 0.052335955
    }, {
      "x" : -0.9986295,
      "y" : 0.052335955,
      "z" : -0.052335955
    }, {
      "x" : -1.0,
      "y" : 0.0,
      "z" : 0.052335955
    }, {
      "x" : -0.9986295,
      "y" : -0.052335955,
      "z" : -0.052335955
    }, {
      "x" : -0.9945219,
      "y" : -0.104528464,
      "z" : 0.052335955
    }, {
      "x" : -0.98768836,
      "y" : -0.15643446,
      "z" : -0.052335955
    }, {
      "x" : -0.9781476,
      "y" : -0.20791169,
      "z" : 0.052335955
    }, {
      "x" : -0.9659258,
      "y" : -0.25881904,
      "z" : -0.052335955
    }, {
      "x" : -0.95105654,
      "y" : -0.309017,
      "z" : 0.052335955
    }, {
      "x" : -0.9335804,
      "y" : -0.35836795,
      "z" : -0.052335955
    }, {
      "x" : -0.9135454,
      "y" : -0.40673664,
      "z" : 0.052335955
    }, {
      "x" : -0.8910065,
      "y" : -0.4539905,
      "z" : -0.052335955
    }, {
      "x" : -0.8660254,
      "y" : -0.5,
      "z" : 0.052335955
    }, {
      "x" : -0.83867055,
      "y" : -0.54463905,
      "z" : -0.052335955
    }, {
      "x" : -0.809017,
      "y" : -0.58778524,
      "z" : 0.052335955
    }, {
      "x" : -0.777146,
      "y" : -0.6293204,
      "z" : -0.052335955
    }, {
      "x" : -0.7431448,
      "y" : -0.6691306,
      "z" : 0.052335955
    }, {
      "x" : -0.70710677,
      "y" : -0.70710677,
      "z" : -0.052335955
    }, {
      "x" : -0.6691306,
      "y" : -0.7431448,
      "z" : 0.052335955
    }, {
      "x" : -0.6293204,
      "y" : -0.777146,
      "z" : -0.052335955
    }, {
      "x" : -0.58778524,
      "y" : -0.809017,
      "z" : 0.052335955
    }, {
      "x" : -0.54463905,
      "y" : -0.83867055,
      "z" : -0.052335955
    }, {
      "x" : -0.5,
      "y" : -0.8660254,
      "z" : 0.052335955
    }, {
      "x" : -0.4539905,
      "y" : -0.8910065,
      "z" : -0.052335955
    }, {
      "x" : -0.40673664,
      "y" : -0.9135454,
      "z" : 0.052335955
    }, {
      "x" : -0.35836795,
      "y" : -0.9335804,
      "z" : -0.052335955
    }, {
      "x" : -0.309017,
      "y" : -0.95105654,
      "z" : 0.052335955
    }, {
      "x" : -0.25881904,
      "y" : -0.9659258,
      "z" : -0.052335955
    }, {
      "x" : -0.20791169,
      "y" : -0.9781476,
      "z" : 0.052335955
    }, {
      "x" : -0.15643446,
      "y" : -0.98768836,
      "z" : -0.052335955
    }, {
      "x" : -0.104528464,
      "y" : -0.9945219,
      "z" : 0.052335955
    }, {
      "x" : -0.052335955,
      "y" : -0.9986295,
      "z" : -0.052335955
    }, {
      "x" : 0.0,
      "y" : -1.0,
      "z" : 0.052335955
    }, {
      "x" : 0.052335955,
      "y" : -0.9986295,
      "z" : -0.052335955
    }, {
      "x" : 0.104528464,
      "y" : -0.9945219,
      "z" : 0.052335955
    }, {
      "x" : 0.15643446,
      "y" : -0.98768836,
      "z" : -0.052335955
    }, {
      "x" : 0.20791169,
      "y" : -0.9781476,
      "z" : 0.052335955
    }, {
      "x" : 0.25881904,
      "y" : -0.9659258,
      "z" : -0.052335955
    }, {
      "x" : 0.309017,
      "y" : -0.95105654,
      "z" : 0.052335955
    }, {
      "x" : 0.35836795,
      "y" : -0.9335804,
      "z" : -0.052335955
    }, {
      "x" : 0.40673664,
      "y" : -0.9135454,
      "z" : 0.052335955
    }, {
      "x" : 0.4539905,
      "y" : -0.8910065,
      "z" : -0.052335955
    }, {
      "x" : 0.5,
      "y" : -0.8660254,
      "z" : 0.052335955
    }, {
      "x" : 0.54463905,
      "y" : -0.83867055,
      "z" : -0.052335955
    }, {
      "x" : 0.58778524,
      "y" : -0.809017,
      "z" : 0.052335955
    }, {
      "x" : 0.6293204,
      "y" : -0.777146,
      "z" : -0.052335955
    }, {
      "x" : 0.6691306,
      "y" : -0.7431448,
      "z" : 0.052335955
    }, {
      "x" : 0.70710677,
      "y" : -0.70710677,
      "z" : -0.052335955
    }, {
      "x" : 0.7431448,
      "y" : -0.6691306,
      "z" : 0.052335955
    }, {
      "x" : 0.777146,
      "y" : -0.6293204,
      "z" : -0.052335955
    }, {
      "x" : 0.809017,
      "y" : -0.58778524,
      "z" : 0.052335955
    }, {
      "x" : 0.83867055,
      "y" : -0.54463905,
      "z" : -0.052335955
    }, {
      "x" : 0.8660254,
      "y" : -0.5,
      "z" : 0.052335955
    }, {
      "x" : 0.8910065,
      "y" : -0.4539905,
      "z" : -0.052335955
    }, {
      "x" : 0.9135454,
      "y" : -0.40673664,
      "z" : 0.052335955
    }, {
      "x" : 0.9335804,
      "y" : -0.35836795,
      "z" : -0.052335955
    }, {
      "x" : 0.95105654,
      "y" : -0.309017,
      "z" : 0.052335955
    }, {
      "x" : 0.9659258,
      "y" : -0.25881904,
      "z" : -0.052335955
    }, {
      "x" : 0.9781476,
      "y" : -0.20791169,
      "z" : 0.052335955
    }, {
      "x" : 0.98768836,
      "y" : -0.15643446,
      "z" : -0.052335955
    }, {
      "x" : 0.9945219,
      "y" : -0.104528464,
      "z" : 0.052335955
    }, {
      "x" : 0.9986295,
      "y" : -0.052335955,
      "z" : -0.052335955
    } ],
    "faces" : [ {
      "vertices" : [ 85, 87, 86 ]
    }, {
      "vertices" : [ 0, 1, 2 ]
    }, {
      "vertices" : [ 86, 87, 88 ]
    }, {
      "vertices" : [ 1, 3, 2 ]
    }, {
      "vertices" : [ 87, 89, 88 ]
    }, {
      "vertices" : [ 2, 3, 4 ]
    }, {
      "vertices" : [ 88, 89, 90 ]
    }, {
      "vertices" : [ 3, 5, 4 ]
    }, {
      "vertices" : [ 89, 91, 90 ]
    }, {
      "vertices" : [ 4, 5, 6 ]
    }, {
      "vertices" : [ 1, 119, 117 ]
    }, {
      "vertices" : [ 1, 117, 115 ]
    }, {
      "vertices" : [ 1, 115, 113 ]
    }, {
      "vertices" : [ 1, 113, 111 ]
    }, {
      "vertices" : [ 1, 111, 109 ]
    }, {
      "vertices" : [ 1, 109, 107 ]
    }, {
      "vertices" : [ 1, 107, 105 ]
    }, {
      "vertices" : [ 1, 105, 103 ]
    }, {
      "vertices" : [ 1, 103, 101 ]
    }, {
      "vertices" : [ 1, 101, 99 ]
    }, {
      "vertices" : [ 1, 99, 97 ]
    }, {
      "vertices" : [ 1, 97, 95 ]
    }, {
      "vertices" : [ 1, 95, 93 ]
    }, {
      "vertices" : [ 1, 93, 91 ]
    }, {
      "vertices" : [ 1, 91, 89 ]
    }, {
      "vertices" : [ 1, 89, 87 ]
    }, {
      "vertices" : [ 1, 87, 85 ]
    }, {
      "vertices" : [ 1, 85, 83 ]
    }, {
      "vertices" : [ 1, 83, 81 ]
    }, {
      "vertices" : [ 1, 81, 79 ]
    }, {
      "vertices" : [ 1, 79, 77 ]
    }, {
      "vertices" : [ 1, 77, 75 ]
    }, {
      "vertices" : [ 1, 75, 73 ]
    }, {
      "vertices" : [ 1, 73, 71 ]
    }, {
      "vertices" : [ 1, 71, 69 ]
    }, {
      "vertices" : [ 1, 69, 67 ]
    }, {
      "vertices" : [ 1, 67, 65 ]
    }, {
      "vertices" : [ 1, 65, 63 ]
    }, {
      "vertices" : [ 1, 63, 61 ]
    }, {
      "vertices" : [ 1, 61, 59 ]
    }, {
      "vertices" : [ 1, 59, 57 ]
    }, {
      "vertices" : [ 1, 57, 55 ]
    }, {
      "vertices" : [ 1, 55, 53 ]
    }, {
      "vertices" : [ 1, 53, 51 ]
    }, {
      "vertices" : [ 1, 51, 49 ]
    }, {
      "vertices" : [ 1, 49, 47 ]
    }, {
      "vertices" : [ 1, 47, 45 ]
    }, {
      "vertices" : [ 1, 45, 43 ]
    }, {
      "vertices" : [ 1, 43, 41 ]
    }, {
      "vertices" : [ 1, 41, 39 ]
    }, {
      "vertices" : [ 1, 39, 37 ]
    }, {
      "vertices" : [ 1, 37, 35 ]
    }, {
      "vertices" : [ 1, 35, 33 ]
    }, {
      "vertices" : [ 1, 33, 31 ]
    }, {
      "vertices" : [ 1, 31, 29 ]
    }, {
      "vertices" : [ 1, 29, 27 ]
    }, {
      "vertices" : [ 1, 27, 25 ]
    }, {
      "vertices" : [ 1, 25, 23 ]
    }, {
      "vertices" : [ 1, 23, 21 ]
    }, {
      "vertices" : [ 1, 21, 19 ]
    }, {
      "vertices" : [ 1, 19, 17 ]
    }, {
      "vertices" : [ 1, 17, 15 ]
    }, {
      "vertices" : [ 1, 15, 13 ]
    }, {
      "vertices" : [ 1, 13, 11 ]
    }, {
      "vertices" : [ 1, 11, 9 ]
    }, {
      "vertices" : [ 1, 9, 7 ]
    }, {
      "vertices" : [ 1, 7, 5 ]
    }, {
      "vertices" : [ 1, 5, 3 ]
    }, {
      "vertices" : [ 90, 91, 92 ]
    }, {
      "vertices" : [ 5, 7, 6 ]
    }, {
      "vertices" : [ 91, 93, 92 ]
    }, {
      "vertices" : [ 6, 7, 8 ]
    }, {
      "vertices" : [ 92, 93, 94 ]
    }, {
      "vertices" : [ 7, 9, 8 ]
    }, {
      "vertices" : [ 93, 95, 94 ]
    }, {
      "vertices" : [ 8, 9, 10 ]
    }, {
      "vertices" : [ 94, 95, 96 ]
    }, {
      "vertices" : [ 9, 11, 10 ]
    }, {
      "vertices" : [ 95, 97, 96 ]
    }, {
      "vertices" : [ 10, 11, 12 ]
    }, {
      "vertices" : [ 96, 97, 98 ]
    }, {
      "vertices" : [ 11, 13, 12 ]
    }, {
      "vertices" : [ 97, 99, 98 ]
    }, {
      "vertices" : [ 12, 13, 14 ]
    }, {
      "vertices" : [ 98, 99, 100 ]
    }, {
      "vertices" : [ 13, 15, 14 ]
    }, {
      "vertices" : [ 99, 101, 100 ]
    }, {
      "vertices" : [ 14, 15, 16 ]
    }, {
      "vertices" : [ 100, 101, 102 ]
    }, {
      "vertices" : [ 15, 17, 16 ]
    }, {
      "vertices" : [ 101, 103, 102 ]
    }, {
      "vertices" : [ 16, 17, 18 ]
    }, {
      "vertices" : [ 102, 103, 104 ]
    }, {
      "vertices" : [ 17, 19, 18 ]
    }, {
      "vertices" : [ 103, 105, 104 ]
    }, {
      "vertices" : [ 18, 19, 20 ]
    }, {
      "vertices" : [ 104, 105, 106 ]
    }, {
      "vertices" : [ 19, 21, 20 ]
    }, {
      "vertices" : [ 105, 107, 106 ]
    }, {
      "vertices" : [ 20, 21, 22 ]
    }, {
      "vertices" : [ 106, 107, 108 ]
    }, {
      "vertices" : [ 21, 23, 22 ]
    }, {
      "vertices" : [ 107, 109, 108 ]
    }, {
      "vertices" : [ 22, 23, 24 ]
    }, {
      "vertices" : [ 108, 109, 110 ]
    }, {
      "vertices" : [ 23, 25, 24 ]
    }, {
      "vertices" : [ 109, 111, 110 ]
    }, {
      "vertices" : [ 24, 25, 26 ]
    }, {
      "vertices" : [ 110, 111, 112 ]
    }, {
      "vertices" : [ 25, 27, 26 ]
    }, {
      "vertices" : [ 111, 113, 112 ]
    }, {
      "vertices" : [ 26, 27, 28 ]
    }, {
      "vertices" : [ 112, 113, 114 ]
    }, {
      "vertices" : [ 27, 29, 28 ]
    }, {
      "vertices" : [ 113, 115, 114 ]
    }, {
      "vertices" : [ 28, 29, 30 ]
    }, {
      "vertices" : [ 114, 115, 116 ]
    }, {
      "vertices" : [ 29, 31, 30 ]
    }, {
      "vertices" : [ 115, 117, 116 ]
    }, {
      "vertices" : [ 30, 31, 32 ]
    }, {
      "vertices" : [ 116, 117, 118 ]
    }, {
      "vertices" : [ 31, 33, 32 ]
    }, {
      "vertices" : [ 117, 119, 118 ]
    }, {
      "vertices" : [ 32, 33, 34 ]
    }, {
      "vertices" : [ 33, 35, 34 ]
    }, {
      "vertices" : [ 34, 35, 36 ]
    }, {
      "vertices" : [ 35, 37, 36 ]
    }, {
      "vertices" : [ 36, 37, 38 ]
    }, {
      "vertices" : [ 37, 39, 38 ]
    }, {
      "vertices" : [ 38, 39, 40 ]
    }, {
      "vertices" : [ 39, 41, 40 ]
    }, {
      "vertices" : [ 0, 119, 1 ]
    }, {
      "vertices" : [ 40, 41, 42 ]
    }, {
      "vertices" : [ 41, 43, 42 ]
    }, {
      "vertices" : [ 42, 43, 44 ]
    }, {
      "vertices" : [ 43, 45, 44 ]
    }, {
      "vertices" : [ 44, 45, 46 ]
    }, {
      "vertices" : [ 45, 47, 46 ]
    }, {
      "vertices" : [ 46, 47, 48 ]
    }, {
      "vertices" : [ 47, 49, 48 ]
    }, {
      "vertices" : [ 48, 49, 50 ]
    }, {
      "vertices" : [ 49, 51, 50 ]
    }, {
      "vertices" : [ 50, 51, 52 ]
    }, {
      "vertices" : [ 51, 53, 52 ]
    }, {
      "vertices" : [ 52, 53, 54 ]
    }, {
      "vertices" : [ 53, 55, 54 ]
    }, {
      "vertices" : [ 54, 55, 56 ]
    }, {
      "vertices" : [ 55, 57, 56 ]
    }, {
      "vertices" : [ 56, 57, 58 ]
    }, {
      "vertices" : [ 57, 59, 58 ]
    }, {
      "vertices" : [ 58, 59, 60 ]
    }, {
      "vertices" : [ 59, 61, 60 ]
    }, {
      "vertices" : [ 60, 61, 62 ]
    }, {
      "vertices" : [ 61, 63, 62 ]
    }, {
      "vertices" : [ 62, 63, 64 ]
    }, {
      "vertices" : [ 63, 65, 64 ]
    }, {
      "vertices" : [ 64, 65, 66 ]
    }, {
      "vertices" : [ 65, 67, 66 ]
    }, {
      "vertices" : [ 66, 67, 68 ]
    }, {
      "vertices" : [ 67, 69, 68 ]
    }, {
      "vertices" : [ 68, 69, 70 ]
    }, {
      "vertices" : [ 69, 71, 70 ]
    }, {
      "vertices" : [ 0, 2, 4 ]
    }, {
      "vertices" : [ 0, 4, 6 ]
    }, {
      "vertices" : [ 0, 6, 8 ]
    }, {
      "vertices" : [ 0, 8, 10 ]
    }, {
      "vertices" : [ 0, 10, 12 ]
    }, {
      "vertices" : [ 0, 12, 14 ]
    }, {
      "vertices" : [ 0, 14, 16 ]
    }, {
      "vertices" : [ 0, 16, 18 ]
    }, {
      "vertices" : [ 0, 18, 20 ]
    }, {
      "vertices" : [ 0, 20, 22 ]
    }, {
      "vertices" : [ 0, 22, 24 ]
    }, {
      "vertices" : [ 0, 24, 26 ]
    }, {
      "vertices" : [ 0, 26, 28 ]
    }, {
      "vertices" : [ 0, 28, 30 ]
    }, {
      "vertices" : [ 0, 30, 32 ]
    }, {
      "vertices" : [ 0, 32, 34 ]
    }, {
      "vertices" : [ 0, 34, 36 ]
    }, {
      "vertices" : [ 0, 36, 38 ]
    }, {
      "vertices" : [ 0, 38, 40 ]
    }, {
      "vertices" : [ 0, 40, 42 ]
    }, {
      "vertices" : [ 0, 42, 44 ]
    }, {
      "vertices" : [ 0, 44, 46 ]
    }, {
      "vertices" : [ 0, 46, 48 ]
    }, {
      "vertices" : [ 0, 48, 50 ]
    }, {
      "vertices" : [ 0, 50, 52 ]
    }, {
      "vertices" : [ 0, 52, 54 ]
    }, {
      "vertices" : [ 0, 54, 56 ]
    }, {
      "vertices" : [ 0, 56, 58 ]
    }, {
      "vertices" : [ 0, 58, 60 ]
    }, {
      "vertices" : [ 0, 60, 62 ]
    }, {
      "vertices" : [ 0, 62, 64 ]
    }, {
      "vertices" : [ 0, 64, 66 ]
    }, {
      "vertices" : [ 0, 66, 68 ]
    }, {
      "vertices" : [ 0, 68, 70 ]
    }, {
      "vertices" : [ 0, 70, 72 ]
    }, {
      "vertices" : [ 0, 72, 74 ]
    }, {
      "vertices" : [ 0, 74, 76 ]
    }, {
      "vertices" : [ 0, 76, 78 ]
    }, {
      "vertices" : [ 0, 78, 80 ]
    }, {
      "vertices" : [ 0, 80, 82 ]
    }, {
      "vertices" : [ 0, 82, 84 ]
    }, {
      "vertices" : [ 0, 84, 86 ]
    }, {
      "vertices" : [ 0, 86, 88 ]
    }, {
      "vertices" : [ 0, 88, 90 ]
    }, {
      "vertices" : [ 0, 90, 92 ]
    }, {
      "vertices" : [ 0, 92, 94 ]
    }, {
      "vertices" : [ 0, 94, 96 ]
    }, {
      "vertices" : [ 0, 96, 98 ]
    }, {
      "vertices" : [ 0, 98, 100 ]
    }, {
      "vertices" : [ 0, 100, 102 ]
    }, {
      "vertices" : [ 0, 102, 104 ]
    }, {
      "vertices" : [ 0, 104, 106 ]
    }, {
      "vertices" : [ 0, 106, 108 ]
    }, {
      "vertices" : [ 0, 108, 110 ]
    }, {
      "vertices" : [ 0, 110, 112 ]
    }, {
      "vertices" : [ 0, 112, 114 ]
    }, {
      "vertices" : [ 0, 114, 116 ]
    }, {
      "vertices" : [ 0, 116, 118 ]
    }, {
      "vertices" : [ 70, 71, 72 ]
    }, {
      "vertices" : [ 71, 73, 72 ]
    }, {
      "vertices" : [ 72, 73, 74 ]
    }, {
      "vertices" : [ 73, 75, 74 ]
    }, {
      "vertices" : [ 74, 75, 76 ]
    }, {
      "vertices" : [ 75, 77, 76 ]
    }, {
      "vertices" : [ 76, 77, 78 ]
    }, {
      "vertices" : [ 77, 79, 78 ]
    }, {
      "vertices" : [ 78, 79, 80 ]
    }, {
      "vertices" : [ 0, 118, 119 ]
    }, {
      "vertices" : [ 79, 81, 80 ]
    }, {
      "vertices" : [ 80, 81, 82 ]
    }, {
      "vertices" : [ 81, 83, 82 ]
    }, {
      "vertices" : [ 82, 83, 84 ]
    }, {
      "vertices" : [ 83, 85, 84 ]
    }, {
      "vertices" : [ 84, 85, 86 ]
    } ]
  }, {
    "id" : "d6bb8fcc-e8af-48a1-bad6-75b67129c177",
    "vertices" : [ {
      "x" : 30.308855,
      "y" : -9.847944,
      "z" : 146.47433
    }, {
      "x" : 23.682997,
      "y" : 21.324266,
      "z" : 123.93983
    }, {
      "x" : 0.0,
      "y" : 0.0,
      "z" : 101.40531
    }, {
      "x" : 6.625858,
      "y" : -31.17221,
      "z" : 123.93983
    } ],
    "faces" : [ {
      "vertices" : [ 0, 1, 2 ]
    }, {
      "vertices" : [ 0, 2, 3 ]
    }, {
      "vertices" : [ 0, 3, 2 ]
    }, {
      "vertices" : [ 0, 2, 1 ]
    } ]
  }, {
    "id" : "8e0e68d4-6e96-4826-99fb-5aaff94d5f27",
    "vertices" : [ {
      "x" : 23.682997,
      "y" : -21.324266,
      "z" : 78.8708
    }, {
      "x" : 30.308855,
      "y" : 9.847944,
      "z" : 56.336285
    }, {
      "x" : 0.0,
      "y" : 0.0,
      "z" : 33.801773
    }, {
      "x" : -6.625858,
      "y" : -31.17221,
      "z" : 56.336285
    } ],
    "faces" : [ {
      "vertices" : [ 0, 1, 2 ]
    }, {
      "vertices" : [ 0, 2, 3 ]
    }, {
      "vertices" : [ 0, 3, 2 ]
    }, {
      "vertices" : [ 0, 2, 1 ]
    } ]
  }, {
    "id" : "a3b584ff-32c6-4014-971d-1f1f276d67c8",
    "vertices" : [ {
      "x" : -18.731903,
      "y" : 25.782251,
      "z" : -123.93983
    }, {
      "x" : -31.694036,
      "y" : -3.3311775,
      "z" : -146.47433
    }, {
      "x" : 0.0,
      "y" : 0.0,
      "z" : -169.00885
    }, {
      "x" : 12.962133,
      "y" : 29.113428,
      "z" : -146.47433
    } ],
    "faces" : [ {
      "vertices" : [ 0, 1, 2 ]
    }, {
      "vertices" : [ 0, 2, 3 ]
    }, {
      "vertices" : [ 0, 3, 2 ]
    }, {
      "vertices" : [ 0, 2, 1 ]
    } ]
  }, {
    "id" : "edfffe21-2fd1-4f7a-be95-2ad77d81270e",
    "vertices" : [ {
      "x" : -23.682997,
      "y" : -21.324266,
      "z" : 146.47433
    }, {
      "x" : 6.625858,
      "y" : -31.17221,
      "z" : 123.93983
    }, {
      "x" : 0.0,
      "y" : 0.0,
      "z" : 101.40531
    }, {
      "x" : -30.308855,
      "y" : 9.847944,
      "z" : 123.93983
    } ],
    "faces" : [ {
      "vertices" : [ 0, 1, 2 ]
    }, {
      "vertices" : [ 0, 2, 3 ]
    }, {
      "vertices" : [ 0, 3, 2 ]
    }, {
      "vertices" : [ 0, 2, 1 ]
    } ]
  }, {
    "id" : "2b5ac765-fcd5-4f6f-a116-1895fddcbd43",
    "vertices" : [ {
      "x" : -0.1,
      "y" : -0.26666668,
      "z" : 337.38437
    }, {
      "x" : -0.2,
      "y" : 0.13333334,
      "z" : 337.2844
    }, {
      "x" : 0.1,
      "y" : 0.26666668,
      "z" : 0.6333333
    }, {
      "x" : 0.2,
      "y" : -0.13333334,
      "z" : 0.73333335
    }, {
      "x" : 0.1,
      "y" : 0.26666668,
      "z" : 337.05106
    }, {
      "x" : 0.2,
      "y" : -0.13333334,
      "z" : 337.15103
    }, {
      "x" : -0.1,
      "y" : -0.26666668,
      "z" : 0.96666664
    }, {
      "x" : -0.2,
      "y" : 0.13333334,
      "z" : 0.8666667
    } ],
    "faces" : [ {
      "vertices" : [ 2, 3, 6 ]
    }, {
      "vertices" : [ 2, 6, 7 ]
    }, {
      "vertices" : [ 0, 5, 4 ]
    }, {
      "vertices" : [ 0, 4, 1 ]
    }, {
      "vertices" : [ 2, 4, 5 ]
    }, {
      "vertices" : [ 2, 5, 3 ]
    }, {
      "vertices" : [ 0, 6, 3 ]
    }, {
      "vertices" : [ 0, 3, 5 ]
    }, {
      "vertices" : [ 0, 1, 7 ]
    }, {
      "vertices" : [ 0, 7, 6 ]
    }, {
      "vertices" : [ 1, 4, 2 ]
    }, {
      "vertices" : [ 1, 2, 7 ]
    } ]
  }, {
    "id" : "ac3fdd31-32f5-4587-a5ae-7b8b7166840c",
    "vertices" : [ {
      "x" : -27.599031,
      "y" : 15.934308,
      "z" : -56.336285
    }, {
      "x" : -27.599031,
      "y" : -15.934308,
      "z" : -78.8708
    }, {
      "x" : 0.0,
      "y" : 0.0,
      "z" : -101.40531
    }, {
      "x" : 0.0,
      "y" : 31.868616,
      "z" : -78.8708
    } ],
    "faces" : [ {
      "vertices" : [ 0, 1, 2 ]
    }, {
      "vertices" : [ 0, 2, 3 ]
    }, {
      "vertices" : [ 0, 3, 2 ]
    }, {
      "vertices" : [ 0, 2, 1 ]
    } ]
  }, {
    "id" : "7a4547ca-f08e-45d6-b9b8-5a3d2ee5e143",
    "vertices" : [ {
      "x" : -31.694036,
      "y" : 3.3311775,
      "z" : 11.267257
    }, {
      "x" : -18.731903,
      "y" : -25.782251,
      "z" : -11.267257
    }, {
      "x" : 0.0,
      "y" : 0.0,
      "z" : -33.801773
    }, {
      "x" : -12.962133,
      "y" : 29.113428,
      "z" : -11.267257
    } ],
    "faces" : [ {
      "vertices" : [ 0, 1, 2 ]
    }, {
      "vertices" : [ 0, 2, 3 ]
    }, {
      "vertices" : [ 0, 3, 2 ]
    }, {
      "vertices" : [ 0, 2, 1 ]
    } ]
  }, {
    "id" : "af04218e-2e53-472d-959b-d71cf171232f",
    "vertices" : [ {
      "x" : 0.0,
      "y" : 0.0,
      "z" : 33.801773
    }, {
      "x" : 12.962133,
      "y" : -29.113428,
