{
  "field" : "golden",
  "symmetry" : "icosahedral",
  "orientations" : [ [ 1.0, 0.0, 0.0, 0.0, 0.0, 1.0, 0.0, 0.0, 0.0, 0.0, 1.0, 0.0, 0.0, 0.0, 0.0, 1.0 ], [ 0.0, 0.0, 1.0, 0.0, 1.0, 0.0, 0.0, 0.0, 0.0, 1.0, 0.0, 0.0, 0.0, 0.0, 0.0, 1.0 ], [ 0.0, 1.0, 0.0, 0.0, 0.0, 0.0, 1.0, 0.0, 1.0, 0.0, 0.0, 0.0, 0.0, 0.0, 0.0, 1.0 ], [ 0.809017, 0.309017, 0.5, 0.0, 0.309017, 0.5, -0.809017, 0.0, -0.5, 0.809017, 0.309017, 0.0, 0.0, 0.0, 0.0, 1.0 ], [ -0.5, 0.809017, 0.309017, 0.0, 0.809017, 0.309017, 0.5, 0.0, 0.309017, 0.5, -0.809017, 0.0, 0.0, 0.0, 0.0, 1.0 ], [ 0.309017, 0.5, -0.809017, 0.0, -0.5, 0.809017, 0.309017, 0.0, 0.809017, 0.309017, 0.5, 0.0, 0.0, 0.0, 0.0, 1.0 ], [ 0.5, 0.809017, 0.309017, 0.0, 0.809017, -0.309017, -0.5, 0.0, -0.309017, 0.5, -0.809017, 0.0, 0.0, 0.0, 0.0, 1.0 ], [ -0.309017, 0.5, -0.809017, 0.0, 0.5, 0.809017, 0.309017, 0.0, 0.809017, -0.309017, -0.5, 0.0, 0.0, 0.0, 0.0, 1.0 ], [ 0.809017, -0.309017, -0.5, 0.0, -0.309017, 0.5, -0.809017, 0.0, 0.5, 0.809017, 0.309017, 0.0, 0.0, 0.0, 0.0, 1.0 ], [ 0.5, 0.809017, -0.309017, 0.0, 0.809017, -0.309017, 0.5, 0.0, 0.309017, -0.5, -0.809017, 0.0, 0.0, 0.0, 0.0, 1.0 ], [ 0.309017, -0.5, -0.809017, 0.0, 0.5, 0.809017, -0.309017, 0.0, 0.809017, -0.309017, 0.5, 0.0, 0.0, 0.0, 0.0, 1.0 ], [ 0.809017, -0.309017, 0.5, 0.0, 0.309017, -0.5, -0.809017, 0.0, 0.5, 0.809017, -0.309017, 0.0, 0.0, 0.0, 0.0, 1.0 ], [ 0.809017, 0.309017, -0.5, 0.0, 0.309017, 0.5, 0.809017, 0.0, 0.5, -0.809017, 0.309017, 0.0, 0.0, 0.0, 0.0, 1.0 ], [ 0.5, -0.809017, 0.309017, 0.0, 0.809017, 0.309017, -0.5, 0.0, 0.309017, 0.5, 0.809017, 0.0, 0.0, 0.0, 0.0, 1.0 ], [ 0.309017, 0.5, 0.809017, 0.0, 0.5, -0.809017, 0.309017, 0.0, 0.809017, 0.309017, -0.5, 0.0, 0.0, 0.0, 0.0, 1.0 ], [ 1.0, 0.0, 0.0, 0.0, 0.0, -1.0, 0.0, 0.0, 0.0, 0.0, -1.0, 0.0, 0.0, 0.0, 0.0, 1.0 ], [ 0.0, 0.0, 1.0, 0.0, -1.0, 0.0, 0.0, 0.0, 0.0, -1.0, 0.0, 0.0, 0.0, 0.0, 0.0, 1.0 ], [ 0.0, 1.0, 0.0, 0.0, 0.0, 0.0, -1.0, 0.0, -1.0, 0.0, 0.0, 0.0, 0.0, 0.0, 0.0, 1.0 ], [ 0.809017, 0.309017, 0.5, 0.0, -0.309017, -0.5, 0.809017, 0.0, 0.5, -0.809017, -0.309017, 0.0, 0.0, 0.0, 0.0, 1.0 ], [ -0.5, 0.809017, 0.309017, 0.0, -0.809017, -0.309017, -0.5, 0.0, -0.309017, -0.5, 0.809017, 0.0, 0.0, 0.0, 0.0, 1.0 ], [ 0.309017, 0.5, -0.809017, 0.0, 0.5, -0.809017, -0.309017, 0.0, -0.809017, -0.309017, -0.5, 0.0, 0.0, 0.0, 0.0, 1.0 ], [ 0.5, 0.809017, 0.309017, 0.0, -0.809017, 0.309017, 0.5, 0.0, 0.309017, -0.5, 0.809017, 0.0, 0.0, 0.0, 0.0, 1.0 ], [ -0.309017, 0.5, -0.809017, 0.0, -0.5, -0.809017, -0.309017, 0.0, -0.809017, 0.309017, 0.5, 0.0, 0.0, 0.0, 0.0, 1.0 ], [ 0.809017, -0.309017, -0.5, 0.0, 0.309017, -0.5, 0.809017, 0.0, -0.5, -0.809017, -0.309017, 0.0, 0.0, 0.0, 0.0, 1.0 ], [ 0.5, 0.809017, -0.309017, 0.0, -0.809017, 0.309017, -0.5, 0.0, -0.309017, 0.5, 0.809017, 0.0, 0.0, 0.0, 0.0, 1.0 ], [ 0.309017, -0.5, -0.809017, 0.0, -0.5, -0.809017, 0.309017, 0.0, -0.809017, 0.309017, -0.5, 0.0, 0.0, 0.0, 0.0, 1.0 ], [ 0.809017, -0.309017, 0.5, 0.0, -0.309017, 0.5, 0.809017, 0.0, -0.5, -0.809017, 0.309017, 0.0, 0.0, 0.0, 0.0, 1.0 ], [ 0.809017, 0.309017, -0.5, 0.0, -0.309017, -0.5, -0.809017, 0.0, -0.5, 0.809017, -0.309017, 0.0, 0.0, 0.0, 0.0, 1.0 ], [ 0.5, -0.809017, 0.309017, 0.0, -0.809017, -0.309017, 0.5, 0.0, -0.309017, -0.5, -0.809017, 0.0, 0.0, 0.0, 0.0, 1.0 ], [ 0.309017, 0.5, 0.809017, 0.0, -0.5, 0.809017, -0.309017, 0.0, -0.809017, -0.309017, 0.5, 0.0, 0.0, 0.0, 0.0, 1.0 ], [ -1.0, 0.0, 0.0, 0.0, 0.0, -1.0, 0.0, 0.0, 0.0, 0.0, 1.0, 0.0, 0.0, 0.0, 0.0, 1.0 ], [ 0.0, 0.0, -1.0, 0.0, -1.0, 0.0, 0.0, 0.0, 0.0, 1.0, 0.0, 0.0, 0.0, 0.0, 0.0, 1.0 ], [ 0.0, -1.0, 0.0, 0.0, 0.0, 0.0, -1.0, 0.0, 1.0, 0.0, 0.0, 0.0, 0.0, 0.0, 0.0, 1.0 ], [ -0.809017, -0.309017, -0.5, 0.0, -0.309017, -0.5, 0.809017, 0.0, -0.5, 0.809017, 0.309017, 0.0, 0.0, 0.0, 0.0, 1.0 ], [ 0.5, -0.809017, -0.309017, 0.0, -0.809017, -0.309017, -0.5, 0.0, 0.309017, 0.5, -0.809017, 0.0, 0.0, 0.0, 0.0, 1.0 ], [ -0.309017, -0.5, 0.809017, 0.0, 0.5, -0.809017, -0.309017, 0.0, 0.809017, 0.309017, 0.5, 0.0, 0.0, 0.0, 0.0, 1.0 ], [ -0.5, -0.809017, -0.309017, 0.0, -0.809017, 0.309017, 0.5, 0.0, -0.309017, 0.5, -0.809017, 0.0, 0.0, 0.0, 0.0, 1.0 ], [ 0.309017, -0.5, 0.809017, 0.0, -0.5, -0.809017, -0.309017, 0.0, 0.809017, -0.309017, -0.5, 0.0, 0.0, 0.0, 0.0, 1.0 ], [ -0.809017, 0.309017, 0.5, 0.0, 0.309017, -0.5, 0.809017, 0.0, 0.5, 0.809017, 0.309017, 0.0, 0.0, 0.0, 0.0, 1.0 ], [ -0.5, -0.809017, 0.309017, 0.0, -0.809017, 0.309017, -0.5, 0.0, 0.309017, -0.5, -0.809017, 0.0, 0.0, 0.0, 0.0, 1.0 ], [ -0.309017, 0.5, 0.809017, 0.0, -0.5, -0.809017, 0.309017, 0.0, 0.809017, -0.309017, 0.5, 0.0, 0.0, 0.0, 0.0, 1.0 ], [ -0.809017, 0.309017, -0.5, 0.0, -0.309017, 0.5, 0.809017, 0.0, 0.5, 0.809017, -0.309017, 0.0, 0.0, 0.0, 0.0, 1.0 ], [ -0.809017, -0.309017, 0.5, 0.0, -0.309017, -0.5, -0.809017, 0.0, 0.5, -0.809017, 0.309017, 0.0, 0.0, 0.0, 0.0, 1.0 ], [ -0.5, 0.809017, -0.309017, 0.0, -0.809017, -0.309017, 0.5, 0.0, 0.309017, 0.5, 0.809017, 0.0, 0.0, 0.0, 0.0, 1.0 ], [ -0.309017, -0.5, -0.809017, 0.0, -0.5, 0.809017, -0.309017, 0.0, 0.809017, 0.309017, -0.5, 0.0, 0.0, 0.0, 0.0, 1.0 ], [ -1.0, 0.0, 0.0, 0.0, 0.0, 1.0, 0.0, 0.0, 0.0, 0.0, -1.0, 0.0, 0.0, 0.0, 0.0, 1.0 ], [ 0.0, 0.0, -1.0, 0.0, 1.0, 0.0, 0.0, 0.0, 0.0, -1.0, 0.0, 0.0, 0.0, 0.0, 0.0, 1.0 ], [ 0.0, -1.0, 0.0, 0.0, 0.0, 0.0, 1.0, 0.0, -1.0, 0.0, 0.0, 0.0, 0.0, 0.0, 0.0, 1.0 ], [ -0.809017, -0.309017, -0.5, 0.0, 0.309017, 0.5, -0.809017, 0.0, 0.5, -0.809017, -0.309017, 0.0, 0.0, 0.0, 0.0, 1.0 ], [ 0.5, -0.809017, -0.309017, 0.0, 0.809017, 0.309017, 0.5, 0.0, -0.309017, -0.5, 0.809017, 0.0, 0.0, 0.0, 0.0, 1.0 ], [ -0.309017, -0.5, 0.809017, 0.0, -0.5, 0.809017, 0.309017, 0.0, -0.809017, -0.309017, -0.5, 0.0, 0.0, 0.0, 0.0, 1.0 ], [ -0.5, -0.809017, -0.309017, 0.0, 0.809017, -0.309017, -0.5, 0.0, 0.309017, -0.5, 0.809017, 0.0, 0.0, 0.0, 0.0, 1.0 ], [ 0.309017, -0.5, 0.809017, 0.0, 0.5, 0.809017, 0.309017, 0.0, -0.809017, 0.309017, 0.5, 0.0, 0.0, 0.0, 0.0, 1.0 ], [ -0.809017, 0.309017, 0.5, 0.0, -0.309017, 0.5, -0.809017, 0.0, -0.5, -0.809017, -0.309017, 0.0, 0.0, 0.0, 0.0, 1.0 ], [ -0.5, -0.809017, 0.309017, 0.0, 0.809017, -0.309017, 0.5, 0.0, -0.309017, 0.5, 0.809017, 0.0, 0.0, 0.0, 0.0, 1.0 ], [ -0.309017, 0.5, 0.809017, 0.0, 0.5, 0.809017, -0.309017, 0.0, -0.809017, 0.309017, -0.5, 0.0, 0.0, 0.0, 0.0, 1.0 ], [ -0.809017, 0.309017, -0.5, 0.0, 0.309017, -0.5, -0.809017, 0.0, -0.5, -0.809017, 0.309017, 0.0, 0.0, 0.0, 0.0, 1.0 ], [ -0.809017, -0.309017, 0.5, 0.0, 0.309017, 0.5, 0.809017, 0.0, -0.5, 0.809017, -0.309017, 0.0, 0.0, 0.0, 0.0, 1.0 ], [ -0.5, 0.809017, -0.309017, 0.0, 0.809017, 0.309017, -0.5, 0.0, -0.309017, -0.5, -0.809017, 0.0, 0.0, 0.0, 0.0, 1.0 ], [ -0.309017, -0.5, -0.809017, 0.0, 0.5, -0.809017, 0.309017, 0.0, -0.809017, -0.309017, 0.5, 0.0, 0.0, 0.0, 0.0, 1.0 ] ],
  "lights" : {
    "backgroundColor" : "#E0E0FF",
    "ambientColor" : "#292929",
    "directionalLights" : [ {
      "direction" : {
        "x" : 1.0,
        "y" : -1.0,
        "z" : -1.0
      },
      "color" : "#EBEBE4"
    }, {
      "direction" : {
        "x" : -1.0,
        "y" : 0.0,
        "z" : 0.0
      },
      "color" : "#E4E4EB"
    }, {
      "direction" : {
        "x" : 0.0,
        "y" : 0.0,
        "z" : -1.0
      },
      "color" : "#1E1E1E"
    } ]
  },
  "camera" : {
    "stereo" : false,
    "width" : 314.3078,
    "lookDirection" : {
      "x" : 0.02429261,
      "y" : 0.024328854,
      "z" : 0.99940836
    },
    "upDirection" : {
      "x" : 0.015416801,
      "y" : -0.99959546,
      "z" : 0.023959346
    },
    "lookAtPoint" : {
      "x" : 0.0,
      "y" : 0.0,
      "z" : 0.0
    },
    "viewDistance" : 698.4612,
    "nearClipDistance" : 1.7461512,
    "farClipDistance" : 1396.9194,
    "fieldOfView" : 0.44262925,
    "perspective" : true,
    "position" : {
      "x" : -16.967445,
      "y" : -16.99276,
      "z" : -698.048
    }
  },
  "embedding" : [ 1.0, 0.0, 0.0, 0.0, 0.0, 1.0, 0.0, 0.0, 0.0, 0.0, 1.0, 0.0, 0.0, 0.0, 0.0, 1.0 ],
  "shapes" : [ {
    "id" : "62637126-9fb4-479c-8321-6ef18cb64410",
    "vertices" : [ {
      "x" : 2.527864,
      "y" : 10.708204,
      "z" : 2.527864
    }, {
      "x" : 2.190983,
      "y" : 10.09017,
      "z" : 2.072949
    }, {
      "x" : 2.072949,
      "y" : 10.281153,
      "z" : 2.381966
    }, {
      "x" : 0.090169944,
      "y" : 0.38196602,
      "z" : 0.090169944
    }, {
      "x" : -0.072949015,
      "y" : 1.190983,
      "z" : 0.23606798
    }, {
      "x" : 0.045084972,
      "y" : 1.0,
      "z" : -0.072949015
    }, {
      "x" : 2.572949,
      "y" : 10.09017,
      "z" : 2.690983
    }, {
      "x" : 0.54508495,
      "y" : 0.809017,
      "z" : 0.23606798
    }, {
      "x" : 2.690983,
      "y" : 9.899187,
      "z" : 2.381966
    }, {
      "x" : 2.618034,
      "y" : 11.09017,
      "z" : 2.618034
    }, {
      "x" : 0.42705098,
      "y" : 1.0,
      "z" : 0.54508495
    } ],
    "faces" : [ {
      "vertices" : [ 3, 10, 4 ]
    }, {
      "vertices" : [ 0, 1, 2 ]
    }, {
      "vertices" : [ 3, 7, 10 ]
    }, {
      "vertices" : [ 1, 8, 7 ]
    }, {
      "vertices" : [ 1, 7, 5 ]
    }, {
      "vertices" : [ 2, 4, 10 ]
    }, {
      "vertices" : [ 2, 10, 6 ]
    }, {
      "vertices" : [ 0, 2, 6 ]
    }, {
      "vertices" : [ 0, 8, 1 ]
    }, {
      "vertices" : [ 3, 4, 5 ]
    }, {
      "vertices" : [ 1, 5, 4 ]
    }, {
      "vertices" : [ 1, 4, 2 ]
    }, {
      "vertices" : [ 0, 6, 8 ]
    }, {
      "vertices" : [ 6, 10, 7 ]
    }, {
      "vertices" : [ 6, 7, 8 ]
    }, {
      "vertices" : [ 3, 5, 7 ]
    } ]
  }, {
    "id" : "8ae7f831-11eb-4dee-9d7f-89139cdb04b3",
    "vertices" : [ {
      "x" : -37.506577,
      "y" : 17.944271,
      "z" : -44.36068
    }, {
      "x" : -44.36068,
      "y" : 27.416409,
      "z" : -44.36068
    }, {
      "x" : -46.978714,
      "y" : 24.798374,
      "z" : -55.45085
    }, {
      "x" : -40.12461,
      "y" : 15.326238,
      "z" : -55.45085
    } ],
    "faces" : [ {
      "vertices" : [ 0, 1, 2 ]
    }, {
      "vertices" : [ 0, 2, 3 ]
    }, {
      "vertices" : [ 0, 3, 2 ]
    }, {
      "vertices" : [ 0, 2, 1 ]
    } ]
  }, {
    "id" : "e7fcd2f5-5abb-4d77-b0bb-eba077171c78",
    "vertices" : [ {
      "x" : 2.618034,
      "y" : -46.978714,
      "z" : 30.034441
    }, {
      "x" : 0.0,
      "y" : -49.59675,
      "z" : 18.944271
    }, {
      "x" : 6.854102,
      "y" : -45.36068,
      "z" : 27.416409
    }, {
      "x" : 9.472136,
      "y" : -42.742645,
      "z" : 38.506577
    } ],
    "faces" : [ {
      "vertices" : [ 0, 1, 2 ]
    }, {
      "vertices" : [ 0, 2, 3 ]
    }, {
      "vertices" : [ 0, 3, 2 ]
    }, {
      "vertices" : [ 0, 2, 1 ]
    } ]
  }, {
    "id" : "739eba97-b1d2-4b9d-a55b-8f40aada7d1e",
    "vertices" : [ {
      "x" : 0.309017,
      "y" : -0.309017,
      "z" : -0.309017
    }, {
      "x" : 0.5,
      "y" : 0.0,
      "z" : -0.19098301
    }, {
      "x" : 0.5,
      "y" : 0.0,
      "z" : 0.19098301
    }, {
      "x" : 0.309017,
      "y" : -0.309017,
      "z" : 0.309017
    }, {
      "x" : 0.19098301,
      "y" : -0.5,
      "z" : 0.0
    }, {
      "x" : 0.0,
      "y" : 0.19098301,
      "z" : 0.5
    }, {
      "x" : 0.0,
      "y" : -0.19098301,
      "z" : 0.5
    }, {
      "x" : 0.309017,
      "y" : 0.309017,
      "z" : 0.309017
    }, {
      "x" : -0.309017,
      "y" : -0.309017,
      "z" : 0.309017
    }, {
      "x" : -0.309017,
      "y" : 0.309017,
      "z" : 0.309017
    }, {
      "x" : -0.5,
      "y" : 0.0,
      "z" : 0.19098301
    }, {
      "x" : 0.0,
      "y" : -0.19098301,
      "z" : -0.5
    }, {
      "x" : 0.0,
      "y" : 0.19098301,
      "z" : -0.5
    }, {
      "x" : 0.309017,
      "y" : 0.309017,
      "z" : -0.309017
    }, {
      "x" : -0.309017,
      "y" : -0.309017,
      "z" : -0.309017
    }, {
      "x" : -0.19098301,
      "y" : -0.5,
      "z" : 0.0
    }, {
      "x" : -0.5,
      "y" : 0.0,
      "z" : -0.19098301
    }, {
      "x" : 0.19098301,
      "y" : 0.5,
      "z" : 0.0
    }, {
      "x" : -0.309017,
      "y" : 0.309017,
      "z" : -0.309017
    }, {
      "x" : 0.0,
      "y" : 0.0,
      "z" : 0.0
    }, {
      "x" : -0.19098301,
      "y" : 0.5,
      "z" : 0.0
    } ],
    "faces" : [ {
      "vertices" : [ 12, 18, 20 ]
    }, {
      "vertices" : [ 12, 20, 17 ]
    }, {
      "vertices" : [ 12, 17, 13 ]
    }, {
      "vertices" : [ 3, 6, 8 ]
    }, {
      "vertices" : [ 3, 8, 15 ]
    }, {
      "vertices" : [ 3, 15, 4 ]
    }, {
      "vertices" : [ 0, 11, 12 ]
    }, {
      "vertices" : [ 0, 12, 13 ]
    }, {
      "vertices" : [ 0, 13, 1 ]
    }, {
      "vertices" : [ 5, 9, 10 ]
    }, {
      "vertices" : [ 5, 10, 8 ]
    }, {
      "vertices" : [ 5, 8, 6 ]
    }, {
      "vertices" : [ 2, 7, 5 ]
    }, {
      "vertices" : [ 2, 5, 6 ]
    }, {
      "vertices" : [ 2, 6, 3 ]
    }, {
      "vertices" : [ 11, 14, 16 ]
    }, {
      "vertices" : [ 11, 16, 18 ]
    }, {
      "vertices" : [ 11, 18, 12 ]
    }, {
      "vertices" : [ 1, 13, 17 ]
    }, {
      "vertices" : [ 1, 17, 7 ]
    }, {
      "vertices" : [ 1, 7, 2 ]
    }, {
      "vertices" : [ 9, 20, 18 ]
    }, {
      "vertices" : [ 9, 18, 16 ]
    }, {
      "vertices" : [ 9, 16, 10 ]
    }, {
      "vertices" : [ 0, 1, 2 ]
    }, {
      "vertices" : [ 0, 2, 3 ]
    }, {
      "vertices" : [ 0, 3, 4 ]
    }, {
      "vertices" : [ 5, 7, 17 ]
    }, {
      "vertices" : [ 5, 17, 20 ]
    }, {
      "vertices" : [ 5, 20, 9 ]
    }, {
      "vertices" : [ 0, 4, 15 ]
    }, {
      "vertices" : [ 0, 15, 14 ]
    }, {
      "vertices" : [ 0, 14, 11 ]
    }, {
      "vertices" : [ 8, 10, 16 ]
    }, {
      "vertices" : [ 8, 16, 14 ]
    }, {
      "vertices" : [ 8, 14, 15 ]
    } ]
  }, {
    "id" : "5f65439c-81a8-40ba-9749-e0f4cc663a4f",
    "vertices" : [ {
      "x" : -40.12461,
      "y" : 6.854102,
      "z" : -41.742645
    }, {
      "x" : -33.27051,
      "y" : -2.618034,
      "z" : -41.742645
    }, {
      "x" : -35.888542,
      "y" : 0.0,
      "z" : -30.652475
    }, {
      "x" : -42.742645,
      "y" : 9.472136,
      "z" : -30.652475
    } ],
    "faces" : [ {
      "vertices" : [ 0, 1, 2 ]
    }, {
      "vertices" : [ 0, 2, 3 ]
    }, {
      "vertices" : [ 0, 3, 2 ]
    }, {
      "vertices" : [ 0, 2, 1 ]
    } ]
  }, {
    "id" : "e502b932-8fb0-406e-9e2d-f66419e313e8",
    "vertices" : [ {
      "x" : 29.034441,
      "y" : 52.214783,
      "z" : 7.472136
    }, {
      "x" : 31.652475,
      "y" : 63.30495,
      "z" : 4.854102
    }, {
      "x" : 24.798374,
      "y" : 72.777084,
      "z" : 4.854102
    }, {
      "x" : 22.18034,
      "y" : 61.686916,
      "z" : 7.472136
    } ],
    "faces" : [ {
      "vertices" : [ 0, 1, 2 ]
    }, {
      "vertices" : [ 0, 2, 3 ]
    }, {
      "vertices" : [ 0, 3, 2 ]
    }, {
      "vertices" : [ 0, 2, 1 ]
    } ]
  }, {
    "id" : "b0de8cb1-528a-46a0-8fb3-9e6f8355f322",
    "vertices" : [ {
      "x" : -30.034441,
      "y" : 21.18034,
      "z" : -95.57546
    }, {
      "x" : -27.416409,
      "y" : 32.27051,
      "z" : -98.1935
    }, {
      "x" : -34.27051,
      "y" : 41.742645,
      "z" : -98.1935
    }, {
      "x" : -36.888542,
      "y" : 30.652475,
      "z" : -95.57546
    } ],
    "faces" : [ {
      "vertices" : [ 0, 1, 2 ]
    }, {
      "vertices" : [ 0, 2, 3 ]
    }, {
      "vertices" : [ 0, 3, 2 ]
    }, {
      "vertices" : [ 0, 2, 1 ]
    } ]
  }, {
    "id" : "066314ac-638b-46b7-bd0e-3b1cffdfe1f1",
    "vertices" : [ {
      "x" : 49.59675,
      "y" : 8.472136,
      "z" : -13.708204
    }, {
      "x" : 58.068882,
      "y" : 1.618034,
      "z" : -17.944271
    }, {
      "x" : 64.92299,
      "y" : -2.618034,
      "z" : -26.416409
    }, {
      "x" : 56.45085,
      "y" : 4.236068,
      "z" : -22.18034
    } ],
    "faces" : [ {
      "vertices" : [ 0, 1, 2 ]
    }, {
      "vertices" : [ 0, 2, 3 ]
    }, {
      "vertices" : [ 0, 3, 2 ]
    }, {
      "vertices" : [ 0, 2, 1 ]
    } ]
  }, {
    "id" : "7c4c567a-5c6a-4095-a5a4-036d1c724dfd",
    "vertices" : [ {
      "x" : 22.18034,
      "y" : 20.562305,
      "z" : 12.708204
    }, {
      "x" : 24.798374,
      "y" : 23.18034,
      "z" : 23.798374
    }, {
      "x" : 27.416409,
      "y" : 34.27051,
      "z" : 21.18034
    }, {
      "x" : 24.798374,
      "y" : 31.652475,
      "z" : 10.09017
    } ],
    "faces" : [ {
      "vertices" : [ 0, 1, 2 ]
    }, {
      "vertices" : [ 0, 2, 3 ]
    }, {
      "vertices" : [ 0, 3, 2 ]
    }, {
      "vertices" : [ 0, 2, 1 ]
    } ]
  }, {
    "id" : "3280862f-d303-4405-8cbe-bfcd255551fc",
    "vertices" : [ {
      "x" : 88.72136,
      "y" : -34.27051,
      "z" : -21.18034
    }, {
      "x" : 86.103325,
      "y" : -23.18034,
      "z" : -23.798374
    }, {
      "x" : 79.24922,
      "y" : -13.708204,
      "z" : -23.798374
    }, {
      "x" : 81.867256,
      "y" : -24.798374,
      "z" : -21.18034
    } ],
    "faces" : [ {
      "vertices" : [ 0, 1, 2 ]
    }, {
      "vertices" : [ 0, 2, 3 ]
    }, {
      "vertices" : [ 0, 3, 2 ]
    }, {
      "vertices" : [ 0, 2, 1 ]
    } ]
  }, {
    "id" : "4ca5a6f8-87d3-4cd8-a739-68be8849f46d",
    "vertices" : [ {
      "x" : -12.09017,
      "y" : -67.54102,
      "z" : 63.30495
    }, {
      "x" : -9.472136,
      "y" : -64.92299,
      "z" : 74.39512
    }, {
      "x" : -2.618034,
      "y" : -55.45085,
      "z" : 74.39512
    }, {
      "x" : -5.236068,
      "y" : -58.068882,
      "z" : 63.30495
    } ],
    "faces" : [ {
      "vertices" : [ 0, 1, 2 ]
    }, {
      "vertices" : [ 0, 2, 3 ]
    }, {
      "vertices" : [ 0, 3, 2 ]
    }, {
      "vertices" : [ 0, 2, 1 ]
    } ]
  }, {
    "id" : "cd70eb96-6c8b-4c80-a89b-2e3885f4e248",
    "vertices" : [ {
      "x" : -40.12461,
      "y" : -34.27051,
      "z" : 24.798374
    }, {
      "x" : -42.742645,
      "y" : -23.18034,
      "z" : 22.18034
    }, {
      "x" : -35.888542,
      "y" : -27.416409,
      "z" : 13.708204
    }, {
      "x" : -33.27051,
      "y" : -38.506577,
      "z" : 16.326239
    } ],
    "faces" : [ {
      "vertices" : [ 0, 1, 2 ]
    }, {
      "vertices" : [ 0, 2, 3 ]
    }, {
      "vertices" : [ 0, 3, 2 ]
    }, {
      "vertices" : [ 0, 2, 1 ]
    } ]
  }, {
    "id" : "54037677-1151-4129-8ef1-255cd1174625",
    "vertices" : [ {
      "x" : -2.618034,
      "y" : -24.798374,
      "z" : 55.45085
    }, {
      "x" : -5.236068,
      "y" : -35.888542,
      "z" : 58.068882
    }, {
      "x" : -2.618034,
      "y" : -33.27051,
      "z" : 69.15905
    }, {
      "x" : 0.0,
      "y" : -22.18034,
      "z" : 66.54102
    } ],
    "faces" : [ {
      "vertices" : [ 0, 1, 2 ]
    }, {
      "vertices" : [ 0, 2, 3 ]
    }, {
      "vertices" : [ 0, 3, 2 ]
    }, {
      "vertices" : [ 0, 2, 1 ]
    } ]
  }, {
    "id" : "4a75eb4f-0255-466b-b454-97129e604ce9",
    "vertices" : [ {
      "x" : -30.652475,
      "y" : 22.18034,
      "z" : -35.888542
    }, {
      "x" : -33.27051,
      "y" : 19.562305,
      "z" : -46.978714
    }, {
      "x" : -35.888542,
      "y" : 30.652475,
      "z" : -49.59675
    }, {
      "x" : -33.27051,
      "y" : 33.27051,
      "z" : -38.506577
    } ],
    "faces" : [ {
      "vertices" : [ 0, 1, 2 ]
    }, {
      "vertices" : [ 0, 2, 3 ]
    }, {
      "vertices" : [ 0, 3, 2 ]
    }, {
      "vertices" : [ 0, 2, 1 ]
    } ]
  }, {
    "id" : "a3bbd900-6249-415f-8405-ff9503bf1dde",
    "vertices" : [ {
      "x" : -23.798374,
      "y" : -9.472136,
      "z" : 0.0
    }, {
      "x" : -30.652475,
      "y" : -13.708204,
      "z" : -8.472136
    }, {
      "x" : -22.18034,
      "y" : -20.562305,
      "z" : -12.708204
    }, {
      "x" : -15.326238,
      "y" : -16.326239,
      "z" : -4.236068
    } ],
    "faces" : [ {
      "vertices" : [ 0, 1, 2 ]
    }, {
      "vertices" : [ 0, 2, 3 ]
    }, {
      "vertices" : [ 0, 3, 2 ]
    }, {
      "vertices" : [ 0, 2, 1 ]
    } ]
  }, {
    "id" : "e0d7ea03-2e03-44d4-af31-11fc85d8a17c",
    "vertices" : [ {
      "x" : -34.27051,
      "y" : 19.562305,
      "z" : -92.95743
    }, {
      "x" : -36.888542,
      "y" : 30.652475,
      "z" : -95.57546
    }, {
      "x" : -45.36068,
      "y" : 37.506577,
      "z" : -91.33939
    }, {
      "x" : -42.742645,
      "y" : 26.416409,
      "z" : -88.72136
    } ],
    "faces" : [ {
      "vertices" : [ 0, 1, 2 ]
    }, {
      "vertices" : [ 0, 2, 3 ]
    }, {
      "vertices" : [ 0, 3, 2 ]
    }, {
      "vertices" : [ 0, 2, 1 ]
    } ]
  }, {
    "id" : "601226dc-f283-4ea7-914f-c508508dfc8f",
    "vertices" : [ {
      "x" : 69.15905,
      "y" : 4.236068,
      "z" : 54.45085
    }, {
      "x" : 62.30495,
      "y" : 0.0,
      "z" : 45.978714
    }, {
      "x" : 64.92299,
      "y" : -2.618034,
      "z" : 34.888542
    }, {
      "x" : 71.777084,
      "y" : 1.618034,
      "z" : 43.36068
    } ],
    "faces" : [ {
      "vertices" : [ 0, 1, 2 ]
    }, {
      "vertices" : [ 0, 2, 3 ]
    }, {
      "vertices" : [ 0, 3, 2 ]
    }, {
      "vertices" : [ 0, 2, 1 ]
    } ]
  }, {
    "id" : "f1e9c543-2f5c-4338-be4c-bf63b8a4e697",
    "vertices" : [ {
      "x" : -27.416409,
      "y" : -20.562305,
      "z" : 17.944271
    }, {
      "x" : -24.798374,
      "y" : -31.652475,
      "z" : 20.562305
    }, {
      "x" : -16.326239,
      "y" : -24.798374,
      "z" : 24.798374
    }, {
      "x" : -18.944271,
      "y" : -13.708204,
      "z" : 22.18034
    } ],
    "faces" : [ {
      "vertices" : [ 0, 1, 2 ]
    }, {
      "vertices" : [ 0, 2, 3 ]
    }, {
      "vertices" : [ 0, 3, 2 ]
    }, {
      "vertices" : [ 0, 2, 1 ]
    } ]
  }, {
    "id" : "5d9d9191-977e-482d-8b40-1d9f2dac6c64",
    "vertices" : [ {
      "x" : 49.59675,
      "y" : 30.652475,
      "z" : -80.24922
    }, {
      "x" : 52.214783,
      "y" : 33.27051,
      "z" : -69.15905
    }, {
      "x" : 54.832817,
      "y" : 44.36068,
      "z" : -71.777084
    }, {
      "x" : 52.214783,
      "y" : 41.742645,
      "z" : -82.867256
    } ],
    "faces" : [ {
      "vertices" : [ 0, 1, 2 ]
    }, {
      "vertices" : [ 0, 2, 3 ]
    }, {
      "vertices" : [ 0, 3, 2 ]
    }, {
      "vertices" : [ 0, 2, 1 ]
    } ]
  }, {
    "id" : "0e125e0d-3649-4afc-b516-065d32e269c8",
    "vertices" : [ {
      "x" : 13.708204,
      "y" : 56.45085,
      "z" : -14.708204
    }, {
      "x" : 5.236068,
      "y" : 49.59675,
      "z" : -18.944271
    }, {
      "x" : 12.09017,
      "y" : 40.12461,
      "z" : -18.944271
    }, {
      "x" : 20.562305,
      "y" : 46.978714,
      "z" : -14.708204
    } ],
    "faces" : [ {
      "vertices" : [ 0, 1, 2 ]
    }, {
      "vertices" : [ 0, 2, 3 ]
    }, {
      "vertices" : [ 0, 3, 2 ]
    }, {
      "vertices" : [ 0, 2, 1 ]
    } ]
  }, {
    "id" : "23b9fb13-d7de-4dca-b33e-45d9305359c2",
    "vertices" : [ {
      "x" : 81.867256,
      "y" : -30.034441,
      "z" : -12.708204
    }, {
      "x" : 73.39512,
      "y" : -23.18034,
      "z" : -8.472136
    }, {
      "x" : 70.777084,
      "y" : -20.562305,
      "z" : 2.618034
    }, {
      "x" : 79.24922,
      "y" : -27.416409,
      "z" : -1.618034
    } ],
    "faces" : [ {
      "vertices" : [ 0, 1, 2 ]
    }, {
      "vertices" : [ 0, 2, 3 ]
    }, {
      "vertices" : [ 0, 3, 2 ]
    }, {
      "vertices" : [ 0, 2, 1 ]
    } ]
  }, {
    "id" : "8a52e2fe-71e3-4052-8f39-3f14b9cd7305",
    "vertices" : [ {
      "x" : -5.236068,
      "y" : -8.472136,
      "z" : 13.708204
    }, {
      "x" : -2.618034,
      "y" : -19.562305,
      "z" : 16.326239
    }, {
      "x" : 0.0,
      "y" : -16.944271,
      "z" : 27.416409
    }, {
      "x" : -2.618034,
      "y" : -5.854102,
      "z" : 24.798374
    } ],
    "faces" : [ {
      "vertices" : [ 0, 1, 2 ]
    }, {
      "vertices" : [ 0, 2, 3 ]
    }, {
      "vertices" : [ 0, 3, 2 ]
    }, {
      "vertices" : [ 0, 2, 1 ]
    } ]
  }, {
    "id" : "9c84012d-4fde-4bbe-b9a3-ca4ab721ac7e",
    "vertices" : [ {
      "x" : -40.12461,
      "y" : 42.742645,
      "z" : -38.506577
    }, {
      "x" : -42.742645,
      "y" : 40.12461,
      "z" : -49.59675
    }, {
      "x" : -49.59675,
      "y" : 35.888542,
      "z" : -58.068882
    }, {
      "x" : -46.978714,
      "y" : 38.506577,
      "z" : -46.978714
    } ],
    "faces" : [ {
      "vertices" : [ 0, 1, 2 ]
    }, {
      "vertices" : [ 0, 2, 3 ]
    }, {
      "vertices" : [ 0, 3, 2 ]
    }, {
      "vertices" : [ 0, 2, 1 ]
    } ]
  }, {
    "id" : "081b54f5-c648-4d4e-8f30-c6d7117b543b",
    "vertices" : [ {
      "x" : 49.59675,
      "y" : -8.472136,
      "z" : 13.708204
    }, {
      "x" : 58.068882,
      "y" : -15.326238,
      "z" : 9.472136
    }, {
      "x" : 64.92299,
      "y" : -24.798374,
      "z" : 9.472136
    }, {
      "x" : 56.45085,
      "y" : -17.944271,
      "z" : 13.708204
    } ],
    "faces" : [ {
      "vertices" : [ 0, 1, 2 ]
    }, {
      "vertices" : [ 0, 2, 3 ]
    }, {
      "vertices" : [ 0, 3, 2 ]
    }, {
      "vertices" : [ 0, 2, 1 ]
    } ]
  }, {
    "id" : "bdc9acf6-89d2-4b5d-987c-3d4b03d079c5",
    "vertices" : [ {
      "x" : -38.506577,
      "y" : 45.36068,
      "z" : -12.09017
    }, {
      "x" : -31.652475,
      "y" : 41.12461,
      "z" : -20.562305
    }, {
      "x" : -40.12461,
      "y" : 34.27051,
      "z" : -24.798374
    }, {
      "x" : -46.978714,
      "y" : 38.506577,
      "z" : -16.326239
    } ],
    "faces" : [ {
      "vertices" : [ 0, 1, 2 ]
    }, {
      "vertices" : [ 0, 2, 3 ]
    }, {
      "vertices" : [ 0, 3, 2 ]
    }, {
      "vertices" : [ 0, 2, 1 ]
    } ]
  }, {
    "id" : "cb86a114-79ab-4c7c-8297-dd15564c2607",
    "vertices" : [ {
      "x" : -31.652475,
      "y" : 13.708204,
      "z" : 23.798374
    }, {
      "x" : -40.12461,
      "y" : 6.854102,
      "z" : 19.562305
    }, {
      "x" : -33.27051,
      "y" : -2.618034,
      "z" : 19.562305
    }, {
      "x" : -24.798374,
      "y" : 4.236068,
      "z" : 23.798374
    } ],
    "faces" : [ {
      "vertices" : [ 0, 1, 2 ]
    }, {
      "vertices" : [ 0, 2, 3 ]
    }, {
      "vertices" : [ 0, 3, 2 ]
    }, {
      "vertices" : [ 0, 2, 1 ]
    } ]
  }, {
    "id" : "9409889c-0628-4cc5-b494-17b27770692e",
    "vertices" : [ {
      "x" : 41.742645,
      "y" : -31.652475,
      "z" : -10.09017
    }, {
      "x" : 33.27051,
      "y" : -38.506577,
      "z" : -14.326238
    }, {
      "x" : 35.888542,
      "y" : -41.12461,
      "z" : -25.416409
    }, {
      "x" : 44.36068,
      "y" : -34.27051,
      "z" : -21.18034
    } ],
    "faces" : [ {
      "vertices" : [ 0, 1, 2 ]
    }, {
      "vertices" : [ 0, 2, 3 ]
    }, {
      "vertices" : [ 0, 3, 2 ]
    }, {
      "vertices" : [ 0, 2, 1 ]
    } ]
  }, {
    "id" : "a876674c-23ae-4c18-96f3-a0c94b112b70",
    "vertices" : [ {
      "x" : 35.888542,
      "y" : -41.12461,
      "z" : -25.416409
    }, {
      "x" : 33.27051,
      "y" : -30.034441,
      "z" : -28.034441
    }, {
      "x" : 30.652475,
      "y" : -27.416409,
      "z" : -16.944271
    }, {
      "x" : 33.27051,
      "y" : -38.506577,
      "z" : -14.326238
    } ],
    "faces" : [ {
      "vertices" : [ 0, 1, 2 ]
    }, {
      "vertices" : [ 0, 2, 3 ]
    }, {
      "vertices" : [ 0, 3, 2 ]
    }, {
      "vertices" : [ 0, 2, 1 ]
    } ]
  }, {
    "id" : "1b199cf5-ec9d-428d-9d65-bb7c3313adc7",
    "vertices" : [ {
      "x" : -20.562305,
      "y" : 52.214783,
      "z" : -23.18034
    }, {
      "x" : -27.416409,
      "y" : 42.742645,
      "z" : -23.18034
    }, {
      "x" : -24.798374,
      "y" : 40.12461,
      "z" : -34.27051
    }, {
      "x" : -17.944271,
      "y" : 49.59675,
      "z" : -34.27051
    } ],
    "faces" : [ {
      "vertices" : [ 0, 1, 2 ]
    }, {
      "vertices" : [ 0, 2, 3 ]
    }, {
      "vertices" : [ 0, 3, 2 ]
    }, {
      "vertices" : [ 0, 2, 1 ]
    } ]
  }, {
    "id" : "1db4ab9c-3c4e-4829-940e-355c1bb7dba2",
    "vertices" : [ {
      "x" : -42.742645,
      "y" : -4.236068,
      "z" : 22.18034
    }, {
      "x" : -49.59675,
      "y" : -8.472136,
      "z" : 13.708204
    }, {
      "x" : -56.45085,
      "y" : -4.236068,
      "z" : 22.18034
    }, {
      "x" : -49.59675,
      "y" : 0.0,
      "z" : 30.652475
    } ],
    "faces" : [ {
      "vertices" : [ 0, 1, 2 ]
    }, {
      "vertices" : [ 0, 2, 3 ]
    }, {
      "vertices" : [ 0, 3, 2 ]
    }, {
      "vertices" : [ 0, 2, 1 ]
    } ]
  }, {
    "id" : "38a99adf-338a-4192-8472-010e2cfb4a15",
    "vertices" : [ {
      "x" : -86.103325,
      "y" : -23.18034,
      "z" : -23.798374
    }, {
      "x" : -79.24922,
      "y" : -13.708204,
      "z" : -23.798374
    }, {
      "x" : -81.867256,
      "y" : -2.618034,
      "z" : -26.416409
    }, {
      "x" : -88.72136,
      "y" : -12.09017,
      "z" : -26.416409
    } ],
    "faces" : [ {
      "vertices" : [ 0, 1, 2 ]
    }, {
      "vertices" : [ 0, 2, 3 ]
    }, {
      "vertices" : [ 0, 3, 2 ]
    }, {
      "vertices" : [ 0, 2, 1 ]
    } ]
  }, {
    "id" : "fc949cad-d95e-4ec5-82e3-9c47696ae4cc",
    "vertices" : [ {
      "x" : -15.326238,
      "y" : -38.506577,
      "z" : 1.0
    }, {
      "x" : -22.18034,
      "y" : -42.742645,
      "z" : -7.472136
    }, {
      "x" : -15.326238,
      "y" : -52.214783,
      "z" : -7.472136
    }, {
      "x" : -8.472136,
      "y" : -47.978714,
      "z" : 1.0
    } ],
    "faces" : [ {
      "vertices" : [ 0, 1, 2 ]
    }, {
      "vertices" : [ 0, 2, 3 ]
    }, {
      "vertices" : [ 0, 3, 2 ]
    }, {
      "vertices" : [ 0, 2, 1 ]
    } ]
  }, {
    "id" : "b37fb55c-16a2-4ad9-896f-a52d95a0425f",
    "vertices" : [ {
      "x" : 12.09017,
      "y" : 26.416409,
      "z" : -88.72136
    }, {
      "x" : 9.472136,
      "y" : 37.506577,
      "z" : -91.33939
    }, {
      "x" : 2.618034,
      "y" : 41.742645,
      "z" : -82.867256
    }, {
      "x" : 5.236068,
      "y" : 30.652475,
      "z" : -80.24922
    } ],
    "faces" : [ {
      "vertices" : [ 0, 1, 2 ]
    }, {
      "vertices" : [ 0, 2, 3 ]
    }, {
      "vertices" : [ 0, 3, 2 ]
    }, {
      "vertices" : [ 0, 2, 1 ]
    } ]
  }, {
    "id" : "0e97b672-3cc1-4edd-945e-8bd3ee76a0f1",
    "vertices" : [ {
      "x" : 2.618034,
      "y" : 41.742645,
      "z" : -82.867256
    }, {
      "x" : 0.0,
      "y" : 39.12461,
      "z" : -93.95743
    }, {
      "x" : 2.618034,
      "y" : 50.214783,
      "z" : -96.57546
    }, {
      "x" : 5.236068,
      "y" : 52.832817,
      "z" : -85.48529
    } ],
    "faces" : [ {
      "vertices" : [ 0, 1, 2 ]
    }, {
      "vertices" : [ 0, 2, 3 ]
    }, {
      "vertices" : [ 0, 3, 2 ]
    }, {
      "vertices" : [ 0, 2, 1 ]
    } ]
  }, {
    "id" : "3b0b2822-a0ba-4245-a013-8d9fdce16c5e",
    "vertices" : [ {
      "x" : -22.18034,
      "y" : 20.562305,
      "z" : 43.36068
    }, {
      "x" : -24.798374,
      "y" : 23.18034,
      "z" : 54.45085
    }, {
      "x" : -31.652475,
      "y" : 32.652477,
      "z" : 54.45085
    }, {
      "x" : -29.034441,
      "y" : 30.034441,
      "z" : 43.36068
    } ],
    "faces" : [ {
      "vertices" : [ 0, 1, 2 ]
    }, {
      "vertices" : [ 0, 2, 3 ]
    }, {
      "vertices" : [ 0, 3, 2 ]
    }, {
      "vertices" : [ 0, 2, 1 ]
    } ]
  }, {
    "id" : "f1fa16f0-5f8b-44e3-acfe-2885bc78aaf5",
    "vertices" : [ {
      "x" : 6.854102,
      "y" : 12.708204,
      "z" : -35.888542
    }, {
      "x" : 13.708204,
      "y" : 22.18034,
      "z" : -35.888542
    }, {
      "x" : 6.854102,
      "y" : 26.416409,
      "z" : -27.416409
    }, {
      "x" : 0.0,
      "y" : 16.944271,
      "z" : -27.416409
    } ],
    "faces" : [ {
      "vertices" : [ 0, 1, 2 ]
    }, {
      "vertices" : [ 0, 2, 3 ]
    }, {
      "vertices" : [ 0, 3, 2 ]
    }, {
      "vertices" : [ 0, 2, 1 ]
    } ]
  }, {
    "id" : "10758442-4c4a-427a-abff-75476ed8b425",
    "vertices" : [ {
      "x" : -5.236068,
      "y" : 5.236068,
      "z" : 52.832817
    }, {
      "x" : -2.618034,
      "y" : 7.854102,
      "z" : 63.922985
    }, {
      "x" : 0.0,
      "y" : 18.944271,
      "z" : 61.30495
    }, {
      "x" : -2.618034,
      "y" : 16.326239,
      "z" : 50.214783
    } ],
    "faces" : [ {
      "vertices" : [ 0, 1, 2 ]
    }, {
      "vertices" : [ 0, 2, 3 ]
    }, {
      "vertices" : [ 0, 3, 2 ]
    }, {
      "vertices" : [ 0, 2, 1 ]
    } ]
  }, {
    "id" : "801747e5-8e03-44d7-b499-da73c632916e",
    "vertices" : [ {
      "x" : -31.652475,
      "y" : -41.12461,
      "z" : 20.562305
    }, {
      "x" : -40.12461,
      "y" : -34.27051,
      "z" : 24.798374
    }, {
      "x" : -33.27051,
      "y" : -24.798374,
      "z" : 24.798374
    }, {
      "x" : -24.798374,
      "y" : -31.652475,
      "z" : 20.562305
    } ],
    "faces" : [ {
      "vertices" : [ 0, 1, 2 ]
    }, {
      "vertices" : [ 0, 2, 3 ]
    }, {
      "vertices" : [ 0, 3, 2 ]
    }, {
      "vertices" : [ 0, 2, 1 ]
    } ]
  }, {
    "id" : "b9ec66c1-0229-4d05-a1bb-09d19a61ad16",
    "vertices" : [ {
      "x" : 0.0,
      "y" : 39.12461,
      "z" : -93.95743
    }, {
      "x" : -2.618034,
      "y" : 50.214783,
      "z" : -96.57546
    }, {
      "x" : 0.0,
      "y" : 61.30495,
      "z" : -99.1935
    }, {
      "x" : 2.618034,
      "y" : 50.214783,
      "z" : -96.57546
    } ],
    "faces" : [ {
      "vertices" : [ 0, 1, 2 ]
    }, {
      "vertices" : [ 0, 2, 3 ]
    }, {
      "vertices" : [ 0, 3, 2 ]
    }, {
      "vertices" : [ 0, 2, 1 ]
    } ]
  }, {
    "id" : "9b86f190-4a63-47ff-ae9d-2f7d7054c914",
    "vertices" : [ {
      "x" : -24.798374,
      "y" : 31.652475,
      "z" : -20.562305
    }, {
      "x" : -27.416409,
      "y" : 42.742645,
      "z" : -23.18034
    }, {
      "x" : -20.562305,
      "y" : 46.978714,
      "z" : -14.708204
    }, {
      "x" : -17.944271,
      "y" : 35.888542,
      "z" : -12.09017
    } ],
    "faces" : [ {
      "vertices" : [ 0, 1, 2 ]
    }, {
      "vertices" : [ 0, 2, 3 ]
    }, {
      "vertices" : [ 0, 3, 2 ]
    }, {
      "vertices" : [ 0, 2, 1 ]
    } ]
  }, {
    "id" : "f98339b3-ab08-4ae3-8390-bee53738ce85",
    "vertices" : [ {
      "x" : 35.888542,
      "y" : 20.562305,
      "z" : 43.36068
    }, {
      "x" : 38.506577,
      "y" : 17.944271,
      "z" : 32.27051
    }, {
      "x" : 46.978714,
      "y" : 11.09017,
      "z" : 28.034441
    }, {
      "x" : 44.36068,
      "y" : 13.708204,
      "z" : 39.12461
    } ],
    "faces" : [ {
      "vertices" : [ 0, 1, 2 ]
    }, {
      "vertices" : [ 0, 2, 3 ]
    }, {
      "vertices" : [ 0, 3, 2 ]
    }, {
      "vertices" : [ 0, 2, 1 ]
    } ]
  }, {
    "id" : "330d2fc4-d425-4fab-8038-ceb2d60b0405",
    "vertices" : [ {
      "x" : -40.12461,
      "y" : -20.562305,
      "z" : 2.618034
    }, {
      "x" : -48.59675,
      "y" : -27.416409,
      "z" : -1.618034
    }, {
      "x" : -55.45085,
      "y" : -36.888542,
      "z" : -1.618034
    }, {
      "x" : -46.978714,
      "y" : -30.034441,
      "z" : 2.618034
    } ],
    "faces" : [ {
      "vertices" : [ 0, 1, 2 ]
    }, {
      "vertices" : [ 0, 2, 3 ]
    }, {
      "vertices" : [ 0, 3, 2 ]
    }, {
      "vertices" : [ 0, 2, 1 ]
    } ]
  }, {
    "id" : "6eaebb38-d0db-4745-8371-f75ec90d4557",
    "vertices" : [ {
      "x" : -16.326239,
      "y" : 11.09017,
      "z" : -33.27051
    }, {
      "x" : -18.944271,
      "y" : 13.708204,
      "z" : -22.18034
    }, {
      "x" : -27.416409,
      "y" : 6.854102,
      "z" : -26.416409
    }, {
      "x" : -24.798374,
      "y" : 4.236068,
      "z" : -37.506577
    } ],
    "faces" : [ {
      "vertices" : [ 0, 1, 2 ]
    }, {
      "vertices" : [ 0, 2, 3 ]
    }, {
      "vertices" : [ 0, 3, 2 ]
    }, {
      "vertices" : [ 0, 2, 1 ]
    } ]
  }, {
    "id" : "ce0289df-8ea6-475a-a63f-41b5dd6b3d66",
    "vertices" : [ {
      "x" : -31.652475,
      "y" : 0.0,
      "z" : 45.978714
    }, {
      "x" : -29.034441,
      "y" : 11.09017,
      "z" : 43.36068
    }, {
      "x" : -31.652475,
      "y" : 13.708204,
      "z" : 54.45085
    }, {
      "x" : -34.27051,
      "y" : 2.618034,
      "z" : 57.068882
    } ],
    "faces" : [ {
      "vertices" : [ 0, 1, 2 ]
    }, {
      "vertices" : [ 0, 2, 3 ]
    }, {
      "vertices" : [ 0, 3, 2 ]
    }, {
      "vertices" : [ 0, 2, 1 ]
    } ]
  }, {
    "id" : "44e10544-5504-475b-bd52-08910672a3e6",
    "vertices" : [ {
      "x" : -55.45085,
      "y" : 17.944271,
      "z" : 32.27051
    }, {
      "x" : -46.978714,
      "y" : 24.798374,
      "z" : 36.506577
    }, {
      "x" : -40.12461,
      "y" : 34.27051,
      "z" : 36.506577
    }, {
      "x" : -48.59675,
      "y" : 27.416409,
      "z" : 32.27051
    } ],
    "faces" : [ {
      "vertices" : [ 0, 1, 2 ]
    }, {
      "vertices" : [ 0, 2, 3 ]
    }, {
      "vertices" : [ 0, 3, 2 ]
    }, {
      "vertices" : [ 0, 2, 1 ]
    } ]
  }, {
    "id" : "36e3d356-a916-4560-851a-acd30308dd44",
    "vertices" : [ {
      "x" : -64.92299,
      "y" : 24.798374,
      "z" : -9.472136
    }, {
      "x" : -73.39512,
      "y" : 17.944271,
      "z" : -13.708204
    }, {
      "x" : -80.24922,
      "y" : 13.708204,
      "z" : -22.18034
    }, {
      "x" : -71.777084,
      "y" : 20.562305,
      "z" : -17.944271
    } ],
    "faces" : [ {
      "vertices" : [ 0, 1, 2 ]
    }, {
      "vertices" : [ 0, 2, 3 ]
    }, {
      "vertices" : [ 0, 3, 2 ]
    }, {
      "vertices" : [ 0, 2, 1 ]
    } ]
  }, {
    "id" : "efd2a7f0-d6e7-4435-88c3-5d7f55b1fb96",
    "vertices" : [ {
      "x" : 49.59675,
      "y" : -27.416409,
      "z" : 13.708204
    }, {
      "x" : 56.45085,
      "y" : -23.18034,
      "z" : 22.18034
    }, {
      "x" : 63.30495,
      "y" : -13.708204,
      "z" : 22.18034
    }, {
      "x" : 56.45085,
      "y" : -17.944271,
      "z" : 13.708204
    } ],
    "faces" : [ {
      "vertices" : [ 0, 1, 2 ]
    }, {
      "vertices" : [ 0, 2, 3 ]
    }, {
      "vertices" : [ 0, 3, 2 ]
    }, {
      "vertices" : [ 0, 2, 1 ]
    } ]
  }, {
    "id" : "f2b2bfca-2a82-4a9d-bd3b-0940def30997",
    "vertices" : [ {
      "x" : 35.888542,
      "y" : 13.708204,
      "z" : -22.18034
    }, {
      "x" : 42.742645,
      "y" : 4.236068,
      "z" : -22.18034
    }, {
      "x" : 49.59675,
      "y" : 0.0,
      "z" : -30.652475
    }, {
      "x" : 42.742645,
      "y" : 9.472136,
      "z" : -30.652475
    } ],
    "faces" : [ {
      "vertices" : [ 0, 1, 2 ]
    }, {
      "vertices" : [ 0, 2, 3 ]
    }, {
      "vertices" : [ 0, 3, 2 ]
    }, {
      "vertices" : [ 0, 2, 1 ]
    } ]
  }, {
    "id" : "7b11254b-7ce5-4776-8f00-e39af1050dc0",
    "vertices" : [ {
      "x" : -88.72136,
      "y" : -34.27051,
      "z" : -21.18034
    }, {
      "x" : -95.57546,
      "y" : -30.034441,
      "z" : -12.708204
    }, {
      "x" : -98.1935,
      "y" : -27.416409,
      "z" : -1.618034
    }, {
      "x" : -91.33939,
      "y" : -31.652475,
      "z" : -10.09017
    } ],
    "faces" : [ {
      "vertices" : [ 0, 1, 2 ]
    }, {
      "vertices" : [ 0, 2, 3 ]
    }, {
      "vertices" : [ 0, 3, 2 ]
    }, {
      "vertices" : [ 0, 2, 1 ]
    } ]
  }, {
    "id" : "10fe6551-6a3c-4935-abb0-c30ceaf62a8e",
    "vertices" : [ {
      "x" : -40.12461,
      "y" : -34.27051,
      "z" : -36.506577
    }, {
      "x" : -42.742645,
      "y" : -45.36068,
      "z" : -33.888542
    }, {
      "x" : -40.12461,
      "y" : -47.978714,
      "z" : -44.978714
    }, {
      "x" : -37.506577,
      "y" : -36.888542,
      "z" : -47.59675
    } ],
    "faces" : [ {
      "vertices" : [ 0, 1, 2 ]
    }, {
      "vertices" : [ 0, 2, 3 ]
    }, {
      "vertices" : [ 0, 3, 2 ]
    }, {
      "vertices" : [ 0, 2, 1 ]
    } ]
  }, {
    "id" : "5412a459-d329-4129-aa5b-83d4c8ef9cd7",
    "vertices" : [ {
      "x" : -2.618034,
      "y" : -55.45085,
      "z" : 74.39512
    }, {
      "x" : 0.0,
      "y" : -66.54102,
      "z" : 77.01315
    }, {
      "x" : -2.618034,
      "y" : -63.922985,
      "z" : 88.103325
    }, {
      "x" : -5.236068,
      "y" : -52.832817,
