{
  "field" : "golden",
  "symmetry" : "icosahedral",
  "orientations" : [ [ 1.0, 0.0, 0.0, 0.0, 0.0, 1.0, 0.0, 0.0, 0.0, 0.0, 1.0, 0.0, 0.0, 0.0, 0.0, 1.0 ], [ 0.0, 0.0, 1.0, 0.0, 1.0, 0.0, 0.0, 0.0, 0.0, 1.0, 0.0, 0.0, 0.0, 0.0, 0.0, 1.0 ], [ 0.0, 1.0, 0.0, 0.0, 0.0, 0.0, 1.0, 0.0, 1.0, 0.0, 0.0, 0.0, 0.0, 0.0, 0.0, 1.0 ], [ 0.809017, 0.309017, 0.5, 0.0, 0.309017, 0.5, -0.809017, 0.0, -0.5, 0.809017, 0.309017, 0.0, 0.0, 0.0, 0.0, 1.0 ], [ -0.5, 0.809017, 0.309017, 0.0, 0.809017, 0.309017, 0.5, 0.0, 0.309017, 0.5, -0.809017, 0.0, 0.0, 0.0, 0.0, 1.0 ], [ 0.309017, 0.5, -0.809017, 0.0, -0.5, 0.809017, 0.309017, 0.0, 0.809017, 0.309017, 0.5, 0.0, 0.0, 0.0, 0.0, 1.0 ], [ 0.5, 0.809017, 0.309017, 0.0, 0.809017, -0.309017, -0.5, 0.0, -0.309017, 0.5, -0.809017, 0.0, 0.0, 0.0, 0.0, 1.0 ], [ -0.309017, 0.5, -0.809017, 0.0, 0.5, 0.809017, 0.309017, 0.0, 0.809017, -0.309017, -0.5, 0.0, 0.0, 0.0, 0.0, 1.0 ], [ 0.809017, -0.309017, -0.5, 0.0, -0.309017, 0.5, -0.809017, 0.0, 0.5, 0.809017, 0.309017, 0.0, 0.0, 0.0, 0.0, 1.0 ], [ 0.5, 0.809017, -0.309017, 0.0, 0.809017, -0.309017, 0.5, 0.0, 0.309017, -0.5, -0.809017, 0.0, 0.0, 0.0, 0.0, 1.0 ], [ 0.309017, -0.5, -0.809017, 0.0, 0.5, 0.809017, -0.309017, 0.0, 0.809017, -0.309017, 0.5, 0.0, 0.0, 0.0, 0.0, 1.0 ], [ 0.809017, -0.309017, 0.5, 0.0, 0.309017, -0.5, -0.809017, 0.0, 0.5, 0.809017, -0.309017, 0.0, 0.0, 0.0, 0.0, 1.0 ], [ 0.809017, 0.309017, -0.5, 0.0, 0.309017, 0.5, 0.809017, 0.0, 0.5, -0.809017, 0.309017, 0.0, 0.0, 0.0, 0.0, 1.0 ], [ 0.5, -0.809017, 0.309017, 0.0, 0.809017, 0.309017, -0.5, 0.0, 0.309017, 0.5, 0.809017, 0.0, 0.0, 0.0, 0.0, 1.0 ], [ 0.309017, 0.5, 0.809017, 0.0, 0.5, -0.809017, 0.309017, 0.0, 0.809017, 0.309017, -0.5, 0.0, 0.0, 0.0, 0.0, 1.0 ], [ 1.0, 0.0, 0.0, 0.0, 0.0, -1.0, 0.0, 0.0, 0.0, 0.0, -1.0, 0.0, 0.0, 0.0, 0.0, 1.0 ], [ 0.0, 0.0, 1.0, 0.0, -1.0, 0.0, 0.0, 0.0, 0.0, -1.0, 0.0, 0.0, 0.0, 0.0, 0.0, 1.0 ], [ 0.0, 1.0, 0.0, 0.0, 0.0, 0.0, -1.0, 0.0, -1.0, 0.0, 0.0, 0.0, 0.0, 0.0, 0.0, 1.0 ], [ 0.809017, 0.309017, 0.5, 0.0, -0.309017, -0.5, 0.809017, 0.0, 0.5, -0.809017, -0.309017, 0.0, 0.0, 0.0, 0.0, 1.0 ], [ -0.5, 0.809017, 0.309017, 0.0, -0.809017, -0.309017, -0.5, 0.0, -0.309017, -0.5, 0.809017, 0.0, 0.0, 0.0, 0.0, 1.0 ], [ 0.309017, 0.5, -0.809017, 0.0, 0.5, -0.809017, -0.309017, 0.0, -0.809017, -0.309017, -0.5, 0.0, 0.0, 0.0, 0.0, 1.0 ], [ 0.5, 0.809017, 0.309017, 0.0, -0.809017, 0.309017, 0.5, 0.0, 0.309017, -0.5, 0.809017, 0.0, 0.0, 0.0, 0.0, 1.0 ], [ -0.309017, 0.5, -0.809017, 0.0, -0.5, -0.809017, -0.309017, 0.0, -0.809017, 0.309017, 0.5, 0.0, 0.0, 0.0, 0.0, 1.0 ], [ 0.809017, -0.309017, -0.5, 0.0, 0.309017, -0.5, 0.809017, 0.0, -0.5, -0.809017, -0.309017, 0.0, 0.0, 0.0, 0.0, 1.0 ], [ 0.5, 0.809017, -0.309017, 0.0, -0.809017, 0.309017, -0.5, 0.0, -0.309017, 0.5, 0.809017, 0.0, 0.0, 0.0, 0.0, 1.0 ], [ 0.309017, -0.5, -0.809017, 0.0, -0.5, -0.809017, 0.309017, 0.0, -0.809017, 0.309017, -0.5, 0.0, 0.0, 0.0, 0.0, 1.0 ], [ 0.809017, -0.309017, 0.5, 0.0, -0.309017, 0.5, 0.809017, 0.0, -0.5, -0.809017, 0.309017, 0.0, 0.0, 0.0, 0.0, 1.0 ], [ 0.809017, 0.309017, -0.5, 0.0, -0.309017, -0.5, -0.809017, 0.0, -0.5, 0.809017, -0.309017, 0.0, 0.0, 0.0, 0.0, 1.0 ], [ 0.5, -0.809017, 0.309017, 0.0, -0.809017, -0.309017, 0.5, 0.0, -0.309017, -0.5, -0.809017, 0.0, 0.0, 0.0, 0.0, 1.0 ], [ 0.309017, 0.5, 0.809017, 0.0, -0.5, 0.809017, -0.309017, 0.0, -0.809017, -0.309017, 0.5, 0.0, 0.0, 0.0, 0.0, 1.0 ], [ -1.0, 0.0, 0.0, 0.0, 0.0, -1.0, 0.0, 0.0, 0.0, 0.0, 1.0, 0.0, 0.0, 0.0, 0.0, 1.0 ], [ 0.0, 0.0, -1.0, 0.0, -1.0, 0.0, 0.0, 0.0, 0.0, 1.0, 0.0, 0.0, 0.0, 0.0, 0.0, 1.0 ], [ 0.0, -1.0, 0.0, 0.0, 0.0, 0.0, -1.0, 0.0, 1.0, 0.0, 0.0, 0.0, 0.0, 0.0, 0.0, 1.0 ], [ -0.809017, -0.309017, -0.5, 0.0, -0.309017, -0.5, 0.809017, 0.0, -0.5, 0.809017, 0.309017, 0.0, 0.0, 0.0, 0.0, 1.0 ], [ 0.5, -0.809017, -0.309017, 0.0, -0.809017, -0.309017, -0.5, 0.0, 0.309017, 0.5, -0.809017, 0.0, 0.0, 0.0, 0.0, 1.0 ], [ -0.309017, -0.5, 0.809017, 0.0, 0.5, -0.809017, -0.309017, 0.0, 0.809017, 0.309017, 0.5, 0.0, 0.0, 0.0, 0.0, 1.0 ], [ -0.5, -0.809017, -0.309017, 0.0, -0.809017, 0.309017, 0.5, 0.0, -0.309017, 0.5, -0.809017, 0.0, 0.0, 0.0, 0.0, 1.0 ], [ 0.309017, -0.5, 0.809017, 0.0, -0.5, -0.809017, -0.309017, 0.0, 0.809017, -0.309017, -0.5, 0.0, 0.0, 0.0, 0.0, 1.0 ], [ -0.809017, 0.309017, 0.5, 0.0, 0.309017, -0.5, 0.809017, 0.0, 0.5, 0.809017, 0.309017, 0.0, 0.0, 0.0, 0.0, 1.0 ], [ -0.5, -0.809017, 0.309017, 0.0, -0.809017, 0.309017, -0.5, 0.0, 0.309017, -0.5, -0.809017, 0.0, 0.0, 0.0, 0.0, 1.0 ], [ -0.309017, 0.5, 0.809017, 0.0, -0.5, -0.809017, 0.309017, 0.0, 0.809017, -0.309017, 0.5, 0.0, 0.0, 0.0, 0.0, 1.0 ], [ -0.809017, 0.309017, -0.5, 0.0, -0.309017, 0.5, 0.809017, 0.0, 0.5, 0.809017, -0.309017, 0.0, 0.0, 0.0, 0.0, 1.0 ], [ -0.809017, -0.309017, 0.5, 0.0, -0.309017, -0.5, -0.809017, 0.0, 0.5, -0.809017, 0.309017, 0.0, 0.0, 0.0, 0.0, 1.0 ], [ -0.5, 0.809017, -0.309017, 0.0, -0.809017, -0.309017, 0.5, 0.0, 0.309017, 0.5, 0.809017, 0.0, 0.0, 0.0, 0.0, 1.0 ], [ -0.309017, -0.5, -0.809017, 0.0, -0.5, 0.809017, -0.309017, 0.0, 0.809017, 0.309017, -0.5, 0.0, 0.0, 0.0, 0.0, 1.0 ], [ -1.0, 0.0, 0.0, 0.0, 0.0, 1.0, 0.0, 0.0, 0.0, 0.0, -1.0, 0.0, 0.0, 0.0, 0.0, 1.0 ], [ 0.0, 0.0, -1.0, 0.0, 1.0, 0.0, 0.0, 0.0, 0.0, -1.0, 0.0, 0.0, 0.0, 0.0, 0.0, 1.0 ], [ 0.0, -1.0, 0.0, 0.0, 0.0, 0.0, 1.0, 0.0, -1.0, 0.0, 0.0, 0.0, 0.0, 0.0, 0.0, 1.0 ], [ -0.809017, -0.309017, -0.5, 0.0, 0.309017, 0.5, -0.809017, 0.0, 0.5, -0.809017, -0.309017, 0.0, 0.0, 0.0, 0.0, 1.0 ], [ 0.5, -0.809017, -0.309017, 0.0, 0.809017, 0.309017, 0.5, 0.0, -0.309017, -0.5, 0.809017, 0.0, 0.0, 0.0, 0.0, 1.0 ], [ -0.309017, -0.5, 0.809017, 0.0, -0.5, 0.809017, 0.309017, 0.0, -0.809017, -0.309017, -0.5, 0.0, 0.0, 0.0, 0.0, 1.0 ], [ -0.5, -0.809017, -0.309017, 0.0, 0.809017, -0.309017, -0.5, 0.0, 0.309017, -0.5, 0.809017, 0.0, 0.0, 0.0, 0.0, 1.0 ], [ 0.309017, -0.5, 0.809017, 0.0, 0.5, 0.809017, 0.309017, 0.0, -0.809017, 0.309017, 0.5, 0.0, 0.0, 0.0, 0.0, 1.0 ], [ -0.809017, 0.309017, 0.5, 0.0, -0.309017, 0.5, -0.809017, 0.0, -0.5, -0.809017, -0.309017, 0.0, 0.0, 0.0, 0.0, 1.0 ], [ -0.5, -0.809017, 0.309017, 0.0, 0.809017, -0.309017, 0.5, 0.0, -0.309017, 0.5, 0.809017, 0.0, 0.0, 0.0, 0.0, 1.0 ], [ -0.309017, 0.5, 0.809017, 0.0, 0.5, 0.809017, -0.309017, 0.0, -0.809017, 0.309017, -0.5, 0.0, 0.0, 0.0, 0.0, 1.0 ], [ -0.809017, 0.309017, -0.5, 0.0, 0.309017, -0.5, -0.809017, 0.0, -0.5, -0.809017, 0.309017, 0.0, 0.0, 0.0, 0.0, 1.0 ], [ -0.809017, -0.309017, 0.5, 0.0, 0.309017, 0.5, 0.809017, 0.0, -0.5, 0.809017, -0.309017, 0.0, 0.0, 0.0, 0.0, 1.0 ], [ -0.5, 0.809017, -0.309017, 0.0, 0.809017, 0.309017, -0.5, 0.0, -0.309017, -0.5, -0.809017, 0.0, 0.0, 0.0, 0.0, 1.0 ], [ -0.309017, -0.5, -0.809017, 0.0, 0.5, -0.809017, 0.309017, 0.0, -0.809017, -0.309017, 0.5, 0.0, 0.0, 0.0, 0.0, 1.0 ] ],
  "lights" : {
    "backgroundColor" : "#AFC8DC",
    "ambientColor" : "#292929",
    "directionalLights" : [ {
      "direction" : {
        "x" : 1.0,
        "y" : -1.0,
        "z" : -1.0
      },
      "color" : "#EBEBE4"
    }, {
      "direction" : {
        "x" : -1.0,
        "y" : 0.0,
        "z" : 0.0
      },
      "color" : "#E4E4EB"
    }, {
      "direction" : {
        "x" : 0.0,
        "y" : 0.0,
        "z" : -1.0
      },
      "color" : "#1E1E1E"
    } ]
  },
  "camera" : {
    "stereo" : false,
    "width" : 62.20105,
    "viewDistance" : 138.22453,
    "nearClipDistance" : 0.34556147,
    "farClipDistance" : 276.44907,
    "lookAtPoint" : {
      "x" : 0.0,
      "y" : 0.0,
      "z" : 0.0
    },
    "fieldOfView" : 0.44262895,
    "perspective" : false,
    "lookDirection" : {
      "x" : 0.0,
      "y" : 0.0,
      "z" : -1.0
    },
    "upDirection" : {
      "x" : 0.0,
      "y" : 1.0,
      "z" : 0.0
    },
    "position" : {
      "x" : 0.0,
      "y" : 0.0,
      "z" : 138.22453
    }
  },
  "embedding" : [ 1.0, 0.0, 0.0, 0.0, 0.0, 1.0, 0.0, 0.0, 0.0, 0.0, 1.0, 0.0, 0.0, 0.0, 0.0, 1.0 ],
  "shapes" : [ {
    "id" : "f686eb0c-29a7-48a0-97d5-29f8ec6d743f",
    "vertices" : [ {
      "x" : 10.781153,
      "y" : 4.118034,
      "z" : -1.572949
    }, {
      "x" : 10.399187,
      "y" : 3.663119,
      "z" : -1.381966
    }, {
      "x" : 10.236068,
      "y" : 3.927051,
      "z" : -1.809017
    }, {
      "x" : 10.163119,
      "y" : 4.190983,
      "z" : -1.618034
    }, {
      "x" : 0.85410196,
      "y" : 0.309017,
      "z" : 0.19098301
    }, {
      "x" : 0.690983,
      "y" : 0.572949,
      "z" : -0.23606798
    }, {
      "x" : 0.309017,
      "y" : 0.11803399,
      "z" : -0.045084972
    }, {
      "x" : 0.76393205,
      "y" : 0.309017,
      "z" : -0.42705098
    }, {
      "x" : 0.927051,
      "y" : 0.045084972,
      "z" : 0.0
    }, {
      "x" : 10.326238,
      "y" : 3.927051,
      "z" : -1.190983
    }, {
      "x" : 11.09017,
      "y" : 4.236068,
      "z" : -1.618034
    } ],
    "faces" : [ {
      "vertices" : [ 2, 7, 5 ]
    }, {
      "vertices" : [ 2, 5, 3 ]
    }, {
      "vertices" : [ 1, 8, 7 ]
    }, {
      "vertices" : [ 1, 7, 2 ]
    }, {
      "vertices" : [ 4, 6, 8 ]
    }, {
      "vertices" : [ 5, 7, 6 ]
    }, {
      "vertices" : [ 0, 1, 2 ]
    }, {
      "vertices" : [ 0, 2, 3 ]
    }, {
      "vertices" : [ 6, 7, 8 ]
    }, {
      "vertices" : [ 3, 5, 4 ]
    }, {
      "vertices" : [ 3, 4, 9 ]
    }, {
      "vertices" : [ 1, 9, 4 ]
    }, {
      "vertices" : [ 1, 4, 8 ]
    }, {
      "vertices" : [ 0, 9, 1 ]
    }, {
      "vertices" : [ 0, 3, 9 ]
    }, {
      "vertices" : [ 4, 5, 6 ]
    } ]
  }, {
    "id" : "4b034a67-74a9-4dbf-92a1-40efba316241",
    "vertices" : [ {
      "x" : -9.472136,
      "y" : -9.472136,
      "z" : 4.236068
    }, {
      "x" : 1.618034,
      "y" : -13.708204,
      "z" : 2.618034
    }, {
      "x" : -5.236068,
      "y" : -11.09017,
      "z" : -6.854102
    } ],
    "faces" : [ {
      "vertices" : [ 0, 1, 2 ]
    }, {
      "vertices" : [ 0, 2, 1 ]
    } ]
  }, {
    "id" : "cb189f2e-d6d4-4c37-a3cc-79e2f0a22317",
    "vertices" : [ {
      "x" : 0.309017,
      "y" : -0.309017,
      "z" : -0.309017
    }, {
      "x" : 0.5,
      "y" : 0.0,
      "z" : -0.19098301
    }, {
      "x" : 0.5,
      "y" : 0.0,
      "z" : 0.19098301
    }, {
      "x" : 0.309017,
      "y" : -0.309017,
      "z" : 0.309017
    }, {
      "x" : 0.19098301,
      "y" : -0.5,
      "z" : 0.0
    }, {
      "x" : 0.0,
      "y" : 0.19098301,
      "z" : 0.5
    }, {
      "x" : 0.0,
      "y" : -0.19098301,
      "z" : 0.5
    }, {
      "x" : 0.309017,
      "y" : 0.309017,
      "z" : 0.309017
    }, {
      "x" : -0.309017,
      "y" : -0.309017,
      "z" : 0.309017
    }, {
      "x" : -0.309017,
      "y" : 0.309017,
      "z" : 0.309017
    }, {
      "x" : -0.5,
      "y" : 0.0,
      "z" : 0.19098301
    }, {
      "x" : 0.0,
      "y" : -0.19098301,
      "z" : -0.5
    }, {
      "x" : 0.0,
      "y" : 0.19098301,
      "z" : -0.5
    }, {
      "x" : 0.309017,
      "y" : 0.309017,
      "z" : -0.309017
    }, {
      "x" : -0.309017,
      "y" : -0.309017,
      "z" : -0.309017
    }, {
      "x" : -0.19098301,
      "y" : -0.5,
      "z" : 0.0
    }, {
      "x" : -0.5,
      "y" : 0.0,
      "z" : -0.19098301
    }, {
      "x" : 0.19098301,
      "y" : 0.5,
      "z" : 0.0
    }, {
      "x" : -0.309017,
      "y" : 0.309017,
      "z" : -0.309017
    }, {
      "x" : 0.0,
      "y" : 0.0,
      "z" : 0.0
    }, {
      "x" : -0.19098301,
      "y" : 0.5,
      "z" : 0.0
    } ],
    "faces" : [ {
      "vertices" : [ 12, 18, 20 ]
    }, {
      "vertices" : [ 12, 20, 17 ]
    }, {
      "vertices" : [ 12, 17, 13 ]
    }, {
      "vertices" : [ 3, 6, 8 ]
    }, {
      "vertices" : [ 3, 8, 15 ]
    }, {
      "vertices" : [ 3, 15, 4 ]
    }, {
      "vertices" : [ 0, 11, 12 ]
    }, {
      "vertices" : [ 0, 12, 13 ]
    }, {
      "vertices" : [ 0, 13, 1 ]
    }, {
      "vertices" : [ 5, 9, 10 ]
    }, {
      "vertices" : [ 5, 10, 8 ]
    }, {
      "vertices" : [ 5, 8, 6 ]
    }, {
      "vertices" : [ 2, 7, 5 ]
    }, {
      "vertices" : [ 2, 5, 6 ]
    }, {
      "vertices" : [ 2, 6, 3 ]
    }, {
      "vertices" : [ 11, 14, 16 ]
    }, {
      "vertices" : [ 11, 16, 18 ]
    }, {
      "vertices" : [ 11, 18, 12 ]
    }, {
      "vertices" : [ 1, 13, 17 ]
    }, {
      "vertices" : [ 1, 17, 7 ]
    }, {
      "vertices" : [ 1, 7, 2 ]
    }, {
      "vertices" : [ 9, 20, 18 ]
    }, {
      "vertices" : [ 9, 18, 16 ]
    }, {
      "vertices" : [ 9, 16, 10 ]
    }, {
      "vertices" : [ 0, 1, 2 ]
    }, {
      "vertices" : [ 0, 2, 3 ]
    }, {
      "vertices" : [ 0, 3, 4 ]
    }, {
      "vertices" : [ 5, 7, 17 ]
    }, {
      "vertices" : [ 5, 17, 20 ]
    }, {
      "vertices" : [ 5, 20, 9 ]
    }, {
      "vertices" : [ 0, 4, 15 ]
    }, {
      "vertices" : [ 0, 15, 14 ]
    }, {
      "vertices" : [ 0, 14, 11 ]
    }, {
      "vertices" : [ 8, 10, 16 ]
    }, {
      "vertices" : [ 8, 16, 14 ]
    }, {
      "vertices" : [ 8, 14, 15 ]
    } ]
  }, {
    "id" : "39a7e21b-9d41-40a7-8455-64aa7ea06e66",
    "vertices" : [ {
      "x" : 11.09017,
      "y" : 1.618034,
      "z" : -8.472136
    }, {
      "x" : 8.472136,
      "y" : 11.09017,
      "z" : -1.618034
    }, {
      "x" : 1.618034,
      "y" : 8.472136,
      "z" : -11.09017
    } ],
    "faces" : [ {
      "vertices" : [ 0, 1, 2 ]
    }, {
      "vertices" : [ 0, 2, 1 ]
    } ]
  }, {
    "id" : "d876e75b-b931-4bf0-b394-b24486e1c16e",
    "vertices" : [ {
      "x" : 9.472136,
      "y" : -9.472136,
      "z" : -4.236068
    }, {
      "x" : 11.09017,
      "y" : 1.618034,
      "z" : -8.472136
    }, {
      "x" : 1.618034,
      "y" : 8.472136,
      "z" : -11.09017
    }, {
      "x" : -9.472136,
      "y" : 4.236068,
      "z" : -9.472136
    }, {
      "x" : -11.09017,
      "y" : -6.854102,
      "z" : -5.236068
    }, {
      "x" : -1.618034,
      "y" : -13.708204,
      "z" : -2.618034
    } ],
    "faces" : [ {
      "vertices" : [ 0, 1, 2 ]
    }, {
      "vertices" : [ 0, 2, 3 ]
    }, {
      "vertices" : [ 0, 3, 4 ]
    }, {
      "vertices" : [ 0, 4, 5 ]
    }, {
      "vertices" : [ 0, 5, 4 ]
    }, {
      "vertices" : [ 0, 4, 3 ]
    }, {
      "vertices" : [ 0, 3, 2 ]
    }, {
      "vertices" : [ 0, 2, 1 ]
    } ]
  }, {
    "id" : "aead156a-22de-4eff-8597-e355b354d148",
    "vertices" : [ {
      "x" : 4.236068,
      "y" : -12.708204,
      "z" : -4.236068
    }, {
      "x" : 12.708204,
      "y" : -4.236068,
      "z" : -4.236068
    }, {
      "x" : 4.236068,
      "y" : -4.236068,
      "z" : -12.708204
    } ],
    "faces" : [ {
      "vertices" : [ 0, 1, 2 ]
    }, {
      "vertices" : [ 0, 2, 1 ]
    } ]
  }, {
    "id" : "69fd5b50-dd19-4cd7-bd74-117a02587233",
    "vertices" : [ {
      "x" : -4.236068,
      "y" : -12.708204,
      "z" : 4.236068
    }, {
      "x" : 4.236068,
      "y" : -12.708204,
      "z" : -4.236068
    }, {
      "x" : 4.236068,
      "y" : -4.236068,
      "z" : -12.708204
    }, {
      "x" : -4.236068,
      "y" : 4.236068,
      "z" : -12.708204
    }, {
      "x" : -12.708204,
      "y" : 4.236068,
      "z" : -4.236068
    }, {
      "x" : -12.708204,
      "y" : -4.236068,
      "z" : 4.236068
    } ],
    "faces" : [ {
      "vertices" : [ 0, 1, 2 ]
    }, {
      "vertices" : [ 0, 2, 3 ]
    }, {
      "vertices" : [ 0, 3, 4 ]
    }, {
      "vertices" : [ 0, 4, 5 ]
    }, {
      "vertices" : [ 0, 5, 4 ]
    }, {
      "vertices" : [ 0, 4, 3 ]
    }, {
      "vertices" : [ 0, 3, 2 ]
    }, {
      "vertices" : [ 0, 2, 1 ]
    } ]
  }, {
    "id" : "a37b9b80-3ca1-4dba-ba7f-cfb63480fd2e",
    "vertices" : [ {
      "x" : -9.472136,
      "y" : 4.236068,
      "z" : -9.472136
    }, {
      "x" : -13.708204,
      "y" : 2.618034,
      "z" : 1.618034
    }, {
      "x" : -11.09017,
      "y" : -6.854102,
      "z" : -5.236068
    } ],
    "faces" : [ {
      "vertices" : [ 0, 1, 2 ]
    }, {
      "vertices" : [ 0, 2, 1 ]
    } ]
  }, {
    "id" : "3c7de360-9722-4730-ae8e-a66aa03e3111",
    "vertices" : [ {
      "x" : -9.472136,
      "y" : -4.236068,
      "z" : 9.472136
    }, {
      "x" : 1.618034,
      "y" : -8.472136,
      "z" : 11.09017
    }, {
      "x" : 8.472136,
      "y" : -11.09017,
      "z" : 1.618034
    }, {
      "x" : 4.236068,
      "y" : -9.472136,
      "z" : -9.472136
    }, {
      "x" : -6.854102,
      "y" : -5.236068,
      "z" : -11.09017
    }, {
      "x" : -13.708204,
      "y" : -2.618034,
      "z" : -1.618034
    } ],
    "faces" : [ {
      "vertices" : [ 0, 1, 2 ]
    }, {
      "vertices" : [ 0, 2, 3 ]
    }, {
      "vertices" : [ 0, 3, 4 ]
    }, {
      "vertices" : [ 0, 4, 5 ]
    }, {
      "vertices" : [ 0, 5, 4 ]
    }, {
      "vertices" : [ 0, 4, 3 ]
    }, {
      "vertices" : [ 0, 3, 2 ]
    }, {
      "vertices" : [ 0, 2, 1 ]
    } ]
  }, {
    "id" : "023823da-2547-4b13-b1bd-2624efa0db3f",
    "vertices" : [ {
      "x" : 1.618034,
      "y" : -8.472136,
      "z" : 11.09017
    }, {
      "x" : 11.09017,
      "y" : -1.618034,
      "z" : 8.472136
    }, {
      "x" : 8.472136,
      "y" : -11.09017,
      "z" : 1.618034
    } ],
    "faces" : [ {
      "vertices" : [ 0, 1, 2 ]
    }, {
      "vertices" : [ 0, 2, 1 ]
    } ]
  }, {
    "id" : "8073e0a5-d7f9-4dd2-8339-f1e99c2377a3",
    "vertices" : [ {
      "x" : -1.618034,
      "y" : -8.472136,
      "z" : -11.09017
    }, {
      "x" : 9.472136,
      "y" : -4.236068,
      "z" : -9.472136
    }, {
      "x" : 11.09017,
      "y" : 6.854102,
      "z" : -5.236068
    }, {
      "x" : 1.618034,
      "y" : 13.708204,
      "z" : -2.618034
    }, {
      "x" : -9.472136,
      "y" : 9.472136,
      "z" : -4.236068
    }, {
      "x" : -11.09017,
      "y" : -1.618034,
      "z" : -8.472136
    } ],
    "faces" : [ {
      "vertices" : [ 0, 1, 2 ]
    }, {
      "vertices" : [ 0, 2, 3 ]
    }, {
      "vertices" : [ 0, 3, 4 ]
    }, {
      "vertices" : [ 0, 4, 5 ]
    }, {
      "vertices" : [ 0, 5, 4 ]
    }, {
      "vertices" : [ 0, 4, 3 ]
    }, {
      "vertices" : [ 0, 3, 2 ]
    }, {
      "vertices" : [ 0, 2, 1 ]
    } ]
  }, {
    "id" : "d16a23ac-11c6-4993-af7a-d483ca8e0e99",
    "vertices" : [ {
      "x" : -2.618034,
      "y" : 1.618034,
      "z" : 13.708204
    }, {
      "x" : 6.854102,
      "y" : -5.236068,
      "z" : 11.09017
    }, {
      "x" : -4.236068,
      "y" : -9.472136,
      "z" : 9.472136
    } ],
    "faces" : [ {
      "vertices" : [ 0, 1, 2 ]
    }, {
      "vertices" : [ 0, 2, 1 ]
    } ]
  }, {
    "id" : "beb5f5ba-0bd5-4258-8338-b65ab06544b7",
    "vertices" : [ {
      "x" : 4.236068,
      "y" : -9.472136,
      "z" : -9.472136
    }, {
      "x" : 8.472136,
      "y" : -11.09017,
      "z" : 1.618034
    }, {
      "x" : 11.09017,
      "y" : -1.618034,
      "z" : 8.472136
    }, {
      "x" : 9.472136,
      "y" : 9.472136,
      "z" : 4.236068
    }, {
      "x" : 5.236068,
      "y" : 11.09017,
      "z" : -6.854102
    }, {
      "x" : 2.618034,
      "y" : 1.618034,
      "z" : -13.708204
    } ],
    "faces" : [ {
      "vertices" : [ 0, 1, 2 ]
    }, {
      "vertices" : [ 0, 2, 3 ]
    }, {
      "vertices" : [ 0, 3, 4 ]
    }, {
      "vertices" : [ 0, 4, 5 ]
    }, {
      "vertices" : [ 0, 5, 4 ]
    }, {
      "vertices" : [ 0, 4, 3 ]
    }, {
      "vertices" : [ 0, 3, 2 ]
    }, {
      "vertices" : [ 0, 2, 1 ]
    } ]
  }, {
    "id" : "33e75d52-400c-4d1c-9b27-a2d4dd10e781",
    "vertices" : [ {
      "x" : -8.472136,
      "y" : 11.09017,
      "z" : 1.618034
    }, {
      "x" : -1.618034,
      "y" : 8.472136,
      "z" : 11.09017
    }, {
      "x" : -11.09017,
      "y" : 1.618034,
      "z" : 8.472136
    } ],
    "faces" : [ {
      "vertices" : [ 0, 1, 2 ]
    }, {
      "vertices" : [ 0, 2, 1 ]
    } ]
  }, {
    "id" : "d5b34171-52a7-43f2-bec9-e9449e978dc3",
    "vertices" : [ {
      "x" : -8.472136,
      "y" : 11.09017,
      "z" : 1.618034
    }, {
      "x" : -4.236068,
      "y" : 9.472136,
      "z" : -9.472136
    }, {
      "x" : 6.854102,
      "y" : 5.236068,
      "z" : -11.09017
    }, {
      "x" : 13.708204,
      "y" : 2.618034,
      "z" : -1.618034
    }, {
      "x" : 9.472136,
      "y" : 4.236068,
      "z" : 9.472136
    }, {
      "x" : -1.618034,
      "y" : 8.472136,
      "z" : 11.09017
    } ],
    "faces" : [ {
      "vertices" : [ 0, 1, 2 ]
    }, {
      "vertices" : [ 0, 2, 3 ]
    }, {
      "vertices" : [ 0, 3, 4 ]
    }, {
      "vertices" : [ 0, 4, 5 ]
    }, {
      "vertices" : [ 0, 5, 4 ]
    }, {
      "vertices" : [ 0, 4, 3 ]
    }, {
      "vertices" : [ 0, 3, 2 ]
    }, {
      "vertices" : [ 0, 2, 1 ]
    } ]
  }, {
    "id" : "f2cf7800-57f5-4529-9f56-82fd0fc85523",
    "vertices" : [ {
      "x" : -8.472136,
      "y" : -11.09017,
      "z" : -1.618034
    }, {
      "x" : -4.236068,
      "y" : -9.472136,
      "z" : 9.472136
    }, {
      "x" : 6.854102,
      "y" : -5.236068,
      "z" : 11.09017
    }, {
      "x" : 13.708204,
      "y" : -2.618034,
      "z" : 1.618034
    }, {
      "x" : 9.472136,
      "y" : -4.236068,
      "z" : -9.472136
    }, {
      "x" : -1.618034,
      "y" : -8.472136,
      "z" : -11.09017
    } ],
    "faces" : [ {
      "vertices" : [ 0, 1, 2 ]
    }, {
      "vertices" : [ 0, 2, 3 ]
    }, {
      "vertices" : [ 0, 3, 4 ]
    }, {
      "vertices" : [ 0, 4, 5 ]
    }, {
      "vertices" : [ 0, 5, 4 ]
    }, {
      "vertices" : [ 0, 4, 3 ]
    }, {
      "vertices" : [ 0, 3, 2 ]
    }, {
      "vertices" : [ 0, 2, 1 ]
    } ]
  }, {
    "id" : "80c3c9bf-13ac-400f-9089-803b1445aba8",
    "vertices" : [ {
      "x" : -11.09017,
      "y" : 6.854102,
      "z" : 5.236068
    }, {
      "x" : -9.472136,
      "y" : -4.236068,
      "z" : 9.472136
    }, {
      "x" : -13.708204,
      "y" : -2.618034,
      "z" : -1.618034
    } ],
    "faces" : [ {
      "vertices" : [ 0, 1, 2 ]
    }, {
      "vertices" : [ 0, 2, 1 ]
    } ]
  }, {
    "id" : "b2345e28-a138-4fb5-8cfa-5bd8ba62f5b5",
    "vertices" : [ {
      "x" : 1.618034,
      "y" : -13.708204,
      "z" : 2.618034
    }, {
      "x" : 11.09017,
      "y" : -6.854102,
      "z" : 5.236068
    }, {
      "x" : 13.708204,
      "y" : 2.618034,
      "z" : -1.618034
    }, {
      "x" : 6.854102,
      "y" : 5.236068,
      "z" : -11.09017
    }, {
      "x" : -2.618034,
      "y" : -1.618034,
      "z" : -13.708204
    }, {
      "x" : -5.236068,
      "y" : -11.09017,
      "z" : -6.854102
    } ],
    "faces" : [ {
      "vertices" : [ 0, 1, 2 ]
    }, {
      "vertices" : [ 0, 2, 3 ]
    }, {
      "vertices" : [ 0, 3, 4 ]
    }, {
      "vertices" : [ 0, 4, 5 ]
    }, {
      "vertices" : [ 0, 5, 4 ]
    }, {
      "vertices" : [ 0, 4, 3 ]
    }, {
      "vertices" : [ 0, 3, 2 ]
    }, {
      "vertices" : [ 0, 2, 1 ]
    } ]
  }, {
    "id" : "a04dcff9-82ac-43cb-9760-5e814b06a877",
    "vertices" : [ {
      "x" : 13.708204,
      "y" : 2.618034,
      "z" : -1.618034
    }, {
      "x" : 11.09017,
      "y" : -6.854102,
      "z" : 5.236068
    }, {
      "x" : 9.472136,
      "y" : 4.236068,
      "z" : 9.472136
    } ],
    "faces" : [ {
      "vertices" : [ 0, 1, 2 ]
    }, {
      "vertices" : [ 0, 2, 1 ]
    } ]
  }, {
    "id" : "18552ceb-79da-4e54-a331-6fd4585cd8b3",
    "vertices" : [ {
      "x" : -8.472136,
      "y" : -11.09017,
      "z" : -1.618034
    }, {
      "x" : -1.618034,
      "y" : -8.472136,
      "z" : -11.09017
    }, {
      "x" : -11.09017,
      "y" : -1.618034,
      "z" : -8.472136
    } ],
    "faces" : [ {
      "vertices" : [ 0, 1, 2 ]
    }, {
      "vertices" : [ 0, 2, 1 ]
    } ]
  }, {
    "id" : "b85188e0-9f75-427f-a5a5-215d3192d974",
    "vertices" : [ {
      "x" : -4.236068,
      "y" : 4.236068,
      "z" : -12.708204
    }, {
      "x" : -4.236068,
      "y" : 12.708204,
      "z" : -4.236068
    }, {
      "x" : -12.708204,
      "y" : 4.236068,
      "z" : -4.236068
    } ],
    "faces" : [ {
      "vertices" : [ 0, 1, 2 ]
    }, {
      "vertices" : [ 0, 2, 1 ]
    } ]
  }, {
    "id" : "1ebe7088-67bc-4c91-aca0-1d71516bf90b",
    "vertices" : [ {
      "x" : 5.236068,
      "y" : 11.09017,
      "z" : -6.854102
    }, {
      "x" : 9.472136,
      "y" : 9.472136,
      "z" : 4.236068
    }, {
      "x" : -1.618034,
      "y" : 13.708204,
      "z" : 2.618034
    } ],
    "faces" : [ {
      "vertices" : [ 0, 1, 2 ]
    }, {
      "vertices" : [ 0, 2, 1 ]
    } ]
  }, {
    "id" : "919f2f07-4f6a-4229-9b18-f80ce7213928",
    "vertices" : [ {
      "x" : 13.708204,
      "y" : -2.618034,
      "z" : 1.618034
    }, {
      "x" : 11.09017,
      "y" : 6.854102,
      "z" : -5.236068
    }, {
      "x" : 9.472136,
      "y" : -4.236068,
      "z" : -9.472136
    } ],
    "faces" : [ {
      "vertices" : [ 0, 1, 2 ]
    }, {
      "vertices" : [ 0, 2, 1 ]
    } ]
  }, {
    "id" : "d2a65458-9bed-486d-a918-2f7298e3797c",
    "vertices" : [ {
      "x" : -4.236068,
      "y" : 9.472136,
      "z" : -9.472136
    }, {
      "x" : -8.472136,
      "y" : 11.09017,
      "z" : 1.618034
    }, {
      "x" : -11.09017,
      "y" : 1.618034,
      "z" : 8.472136
    }, {
      "x" : -9.472136,
      "y" : -9.472136,
      "z" : 4.236068
    }, {
      "x" : -5.236068,
      "y" : -11.09017,
      "z" : -6.854102
    }, {
      "x" : -2.618034,
      "y" : -1.618034,
      "z" : -13.708204
    } ],
    "faces" : [ {
      "vertices" : [ 0, 1, 2 ]
    }, {
      "vertices" : [ 0, 2, 3 ]
    }, {
      "vertices" : [ 0, 3, 4 ]
    }, {
      "vertices" : [ 0, 4, 5 ]
    }, {
      "vertices" : [ 0, 5, 4 ]
    }, {
      "vertices" : [ 0, 4, 3 ]
    }, {
      "vertices" : [ 0, 3, 2 ]
    }, {
      "vertices" : [ 0, 2, 1 ]
    } ]
  }, {
    "id" : "5e1330b2-fb90-4043-818f-22de16aa36da",
    "vertices" : [ {
      "x" : 6.854102,
      "y" : 5.236068,
      "z" : -11.09017
    }, {
      "x" : -4.236068,
      "y" : 9.472136,
      "z" : -9.472136
    }, {
      "x" : -2.618034,
      "y" : -1.618034,
      "z" : -13.708204
    } ],
    "faces" : [ {
      "vertices" : [ 0, 1, 2 ]
    }, {
      "vertices" : [ 0, 2, 1 ]
    } ]
  }, {
    "id" : "0a8f8a4a-f2ec-4980-8592-21eeca9f24a1",
    "vertices" : [ {
      "x" : -4.236068,
      "y" : 12.708204,
      "z" : -4.236068
    }, {
      "x" : 4.236068,
      "y" : 12.708204,
      "z" : 4.236068
    }, {
      "x" : 4.236068,
      "y" : 4.236068,
      "z" : 12.708204
    }, {
      "x" : -4.236068,
      "y" : -4.236068,
      "z" : 12.708204
    }, {
      "x" : -12.708204,
      "y" : -4.236068,
      "z" : 4.236068
    }, {
      "x" : -12.708204,
      "y" : 4.236068,
      "z" : -4.236068
    } ],
    "faces" : [ {
      "vertices" : [ 0, 1, 2 ]
    }, {
      "vertices" : [ 0, 2, 3 ]
    }, {
      "vertices" : [ 0, 3, 4 ]
    }, {
      "vertices" : [ 0, 4, 5 ]
    }, {
      "vertices" : [ 0, 5, 4 ]
    }, {
      "vertices" : [ 0, 4, 3 ]
    }, {
      "vertices" : [ 0, 3, 2 ]
    }, {
      "vertices" : [ 0, 2, 1 ]
    } ]
  }, {
    "id" : "e3c9b962-db37-42c7-bb0c-4472ab8a6878",
    "vertices" : [ {
      "x" : -1.618034,
      "y" : 8.472136,
      "z" : 11.09017
    }, {
      "x" : 9.472136,
      "y" : 4.236068,
      "z" : 9.472136
    }, {
      "x" : 11.09017,
      "y" : -6.854102,
      "z" : 5.236068
    }, {
      "x" : 1.618034,
      "y" : -13.708204,
      "z" : 2.618034
    }, {
      "x" : -9.472136,
      "y" : -9.472136,
      "z" : 4.236068
    }, {
      "x" : -11.09017,
      "y" : 1.618034,
      "z" : 8.472136
    } ],
    "faces" : [ {
      "vertices" : [ 0, 1, 2 ]
    }, {
      "vertices" : [ 0, 2, 3 ]
    }, {
      "vertices" : [ 0, 3, 4 ]
    }, {
      "vertices" : [ 0, 4, 5 ]
    }, {
      "vertices" : [ 0, 5, 4 ]
    }, {
      "vertices" : [ 0, 4, 3 ]
    }, {
      "vertices" : [ 0, 3, 2 ]
    }, {
      "vertices" : [ 0, 2, 1 ]
    } ]
  }, {
    "id" : "c100bdb9-f87f-489e-a0b9-fd5bef432ecb",
    "vertices" : [ {
      "x" : -12.708204,
      "y" : -4.236068,
      "z" : 4.236068
    }, {
      "x" : -4.236068,
      "y" : -4.236068,
      "z" : 12.708204
    }, {
      "x" : -4.236068,
      "y" : -12.708204,
      "z" : 4.236068
    } ],
    "faces" : [ {
      "vertices" : [ 0, 1, 2 ]
    }, {
      "vertices" : [ 0, 2, 1 ]
    } ]
  }, {
    "id" : "a7199a8d-11db-4d8c-bec2-cc6a99802bfe",
    "vertices" : [ {
      "x" : 4.236068,
      "y" : 9.472136,
      "z" : 9.472136
    }, {
      "x" : 2.618034,
      "y" : -1.618034,
      "z" : 13.708204
    }, {
      "x" : -6.854102,
      "y" : 5.236068,
      "z" : 11.09017
    } ],
    "faces" : [ {
      "vertices" : [ 0, 1, 2 ]
    }, {
      "vertices" : [ 0, 2, 1 ]
    } ]
  }, {
    "id" : "219d18df-26d0-4c67-8455-17644e5f0d86",
    "vertices" : [ {
      "x" : 4.236068,
      "y" : 12.708204,
      "z" : 4.236068
    }, {
      "x" : -4.236068,
      "y" : 12.708204,
      "z" : -4.236068
    }, {
      "x" : -4.236068,
      "y" : 4.236068,
      "z" : -12.708204
    }, {
      "x" : 4.236068,
      "y" : -4.236068,
      "z" : -12.708204
    }, {
      "x" : 12.708204,
      "y" : -4.236068,
      "z" : -4.236068
    }, {
      "x" : 12.708204,
      "y" : 4.236068,
      "z" : 4.236068
    } ],
    "faces" : [ {
      "vertices" : [ 0, 1, 2 ]
    }, {
      "vertices" : [ 0, 2, 3 ]
    }, {
      "vertices" : [ 0, 3, 4 ]
    }, {
      "vertices" : [ 0, 4, 5 ]
    }, {
      "vertices" : [ 0, 5, 4 ]
    }, {
      "vertices" : [ 0, 4, 3 ]
    }, {
      "vertices" : [ 0, 3, 2 ]
    }, {
      "vertices" : [ 0, 2, 1 ]
    } ]
  }, {
    "id" : "45a8ae72-da18-41bc-9434-2634258c9bb8",
    "vertices" : [ {
      "x" : 4.236068,
      "y" : -12.708204,
      "z" : -4.236068
    }, {
      "x" : -4.236068,
      "y" : -12.708204,
      "z" : 4.236068
    }, {
      "x" : -4.236068,
      "y" : -4.236068,
      "z" : 12.708204
    }, {
      "x" : 4.236068,
      "y" : 4.236068,
      "z" : 12.708204
    }, {
      "x" : 12.708204,
      "y" : 4.236068,
      "z" : 4.236068
    }, {
      "x" : 12.708204,
      "y" : -4.236068,
      "z" : -4.236068
    } ],
    "faces" : [ {
      "vertices" : [ 0, 1, 2 ]
    }, {
      "vertices" : [ 0, 2, 3 ]
    }, {
      "vertices" : [ 0, 3, 4 ]
    }, {
      "vertices" : [ 0, 4, 5 ]
    }, {
      "vertices" : [ 0, 5, 4 ]
    }, {
      "vertices" : [ 0, 4, 3 ]
    }, {
      "vertices" : [ 0, 3, 2 ]
    }, {
      "vertices" : [ 0, 2, 1 ]
    } ]
  }, {
    "id" : "ff94f8cb-0a6c-410a-a5c2-28ee0da06ae1",
    "vertices" : [ {
      "x" : 4.236068,
      "y" : -9.472136,
      "z" : -9.472136
    }, {
      "x" : 2.618034,
      "y" : 1.618034,
      "z" : -13.708204
    }, {
      "x" : -6.854102,
      "y" : -5.236068,
      "z" : -11.09017
    } ],
    "faces" : [ {
      "vertices" : [ 0, 1, 2 ]
    }, {
      "vertices" : [ 0, 2, 1 ]
    } ]
  }, {
    "id" : "ba41093b-6039-4f4d-bb70-03430c6dd4b8",
    "vertices" : [ {
      "x" : -11.09017,
      "y" : -1.618034,
      "z" : -8.472136
    }, {
      "x" : -9.472136,
      "y" : 9.472136,
      "z" : -4.236068
    }, {
      "x" : -5.236068,
      "y" : 11.09017,
      "z" : 6.854102
    }, {
      "x" : -2.618034,
      "y" : 1.618034,
      "z" : 13.708204
    }, {
      "x" : -4.236068,
      "y" : -9.472136,
      "z" : 9.472136
    }, {
      "x" : -8.472136,
      "y" : -11.09017,
      "z" : -1.618034
    } ],
    "faces" : [ {
      "vertices" : [ 0, 1, 2 ]
    }, {
      "vertices" : [ 0, 2, 3 ]
    }, {
      "vertices" : [ 0, 3, 4 ]
    }, {
      "vertices" : [ 0, 4, 5 ]
    }, {
      "vertices" : [ 0, 5, 4 ]
    }, {
      "vertices" : [ 0, 4, 3 ]
    }, {
      "vertices" : [ 0, 3, 2 ]
    }, {
      "vertices" : [ 0, 2, 1 ]
    } ]
  }, {
    "id" : "31595c40-79d3-44c5-95be-98b65d232b48",
    "vertices" : [ {
      "x" : 2.618034,
      "y" : 1.618034,
      "z" : -13.708204
    }, {
      "x" : 5.236068,
      "y" : 11.09017,
      "z" : -6.854102
    }, {
      "x" : -1.618034,
      "y" : 13.708204,
      "z" : 2.618034
    }, {
      "x" : -11.09017,
      "y" : 6.854102,
      "z" : 5.236068
    }, {
      "x" : -13.708204,
      "y" : -2.618034,
      "z" : -1.618034
    }, {
      "x" : -6.854102,
      "y" : -5.236068,
      "z" : -11.09017
    } ],
    "faces" : [ {
      "vertices" : [ 0, 1, 2 ]
    }, {
      "vertices" : [ 0, 2, 3 ]
    }, {
      "vertices" : [ 0, 3, 4 ]
    }, {
      "vertices" : [ 0, 4, 5 ]
    }, {
      "vertices" : [ 0, 5, 4 ]
    }, {
      "vertices" : [ 0, 4, 3 ]
    }, {
      "vertices" : [ 0, 3, 2 ]
    }, {
      "vertices" : [ 0, 2, 1 ]
    } ]
  }, {
    "id" : "3b5eda12-357e-44b9-819f-c928a21c0a4d",
    "vertices" : [ {
      "x" : -9.472136,
      "y" : 4.236068,
      "z" : -9.472136
    }, {
      "x" : 1.618034,
      "y" : 8.472136,
      "z" : -11.09017
    }, {
      "x" : 8.472136,
      "y" : 11.09017,
      "z" : -1.618034
    }, {
      "x" : 4.236068,
      "y" : 9.472136,
      "z" : 9.472136
    }, {
      "x" : -6.854102,
      "y" : 5.236068,
      "z" : 11.09017
    }, {
      "x" : -13.708204,
      "y" : 2.618034,
      "z" : 1.618034
    } ],
    "faces" : [ {
      "vertices" : [ 0, 1, 2 ]
    }, {
      "vertices" : [ 0, 2, 3 ]
    }, {
      "vertices" : [ 0, 3, 4 ]
    }, {
      "vertices" : [ 0, 4, 5 ]
    }, {
      "vertices" : [ 0, 5, 4 ]
    }, {
      "vertices" : [ 0, 4, 3 ]
    }, {
      "vertices" : [ 0, 3, 2 ]
    }, {
      "vertices" : [ 0, 2, 1 ]
    } ]
  }, {
    "id" : "076f0f98-77ee-469b-91be-b37c11611eaa",
    "vertices" : [ {
      "x" : 1.618034,
      "y" : 13.708204,
      "z" : -2.618034
    }, {
      "x" : 11.09017,
      "y" : 6.854102,
      "z" : -5.236068
    }, {
      "x" : 13.708204,
      "y" : -2.618034,
      "z" : 1.618034
    }, {
      "x" : 6.854102,
      "y" : -5.236068,
      "z" : 11.09017
    }, {
      "x" : -2.618034,
      "y" : 1.618034,
      "z" : 13.708204
    }, {
      "x" : -5.236068,
      "y" : 11.09017,
      "z" : 6.854102
    } ],
    "faces" : [ {
      "vertices" : [ 0, 1, 2 ]
    }, {
      "vertices" : [ 0, 2, 3 ]
    }, {
      "vertices" : [ 0, 3, 4 ]
    }, {
      "vertices" : [ 0, 4, 5 ]
    }, {
      "vertices" : [ 0, 5, 4 ]
    }, {
      "vertices" : [ 0, 4, 3 ]
    }, {
      "vertices" : [ 0, 3, 2 ]
    }, {
      "vertices" : [ 0, 2, 1 ]
    } ]
  }, {
    "id" : "42bbb9d1-e125-432c-9271-6e436435dde2",
    "vertices" : [ {
      "x" : 1.618034,
      "y" : 13.708204,
      "z" : -2.618034
    }, {
      "x" : -5.236068,
      "y" : 11.09017,
      "z" : 6.854102
    }, {
      "x" : -9.472136,
      "y" : 9.472136,
      "z" : -4.236068
    } ],
    "faces" : [ {
      "vertices" : [ 0, 1, 2 ]
    }, {
      "vertices" : [ 0, 2, 1 ]
    } ]
  }, {
    "id" : "d4cbf053-fc78-41c3-bce3-0e083fae958b",
    "vertices" : [ {
      "x" : 11.09017,
      "y" : 1.618034,
      "z" : -8.472136
    }, {
      "x" : 9.472136,
      "y" : -9.472136,
      "z" : -4.236068
    }, {
      "x" : 5.236068,
      "y" : -11.09017,
      "z" : 6.854102
    }, {
      "x" : 2.618034,
      "y" : -1.618034,
      "z" : 13.708204
    }, {
      "x" : 4.236068,
      "y" : 9.472136,
      "z" : 9.472136
    }, {
      "x" : 8.472136,
      "y" : 11.09017,
      "z" : -1.618034
    } ],
    "faces" : [ {
      "vertices" : [ 0, 1, 2 ]
    }, {
      "vertices" : [ 0, 2, 3 ]
    }, {
      "vertices" : [ 0, 3, 4 ]
    }, {
      "vertices" : [ 0, 4, 5 ]
    }, {
      "vertices" : [ 0, 5, 4 ]
    }, {
      "vertices" : [ 0, 4, 3 ]
    }, {
      "vertices" : [ 0, 3, 2 ]
    }, {
      "vertices" : [ 0, 2, 1 ]
    } ]
  }, {
    "id" : "bf8fcf9d-39c0-4803-bb37-e9348203980a",
    "vertices" : [ {
      "x" : 5.236068,
      "y" : -11.09017,
      "z" : 6.854102
    }, {
      "x" : 9.472136,
      "y" : -9.472136,
      "z" : -4.236068
    }, {
      "x" : -1.618034,
      "y" : -13.708204,
      "z" : -2.618034
    } ],
    "faces" : [ {
      "vertices" : [ 0, 1, 2 ]
    }, {
      "vertices" : [ 0, 2, 1 ]
    } ]
  }, {
    "id" : "5dfc07e7-0964-4be9-a780-c7a45d0a9979",
    "vertices" : [ {
      "x" : 9.472136,
      "y" : 9.472136,
      "z" : 4.236068
    }, {
      "x" : 11.09017,
      "y" : -1.618034,
      "z" : 8.472136
    }, {
      "x" : 1.618034,
      "y" : -8.472136,
      "z" : 11.09017
    }, {
      "x" : -9.472136,
      "y" : -4.236068,
      "z" : 9.472136
    }, {
      "x" : -11.09017,
      "y" : 6.854102,
      "z" : 5.236068
    }, {
      "x" : -1.618034,
      "y" : 13.708204,
      "z" : 2.618034
    } ],
    "faces" : [ {
      "vertices" : [ 0, 1, 2 ]
    }, {
      "vertices" : [ 0, 2, 3 ]
    }, {
      "vertices" : [ 0, 3, 4 ]
    }, {
      "vertices" : [ 0, 4, 5 ]
    }, {
      "vertices" : [ 0, 5, 4 ]
    }, {
      "vertices" : [ 0, 4, 3 ]
    }, {
      "vertices" : [ 0, 3, 2 ]
    }, {
      "vertices" : [ 0, 2, 1 ]
    } ]
  }, {
    "id" : "b5879c4c-d83d-4cd5-98f9-74175c27f3f5",
    "vertices" : [ {
      "x" : 4.236068,
      "y" : 12.708204,
      "z" : 4.236068
    }, {
      "x" : 12.708204,
      "y" : 4.236068,
      "z" : 4.236068
    }, {
      "x" : 4.236068,
      "y" : 4.236068,
      "z" : 12.708204
    } ],
    "faces" : [ {
      "vertices" : [ 0, 1, 2 ]
    }, {
      "vertices" : [ 0, 2, 1 ]
    } ]
  }, {
    "id" : "0e833bb0-d997-4ab6-8971-9d3d5aab2cc7",
    "vertices" : [ {
      "x" : -13.708204,
      "y" : 2.618034,
      "z" : 1.618034
    }, {
      "x" : -6.854102,
      "y" : 5.236068,
      "z" : 11.09017
    }, {
      "x" : 2.618034,
      "y" : -1.618034,
      "z" : 13.708204
    }, {
      "x" : 5.236068,
      "y" : -11.09017,
      "z" : 6.854102
    }, {
      "x" : -1.618034,
      "y" : -13.708204,
      "z" : -2.618034
    }, {
      "x" : -11.09017,
      "y" : -6.854102,
      "z" : -5.236068
    } ],
    "faces" : [ {
      "vertices" : [ 0, 1, 2 ]
    }, {
      "vertices" : [ 0, 2, 3 ]
    }, {
      "vertices" : [ 0, 3, 4 ]
    }, {
      "vertices" : [ 0, 4, 5 ]
    }, {
      "vertices" : [ 0, 5, 4 ]
    }, {
      "vertices" : [ 0, 4, 3 ]
    }, {
      "vertices" : [ 0, 3, 2 ]
    }, {
      "vertices" : [ 0, 2, 1 ]
    } ]
  } ],
  "instances" : [ {
    "shape" : "f686eb0c-29a7-48a0-97d5-29f8ec6d743f",
    "color" : "#008D36",
    "position" : {
      "x" : 8.472136,
      "y" : 11.09017,
      "z" : -1.618034
    },
    "orientation" : 44
  }, {
    "shape" : "4b034a67-74a9-4dbf-92a1-40efba316241",
    "color" : "#FF9933",
    "position" : {
      "x" : 0.0,
      "y" : 0.0,
      "z" : 0.0
    }
  }, {
    "shape" : "cb189f2e-d6d4-4c37-a3cc-79e2f0a22317",
    "color" : "#FFFFFF",
    "position" : {
      "x" : -1.618034,
      "y" : 8.472136,
      "z" : 11.09017
    }
  }, {
    "shape" : "f686eb0c-29a7-48a0-97d5-29f8ec6d743f",
    "color" : "#008D36",
    "position" : {
      "x" : -5.236068,
      "y" : -11.09017,
      "z" : -6.854102
    },
    "orientation" : 49
  }, {
    "shape" : "cb189f2e-d6d4-4c37-a3cc-79e2f0a22317",
    "color" : "#FFFFFF",
    "position" : {
      "x" : -9.472136,
      "y" : 9.472136,
      "z" : -4.236068
    }
  }, {
    "shape" : "39a7e21b-9d41-40a7-8455-64aa7ea06e66",
    "color" : "#9966FF",
    "position" : {
      "x" : 0.0,
      "y" : 0.0,
      "z" : 0.0
    }
  }, {
    "shape" : "f686eb0c-29a7-48a0-97d5-29f8ec6d743f",
    "color" : "#008D36",
    "position" : {
      "x" : 4.236068,
      "y" : -9.472136,
      "z" : -9.472136
    },
    "orientation" : 57
  }, {
    "shape" : "d876e75b-b931-4bf0-b394-b24486e1c16e",
    "color" : "#9966FF",
    "position" : {
      "x" : 0.0,
      "y" : 0.0,
      "z" : 0.0
    }
  }, {
    "shape" : "cb189f2e-d6d4-4c37-a3cc-79e2f0a22317",
    "color" : "#FFFFFF",
    "position" : {
      "x" : 8.472136,
      "y" : 11.09017,
      "z" : -1.618034
    }
  }, {
    "shape" : "f686eb0c-29a7-48a0-97d5-29f8ec6d743f",
    "color" : "#008D36",
    "position" : {
      "x" : 9.472136,
      "y" : 4.236068,
      "z" : 9.472136
    },
    "orientation" : 28
  }, {
    "shape" : "aead156a-22de-4eff-8597-e355b354d148",
    "color" : "#FF6666",
