{
  "polygons" : "true",
  "field" : "golden",
  "symmetry" : "icosahedral",
  "orientations" : [ [ 1.0, 0.0, 0.0, 0.0, 0.0, 1.0, 0.0, 0.0, 0.0, 0.0, 1.0, 0.0, 0.0, 0.0, 0.0, 1.0 ], [ 0.0, 0.0, 1.0, 0.0, 1.0, 0.0, 0.0, 0.0, 0.0, 1.0, 0.0, 0.0, 0.0, 0.0, 0.0, 1.0 ], [ 0.0, 1.0, 0.0, 0.0, 0.0, 0.0, 1.0, 0.0, 1.0, 0.0, 0.0, 0.0, 0.0, 0.0, 0.0, 1.0 ], [ 0.809017, 0.309017, 0.5, 0.0, 0.309017, 0.5, -0.809017, 0.0, -0.5, 0.809017, 0.309017, 0.0, 0.0, 0.0, 0.0, 1.0 ], [ -0.5, 0.809017, 0.309017, 0.0, 0.809017, 0.309017, 0.5, 0.0, 0.309017, 0.5, -0.809017, 0.0, 0.0, 0.0, 0.0, 1.0 ], [ 0.309017, 0.5, -0.809017, 0.0, -0.5, 0.809017, 0.309017, 0.0, 0.809017, 0.309017, 0.5, 0.0, 0.0, 0.0, 0.0, 1.0 ], [ 0.5, 0.809017, 0.309017, 0.0, 0.809017, -0.309017, -0.5, 0.0, -0.309017, 0.5, -0.809017, 0.0, 0.0, 0.0, 0.0, 1.0 ], [ -0.309017, 0.5, -0.809017, 0.0, 0.5, 0.809017, 0.309017, 0.0, 0.809017, -0.309017, -0.5, 0.0, 0.0, 0.0, 0.0, 1.0 ], [ 0.809017, -0.309017, -0.5, 0.0, -0.309017, 0.5, -0.809017, 0.0, 0.5, 0.809017, 0.309017, 0.0, 0.0, 0.0, 0.0, 1.0 ], [ 0.5, 0.809017, -0.309017, 0.0, 0.809017, -0.309017, 0.5, 0.0, 0.309017, -0.5, -0.809017, 0.0, 0.0, 0.0, 0.0, 1.0 ], [ 0.309017, -0.5, -0.809017, 0.0, 0.5, 0.809017, -0.309017, 0.0, 0.809017, -0.309017, 0.5, 0.0, 0.0, 0.0, 0.0, 1.0 ], [ 0.809017, -0.309017, 0.5, 0.0, 0.309017, -0.5, -0.809017, 0.0, 0.5, 0.809017, -0.309017, 0.0, 0.0, 0.0, 0.0, 1.0 ], [ 0.809017, 0.309017, -0.5, 0.0, 0.309017, 0.5, 0.809017, 0.0, 0.5, -0.809017, 0.309017, 0.0, 0.0, 0.0, 0.0, 1.0 ], [ 0.5, -0.809017, 0.309017, 0.0, 0.809017, 0.309017, -0.5, 0.0, 0.309017, 0.5, 0.809017, 0.0, 0.0, 0.0, 0.0, 1.0 ], [ 0.309017, 0.5, 0.809017, 0.0, 0.5, -0.809017, 0.309017, 0.0, 0.809017, 0.309017, -0.5, 0.0, 0.0, 0.0, 0.0, 1.0 ], [ 1.0, 0.0, 0.0, 0.0, 0.0, -1.0, 0.0, 0.0, 0.0, 0.0, -1.0, 0.0, 0.0, 0.0, 0.0, 1.0 ], [ 0.0, 0.0, 1.0, 0.0, -1.0, 0.0, 0.0, 0.0, 0.0, -1.0, 0.0, 0.0, 0.0, 0.0, 0.0, 1.0 ], [ 0.0, 1.0, 0.0, 0.0, 0.0, 0.0, -1.0, 0.0, -1.0, 0.0, 0.0, 0.0, 0.0, 0.0, 0.0, 1.0 ], [ 0.809017, 0.309017, 0.5, 0.0, -0.309017, -0.5, 0.809017, 0.0, 0.5, -0.809017, -0.309017, 0.0, 0.0, 0.0, 0.0, 1.0 ], [ -0.5, 0.809017, 0.309017, 0.0, -0.809017, -0.309017, -0.5, 0.0, -0.309017, -0.5, 0.809017, 0.0, 0.0, 0.0, 0.0, 1.0 ], [ 0.309017, 0.5, -0.809017, 0.0, 0.5, -0.809017, -0.309017, 0.0, -0.809017, -0.309017, -0.5, 0.0, 0.0, 0.0, 0.0, 1.0 ], [ 0.5, 0.809017, 0.309017, 0.0, -0.809017, 0.309017, 0.5, 0.0, 0.309017, -0.5, 0.809017, 0.0, 0.0, 0.0, 0.0, 1.0 ], [ -0.309017, 0.5, -0.809017, 0.0, -0.5, -0.809017, -0.309017, 0.0, -0.809017, 0.309017, 0.5, 0.0, 0.0, 0.0, 0.0, 1.0 ], [ 0.809017, -0.309017, -0.5, 0.0, 0.309017, -0.5, 0.809017, 0.0, -0.5, -0.809017, -0.309017, 0.0, 0.0, 0.0, 0.0, 1.0 ], [ 0.5, 0.809017, -0.309017, 0.0, -0.809017, 0.309017, -0.5, 0.0, -0.309017, 0.5, 0.809017, 0.0, 0.0, 0.0, 0.0, 1.0 ], [ 0.309017, -0.5, -0.809017, 0.0, -0.5, -0.809017, 0.309017, 0.0, -0.809017, 0.309017, -0.5, 0.0, 0.0, 0.0, 0.0, 1.0 ], [ 0.809017, -0.309017, 0.5, 0.0, -0.309017, 0.5, 0.809017, 0.0, -0.5, -0.809017, 0.309017, 0.0, 0.0, 0.0, 0.0, 1.0 ], [ 0.809017, 0.309017, -0.5, 0.0, -0.309017, -0.5, -0.809017, 0.0, -0.5, 0.809017, -0.309017, 0.0, 0.0, 0.0, 0.0, 1.0 ], [ 0.5, -0.809017, 0.309017, 0.0, -0.809017, -0.309017, 0.5, 0.0, -0.309017, -0.5, -0.809017, 0.0, 0.0, 0.0, 0.0, 1.0 ], [ 0.309017, 0.5, 0.809017, 0.0, -0.5, 0.809017, -0.309017, 0.0, -0.809017, -0.309017, 0.5, 0.0, 0.0, 0.0, 0.0, 1.0 ], [ -1.0, 0.0, 0.0, 0.0, 0.0, -1.0, 0.0, 0.0, 0.0, 0.0, 1.0, 0.0, 0.0, 0.0, 0.0, 1.0 ], [ 0.0, 0.0, -1.0, 0.0, -1.0, 0.0, 0.0, 0.0, 0.0, 1.0, 0.0, 0.0, 0.0, 0.0, 0.0, 1.0 ], [ 0.0, -1.0, 0.0, 0.0, 0.0, 0.0, -1.0, 0.0, 1.0, 0.0, 0.0, 0.0, 0.0, 0.0, 0.0, 1.0 ], [ -0.809017, -0.309017, -0.5, 0.0, -0.309017, -0.5, 0.809017, 0.0, -0.5, 0.809017, 0.309017, 0.0, 0.0, 0.0, 0.0, 1.0 ], [ 0.5, -0.809017, -0.309017, 0.0, -0.809017, -0.309017, -0.5, 0.0, 0.309017, 0.5, -0.809017, 0.0, 0.0, 0.0, 0.0, 1.0 ], [ -0.309017, -0.5, 0.809017, 0.0, 0.5, -0.809017, -0.309017, 0.0, 0.809017, 0.309017, 0.5, 0.0, 0.0, 0.0, 0.0, 1.0 ], [ -0.5, -0.809017, -0.309017, 0.0, -0.809017, 0.309017, 0.5, 0.0, -0.309017, 0.5, -0.809017, 0.0, 0.0, 0.0, 0.0, 1.0 ], [ 0.309017, -0.5, 0.809017, 0.0, -0.5, -0.809017, -0.309017, 0.0, 0.809017, -0.309017, -0.5, 0.0, 0.0, 0.0, 0.0, 1.0 ], [ -0.809017, 0.309017, 0.5, 0.0, 0.309017, -0.5, 0.809017, 0.0, 0.5, 0.809017, 0.309017, 0.0, 0.0, 0.0, 0.0, 1.0 ], [ -0.5, -0.809017, 0.309017, 0.0, -0.809017, 0.309017, -0.5, 0.0, 0.309017, -0.5, -0.809017, 0.0, 0.0, 0.0, 0.0, 1.0 ], [ -0.309017, 0.5, 0.809017, 0.0, -0.5, -0.809017, 0.309017, 0.0, 0.809017, -0.309017, 0.5, 0.0, 0.0, 0.0, 0.0, 1.0 ], [ -0.809017, 0.309017, -0.5, 0.0, -0.309017, 0.5, 0.809017, 0.0, 0.5, 0.809017, -0.309017, 0.0, 0.0, 0.0, 0.0, 1.0 ], [ -0.809017, -0.309017, 0.5, 0.0, -0.309017, -0.5, -0.809017, 0.0, 0.5, -0.809017, 0.309017, 0.0, 0.0, 0.0, 0.0, 1.0 ], [ -0.5, 0.809017, -0.309017, 0.0, -0.809017, -0.309017, 0.5, 0.0, 0.309017, 0.5, 0.809017, 0.0, 0.0, 0.0, 0.0, 1.0 ], [ -0.309017, -0.5, -0.809017, 0.0, -0.5, 0.809017, -0.309017, 0.0, 0.809017, 0.309017, -0.5, 0.0, 0.0, 0.0, 0.0, 1.0 ], [ -1.0, 0.0, 0.0, 0.0, 0.0, 1.0, 0.0, 0.0, 0.0, 0.0, -1.0, 0.0, 0.0, 0.0, 0.0, 1.0 ], [ 0.0, 0.0, -1.0, 0.0, 1.0, 0.0, 0.0, 0.0, 0.0, -1.0, 0.0, 0.0, 0.0, 0.0, 0.0, 1.0 ], [ 0.0, -1.0, 0.0, 0.0, 0.0, 0.0, 1.0, 0.0, -1.0, 0.0, 0.0, 0.0, 0.0, 0.0, 0.0, 1.0 ], [ -0.809017, -0.309017, -0.5, 0.0, 0.309017, 0.5, -0.809017, 0.0, 0.5, -0.809017, -0.309017, 0.0, 0.0, 0.0, 0.0, 1.0 ], [ 0.5, -0.809017, -0.309017, 0.0, 0.809017, 0.309017, 0.5, 0.0, -0.309017, -0.5, 0.809017, 0.0, 0.0, 0.0, 0.0, 1.0 ], [ -0.309017, -0.5, 0.809017, 0.0, -0.5, 0.809017, 0.309017, 0.0, -0.809017, -0.309017, -0.5, 0.0, 0.0, 0.0, 0.0, 1.0 ], [ -0.5, -0.809017, -0.309017, 0.0, 0.809017, -0.309017, -0.5, 0.0, 0.309017, -0.5, 0.809017, 0.0, 0.0, 0.0, 0.0, 1.0 ], [ 0.309017, -0.5, 0.809017, 0.0, 0.5, 0.809017, 0.309017, 0.0, -0.809017, 0.309017, 0.5, 0.0, 0.0, 0.0, 0.0, 1.0 ], [ -0.809017, 0.309017, 0.5, 0.0, -0.309017, 0.5, -0.809017, 0.0, -0.5, -0.809017, -0.309017, 0.0, 0.0, 0.0, 0.0, 1.0 ], [ -0.5, -0.809017, 0.309017, 0.0, 0.809017, -0.309017, 0.5, 0.0, -0.309017, 0.5, 0.809017, 0.0, 0.0, 0.0, 0.0, 1.0 ], [ -0.309017, 0.5, 0.809017, 0.0, 0.5, 0.809017, -0.309017, 0.0, -0.809017, 0.309017, -0.5, 0.0, 0.0, 0.0, 0.0, 1.0 ], [ -0.809017, 0.309017, -0.5, 0.0, 0.309017, -0.5, -0.809017, 0.0, -0.5, -0.809017, 0.309017, 0.0, 0.0, 0.0, 0.0, 1.0 ], [ -0.809017, -0.309017, 0.5, 0.0, 0.309017, 0.5, 0.809017, 0.0, -0.5, 0.809017, -0.309017, 0.0, 0.0, 0.0, 0.0, 1.0 ], [ -0.5, 0.809017, -0.309017, 0.0, 0.809017, 0.309017, -0.5, 0.0, -0.309017, -0.5, -0.809017, 0.0, 0.0, 0.0, 0.0, 1.0 ], [ -0.309017, -0.5, -0.809017, 0.0, 0.5, -0.809017, 0.309017, 0.0, -0.809017, -0.309017, 0.5, 0.0, 0.0, 0.0, 0.0, 1.0 ] ],
  "lights" : {
    "ambientColor" : "#292929",
    "backgroundColor" : "#FFFFEF",
    "directionalLights" : [ {
      "direction" : [ 1.0, -1.0, -1.0 ],
      "color" : "#EBEBE4"
    }, {
      "direction" : [ -1.0, 0.0, 0.0 ],
      "color" : "#E4E4EB"
    }, {
      "direction" : [ 0.0, 0.0, -1.0 ],
      "color" : "#1E1E1E"
    } ]
  },
  "camera" : {
    "perspective" : false,
    "fieldOfView" : 0.44262943,
    "viewDistance" : 391.0672,
    "lookAtPointRV" : {
      "x" : 0.0,
      "y" : 0.0,
      "z" : 0.0,
      "zero" : true
    },
    "lookDirectionRV" : {
      "x" : 0.19391498,
      "y" : 0.37890998,
      "z" : 0.9048906,
      "zero" : false
    },
    "upDirectionRV" : {
      "x" : 0.98095244,
      "y" : -0.06493401,
      "z" : -0.18302344,
      "zero" : false
    },
    "lookAtPoint" : {
      "x" : 0.0,
      "y" : 0.0,
      "z" : 0.0
    },
    "lookDirection" : {
      "x" : 0.19391498,
      "y" : 0.37890998,
      "z" : 0.9048906
    },
    "upDirection" : {
      "x" : 0.98095244,
      "y" : -0.06493401,
      "z" : -0.18302344
    },
    "nearClipDistance" : 0.9776701,
    "farClipDistance" : 782.13635,
    "stereo" : false,
    "width" : 175.98045,
    "position" : {
      "x" : -75.833786,
      "y" : -148.17926,
      "z" : -353.87305
    }
  },
  "embedding" : [ 1.0, 0.0, 0.0, 0.0, 0.0, 1.0, 0.0, 0.0, 0.0, 0.0, 1.0, 0.0, 0.0, 0.0, 0.0, 1.0 ],
  "shapes" : [ {
    "id" : "b72719cb-b6eb-406c-85a7-b1a840665acb",
    "vertices" : [ {
      "x" : 0.0,
      "y" : 0.0,
      "z" : 0.0
    }, {
      "x" : -1.4472136,
      "y" : 14.602632,
      "z" : 3.7888544
    }, {
      "x" : 0.0,
      "y" : 22.18034,
      "z" : 13.708204
    } ],
    "faces" : [ {
      "vertices" : [ 0, 1, 2 ]
    }, {
      "vertices" : [ 0, 2, 1 ]
    } ]
  }, {
    "id" : "71e9c942-2120-45a1-8954-1fb103f90ac6",
    "vertices" : [ {
      "x" : 0.0,
      "y" : 0.0,
      "z" : 0.0
    }, {
      "x" : 0.0,
      "y" : -13.708204,
      "z" : 3.7888544
    }, {
      "x" : 0.0,
      "y" : 0.0,
      "z" : -4.6832814
    } ],
    "faces" : [ {
      "vertices" : [ 0, 1, 2 ]
    }, {
      "vertices" : [ 0, 2, 1 ]
    } ]
  }, {
    "id" : "62fe2b68-4bcd-4c66-be48-e19c02a14a54",
    "name" : "ball",
    "vertices" : [ {
      "x" : 0.309017,
      "y" : -0.309017,
      "z" : -0.309017
    }, {
      "x" : 0.5,
      "y" : 0.0,
      "z" : -0.19098301
    }, {
      "x" : 0.5,
      "y" : 0.0,
      "z" : 0.19098301
    }, {
      "x" : 0.309017,
      "y" : -0.309017,
      "z" : 0.309017
    }, {
      "x" : 0.19098301,
      "y" : -0.5,
      "z" : 0.0
    }, {
      "x" : 0.0,
      "y" : 0.19098301,
      "z" : 0.5
    }, {
      "x" : 0.0,
      "y" : -0.19098301,
      "z" : 0.5
    }, {
      "x" : 0.309017,
      "y" : 0.309017,
      "z" : 0.309017
    }, {
      "x" : -0.309017,
      "y" : -0.309017,
      "z" : 0.309017
    }, {
      "x" : -0.309017,
      "y" : 0.309017,
      "z" : 0.309017
    }, {
      "x" : -0.5,
      "y" : 0.0,
      "z" : 0.19098301
    }, {
      "x" : 0.0,
      "y" : -0.19098301,
      "z" : -0.5
    }, {
      "x" : 0.0,
      "y" : 0.19098301,
      "z" : -0.5
    }, {
      "x" : 0.309017,
      "y" : 0.309017,
      "z" : -0.309017
    }, {
      "x" : -0.309017,
      "y" : -0.309017,
      "z" : -0.309017
    }, {
      "x" : -0.19098301,
      "y" : -0.5,
      "z" : 0.0
    }, {
      "x" : -0.5,
      "y" : 0.0,
      "z" : -0.19098301
    }, {
      "x" : 0.19098301,
      "y" : 0.5,
      "z" : 0.0
    }, {
      "x" : -0.309017,
      "y" : 0.309017,
      "z" : -0.309017
    }, {
      "x" : 0.0,
      "y" : 0.0,
      "z" : 0.0
    }, {
      "x" : -0.19098301,
      "y" : 0.5,
      "z" : 0.0
    } ],
    "faces" : [ {
      "vertices" : [ 12, 18, 20, 17, 13 ]
    }, {
      "vertices" : [ 3, 6, 8, 15, 4 ]
    }, {
      "vertices" : [ 0, 11, 12, 13, 1 ]
    }, {
      "vertices" : [ 5, 9, 10, 8, 6 ]
    }, {
      "vertices" : [ 2, 7, 5, 6, 3 ]
    }, {
      "vertices" : [ 11, 14, 16, 18, 12 ]
    }, {
      "vertices" : [ 1, 13, 17, 7, 2 ]
    }, {
      "vertices" : [ 9, 20, 18, 16, 10 ]
    }, {
      "vertices" : [ 0, 1, 2, 3, 4 ]
    }, {
      "vertices" : [ 5, 7, 17, 20, 9 ]
    }, {
      "vertices" : [ 0, 4, 15, 14, 11 ]
    }, {
      "vertices" : [ 8, 10, 16, 14, 15 ]
    } ]
  }, {
    "id" : "4ff7c70f-0414-41c1-9a08-9580f5d7b930",
    "vertices" : [ {
      "x" : 0.0,
      "y" : 0.0,
      "z" : 0.0
    }, {
      "x" : -3.7888544,
      "y" : -3.7888544,
      "z" : -16.049845
    }, {
      "x" : -3.7888544,
      "y" : 12.26099,
      "z" : -6.130495
    }, {
      "x" : 0.0,
      "y" : 13.708204,
      "z" : 8.472136
    } ],
    "faces" : [ {
      "vertices" : [ 0, 1, 2, 3 ]
    }, {
      "vertices" : [ 0, 3, 2, 1 ]
    } ]
  }, {
    "id" : "33d24b0e-4e14-45ad-8eee-3c15b173bd72",
    "vertices" : [ {
      "x" : 0.0,
      "y" : 0.0,
      "z" : 0.0
    }, {
      "x" : 0.0,
      "y" : 0.0,
      "z" : -4.6832814
    }, {
      "x" : 0.0,
      "y" : 13.708204,
      "z" : 3.7888544
    } ],
    "faces" : [ {
      "vertices" : [ 0, 1, 2 ]
    }, {
      "vertices" : [ 0, 2, 1 ]
    } ]
  }, {
    "id" : "25446312-20fd-40b5-8a0c-dce9ab0d409f",
    "vertices" : [ {
      "x" : 0.0,
      "y" : 0.0,
      "z" : 0.0
    }, {
      "x" : 0.0,
      "y" : 12.26099,
      "z" : 7.5777087
    }, {
      "x" : 3.7888544,
      "y" : 16.049845,
      "z" : 23.627554
    }, {
      "x" : 3.7888544,
      "y" : -6.130495,
      "z" : 9.91935
    } ],
    "faces" : [ {
      "vertices" : [ 0, 1, 2, 3 ]
    }, {
      "vertices" : [ 0, 3, 2, 1 ]
    } ]
  }, {
    "id" : "8ec032ae-2a0f-4a10-825b-7584113ad983",
    "vertices" : [ {
      "x" : 0.0,
      "y" : 0.0,
      "z" : 0.0
    }, {
      "x" : 0.0,
      "y" : -22.18034,
      "z" : -13.708204
    }, {
      "x" : -3.7888544,
      "y" : -22.18034,
      "z" : -27.416409
    }, {
      "x" : -3.7888544,
      "y" : 0.0,
      "z" : -13.708204
    } ],
    "faces" : [ {
      "vertices" : [ 0, 1, 2, 3 ]
    }, {
      "vertices" : [ 0, 3, 2, 1 ]
    } ]
  }, {
    "id" : "f946ee1f-a9aa-418c-84c0-94e9ffddcd4c",
    "vertices" : [ {
      "x" : 0.0,
      "y" : 0.0,
      "z" : 0.0
    }, {
      "x" : -1.4472136,
      "y" : 2.3416407,
      "z" : -3.7888544
    }, {
      "x" : -1.4472136,
      "y" : 24.52198,
      "z" : 9.91935
    }, {
      "x" : 0.0,
      "y" : 22.18034,
      "z" : 13.708204
    } ],
    "faces" : [ {
      "vertices" : [ 0, 1, 2, 3 ]
    }, {
      "vertices" : [ 0, 3, 2, 1 ]
    } ]
  }, {
    "id" : "e4ab2e69-6998-4953-867d-b233021f5631",
    "vertices" : [ {
      "x" : 0.0,
      "y" : 0.0,
      "z" : 0.0
    }, {
      "x" : 0.0,
      "y" : 16.049845,
      "z" : 9.91935
    }, {
      "x" : 3.7888544,
      "y" : 9.91935,
      "z" : 19.8387
    }, {
      "x" : 3.7888544,
      "y" : -3.7888544,
      "z" : 11.366563
    } ],
    "faces" : [ {
      "vertices" : [ 0, 1, 2, 3 ]
    }, {
      "vertices" : [ 0, 3, 2, 1 ]
    } ]
  }, {
    "id" : "297c9759-fd51-40d5-86ba-22fe56a893a1",
    "vertices" : [ {
      "x" : 0.0,
      "y" : 0.0,
      "z" : 0.0
    }, {
      "x" : 0.0,
      "y" : -22.18034,
      "z" : 13.708204
    }, {
      "x" : 0.0,
      "y" : -44.36068,
      "z" : 0.0
    }, {
      "x" : 0.0,
      "y" : -22.18034,
      "z" : -13.708204
    } ],
    "faces" : [ {
      "vertices" : [ 0, 1, 2, 3 ]
    }, {
      "vertices" : [ 0, 3, 2, 1 ]
    } ]
  }, {
    "id" : "19cb3042-0e78-40c8-a42a-b2b894c9cf4e",
    "vertices" : [ {
      "x" : 0.0,
      "y" : 0.0,
      "z" : 0.0
    }, {
      "x" : 0.0,
      "y" : 12.26099,
      "z" : 7.5777087
    }, {
      "x" : 3.7888544,
      "y" : 16.049845,
      "z" : 23.627554
    }, {
      "x" : 3.7888544,
      "y" : -6.130495,
      "z" : 9.91935
    } ],
    "faces" : [ {
      "vertices" : [ 0, 1, 2, 3 ]
    }, {
      "vertices" : [ 0, 3, 2, 1 ]
    } ]
  }, {
    "id" : "8c1758ab-6502-4840-98b5-9144c643ac3d",
    "vertices" : [ {
      "x" : 0.0,
      "y" : 0.0,
      "z" : 0.0
    }, {
      "x" : -1.4472136,
      "y" : 14.602632,
      "z" : 3.7888544
    }, {
      "x" : 0.0,
      "y" : 22.18034,
      "z" : 13.708204
    } ],
    "faces" : [ {
      "vertices" : [ 0, 1, 2 ]
    }, {
      "vertices" : [ 0, 2, 1 ]
    } ]
  }, {
    "id" : "453e4148-713e-459d-8d0c-a7cb6d10407e",
    "vertices" : [ {
      "x" : 0.0,
      "y" : 0.0,
      "z" : 0.0
    }, {
      "x" : -3.7888544,
      "y" : -3.7888544,
      "z" : -16.049845
    }, {
      "x" : -3.7888544,
      "y" : 12.26099,
      "z" : -6.130495
    }, {
      "x" : 0.0,
      "y" : 13.708204,
      "z" : 8.472136
    } ],
    "faces" : [ {
      "vertices" : [ 0, 1, 2, 3 ]
    }, {
      "vertices" : [ 0, 3, 2, 1 ]
    } ]
  }, {
    "id" : "ba367671-1f21-47fe-bfad-ca842f65e666",
    "vertices" : [ {
      "x" : 0.0,
      "y" : 0.0,
      "z" : 0.0
    }, {
      "x" : 0.0,
      "y" : 0.0,
      "z" : 4.6832814
    }, {
      "x" : 0.0,
      "y" : -13.708204,
      "z" : -3.7888544
    } ],
    "faces" : [ {
      "vertices" : [ 0, 1, 2 ]
    }, {
      "vertices" : [ 0, 2, 1 ]
    } ]
  }, {
    "id" : "0ab77784-ea98-4221-91a4-b088c873e71f",
    "vertices" : [ {
      "x" : 0.0,
      "y" : 0.0,
      "z" : 0.0
    }, {
      "x" : 0.0,
      "y" : -13.708204,
      "z" : 3.7888544
    }, {
      "x" : 0.0,
      "y" : 0.0,
      "z" : -4.6832814
    } ],
    "faces" : [ {
      "vertices" : [ 0, 1, 2 ]
    }, {
      "vertices" : [ 0, 2, 1 ]
    } ]
  }, {
    "id" : "8c7b67fb-f741-42f3-90c4-ccc01beda761",
    "vertices" : [ {
      "x" : 0.0,
      "y" : 0.0,
      "z" : 0.0
    }, {
      "x" : 0.0,
      "y" : -22.18034,
      "z" : 13.708204
    }, {
      "x" : 0.0,
      "y" : -44.36068,
      "z" : 0.0
    }, {
      "x" : 0.0,
      "y" : -22.18034,
      "z" : -13.708204
    } ],
    "faces" : [ {
      "vertices" : [ 0, 1, 2, 3 ]
    }, {
      "vertices" : [ 0, 3, 2, 1 ]
    } ]
  }, {
    "id" : "69776b26-c5b8-454d-943a-168c916a8164",
    "vertices" : [ {
      "x" : 0.0,
      "y" : 0.0,
      "z" : 0.0
    }, {
      "x" : 0.0,
      "y" : 22.18034,
      "z" : -13.708204
    }, {
      "x" : 0.0,
      "y" : 44.36068,
      "z" : 0.0
    }, {
      "x" : 0.0,
      "y" : 22.18034,
      "z" : 13.708204
    } ],
    "faces" : [ {
      "vertices" : [ 0, 1, 2, 3 ]
    }, {
      "vertices" : [ 0, 3, 2, 1 ]
    } ]
  }, {
    "id" : "47747c28-bb2d-4530-b9f6-a549f788d857",
    "vertices" : [ {
      "x" : 0.0,
      "y" : 0.0,
      "z" : 0.0
    }, {
      "x" : 0.0,
      "y" : 13.708204,
      "z" : -3.7888544
    }, {
      "x" : 0.0,
      "y" : 0.0,
      "z" : 4.6832814
    } ],
    "faces" : [ {
      "vertices" : [ 0, 1, 2 ]
    }, {
      "vertices" : [ 0, 2, 1 ]
    } ]
  }, {
    "id" : "9678bb5d-2df3-486f-9e28-234b0581f5c0",
    "vertices" : [ {
      "x" : 0.0,
      "y" : 0.0,
      "z" : 0.0
    }, {
      "x" : 0.0,
      "y" : 16.049845,
      "z" : 9.91935
    }, {
      "x" : 3.7888544,
      "y" : 9.91935,
      "z" : 19.8387
    }, {
      "x" : 3.7888544,
      "y" : -3.7888544,
      "z" : 11.366563
    } ],
    "faces" : [ {
      "vertices" : [ 0, 1, 2, 3 ]
    }, {
      "vertices" : [ 0, 3, 2, 1 ]
    } ]
  }, {
    "id" : "1953ad04-93d2-4ee9-8701-1b2333ec8d6c",
    "vertices" : [ {
      "x" : 0.0,
      "y" : 0.0,
      "z" : 0.0
    }, {
      "x" : 0.0,
      "y" : -22.18034,
      "z" : -13.708204
    }, {
      "x" : -3.7888544,
      "y" : -22.18034,
      "z" : -27.416409
    }, {
      "x" : -3.7888544,
      "y" : 0.0,
      "z" : -13.708204
    } ],
    "faces" : [ {
      "vertices" : [ 0, 1, 2, 3 ]
    }, {
      "vertices" : [ 0, 3, 2, 1 ]
    } ]
  }, {
    "id" : "c1b10114-f0c7-452c-9122-4355f5bbbbe0",
    "name" : "ball",
    "vertices" : [ {
      "x" : 0.309017,
      "y" : -0.809017,
      "z" : 0.618034
    }, {
      "x" : 0.809017,
      "y" : -0.618034,
      "z" : 0.309017
    }, {
      "x" : 0.618034,
      "y" : -0.309017,
      "z" : 0.809017
    }, {
      "x" : 1.0,
      "y" : 0.309017,
      "z" : 0.19098301
    }, {
      "x" : 0.809017,
      "y" : 0.618034,
      "z" : 0.309017
    }, {
      "x" : 0.618034,
      "y" : 0.309017,
      "z" : 0.809017
    }, {
      "x" : 0.809017,
      "y" : 0.0,
      "z" : 0.690983
    }, {
      "x" : 0.19098301,
      "y" : -1.0,
      "z" : 0.309017
    }, {
      "x" : -0.19098301,
      "y" : -1.0,
      "z" : 0.309017
    }, {
      "x" : -0.19098301,
      "y" : -1.0,
      "z" : -0.309017
    }, {
      "x" : 0.19098301,
      "y" : -1.0,
      "z" : -0.309017
    }, {
      "x" : 1.0,
      "y" : -0.309017,
      "z" : -0.19098301
    }, {
      "x" : 0.809017,
      "y" : -0.618034,
      "z" : -0.309017
    }, {
      "x" : 0.618034,
      "y" : -0.309017,
      "z" : -0.809017
    }, {
      "x" : 0.809017,
      "y" : 0.0,
      "z" : -0.690983
    }, {
      "x" : 0.0,
      "y" : 0.690983,
      "z" : -0.809017
    }, {
      "x" : 0.309017,
      "y" : 0.809017,
      "z" : -0.618034
    }, {
      "x" : 0.618034,
      "y" : 0.309017,
      "z" : -0.809017
    }, {
      "x" : 0.309017,
      "y" : 0.19098301,
      "z" : -1.0
    }, {
      "x" : 1.0,
      "y" : 0.309017,
      "z" : -0.19098301
    }, {
      "x" : -0.309017,
      "y" : -0.809017,
      "z" : 0.618034
    }, {
      "x" : 0.0,
      "y" : -0.690983,
      "z" : 0.809017
    }, {
      "x" : 0.809017,
      "y" : 0.618034,
      "z" : -0.309017
    }, {
      "x" : 0.690983,
      "y" : 0.809017,
      "z" : 0.0
    }, {
      "x" : -0.690983,
      "y" : 0.809017,
      "z" : 0.0
    }, {
      "x" : -0.809017,
      "y" : 0.618034,
      "z" : 0.309017
    }, {
      "x" : -0.309017,
      "y" : 0.809017,
      "z" : 0.618034
    }, {
      "x" : -0.19098301,
      "y" : 1.0,
      "z" : 0.309017
    }, {
      "x" : 0.309017,
      "y" : -0.19098301,
      "z" : -1.0
    }, {
      "x" : 0.19098301,
      "y" : 1.0,
      "z" : 0.309017
    }, {
      "x" : 0.309017,
      "y" : 0.809017,
      "z" : 0.618034
    }, {
      "x" : -0.809017,
      "y" : -0.618034,
      "z" : 0.309017
    }, {
      "x" : -0.690983,
      "y" : -0.809017,
      "z" : 0.0
    }, {
      "x" : 0.0,
      "y" : 0.690983,
      "z" : 0.809017
    }, {
      "x" : 0.309017,
      "y" : -0.809017,
      "z" : -0.618034
    }, {
      "x" : 0.0,
      "y" : -0.690983,
      "z" : -0.809017
    }, {
      "x" : -1.0,
      "y" : 0.309017,
      "z" : 0.19098301
    }, {
      "x" : -0.809017,
      "y" : 0.0,
      "z" : 0.690983
    }, {
      "x" : -0.618034,
      "y" : 0.309017,
      "z" : 0.809017
    }, {
      "x" : 1.0,
      "y" : -0.309017,
      "z" : 0.19098301
    }, {
      "x" : -0.309017,
      "y" : -0.809017,
      "z" : -0.618034
    }, {
      "x" : -1.0,
      "y" : 0.309017,
      "z" : -0.19098301
    }, {
      "x" : -1.0,
      "y" : -0.309017,
      "z" : -0.19098301
    }, {
      "x" : -1.0,
      "y" : -0.309017,
      "z" : 0.19098301
    }, {
      "x" : 0.19098301,
      "y" : 1.0,
      "z" : -0.309017
    }, {
      "x" : -0.809017,
      "y" : 0.618034,
      "z" : -0.309017
    }, {
      "x" : -0.19098301,
      "y" : 1.0,
      "z" : -0.309017
    }, {
      "x" : -0.309017,
      "y" : 0.809017,
      "z" : -0.618034
    }, {
      "x" : -0.618034,
      "y" : -0.309017,
      "z" : 0.809017
    }, {
      "x" : 0.309017,
      "y" : 0.19098301,
      "z" : 1.0
    }, {
      "x" : -0.309017,
      "y" : 0.19098301,
      "z" : -1.0
    }, {
      "x" : -0.309017,
      "y" : 0.19098301,
      "z" : 1.0
    }, {
      "x" : -0.309017,
      "y" : -0.19098301,
      "z" : 1.0
    }, {
      "x" : 0.309017,
      "y" : -0.19098301,
      "z" : 1.0
    }, {
      "x" : 0.690983,
      "y" : -0.809017,
      "z" : 0.0
    }, {
      "x" : -0.809017,
      "y" : 0.0,
      "z" : -0.690983
    }, {
      "x" : -0.618034,
      "y" : -0.309017,
      "z" : -0.809017
    }, {
      "x" : -0.309017,
      "y" : -0.19098301,
      "z" : -1.0
    }, {
      "x" : -0.618034,
      "y" : 0.309017,
      "z" : -0.809017
    }, {
      "x" : -0.809017,
      "y" : -0.618034,
      "z" : -0.309017
    } ],
    "faces" : [ {
      "vertices" : [ 9, 40, 35, 34, 10 ]
    }, {
      "vertices" : [ 0, 1, 2 ]
    }, {
      "vertices" : [ 33, 51, 49 ]
    }, {
      "vertices" : [ 25, 36, 37, 38 ]
    }, {
      "vertices" : [ 41, 55, 42 ]
    }, {
      "vertices" : [ 9, 32, 59, 40 ]
    }, {
      "vertices" : [ 20, 21, 52, 48 ]
    }, {
      "vertices" : [ 26, 33, 30, 29, 27 ]
    }, {
      "vertices" : [ 3, 4, 5, 6 ]
    }, {
      "vertices" : [ 27, 29, 44, 46 ]
    }, {
      "vertices" : [ 50, 57, 56, 55, 58 ]
    }, {
      "vertices" : [ 26, 38, 51, 33 ]
    }, {
      "vertices" : [ 45, 47, 58 ]
    }, {
      "vertices" : [ 18, 28, 57, 50 ]
    }, {
      "vertices" : [ 40, 59, 56 ]
    }, {
      "vertices" : [ 31, 48, 37, 43 ]
    }, {
      "vertices" : [ 7, 8, 9, 10 ]
    }, {
      "vertices" : [ 36, 41, 42, 43 ]
    }, {
      "vertices" : [ 24, 46, 47, 45 ]
    }, {
      "vertices" : [ 4, 30, 5 ]
    }, {
      "vertices" : [ 15, 47, 46, 44, 16 ]
    }, {
      "vertices" : [ 15, 50, 58, 47 ]
    }, {
      "vertices" : [ 24, 45, 41, 36, 25 ]
    }, {
      "vertices" : [ 11, 14, 19 ]
    }, {
      "vertices" : [ 3, 6, 39 ]
    }, {
      "vertices" : [ 1, 39, 6, 2 ]
    }, {
      "vertices" : [ 8, 32, 9 ]
    }, {
      "vertices" : [ 11, 12, 13, 14 ]
    }, {
      "vertices" : [ 16, 22, 17 ]
    }, {
      "vertices" : [ 0, 21, 20, 8, 7 ]
    }, {
      "vertices" : [ 12, 34, 13 ]
    }, {
      "vertices" : [ 35, 40, 56, 57 ]
    }, {
      "vertices" : [ 0, 7, 54, 1 ]
    }, {
      "vertices" : [ 15, 16, 17, 18 ]
    }, {
      "vertices" : [ 3, 19, 22, 23, 4 ]
    }, {
      "vertices" : [ 7, 10, 54 ]
    }, {
      "vertices" : [ 41, 45, 58, 55 ]
    }, {
      "vertices" : [ 3, 39, 11, 19 ]
    }, {
      "vertices" : [ 14, 17, 22, 19 ]
    }, {
      "vertices" : [ 0, 2, 53, 21 ]
    }, {
      "vertices" : [ 49, 51, 52, 53 ]
    }, {
      "vertices" : [ 31, 43, 42, 59, 32 ]
    }, {
      "vertices" : [ 15, 18, 50 ]
    }, {
      "vertices" : [ 42, 55, 56, 59 ]
    }, {
      "vertices" : [ 4, 23, 29, 30 ]
    }, {
      "vertices" : [ 25, 38, 26 ]
    }, {
      "vertices" : [ 13, 28, 18, 17, 14 ]
    }, {
      "vertices" : [ 8, 20, 31, 32 ]
    }, {
      "vertices" : [ 23, 44, 29 ]
    }, {
      "vertices" : [ 24, 27, 46 ]
    }, {
      "vertices" : [ 37, 48, 52, 51, 38 ]
    }, {
      "vertices" : [ 20, 48, 31 ]
    }, {
      "vertices" : [ 24, 25, 26, 27 ]
    }, {
      "vertices" : [ 16, 44, 23, 22 ]
    }, {
      "vertices" : [ 13, 34, 35, 28 ]
    }, {
      "vertices" : [ 10, 34, 12, 54 ]
    }, {
      "vertices" : [ 2, 6, 5, 49, 53 ]
    }, {
      "vertices" : [ 36, 43, 37 ]
    }, {
      "vertices" : [ 5, 30, 33, 49 ]
    }, {
      "vertices" : [ 1, 54, 12, 11, 39 ]
    }, {
      "vertices" : [ 28, 35, 57 ]
    }, {
      "vertices" : [ 21, 53, 52 ]
    } ]
  }, {
    "id" : "82d8b9eb-196b-4363-802d-10cb8243f597",
    "vertices" : [ {
      "x" : 0.0,
      "y" : 0.0,
      "z" : 0.0
    }, {
      "x" : 0.0,
      "y" : 0.0,
      "z" : -4.6832814
    }, {
      "x" : 0.0,
      "y" : 13.708204,
      "z" : 3.7888544
    } ],
    "faces" : [ {
      "vertices" : [ 0, 1, 2 ]
    }, {
      "vertices" : [ 0, 2, 1 ]
    } ]
  }, {
    "id" : "87e3e27e-ff9d-4cc7-b9d3-3c07a503e0d5",
    "vertices" : [ {
      "x" : 0.0,
      "y" : 0.0,
      "z" : 0.0
    }, {
      "x" : -1.4472136,
      "y" : 2.3416407,
      "z" : -3.7888544
    }, {
      "x" : -1.4472136,
      "y" : 24.52198,
      "z" : 9.91935
    }, {
      "x" : 0.0,
      "y" : 22.18034,
      "z" : 13.708204
    } ],
    "faces" : [ {
      "vertices" : [ 0, 1, 2, 3 ]
    }, {
      "vertices" : [ 0, 3, 2, 1 ]
    } ]
  }, {
    "id" : "b3cb7d45-17bd-459d-9c52-dca7425d9f07",
    "orbit" : "blue",
    "orbitC" : "[[0,0,1],[0,0,1]]",
    "length" : "[-1,1,1]",
    "name" : "b0",
    "vertices" : [ {
      "x" : 4.236068,
      "y" : 0.309017,
      "z" : 0.19098301
    }, {
      "x" : 4.236068,
      "y" : 0.309017,
      "z" : -0.19098301
    }, {
      "x" : 1.0,
      "y" : 0.309017,
      "z" : -0.19098301
    }, {
      "x" : 1.0,
      "y" : 0.309017,
      "z" : 0.19098301
    }, {
      "x" : 4.236068,
      "y" : -0.309017,
      "z" : 0.19098301
    }, {
      "x" : 1.0,
      "y" : -0.309017,
      "z" : 0.19098301
    }, {
      "x" : 1.0,
      "y" : -0.309017,
      "z" : -0.19098301
    }, {
      "x" : 4.236068,
      "y" : -0.309017,
      "z" : -0.19098301
    }, {
      "x" : 5.236068,
      "y" : 0.0,
      "z" : 0.0
    } ],
    "faces" : [ {
      "vertices" : [ 1, 7, 6, 2 ]
    }, {
      "vertices" : [ 0, 1, 2, 3 ]
    }, {
      "vertices" : [ 4, 5, 6, 7 ]
    }, {
      "vertices" : [ 0, 3, 5, 4 ]
    } ]
  }, {
    "id" : "d1838109-c698-4c43-a50e-56945acde0ab",
    "orbit" : "blue",
    "orbitC" : "[[0,0,1],[0,0,1]]",
    "length" : "[1,2,1]",
    "name" : " :1 +2*phi",
    "vertices" : [ {
      "x" : 34.888542,
      "y" : 0.309017,
      "z" : 0.19098301
    }, {
      "x" : 34.888542,
      "y" : 0.309017,
      "z" : -0.19098301
    }, {
      "x" : 1.0,
      "y" : 0.309017,
      "z" : -0.19098301
    }, {
      "x" : 1.0,
      "y" : 0.309017,
      "z" : 0.19098301
    }, {
      "x" : 34.888542,
      "y" : -0.309017,
      "z" : 0.19098301
    }, {
      "x" : 1.0,
      "y" : -0.309017,
      "z" : 0.19098301
    }, {
      "x" : 1.0,
      "y" : -0.309017,
      "z" : -0.19098301
    }, {
      "x" : 34.888542,
      "y" : -0.309017,
      "z" : -0.19098301
    }, {
      "x" : 35.888542,
      "y" : 0.0,
      "z" : 0.0
    } ],
    "faces" : [ {
      "vertices" : [ 1, 7, 6, 2 ]
    }, {
      "vertices" : [ 0, 1, 2, 3 ]
    }, {
      "vertices" : [ 4, 5, 6, 7 ]
    }, {
      "vertices" : [ 0, 3, 5, 4 ]
    } ]
  } ],
  "instances" : [ {
    "shape" : "b72719cb-b6eb-406c-85a7-b1a840665acb",
    "color" : "#EDA57F",
    "position" : {
      "x" : 35.888542,
      "y" : -35.888542,
      "z" : 8.472136
    },
    "orientation" : 5
  }, {
    "shape" : "71e9c942-2120-45a1-8954-1fb103f90ac6",
    "color" : "#7FBACA",
    "position" : {
      "x" : 32.09969,
      "y" : -34.44133,
      "z" : 6.130495
    },
    "orientation" : 25
  }, {
    "shape" : "62fe2b68-4bcd-4c66-be48-e19c02a14a54",
    "color" : "#F2F2F2",
    "position" : {
      "x" : 39.6774,
      "y" : 0.0,
      "z" : 0.0
    }
  }, {
    "shape" : "62fe2b68-4bcd-4c66-be48-e19c02a14a54",
    "color" : "#F2F2F2",
    "position" : {
      "x" : 35.888542,
      "y" : 0.0,
      "z" : 13.708204
    }
  }, {
    "shape" : "62fe2b68-4bcd-4c66-be48-e19c02a14a54",
    "color" : "#F2F2F2",
    "position" : {
      "x" : 39.6774,
      "y" : 6.130495,
      "z" : -3.7888544
    }
  }, {
    "shape" : "62fe2b68-4bcd-4c66-be48-e19c02a14a54",
    "color" : "#F2F2F2",
    "position" : {
      "x" : -5.236068,
      "y" : 0.0,
      "z" : 0.0
    }
  }, {
    "shape" : "62fe2b68-4bcd-4c66-be48-e19c02a14a54",
    "color" : "#F2F2F2",
    "position" : {
      "x" : 32.09969,
      "y" : 12.26099,
      "z" : -19.8387
    }
  }, {
    "shape" : "4ff7c70f-0414-41c1-9a08-9580f5d7b930",
    "color" : "#EDA57F",
    "position" : {
      "x" : 35.888542,
      "y" : 22.18034,
      "z" : 0.0
    },
    "orientation" : 12
  }, {
    "shape" : "33d24b0e-4e14-45ad-8eee-3c15b173bd72",
    "color" : "#7FBACA",
    "position" : {
      "x" : 32.09969,
      "y" : -12.26099,
      "z" : 19.8387
    },
    "orientation" : 7
  }, {
    "shape" : "62fe2b68-4bcd-4c66-be48-e19c02a14a54",
    "color" : "#F2F2F2",
    "position" : {
      "x" : 35.888542,
      "y" : -35.888542,
      "z" : 8.472136
    }
  }, {
    "shape" : "33d24b0e-4e14-45ad-8eee-3c15b173bd72",
    "color" : "#7FBACA",
    "position" : {
      "x" : 32.09969,
      "y" : 12.26099,
      "z" : -19.8387
    },
    "orientation" : 22
  }, {
    "shape" : "62fe2b68-4bcd-4c66-be48-e19c02a14a54",
    "color" : "#F2F2F2",
    "position" : {
      "x" : 32.09969,
      "y" : -12.26099,
      "z" : 19.8387
    }
  }, {
    "shape" : "71e9c942-2120-45a1-8954-1fb103f90ac6",
    "color" : "#7FBACA",
    "position" : {
      "x" : 32.09969,
      "y" : 34.44133,
      "z" : -6.130495
    },
    "orientation" : 10
  }, {
    "shape" : "62fe2b68-4bcd-4c66-be48-e19c02a14a54",
    "color" : "#F2F2F2",
    "position" : {
      "x" : 32.09969,
      "y" : -34.44133,
      "z" : 6.130495
    }
  }, {
    "shape" : "62fe2b68-4bcd-4c66-be48-e19c02a14a54",
    "color" : "#F2F2F2",
    "position" : {
      "x" : 32.09969,
      "y" : 34.44133,
      "z" : -6.130495
    }
  }, {
    "shape" : "62fe2b68-4bcd-4c66-be48-e19c02a14a54",
    "color" : "#F2F2F2",
    "position" : {
      "x" : 35.888542,
      "y" : 13.708204,
      "z" : -22.18034
    }
  }, {
    "shape" : "62fe2b68-4bcd-4c66-be48-e19c02a14a54",
    "color" : "#F2F2F2",
    "position" : {
      "x" : 35.888542,
      "y" : -13.708204,
      "z" : 22.18034
    }
  }, {
    "shape" : "b72719cb-b6eb-406c-85a7-b1a840665acb",
    "color" : "#EDA57F",
    "position" : {
      "x" : 35.888542,
      "y" : 35.888542,
      "z" : -8.472136
    },
    "orientation" : 20
  }, {
    "shape" : "4ff7c70f-0414-41c1-9a08-9580f5d7b930",
    "color" : "#EDA57F",
    "position" : {
      "x" : 35.888542,
      "y" : -22.18034,
      "z" : 0.0
    },
    "orientation" : 27
  }, {
    "shape" : "62fe2b68-4bcd-4c66-be48-e19c02a14a54",
    "color" : "#F2F2F2",
    "position" : {
      "x" : 35.888542,
      "y" : 22.18034,
      "z" : 0.0
    }
  }, {
    "shape" : "25446312-20fd-40b5-8a0c-dce9ab0d409f",
    "color" : "#EDA57F",
    "position" : {
      "x" : 39.6774,
      "y" : 6.130495,
      "z" : -3.7888544
    },
    "orientation" : 27
  }, {
    "shape" : "25446312-20fd-40b5-8a0c-dce9ab0d409f",
    "color" : "#EDA57F",
    "position" : {
      "x" : 39.6774,
      "y" : -6.130495,
      "z" : 3.7888544
    },
    "orientation" : 12
  }, {
    "shape" : "62fe2b68-4bcd-4c66-be48-e19c02a14a54",
    "color" : "#F2F2F2",
    "position" : {
      "x" : 32.09969,
      "y" : 28.310835,
      "z" : -9.91935
    }
  }, {
    "shape" : "8ec032ae-2a0f-4a10-825b-7584113ad983",
    "color" : "#EDA57F",
    "position" : {
      "x" : 35.888542,
      "y" : 0.0,
      "z" : 13.708204
    },
    "orientation" : 57
  }, {
    "shape" : "62fe2b68-4bcd-4c66-be48-e19c02a14a54",
    "color" : "#F2F2F2",
    "position" : {
      "x" : 39.6774,
      "y" : 22.18034,
      "z" : -13.708204
    }
  }, {
    "shape" : "f946ee1f-a9aa-418c-84c0-94e9ffddcd4c",
    "color" : "#EDA57F",
    "position" : {
      "x" : 32.09969,
      "y" : -34.44133,
      "z" : 6.130495
    },
    "orientation" : 41
  }, {
    "shape" : "62fe2b68-4bcd-4c66-be48-e19c02a14a54",
    "color" : "#F2F2F2",
    "position" : {
      "x" : 35.888542,
      "y" : 35.888542,
      "z" : -8.472136
    }
  }, {
    "shape" : "8ec032ae-2a0f-4a10-825b-7584113ad983",
    "color" : "#EDA57F",
    "position" : {
      "x" : 35.888542,
      "y" : 0.0,
      "z" : -13.708204
    },
    "orientation" : 42
  }, {
    "shape" : "62fe2b68-4bcd-4c66-be48-e19c02a14a54",
    "color" : "#F2F2F2",
    "position" : {
      "x" : 39.6774,
      "y" : -6.130495,
      "z" : 3.7888544
    }
  }, {
    "shape" : "62fe2b68-4bcd-4c66-be48-e19c02a14a54",
    "color" : "#F2F2F2",
    "position" : {
      "x" : 35.888542,
      "y" : 0.0,
      "z" : 0.0
    }
  }, {
    "shape" : "e4ab2e69-6998-4953-867d-b233021f5631",
    "color" : "#EDA57F",
    "position" : {
      "x" : 39.6774,
      "y" : -22.18034,
      "z" : 13.708204
    },
    "orientation" : 12
  }, {
    "shape" : "e4ab2e69-6998-4953-867d-b233021f5631",
    "color" : "#EDA57F",
    "position" : {
      "x" : 39.6774,
      "y" : 22.18034,
      "z" : -13.708204
    },
    "orientation" : 27
  }, {
    "shape" : "62fe2b68-4bcd-4c66-be48-e19c02a14a54",
    "color" : "#F2F2F2",
    "position" : {
      "x" : 35.888542,
      "y" : -22.18034,
      "z" : 0.0
    }
  }, {
    "shape" : "297c9759-fd51-40d5-86ba-22fe56a893a1",
    "color" : "#7FBACA",
    "position" : {
      "x" : 35.888542,
      "y" : 22.18034,
      "z" : 0.0
    },
    "orientation" : 45
  }, {
    "shape" : "f946ee1f-a9aa-418c-84c0-94e9ffddcd4c",
    "color" : "#EDA57F",
    "position" : {
      "x" : 32.09969,
      "y" : 34.44133,
      "z" : -6.130495
    },
    "orientation" : 56
  }, {
    "shape" : "62fe2b68-4bcd-4c66-be48-e19c02a14a54",
    "color" : "#F2F2F2",
    "position" : {
      "x" : 35.888542,
      "y" : 0.0,
      "z" : -13.708204
    }
  }, {
    "shape" : "62fe2b68-4bcd-4c66-be48-e19c02a14a54",
    "color" : "#F2F2F2",
    "position" : {
      "x" : 39.6774,
      "y" : -22.18034,
      "z" : 13.708204
    }
  } ],
  "scenes" : [ {
    "title" : "",
    "content" : "",
    "view" : {
      "perspective" : false,
      "fieldOfView" : 0.44262943,
      "viewDistance" : 391.0672,
      "lookAtPointRV" : {
        "x" : 0.0,
        "y" : 0.0,
        "z" : 0.0,
        "zero" : true
      },
      "lookDirectionRV" : {
        "x" : 0.119426265,
        "y" : 0.5690115,
        "z" : 0.8136137,
        "zero" : false
      },
      "upDirectionRV" : {
        "x" : 0.9923095,
        "y" : -0.041764785,
        "z" : -0.11644569,
        "zero" : false
      },
      "lookAtPoint" : {
        "x" : 0.0,
        "y" : 0.0,
        "z" : 0.0
      },
      "lookDirection" : {
        "x" : 0.119426265,
        "y" : 0.5690115,
        "z" : 0.8136137
      },
      "upDirection" : {
        "x" : 0.9923095,
        "y" : -0.041764785,
        "z" : -0.11644569
      },
      "nearClipDistance" : 0.9776701,
      "farClipDistance" : 782.13635,
      "stereo" : false,
      "width" : 175.98045,
      "position" : {
        "x" : -46.703693,
        "y" : -222.52174,
        "z" : -318.17764
      }
    },
    "snapshot" : 4
  }, {
    "title" : "",
    "content" : "",
    "view" : {
      "perspective" : false,
      "fieldOfView" : 0.44262943,
      "viewDistance" : 391.0672,
      "lookAtPointRV" : {
        "x" : 0.0,
        "y" : 0.0,
        "z" : 0.0,
        "zero" : true
      },
      "lookDirectionRV" : {
        "x" : 0.13600837,
        "y" : 0.6801725,
        "z" : 0.7203264,
        "zero" : false
      },
      "upDirectionRV" : {
        "x" : 0.9897049,
        "y" : -0.060717072,
        "z" : -0.12953672,
        "zero" : false
      },
      "lookAtPoint" : {
        "x" : 0.0,
        "y" : 0.0,
        "z" : 0.0
      },
      "lookDirection" : {
        "x" : 0.13600837,
        "y" : 0.6801725,
        "z" : 0.7203264
      },
      "upDirection" : {
        "x" : 0.9897049,
        "y" : -0.060717072,
        "z" : -0.12953672
      },
      "nearClipDistance" : 0.9776701,
      "farClipDistance" : 782.13635,
      "stereo" : false,
      "width" : 175.98045,
      "position" : {
        "x" : -53.18841,
        "y" : -265.99316,
        "z" : -281.69604
      }
    },
    "snapshot" : 6
  }, {
    "title" : "",
    "content" : "",
    "view" : {
      "perspective" : false,
      "fieldOfView" : 0.44262943,
      "viewDistance" : 391.0672,
      "lookAtPointRV" : {
        "x" : 0.0,
        "y" : 0.0,
        "z" : 0.0,
        "zero" : true
      },
      "lookDirectionRV" : {
        "x" : 0.19391498,
        "y" : 0.37890998,
        "z" : 0.9048906,
        "zero" : false
      },
      "upDirectionRV" : {
        "x" : 0.98095244,
        "y" : -0.06493401,
        "z" : -0.18302344,
        "zero" : false
      },
      "lookAtPoint" : {
        "x" : 0.0,
        "y" : 0.0,
        "z" : 0.0
      },
      "lookDirection" : {
        "x" : 0.19391498,
        "y" : 0.37890998,
        "z" : 0.9048906
      },
      "upDirection" : {
        "x" : 0.98095244,
        "y" : -0.06493401,
        "z" : -0.18302344
      },
      "nearClipDistance" : 0.9776701,
      "farClipDistance" : 782.13635,
      "stereo" : false,
      "width" : 175.98045,
      "position" : {
        "x" : -75.833786,
        "y" : -148.17926,
        "z" : -353.87305
      }
    },
    "snapshot" : 0
  }, {
    "title" : "",
    "content" : "",
    "view" : {
      "perspective" : false,
      "fieldOfView" : 0.44262943,
      "viewDistance" : 391.0672,
      "lookAtPointRV" : {
        "x" : 0.0,
        "y" : 0.0,
        "z" : 0.0,
        "zero" : true
      },
      "lookDirectionRV" : {
        "x" : 0.119426265,
        "y" : 0.5690115,
        "z" : 0.8136137,
        "zero" : false
      },
      "upDirectionRV" : {
        "x" : 0.9923095,
        "y" : -0.041764785,
        "z" : -0.11644569,
        "zero" : false
      },
      "lookAtPoint" : {
        "x" : 0.0,
        "y" : 0.0,
        "z" : 0.0
      },
      "lookDirection" : {
        "x" : 0.119426265,
        "y" : 0.5690115,
        "z" : 0.8136137
      },
      "upDirection" : {
        "x" : 0.9923095,
        "y" : -0.041764785,
        "z" : -0.11644569
      },
      "nearClipDistance" : 0.9776701,
