{
  "polygons" : "true",
  "field" : "golden",
  "symmetry" : "icosahedral",
  "orientations" : [ [ 1.0, 0.0, 0.0, 0.0, 0.0, 1.0, 0.0, 0.0, 0.0, 0.0, 1.0, 0.0, 0.0, 0.0, 0.0, 1.0 ], [ 0.0, 0.0, 1.0, 0.0, 1.0, 0.0, 0.0, 0.0, 0.0, 1.0, 0.0, 0.0, 0.0, 0.0, 0.0, 1.0 ], [ 0.0, 1.0, 0.0, 0.0, 0.0, 0.0, 1.0, 0.0, 1.0, 0.0, 0.0, 0.0, 0.0, 0.0, 0.0, 1.0 ], [ 0.809017, 0.309017, 0.5, 0.0, 0.309017, 0.5, -0.809017, 0.0, -0.5, 0.809017, 0.309017, 0.0, 0.0, 0.0, 0.0, 1.0 ], [ -0.5, 0.809017, 0.309017, 0.0, 0.809017, 0.309017, 0.5, 0.0, 0.309017, 0.5, -0.809017, 0.0, 0.0, 0.0, 0.0, 1.0 ], [ 0.309017, 0.5, -0.809017, 0.0, -0.5, 0.809017, 0.309017, 0.0, 0.809017, 0.309017, 0.5, 0.0, 0.0, 0.0, 0.0, 1.0 ], [ 0.5, 0.809017, 0.309017, 0.0, 0.809017, -0.309017, -0.5, 0.0, -0.309017, 0.5, -0.809017, 0.0, 0.0, 0.0, 0.0, 1.0 ], [ -0.309017, 0.5, -0.809017, 0.0, 0.5, 0.809017, 0.309017, 0.0, 0.809017, -0.309017, -0.5, 0.0, 0.0, 0.0, 0.0, 1.0 ], [ 0.809017, -0.309017, -0.5, 0.0, -0.309017, 0.5, -0.809017, 0.0, 0.5, 0.809017, 0.309017, 0.0, 0.0, 0.0, 0.0, 1.0 ], [ 0.5, 0.809017, -0.309017, 0.0, 0.809017, -0.309017, 0.5, 0.0, 0.309017, -0.5, -0.809017, 0.0, 0.0, 0.0, 0.0, 1.0 ], [ 0.309017, -0.5, -0.809017, 0.0, 0.5, 0.809017, -0.309017, 0.0, 0.809017, -0.309017, 0.5, 0.0, 0.0, 0.0, 0.0, 1.0 ], [ 0.809017, -0.309017, 0.5, 0.0, 0.309017, -0.5, -0.809017, 0.0, 0.5, 0.809017, -0.309017, 0.0, 0.0, 0.0, 0.0, 1.0 ], [ 0.809017, 0.309017, -0.5, 0.0, 0.309017, 0.5, 0.809017, 0.0, 0.5, -0.809017, 0.309017, 0.0, 0.0, 0.0, 0.0, 1.0 ], [ 0.5, -0.809017, 0.309017, 0.0, 0.809017, 0.309017, -0.5, 0.0, 0.309017, 0.5, 0.809017, 0.0, 0.0, 0.0, 0.0, 1.0 ], [ 0.309017, 0.5, 0.809017, 0.0, 0.5, -0.809017, 0.309017, 0.0, 0.809017, 0.309017, -0.5, 0.0, 0.0, 0.0, 0.0, 1.0 ], [ 1.0, 0.0, 0.0, 0.0, 0.0, -1.0, 0.0, 0.0, 0.0, 0.0, -1.0, 0.0, 0.0, 0.0, 0.0, 1.0 ], [ 0.0, 0.0, 1.0, 0.0, -1.0, 0.0, 0.0, 0.0, 0.0, -1.0, 0.0, 0.0, 0.0, 0.0, 0.0, 1.0 ], [ 0.0, 1.0, 0.0, 0.0, 0.0, 0.0, -1.0, 0.0, -1.0, 0.0, 0.0, 0.0, 0.0, 0.0, 0.0, 1.0 ], [ 0.809017, 0.309017, 0.5, 0.0, -0.309017, -0.5, 0.809017, 0.0, 0.5, -0.809017, -0.309017, 0.0, 0.0, 0.0, 0.0, 1.0 ], [ -0.5, 0.809017, 0.309017, 0.0, -0.809017, -0.309017, -0.5, 0.0, -0.309017, -0.5, 0.809017, 0.0, 0.0, 0.0, 0.0, 1.0 ], [ 0.309017, 0.5, -0.809017, 0.0, 0.5, -0.809017, -0.309017, 0.0, -0.809017, -0.309017, -0.5, 0.0, 0.0, 0.0, 0.0, 1.0 ], [ 0.5, 0.809017, 0.309017, 0.0, -0.809017, 0.309017, 0.5, 0.0, 0.309017, -0.5, 0.809017, 0.0, 0.0, 0.0, 0.0, 1.0 ], [ -0.309017, 0.5, -0.809017, 0.0, -0.5, -0.809017, -0.309017, 0.0, -0.809017, 0.309017, 0.5, 0.0, 0.0, 0.0, 0.0, 1.0 ], [ 0.809017, -0.309017, -0.5, 0.0, 0.309017, -0.5, 0.809017, 0.0, -0.5, -0.809017, -0.309017, 0.0, 0.0, 0.0, 0.0, 1.0 ], [ 0.5, 0.809017, -0.309017, 0.0, -0.809017, 0.309017, -0.5, 0.0, -0.309017, 0.5, 0.809017, 0.0, 0.0, 0.0, 0.0, 1.0 ], [ 0.309017, -0.5, -0.809017, 0.0, -0.5, -0.809017, 0.309017, 0.0, -0.809017, 0.309017, -0.5, 0.0, 0.0, 0.0, 0.0, 1.0 ], [ 0.809017, -0.309017, 0.5, 0.0, -0.309017, 0.5, 0.809017, 0.0, -0.5, -0.809017, 0.309017, 0.0, 0.0, 0.0, 0.0, 1.0 ], [ 0.809017, 0.309017, -0.5, 0.0, -0.309017, -0.5, -0.809017, 0.0, -0.5, 0.809017, -0.309017, 0.0, 0.0, 0.0, 0.0, 1.0 ], [ 0.5, -0.809017, 0.309017, 0.0, -0.809017, -0.309017, 0.5, 0.0, -0.309017, -0.5, -0.809017, 0.0, 0.0, 0.0, 0.0, 1.0 ], [ 0.309017, 0.5, 0.809017, 0.0, -0.5, 0.809017, -0.309017, 0.0, -0.809017, -0.309017, 0.5, 0.0, 0.0, 0.0, 0.0, 1.0 ], [ -1.0, 0.0, 0.0, 0.0, 0.0, -1.0, 0.0, 0.0, 0.0, 0.0, 1.0, 0.0, 0.0, 0.0, 0.0, 1.0 ], [ 0.0, 0.0, -1.0, 0.0, -1.0, 0.0, 0.0, 0.0, 0.0, 1.0, 0.0, 0.0, 0.0, 0.0, 0.0, 1.0 ], [ 0.0, -1.0, 0.0, 0.0, 0.0, 0.0, -1.0, 0.0, 1.0, 0.0, 0.0, 0.0, 0.0, 0.0, 0.0, 1.0 ], [ -0.809017, -0.309017, -0.5, 0.0, -0.309017, -0.5, 0.809017, 0.0, -0.5, 0.809017, 0.309017, 0.0, 0.0, 0.0, 0.0, 1.0 ], [ 0.5, -0.809017, -0.309017, 0.0, -0.809017, -0.309017, -0.5, 0.0, 0.309017, 0.5, -0.809017, 0.0, 0.0, 0.0, 0.0, 1.0 ], [ -0.309017, -0.5, 0.809017, 0.0, 0.5, -0.809017, -0.309017, 0.0, 0.809017, 0.309017, 0.5, 0.0, 0.0, 0.0, 0.0, 1.0 ], [ -0.5, -0.809017, -0.309017, 0.0, -0.809017, 0.309017, 0.5, 0.0, -0.309017, 0.5, -0.809017, 0.0, 0.0, 0.0, 0.0, 1.0 ], [ 0.309017, -0.5, 0.809017, 0.0, -0.5, -0.809017, -0.309017, 0.0, 0.809017, -0.309017, -0.5, 0.0, 0.0, 0.0, 0.0, 1.0 ], [ -0.809017, 0.309017, 0.5, 0.0, 0.309017, -0.5, 0.809017, 0.0, 0.5, 0.809017, 0.309017, 0.0, 0.0, 0.0, 0.0, 1.0 ], [ -0.5, -0.809017, 0.309017, 0.0, -0.809017, 0.309017, -0.5, 0.0, 0.309017, -0.5, -0.809017, 0.0, 0.0, 0.0, 0.0, 1.0 ], [ -0.309017, 0.5, 0.809017, 0.0, -0.5, -0.809017, 0.309017, 0.0, 0.809017, -0.309017, 0.5, 0.0, 0.0, 0.0, 0.0, 1.0 ], [ -0.809017, 0.309017, -0.5, 0.0, -0.309017, 0.5, 0.809017, 0.0, 0.5, 0.809017, -0.309017, 0.0, 0.0, 0.0, 0.0, 1.0 ], [ -0.809017, -0.309017, 0.5, 0.0, -0.309017, -0.5, -0.809017, 0.0, 0.5, -0.809017, 0.309017, 0.0, 0.0, 0.0, 0.0, 1.0 ], [ -0.5, 0.809017, -0.309017, 0.0, -0.809017, -0.309017, 0.5, 0.0, 0.309017, 0.5, 0.809017, 0.0, 0.0, 0.0, 0.0, 1.0 ], [ -0.309017, -0.5, -0.809017, 0.0, -0.5, 0.809017, -0.309017, 0.0, 0.809017, 0.309017, -0.5, 0.0, 0.0, 0.0, 0.0, 1.0 ], [ -1.0, 0.0, 0.0, 0.0, 0.0, 1.0, 0.0, 0.0, 0.0, 0.0, -1.0, 0.0, 0.0, 0.0, 0.0, 1.0 ], [ 0.0, 0.0, -1.0, 0.0, 1.0, 0.0, 0.0, 0.0, 0.0, -1.0, 0.0, 0.0, 0.0, 0.0, 0.0, 1.0 ], [ 0.0, -1.0, 0.0, 0.0, 0.0, 0.0, 1.0, 0.0, -1.0, 0.0, 0.0, 0.0, 0.0, 0.0, 0.0, 1.0 ], [ -0.809017, -0.309017, -0.5, 0.0, 0.309017, 0.5, -0.809017, 0.0, 0.5, -0.809017, -0.309017, 0.0, 0.0, 0.0, 0.0, 1.0 ], [ 0.5, -0.809017, -0.309017, 0.0, 0.809017, 0.309017, 0.5, 0.0, -0.309017, -0.5, 0.809017, 0.0, 0.0, 0.0, 0.0, 1.0 ], [ -0.309017, -0.5, 0.809017, 0.0, -0.5, 0.809017, 0.309017, 0.0, -0.809017, -0.309017, -0.5, 0.0, 0.0, 0.0, 0.0, 1.0 ], [ -0.5, -0.809017, -0.309017, 0.0, 0.809017, -0.309017, -0.5, 0.0, 0.309017, -0.5, 0.809017, 0.0, 0.0, 0.0, 0.0, 1.0 ], [ 0.309017, -0.5, 0.809017, 0.0, 0.5, 0.809017, 0.309017, 0.0, -0.809017, 0.309017, 0.5, 0.0, 0.0, 0.0, 0.0, 1.0 ], [ -0.809017, 0.309017, 0.5, 0.0, -0.309017, 0.5, -0.809017, 0.0, -0.5, -0.809017, -0.309017, 0.0, 0.0, 0.0, 0.0, 1.0 ], [ -0.5, -0.809017, 0.309017, 0.0, 0.809017, -0.309017, 0.5, 0.0, -0.309017, 0.5, 0.809017, 0.0, 0.0, 0.0, 0.0, 1.0 ], [ -0.309017, 0.5, 0.809017, 0.0, 0.5, 0.809017, -0.309017, 0.0, -0.809017, 0.309017, -0.5, 0.0, 0.0, 0.0, 0.0, 1.0 ], [ -0.809017, 0.309017, -0.5, 0.0, 0.309017, -0.5, -0.809017, 0.0, -0.5, -0.809017, 0.309017, 0.0, 0.0, 0.0, 0.0, 1.0 ], [ -0.809017, -0.309017, 0.5, 0.0, 0.309017, 0.5, 0.809017, 0.0, -0.5, 0.809017, -0.309017, 0.0, 0.0, 0.0, 0.0, 1.0 ], [ -0.5, 0.809017, -0.309017, 0.0, 0.809017, 0.309017, -0.5, 0.0, -0.309017, -0.5, -0.809017, 0.0, 0.0, 0.0, 0.0, 1.0 ], [ -0.309017, -0.5, -0.809017, 0.0, 0.5, -0.809017, 0.309017, 0.0, -0.809017, -0.309017, 0.5, 0.0, 0.0, 0.0, 0.0, 1.0 ] ],
  "lights" : {
    "ambientColor" : "#292929",
    "backgroundColor" : "#FFFFEF",
    "directionalLights" : [ {
      "direction" : [ 1.0, -1.0, -1.0 ],
      "color" : "#EBEBE4"
    }, {
      "direction" : [ -1.0, 0.0, 0.0 ],
      "color" : "#E4E4EB"
    }, {
      "direction" : [ 0.0, 0.0, -1.0 ],
      "color" : "#1E1E1E"
    } ]
  },
  "camera" : {
    "perspective" : false,
    "fieldOfView" : 0.44262943,
    "viewDistance" : 468.19247,
    "lookAtPointRV" : {
      "x" : 0.0,
      "y" : 0.0,
      "z" : 0.0,
      "zero" : true
    },
    "lookDirectionRV" : {
      "x" : -0.10309039,
      "y" : 0.98131406,
      "z" : 0.16246238,
      "zero" : false
    },
    "upDirectionRV" : {
      "x" : 0.9204231,
      "y" : 0.03219986,
      "z" : 0.38957462,
      "zero" : false
    },
    "lookAtPoint" : {
      "x" : 0.0,
      "y" : 0.0,
      "z" : 0.0
    },
    "lookDirection" : {
      "x" : -0.10309039,
      "y" : 0.98131406,
      "z" : 0.16246238
    },
    "upDirection" : {
      "x" : 0.9204231,
      "y" : 0.03219986,
      "z" : 0.38957462
    },
    "nearClipDistance" : 1.1704829,
    "farClipDistance" : 936.3871,
    "stereo" : false,
    "width" : 210.68689,
    "position" : {
      "x" : 48.266144,
      "y" : -459.44385,
      "z" : -76.06367
    }
  },
  "embedding" : [ 1.0, 0.0, 0.0, 0.0, 0.0, 1.0, 0.0, 0.0, 0.0, 0.0, 1.0, 0.0, 0.0, 0.0, 0.0, 1.0 ],
  "shapes" : [ {
    "id" : "0f60f98c-9eb9-485d-8264-725c462a3f94",
    "vertices" : [ {
      "x" : 0.0,
      "y" : 0.0,
      "z" : 0.0
    }, {
      "x" : 0.0,
      "y" : -5.236068,
      "z" : 13.708204
    }, {
      "x" : 0.0,
      "y" : -22.18034,
      "z" : 13.708204
    } ],
    "faces" : [ {
      "vertices" : [ 0, 1, 2 ]
    }, {
      "vertices" : [ 0, 2, 1 ]
    } ]
  }, {
    "id" : "c1b10114-f0c7-452c-9122-4355f5bbbbe0",
    "name" : "ball",
    "vertices" : [ {
      "x" : 0.309017,
      "y" : -0.809017,
      "z" : 0.618034
    }, {
      "x" : 0.809017,
      "y" : -0.618034,
      "z" : 0.309017
    }, {
      "x" : 0.618034,
      "y" : -0.309017,
      "z" : 0.809017
    }, {
      "x" : 1.0,
      "y" : 0.309017,
      "z" : 0.19098301
    }, {
      "x" : 0.809017,
      "y" : 0.618034,
      "z" : 0.309017
    }, {
      "x" : 0.618034,
      "y" : 0.309017,
      "z" : 0.809017
    }, {
      "x" : 0.809017,
      "y" : 0.0,
      "z" : 0.690983
    }, {
      "x" : 0.19098301,
      "y" : -1.0,
      "z" : 0.309017
    }, {
      "x" : -0.19098301,
      "y" : -1.0,
      "z" : 0.309017
    }, {
      "x" : -0.19098301,
      "y" : -1.0,
      "z" : -0.309017
    }, {
      "x" : 0.19098301,
      "y" : -1.0,
      "z" : -0.309017
    }, {
      "x" : 1.0,
      "y" : -0.309017,
      "z" : -0.19098301
    }, {
      "x" : 0.809017,
      "y" : -0.618034,
      "z" : -0.309017
    }, {
      "x" : 0.618034,
      "y" : -0.309017,
      "z" : -0.809017
    }, {
      "x" : 0.809017,
      "y" : 0.0,
      "z" : -0.690983
    }, {
      "x" : 0.0,
      "y" : 0.690983,
      "z" : -0.809017
    }, {
      "x" : 0.309017,
      "y" : 0.809017,
      "z" : -0.618034
    }, {
      "x" : 0.618034,
      "y" : 0.309017,
      "z" : -0.809017
    }, {
      "x" : 0.309017,
      "y" : 0.19098301,
      "z" : -1.0
    }, {
      "x" : 1.0,
      "y" : 0.309017,
      "z" : -0.19098301
    }, {
      "x" : -0.309017,
      "y" : -0.809017,
      "z" : 0.618034
    }, {
      "x" : 0.0,
      "y" : -0.690983,
      "z" : 0.809017
    }, {
      "x" : 0.809017,
      "y" : 0.618034,
      "z" : -0.309017
    }, {
      "x" : 0.690983,
      "y" : 0.809017,
      "z" : 0.0
    }, {
      "x" : -0.690983,
      "y" : 0.809017,
      "z" : 0.0
    }, {
      "x" : -0.809017,
      "y" : 0.618034,
      "z" : 0.309017
    }, {
      "x" : -0.309017,
      "y" : 0.809017,
      "z" : 0.618034
    }, {
      "x" : -0.19098301,
      "y" : 1.0,
      "z" : 0.309017
    }, {
      "x" : 0.309017,
      "y" : -0.19098301,
      "z" : -1.0
    }, {
      "x" : 0.19098301,
      "y" : 1.0,
      "z" : 0.309017
    }, {
      "x" : 0.309017,
      "y" : 0.809017,
      "z" : 0.618034
    }, {
      "x" : -0.809017,
      "y" : -0.618034,
      "z" : 0.309017
    }, {
      "x" : -0.690983,
      "y" : -0.809017,
      "z" : 0.0
    }, {
      "x" : 0.0,
      "y" : 0.690983,
      "z" : 0.809017
    }, {
      "x" : 0.309017,
      "y" : -0.809017,
      "z" : -0.618034
    }, {
      "x" : 0.0,
      "y" : -0.690983,
      "z" : -0.809017
    }, {
      "x" : -1.0,
      "y" : 0.309017,
      "z" : 0.19098301
    }, {
      "x" : -0.809017,
      "y" : 0.0,
      "z" : 0.690983
    }, {
      "x" : -0.618034,
      "y" : 0.309017,
      "z" : 0.809017
    }, {
      "x" : 1.0,
      "y" : -0.309017,
      "z" : 0.19098301
    }, {
      "x" : -0.309017,
      "y" : -0.809017,
      "z" : -0.618034
    }, {
      "x" : -1.0,
      "y" : 0.309017,
      "z" : -0.19098301
    }, {
      "x" : -1.0,
      "y" : -0.309017,
      "z" : -0.19098301
    }, {
      "x" : -1.0,
      "y" : -0.309017,
      "z" : 0.19098301
    }, {
      "x" : 0.19098301,
      "y" : 1.0,
      "z" : -0.309017
    }, {
      "x" : -0.809017,
      "y" : 0.618034,
      "z" : -0.309017
    }, {
      "x" : -0.19098301,
      "y" : 1.0,
      "z" : -0.309017
    }, {
      "x" : -0.309017,
      "y" : 0.809017,
      "z" : -0.618034
    }, {
      "x" : -0.618034,
      "y" : -0.309017,
      "z" : 0.809017
    }, {
      "x" : 0.309017,
      "y" : 0.19098301,
      "z" : 1.0
    }, {
      "x" : -0.309017,
      "y" : 0.19098301,
      "z" : -1.0
    }, {
      "x" : -0.309017,
      "y" : 0.19098301,
      "z" : 1.0
    }, {
      "x" : -0.309017,
      "y" : -0.19098301,
      "z" : 1.0
    }, {
      "x" : 0.309017,
      "y" : -0.19098301,
      "z" : 1.0
    }, {
      "x" : 0.690983,
      "y" : -0.809017,
      "z" : 0.0
    }, {
      "x" : -0.809017,
      "y" : 0.0,
      "z" : -0.690983
    }, {
      "x" : -0.618034,
      "y" : -0.309017,
      "z" : -0.809017
    }, {
      "x" : -0.309017,
      "y" : -0.19098301,
      "z" : -1.0
    }, {
      "x" : -0.618034,
      "y" : 0.309017,
      "z" : -0.809017
    }, {
      "x" : -0.809017,
      "y" : -0.618034,
      "z" : -0.309017
    } ],
    "faces" : [ {
      "vertices" : [ 9, 40, 35, 34, 10 ]
    }, {
      "vertices" : [ 0, 1, 2 ]
    }, {
      "vertices" : [ 33, 51, 49 ]
    }, {
      "vertices" : [ 25, 36, 37, 38 ]
    }, {
      "vertices" : [ 41, 55, 42 ]
    }, {
      "vertices" : [ 9, 32, 59, 40 ]
    }, {
      "vertices" : [ 20, 21, 52, 48 ]
    }, {
      "vertices" : [ 26, 33, 30, 29, 27 ]
    }, {
      "vertices" : [ 3, 4, 5, 6 ]
    }, {
      "vertices" : [ 27, 29, 44, 46 ]
    }, {
      "vertices" : [ 50, 57, 56, 55, 58 ]
    }, {
      "vertices" : [ 26, 38, 51, 33 ]
    }, {
      "vertices" : [ 45, 47, 58 ]
    }, {
      "vertices" : [ 18, 28, 57, 50 ]
    }, {
      "vertices" : [ 40, 59, 56 ]
    }, {
      "vertices" : [ 31, 48, 37, 43 ]
    }, {
      "vertices" : [ 7, 8, 9, 10 ]
    }, {
      "vertices" : [ 36, 41, 42, 43 ]
    }, {
      "vertices" : [ 24, 46, 47, 45 ]
    }, {
      "vertices" : [ 4, 30, 5 ]
    }, {
      "vertices" : [ 15, 47, 46, 44, 16 ]
    }, {
      "vertices" : [ 15, 50, 58, 47 ]
    }, {
      "vertices" : [ 24, 45, 41, 36, 25 ]
    }, {
      "vertices" : [ 11, 14, 19 ]
    }, {
      "vertices" : [ 3, 6, 39 ]
    }, {
      "vertices" : [ 1, 39, 6, 2 ]
    }, {
      "vertices" : [ 8, 32, 9 ]
    }, {
      "vertices" : [ 11, 12, 13, 14 ]
    }, {
      "vertices" : [ 16, 22, 17 ]
    }, {
      "vertices" : [ 0, 21, 20, 8, 7 ]
    }, {
      "vertices" : [ 12, 34, 13 ]
    }, {
      "vertices" : [ 35, 40, 56, 57 ]
    }, {
      "vertices" : [ 0, 7, 54, 1 ]
    }, {
      "vertices" : [ 15, 16, 17, 18 ]
    }, {
      "vertices" : [ 3, 19, 22, 23, 4 ]
    }, {
      "vertices" : [ 7, 10, 54 ]
    }, {
      "vertices" : [ 41, 45, 58, 55 ]
    }, {
      "vertices" : [ 3, 39, 11, 19 ]
    }, {
      "vertices" : [ 14, 17, 22, 19 ]
    }, {
      "vertices" : [ 0, 2, 53, 21 ]
    }, {
      "vertices" : [ 49, 51, 52, 53 ]
    }, {
      "vertices" : [ 31, 43, 42, 59, 32 ]
    }, {
      "vertices" : [ 15, 18, 50 ]
    }, {
      "vertices" : [ 42, 55, 56, 59 ]
    }, {
      "vertices" : [ 4, 23, 29, 30 ]
    }, {
      "vertices" : [ 25, 38, 26 ]
    }, {
      "vertices" : [ 13, 28, 18, 17, 14 ]
    }, {
      "vertices" : [ 8, 20, 31, 32 ]
    }, {
      "vertices" : [ 23, 44, 29 ]
    }, {
      "vertices" : [ 24, 27, 46 ]
    }, {
      "vertices" : [ 37, 48, 52, 51, 38 ]
    }, {
      "vertices" : [ 20, 48, 31 ]
    }, {
      "vertices" : [ 24, 25, 26, 27 ]
    }, {
      "vertices" : [ 16, 44, 23, 22 ]
    }, {
      "vertices" : [ 13, 34, 35, 28 ]
    }, {
      "vertices" : [ 10, 34, 12, 54 ]
    }, {
      "vertices" : [ 2, 6, 5, 49, 53 ]
    }, {
      "vertices" : [ 36, 43, 37 ]
    }, {
      "vertices" : [ 5, 30, 33, 49 ]
    }, {
      "vertices" : [ 1, 54, 12, 11, 39 ]
    }, {
      "vertices" : [ 28, 35, 57 ]
    }, {
      "vertices" : [ 21, 53, 52 ]
    } ]
  }, {
    "id" : "56899846-deed-4562-bd2e-10d1ddd0eeb7",
    "vertices" : [ {
      "x" : 0.0,
      "y" : 0.0,
      "z" : 0.0
    }, {
      "x" : 0.0,
      "y" : 22.18034,
      "z" : 13.708204
    }, {
      "x" : 0.0,
      "y" : 0.0,
      "z" : 27.416409
    }, {
      "x" : 0.0,
      "y" : -22.18034,
      "z" : 13.708204
    } ],
    "faces" : [ {
      "vertices" : [ 0, 1, 2, 3 ]
    }, {
      "vertices" : [ 0, 3, 2, 1 ]
    } ]
  }, {
    "id" : "7d430b49-2b84-4f74-bbbf-3f2bf8cb8298",
    "vertices" : [ {
      "x" : 0.0,
      "y" : 0.0,
      "z" : 0.0
    }, {
      "x" : 0.0,
      "y" : -22.18034,
      "z" : -13.708204
    }, {
      "x" : 0.0,
      "y" : 0.0,
      "z" : -27.416409
    }, {
      "x" : 0.0,
      "y" : 22.18034,
      "z" : -13.708204
    } ],
    "faces" : [ {
      "vertices" : [ 0, 1, 2, 3 ]
    }, {
      "vertices" : [ 0, 3, 2, 1 ]
    } ]
  }, {
    "id" : "fb17e958-c744-4ae1-b9bd-8029b745a2e9",
    "orbit" : "red",
    "orbitC" : "[[-1,1,1],[0,0,1]]",
    "length" : "[0,2,1]",
    "name" : " :2*phi",
    "vertices" : [ {
      "x" : 10.281153,
      "y" : 6.472136,
      "z" : 0.309017
    }, {
      "x" : 11.899187,
      "y" : 7.236068,
      "z" : 0.309017
    }, {
      "x" : 11.708204,
      "y" : 7.545085,
      "z" : 0.19098301
    }, {
      "x" : 0.809017,
      "y" : 0.618034,
      "z" : -0.309017
    }, {
      "x" : 0.690983,
      "y" : 0.809017,
      "z" : 0.0
    }, {
      "x" : 10.163119,
      "y" : 6.663119,
      "z" : 0.0
    }, {
      "x" : 10.281153,
      "y" : 6.472136,
      "z" : -0.309017
    }, {
      "x" : 21.371323,
      "y" : 13.09017,
      "z" : 0.309017
    }, {
      "x" : 10.472136,
      "y" : 6.163119,
      "z" : 0.19098301
    }, {
      "x" : 10.472136,
      "y" : 6.163119,
      "z" : -0.19098301
    }, {
      "x" : 12.0172205,
      "y" : 7.045085,
      "z" : 0.0
    }, {
      "x" : 11.899187,
      "y" : 7.236068,
      "z" : -0.309017
    }, {
      "x" : 21.489357,
      "y" : 12.899187,
      "z" : 0.0
    }, {
      "x" : 1.0,
      "y" : 0.309017,
      "z" : 0.19098301
    }, {
      "x" : 1.0,
      "y" : 0.309017,
      "z" : -0.19098301
    }, {
      "x" : 0.809017,
      "y" : 0.618034,
      "z" : 0.309017
    }, {
      "x" : 21.18034,
      "y" : 13.399187,
      "z" : 0.19098301
    }, {
      "x" : 21.371323,
      "y" : 13.09017,
      "z" : -0.309017
    }, {
      "x" : 21.18034,
      "y" : 13.399187,
      "z" : -0.19098301
    }, {
      "x" : 22.18034,
      "y" : 13.708204,
      "z" : 0.0
    }, {
      "x" : 11.708204,
      "y" : 7.545085,
      "z" : -0.19098301
    } ],
    "faces" : [ {
      "vertices" : [ 3, 6, 9, 14 ]
    }, {
      "vertices" : [ 11, 20, 18, 17 ]
    }, {
      "vertices" : [ 0, 1, 2 ]
    }, {
      "vertices" : [ 0, 15, 13, 8 ]
    }, {
      "vertices" : [ 6, 20, 11 ]
    }, {
      "vertices" : [ 0, 2, 5 ]
    }, {
      "vertices" : [ 0, 8, 1 ]
    }, {
      "vertices" : [ 8, 13, 14, 9 ]
    }, {
      "vertices" : [ 3, 4, 5, 6 ]
    }, {
      "vertices" : [ 10, 11, 17, 12 ]
    }, {
      "vertices" : [ 1, 8, 10 ]
    }, {
      "vertices" : [ 0, 5, 4, 15 ]
    }, {
      "vertices" : [ 2, 16, 18, 20 ]
    }, {
      "vertices" : [ 1, 7, 16, 2 ]
    }, {
      "vertices" : [ 6, 11, 9 ]
    }, {
      "vertices" : [ 8, 9, 10 ]
    }, {
      "vertices" : [ 2, 20, 5 ]
    }, {
      "vertices" : [ 9, 11, 10 ]
    }, {
      "vertices" : [ 1, 10, 12, 7 ]
    }, {
      "vertices" : [ 5, 20, 6 ]
    } ]
  }, {
    "id" : "b1f32e1f-bbe2-4836-9759-710a45e56d04",
    "orbit" : "orange",
    "orbitC" : "[[-4,3,5],[3,-1,5]]",
    "length" : "[8,4,5]",
    "name" : " :8/5 +4/5*phi",
    "vertices" : [ {
      "x" : 1.0,
      "y" : -0.309017,
      "z" : -0.19098301
    }, {
      "x" : 0.809017,
      "y" : 0.0,
      "z" : -0.690983
    }, {
      "x" : 1.0,
      "y" : 0.309017,
      "z" : -0.19098301
    }, {
      "x" : 1.809017,
      "y" : 0.0,
      "z" : -0.309017
    }, {
      "x" : 1.618034,
      "y" : 0.309017,
      "z" : -0.809017
    }, {
      "x" : 2.0,
      "y" : 0.309017,
      "z" : -0.19098301
    }, {
      "x" : 1.809017,
      "y" : 0.618034,
      "z" : -0.690983
    }, {
      "x" : 20.371323,
      "y" : 3.1708205,
      "z" : -5.4395123
    }, {
      "x" : 20.18034,
      "y" : 3.4798374,
      "z" : -5.9395123
    }, {
      "x" : 20.562305,
      "y" : 3.4798374,
      "z" : -5.3214784
    }, {
      "x" : 20.371323,
      "y" : 3.7888544,
      "z" : -5.8214784
    }, {
      "x" : 21.18034,
      "y" : 3.4798374,
      "z" : -5.9395123
    }, {
      "x" : 21.371323,
      "y" : 3.7888544,
      "z" : -5.4395123
    }, {
      "x" : 21.18034,
      "y" : 4.0978713,
      "z" : -5.9395123
    }, {
      "x" : 22.18034,
      "y" : 3.7888544,
      "z" : -6.130495
    } ],
    "faces" : [ {
      "vertices" : [ 8, 13, 11 ]
    }, {
      "vertices" : [ 2, 5, 9, 10, 6 ]
    }, {
      "vertices" : [ 3, 4, 8, 11, 7 ]
    }, {
      "vertices" : [ 0, 2, 1 ]
    }, {
      "vertices" : [ 11, 13, 12 ]
    }, {
      "vertices" : [ 0, 5, 2 ]
    }, {
      "vertices" : [ 0, 3, 5 ]
    }, {
      "vertices" : [ 0, 1, 4, 3 ]
    }, {
      "vertices" : [ 1, 2, 6 ]
    }, {
      "vertices" : [ 1, 6, 4 ]
    }, {
      "vertices" : [ 9, 12, 13, 10 ]
    }, {
      "vertices" : [ 3, 7, 9, 5 ]
    }, {
      "vertices" : [ 7, 12, 9 ]
    }, {
      "vertices" : [ 4, 6, 10, 8 ]
    }, {
      "vertices" : [ 7, 11, 12 ]
    }, {
      "vertices" : [ 8, 10, 13 ]
    } ]
  }, {
    "id" : "0ab77784-ea98-4221-91a4-b088c873e71f",
    "vertices" : [ {
      "x" : 0.0,
      "y" : 0.0,
      "z" : 0.0
    }, {
      "x" : 0.0,
      "y" : -13.708204,
      "z" : 3.7888544
    }, {
      "x" : 0.0,
      "y" : 0.0,
      "z" : -4.6832814
    } ],
    "faces" : [ {
      "vertices" : [ 0, 1, 2 ]
    }, {
      "vertices" : [ 0, 2, 1 ]
    } ]
  }, {
    "id" : "82d8b9eb-196b-4363-802d-10cb8243f597",
    "vertices" : [ {
      "x" : 0.0,
      "y" : 0.0,
      "z" : 0.0
    }, {
      "x" : 0.0,
      "y" : 0.0,
      "z" : -4.6832814
    }, {
      "x" : 0.0,
      "y" : 13.708204,
      "z" : 3.7888544
    } ],
    "faces" : [ {
      "vertices" : [ 0, 1, 2 ]
    }, {
      "vertices" : [ 0, 2, 1 ]
    } ]
  }, {
    "id" : "acd2f9cf-ea3f-4e96-a28d-77b5a89098b4",
    "vertices" : [ {
      "x" : 0.0,
      "y" : 0.0,
      "z" : 0.0
    }, {
      "x" : 3.7888544,
      "y" : -12.26099,
      "z" : 6.130495
    }, {
      "x" : 3.7888544,
      "y" : -34.44133,
      "z" : -7.5777087
    }, {
      "x" : 0.0,
      "y" : -22.18034,
      "z" : -13.708204
    } ],
    "faces" : [ {
      "vertices" : [ 0, 1, 2, 3 ]
    }, {
      "vertices" : [ 0, 3, 2, 1 ]
    } ]
  }, {
    "id" : "26c800f8-c5e9-485d-8cc5-6371b7f7c6f7",
    "vertices" : [ {
      "x" : 0.0,
      "y" : 0.0,
      "z" : 0.0
    }, {
      "x" : 0.0,
      "y" : -5.236068,
      "z" : -13.708204
    }, {
      "x" : 0.0,
      "y" : 44.36068,
      "z" : -44.36068
    }, {
      "x" : 0.0,
      "y" : 44.36068,
      "z" : -27.416409
    } ],
    "faces" : [ {
      "vertices" : [ 0, 1, 2, 3 ]
    }, {
      "vertices" : [ 0, 3, 2, 1 ]
    } ]
  }, {
    "id" : "e1684bfb-c8a7-4ed3-958b-7f022739c36f",
    "orbit" : "orange",
    "orbitC" : "[[-4,3,5],[3,-1,5]]",
    "length" : "[-4,8,5]",
    "name" : " :-4/5 +8/5*phi",
    "vertices" : [ {
      "x" : 1.0,
      "y" : -0.309017,
      "z" : -0.19098301
    }, {
      "x" : 0.809017,
      "y" : 0.0,
      "z" : -0.690983
    }, {
      "x" : 1.0,
      "y" : 0.309017,
      "z" : -0.19098301
    }, {
      "x" : 1.809017,
      "y" : 0.0,
      "z" : -0.309017
    }, {
      "x" : 1.618034,
      "y" : 0.309017,
      "z" : -0.809017
    }, {
      "x" : 2.0,
      "y" : 0.309017,
      "z" : -0.19098301
    }, {
      "x" : 1.809017,
      "y" : 0.618034,
      "z" : -0.690983
    }, {
      "x" : 11.899187,
      "y" : 1.7236068,
      "z" : -3.0978713
    }, {
      "x" : 11.708204,
      "y" : 2.0326238,
      "z" : -3.5978713
    }, {
      "x" : 12.09017,
      "y" : 2.0326238,
      "z" : -2.9798374
    }, {
      "x" : 11.899187,
      "y" : 2.3416407,
      "z" : -3.4798374
    }, {
      "x" : 12.708204,
      "y" : 2.0326238,
      "z" : -3.5978713
    }, {
      "x" : 12.899187,
      "y" : 2.3416407,
      "z" : -3.0978713
    }, {
      "x" : 12.708204,
      "y" : 2.650658,
      "z" : -3.5978713
    }, {
      "x" : 13.708204,
      "y" : 2.3416407,
      "z" : -3.7888544
    } ],
    "faces" : [ {
      "vertices" : [ 8, 13, 11 ]
    }, {
      "vertices" : [ 2, 5, 9, 10, 6 ]
    }, {
      "vertices" : [ 3, 4, 8, 11, 7 ]
    }, {
      "vertices" : [ 0, 2, 1 ]
    }, {
      "vertices" : [ 11, 13, 12 ]
    }, {
      "vertices" : [ 0, 5, 2 ]
    }, {
      "vertices" : [ 0, 3, 5 ]
    }, {
      "vertices" : [ 0, 1, 4, 3 ]
    }, {
      "vertices" : [ 1, 2, 6 ]
    }, {
      "vertices" : [ 1, 6, 4 ]
    }, {
      "vertices" : [ 9, 12, 13, 10 ]
    }, {
      "vertices" : [ 3, 7, 9, 5 ]
    }, {
      "vertices" : [ 7, 12, 9 ]
    }, {
      "vertices" : [ 4, 6, 10, 8 ]
    }, {
      "vertices" : [ 7, 11, 12 ]
    }, {
      "vertices" : [ 8, 10, 13 ]
    } ]
  }, {
    "id" : "87e3e27e-ff9d-4cc7-b9d3-3c07a503e0d5",
    "vertices" : [ {
      "x" : 0.0,
      "y" : 0.0,
      "z" : 0.0
    }, {
      "x" : -1.4472136,
      "y" : 2.3416407,
      "z" : -3.7888544
    }, {
      "x" : -1.4472136,
      "y" : 24.52198,
      "z" : 9.91935
    }, {
      "x" : 0.0,
      "y" : 22.18034,
      "z" : 13.708204
    } ],
    "faces" : [ {
      "vertices" : [ 0, 1, 2, 3 ]
    }, {
      "vertices" : [ 0, 3, 2, 1 ]
    } ]
  }, {
    "id" : "cd2f7514-5c54-4626-b1da-1846386da76d",
    "vertices" : [ {
      "x" : 0.0,
      "y" : 0.0,
      "z" : 0.0
    }, {
      "x" : -3.7888544,
      "y" : -3.7888544,
      "z" : -16.049845
    }, {
      "x" : -3.7888544,
      "y" : 18.391485,
      "z" : -2.3416407
    }, {
      "x" : 0.0,
      "y" : 22.18034,
      "z" : 13.708204
    } ],
    "faces" : [ {
      "vertices" : [ 0, 1, 2, 3 ]
    }, {
      "vertices" : [ 0, 3, 2, 1 ]
    } ]
  }, {
    "id" : "2acbeec4-4418-4d38-b148-508d06d1825d",
    "orbit" : "red",
    "orbitC" : "[[-1,1,1],[0,0,1]]",
    "length" : "[1,0,1]",
    "name" : "r1",
    "vertices" : [ {
      "x" : 2.618034,
      "y" : 1.736068,
      "z" : 0.309017
    }, {
      "x" : 4.236068,
      "y" : 2.5,
      "z" : 0.309017
    }, {
      "x" : 4.045085,
      "y" : 2.809017,
      "z" : 0.19098301
    }, {
      "x" : 0.809017,
      "y" : 0.618034,
      "z" : -0.309017
    }, {
      "x" : 0.690983,
      "y" : 0.809017,
      "z" : 0.0
    }, {
      "x" : 2.5,
      "y" : 1.927051,
      "z" : 0.0
    }, {
      "x" : 2.618034,
      "y" : 1.736068,
      "z" : -0.309017
    }, {
      "x" : 6.045085,
      "y" : 3.618034,
      "z" : 0.309017
    }, {
      "x" : 2.809017,
      "y" : 1.427051,
      "z" : 0.19098301
    }, {
      "x" : 2.809017,
      "y" : 1.427051,
      "z" : -0.19098301
    }, {
      "x" : 4.354102,
      "y" : 2.309017,
      "z" : 0.0
    }, {
      "x" : 4.236068,
      "y" : 2.5,
      "z" : -0.309017
    }, {
      "x" : 6.163119,
      "y" : 3.427051,
      "z" : 0.0
    }, {
      "x" : 1.0,
      "y" : 0.309017,
      "z" : 0.19098301
    }, {
      "x" : 1.0,
      "y" : 0.309017,
      "z" : -0.19098301
    }, {
      "x" : 0.809017,
      "y" : 0.618034,
      "z" : 0.309017
    }, {
      "x" : 5.854102,
      "y" : 3.927051,
      "z" : 0.19098301
    }, {
      "x" : 6.045085,
      "y" : 3.618034,
      "z" : -0.309017
    }, {
      "x" : 5.854102,
      "y" : 3.927051,
      "z" : -0.19098301
    }, {
      "x" : 6.854102,
      "y" : 4.236068,
      "z" : 0.0
    }, {
      "x" : 4.045085,
      "y" : 2.809017,
      "z" : -0.19098301
    } ],
    "faces" : [ {
      "vertices" : [ 3, 6, 9, 14 ]
    }, {
      "vertices" : [ 11, 20, 18, 17 ]
    }, {
      "vertices" : [ 0, 1, 2 ]
    }, {
      "vertices" : [ 0, 15, 13, 8 ]
    }, {
      "vertices" : [ 6, 20, 11 ]
    }, {
      "vertices" : [ 0, 2, 5 ]
    }, {
      "vertices" : [ 0, 8, 1 ]
    }, {
      "vertices" : [ 8, 13, 14, 9 ]
    }, {
      "vertices" : [ 3, 4, 5, 6 ]
    }, {
      "vertices" : [ 10, 11, 17, 12 ]
    }, {
      "vertices" : [ 1, 8, 10 ]
    }, {
      "vertices" : [ 0, 5, 4, 15 ]
    }, {
      "vertices" : [ 2, 16, 18, 20 ]
    }, {
      "vertices" : [ 1, 7, 16, 2 ]
    }, {
      "vertices" : [ 6, 11, 9 ]
    }, {
      "vertices" : [ 8, 9, 10 ]
    }, {
      "vertices" : [ 2, 20, 5 ]
    }, {
      "vertices" : [ 9, 11, 10 ]
    }, {
      "vertices" : [ 1, 10, 12, 7 ]
    }, {
      "vertices" : [ 5, 20, 6 ]
    } ]
  } ],
  "instances" : [ {
    "shape" : "0f60f98c-9eb9-485d-8264-725c462a3f94",
    "color" : "#B2B2FF",
    "position" : {
      "x" : 35.888542,
      "y" : -13.708204,
      "z" : 22.18034
    },
    "orientation" : 55
  }, {
    "shape" : "c1b10114-f0c7-452c-9122-4355f5bbbbe0",
    "color" : "#F2F2F2",
    "position" : {
      "x" : -35.888542,
      "y" : -22.18034,
      "z" : 0.0
    }
  }, {
    "shape" : "56899846-deed-4562-bd2e-10d1ddd0eeb7",
    "color" : "#7FBACA",
    "position" : {
      "x" : 0.0,
      "y" : -13.708204,
      "z" : -35.888542
    },
    "orientation" : 47
  }, {
    "shape" : "7d430b49-2b84-4f74-bbbf-3f2bf8cb8298",
    "color" : "#7FBACA",
    "position" : {
      "x" : -22.18034,
      "y" : 22.18034,
      "z" : 22.18034
    },
    "orientation" : 7
  }, {
    "shape" : "c1b10114-f0c7-452c-9122-4355f5bbbbe0",
    "color" : "#F2F2F2",
    "position" : {
      "x" : -22.18034,
      "y" : 9.91935,
      "z" : -29.758049
    }
  }, {
    "shape" : "7d430b49-2b84-4f74-bbbf-3f2bf8cb8298",
    "color" : "#7FBACA",
    "position" : {
      "x" : 0.0,
      "y" : 13.708204,
      "z" : 35.888542
    },
    "orientation" : 10
  }, {
    "shape" : "fb17e958-c744-4ae1-b9bd-8029b745a2e9",
    "color" : "#AF0000",
    "position" : {
      "x" : 32.09969,
      "y" : -6.130495,
      "z" : 23.627554
    },
    "orientation" : 16
  }, {
    "shape" : "7d430b49-2b84-4f74-bbbf-3f2bf8cb8298",
    "color" : "#7FBACA",
    "position" : {
      "x" : -13.708204,
      "y" : -35.888542,
      "z" : 0.0
    },
    "orientation" : 39
  }, {
    "shape" : "c1b10114-f0c7-452c-9122-4355f5bbbbe0",
    "color" : "#F2F2F2",
    "position" : {
      "x" : 13.708204,
      "y" : 35.888542,
      "z" : 0.0
    }
  }, {
    "shape" : "c1b10114-f0c7-452c-9122-4355f5bbbbe0",
    "color" : "#F2F2F2",
    "position" : {
      "x" : 22.18034,
      "y" : -22.18034,
      "z" : 22.18034
    }
  }, {
    "shape" : "7d430b49-2b84-4f74-bbbf-3f2bf8cb8298",
    "color" : "#7FBACA",
    "position" : {
      "x" : 35.888542,
      "y" : 0.0,
      "z" : -13.708204
    },
    "orientation" : 26
  }, {
    "shape" : "c1b10114-f0c7-452c-9122-4355f5bbbbe0",
    "color" : "#F2F2F2",
    "position" : {
      "x" : -22.18034,
      "y" : -22.18034,
      "z" : 22.18034
    }
  }, {
    "shape" : "7d430b49-2b84-4f74-bbbf-3f2bf8cb8298",
    "color" : "#7FBACA",
    "position" : {
      "x" : 13.708204,
      "y" : 35.888542,
      "z" : 0.0
    },
    "orientation" : 9
  }, {
    "shape" : "c1b10114-f0c7-452c-9122-4355f5bbbbe0",
    "color" : "#F2F2F2",
    "position" : {
      "x" : -35.888542,
      "y" : -12.26099,
      "z" : 6.130495
    }
  }, {
    "shape" : "c1b10114-f0c7-452c-9122-4355f5bbbbe0",
    "color" : "#F2F2F2",
    "position" : {
      "x" : 32.09969,
      "y" : -6.130495,
      "z" : 23.627554
    }
  }, {
    "shape" : "56899846-deed-4562-bd2e-10d1ddd0eeb7",
    "color" : "#7FBACA",
    "position" : {
      "x" : 0.0,
      "y" : -13.708204,
      "z" : 35.888542
    },
    "orientation" : 37
  }, {
    "shape" : "c1b10114-f0c7-452c-9122-4355f5bbbbe0",
    "color" : "#F2F2F2",
    "position" : {
      "x" : 35.888542,
      "y" : 22.18034,
      "z" : 0.0
    }
  }, {
    "shape" : "c1b10114-f0c7-452c-9122-4355f5bbbbe0",
    "color" : "#F2F2F2",
    "position" : {
      "x" : -22.18034,
      "y" : 22.18034,
      "z" : 22.18034
    }
  }, {
    "shape" : "b1f32e1f-bbe2-4836-9759-710a45e56d04",
    "color" : "#DC4C00",
    "position" : {
      "x" : 0.0,
      "y" : 13.708204,
      "z" : -35.888542
    },
    "orientation" : 15
  }, {
    "shape" : "c1b10114-f0c7-452c-9122-4355f5bbbbe0",
    "color" : "#F2F2F2",
    "position" : {
      "x" : 22.18034,
      "y" : 9.91935,
      "z" : -29.758049
    }
  }, {
    "shape" : "c1b10114-f0c7-452c-9122-4355f5bbbbe0",
    "color" : "#F2F2F2",
    "position" : {
      "x" : 0.0,
      "y" : -13.708204,
      "z" : 35.888542
    }
  }, {
    "shape" : "b1f32e1f-bbe2-4836-9759-710a45e56d04",
    "color" : "#DC4C00",
    "position" : {
      "x" : 0.0,
      "y" : -25.969194,
      "z" : 28.310835
    },
    "orientation" : 57
  }, {
    "shape" : "56899846-deed-4562-bd2e-10d1ddd0eeb7",
    "color" : "#7FBACA",
    "position" : {
      "x" : -13.708204,
      "y" : -35.888542,
      "z" : 0.0
    },
    "orientation" : 36
  }, {
    "shape" : "7d430b49-2b84-4f74-bbbf-3f2bf8cb8298",
    "color" : "#7FBACA",
    "position" : {
      "x" : -13.708204,
      "y" : 35.888542,
      "z" : 0.0
    },
    "orientation" : 54
  }, {
    "shape" : "7d430b49-2b84-4f74-bbbf-3f2bf8cb8298",
    "color" : "#7FBACA",
    "position" : {
      "x" : -22.18034,
      "y" : 22.18034,
      "z" : 22.18034
    },
    "orientation" : 38
  }, {
    "shape" : "c1b10114-f0c7-452c-9122-4355f5bbbbe0",
    "color" : "#F2F2F2",
    "position" : {
      "x" : 22.18034,
      "y" : 22.18034,
      "z" : 22.18034
    }
  }, {
    "shape" : "c1b10114-f0c7-452c-9122-4355f5bbbbe0",
    "color" : "#F2F2F2",
    "position" : {
      "x" : 32.09969,
      "y" : -12.26099,
      "z" : 19.8387
    }
  }, {
    "shape" : "b1f32e1f-bbe2-4836-9759-710a45e56d04",
    "color" : "#DC4C00",
    "position" : {
      "x" : 22.18034,
      "y" : 9.91935,
      "z" : -29.758049
    },
    "orientation" : 5
  }, {
    "shape" : "0ab77784-ea98-4221-91a4-b088c873e71f",
    "color" : "#7FBACA",
    "position" : {
      "x" : 32.09969,
      "y" : -34.44133,
      "z" : 6.130495
    },
    "orientation" : 25
  }, {
    "shape" : "c1b10114-f0c7-452c-9122-4355f5bbbbe0",
    "color" : "#F2F2F2",
    "position" : {
      "x" : 22.18034,
      "y" : 0.0,
      "z" : 35.888542
    }
  }, {
    "shape" : "56899846-deed-4562-bd2e-10d1ddd0eeb7",
    "color" : "#7FBACA",
    "position" : {
      "x" : 35.888542,
      "y" : 0.0,
      "z" : -13.708204
    },
    "orientation" : 23
  }, {
    "shape" : "c1b10114-f0c7-452c-9122-4355f5bbbbe0",
    "color" : "#F2F2F2",
    "position" : {
      "x" : -22.18034,
      "y" : 0.0,
      "z" : 35.888542
    }
  }, {
    "shape" : "b1f32e1f-bbe2-4836-9759-710a45e56d04",
    "color" : "#DC4C00",
    "position" : {
      "x" : 35.888542,
      "y" : -12.26099,
      "z" : 6.130495
    },
    "orientation" : 41
  }, {
    "shape" : "b1f32e1f-bbe2-4836-9759-710a45e56d04",
    "color" : "#DC4C00",
    "position" : {
      "x" : 35.888542,
      "y" : 0.0,
      "z" : -13.708204
    },
    "orientation" : 37
  }, {
    "shape" : "82d8b9eb-196b-4363-802d-10cb8243f597",
    "color" : "#7FBACA",
    "position" : {
      "x" : 32.09969,
      "y" : -12.26099,
      "z" : 19.8387
    },
    "orientation" : 7
  }, {
    "shape" : "c1b10114-f0c7-452c-9122-4355f5bbbbe0",
    "color" : "#F2F2F2",
    "position" : {
      "x" : 35.888542,
      "y" : 0.0,
      "z" : -13.708204
    }
  }, {
    "shape" : "7d430b49-2b84-4f74-bbbf-3f2bf8cb8298",
    "color" : "#7FBACA",
    "position" : {
      "x" : -35.888542,
      "y" : 0.0,
      "z" : 13.708204
    },
    "orientation" : 41
  }, {
    "shape" : "c1b10114-f0c7-452c-9122-4355f5bbbbe0",
    "color" : "#F2F2F2",
    "position" : {
      "x" : 22.18034,
      "y" : -22.18034,
      "z" : -22.18034
    }
  }, {
    "shape" : "7d430b49-2b84-4f74-bbbf-3f2bf8cb8298",
    "color" : "#7FBACA",
    "position" : {
      "x" : -22.18034,
      "y" : -22.18034,
      "z" : -22.18034
    },
    "orientation" : 22
  }, {
    "shape" : "c1b10114-f0c7-452c-9122-4355f5bbbbe0",
    "color" : "#F2F2F2",
    "position" : {
      "x" : 35.888542,
      "y" : -12.26099,
      "z" : 6.130495
    }
  }, {
    "shape" : "c1b10114-f0c7-452c-9122-4355f5bbbbe0",
    "color" : "#F2F2F2",
    "position" : {
      "x" : 35.888542,
      "y" : -19.8387,
      "z" : 18.391485
    }
  }, {
    "shape" : "c1b10114-f0c7-452c-9122-4355f5bbbbe0",
    "color" : "#F2F2F2",
    "position" : {
      "x" : 35.888542,
      "y" : -22.18034,
      "z" : 0.0
    }
  }, {
    "shape" : "56899846-deed-4562-bd2e-10d1ddd0eeb7",
    "color" : "#7FBACA",
    "position" : {
      "x" : -35.888542,
      "y" : 0.0,
      "z" : -13.708204
    },
    "orientation" : 53
  }, {
    "shape" : "b1f32e1f-bbe2-4836-9759-710a45e56d04",
    "color" : "#DC4C00",
    "position" : {
      "x" : -22.18034,
      "y" : -22.18034,
      "z" : 22.18034
    },
    "orientation" : 56
  }, {
    "shape" : "7d430b49-2b84-4f74-bbbf-3f2bf8cb8298",
    "color" : "#7FBACA",
    "position" : {
      "x" : 0.0,
      "y" : 13.708204,
      "z" : -35.888542
    },
    "orientation" : 55
  }, {
    "shape" : "c1b10114-f0c7-452c-9122-4355f5bbbbe0",
    "color" : "#F2F2F2",
    "position" : {
      "x" : 22.18034,
      "y" : 22.18034,
      "z" : -22.18034
    }
  }, {
    "shape" : "c1b10114-f0c7-452c-9122-4355f5bbbbe0",
    "color" : "#F2F2F2",
    "position" : {
      "x" : -35.888542,
      "y" : 0.0,
      "z" : 13.708204
    }
  }, {
    "shape" : "b1f32e1f-bbe2-4836-9759-710a45e56d04",
    "color" : "#DC4C00",
    "position" : {
      "x" : -22.18034,
      "y" : 9.91935,
      "z" : -29.758049
    },
    "orientation" : 0
  }, {
    "shape" : "7d430b49-2b84-4f74-bbbf-3f2bf8cb8298",
    "color" : "#7FBACA",
    "position" : {
      "x" : 0.0,
      "y" : -13.708204,
      "z" : 35.888542
    },
    "orientation" : 40
  }, {
    "shape" : "0f60f98c-9eb9-485d-8264-725c462a3f94",
    "color" : "#B2B2FF",
    "position" : {
      "x" : 35.888542,
      "y" : 13.708204,
      "z" : -22.18034
    },
    "orientation" : 40
  }, {
    "shape" : "c1b10114-f0c7-452c-9122-4355f5bbbbe0",
    "color" : "#F2F2F2",
    "position" : {
      "x" : 0.0,
      "y" : 13.708204,
      "z" : 35.888542
    }
  }, {
    "shape" : "56899846-deed-4562-bd2e-10d1ddd0eeb7",
    "color" : "#7FBACA",
    "position" : {
      "x" : -13.708204,
      "y" : 35.888542,
      "z" : 0.0
    },
    "orientation" : 51
  }, {
    "shape" : "c1b10114-f0c7-452c-9122-4355f5bbbbe0",
    "color" : "#F2F2F2",
    "position" : {
      "x" : 22.18034,
      "y" : 0.0,
      "z" : -35.888542
    }
  }, {
    "shape" : "acd2f9cf-ea3f-4e96-a28d-77b5a89098b4",
    "color" : "#EDA57F",
    "position" : {
      "x" : 32.09969,
      "y" : -34.44133,
      "z" : 6.130495
    },
    "orientation" : 15
  }, {
    "shape" : "26c800f8-c5e9-485d-8cc5-6371b7f7c6f7",
    "color" : "#7FBACA",
    "position" : {
      "x" : 44.36068,
      "y" : 22.18034,
      "z" : -13.708204
    },
    "orientation" : 38
  }, {
    "shape" : "56899846-deed-4562-bd2e-10d1ddd0eeb7",
    "color" : "#7FBACA",
    "position" : {
      "x" : -35.888542,
      "y" : 0.0,
      "z" : 13.708204
    },
    "orientation" : 45
  }, {
    "shape" : "e1684bfb-c8a7-4ed3-958b-7f022739c36f",
    "color" : "#DC4C00",
    "position" : {
      "x" : 35.888542,
      "y" : -19.8387,
      "z" : 18.391485
    },
    "orientation" : 52
  }, {
    "shape" : "b1f32e1f-bbe2-4836-9759-710a45e56d04",
    "color" : "#DC4C00",
    "position" : {
      "x" : -35.888542,
      "y" : -12.26099,
      "z" : 6.130495
    },
    "orientation" : 52
  }, {
    "shape" : "7d430b49-2b84-4f74-bbbf-3f2bf8cb8298",
    "color" : "#7FBACA",
    "position" : {
      "x" : 35.888542,
      "y" : 0.0,
      "z" : 13.708204
    },
    "orientation" : 11
  }, {
    "shape" : "87e3e27e-ff9d-4cc7-b9d3-3c07a503e0d5",
