{
  "polygons" : "true",
  "field" : "golden",
  "symmetry" : "icosahedral",
  "orientations" : [ [ 1.0, 0.0, 0.0, 0.0, 0.0, 1.0, 0.0, 0.0, 0.0, 0.0, 1.0, 0.0, 0.0, 0.0, 0.0, 1.0 ], [ 0.0, 0.0, 1.0, 0.0, 1.0, 0.0, 0.0, 0.0, 0.0, 1.0, 0.0, 0.0, 0.0, 0.0, 0.0, 1.0 ], [ 0.0, 1.0, 0.0, 0.0, 0.0, 0.0, 1.0, 0.0, 1.0, 0.0, 0.0, 0.0, 0.0, 0.0, 0.0, 1.0 ], [ 0.809017, 0.309017, 0.5, 0.0, 0.309017, 0.5, -0.809017, 0.0, -0.5, 0.809017, 0.309017, 0.0, 0.0, 0.0, 0.0, 1.0 ], [ -0.5, 0.809017, 0.309017, 0.0, 0.809017, 0.309017, 0.5, 0.0, 0.309017, 0.5, -0.809017, 0.0, 0.0, 0.0, 0.0, 1.0 ], [ 0.309017, 0.5, -0.809017, 0.0, -0.5, 0.809017, 0.309017, 0.0, 0.809017, 0.309017, 0.5, 0.0, 0.0, 0.0, 0.0, 1.0 ], [ 0.5, 0.809017, 0.309017, 0.0, 0.809017, -0.309017, -0.5, 0.0, -0.309017, 0.5, -0.809017, 0.0, 0.0, 0.0, 0.0, 1.0 ], [ -0.309017, 0.5, -0.809017, 0.0, 0.5, 0.809017, 0.309017, 0.0, 0.809017, -0.309017, -0.5, 0.0, 0.0, 0.0, 0.0, 1.0 ], [ 0.809017, -0.309017, -0.5, 0.0, -0.309017, 0.5, -0.809017, 0.0, 0.5, 0.809017, 0.309017, 0.0, 0.0, 0.0, 0.0, 1.0 ], [ 0.5, 0.809017, -0.309017, 0.0, 0.809017, -0.309017, 0.5, 0.0, 0.309017, -0.5, -0.809017, 0.0, 0.0, 0.0, 0.0, 1.0 ], [ 0.309017, -0.5, -0.809017, 0.0, 0.5, 0.809017, -0.309017, 0.0, 0.809017, -0.309017, 0.5, 0.0, 0.0, 0.0, 0.0, 1.0 ], [ 0.809017, -0.309017, 0.5, 0.0, 0.309017, -0.5, -0.809017, 0.0, 0.5, 0.809017, -0.309017, 0.0, 0.0, 0.0, 0.0, 1.0 ], [ 0.809017, 0.309017, -0.5, 0.0, 0.309017, 0.5, 0.809017, 0.0, 0.5, -0.809017, 0.309017, 0.0, 0.0, 0.0, 0.0, 1.0 ], [ 0.5, -0.809017, 0.309017, 0.0, 0.809017, 0.309017, -0.5, 0.0, 0.309017, 0.5, 0.809017, 0.0, 0.0, 0.0, 0.0, 1.0 ], [ 0.309017, 0.5, 0.809017, 0.0, 0.5, -0.809017, 0.309017, 0.0, 0.809017, 0.309017, -0.5, 0.0, 0.0, 0.0, 0.0, 1.0 ], [ 1.0, 0.0, 0.0, 0.0, 0.0, -1.0, 0.0, 0.0, 0.0, 0.0, -1.0, 0.0, 0.0, 0.0, 0.0, 1.0 ], [ 0.0, 0.0, 1.0, 0.0, -1.0, 0.0, 0.0, 0.0, 0.0, -1.0, 0.0, 0.0, 0.0, 0.0, 0.0, 1.0 ], [ 0.0, 1.0, 0.0, 0.0, 0.0, 0.0, -1.0, 0.0, -1.0, 0.0, 0.0, 0.0, 0.0, 0.0, 0.0, 1.0 ], [ 0.809017, 0.309017, 0.5, 0.0, -0.309017, -0.5, 0.809017, 0.0, 0.5, -0.809017, -0.309017, 0.0, 0.0, 0.0, 0.0, 1.0 ], [ -0.5, 0.809017, 0.309017, 0.0, -0.809017, -0.309017, -0.5, 0.0, -0.309017, -0.5, 0.809017, 0.0, 0.0, 0.0, 0.0, 1.0 ], [ 0.309017, 0.5, -0.809017, 0.0, 0.5, -0.809017, -0.309017, 0.0, -0.809017, -0.309017, -0.5, 0.0, 0.0, 0.0, 0.0, 1.0 ], [ 0.5, 0.809017, 0.309017, 0.0, -0.809017, 0.309017, 0.5, 0.0, 0.309017, -0.5, 0.809017, 0.0, 0.0, 0.0, 0.0, 1.0 ], [ -0.309017, 0.5, -0.809017, 0.0, -0.5, -0.809017, -0.309017, 0.0, -0.809017, 0.309017, 0.5, 0.0, 0.0, 0.0, 0.0, 1.0 ], [ 0.809017, -0.309017, -0.5, 0.0, 0.309017, -0.5, 0.809017, 0.0, -0.5, -0.809017, -0.309017, 0.0, 0.0, 0.0, 0.0, 1.0 ], [ 0.5, 0.809017, -0.309017, 0.0, -0.809017, 0.309017, -0.5, 0.0, -0.309017, 0.5, 0.809017, 0.0, 0.0, 0.0, 0.0, 1.0 ], [ 0.309017, -0.5, -0.809017, 0.0, -0.5, -0.809017, 0.309017, 0.0, -0.809017, 0.309017, -0.5, 0.0, 0.0, 0.0, 0.0, 1.0 ], [ 0.809017, -0.309017, 0.5, 0.0, -0.309017, 0.5, 0.809017, 0.0, -0.5, -0.809017, 0.309017, 0.0, 0.0, 0.0, 0.0, 1.0 ], [ 0.809017, 0.309017, -0.5, 0.0, -0.309017, -0.5, -0.809017, 0.0, -0.5, 0.809017, -0.309017, 0.0, 0.0, 0.0, 0.0, 1.0 ], [ 0.5, -0.809017, 0.309017, 0.0, -0.809017, -0.309017, 0.5, 0.0, -0.309017, -0.5, -0.809017, 0.0, 0.0, 0.0, 0.0, 1.0 ], [ 0.309017, 0.5, 0.809017, 0.0, -0.5, 0.809017, -0.309017, 0.0, -0.809017, -0.309017, 0.5, 0.0, 0.0, 0.0, 0.0, 1.0 ], [ -1.0, 0.0, 0.0, 0.0, 0.0, -1.0, 0.0, 0.0, 0.0, 0.0, 1.0, 0.0, 0.0, 0.0, 0.0, 1.0 ], [ 0.0, 0.0, -1.0, 0.0, -1.0, 0.0, 0.0, 0.0, 0.0, 1.0, 0.0, 0.0, 0.0, 0.0, 0.0, 1.0 ], [ 0.0, -1.0, 0.0, 0.0, 0.0, 0.0, -1.0, 0.0, 1.0, 0.0, 0.0, 0.0, 0.0, 0.0, 0.0, 1.0 ], [ -0.809017, -0.309017, -0.5, 0.0, -0.309017, -0.5, 0.809017, 0.0, -0.5, 0.809017, 0.309017, 0.0, 0.0, 0.0, 0.0, 1.0 ], [ 0.5, -0.809017, -0.309017, 0.0, -0.809017, -0.309017, -0.5, 0.0, 0.309017, 0.5, -0.809017, 0.0, 0.0, 0.0, 0.0, 1.0 ], [ -0.309017, -0.5, 0.809017, 0.0, 0.5, -0.809017, -0.309017, 0.0, 0.809017, 0.309017, 0.5, 0.0, 0.0, 0.0, 0.0, 1.0 ], [ -0.5, -0.809017, -0.309017, 0.0, -0.809017, 0.309017, 0.5, 0.0, -0.309017, 0.5, -0.809017, 0.0, 0.0, 0.0, 0.0, 1.0 ], [ 0.309017, -0.5, 0.809017, 0.0, -0.5, -0.809017, -0.309017, 0.0, 0.809017, -0.309017, -0.5, 0.0, 0.0, 0.0, 0.0, 1.0 ], [ -0.809017, 0.309017, 0.5, 0.0, 0.309017, -0.5, 0.809017, 0.0, 0.5, 0.809017, 0.309017, 0.0, 0.0, 0.0, 0.0, 1.0 ], [ -0.5, -0.809017, 0.309017, 0.0, -0.809017, 0.309017, -0.5, 0.0, 0.309017, -0.5, -0.809017, 0.0, 0.0, 0.0, 0.0, 1.0 ], [ -0.309017, 0.5, 0.809017, 0.0, -0.5, -0.809017, 0.309017, 0.0, 0.809017, -0.309017, 0.5, 0.0, 0.0, 0.0, 0.0, 1.0 ], [ -0.809017, 0.309017, -0.5, 0.0, -0.309017, 0.5, 0.809017, 0.0, 0.5, 0.809017, -0.309017, 0.0, 0.0, 0.0, 0.0, 1.0 ], [ -0.809017, -0.309017, 0.5, 0.0, -0.309017, -0.5, -0.809017, 0.0, 0.5, -0.809017, 0.309017, 0.0, 0.0, 0.0, 0.0, 1.0 ], [ -0.5, 0.809017, -0.309017, 0.0, -0.809017, -0.309017, 0.5, 0.0, 0.309017, 0.5, 0.809017, 0.0, 0.0, 0.0, 0.0, 1.0 ], [ -0.309017, -0.5, -0.809017, 0.0, -0.5, 0.809017, -0.309017, 0.0, 0.809017, 0.309017, -0.5, 0.0, 0.0, 0.0, 0.0, 1.0 ], [ -1.0, 0.0, 0.0, 0.0, 0.0, 1.0, 0.0, 0.0, 0.0, 0.0, -1.0, 0.0, 0.0, 0.0, 0.0, 1.0 ], [ 0.0, 0.0, -1.0, 0.0, 1.0, 0.0, 0.0, 0.0, 0.0, -1.0, 0.0, 0.0, 0.0, 0.0, 0.0, 1.0 ], [ 0.0, -1.0, 0.0, 0.0, 0.0, 0.0, 1.0, 0.0, -1.0, 0.0, 0.0, 0.0, 0.0, 0.0, 0.0, 1.0 ], [ -0.809017, -0.309017, -0.5, 0.0, 0.309017, 0.5, -0.809017, 0.0, 0.5, -0.809017, -0.309017, 0.0, 0.0, 0.0, 0.0, 1.0 ], [ 0.5, -0.809017, -0.309017, 0.0, 0.809017, 0.309017, 0.5, 0.0, -0.309017, -0.5, 0.809017, 0.0, 0.0, 0.0, 0.0, 1.0 ], [ -0.309017, -0.5, 0.809017, 0.0, -0.5, 0.809017, 0.309017, 0.0, -0.809017, -0.309017, -0.5, 0.0, 0.0, 0.0, 0.0, 1.0 ], [ -0.5, -0.809017, -0.309017, 0.0, 0.809017, -0.309017, -0.5, 0.0, 0.309017, -0.5, 0.809017, 0.0, 0.0, 0.0, 0.0, 1.0 ], [ 0.309017, -0.5, 0.809017, 0.0, 0.5, 0.809017, 0.309017, 0.0, -0.809017, 0.309017, 0.5, 0.0, 0.0, 0.0, 0.0, 1.0 ], [ -0.809017, 0.309017, 0.5, 0.0, -0.309017, 0.5, -0.809017, 0.0, -0.5, -0.809017, -0.309017, 0.0, 0.0, 0.0, 0.0, 1.0 ], [ -0.5, -0.809017, 0.309017, 0.0, 0.809017, -0.309017, 0.5, 0.0, -0.309017, 0.5, 0.809017, 0.0, 0.0, 0.0, 0.0, 1.0 ], [ -0.309017, 0.5, 0.809017, 0.0, 0.5, 0.809017, -0.309017, 0.0, -0.809017, 0.309017, -0.5, 0.0, 0.0, 0.0, 0.0, 1.0 ], [ -0.809017, 0.309017, -0.5, 0.0, 0.309017, -0.5, -0.809017, 0.0, -0.5, -0.809017, 0.309017, 0.0, 0.0, 0.0, 0.0, 1.0 ], [ -0.809017, -0.309017, 0.5, 0.0, 0.309017, 0.5, 0.809017, 0.0, -0.5, 0.809017, -0.309017, 0.0, 0.0, 0.0, 0.0, 1.0 ], [ -0.5, 0.809017, -0.309017, 0.0, 0.809017, 0.309017, -0.5, 0.0, -0.309017, -0.5, -0.809017, 0.0, 0.0, 0.0, 0.0, 1.0 ], [ -0.309017, -0.5, -0.809017, 0.0, 0.5, -0.809017, 0.309017, 0.0, -0.809017, -0.309017, 0.5, 0.0, 0.0, 0.0, 0.0, 1.0 ] ],
  "lights" : {
    "ambientColor" : "#292929",
    "backgroundColor" : "#AFC8DC",
    "directionalLights" : [ {
      "direction" : [ 1.0, -1.0, -1.0 ],
      "color" : "#EBEBE4"
    }, {
      "direction" : [ -1.0, 0.0, 0.0 ],
      "color" : "#E4E4EB"
    }, {
      "direction" : [ 0.0, 0.0, -1.0 ],
      "color" : "#1E1E1E"
    } ]
  },
  "camera" : {
    "viewDistance" : 202.12361,
    "lookAtPointRV" : {
      "x" : 0.0,
      "y" : 0.0,
      "z" : 0.0,
      "zero" : true
    },
    "lookDirectionRV" : {
      "x" : 0.0,
      "y" : -1.0,
      "z" : 0.0,
      "zero" : false
    },
    "upDirectionRV" : {
      "x" : 0.0,
      "y" : 0.0,
      "z" : 1.0,
      "zero" : false
    },
    "lookDirection" : {
      "x" : 0.0,
      "y" : -1.0,
      "z" : 0.0
    },
    "nearClipDistance" : 0.5053093,
    "farClipDistance" : 404.2463,
    "width" : 90.95584,
    "perspective" : false,
    "fieldOfView" : 0.4426299,
    "lookAtPoint" : {
      "x" : 0.0,
      "y" : 0.0,
      "z" : 0.0
    },
    "upDirection" : {
      "x" : 0.0,
      "y" : 0.0,
      "z" : 1.0
    },
    "stereo" : false,
    "position" : {
      "x" : 0.0,
      "y" : 202.12361,
      "z" : 0.0
    }
  },
  "embedding" : [ 1.0, 0.0, 0.0, 0.0, 0.0, 1.0, 0.0, 0.0, 0.0, 0.0, 1.0, 0.0, 0.0, 0.0, 0.0, 1.0 ],
  "shapes" : [ {
    "id" : "47522e45-2005-4321-a021-26192634984f",
    "vertices" : [ {
      "x" : 0.0,
      "y" : 0.0,
      "z" : 0.0
    }, {
      "x" : -12.188471,
      "y" : 5.4508495,
      "z" : -5.4508495
    }, {
      "x" : -12.686917,
      "y" : 4.9524026,
      "z" : -5.4508495
    }, {
      "x" : -7.236068,
      "y" : -7.236068,
      "z" : 0.0
    } ],
    "faces" : [ {
      "vertices" : [ 0, 1, 2, 3 ]
    }, {
      "vertices" : [ 0, 3, 2, 1 ]
    } ]
  }, {
    "id" : "718c8c15-86b7-4b6a-8ccd-73e502c9dd7e",
    "vertices" : [ {
      "x" : 0.0,
      "y" : 0.0,
      "z" : 0.0
    }, {
      "x" : 9.750776,
      "y" : -4.3606796,
      "z" : 4.3606796
    }, {
      "x" : 3.961922,
      "y" : -10.149534,
      "z" : 4.3606796
    }, {
      "x" : -0.39875776,
      "y" : -0.39875776,
      "z" : 0.0
    } ],
    "faces" : [ {
      "vertices" : [ 0, 1, 2, 3 ]
    }, {
      "vertices" : [ 0, 3, 2, 1 ]
    } ]
  }, {
    "id" : "0869be8a-99af-405c-be69-2552c1e4dc11",
    "vertices" : [ {
      "x" : 0.0,
      "y" : 0.0,
      "z" : 0.0
    }, {
      "x" : -7.236068,
      "y" : -7.236068,
      "z" : 0.0
    }, {
      "x" : -0.49844718,
      "y" : -7.236068,
      "z" : -17.63932
    }, {
      "x" : 0.0,
      "y" : -6.737621,
      "z" : -17.63932
    } ],
    "faces" : [ {
      "vertices" : [ 0, 1, 2, 3 ]
    }, {
      "vertices" : [ 0, 3, 2, 1 ]
    } ]
  }, {
    "id" : "2c78f891-fd40-4b38-836c-61c152410cd0",
    "vertices" : [ {
      "x" : 0.0,
      "y" : 0.0,
      "z" : 0.0
    }, {
      "x" : 4.3606796,
      "y" : -9.750776,
      "z" : 4.3606796
    }, {
      "x" : 3.961922,
      "y" : -10.149534,
      "z" : 4.3606796
    }, {
      "x" : -5.7888546,
      "y" : -5.7888546,
      "z" : 0.0
    } ],
    "faces" : [ {
      "vertices" : [ 0, 1, 2, 3 ]
    }, {
      "vertices" : [ 0, 3, 2, 1 ]
    } ]
  }, {
    "id" : "e02dc1e5-c299-4b5d-889e-20e15ac4716a",
    "vertices" : [ {
      "x" : 0.0,
      "y" : 0.0,
      "z" : 0.0
    }, {
      "x" : 5.3900967,
      "y" : 0.0,
      "z" : -14.111456
    }, {
      "x" : 5.7888546,
      "y" : 0.39875776,
      "z" : -14.111456
    }, {
      "x" : 5.7888546,
      "y" : 5.7888546,
      "z" : 0.0
    } ],
    "faces" : [ {
      "vertices" : [ 0, 1, 2, 3 ]
    }, {
      "vertices" : [ 0, 3, 2, 1 ]
    } ]
  }, {
    "id" : "2a5d3bbf-c45e-4bf6-9d5c-dacf5ae9f86f",
    "vertices" : [ {
      "x" : 0.0,
      "y" : 0.0,
      "z" : 0.0
    }, {
      "x" : -0.09968944,
      "y" : 4.9750776,
      "z" : 0.0
    }, {
      "x" : -0.49844718,
      "y" : 4.9750776,
      "z" : -0.39875776
    }, {
      "x" : -0.49844718,
      "y" : 0.0,
      "z" : -0.49844718
    } ],
    "faces" : [ {
      "vertices" : [ 0, 1, 2, 3 ]
    }, {
      "vertices" : [ 0, 3, 2, 1 ]
    } ]
  }, {
    "id" : "c86f4b7e-c2ff-4d7b-9654-45b91dca3ccc",
    "vertices" : [ {
      "x" : 0.0,
      "y" : 0.0,
      "z" : 0.0
    }, {
      "x" : 0.49844718,
      "y" : 0.49844718,
      "z" : 0.0
    }, {
      "x" : 12.686917,
      "y" : -4.9524026,
      "z" : 5.4508495
    }, {
      "x" : 5.4508495,
      "y" : -12.188471,
      "z" : 5.4508495
    } ],
    "faces" : [ {
      "vertices" : [ 0, 1, 2, 3 ]
    }, {
      "vertices" : [ 0, 3, 2, 1 ]
    } ]
  }, {
    "id" : "7f435588-55b0-4566-85f6-b4aa35b66c69",
    "vertices" : [ {
      "x" : 0.0,
      "y" : 0.0,
      "z" : 0.0
    }, {
      "x" : -5.4508495,
      "y" : 12.188471,
      "z" : -5.4508495
    }, {
      "x" : -12.686917,
      "y" : 4.9524026,
      "z" : -5.4508495
    }, {
      "x" : -0.49844718,
      "y" : -0.49844718,
      "z" : 0.0
    } ],
    "faces" : [ {
      "vertices" : [ 0, 1, 2, 3 ]
    }, {
      "vertices" : [ 0, 3, 2, 1 ]
    } ]
  }, {
    "id" : "b5e2a81f-5cec-4c50-be58-a5dcd4d72477",
    "vertices" : [ {
      "x" : 0.0,
      "y" : 0.0,
      "z" : 0.0
    }, {
      "x" : 0.49844718,
      "y" : 0.49844718,
      "z" : 0.0
    }, {
      "x" : 0.49844718,
      "y" : 7.236068,
      "z" : 17.63932
    }, {
      "x" : -6.737621,
      "y" : 0.0,
      "z" : 17.63932
    } ],
    "faces" : [ {
      "vertices" : [ 0, 1, 2, 3 ]
    }, {
      "vertices" : [ 0, 3, 2, 1 ]
    } ]
  }, {
    "id" : "34d39047-f992-45fe-af5b-05a811d28e1b",
    "vertices" : [ {
      "x" : 0.0,
      "y" : 0.0,
      "z" : 0.0
    }, {
      "x" : -9.750776,
      "y" : 4.3606796,
      "z" : -4.3606796
    }, {
      "x" : -3.961922,
      "y" : 10.149534,
      "z" : -4.3606796
    }, {
      "x" : 0.39875776,
      "y" : 0.39875776,
      "z" : 0.0
    } ],
    "faces" : [ {
      "vertices" : [ 0, 1, 2, 3 ]
    }, {
      "vertices" : [ 0, 3, 2, 1 ]
    } ]
  }, {
    "id" : "29618e08-135e-46fc-bd22-93349630bb76",
    "vertices" : [ {
      "x" : 0.0,
      "y" : 0.0,
      "z" : 0.0
    }, {
      "x" : 0.09968944,
      "y" : -4.9750776,
      "z" : 0.0
    }, {
      "x" : -0.39875776,
      "y" : -4.9750776,
      "z" : -0.49844718
    }, {
      "x" : -0.39875776,
      "y" : 0.0,
      "z" : -0.39875776
    } ],
    "faces" : [ {
      "vertices" : [ 0, 1, 2, 3 ]
    }, {
      "vertices" : [ 0, 3, 2, 1 ]
    } ]
  }, {
    "id" : "a2861249-eb72-45cf-902d-dfb65fd156ed",
    "vertices" : [ {
      "x" : 0.0,
      "y" : 0.0,
      "z" : 0.0
    }, {
      "x" : -0.39875776,
      "y" : -0.39875776,
      "z" : 0.0
    }, {
      "x" : 3.961922,
      "y" : -10.149534,
      "z" : 4.3606796
    }, {
      "x" : 9.750776,
      "y" : -4.3606796,
      "z" : 4.3606796
    } ],
    "faces" : [ {
      "vertices" : [ 0, 1, 2, 3 ]
    }, {
      "vertices" : [ 0, 3, 2, 1 ]
    } ]
  }, {
    "id" : "ba601608-f45f-4a2f-b590-459741f2ee77",
    "vertices" : [ {
      "x" : 0.0,
      "y" : 0.0,
      "z" : 0.0
    }, {
      "x" : 0.24922359,
      "y" : 0.09519494,
      "z" : 0.65247583
    }, {
      "x" : 0.15402865,
      "y" : -0.5572809,
      "z" : 0.40325224
    } ],
    "faces" : [ {
      "vertices" : [ 0, 1, 2 ]
    }, {
      "vertices" : [ 0, 2, 1 ]
    } ]
  }, {
    "id" : "6f0b100e-9597-4a68-b0a0-5e365fb70b82",
    "vertices" : [ {
      "x" : 0.0,
      "y" : 0.0,
      "z" : 0.0
    }, {
      "x" : -0.39875776,
      "y" : -0.39875776,
      "z" : 0.0
    }, {
      "x" : -5.7888546,
      "y" : -0.39875776,
      "z" : 14.111456
    }, {
      "x" : 0.0,
      "y" : 5.3900967,
      "z" : 14.111456
    } ],
    "faces" : [ {
      "vertices" : [ 0, 1, 2, 3 ]
    }, {
      "vertices" : [ 0, 3, 2, 1 ]
    } ]
  }, {
    "id" : "082f94e9-b752-470a-aea1-6bad505a5e79",
    "vertices" : [ {
      "x" : 0.0,
      "y" : 0.0,
      "z" : 0.0
    }, {
      "x" : 0.0,
      "y" : -6.737621,
      "z" : 17.63932
    }, {
      "x" : 0.0,
      "y" : -7.734515,
      "z" : 17.63932
    }, {
      "x" : 0.0,
      "y" : -14.472136,
      "z" : 0.0
    } ],
    "faces" : [ {
      "vertices" : [ 0, 1, 2, 3 ]
    }, {
      "vertices" : [ 0, 3, 2, 1 ]
    } ]
  }, {
    "id" : "bdc888d9-072a-4175-85fc-fa00ba57c68c",
    "vertices" : [ {
      "x" : 0.0,
      "y" : 0.0,
      "z" : 0.0
    }, {
      "x" : 7.236068,
      "y" : 7.236068,
      "z" : 0.0
    }, {
      "x" : 0.49844718,
      "y" : 7.236068,
      "z" : 17.63932
    }, {
      "x" : 0.0,
      "y" : 6.737621,
      "z" : 17.63932
    } ],
    "faces" : [ {
      "vertices" : [ 0, 1, 2, 3 ]
    }, {
      "vertices" : [ 0, 3, 2, 1 ]
    } ]
  }, {
    "id" : "5d232f45-fab4-4ec7-8755-6671cf16819c",
    "vertices" : [ {
      "x" : 0.0,
      "y" : 0.0,
      "z" : 0.0
    }, {
      "x" : -0.49844718,
      "y" : -0.49844718,
      "z" : 0.0
    }, {
      "x" : -12.686917,
      "y" : 4.9524026,
      "z" : -5.4508495
    }, {
      "x" : -5.4508495,
      "y" : 12.188471,
      "z" : -5.4508495
    } ],
    "faces" : [ {
      "vertices" : [ 0, 1, 2, 3 ]
    }, {
      "vertices" : [ 0, 3, 2, 1 ]
    } ]
  }, {
    "id" : "144c5a72-bb29-41be-bfa8-a7216d9902fa",
    "vertices" : [ {
      "x" : 0.0,
      "y" : 0.0,
      "z" : 0.0
    }, {
      "x" : 0.0,
      "y" : 5.7888546,
      "z" : 5.7888546
    }, {
      "x" : 0.0,
      "y" : 0.0,
      "z" : 11.577709
    } ],
    "faces" : [ {
      "vertices" : [ 0, 1, 2 ]
    }, {
      "vertices" : [ 0, 2, 1 ]
    } ]
  }, {
    "id" : "09b39265-e8e1-40f2-a0ca-4a481118c4e0",
    "vertices" : [ {
      "x" : 0.0,
      "y" : 0.0,
      "z" : 0.0
    }, {
      "x" : -0.24922359,
      "y" : -0.09519494,
      "z" : -0.65247583
    }, {
      "x" : -0.15402865,
      "y" : 0.5572809,
      "z" : -0.40325224
    } ],
    "faces" : [ {
      "vertices" : [ 0, 1, 2 ]
    }, {
      "vertices" : [ 0, 2, 1 ]
    } ]
  }, {
    "id" : "f52243e9-6eff-4a27-9895-188eee7e9044",
    "vertices" : [ {
      "x" : 0.0,
      "y" : 0.0,
      "z" : 0.0
    }, {
      "x" : 0.0,
      "y" : -6.737621,
      "z" : -17.63932
    }, {
      "x" : -0.49844718,
      "y" : -7.236068,
      "z" : -17.63932
    }, {
      "x" : -7.236068,
      "y" : -7.236068,
      "z" : 0.0
    } ],
    "faces" : [ {
      "vertices" : [ 0, 1, 2, 3 ]
    }, {
      "vertices" : [ 0, 3, 2, 1 ]
    } ]
  }, {
    "id" : "cadf1246-59d5-472f-a0c6-0b2ec56ae727",
    "vertices" : [ {
      "x" : 0.0,
      "y" : 0.0,
      "z" : 0.0
    }, {
      "x" : -7.236068,
      "y" : -7.236068,
      "z" : 0.0
    }, {
      "x" : -12.686917,
      "y" : 4.9524026,
      "z" : -5.4508495
    }, {
      "x" : -12.188471,
      "y" : 5.4508495,
      "z" : -5.4508495
    } ],
    "faces" : [ {
      "vertices" : [ 0, 1, 2, 3 ]
    }, {
      "vertices" : [ 0, 3, 2, 1 ]
    } ]
  }, {
    "id" : "9604b8d7-3b9d-4b48-864a-96c9072c866a",
    "vertices" : [ {
      "x" : 0.0,
      "y" : 0.0,
      "z" : 0.0
    }, {
      "x" : 7.236068,
      "y" : 7.236068,
      "z" : 0.0
    }, {
      "x" : 7.236068,
      "y" : 0.49844718,
      "z" : -17.63932
    }, {
      "x" : 6.737621,
      "y" : 0.0,
      "z" : -17.63932
    } ],
    "faces" : [ {
      "vertices" : [ 0, 1, 2, 3 ]
    }, {
      "vertices" : [ 0, 3, 2, 1 ]
    } ]
  }, {
    "id" : "e7f6875a-dac8-4596-b6f7-2d53ce9f7dee",
    "vertices" : [ {
      "x" : 0.0,
      "y" : 0.0,
      "z" : 0.0
    }, {
      "x" : 0.0,
      "y" : 0.49844718,
      "z" : -0.49844718
    }, {
      "x" : 0.0,
      "y" : 0.99689436,
      "z" : 0.0
    } ],
    "faces" : [ {
      "vertices" : [ 0, 1, 2 ]
    }, {
      "vertices" : [ 0, 2, 1 ]
    } ]
  }, {
    "id" : "c5d7b40d-7e01-4efb-a6fd-4463ac9e3ab0",
    "vertices" : [ {
      "x" : 0.0,
      "y" : 0.0,
      "z" : 0.0
    }, {
      "x" : 12.188471,
      "y" : -5.4508495,
      "z" : 5.4508495
    }, {
      "x" : 12.686917,
      "y" : -4.9524026,
      "z" : 5.4508495
    }, {
      "x" : 7.236068,
      "y" : 7.236068,
      "z" : 0.0
    } ],
    "faces" : [ {
      "vertices" : [ 0, 1, 2, 3 ]
    }, {
      "vertices" : [ 0, 3, 2, 1 ]
    } ]
  }, {
    "id" : "271e7ba5-47e2-4047-8c32-354986f74cdc",
    "vertices" : [ {
      "x" : 0.0,
      "y" : 0.0,
      "z" : 0.0
    }, {
      "x" : 0.0,
      "y" : 1.4472136,
      "z" : -1.4472136
    }, {
      "x" : 0.0,
      "y" : 1.4472136,
      "z" : 13.024922
    }, {
      "x" : 0.0,
      "y" : 0.0,
      "z" : 11.577709
    } ],
    "faces" : [ {
      "vertices" : [ 0, 1, 2, 3 ]
    }, {
      "vertices" : [ 0, 3, 2, 1 ]
    } ]
  }, {
    "id" : "6bc9d10f-fcb0-4f72-abb9-fa67fb3762e3",
    "vertices" : [ {
      "x" : 0.0,
      "y" : 0.0,
      "z" : 0.0
    }, {
      "x" : 12.188471,
      "y" : -5.4508495,
      "z" : 5.4508495
    }, {
      "x" : 4.9524026,
      "y" : -12.686917,
      "z" : 5.4508495
    }, {
      "x" : -0.49844718,
      "y" : -0.49844718,
      "z" : 0.0
    } ],
    "faces" : [ {
      "vertices" : [ 0, 1, 2, 3 ]
    }, {
      "vertices" : [ 0, 3, 2, 1 ]
    } ]
  }, {
    "id" : "d520eed4-42f8-4ea6-a4f6-176aaf837169",
    "vertices" : [ {
      "x" : 0.0,
      "y" : 0.0,
      "z" : 0.0
    }, {
      "x" : -5.7888546,
      "y" : -5.7888546,
      "z" : 0.0
    }, {
      "x" : 3.961922,
      "y" : -10.149534,
      "z" : 4.3606796
    }, {
      "x" : 4.3606796,
      "y" : -9.750776,
      "z" : 4.3606796
    } ],
    "faces" : [ {
      "vertices" : [ 0, 1, 2, 3 ]
    }, {
      "vertices" : [ 0, 3, 2, 1 ]
    } ]
  }, {
    "id" : "35daa40d-c934-47b0-b117-76a3390aa602",
    "vertices" : [ {
      "x" : 0.0,
      "y" : 0.0,
      "z" : 0.0
    }, {
      "x" : -0.49844718,
      "y" : -0.49844718,
      "z" : 0.0
    }, {
      "x" : -0.49844718,
      "y" : -7.236068,
      "z" : -17.63932
    }, {
      "x" : 6.737621,
      "y" : 0.0,
      "z" : -17.63932
    } ],
    "faces" : [ {
      "vertices" : [ 0, 1, 2, 3 ]
    }, {
      "vertices" : [ 0, 3, 2, 1 ]
    } ]
  }, {
    "id" : "b31f1086-3799-47b3-9816-32f8396d5ab2",
    "vertices" : [ {
      "x" : 0.0,
      "y" : 0.0,
      "z" : 0.0
    }, {
      "x" : 0.0,
      "y" : -5.7888546,
      "z" : 5.7888546
    }, {
      "x" : 0.0,
      "y" : -11.577709,
      "z" : 0.0
    } ],
    "faces" : [ {
      "vertices" : [ 0, 1, 2 ]
    }, {
      "vertices" : [ 0, 2, 1 ]
    } ]
  }, {
    "id" : "62615f65-f02e-4ae2-978d-bd470965a2d2",
    "vertices" : [ {
      "x" : 0.0,
      "y" : 0.0,
      "z" : 0.0
    }, {
      "x" : 0.0,
      "y" : -0.49844718,
      "z" : 0.49844718
    }, {
      "x" : 0.0,
      "y" : -0.99689436,
      "z" : 0.0
    } ],
    "faces" : [ {
      "vertices" : [ 0, 1, 2 ]
    }, {
      "vertices" : [ 0, 2, 1 ]
    } ]
  }, {
    "id" : "38c4f406-9336-45d3-80ef-1463a166d13b",
    "vertices" : [ {
      "x" : 0.0,
      "y" : 0.0,
      "z" : 0.0
    }, {
      "x" : 0.24922359,
      "y" : -0.09519494,
      "z" : 0.65247583
    }, {
      "x" : 0.09519494,
      "y" : -0.65247583,
      "z" : 0.24922359
    } ],
    "faces" : [ {
      "vertices" : [ 0, 1, 2 ]
    }, {
      "vertices" : [ 0, 2, 1 ]
    } ]
  }, {
    "id" : "c949be62-e80a-422a-b20a-258e29a8a7ec",
    "vertices" : [ {
      "x" : 0.0,
      "y" : 0.0,
      "z" : 0.0
    }, {
      "x" : 0.39875776,
      "y" : 0.39875776,
      "z" : 0.0
    }, {
      "x" : 5.7888546,
      "y" : 0.39875776,
      "z" : -14.111456
    }, {
      "x" : 0.0,
      "y" : -5.3900967,
      "z" : -14.111456
    } ],
    "faces" : [ {
      "vertices" : [ 0, 1, 2, 3 ]
    }, {
      "vertices" : [ 0, 3, 2, 1 ]
    } ]
  }, {
    "id" : "e0dcf35d-df15-41e1-8aec-21bacfefd75d",
    "vertices" : [ {
      "x" : 0.0,
      "y" : 0.0,
      "z" : 0.0
    }, {
      "x" : 6.737621,
      "y" : 0.0,
      "z" : -17.63932
    }, {
      "x" : -0.49844718,
      "y" : -7.236068,
      "z" : -17.63932
    }, {
      "x" : -0.49844718,
      "y" : -0.49844718,
      "z" : 0.0
    } ],
    "faces" : [ {
      "vertices" : [ 0, 1, 2, 3 ]
    }, {
      "vertices" : [ 0, 3, 2, 1 ]
    } ]
  }, {
    "id" : "3b98a804-af59-4327-b878-cad7961ec7c4",
    "vertices" : [ {
      "x" : 0.0,
      "y" : 0.0,
      "z" : 0.0
    }, {
      "x" : 7.236068,
      "y" : 7.236068,
      "z" : 0.0
    }, {
      "x" : 12.686917,
      "y" : -4.9524026,
      "z" : 5.4508495
    }, {
      "x" : 12.188471,
      "y" : -5.4508495,
      "z" : 5.4508495
    } ],
    "faces" : [ {
      "vertices" : [ 0, 1, 2, 3 ]
    }, {
      "vertices" : [ 0, 3, 2, 1 ]
    } ]
  }, {
    "id" : "ae1f54de-0edd-420d-bdd5-314b2e341e81",
    "vertices" : [ {
      "x" : 0.0,
      "y" : 0.0,
      "z" : 0.0
    }, {
      "x" : 4.3606796,
      "y" : -9.750776,
      "z" : 4.3606796
    }, {
      "x" : 10.149534,
      "y" : -3.961922,
      "z" : 4.3606796
    }, {
      "x" : 0.39875776,
      "y" : 0.39875776,
      "z" : 0.0
    } ],
    "faces" : [ {
      "vertices" : [ 0, 1, 2, 3 ]
    }, {
      "vertices" : [ 0, 3, 2, 1 ]
    } ]
  }, {
    "id" : "28222eb2-1827-456e-95b5-aaf177a7a808",
    "vertices" : [ {
      "x" : 0.0,
      "y" : 0.0,
      "z" : 0.0
    }, {
      "x" : -0.07615595,
      "y" : -0.5219807,
      "z" : -0.19937888
    }, {
      "x" : -0.19937888,
      "y" : -0.07615595,
      "z" : -0.5219807
    } ],
    "faces" : [ {
      "vertices" : [ 0, 1, 2 ]
    }, {
      "vertices" : [ 0, 2, 1 ]
    } ]
  }, {
    "id" : "f60ae870-933f-4ae1-926d-4c71121009ad",
    "vertices" : [ {
      "x" : 0.0,
      "y" : 0.0,
      "z" : 0.0
    }, {
      "x" : 0.0,
      "y" : 6.737621,
      "z" : 17.63932
    }, {
      "x" : 0.49844718,
      "y" : 7.236068,
      "z" : 17.63932
    }, {
      "x" : 7.236068,
      "y" : 7.236068,
      "z" : 0.0
    } ],
    "faces" : [ {
      "vertices" : [ 0, 1, 2, 3 ]
    }, {
      "vertices" : [ 0, 3, 2, 1 ]
    } ]
  }, {
    "id" : "f1d27ebf-5880-4ddb-8d3d-0411e0c2ea72",
    "vertices" : [ {
      "x" : 0.0,
      "y" : 0.0,
      "z" : 0.0
    }, {
      "x" : 7.236068,
      "y" : 7.236068,
      "z" : 0.0
    }, {
      "x" : -4.9524026,
      "y" : 12.686917,
      "z" : -5.4508495
    }, {
      "x" : -5.4508495,
      "y" : 12.188471,
      "z" : -5.4508495
    } ],
    "faces" : [ {
      "vertices" : [ 0, 1, 2, 3 ]
    }, {
      "vertices" : [ 0, 3, 2, 1 ]
    } ]
  }, {
    "id" : "50a263ba-d612-4850-b5bf-dcaa3647dd24",
    "vertices" : [ {
      "x" : 0.0,
      "y" : 0.0,
      "z" : 0.0
    }, {
      "x" : 0.0,
      "y" : 0.49844718,
      "z" : 0.49844718
    }, {
      "x" : 0.0,
      "y" : 0.0,
      "z" : 0.99689436
    } ],
    "faces" : [ {
      "vertices" : [ 0, 1, 2 ]
    }, {
      "vertices" : [ 0, 2, 1 ]
    } ]
  }, {
    "id" : "9a1529a7-e27b-48d1-ae9e-f116effad71f",
    "vertices" : [ {
      "x" : 0.0,
      "y" : 0.0,
      "z" : 0.0
    }, {
      "x" : -7.236068,
      "y" : -7.236068,
      "z" : 0.0
    }, {
      "x" : -7.236068,
      "y" : -0.49844718,
      "z" : 17.63932
    }, {
      "x" : -6.737621,
      "y" : 0.0,
      "z" : 17.63932
    } ],
    "faces" : [ {
      "vertices" : [ 0, 1, 2, 3 ]
    }, {
      "vertices" : [ 0, 3, 2, 1 ]
    } ]
  }, {
    "id" : "ed16f3ec-4109-4b4e-846c-686c366f04bb",
    "vertices" : [ {
      "x" : 0.0,
      "y" : 0.0,
      "z" : 0.0
    }, {
      "x" : -6.737621,
      "y" : 0.0,
      "z" : 17.63932
    }, {
      "x" : 0.49844718,
      "y" : 7.236068,
      "z" : 17.63932
    }, {
      "x" : 0.49844718,
      "y" : 0.49844718,
      "z" : 0.0
    } ],
    "faces" : [ {
      "vertices" : [ 0, 1, 2, 3 ]
    }, {
      "vertices" : [ 0, 3, 2, 1 ]
    } ]
  }, {
    "id" : "9e286172-dd87-4f92-b3de-4804ffa80db2",
    "vertices" : [ {
      "x" : 0.0,
      "y" : 0.0,
      "z" : 0.0
    }, {
      "x" : -4.3606796,
      "y" : 9.750776,
      "z" : -4.3606796
    }, {
      "x" : -10.149534,
      "y" : 3.961922,
      "z" : -4.3606796
    }, {
      "x" : -0.39875776,
      "y" : -0.39875776,
      "z" : 0.0
    } ],
    "faces" : [ {
      "vertices" : [ 0, 1, 2, 3 ]
    }, {
      "vertices" : [ 0, 3, 2, 1 ]
    } ]
  }, {
    "id" : "adb8254c-6c8c-4531-b4cc-11fd8f9747b7",
    "vertices" : [ {
      "x" : 0.0,
      "y" : 0.0,
      "z" : 0.0
    }, {
      "x" : 0.07615595,
      "y" : -0.5219807,
      "z" : 0.19937888
    }, {
      "x" : -0.123222925,
      "y" : -0.4458247,
      "z" : -0.3226018
    } ],
    "faces" : [ {
      "vertices" : [ 0, 1, 2 ]
    }, {
      "vertices" : [ 0, 2, 1 ]
    } ]
  }, {
    "id" : "4ac1e03e-7925-451c-bd8e-258431955026",
    "vertices" : [ {
      "x" : 0.0,
      "y" : 0.0,
      "z" : 0.0
    }, {
      "x" : 0.39875776,
      "y" : 0.39875776,
      "z" : 0.0
    }, {
      "x" : -3.961922,
      "y" : 10.149534,
      "z" : -4.3606796
    }, {
      "x" : -9.750776,
      "y" : 4.3606796,
      "z" : -4.3606796
    } ],
    "faces" : [ {
      "vertices" : [ 0, 1, 2, 3 ]
    }, {
      "vertices" : [ 0, 3, 2, 1 ]
    } ]
  }, {
    "id" : "b5b2fe1a-7556-4e41-910c-101ce51438ee",
    "vertices" : [ {
      "x" : 0.0,
      "y" : 0.0,
      "z" : 0.0
    }, {
      "x" : 0.0,
      "y" : -1.4472136,
      "z" : -1.4472136
    }, {
      "x" : 0.0,
      "y" : 13.024922,
      "z" : -1.4472136
    }, {
      "x" : 0.0,
      "y" : 11.577709,
      "z" : 0.0
    } ],
    "faces" : [ {
      "vertices" : [ 0, 1, 2, 3 ]
    }, {
      "vertices" : [ 0, 3, 2, 1 ]
    } ]
  }, {
    "id" : "8e09b477-471f-470d-b1dd-26cc41cdc6a5",
    "vertices" : [ {
      "x" : 0.0,
      "y" : 0.0,
      "z" : 0.0
    }, {
      "x" : -0.15402865,
      "y" : -0.5572809,
      "z" : -0.40325224
    }, {
      "x" : -0.24922359,
      "y" : 0.09519494,
      "z" : -0.65247583
    } ],
    "faces" : [ {
      "vertices" : [ 0, 1, 2 ]
    }, {
      "vertices" : [ 0, 2, 1 ]
    } ]
  }, {
    "id" : "98098a18-7dac-43dd-bfb4-38735b78265c",
    "vertices" : [ {
      "x" : 0.0,
      "y" : 0.0,
      "z" : 0.0
    }, {
      "x" : 5.4508495,
      "y" : -12.188471,
      "z" : 5.4508495
    }, {
      "x" : 12.686917,
      "y" : -4.9524026,
      "z" : 5.4508495
    }, {
      "x" : 0.49844718,
      "y" : 0.49844718,
      "z" : 0.0
    } ],
    "faces" : [ {
      "vertices" : [ 0, 1, 2, 3 ]
    }, {
      "vertices" : [ 0, 3, 2, 1 ]
    } ]
  }, {
    "id" : "3b6c0968-d30c-4430-b935-cd254fb7433b",
    "vertices" : [ {
      "x" : 0.0,
      "y" : 0.0,
      "z" : 0.0
    }, {
      "x" : -7.236068,
      "y" : -7.236068,
      "z" : 0.0
    }, {
      "x" : 4.9524026,
      "y" : -12.686917,
      "z" : 5.4508495
    }, {
      "x" : 5.4508495,
      "y" : -12.188471,
      "z" : 5.4508495
    } ],
    "faces" : [ {
      "vertices" : [ 0, 1, 2, 3 ]
    }, {
      "vertices" : [ 0, 3, 2, 1 ]
    } ]
  }, {
    "id" : "e74ab385-186e-48c7-b90d-fc814922a033",
    "vertices" : [ {
      "x" : 0.0,
      "y" : 0.0,
      "z" : 0.0
    }, {
      "x" : 0.0,
      "y" : 6.737621,
      "z" : -17.63932
    }, {
      "x" : 0.0,
      "y" : 7.734515,
      "z" : -17.63932
    }, {
      "x" : 0.0,
      "y" : 14.472136,
      "z" : 0.0
    } ],
    "faces" : [ {
      "vertices" : [ 0, 1, 2, 3 ]
    }, {
      "vertices" : [ 0, 3, 2, 1 ]
    } ]
  }, {
    "id" : "685e3b02-8f2a-4537-9ee9-3fa6871bb4fc",
    "vertices" : [ {
      "x" : 0.0,
      "y" : 0.0,
      "z" : 0.0
    }, {
      "x" : -0.24922359,
      "y" : 0.09519494,
      "z" : -0.65247583
    }, {
      "x" : -0.09519494,
      "y" : 0.65247583,
      "z" : -0.24922359
    } ],
    "faces" : [ {
      "vertices" : [ 0, 1, 2 ]
    }, {
      "vertices" : [ 0, 2, 1 ]
    } ]
  }, {
    "id" : "478126ef-ce68-4dad-ad13-43688d9f3c9a",
    "vertices" : [ {
      "x" : 0.0,
      "y" : 0.0,
      "z" : 0.0
    }, {
      "x" : 0.09968944,
      "y" : -4.9750776,
      "z" : 0.0
    }, {
      "x" : 0.49844718,
      "y" : -4.9750776,
      "z" : 0.39875776
    }, {
      "x" : 0.49844718,
      "y" : 0.0,
      "z" : 0.49844718
    } ],
    "faces" : [ {
      "vertices" : [ 0, 1, 2, 3 ]
    }, {
      "vertices" : [ 0, 3, 2, 1 ]
    } ]
  }, {
    "id" : "e9985df3-5734-47eb-8f48-53058790015b",
    "vertices" : [ {
      "x" : 0.0,
      "y" : 0.0,
      "z" : 0.0
    }, {
      "x" : 0.0,
      "y" : -5.7888546,
      "z" : -5.7888546
    }, {
      "x" : 0.0,
      "y" : 0.0,
      "z" : -11.577709
    } ],
    "faces" : [ {
      "vertices" : [ 0, 1, 2 ]
    }, {
      "vertices" : [ 0, 2, 1 ]
    } ]
  }, {
    "id" : "2015ed30-35f2-4a2f-ac04-24bb6b458889",
    "vertices" : [ {
      "x" : 0.0,
      "y" : 0.0,
      "z" : 0.0
    }, {
      "x" : -4.3606796,
      "y" : 9.750776,
      "z" : -4.3606796
    }, {
      "x" : -3.961922,
      "y" : 10.149534,
      "z" : -4.3606796
    }, {
      "x" : 5.7888546,
      "y" : 5.7888546,
      "z" : 0.0
    } ],
    "faces" : [ {
      "vertices" : [ 0, 1, 2, 3 ]
    }, {
      "vertices" : [ 0, 3, 2, 1 ]
    } ]
  }, {
    "id" : "6b00d833-ddff-497b-98a8-bd216e4c4912",
    "vertices" : [ {
      "x" : 0.0,
      "y" : 0.0,
      "z" : 0.0
    }, {
      "x" : 0.0,
      "y" : 5.7888546,
      "z" : -5.7888546
    }, {
      "x" : 0.0,
      "y" : 11.577709,
      "z" : 0.0
    } ],
    "faces" : [ {
      "vertices" : [ 0, 1, 2 ]
    }, {
      "vertices" : [ 0, 2, 1 ]
    } ]
  }, {
    "id" : "41035e46-5623-4b1e-956a-2cd5efb1ae05",
    "vertices" : [ {
      "x" : 0.0,
      "y" : 0.0,
      "z" : 0.0
    }, {
      "x" : 0.0,
      "y" : -17.63932,
      "z" : -6.737621
    }, {
      "x" : 0.0,
      "y" : -17.63932,
      "z" : -7.734515
    }, {
      "x" : 0.0,
      "y" : 0.0,
      "z" : -14.472136
    } ],
    "faces" : [ {
      "vertices" : [ 0, 1, 2, 3 ]
    }, {
      "vertices" : [ 0, 3, 2, 1 ]
    } ]
  }, {
    "id" : "0aa09440-4828-4b94-ae36-d948dae321ee",
    "vertices" : [ {
      "x" : 0.0,
      "y" : 0.0,
      "z" : 0.0
    }, {
      "x" : -5.3900967,
      "y" : 0.0,
      "z" : 14.111456
    }, {
      "x" : -5.7888546,
      "y" : -0.39875776,
      "z" : 14.111456
    }, {
      "x" : -5.7888546,
      "y" : -5.7888546,
      "z" : 0.0
    } ],
    "faces" : [ {
      "vertices" : [ 0, 1, 2, 3 ]
    }, {
      "vertices" : [ 0, 3, 2, 1 ]
    } ]
  }, {
    "id" : "3f771b4b-1145-4e07-902d-bdf01b2eaaab",
    "vertices" : [ {
      "x" : 0.0,
      "y" : 0.0,
      "z" : 0.0
    }, {
      "x" : -0.19937888,
      "y" : 0.07615595,
      "z" : -0.5219807
    }, {
      "x" : -0.07615595,
      "y" : 0.5219807,
      "z" : -0.19937888
    } ],
    "faces" : [ {
      "vertices" : [ 0, 1, 2 ]
    }, {
      "vertices" : [ 0, 2, 1 ]
    } ]
  }, {
    "id" : "50da76d3-7159-47e7-82d6-ec694ece09d3",
    "vertices" : [ {
      "x" : 0.0,
      "y" : 0.0,
      "z" : 0.0
    }, {
      "x" : 5.7888546,
      "y" : 5.7888546,
      "z" : 0.0
    }, {
      "x" : -3.961922,
      "y" : 10.149534,
      "z" : -4.3606796
    }, {
      "x" : -4.3606796,
      "y" : 9.750776,
      "z" : -4.3606796
    } ],
    "faces" : [ {
      "vertices" : [ 0, 1, 2, 3 ]
    }, {
      "vertices" : [ 0, 3, 2, 1 ]
    } ]
  }, {
    "id" : "025fb838-265b-42f8-9119-f584d3cbad5a",
    "vertices" : [ {
      "x" : 0.0,
      "y" : 0.0,
      "z" : 0.0
    }, {
      "x" : 0.0,
      "y" : 17.63932,
      "z" : 6.737621
    }, {
      "x" : 0.0,
      "y" : 17.63932,
      "z" : 7.734515
    }, {
      "x" : 0.0,
      "y" : 0.0,
      "z" : 14.472136
    } ],
    "faces" : [ {
      "vertices" : [ 0, 1, 2, 3 ]
    }, {
      "vertices" : [ 0, 3, 2, 1 ]
    } ]
  }, {
    "id" : "0b1a36af-bbab-4582-aa4e-92928a27ae4a",
    "vertices" : [ {
      "x" : 0.0,
      "y" : 0.0,
      "z" : 0.0
    }, {
      "x" : 0.0,
      "y" : 1.4472136,
      "z" : 1.4472136
    }, {
      "x" : 0.0,
      "y" : -13.024922,
      "z" : 1.4472136
    }, {
      "x" : 0.0,
      "y" : -11.577709,
      "z" : 0.0
    } ],
    "faces" : [ {
      "vertices" : [ 0, 1, 2, 3 ]
    }, {
      "vertices" : [ 0, 3, 2, 1 ]
    } ]
  }, {
    "id" : "87e77544-1c85-49d2-a4ef-23b255c9216f",
    "vertices" : [ {
      "x" : 0.0,
      "y" : 0.0,
      "z" : 0.0
    }, {
      "x" : 0.0,
      "y" : -0.49844718,
      "z" : -0.49844718
    }, {
      "x" : 0.0,
      "y" : 0.0,
      "z" : -0.99689436
    } ],
    "faces" : [ {
      "vertices" : [ 0, 1, 2 ]
    }, {
      "vertices" : [ 0, 2, 1 ]
    } ]
  }, {
    "id" : "5e709602-6604-40e9-bbde-6bb1f3327540",
    "vertices" : [ {
      "x" : 0.0,
      "y" : 0.0,
      "z" : 0.0
    }, {
      "x" : -0.07615595,
      "y" : 0.5219807,
      "z" : -0.19937888
    }, {
      "x" : 0.123222925,
      "y" : 0.4458247,
      "z" : 0.3226018
    } ],
    "faces" : [ {
      "vertices" : [ 0, 1, 2 ]
    }, {
      "vertices" : [ 0, 2, 1 ]
    } ]
  }, {
    "id" : "c380fbd6-c261-41c1-8f0c-05c08374b754",
    "vertices" : [ {
      "x" : 0.0,
      "y" : 0.0,
      "z" : 0.0
    }, {
      "x" : -0.09968944,
      "y" : 4.9750776,
      "z" : 0.0
    }, {
      "x" : 0.39875776,
      "y" : 4.9750776,
      "z" : 0.49844718
    }, {
      "x" : 0.39875776,
      "y" : 0.0,
      "z" : 0.39875776
    } ],
    "faces" : [ {
      "vertices" : [ 0, 1, 2, 3 ]
    }, {
      "vertices" : [ 0, 3, 2, 1 ]
    } ]
  }, {
    "id" : "8e17fdb2-5882-4ec6-90d9-385beebe24f5",
    "vertices" : [ {
      "x" : 0.0,
      "y" : 0.0,
      "z" : 0.0
    }, {
      "x" : 0.19937888,
      "y" : -0.07615595,
      "z" : 0.5219807
    }, {
      "x" : 0.07615595,
      "y" : -0.5219807,
      "z" : 0.19937888
    } ],
    "faces" : [ {
      "vertices" : [ 0, 1, 2 ]
    }, {
      "vertices" : [ 0, 2, 1 ]
    } ]
  }, {
    "id" : "adbb873c-0004-410f-96b1-cbf6ec726941",
    "vertices" : [ {
      "x" : 0.0,
      "y" : 0.0,
      "z" : 0.0
    }, {
      "x" : -12.188471,
      "y" : 5.4508495,
      "z" : -5.4508495
    }, {
      "x" : -4.9524026,
      "y" : 12.686917,
      "z" : -5.4508495
    }, {
      "x" : 0.49844718,
      "y" : 0.49844718,
      "z" : 0.0
    } ],
    "faces" : [ {
      "vertices" : [ 0, 1, 2, 3 ]
    }, {
      "vertices" : [ 0, 3, 2, 1 ]
    } ]
  }, {
    "id" : "5cad2dd0-6675-465a-a93e-9f49ee1e7aee",
    "vertices" : [ {
      "x" : 0.0,
      "y" : 0.0,
      "z" : 0.0
    }, {
      "x" : 0.07615595,
      "y" : 0.5219807,
      "z" : 0.19937888
    }, {
      "x" : 0.19937888,
      "y" : 0.07615595,
      "z" : 0.5219807
    } ],
    "faces" : [ {
      "vertices" : [ 0, 1, 2 ]
    }, {
      "vertices" : [ 0, 2, 1 ]
    } ]
  }, {
    "id" : "ccc913e3-0191-4be8-af2d-57bcb699a9f4",
    "vertices" : [ {
      "x" : 0.0,
      "y" : 0.0,
      "z" : 0.0
    }, {
      "x" : 0.0,
      "y" : -1.4472136,
      "z" : 1.4472136
    }, {
      "x" : 0.0,
      "y" : -1.4472136,
      "z" : -13.024922
    }, {
      "x" : 0.0,
      "y" : 0.0,
      "z" : -11.577709
    } ],
    "faces" : [ {
      "vertices" : [ 0, 1, 2, 3 ]
    }, {
      "vertices" : [ 0, 3, 2, 1 ]
    } ]
  }, {
    "id" : "ab9f9995-70b9-48a8-b008-d072636f9100",
    "vertices" : [ {
      "x" : 0.0,
      "y" : 0.0,
      "z" : 0.0
    }, {
      "x" : 0.15402865,
      "y" : 0.5572809,
      "z" : 0.40325224
    }, {
      "x" : 0.24922359,
      "y" : -0.09519494,
      "z" : 0.65247583
    } ],
    "faces" : [ {
      "vertices" : [ 0, 1, 2 ]
    }, {
      "vertices" : [ 0, 2, 1 ]
    } ]
  }, {
    "id" : "dc443284-e8ae-491b-a006-e39b4bacbb25",
    "vertices" : [ {
      "x" : 0.0,
      "y" : 0.0,
      "z" : 0.0
    }, {
      "x" : -4.6832814,
      "y" : 10.472136,
      "z" : -4.6832814
    }, {
      "x" : 5.7888546,
      "y" : 5.7888546,
      "z" : 0.0
    } ],
    "faces" : [ {
      "vertices" : [ 0, 1, 2 ]
    }, {
      "vertices" : [ 0, 2, 1 ]
    } ]
  }, {
    "id" : "5073c23e-2a6d-4c9d-be6d-cbdb5cd0d2b0",
    "orbit" : "maroon",
    "orbitC" : "[[5,-3,1],[0,0,1]]",
    "length" : "[-4,8,5]",
    "name" : " :-4/5 +8/5*phi",
    "vertices" : [ {
      "x" : 4.4922986,
      "y" : 9.618034,
      "z" : -3.9922986
    }, {
      "x" : 0.14589803,
      "y" : 0.32623792,
      "z" : -0.14589803
    }, {
      "x" : 0.690983,
      "y" : 0.66311896,
      "z" : -0.38196602
    }, {
      "x" : 0.572949,
      "y" : 0.85410196,
      "z" : -0.072949015
    }, {
      "x" : 4.5373836,
      "y" : 10.145898,
      "z" : -4.5373836
    }, {
      "x" : 4.6103325,
      "y" : 9.427051,
      "z" : -4.301316
    }, {
      "x" : 4.08779,
      "y" : 9.581559,
      "z" : -4.5964007
    }, {
      "x" : 3.9697561,
      "y" : 9.772543,
      "z" : -4.2873836
    }, {
      "x" : 0.16844052,
      "y" : 0.81762743,
      "z" : -0.677051
    }, {
      "x" : 0.05040653,
      "y" : 1.0086105,
      "z" : -0.36803398
    }, {
      "x" : 4.6832814,
      "y" : 10.472136,
      "z" : -4.6832814
    } ],
    "faces" : [ {
      "vertices" : [ 4, 6, 7 ]
    }, {
      "vertices" : [ 1, 9, 8 ]
    }, {
      "vertices" : [ 0, 7, 9, 3 ]
    }, {
      "vertices" : [ 2, 8, 6, 5 ]
    }, {
      "vertices" : [ 1, 2, 3 ]
    }, {
      "vertices" : [ 0, 5, 4 ]
    }, {
      "vertices" : [ 0, 3, 2, 5 ]
    }, {
      "vertices" : [ 0, 4, 7 ]
    }, {
      "vertices" : [ 1, 8, 2 ]
    }, {
      "vertices" : [ 1, 3, 9 ]
