{
  "field" : "golden",
  "symmetry" : "icosahedral",
  "orientations" : [ [ 1.0, 0.0, 0.0, 0.0, 0.0, 1.0, 0.0, 0.0, 0.0, 0.0, 1.0, 0.0, 0.0, 0.0, 0.0, 1.0 ], [ 0.0, 0.0, 1.0, 0.0, 1.0, 0.0, 0.0, 0.0, 0.0, 1.0, 0.0, 0.0, 0.0, 0.0, 0.0, 1.0 ], [ 0.0, 1.0, 0.0, 0.0, 0.0, 0.0, 1.0, 0.0, 1.0, 0.0, 0.0, 0.0, 0.0, 0.0, 0.0, 1.0 ], [ 0.809017, 0.309017, 0.5, 0.0, 0.309017, 0.5, -0.809017, 0.0, -0.5, 0.809017, 0.309017, 0.0, 0.0, 0.0, 0.0, 1.0 ], [ -0.5, 0.809017, 0.309017, 0.0, 0.809017, 0.309017, 0.5, 0.0, 0.309017, 0.5, -0.809017, 0.0, 0.0, 0.0, 0.0, 1.0 ], [ 0.309017, 0.5, -0.809017, 0.0, -0.5, 0.809017, 0.309017, 0.0, 0.809017, 0.309017, 0.5, 0.0, 0.0, 0.0, 0.0, 1.0 ], [ 0.5, 0.809017, 0.309017, 0.0, 0.809017, -0.309017, -0.5, 0.0, -0.309017, 0.5, -0.809017, 0.0, 0.0, 0.0, 0.0, 1.0 ], [ -0.309017, 0.5, -0.809017, 0.0, 0.5, 0.809017, 0.309017, 0.0, 0.809017, -0.309017, -0.5, 0.0, 0.0, 0.0, 0.0, 1.0 ], [ 0.809017, -0.309017, -0.5, 0.0, -0.309017, 0.5, -0.809017, 0.0, 0.5, 0.809017, 0.309017, 0.0, 0.0, 0.0, 0.0, 1.0 ], [ 0.5, 0.809017, -0.309017, 0.0, 0.809017, -0.309017, 0.5, 0.0, 0.309017, -0.5, -0.809017, 0.0, 0.0, 0.0, 0.0, 1.0 ], [ 0.309017, -0.5, -0.809017, 0.0, 0.5, 0.809017, -0.309017, 0.0, 0.809017, -0.309017, 0.5, 0.0, 0.0, 0.0, 0.0, 1.0 ], [ 0.809017, -0.309017, 0.5, 0.0, 0.309017, -0.5, -0.809017, 0.0, 0.5, 0.809017, -0.309017, 0.0, 0.0, 0.0, 0.0, 1.0 ], [ 0.809017, 0.309017, -0.5, 0.0, 0.309017, 0.5, 0.809017, 0.0, 0.5, -0.809017, 0.309017, 0.0, 0.0, 0.0, 0.0, 1.0 ], [ 0.5, -0.809017, 0.309017, 0.0, 0.809017, 0.309017, -0.5, 0.0, 0.309017, 0.5, 0.809017, 0.0, 0.0, 0.0, 0.0, 1.0 ], [ 0.309017, 0.5, 0.809017, 0.0, 0.5, -0.809017, 0.309017, 0.0, 0.809017, 0.309017, -0.5, 0.0, 0.0, 0.0, 0.0, 1.0 ], [ 1.0, 0.0, 0.0, 0.0, 0.0, -1.0, 0.0, 0.0, 0.0, 0.0, -1.0, 0.0, 0.0, 0.0, 0.0, 1.0 ], [ 0.0, 0.0, 1.0, 0.0, -1.0, 0.0, 0.0, 0.0, 0.0, -1.0, 0.0, 0.0, 0.0, 0.0, 0.0, 1.0 ], [ 0.0, 1.0, 0.0, 0.0, 0.0, 0.0, -1.0, 0.0, -1.0, 0.0, 0.0, 0.0, 0.0, 0.0, 0.0, 1.0 ], [ 0.809017, 0.309017, 0.5, 0.0, -0.309017, -0.5, 0.809017, 0.0, 0.5, -0.809017, -0.309017, 0.0, 0.0, 0.0, 0.0, 1.0 ], [ -0.5, 0.809017, 0.309017, 0.0, -0.809017, -0.309017, -0.5, 0.0, -0.309017, -0.5, 0.809017, 0.0, 0.0, 0.0, 0.0, 1.0 ], [ 0.309017, 0.5, -0.809017, 0.0, 0.5, -0.809017, -0.309017, 0.0, -0.809017, -0.309017, -0.5, 0.0, 0.0, 0.0, 0.0, 1.0 ], [ 0.5, 0.809017, 0.309017, 0.0, -0.809017, 0.309017, 0.5, 0.0, 0.309017, -0.5, 0.809017, 0.0, 0.0, 0.0, 0.0, 1.0 ], [ -0.309017, 0.5, -0.809017, 0.0, -0.5, -0.809017, -0.309017, 0.0, -0.809017, 0.309017, 0.5, 0.0, 0.0, 0.0, 0.0, 1.0 ], [ 0.809017, -0.309017, -0.5, 0.0, 0.309017, -0.5, 0.809017, 0.0, -0.5, -0.809017, -0.309017, 0.0, 0.0, 0.0, 0.0, 1.0 ], [ 0.5, 0.809017, -0.309017, 0.0, -0.809017, 0.309017, -0.5, 0.0, -0.309017, 0.5, 0.809017, 0.0, 0.0, 0.0, 0.0, 1.0 ], [ 0.309017, -0.5, -0.809017, 0.0, -0.5, -0.809017, 0.309017, 0.0, -0.809017, 0.309017, -0.5, 0.0, 0.0, 0.0, 0.0, 1.0 ], [ 0.809017, -0.309017, 0.5, 0.0, -0.309017, 0.5, 0.809017, 0.0, -0.5, -0.809017, 0.309017, 0.0, 0.0, 0.0, 0.0, 1.0 ], [ 0.809017, 0.309017, -0.5, 0.0, -0.309017, -0.5, -0.809017, 0.0, -0.5, 0.809017, -0.309017, 0.0, 0.0, 0.0, 0.0, 1.0 ], [ 0.5, -0.809017, 0.309017, 0.0, -0.809017, -0.309017, 0.5, 0.0, -0.309017, -0.5, -0.809017, 0.0, 0.0, 0.0, 0.0, 1.0 ], [ 0.309017, 0.5, 0.809017, 0.0, -0.5, 0.809017, -0.309017, 0.0, -0.809017, -0.309017, 0.5, 0.0, 0.0, 0.0, 0.0, 1.0 ], [ -1.0, 0.0, 0.0, 0.0, 0.0, -1.0, 0.0, 0.0, 0.0, 0.0, 1.0, 0.0, 0.0, 0.0, 0.0, 1.0 ], [ 0.0, 0.0, -1.0, 0.0, -1.0, 0.0, 0.0, 0.0, 0.0, 1.0, 0.0, 0.0, 0.0, 0.0, 0.0, 1.0 ], [ 0.0, -1.0, 0.0, 0.0, 0.0, 0.0, -1.0, 0.0, 1.0, 0.0, 0.0, 0.0, 0.0, 0.0, 0.0, 1.0 ], [ -0.809017, -0.309017, -0.5, 0.0, -0.309017, -0.5, 0.809017, 0.0, -0.5, 0.809017, 0.309017, 0.0, 0.0, 0.0, 0.0, 1.0 ], [ 0.5, -0.809017, -0.309017, 0.0, -0.809017, -0.309017, -0.5, 0.0, 0.309017, 0.5, -0.809017, 0.0, 0.0, 0.0, 0.0, 1.0 ], [ -0.309017, -0.5, 0.809017, 0.0, 0.5, -0.809017, -0.309017, 0.0, 0.809017, 0.309017, 0.5, 0.0, 0.0, 0.0, 0.0, 1.0 ], [ -0.5, -0.809017, -0.309017, 0.0, -0.809017, 0.309017, 0.5, 0.0, -0.309017, 0.5, -0.809017, 0.0, 0.0, 0.0, 0.0, 1.0 ], [ 0.309017, -0.5, 0.809017, 0.0, -0.5, -0.809017, -0.309017, 0.0, 0.809017, -0.309017, -0.5, 0.0, 0.0, 0.0, 0.0, 1.0 ], [ -0.809017, 0.309017, 0.5, 0.0, 0.309017, -0.5, 0.809017, 0.0, 0.5, 0.809017, 0.309017, 0.0, 0.0, 0.0, 0.0, 1.0 ], [ -0.5, -0.809017, 0.309017, 0.0, -0.809017, 0.309017, -0.5, 0.0, 0.309017, -0.5, -0.809017, 0.0, 0.0, 0.0, 0.0, 1.0 ], [ -0.309017, 0.5, 0.809017, 0.0, -0.5, -0.809017, 0.309017, 0.0, 0.809017, -0.309017, 0.5, 0.0, 0.0, 0.0, 0.0, 1.0 ], [ -0.809017, 0.309017, -0.5, 0.0, -0.309017, 0.5, 0.809017, 0.0, 0.5, 0.809017, -0.309017, 0.0, 0.0, 0.0, 0.0, 1.0 ], [ -0.809017, -0.309017, 0.5, 0.0, -0.309017, -0.5, -0.809017, 0.0, 0.5, -0.809017, 0.309017, 0.0, 0.0, 0.0, 0.0, 1.0 ], [ -0.5, 0.809017, -0.309017, 0.0, -0.809017, -0.309017, 0.5, 0.0, 0.309017, 0.5, 0.809017, 0.0, 0.0, 0.0, 0.0, 1.0 ], [ -0.309017, -0.5, -0.809017, 0.0, -0.5, 0.809017, -0.309017, 0.0, 0.809017, 0.309017, -0.5, 0.0, 0.0, 0.0, 0.0, 1.0 ], [ -1.0, 0.0, 0.0, 0.0, 0.0, 1.0, 0.0, 0.0, 0.0, 0.0, -1.0, 0.0, 0.0, 0.0, 0.0, 1.0 ], [ 0.0, 0.0, -1.0, 0.0, 1.0, 0.0, 0.0, 0.0, 0.0, -1.0, 0.0, 0.0, 0.0, 0.0, 0.0, 1.0 ], [ 0.0, -1.0, 0.0, 0.0, 0.0, 0.0, 1.0, 0.0, -1.0, 0.0, 0.0, 0.0, 0.0, 0.0, 0.0, 1.0 ], [ -0.809017, -0.309017, -0.5, 0.0, 0.309017, 0.5, -0.809017, 0.0, 0.5, -0.809017, -0.309017, 0.0, 0.0, 0.0, 0.0, 1.0 ], [ 0.5, -0.809017, -0.309017, 0.0, 0.809017, 0.309017, 0.5, 0.0, -0.309017, -0.5, 0.809017, 0.0, 0.0, 0.0, 0.0, 1.0 ], [ -0.309017, -0.5, 0.809017, 0.0, -0.5, 0.809017, 0.309017, 0.0, -0.809017, -0.309017, -0.5, 0.0, 0.0, 0.0, 0.0, 1.0 ], [ -0.5, -0.809017, -0.309017, 0.0, 0.809017, -0.309017, -0.5, 0.0, 0.309017, -0.5, 0.809017, 0.0, 0.0, 0.0, 0.0, 1.0 ], [ 0.309017, -0.5, 0.809017, 0.0, 0.5, 0.809017, 0.309017, 0.0, -0.809017, 0.309017, 0.5, 0.0, 0.0, 0.0, 0.0, 1.0 ], [ -0.809017, 0.309017, 0.5, 0.0, -0.309017, 0.5, -0.809017, 0.0, -0.5, -0.809017, -0.309017, 0.0, 0.0, 0.0, 0.0, 1.0 ], [ -0.5, -0.809017, 0.309017, 0.0, 0.809017, -0.309017, 0.5, 0.0, -0.309017, 0.5, 0.809017, 0.0, 0.0, 0.0, 0.0, 1.0 ], [ -0.309017, 0.5, 0.809017, 0.0, 0.5, 0.809017, -0.309017, 0.0, -0.809017, 0.309017, -0.5, 0.0, 0.0, 0.0, 0.0, 1.0 ], [ -0.809017, 0.309017, -0.5, 0.0, 0.309017, -0.5, -0.809017, 0.0, -0.5, -0.809017, 0.309017, 0.0, 0.0, 0.0, 0.0, 1.0 ], [ -0.809017, -0.309017, 0.5, 0.0, 0.309017, 0.5, 0.809017, 0.0, -0.5, 0.809017, -0.309017, 0.0, 0.0, 0.0, 0.0, 1.0 ], [ -0.5, 0.809017, -0.309017, 0.0, 0.809017, 0.309017, -0.5, 0.0, -0.309017, -0.5, -0.809017, 0.0, 0.0, 0.0, 0.0, 1.0 ], [ -0.309017, -0.5, -0.809017, 0.0, 0.5, -0.809017, 0.309017, 0.0, -0.809017, -0.309017, 0.5, 0.0, 0.0, 0.0, 0.0, 1.0 ] ],
  "lights" : {
    "backgroundColor" : "#AFC8DC",
    "ambientColor" : "#292929",
    "directionalLights" : [ {
      "direction" : {
        "x" : 1.0,
        "y" : -1.0,
        "z" : -1.0
      },
      "color" : "#EBEBE4"
    }, {
      "direction" : {
        "x" : -1.0,
        "y" : 0.0,
        "z" : 0.0
      },
      "color" : "#E4E4EB"
    }, {
      "direction" : {
        "x" : 0.0,
        "y" : 0.0,
        "z" : -1.0
      },
      "color" : "#1E1E1E"
    } ]
  },
  "camera" : {
    "viewDistance" : 339.97745,
    "nearClipDistance" : 0.84994495,
    "farClipDistance" : 679.95355,
    "lookAtPoint" : {
      "x" : 0.0,
      "y" : 0.0,
      "z" : 0.0
    },
    "fieldOfView" : 0.44262967,
    "perspective" : false,
    "lookDirection" : {
      "x" : 0.52978915,
      "y" : -0.004867398,
      "z" : -0.8481181
    },
    "upDirection" : {
      "x" : -0.16407293,
      "y" : 0.98050255,
      "z" : -0.108115725
    },
    "width" : 152.99013,
    "stereo" : false,
    "position" : {
      "x" : -180.11636,
      "y" : 1.6548057,
      "z" : 288.34103
    }
  },
  "embedding" : [ 1.0, 0.0, 0.0, 0.0, 0.0, 1.0, 0.0, 0.0, 0.0, 0.0, 1.0, 0.0, 0.0, 0.0, 0.0, 1.0 ],
  "shapes" : [ {
    "id" : "cf216fde-c292-4009-9100-f70db2beccc3",
    "vertices" : [ {
      "x" : 5.854102,
      "y" : 40.12461,
      "z" : 3.618034
    }, {
      "x" : 7.236068,
      "y" : 39.12461,
      "z" : 5.236068
    }, {
      "x" : 7.236068,
      "y" : 100.429565,
      "z" : 43.12461
    }, {
      "x" : 5.854102,
      "y" : 101.429565,
      "z" : 41.506577
    } ],
    "faces" : [ {
      "vertices" : [ 0, 1, 2 ]
    }, {
      "vertices" : [ 0, 2, 3 ]
    }, {
      "vertices" : [ 0, 3, 2 ]
    }, {
      "vertices" : [ 0, 2, 1 ]
    } ]
  }, {
    "id" : "79e8dc1a-f336-4741-90b0-c31dfa7f0647",
    "vertices" : [ {
      "x" : 72.15905,
      "y" : 5.854102,
      "z" : 82.48529
    }, {
      "x" : 70.54102,
      "y" : 7.236068,
      "z" : 83.48529
    }, {
      "x" : 32.652477,
      "y" : 7.236068,
      "z" : 22.18034
    }, {
      "x" : 34.27051,
      "y" : 5.854102,
      "z" : 21.18034
    } ],
    "faces" : [ {
      "vertices" : [ 0, 1, 2 ]
    }, {
      "vertices" : [ 0, 2, 3 ]
    }, {
      "vertices" : [ 0, 3, 2 ]
    }, {
      "vertices" : [ 0, 2, 1 ]
    } ]
  }, {
    "id" : "44124ff1-56e3-4a69-b250-069b8f3ccccc",
    "vertices" : [ {
      "x" : -0.309017,
      "y" : -0.19098301,
      "z" : 0.0
    }, {
      "x" : -0.309017,
      "y" : 0.19098301,
      "z" : 0.0
    }, {
      "x" : -0.19098301,
      "y" : 0.0,
      "z" : -0.309017
    }, {
      "x" : -0.19098301,
      "y" : 0.0,
      "z" : 0.309017
    }, {
      "x" : 0.0,
      "y" : -0.309017,
      "z" : -0.19098301
    }, {
      "x" : 0.0,
      "y" : -0.309017,
      "z" : 0.19098301
    }, {
      "x" : 0.0,
      "y" : 0.309017,
      "z" : -0.19098301
    }, {
      "x" : 0.0,
      "y" : 0.309017,
      "z" : 0.19098301
    }, {
      "x" : 0.19098301,
      "y" : 0.0,
      "z" : -0.309017
    }, {
      "x" : 0.19098301,
      "y" : 0.0,
      "z" : 0.309017
    }, {
      "x" : 0.309017,
      "y" : -0.19098301,
      "z" : 0.0
    }, {
      "x" : 0.309017,
      "y" : 0.19098301,
      "z" : 0.0
    } ],
    "faces" : [ {
      "vertices" : [ 0, 1, 2 ]
    }, {
      "vertices" : [ 0, 3, 1 ]
    }, {
      "vertices" : [ 0, 2, 4 ]
    }, {
      "vertices" : [ 0, 5, 3 ]
    }, {
      "vertices" : [ 0, 4, 5 ]
    }, {
      "vertices" : [ 1, 6, 2 ]
    }, {
      "vertices" : [ 1, 3, 7 ]
    }, {
      "vertices" : [ 1, 7, 6 ]
    }, {
      "vertices" : [ 2, 8, 4 ]
    }, {
      "vertices" : [ 2, 6, 8 ]
    }, {
      "vertices" : [ 3, 5, 9 ]
    }, {
      "vertices" : [ 3, 9, 7 ]
    }, {
      "vertices" : [ 4, 10, 5 ]
    }, {
      "vertices" : [ 4, 8, 10 ]
    }, {
      "vertices" : [ 5, 10, 9 ]
    }, {
      "vertices" : [ 6, 7, 11 ]
    }, {
      "vertices" : [ 6, 11, 8 ]
    }, {
      "vertices" : [ 7, 9, 11 ]
    }, {
      "vertices" : [ 8, 11, 10 ]
    }, {
      "vertices" : [ 9, 10, 11 ]
    } ]
  }, {
    "id" : "93f8208b-44cb-49ae-94ce-2486acdcdb88",
    "vertices" : [ {
      "x" : -37.888542,
      "y" : 61.30495,
      "z" : 37.888542
    }, {
      "x" : -35.12461,
      "y" : 59.30495,
      "z" : 41.12461
    }, {
      "x" : -35.12461,
      "y" : -63.30495,
      "z" : -34.652477
    }, {
      "x" : -37.888542,
      "y" : -61.30495,
      "z" : -37.888542
    } ],
    "faces" : [ {
      "vertices" : [ 0, 1, 2 ]
    }, {
      "vertices" : [ 0, 2, 3 ]
    }, {
      "vertices" : [ 0, 3, 2 ]
    }, {
      "vertices" : [ 0, 2, 1 ]
    } ]
  }, {
    "id" : "bc5606e1-3fc4-4d01-9822-fe435a09f2a4",
    "vertices" : [ {
      "x" : -18.944271,
      "y" : -30.652475,
      "z" : 73.01315
    }, {
      "x" : -22.944271,
      "y" : -30.652475,
      "z" : 70.54102
    }, {
      "x" : -24.18034,
      "y" : -26.18034,
      "z" : 69.777084
    }, {
      "x" : -20.944271,
      "y" : -23.416409,
      "z" : 71.777084
    }, {
      "x" : -17.708204,
      "y" : -26.18034,
      "z" : 73.777084
    } ],
    "faces" : [ {
      "vertices" : [ 0, 1, 2 ]
    }, {
      "vertices" : [ 0, 2, 3 ]
    }, {
      "vertices" : [ 0, 3, 4 ]
    }, {
      "vertices" : [ 0, 4, 3 ]
    }, {
      "vertices" : [ 0, 3, 2 ]
    }, {
      "vertices" : [ 0, 2, 1 ]
    } ]
  }, {
    "id" : "04c43cf8-eb85-431a-96dd-0bd57fc33aaa",
    "vertices" : [ {
      "x" : -37.888542,
      "y" : -61.30495,
      "z" : -37.888542
    }, {
      "x" : -35.12461,
      "y" : -63.30495,
      "z" : -34.652477
    }, {
      "x" : -30.652475,
      "y" : -62.54102,
      "z" : -35.888542
    }, {
      "x" : -30.652475,
      "y" : -60.068882,
      "z" : -39.888542
    }, {
      "x" : -35.12461,
      "y" : -59.30495,
      "z" : -41.12461
    } ],
    "faces" : [ {
      "vertices" : [ 0, 1, 2 ]
    }, {
      "vertices" : [ 0, 2, 3 ]
    }, {
      "vertices" : [ 0, 3, 4 ]
    }, {
      "vertices" : [ 0, 4, 3 ]
    }, {
      "vertices" : [ 0, 3, 2 ]
    }, {
      "vertices" : [ 0, 2, 1 ]
    } ]
  }, {
    "id" : "cda2019d-d9c6-4225-882c-78ded1567876",
    "vertices" : [ {
      "x" : -31.652475,
      "y" : 17.326239,
      "z" : -17.562305
    }, {
      "x" : -92.95743,
      "y" : 55.214783,
      "z" : -17.562305
    }, {
      "x" : -92.57546,
      "y" : 55.832817,
      "z" : -15.326238
    }, {
      "x" : -31.27051,
      "y" : 17.944271,
      "z" : -15.326238
    } ],
    "faces" : [ {
      "vertices" : [ 0, 1, 2 ]
    }, {
      "vertices" : [ 0, 2, 3 ]
    }, {
      "vertices" : [ 0, 3, 2 ]
    }, {
      "vertices" : [ 0, 2, 1 ]
    } ]
  }, {
    "id" : "85e377fd-5fe3-4812-a130-8a4ec736587c",
    "vertices" : [ {
      "x" : -40.12461,
      "y" : 3.618034,
      "z" : -5.854102
    }, {
      "x" : -39.12461,
      "y" : 5.236068,
      "z" : -7.236068
    }, {
      "x" : 22.18034,
      "y" : -32.652477,
      "z" : -7.236068
    }, {
      "x" : 21.18034,
      "y" : -34.27051,
      "z" : -5.854102
    } ],
    "faces" : [ {
      "vertices" : [ 0, 1, 2 ]
    }, {
      "vertices" : [ 0, 2, 3 ]
    }, {
      "vertices" : [ 0, 3, 2 ]
    }, {
      "vertices" : [ 0, 2, 1 ]
    } ]
  }, {
    "id" : "c9f4d690-4d57-4aa3-b81a-e478efc9cf7c",
    "vertices" : [ {
      "x" : -91.95743,
      "y" : 56.832817,
      "z" : -18.944271
    }, {
      "x" : -92.95743,
      "y" : 55.214783,
      "z" : -17.562305
    }, {
      "x" : -31.652475,
      "y" : 17.326239,
      "z" : -17.562305
    }, {
      "x" : -30.652475,
      "y" : 18.944271,
      "z" : -18.944271
    } ],
    "faces" : [ {
      "vertices" : [ 0, 1, 2 ]
    }, {
      "vertices" : [ 0, 2, 3 ]
    }, {
      "vertices" : [ 0, 3, 2 ]
    }, {
      "vertices" : [ 0, 2, 1 ]
    } ]
  }, {
    "id" : "f08baf2b-5acc-442e-8897-f85e9e499cad",
    "vertices" : [ {
      "x" : -39.742645,
      "y" : 4.236068,
      "z" : -3.618034
    }, {
      "x" : -101.0476,
      "y" : 42.12461,
      "z" : -3.618034
    }, {
      "x" : -99.81153,
      "y" : 44.12461,
      "z" : -3.618034
    }, {
      "x" : -38.506577,
      "y" : 6.236068,
      "z" : -3.618034
    } ],
    "faces" : [ {
      "vertices" : [ 0, 1, 2 ]
    }, {
      "vertices" : [ 0, 2, 3 ]
    }, {
      "vertices" : [ 0, 3, 2 ]
    }, {
      "vertices" : [ 0, 2, 1 ]
    } ]
  }, {
    "id" : "9a335686-73da-4060-8356-10f2f798f9b7",
    "vertices" : [ {
      "x" : -38.12461,
      "y" : -6.854102,
      "z" : 5.854102
    }, {
      "x" : -38.506577,
      "y" : -6.236068,
      "z" : 3.618034
    }, {
      "x" : -99.81153,
      "y" : -44.12461,
      "z" : 3.618034
    }, {
      "x" : -99.429565,
      "y" : -44.742645,
      "z" : 5.854102
    } ],
    "faces" : [ {
      "vertices" : [ 0, 1, 2 ]
    }, {
      "vertices" : [ 0, 2, 3 ]
    }, {
      "vertices" : [ 0, 3, 2 ]
    }, {
      "vertices" : [ 0, 2, 1 ]
    } ]
  }, {
    "id" : "b3bf9ead-c163-4dc9-9067-85821bfdd6b8",
    "vertices" : [ {
      "x" : 5.854102,
      "y" : -82.48529,
      "z" : -72.15905
    }, {
      "x" : 7.236068,
      "y" : -83.48529,
      "z" : -70.54102
    }, {
      "x" : 7.236068,
      "y" : -22.18034,
      "z" : -32.652477
    }, {
      "x" : 5.854102,
      "y" : -21.18034,
      "z" : -34.27051
    } ],
    "faces" : [ {
      "vertices" : [ 0, 1, 2 ]
    }, {
      "vertices" : [ 0, 2, 3 ]
    }, {
      "vertices" : [ 0, 3, 2 ]
    }, {
      "vertices" : [ 0, 2, 1 ]
    } ]
  }, {
    "id" : "3267c92e-ca98-4310-8ad6-45f3529092f1",
    "vertices" : [ {
      "x" : 98.1935,
      "y" : 46.742645,
      "z" : -13.09017
    }, {
      "x" : 36.888542,
      "y" : 8.854102,
      "z" : -13.09017
    }, {
      "x" : 35.888542,
      "y" : 10.472136,
      "z" : -11.708204
    }, {
      "x" : 97.1935,
      "y" : 48.36068,
      "z" : -11.708204
    } ],
    "faces" : [ {
      "vertices" : [ 0, 1, 2 ]
    }, {
      "vertices" : [ 0, 2, 3 ]
    }, {
      "vertices" : [ 0, 3, 2 ]
    }, {
      "vertices" : [ 0, 2, 1 ]
    } ]
  }, {
    "id" : "3c212034-e802-4012-a50c-e19460f6bef7",
    "vertices" : [ {
      "x" : 0.9045085,
      "y" : 0.3454915,
      "z" : 0.25
    }, {
      "x" : 60.591427,
      "y" : 37.234035,
      "z" : 0.25
    }, {
      "x" : 60.400444,
      "y" : 37.543053,
      "z" : 0.25
    }, {
      "x" : 0.7135255,
      "y" : 0.6545085,
      "z" : 0.25
    }, {
      "x" : 0.809017,
      "y" : 0.5,
      "z" : -0.309017
    }, {
      "x" : 0.9635255,
      "y" : 0.25,
      "z" : -0.095491506
    }, {
      "x" : 0.309017,
      "y" : 0.19098301,
      "z" : 0.0
    }, {
      "x" : 60.995934,
      "y" : 37.69756,
      "z" : 0.0
    }, {
      "x" : 60.341427,
      "y" : 37.638542,
      "z" : -0.095491506
    }, {
      "x" : 60.495934,
      "y" : 37.388542,
      "z" : -0.309017
    }, {
      "x" : 61.30495,
      "y" : 37.888542,
      "z" : 0.0
    }, {
      "x" : 0.6545085,
      "y" : 0.75,
      "z" : -0.095491506
    }, {
      "x" : 60.650444,
      "y" : 37.138542,
      "z" : -0.095491506
    } ],
    "faces" : [ {
      "vertices" : [ 4, 11, 8 ]
    }, {
      "vertices" : [ 4, 8, 9 ]
    }, {
      "vertices" : [ 0, 1, 2 ]
    }, {
      "vertices" : [ 0, 2, 3 ]
    }, {
      "vertices" : [ 0, 3, 6 ]
    }, {
      "vertices" : [ 1, 7, 2 ]
    }, {
      "vertices" : [ 0, 6, 5 ]
    }, {
      "vertices" : [ 4, 5, 6 ]
    }, {
      "vertices" : [ 2, 7, 8 ]
    }, {
      "vertices" : [ 0, 5, 12 ]
    }, {
      "vertices" : [ 0, 12, 1 ]
    }, {
      "vertices" : [ 1, 12, 7 ]
    }, {
      "vertices" : [ 3, 11, 6 ]
    }, {
      "vertices" : [ 4, 6, 11 ]
    }, {
      "vertices" : [ 7, 9, 8 ]
    }, {
      "vertices" : [ 2, 8, 11 ]
    }, {
      "vertices" : [ 2, 11, 3 ]
    }, {
      "vertices" : [ 7, 12, 9 ]
    }, {
      "vertices" : [ 4, 9, 12 ]
    }, {
      "vertices" : [ 4, 12, 5 ]
    } ]
  }, {
    "id" : "9fb7ef7f-0149-4b69-aaea-f5656adb1bb4",
    "vertices" : [ {
      "x" : -42.36068,
      "y" : 68.54102,
      "z" : 11.708204
    }, {
      "x" : -43.12461,
      "y" : 67.304955,
      "z" : 7.236068
    }, {
      "x" : 79.48529,
      "y" : -8.472136,
      "z" : 7.236068
    }, {
      "x" : 80.24922,
      "y" : -7.236068,
      "z" : 11.708204
    } ],
    "faces" : [ {
      "vertices" : [ 0, 1, 2 ]
    }, {
      "vertices" : [ 0, 2, 3 ]
    }, {
      "vertices" : [ 0, 3, 2 ]
    }, {
      "vertices" : [ 0, 2, 1 ]
    } ]
  }, {
    "id" : "91c73d3f-62ea-491a-afb8-45d8ce98f7f5",
    "vertices" : [ {
      "x" : 18.944271,
      "y" : -30.652475,
      "z" : -73.01315
    }, {
      "x" : 17.708204,
      "y" : -26.18034,
      "z" : -73.777084
    }, {
      "x" : -58.068882,
      "y" : -26.18034,
      "z" : 48.832817
    }, {
      "x" : -56.832817,
      "y" : -30.652475,
      "z" : 49.59675
    } ],
    "faces" : [ {
      "vertices" : [ 0, 1, 2 ]
    }, {
      "vertices" : [ 0, 2, 3 ]
    }, {
      "vertices" : [ 0, 3, 2 ]
    }, {
      "vertices" : [ 0, 2, 1 ]
    } ]
  }, {
    "id" : "3b57a027-babb-42e2-ab02-76e5f754f860",
    "vertices" : [ {
      "x" : 13.09017,
      "y" : -26.416409,
      "z" : 25.798374
    }, {
      "x" : 11.708204,
      "y" : -25.416409,
      "z" : 27.416409
    }, {
      "x" : 11.708204,
      "y" : -86.72136,
      "z" : 65.304955
    }, {
      "x" : 13.09017,
      "y" : -87.72136,
      "z" : 63.686916
    } ],
    "faces" : [ {
      "vertices" : [ 0, 1, 2 ]
    }, {
      "vertices" : [ 0, 2, 3 ]
    }, {
      "vertices" : [ 0, 3, 2 ]
    }, {
      "vertices" : [ 0, 2, 1 ]
    } ]
  }, {
    "id" : "d314c052-bec5-435d-a090-ecb6a0d7ad70",
    "vertices" : [ {
      "x" : 5.854102,
      "y" : -40.12461,
      "z" : -3.618034
    }, {
      "x" : 3.618034,
      "y" : -39.742645,
      "z" : -4.236068
    }, {
      "x" : 3.618034,
      "y" : -38.506577,
      "z" : -6.236068
    }, {
      "x" : 5.854102,
      "y" : -38.12461,
      "z" : -6.854102
    }, {
      "x" : 7.236068,
      "y" : -39.12461,
      "z" : -5.236068
    } ],
    "faces" : [ {
      "vertices" : [ 0, 1, 2 ]
    }, {
      "vertices" : [ 0, 2, 3 ]
    }, {
      "vertices" : [ 0, 3, 4 ]
    }, {
      "vertices" : [ 0, 4, 3 ]
    }, {
      "vertices" : [ 0, 3, 2 ]
    }, {
      "vertices" : [ 0, 2, 1 ]
    } ]
  }, {
    "id" : "9b775268-6974-44aa-be0f-48b1950fd2b8",
    "vertices" : [ {
      "x" : -26.18034,
      "y" : -48.832817,
      "z" : 58.068882
    }, {
      "x" : -26.18034,
      "y" : 73.777084,
      "z" : -17.708204
    }, {
      "x" : -23.416409,
      "y" : 71.777084,
      "z" : -20.944271
    }, {
      "x" : -23.416409,
      "y" : -50.832817,
      "z" : 54.832817
    } ],
    "faces" : [ {
      "vertices" : [ 0, 1, 2 ]
    }, {
      "vertices" : [ 0, 2, 3 ]
    }, {
      "vertices" : [ 0, 3, 2 ]
    }, {
      "vertices" : [ 0, 2, 1 ]
    } ]
  }, {
    "id" : "e46d68e3-3c2f-488c-a4b3-a405f8881395",
    "vertices" : [ {
      "x" : -15.326238,
      "y" : -97.81153,
      "z" : -47.36068
    }, {
      "x" : -13.09017,
      "y" : -98.1935,
      "z" : -46.742645
    }, {
      "x" : -11.708204,
      "y" : -97.1935,
      "z" : -48.36068
    }, {
      "x" : -13.09017,
      "y" : -96.1935,
      "z" : -49.978714
    }, {
      "x" : -15.326238,
      "y" : -96.57546,
      "z" : -49.36068
    } ],
    "faces" : [ {
      "vertices" : [ 0, 1, 2 ]
    }, {
      "vertices" : [ 0, 2, 3 ]
    }, {
      "vertices" : [ 0, 3, 4 ]
    }, {
      "vertices" : [ 0, 4, 3 ]
    }, {
      "vertices" : [ 0, 3, 2 ]
    }, {
      "vertices" : [ 0, 2, 1 ]
    } ]
  }, {
    "id" : "24a36aec-a0bf-46c9-a74f-6c9d66a6a209",
    "vertices" : [ {
      "x" : 8.758611,
      "y" : 1.4635255,
      "z" : -2.059017
    }, {
      "x" : 9.126644,
      "y" : 1.559017,
      "z" : -2.5225425
    }, {
      "x" : 1.0954915,
      "y" : 0.1545085,
      "z" : 0.059016995
    }, {
      "x" : 8.567628,
      "y" : 1.7725425,
      "z" : -2.559017
    }, {
      "x" : 0.9045085,
      "y" : 0.4635255,
      "z" : -0.440983
    }, {
      "x" : 8.567628,
      "y" : 1.1545085,
      "z" : -2.177051
    }, {
      "x" : 0.9045085,
      "y" : -0.1545085,
      "z" : -0.059016995
    }, {
      "x" : 8.376644,
      "y" : 1.4635255,
      "z" : -2.677051
    }, {
      "x" : 9.472136,
      "y" : 1.618034,
      "z" : -2.618034
    }, {
      "x" : 0.3454915,
      "y" : 0.059016995,
      "z" : -0.095491506
    }, {
      "x" : 0.7135255,
      "y" : 0.1545085,
      "z" : -0.559017
    } ],
    "faces" : [ {
      "vertices" : [ 2, 9, 6 ]
    }, {
      "vertices" : [ 0, 1, 3 ]
    }, {
      "vertices" : [ 0, 5, 1 ]
    }, {
      "vertices" : [ 4, 10, 9 ]
    }, {
      "vertices" : [ 3, 7, 10 ]
    }, {
      "vertices" : [ 3, 10, 4 ]
    }, {
      "vertices" : [ 0, 3, 4 ]
    }, {
      "vertices" : [ 0, 4, 2 ]
    }, {
      "vertices" : [ 6, 9, 10 ]
    }, {
      "vertices" : [ 1, 7, 3 ]
    }, {
      "vertices" : [ 5, 6, 10 ]
    }, {
      "vertices" : [ 5, 10, 7 ]
    }, {
      "vertices" : [ 0, 2, 6 ]
    }, {
      "vertices" : [ 0, 6, 5 ]
    }, {
      "vertices" : [ 1, 5, 7 ]
    }, {
      "vertices" : [ 2, 4, 9 ]
    } ]
  }, {
    "id" : "18447197-09a5-435e-9bc1-58ac804e923f",
    "vertices" : [ {
      "x" : 72.15905,
      "y" : -5.854102,
      "z" : -82.48529
    }, {
      "x" : 70.54102,
      "y" : -7.236068,
      "z" : -83.48529
    }, {
      "x" : 32.652477,
      "y" : -7.236068,
      "z" : -22.18034
    }, {
      "x" : 34.27051,
      "y" : -5.854102,
      "z" : -21.18034
    } ],
    "faces" : [ {
      "vertices" : [ 0, 1, 2 ]
    }, {
      "vertices" : [ 0, 2, 3 ]
    }, {
      "vertices" : [ 0, 3, 2 ]
    }, {
      "vertices" : [ 0, 2, 1 ]
    } ]
  }, {
    "id" : "397b0d83-7255-4ad8-b991-70d23958c151",
    "vertices" : [ {
      "x" : -72.15905,
      "y" : 5.854102,
      "z" : -82.48529
    }, {
      "x" : -71.54102,
      "y" : 3.618034,
      "z" : -82.867256
    }, {
      "x" : -69.54102,
      "y" : 3.618034,
      "z" : -84.103325
    }, {
      "x" : -68.92299,
      "y" : 5.854102,
      "z" : -84.48529
    }, {
      "x" : -70.54102,
      "y" : 7.236068,
      "z" : -83.48529
    } ],
    "faces" : [ {
      "vertices" : [ 0, 1, 2 ]
    }, {
      "vertices" : [ 0, 2, 3 ]
    }, {
      "vertices" : [ 0, 3, 4 ]
    }, {
      "vertices" : [ 0, 4, 3 ]
    }, {
      "vertices" : [ 0, 3, 2 ]
    }, {
      "vertices" : [ 0, 2, 1 ]
    } ]
  }, {
    "id" : "df98c69b-23c1-46d3-9020-f06a76a867b4",
    "vertices" : [ {
      "x" : -5.854102,
      "y" : -82.48529,
      "z" : 72.15905
    }, {
      "x" : -7.236068,
      "y" : -83.48529,
      "z" : 70.54102
    }, {
      "x" : -7.236068,
      "y" : -22.18034,
      "z" : 32.652477
    }, {
      "x" : -5.854102,
      "y" : -21.18034,
      "z" : 34.27051
    } ],
    "faces" : [ {
      "vertices" : [ 0, 1, 2 ]
    }, {
      "vertices" : [ 0, 2, 3 ]
    }, {
      "vertices" : [ 0, 3, 2 ]
    }, {
      "vertices" : [ 0, 2, 1 ]
    } ]
  }, {
    "id" : "520bbd5e-d69d-48ba-985f-b1f551283140",
    "vertices" : [ {
      "x" : -70.54102,
      "y" : -22.944271,
      "z" : 30.652475
    }, {
      "x" : 52.068882,
      "y" : 52.832817,
      "z" : 30.652475
    }, {
      "x" : 52.832817,
      "y" : 51.59675,
      "z" : 26.18034
    }, {
      "x" : -69.777084,
      "y" : -24.18034,
      "z" : 26.18034
    } ],
    "faces" : [ {
      "vertices" : [ 0, 1, 2 ]
    }, {
      "vertices" : [ 0, 2, 3 ]
    }, {
      "vertices" : [ 0, 3, 2 ]
    }, {
      "vertices" : [ 0, 2, 1 ]
    } ]
  }, {
    "id" : "c7cbee52-adee-4b8f-96a8-7caec699a3d8",
    "vertices" : [ {
      "x" : 91.95743,
      "y" : -56.832817,
      "z" : -18.944271
    }, {
      "x" : 92.95743,
      "y" : -55.214783,
      "z" : -17.562305
    }, {
      "x" : 31.652475,
      "y" : -17.326239,
      "z" : -17.562305
    }, {
      "x" : 30.652475,
      "y" : -18.944271,
      "z" : -18.944271
    } ],
    "faces" : [ {
      "vertices" : [ 0, 1, 2 ]
    }, {
      "vertices" : [ 0, 2, 3 ]
    }, {
      "vertices" : [ 0, 3, 2 ]
    }, {
      "vertices" : [ 0, 2, 1 ]
    } ]
  }, {
    "id" : "8f9ee20b-97fa-4b55-9388-49f8c9d37694",
    "vertices" : [ {
      "x" : 20.944271,
      "y" : -23.416409,
      "z" : -71.777084
    }, {
      "x" : 24.18034,
      "y" : -26.18034,
      "z" : -69.777084
    }, {
      "x" : -51.59675,
      "y" : -26.18034,
      "z" : 52.832817
    }, {
      "x" : -54.832817,
      "y" : -23.416409,
      "z" : 50.832817
    } ],
    "faces" : [ {
      "vertices" : [ 0, 1, 2 ]
    }, {
      "vertices" : [ 0, 2, 3 ]
    }, {
      "vertices" : [ 0, 3, 2 ]
    }, {
      "vertices" : [ 0, 2, 1 ]
    } ]
  }, {
    "id" : "d40a4687-b962-42d6-b662-4164147b208f",
    "vertices" : [ {
      "x" : 40.12461,
      "y" : 3.618034,
      "z" : 5.854102
    }, {
      "x" : 39.12461,
      "y" : 5.236068,
      "z" : 7.236068
    }, {
      "x" : 100.429565,
      "y" : 43.12461,
      "z" : 7.236068
    }, {
      "x" : 101.429565,
      "y" : 41.506577,
      "z" : 5.854102
    } ],
    "faces" : [ {
      "vertices" : [ 0, 1, 2 ]
    }, {
      "vertices" : [ 0, 2, 3 ]
    }, {
      "vertices" : [ 0, 3, 2 ]
    }, {
      "vertices" : [ 0, 2, 1 ]
    } ]
  }, {
    "id" : "957087ff-3f68-4b87-9375-6a2dfad85e12",
    "vertices" : [ {
      "x" : 39.742645,
      "y" : 4.236068,
      "z" : 3.618034
    }, {
      "x" : 101.0476,
      "y" : 42.12461,
      "z" : 3.618034
    }, {
      "x" : 99.81153,
      "y" : 44.12461,
      "z" : 3.618034
    }, {
      "x" : 38.506577,
      "y" : 6.236068,
      "z" : 3.618034
    } ],
    "faces" : [ {
      "vertices" : [ 0, 1, 2 ]
    }, {
      "vertices" : [ 0, 2, 3 ]
    }, {
      "vertices" : [ 0, 3, 2 ]
    }, {
      "vertices" : [ 0, 2, 1 ]
    } ]
  }, {
    "id" : "c9c3344c-71db-48b7-8ac3-35ea96a27a28",
    "vertices" : [ {
      "x" : -10.472136,
      "y" : 11.708204,
      "z" : 35.888542
    }, {
      "x" : -12.09017,
      "y" : 13.09017,
      "z" : 34.888542
    }, {
      "x" : -49.978714,
      "y" : 13.09017,
      "z" : 96.1935
    }, {
      "x" : -48.36068,
      "y" : 11.708204,
      "z" : 97.1935
    } ],
    "faces" : [ {
      "vertices" : [ 0, 1, 2 ]
    }, {
      "vertices" : [ 0, 2, 3 ]
    }, {
      "vertices" : [ 0, 3, 2 ]
    }, {
      "vertices" : [ 0, 2, 1 ]
    } ]
  }, {
    "id" : "606fedb8-f954-4357-b4ad-2b0335e25a8b",
    "vertices" : [ {
      "x" : 5.854102,
      "y" : -101.429565,
      "z" : -41.506577
    }, {
      "x" : 7.236068,
      "y" : -100.429565,
      "z" : -43.12461
    }, {
      "x" : 5.854102,
      "y" : -99.429565,
      "z" : -44.742645
    }, {
      "x" : 3.618034,
      "y" : -99.81153,
      "z" : -44.12461
    }, {
      "x" : 3.618034,
      "y" : -101.0476,
      "z" : -42.12461
    } ],
    "faces" : [ {
      "vertices" : [ 0, 1, 2 ]
    }, {
      "vertices" : [ 0, 2, 3 ]
    }, {
      "vertices" : [ 0, 3, 4 ]
    }, {
      "vertices" : [ 0, 4, 3 ]
    }, {
      "vertices" : [ 0, 3, 2 ]
    }, {
      "vertices" : [ 0, 2, 1 ]
    } ]
  }, {
    "id" : "b231e8ac-64a8-4201-a462-da1afb433721",
    "vertices" : [ {
      "x" : -34.27051,
      "y" : -5.854102,
      "z" : 21.18034
    }, {
      "x" : -33.652477,
      "y" : -3.618034,
      "z" : 21.562305
    }, {
      "x" : -71.54102,
      "y" : -3.618034,
      "z" : 82.867256
    }, {
      "x" : -72.15905,
      "y" : -5.854102,
      "z" : 82.48529
    } ],
    "faces" : [ {
      "vertices" : [ 0, 1, 2 ]
    }, {
      "vertices" : [ 0, 2, 3 ]
    }, {
      "vertices" : [ 0, 3, 2 ]
    }, {
      "vertices" : [ 0, 2, 1 ]
    } ]
  }, {
    "id" : "37b4da05-ed9f-47db-b128-9eb66df0b76c",
    "vertices" : [ {
      "x" : 15.326238,
      "y" : -36.506577,
      "z" : 9.472136
    }, {
      "x" : 13.09017,
      "y" : -36.888542,
      "z" : 8.854102
    }, {
      "x" : 13.09017,
      "y" : -98.1935,
      "z" : 46.742645
    }, {
      "x" : 15.326238,
      "y" : -97.81153,
      "z" : 47.36068
    } ],
    "faces" : [ {
      "vertices" : [ 0, 1, 2 ]
    }, {
      "vertices" : [ 0, 2, 3 ]
    }, {
      "vertices" : [ 0, 3, 2 ]
    }, {
      "vertices" : [ 0, 2, 1 ]
    } ]
  }, {
    "id" : "0026a4dc-431c-435c-b5d7-c66fde1fa8be",
    "vertices" : [ {
      "x" : -28.416409,
      "y" : -15.326238,
      "z" : -24.798374
    }, {
      "x" : -26.416409,
      "y" : -15.326238,
      "z" : -26.034441
    }, {
      "x" : 11.472136,
      "y" : -15.326238,
      "z" : 35.27051
    }, {
      "x" : 9.472136,
      "y" : -15.326238,
      "z" : 36.506577
    } ],
    "faces" : [ {
      "vertices" : [ 0, 1, 2 ]
    }, {
      "vertices" : [ 0, 2, 3 ]
    }, {
      "vertices" : [ 0, 3, 2 ]
    }, {
      "vertices" : [ 0, 2, 1 ]
    } ]
  }, {
    "id" : "2e272590-5dc2-4ff9-a2db-d73f3a811828",
    "vertices" : [ {
      "x" : -35.27051,
      "y" : -11.472136,
      "z" : -15.326238
    }, {
      "x" : -96.57546,
      "y" : -49.36068,
      "z" : -15.326238
    }, {
      "x" : -96.1935,
      "y" : -49.978714,
      "z" : -13.09017
    }, {
      "x" : -34.888542,
      "y" : -12.09017,
      "z" : -13.09017
    } ],
    "faces" : [ {
      "vertices" : [ 0, 1, 2 ]
    }, {
      "vertices" : [ 0, 2, 3 ]
    }, {
      "vertices" : [ 0, 3, 2 ]
    }, {
      "vertices" : [ 0, 2, 1 ]
    } ]
  }, {
    "id" : "1f6905d2-9992-4c10-a614-e87d216ef6cc",
    "vertices" : [ {
      "x" : 36.506577,
      "y" : -9.472136,
      "z" : 15.326238
    }, {
      "x" : 36.888542,
      "y" : -8.854102,
      "z" : 13.09017
    }, {
      "x" : 98.1935,
      "y" : -46.742645,
      "z" : 13.09017
    }, {
      "x" : 97.81153,
      "y" : -47.36068,
      "z" : 15.326238
    } ],
    "faces" : [ {
      "vertices" : [ 0, 1, 2 ]
    }, {
      "vertices" : [ 0, 2, 3 ]
    }, {
      "vertices" : [ 0, 3, 2 ]
    }, {
      "vertices" : [ 0, 2, 1 ]
    } ]
  }, {
    "id" : "0225f254-33bb-426e-ae5c-9920a2596dd7",
    "vertices" : [ {
      "x" : 80.24922,
      "y" : 7.236068,
      "z" : -11.708204
    }, {
      "x" : 78.24922,
      "y" : 10.472136,
      "z" : -14.472136
    }, {
      "x" : -44.36068,
      "y" : -65.304955,
      "z" : -14.472136
    }, {
      "x" : -42.36068,
      "y" : -68.54102,
      "z" : -11.708204
    } ],
    "faces" : [ {
      "vertices" : [ 0, 1, 2 ]
    }, {
      "vertices" : [ 0, 2, 3 ]
    }, {
      "vertices" : [ 0, 3, 2 ]
    }, {
      "vertices" : [ 0, 2, 1 ]
    } ]
  }, {
    "id" : "f166b33b-b213-49c3-9d45-c89b34d42779",
    "vertices" : [ {
      "x" : -11.708204,
      "y" : -42.36068,
      "z" : -68.54102
    }, {
      "x" : -7.236068,
      "y" : -43.12461,
      "z" : -67.304955
    }, {
      "x" : -7.236068,
      "y" : 79.48529,
      "z" : 8.472136
    }, {
      "x" : -11.708204,
      "y" : 80.24922,
      "z" : 7.236068
    } ],
    "faces" : [ {
      "vertices" : [ 0, 1, 2 ]
    }, {
      "vertices" : [ 0, 2, 3 ]
    }, {
      "vertices" : [ 0, 3, 2 ]
    }, {
      "vertices" : [ 0, 2, 1 ]
    } ]
  }, {
    "id" : "06fdb6ba-8231-4ceb-9785-23c61466ea6b",
    "vertices" : [ {
      "x" : -39.888542,
      "y" : 30.652475,
      "z" : 60.068882
    }, {
      "x" : -35.888542,
      "y" : 30.652475,
      "z" : 62.54102
    }, {
      "x" : 39.888542,
      "y" : 30.652475,
      "z" : -60.068882
    }, {
      "x" : 35.888542,
      "y" : 30.652475,
      "z" : -62.54102
    } ],
    "faces" : [ {
      "vertices" : [ 0, 1, 2 ]
    }, {
      "vertices" : [ 0, 2, 3 ]
    }, {
      "vertices" : [ 0, 3, 2 ]
    }, {
      "vertices" : [ 0, 2, 1 ]
    } ]
  }, {
    "id" : "cad19188-d493-41c6-9633-73cb932c3f12",
    "vertices" : [ {
      "x" : 11.472136,
      "y" : 15.326238,
      "z" : -35.27051
    }, {
      "x" : 49.36068,
      "y" : 15.326238,
      "z" : -96.57546
    }, {
      "x" : 49.978714,
      "y" : 13.09017,
      "z" : -96.1935
    }, {
      "x" : 12.09017,
      "y" : 13.09017,
      "z" : -34.888542
    } ],
    "faces" : [ {
      "vertices" : [ 0, 1, 2 ]
    }, {
      "vertices" : [ 0, 2, 3 ]
    }, {
      "vertices" : [ 0, 3, 2 ]
    }, {
      "vertices" : [ 0, 2, 1 ]
    } ]
  }, {
    "id" : "04449764-cc30-4493-81fb-e51b82909c11",
    "vertices" : [ {
      "x" : 5.854102,
      "y" : -38.12461,
      "z" : -6.854102
    }, {
      "x" : 3.618034,
      "y" : -38.506577,
      "z" : -6.236068
    }, {
      "x" : 3.618034,
      "y" : -99.81153,
      "z" : -44.12461
    }, {
      "x" : 5.854102,
      "y" : -99.429565,
      "z" : -44.742645
    } ],
    "faces" : [ {
      "vertices" : [ 0, 1, 2 ]
    }, {
      "vertices" : [ 0, 2, 3 ]
    }, {
      "vertices" : [ 0, 3, 2 ]
    }, {
      "vertices" : [ 0, 2, 1 ]
    } ]
  }, {
    "id" : "a7487c39-de90-42f2-97a4-96a48d9c5ee4",
    "vertices" : [ {
      "x" : 36.506577,
      "y" : 9.472136,
      "z" : -15.326238
    }, {
      "x" : 35.27051,
      "y" : 11.472136,
      "z" : -15.326238
    }, {
      "x" : 34.888542,
      "y" : 12.09017,
      "z" : -13.09017
    }, {
      "x" : 35.888542,
      "y" : 10.472136,
      "z" : -11.708204
    }, {
      "x" : 36.888542,
      "y" : 8.854102,
      "z" : -13.09017
    } ],
    "faces" : [ {
      "vertices" : [ 0, 1, 2 ]
    }, {
      "vertices" : [ 0, 2, 3 ]
    }, {
      "vertices" : [ 0, 3, 4 ]
    }, {
      "vertices" : [ 0, 4, 3 ]
    }, {
      "vertices" : [ 0, 3, 2 ]
    }, {
      "vertices" : [ 0, 2, 1 ]
    } ]
  }, {
    "id" : "09da2374-6212-4ff6-8ccb-14f108b6f1c4",
    "vertices" : [ {
      "x" : -22.18034,
      "y" : -32.652477,
      "z" : 7.236068
    }, {
      "x" : -83.48529,
      "y" : -70.54102,
      "z" : 7.236068
    }, {
      "x" : -84.48529,
      "y" : -68.92299,
      "z" : 5.854102
    }, {
      "x" : -23.18034,
      "y" : -31.034441,
      "z" : 5.854102
    } ],
    "faces" : [ {
      "vertices" : [ 0, 1, 2 ]
    }, {
      "vertices" : [ 0, 2, 3 ]
    }, {
      "vertices" : [ 0, 3, 2 ]
    }, {
      "vertices" : [ 0, 2, 1 ]
    } ]
  }, {
    "id" : "55456699-e4c0-4c48-bd85-1bc925e5da32",
    "vertices" : [ {
      "x" : 31.652475,
      "y" : -3.618034,
      "z" : -22.798374
    }, {
      "x" : 31.034441,
      "y" : -5.854102,
      "z" : -23.18034
    }, {
      "x" : 68.92299,
      "y" : -5.854102,
      "z" : -84.48529
    }, {
      "x" : 69.54102,
      "y" : -3.618034,
      "z" : -84.103325
    } ],
    "faces" : [ {
      "vertices" : [ 0, 1, 2 ]
    }, {
      "vertices" : [ 0, 2, 3 ]
    }, {
      "vertices" : [ 0, 3, 2 ]
    }, {
      "vertices" : [ 0, 2, 1 ]
    } ]
  }, {
    "id" : "4c54d99c-32b4-415a-bb99-f6154f5f6720",
    "vertices" : [ {
      "x" : 15.326238,
      "y" : -30.034441,
      "z" : -19.944271
    }, {
      "x" : 15.326238,
      "y" : -31.27051,
      "z" : -17.944271
    }, {
      "x" : 15.326238,
      "y" : 30.034441,
      "z" : 19.944271
    }, {
      "x" : 15.326238,
      "y" : 31.27051,
      "z" : 17.944271
    } ],
    "faces" : [ {
      "vertices" : [ 0, 1, 2 ]
    }, {
      "vertices" : [ 0, 2, 3 ]
    }, {
      "vertices" : [ 0, 3, 2 ]
    }, {
      "vertices" : [ 0, 2, 1 ]
    } ]
  }, {
    "id" : "0a980e23-c223-42e0-b54d-5501fc8bc32b",
    "vertices" : [ {
      "x" : 28.416409,
      "y" : 15.326238,
      "z" : -24.798374
    }, {
      "x" : 29.034441,
      "y" : 13.09017,
      "z" : -24.416409
    }, {
      "x" : 27.416409,
      "y" : 11.708204,
      "z" : -25.416409
    }, {
      "x" : 25.798374,
      "y" : 13.09017,
      "z" : -26.416409
    }, {
      "x" : 26.416409,
      "y" : 15.326238,
      "z" : -26.034441
    } ],
    "faces" : [ {
      "vertices" : [ 0, 1, 2 ]
    }, {
      "vertices" : [ 0, 2, 3 ]
    }, {
      "vertices" : [ 0, 3, 4 ]
    }, {
      "vertices" : [ 0, 4, 3 ]
    }, {
      "vertices" : [ 0, 3, 2 ]
    }, {
      "vertices" : [ 0, 2, 1 ]
    } ]
  }, {
    "id" : "e02dcd1f-8306-47de-be3d-fca9cc8331d1",
    "vertices" : [ {
      "x" : 70.54102,
      "y" : -22.944271,
      "z" : -30.652475
    }, {
      "x" : -52.068882,
      "y" : 52.832817,
      "z" : -30.652475
    }, {
      "x" : -52.832817,
      "y" : 51.59675,
      "z" : -26.18034
    }, {
      "x" : 69.777084,
      "y" : -24.18034,
      "z" : -26.18034
    } ],
    "faces" : [ {
      "vertices" : [ 0, 1, 2 ]
    }, {
      "vertices" : [ 0, 2, 3 ]
    }, {
      "vertices" : [ 0, 3, 2 ]
    }, {
      "vertices" : [ 0, 2, 1 ]
    } ]
  }, {
    "id" : "5e4e5434-2a1b-4730-8d1d-0244c3c8f129",
    "vertices" : [ {
      "x" : -7.236068,
      "y" : 11.708204,
      "z" : 80.24922
    }, {
      "x" : -8.472136,
      "y" : 7.236068,
      "z" : 79.48529
    }, {
      "x" : -12.472136,
      "y" : 7.236068,
      "z" : 77.01315
    }, {
      "x" : -13.708204,
      "y" : 11.708204,
      "z" : 76.24922
    }, {
      "x" : -10.472136,
      "y" : 14.472136,
      "z" : 78.24922
    } ],
    "faces" : [ {
      "vertices" : [ 0, 1, 2 ]
    }, {
      "vertices" : [ 0, 2, 3 ]
    }, {
      "vertices" : [ 0, 3, 4 ]
    }, {
      "vertices" : [ 0, 4, 3 ]
    }, {
      "vertices" : [ 0, 3, 2 ]
    }, {
      "vertices" : [ 0, 2, 1 ]
    } ]
