{
  "field" : "golden",
  "symmetry" : "icosahedral",
  "orientations" : [ [ 1.0, 0.0, 0.0, 0.0, 0.0, 1.0, 0.0, 0.0, 0.0, 0.0, 1.0, 0.0, 0.0, 0.0, 0.0, 1.0 ], [ 0.0, 0.0, 1.0, 0.0, 1.0, 0.0, 0.0, 0.0, 0.0, 1.0, 0.0, 0.0, 0.0, 0.0, 0.0, 1.0 ], [ 0.0, 1.0, 0.0, 0.0, 0.0, 0.0, 1.0, 0.0, 1.0, 0.0, 0.0, 0.0, 0.0, 0.0, 0.0, 1.0 ], [ 0.809017, 0.309017, 0.5, 0.0, 0.309017, 0.5, -0.809017, 0.0, -0.5, 0.809017, 0.309017, 0.0, 0.0, 0.0, 0.0, 1.0 ], [ -0.5, 0.809017, 0.309017, 0.0, 0.809017, 0.309017, 0.5, 0.0, 0.309017, 0.5, -0.809017, 0.0, 0.0, 0.0, 0.0, 1.0 ], [ 0.309017, 0.5, -0.809017, 0.0, -0.5, 0.809017, 0.309017, 0.0, 0.809017, 0.309017, 0.5, 0.0, 0.0, 0.0, 0.0, 1.0 ], [ 0.5, 0.809017, 0.309017, 0.0, 0.809017, -0.309017, -0.5, 0.0, -0.309017, 0.5, -0.809017, 0.0, 0.0, 0.0, 0.0, 1.0 ], [ -0.309017, 0.5, -0.809017, 0.0, 0.5, 0.809017, 0.309017, 0.0, 0.809017, -0.309017, -0.5, 0.0, 0.0, 0.0, 0.0, 1.0 ], [ 0.809017, -0.309017, -0.5, 0.0, -0.309017, 0.5, -0.809017, 0.0, 0.5, 0.809017, 0.309017, 0.0, 0.0, 0.0, 0.0, 1.0 ], [ 0.5, 0.809017, -0.309017, 0.0, 0.809017, -0.309017, 0.5, 0.0, 0.309017, -0.5, -0.809017, 0.0, 0.0, 0.0, 0.0, 1.0 ], [ 0.309017, -0.5, -0.809017, 0.0, 0.5, 0.809017, -0.309017, 0.0, 0.809017, -0.309017, 0.5, 0.0, 0.0, 0.0, 0.0, 1.0 ], [ 0.809017, -0.309017, 0.5, 0.0, 0.309017, -0.5, -0.809017, 0.0, 0.5, 0.809017, -0.309017, 0.0, 0.0, 0.0, 0.0, 1.0 ], [ 0.809017, 0.309017, -0.5, 0.0, 0.309017, 0.5, 0.809017, 0.0, 0.5, -0.809017, 0.309017, 0.0, 0.0, 0.0, 0.0, 1.0 ], [ 0.5, -0.809017, 0.309017, 0.0, 0.809017, 0.309017, -0.5, 0.0, 0.309017, 0.5, 0.809017, 0.0, 0.0, 0.0, 0.0, 1.0 ], [ 0.309017, 0.5, 0.809017, 0.0, 0.5, -0.809017, 0.309017, 0.0, 0.809017, 0.309017, -0.5, 0.0, 0.0, 0.0, 0.0, 1.0 ], [ 1.0, 0.0, 0.0, 0.0, 0.0, -1.0, 0.0, 0.0, 0.0, 0.0, -1.0, 0.0, 0.0, 0.0, 0.0, 1.0 ], [ 0.0, 0.0, 1.0, 0.0, -1.0, 0.0, 0.0, 0.0, 0.0, -1.0, 0.0, 0.0, 0.0, 0.0, 0.0, 1.0 ], [ 0.0, 1.0, 0.0, 0.0, 0.0, 0.0, -1.0, 0.0, -1.0, 0.0, 0.0, 0.0, 0.0, 0.0, 0.0, 1.0 ], [ 0.809017, 0.309017, 0.5, 0.0, -0.309017, -0.5, 0.809017, 0.0, 0.5, -0.809017, -0.309017, 0.0, 0.0, 0.0, 0.0, 1.0 ], [ -0.5, 0.809017, 0.309017, 0.0, -0.809017, -0.309017, -0.5, 0.0, -0.309017, -0.5, 0.809017, 0.0, 0.0, 0.0, 0.0, 1.0 ], [ 0.309017, 0.5, -0.809017, 0.0, 0.5, -0.809017, -0.309017, 0.0, -0.809017, -0.309017, -0.5, 0.0, 0.0, 0.0, 0.0, 1.0 ], [ 0.5, 0.809017, 0.309017, 0.0, -0.809017, 0.309017, 0.5, 0.0, 0.309017, -0.5, 0.809017, 0.0, 0.0, 0.0, 0.0, 1.0 ], [ -0.309017, 0.5, -0.809017, 0.0, -0.5, -0.809017, -0.309017, 0.0, -0.809017, 0.309017, 0.5, 0.0, 0.0, 0.0, 0.0, 1.0 ], [ 0.809017, -0.309017, -0.5, 0.0, 0.309017, -0.5, 0.809017, 0.0, -0.5, -0.809017, -0.309017, 0.0, 0.0, 0.0, 0.0, 1.0 ], [ 0.5, 0.809017, -0.309017, 0.0, -0.809017, 0.309017, -0.5, 0.0, -0.309017, 0.5, 0.809017, 0.0, 0.0, 0.0, 0.0, 1.0 ], [ 0.309017, -0.5, -0.809017, 0.0, -0.5, -0.809017, 0.309017, 0.0, -0.809017, 0.309017, -0.5, 0.0, 0.0, 0.0, 0.0, 1.0 ], [ 0.809017, -0.309017, 0.5, 0.0, -0.309017, 0.5, 0.809017, 0.0, -0.5, -0.809017, 0.309017, 0.0, 0.0, 0.0, 0.0, 1.0 ], [ 0.809017, 0.309017, -0.5, 0.0, -0.309017, -0.5, -0.809017, 0.0, -0.5, 0.809017, -0.309017, 0.0, 0.0, 0.0, 0.0, 1.0 ], [ 0.5, -0.809017, 0.309017, 0.0, -0.809017, -0.309017, 0.5, 0.0, -0.309017, -0.5, -0.809017, 0.0, 0.0, 0.0, 0.0, 1.0 ], [ 0.309017, 0.5, 0.809017, 0.0, -0.5, 0.809017, -0.309017, 0.0, -0.809017, -0.309017, 0.5, 0.0, 0.0, 0.0, 0.0, 1.0 ], [ -1.0, 0.0, 0.0, 0.0, 0.0, -1.0, 0.0, 0.0, 0.0, 0.0, 1.0, 0.0, 0.0, 0.0, 0.0, 1.0 ], [ 0.0, 0.0, -1.0, 0.0, -1.0, 0.0, 0.0, 0.0, 0.0, 1.0, 0.0, 0.0, 0.0, 0.0, 0.0, 1.0 ], [ 0.0, -1.0, 0.0, 0.0, 0.0, 0.0, -1.0, 0.0, 1.0, 0.0, 0.0, 0.0, 0.0, 0.0, 0.0, 1.0 ], [ -0.809017, -0.309017, -0.5, 0.0, -0.309017, -0.5, 0.809017, 0.0, -0.5, 0.809017, 0.309017, 0.0, 0.0, 0.0, 0.0, 1.0 ], [ 0.5, -0.809017, -0.309017, 0.0, -0.809017, -0.309017, -0.5, 0.0, 0.309017, 0.5, -0.809017, 0.0, 0.0, 0.0, 0.0, 1.0 ], [ -0.309017, -0.5, 0.809017, 0.0, 0.5, -0.809017, -0.309017, 0.0, 0.809017, 0.309017, 0.5, 0.0, 0.0, 0.0, 0.0, 1.0 ], [ -0.5, -0.809017, -0.309017, 0.0, -0.809017, 0.309017, 0.5, 0.0, -0.309017, 0.5, -0.809017, 0.0, 0.0, 0.0, 0.0, 1.0 ], [ 0.309017, -0.5, 0.809017, 0.0, -0.5, -0.809017, -0.309017, 0.0, 0.809017, -0.309017, -0.5, 0.0, 0.0, 0.0, 0.0, 1.0 ], [ -0.809017, 0.309017, 0.5, 0.0, 0.309017, -0.5, 0.809017, 0.0, 0.5, 0.809017, 0.309017, 0.0, 0.0, 0.0, 0.0, 1.0 ], [ -0.5, -0.809017, 0.309017, 0.0, -0.809017, 0.309017, -0.5, 0.0, 0.309017, -0.5, -0.809017, 0.0, 0.0, 0.0, 0.0, 1.0 ], [ -0.309017, 0.5, 0.809017, 0.0, -0.5, -0.809017, 0.309017, 0.0, 0.809017, -0.309017, 0.5, 0.0, 0.0, 0.0, 0.0, 1.0 ], [ -0.809017, 0.309017, -0.5, 0.0, -0.309017, 0.5, 0.809017, 0.0, 0.5, 0.809017, -0.309017, 0.0, 0.0, 0.0, 0.0, 1.0 ], [ -0.809017, -0.309017, 0.5, 0.0, -0.309017, -0.5, -0.809017, 0.0, 0.5, -0.809017, 0.309017, 0.0, 0.0, 0.0, 0.0, 1.0 ], [ -0.5, 0.809017, -0.309017, 0.0, -0.809017, -0.309017, 0.5, 0.0, 0.309017, 0.5, 0.809017, 0.0, 0.0, 0.0, 0.0, 1.0 ], [ -0.309017, -0.5, -0.809017, 0.0, -0.5, 0.809017, -0.309017, 0.0, 0.809017, 0.309017, -0.5, 0.0, 0.0, 0.0, 0.0, 1.0 ], [ -1.0, 0.0, 0.0, 0.0, 0.0, 1.0, 0.0, 0.0, 0.0, 0.0, -1.0, 0.0, 0.0, 0.0, 0.0, 1.0 ], [ 0.0, 0.0, -1.0, 0.0, 1.0, 0.0, 0.0, 0.0, 0.0, -1.0, 0.0, 0.0, 0.0, 0.0, 0.0, 1.0 ], [ 0.0, -1.0, 0.0, 0.0, 0.0, 0.0, 1.0, 0.0, -1.0, 0.0, 0.0, 0.0, 0.0, 0.0, 0.0, 1.0 ], [ -0.809017, -0.309017, -0.5, 0.0, 0.309017, 0.5, -0.809017, 0.0, 0.5, -0.809017, -0.309017, 0.0, 0.0, 0.0, 0.0, 1.0 ], [ 0.5, -0.809017, -0.309017, 0.0, 0.809017, 0.309017, 0.5, 0.0, -0.309017, -0.5, 0.809017, 0.0, 0.0, 0.0, 0.0, 1.0 ], [ -0.309017, -0.5, 0.809017, 0.0, -0.5, 0.809017, 0.309017, 0.0, -0.809017, -0.309017, -0.5, 0.0, 0.0, 0.0, 0.0, 1.0 ], [ -0.5, -0.809017, -0.309017, 0.0, 0.809017, -0.309017, -0.5, 0.0, 0.309017, -0.5, 0.809017, 0.0, 0.0, 0.0, 0.0, 1.0 ], [ 0.309017, -0.5, 0.809017, 0.0, 0.5, 0.809017, 0.309017, 0.0, -0.809017, 0.309017, 0.5, 0.0, 0.0, 0.0, 0.0, 1.0 ], [ -0.809017, 0.309017, 0.5, 0.0, -0.309017, 0.5, -0.809017, 0.0, -0.5, -0.809017, -0.309017, 0.0, 0.0, 0.0, 0.0, 1.0 ], [ -0.5, -0.809017, 0.309017, 0.0, 0.809017, -0.309017, 0.5, 0.0, -0.309017, 0.5, 0.809017, 0.0, 0.0, 0.0, 0.0, 1.0 ], [ -0.309017, 0.5, 0.809017, 0.0, 0.5, 0.809017, -0.309017, 0.0, -0.809017, 0.309017, -0.5, 0.0, 0.0, 0.0, 0.0, 1.0 ], [ -0.809017, 0.309017, -0.5, 0.0, 0.309017, -0.5, -0.809017, 0.0, -0.5, -0.809017, 0.309017, 0.0, 0.0, 0.0, 0.0, 1.0 ], [ -0.809017, -0.309017, 0.5, 0.0, 0.309017, 0.5, 0.809017, 0.0, -0.5, 0.809017, -0.309017, 0.0, 0.0, 0.0, 0.0, 1.0 ], [ -0.5, 0.809017, -0.309017, 0.0, 0.809017, 0.309017, -0.5, 0.0, -0.309017, -0.5, -0.809017, 0.0, 0.0, 0.0, 0.0, 1.0 ], [ -0.309017, -0.5, -0.809017, 0.0, 0.5, -0.809017, 0.309017, 0.0, -0.809017, -0.309017, 0.5, 0.0, 0.0, 0.0, 0.0, 1.0 ] ],
  "lights" : {
    "ambientColor" : "#292929",
    "backgroundColor" : "#999999",
    "directionalLights" : [ {
      "direction" : {
        "x" : 1.0,
        "y" : -1.0,
        "z" : -1.0
      },
      "color" : "#EBEBE4"
    }, {
      "direction" : {
        "x" : -1.0,
        "y" : 0.0,
        "z" : 0.0
      },
      "color" : "#E4E4EB"
    }, {
      "direction" : {
        "x" : 0.0,
        "y" : 0.0,
        "z" : -1.0
      },
      "color" : "#1E1E1E"
    } ]
  },
  "camera" : {
    "stereo" : false,
    "width" : 77.507286,
    "perspective" : true,
    "viewDistance" : 172.23839,
    "nearClipDistance" : 0.43059596,
    "farClipDistance" : 344.47675,
    "lookAtPoint" : {
      "x" : 0.0,
      "y" : 0.0,
      "z" : 0.0
    },
    "fieldOfView" : 0.44262895,
    "lookDirection" : {
      "x" : 0.0,
      "y" : 0.0,
      "z" : -1.0
    },
    "upDirection" : {
      "x" : 0.0,
      "y" : 1.0,
      "z" : 0.0
    },
    "position" : {
      "x" : 0.0,
      "y" : 0.0,
      "z" : 172.23839
    }
  },
  "embedding" : [ 1.0, 0.0, 0.0, 0.0, 0.0, 1.0, 0.0, 0.0, 0.0, 0.0, 1.0, 0.0, 0.0, 0.0, 0.0, 1.0 ],
  "shapes" : [ {
    "id" : "282f2ff0-32ce-4264-80eb-3f94bc3d25e5",
    "vertices" : [ {
      "x" : 0.309017,
      "y" : -0.309017,
      "z" : -0.309017
    }, {
      "x" : 0.5,
      "y" : 0.0,
      "z" : -0.19098301
    }, {
      "x" : 0.5,
      "y" : 0.0,
      "z" : 0.19098301
    }, {
      "x" : 0.309017,
      "y" : -0.309017,
      "z" : 0.309017
    }, {
      "x" : 0.19098301,
      "y" : -0.5,
      "z" : 0.0
    }, {
      "x" : 0.0,
      "y" : 0.19098301,
      "z" : 0.5
    }, {
      "x" : 0.0,
      "y" : -0.19098301,
      "z" : 0.5
    }, {
      "x" : 0.309017,
      "y" : 0.309017,
      "z" : 0.309017
    }, {
      "x" : -0.309017,
      "y" : -0.309017,
      "z" : 0.309017
    }, {
      "x" : -0.309017,
      "y" : 0.309017,
      "z" : 0.309017
    }, {
      "x" : -0.5,
      "y" : 0.0,
      "z" : 0.19098301
    }, {
      "x" : 0.0,
      "y" : -0.19098301,
      "z" : -0.5
    }, {
      "x" : 0.0,
      "y" : 0.19098301,
      "z" : -0.5
    }, {
      "x" : 0.309017,
      "y" : 0.309017,
      "z" : -0.309017
    }, {
      "x" : -0.309017,
      "y" : -0.309017,
      "z" : -0.309017
    }, {
      "x" : -0.19098301,
      "y" : -0.5,
      "z" : 0.0
    }, {
      "x" : -0.5,
      "y" : 0.0,
      "z" : -0.19098301
    }, {
      "x" : 0.19098301,
      "y" : 0.5,
      "z" : 0.0
    }, {
      "x" : -0.309017,
      "y" : 0.309017,
      "z" : -0.309017
    }, {
      "x" : 0.0,
      "y" : 0.0,
      "z" : 0.0
    }, {
      "x" : -0.19098301,
      "y" : 0.5,
      "z" : 0.0
    } ],
    "faces" : [ {
      "vertices" : [ 12, 18, 20 ]
    }, {
      "vertices" : [ 12, 20, 17 ]
    }, {
      "vertices" : [ 12, 17, 13 ]
    }, {
      "vertices" : [ 3, 6, 8 ]
    }, {
      "vertices" : [ 3, 8, 15 ]
    }, {
      "vertices" : [ 3, 15, 4 ]
    }, {
      "vertices" : [ 0, 11, 12 ]
    }, {
      "vertices" : [ 0, 12, 13 ]
    }, {
      "vertices" : [ 0, 13, 1 ]
    }, {
      "vertices" : [ 5, 9, 10 ]
    }, {
      "vertices" : [ 5, 10, 8 ]
    }, {
      "vertices" : [ 5, 8, 6 ]
    }, {
      "vertices" : [ 2, 7, 5 ]
    }, {
      "vertices" : [ 2, 5, 6 ]
    }, {
      "vertices" : [ 2, 6, 3 ]
    }, {
      "vertices" : [ 11, 14, 16 ]
    }, {
      "vertices" : [ 11, 16, 18 ]
    }, {
      "vertices" : [ 11, 18, 12 ]
    }, {
      "vertices" : [ 1, 13, 17 ]
    }, {
      "vertices" : [ 1, 17, 7 ]
    }, {
      "vertices" : [ 1, 7, 2 ]
    }, {
      "vertices" : [ 9, 20, 18 ]
    }, {
      "vertices" : [ 9, 18, 16 ]
    }, {
      "vertices" : [ 9, 16, 10 ]
    }, {
      "vertices" : [ 0, 1, 2 ]
    }, {
      "vertices" : [ 0, 2, 3 ]
    }, {
      "vertices" : [ 0, 3, 4 ]
    }, {
      "vertices" : [ 5, 7, 17 ]
    }, {
      "vertices" : [ 5, 17, 20 ]
    }, {
      "vertices" : [ 5, 20, 9 ]
    }, {
      "vertices" : [ 0, 4, 15 ]
    }, {
      "vertices" : [ 0, 15, 14 ]
    }, {
      "vertices" : [ 0, 14, 11 ]
    }, {
      "vertices" : [ 8, 10, 16 ]
    }, {
      "vertices" : [ 8, 16, 14 ]
    }, {
      "vertices" : [ 8, 14, 15 ]
    } ]
  }, {
    "id" : "cd44af1d-8f09-4cc5-b3f3-4968ef84cfea",
    "vertices" : [ {
      "x" : 1.0994585,
      "y" : 12.262478,
      "z" : 5.1651855
    }, {
      "x" : 1.4994584,
      "y" : 12.1624775,
      "z" : 5.0651855
    }, {
      "x" : 0.33583155,
      "y" : 0.44572628,
      "z" : 0.3665685
    }, {
      "x" : -0.064168446,
      "y" : 0.5457263,
      "z" : 0.46656853
    }, {
      "x" : 1.6327918,
      "y" : 11.929144,
      "z" : 5.3651853
    }, {
      "x" : 1.2327918,
      "y" : 12.029144,
      "z" : 5.4651856
    }, {
      "x" : -0.19750178,
      "y" : 0.7790596,
      "z" : 0.16656852
    }, {
      "x" : 0.20249821,
      "y" : 0.6790596,
      "z" : 0.066568516
    } ],
    "faces" : [ {
      "vertices" : [ 2, 3, 6 ]
    }, {
      "vertices" : [ 2, 6, 7 ]
    }, {
      "vertices" : [ 0, 5, 4 ]
    }, {
      "vertices" : [ 0, 4, 1 ]
    }, {
      "vertices" : [ 2, 4, 5 ]
    }, {
      "vertices" : [ 2, 5, 3 ]
    }, {
      "vertices" : [ 0, 6, 3 ]
    }, {
      "vertices" : [ 0, 3, 5 ]
    }, {
      "vertices" : [ 0, 1, 7 ]
    }, {
      "vertices" : [ 0, 7, 6 ]
    }, {
      "vertices" : [ 1, 4, 2 ]
    }, {
      "vertices" : [ 1, 2, 7 ]
    } ]
  }, {
    "id" : "80eef168-32ab-46e6-9545-30592eb660ec",
    "vertices" : [ {
      "x" : -20.562305,
      "y" : 0.0,
      "z" : 7.854102
    }, {
      "x" : -20.562305,
      "y" : 0.0,
      "z" : -7.854102
    }, {
      "x" : -18.239958,
      "y" : 11.272914,
      "z" : 0.0
    } ],
    "faces" : [ {
      "vertices" : [ 0, 1, 2 ]
    }, {
      "vertices" : [ 0, 2, 1 ]
    } ]
  }, {
    "id" : "be32a9f7-e6d8-4011-8324-beb28899bd76",
    "vertices" : [ {
      "x" : 1.0,
      "y" : 0.309017,
      "z" : 0.19098301
    }, {
      "x" : 1.0,
      "y" : -0.309017,
      "z" : 0.19098301
    }, {
      "x" : 7.472136,
      "y" : -0.309017,
      "z" : 0.19098301
    }, {
      "x" : 7.472136,
      "y" : 0.309017,
      "z" : 0.19098301
    }, {
      "x" : 7.472136,
      "y" : -0.309017,
      "z" : -0.19098301
    }, {
      "x" : 7.472136,
      "y" : 0.309017,
      "z" : -0.19098301
    }, {
      "x" : 8.09017,
      "y" : 0.0,
      "z" : 0.0
    }, {
      "x" : 0.38196602,
      "y" : 0.0,
      "z" : 0.0
    }, {
      "x" : 1.0,
      "y" : 0.309017,
      "z" : -0.19098301
    }, {
      "x" : 1.0,
      "y" : -0.309017,
      "z" : -0.19098301
    }, {
      "x" : 8.472136,
      "y" : 0.0,
      "z" : 0.0
    } ],
    "faces" : [ {
      "vertices" : [ 1, 9, 4 ]
    }, {
      "vertices" : [ 1, 4, 2 ]
    }, {
      "vertices" : [ 0, 3, 5 ]
    }, {
      "vertices" : [ 0, 5, 8 ]
    }, {
      "vertices" : [ 1, 7, 9 ]
    }, {
      "vertices" : [ 0, 1, 2 ]
    }, {
      "vertices" : [ 0, 2, 3 ]
    }, {
      "vertices" : [ 7, 8, 9 ]
    }, {
      "vertices" : [ 0, 7, 1 ]
    }, {
      "vertices" : [ 4, 9, 8 ]
    }, {
      "vertices" : [ 4, 8, 5 ]
    }, {
      "vertices" : [ 2, 6, 3 ]
    }, {
      "vertices" : [ 2, 4, 6 ]
    }, {
      "vertices" : [ 3, 6, 5 ]
    }, {
      "vertices" : [ 4, 5, 6 ]
    }, {
      "vertices" : [ 0, 8, 7 ]
    } ]
  }, {
    "id" : "1d8ee3c7-1c57-4056-a11c-571d60461f65",
    "vertices" : [ {
      "x" : -12.708204,
      "y" : -12.708204,
      "z" : -12.708204
    }, {
      "x" : -7.854102,
      "y" : -20.562305,
      "z" : 0.0
    }, {
      "x" : 0.0,
      "y" : -18.239958,
      "z" : -11.272914
    } ],
    "faces" : [ {
      "vertices" : [ 0, 1, 2 ]
    }, {
      "vertices" : [ 0, 2, 1 ]
    } ]
  }, {
    "id" : "4759ac29-f6b3-46f7-89c0-01a4bcbc94e9",
    "vertices" : [ {
      "x" : 0.0,
      "y" : -7.854102,
      "z" : -20.562305
    }, {
      "x" : -12.708204,
      "y" : -12.708204,
      "z" : -12.708204
    }, {
      "x" : 0.0,
      "y" : -18.239958,
      "z" : -11.272914
    } ],
    "faces" : [ {
      "vertices" : [ 0, 1, 2 ]
    }, {
      "vertices" : [ 0, 2, 1 ]
    } ]
  }, {
    "id" : "97580bfd-9ea9-4422-b424-8ce0cfa95fb9",
    "vertices" : [ {
      "x" : 0.0,
      "y" : 7.854102,
      "z" : -20.562305
    }, {
      "x" : 12.708204,
      "y" : 12.708204,
      "z" : -12.708204
    }, {
      "x" : 0.0,
      "y" : 18.239958,
      "z" : -11.272914
    } ],
    "faces" : [ {
      "vertices" : [ 0, 1, 2 ]
    }, {
      "vertices" : [ 0, 2, 1 ]
    } ]
  }, {
    "id" : "502f4b49-846b-4d90-9611-43258e75835a",
    "vertices" : [ {
      "x" : -7.854102,
      "y" : 20.562305,
      "z" : 0.0
    }, {
      "x" : -12.708204,
      "y" : 12.708204,
      "z" : -12.708204
    }, {
      "x" : 0.0,
      "y" : 18.239958,
      "z" : -11.272914
    } ],
    "faces" : [ {
      "vertices" : [ 0, 1, 2 ]
    }, {
      "vertices" : [ 0, 2, 1 ]
    } ]
  }, {
    "id" : "311f2c38-a739-41f5-adb4-ffc9f231bd85",
    "vertices" : [ {
      "x" : 1.0,
      "y" : 0.309017,
      "z" : 0.19098301
    }, {
      "x" : 1.0,
      "y" : -0.309017,
      "z" : 0.19098301
    }, {
      "x" : 14.708204,
      "y" : -0.309017,
      "z" : 0.19098301
    }, {
      "x" : 14.708204,
      "y" : 0.309017,
      "z" : 0.19098301
    }, {
      "x" : 14.708204,
      "y" : -0.309017,
      "z" : -0.19098301
    }, {
      "x" : 14.708204,
      "y" : 0.309017,
      "z" : -0.19098301
    }, {
      "x" : 15.326238,
      "y" : 0.0,
      "z" : 0.0
    }, {
      "x" : 0.38196602,
      "y" : 0.0,
      "z" : 0.0
    }, {
      "x" : 1.0,
      "y" : 0.309017,
      "z" : -0.19098301
    }, {
      "x" : 1.0,
      "y" : -0.309017,
      "z" : -0.19098301
    }, {
      "x" : 15.708204,
      "y" : 0.0,
      "z" : 0.0
    } ],
    "faces" : [ {
      "vertices" : [ 1, 9, 4 ]
    }, {
      "vertices" : [ 1, 4, 2 ]
    }, {
      "vertices" : [ 0, 3, 5 ]
    }, {
      "vertices" : [ 0, 5, 8 ]
    }, {
      "vertices" : [ 1, 7, 9 ]
    }, {
      "vertices" : [ 0, 1, 2 ]
    }, {
      "vertices" : [ 0, 2, 3 ]
    }, {
      "vertices" : [ 7, 8, 9 ]
    }, {
      "vertices" : [ 0, 7, 1 ]
    }, {
      "vertices" : [ 4, 9, 8 ]
    }, {
      "vertices" : [ 4, 8, 5 ]
    }, {
      "vertices" : [ 2, 6, 3 ]
    }, {
      "vertices" : [ 2, 4, 6 ]
    }, {
      "vertices" : [ 3, 6, 5 ]
    }, {
      "vertices" : [ 4, 5, 6 ]
    }, {
      "vertices" : [ 0, 8, 7 ]
    } ]
  }, {
    "id" : "b3d7ee79-6c02-4375-8aa5-e1cdcc16bd1d",
    "vertices" : [ {
      "x" : -12.708204,
      "y" : -12.708204,
      "z" : -12.708204
    }, {
      "x" : -20.562305,
      "y" : 0.0,
      "z" : -7.854102
    }, {
      "x" : -18.239958,
      "y" : -11.272914,
      "z" : 0.0
    } ],
    "faces" : [ {
      "vertices" : [ 0, 1, 2 ]
    }, {
      "vertices" : [ 0, 2, 1 ]
    } ]
  }, {
    "id" : "e4056017-50eb-419a-b77e-65304bdc8bdd",
    "vertices" : [ {
      "x" : -12.708204,
      "y" : 12.708204,
      "z" : 12.708204
    }, {
      "x" : -7.854102,
      "y" : 20.562305,
      "z" : 0.0
    }, {
      "x" : 0.0,
      "y" : 18.239958,
      "z" : 11.272914
    } ],
    "faces" : [ {
      "vertices" : [ 0, 1, 2 ]
    }, {
      "vertices" : [ 0, 2, 1 ]
    } ]
  }, {
    "id" : "fff2984c-8b80-4495-ab7f-2b07de277a63",
    "vertices" : [ {
      "x" : 0.0,
      "y" : -7.854102,
      "z" : 20.562305
    }, {
      "x" : -12.708204,
      "y" : -12.708204,
      "z" : 12.708204
    }, {
      "x" : -11.272914,
      "y" : 0.0,
      "z" : 18.239958
    } ],
    "faces" : [ {
      "vertices" : [ 0, 1, 2 ]
    }, {
      "vertices" : [ 0, 2, 1 ]
    } ]
  }, {
    "id" : "5dc36745-acd5-46c0-9132-1d0cc5d3b115",
    "vertices" : [ {
      "x" : -7.854102,
      "y" : -20.562305,
      "z" : 0.0
    }, {
      "x" : -12.708204,
      "y" : -12.708204,
      "z" : -12.708204
    }, {
      "x" : -18.239958,
      "y" : -11.272914,
      "z" : 0.0
    } ],
    "faces" : [ {
      "vertices" : [ 0, 1, 2 ]
    }, {
      "vertices" : [ 0, 2, 1 ]
    } ]
  }, {
    "id" : "5eebbe10-8515-4f59-a5a8-73373b6cd64a",
    "vertices" : [ {
      "x" : 0.0,
      "y" : 7.854102,
      "z" : 20.562305
    }, {
      "x" : 0.0,
      "y" : -7.854102,
      "z" : 20.562305
    }, {
      "x" : -11.272914,
      "y" : 0.0,
      "z" : 18.239958
    } ],
    "faces" : [ {
      "vertices" : [ 0, 1, 2 ]
    }, {
      "vertices" : [ 0, 2, 1 ]
    } ]
  }, {
    "id" : "04394b6b-63f1-4f69-830c-6dd519c96fb1",
    "vertices" : [ {
      "x" : 1.0,
      "y" : 0.309017,
      "z" : 0.19098301
    }, {
      "x" : 1.0,
      "y" : -0.309017,
      "z" : 0.19098301
    }, {
      "x" : 19.562305,
      "y" : -0.309017,
      "z" : 0.19098301
    }, {
      "x" : 19.562305,
      "y" : 0.309017,
      "z" : 0.19098301
    }, {
      "x" : 19.562305,
      "y" : -0.309017,
      "z" : -0.19098301
    }, {
      "x" : 19.562305,
      "y" : 0.309017,
      "z" : -0.19098301
    }, {
      "x" : 20.18034,
      "y" : 0.0,
      "z" : 0.0
    }, {
      "x" : 0.38196602,
      "y" : 0.0,
      "z" : 0.0
    }, {
      "x" : 1.0,
      "y" : 0.309017,
      "z" : -0.19098301
    }, {
      "x" : 1.0,
      "y" : -0.309017,
      "z" : -0.19098301
    }, {
      "x" : 20.562305,
      "y" : 0.0,
      "z" : 0.0
    } ],
    "faces" : [ {
      "vertices" : [ 1, 9, 4 ]
    }, {
      "vertices" : [ 1, 4, 2 ]
    }, {
      "vertices" : [ 0, 3, 5 ]
    }, {
      "vertices" : [ 0, 5, 8 ]
    }, {
      "vertices" : [ 1, 7, 9 ]
    }, {
      "vertices" : [ 0, 1, 2 ]
    }, {
      "vertices" : [ 0, 2, 3 ]
    }, {
      "vertices" : [ 7, 8, 9 ]
    }, {
      "vertices" : [ 0, 7, 1 ]
    }, {
      "vertices" : [ 4, 9, 8 ]
    }, {
      "vertices" : [ 4, 8, 5 ]
    }, {
      "vertices" : [ 2, 6, 3 ]
    }, {
      "vertices" : [ 2, 4, 6 ]
    }, {
      "vertices" : [ 3, 6, 5 ]
    }, {
      "vertices" : [ 4, 5, 6 ]
    }, {
      "vertices" : [ 0, 8, 7 ]
    } ]
  }, {
    "id" : "490ba4a9-b83f-48ed-b290-b1cb42214616",
    "vertices" : [ {
      "x" : -12.708204,
      "y" : -12.708204,
      "z" : 12.708204
    }, {
      "x" : 0.0,
      "y" : -7.854102,
      "z" : 20.562305
    }, {
      "x" : 0.0,
      "y" : -18.239958,
      "z" : 11.272914
    } ],
    "faces" : [ {
      "vertices" : [ 0, 1, 2 ]
    }, {
      "vertices" : [ 0, 2, 1 ]
    } ]
  }, {
    "id" : "e50903fd-7482-4173-86e3-85a34861d874",
    "vertices" : [ {
      "x" : 12.708204,
      "y" : 12.708204,
      "z" : 12.708204
    }, {
      "x" : 20.562305,
      "y" : 0.0,
      "z" : 7.854102
    }, {
      "x" : 11.272914,
      "y" : 0.0,
      "z" : 18.239958
    } ],
    "faces" : [ {
      "vertices" : [ 0, 1, 2 ]
    }, {
      "vertices" : [ 0, 2, 1 ]
    } ]
  }, {
    "id" : "af7cbb4a-45c7-47d7-b998-b0f80f4538ea",
    "vertices" : [ {
      "x" : 20.562305,
      "y" : 0.0,
      "z" : 7.854102
    }, {
      "x" : 20.562305,
      "y" : 0.0,
      "z" : -7.854102
    }, {
      "x" : 18.239958,
      "y" : -11.272914,
      "z" : 0.0
    } ],
    "faces" : [ {
      "vertices" : [ 0, 1, 2 ]
    }, {
      "vertices" : [ 0, 2, 1 ]
    } ]
  }, {
    "id" : "8e9c0c41-7520-4b0c-a6e5-a739fd62dd8d",
    "vertices" : [ {
      "x" : -20.562305,
      "y" : 0.0,
      "z" : -7.854102
    }, {
      "x" : -12.708204,
      "y" : 12.708204,
      "z" : -12.708204
    }, {
      "x" : -18.239958,
      "y" : 11.272914,
      "z" : 0.0
    } ],
    "faces" : [ {
      "vertices" : [ 0, 1, 2 ]
    }, {
      "vertices" : [ 0, 2, 1 ]
    } ]
  }, {
    "id" : "728bd6a3-7baa-4b94-a292-38d45c4445c9",
    "vertices" : [ {
      "x" : -20.562305,
      "y" : 0.0,
      "z" : 7.854102
    }, {
      "x" : -12.708204,
      "y" : 12.708204,
      "z" : 12.708204
    }, {
      "x" : -11.272914,
      "y" : 0.0,
      "z" : 18.239958
    } ],
    "faces" : [ {
      "vertices" : [ 0, 1, 2 ]
    }, {
      "vertices" : [ 0, 2, 1 ]
    } ]
  }, {
    "id" : "1236965a-5544-4ccd-8169-c3373c3488a3",
    "vertices" : [ {
      "x" : -12.708204,
      "y" : 12.708204,
      "z" : -12.708204
    }, {
      "x" : 0.0,
      "y" : 7.854102,
      "z" : -20.562305
    }, {
      "x" : 0.0,
      "y" : 18.239958,
      "z" : -11.272914
    } ],
    "faces" : [ {
      "vertices" : [ 0, 1, 2 ]
    }, {
      "vertices" : [ 0, 2, 1 ]
    } ]
  }, {
    "id" : "f47b6e9a-4665-43c4-aa67-9a36bb7da6fd",
    "vertices" : [ {
      "x" : 0.0,
      "y" : -7.854102,
      "z" : -20.562305
    }, {
      "x" : 0.0,
      "y" : 7.854102,
      "z" : -20.562305
    }, {
      "x" : -11.272914,
      "y" : 0.0,
      "z" : -18.239958
    } ],
    "faces" : [ {
      "vertices" : [ 0, 1, 2 ]
    }, {
      "vertices" : [ 0, 2, 1 ]
    } ]
  }, {
    "id" : "050c5615-34c5-4bbf-a994-811cd2e2fe1b",
    "vertices" : [ {
      "x" : -20.562305,
      "y" : 0.0,
      "z" : -7.854102
    }, {
      "x" : -20.562305,
      "y" : 0.0,
      "z" : 7.854102
    }, {
      "x" : -18.239958,
      "y" : -11.272914,
      "z" : 0.0
    } ],
    "faces" : [ {
      "vertices" : [ 0, 1, 2 ]
    }, {
      "vertices" : [ 0, 2, 1 ]
    } ]
  }, {
    "id" : "6677f2f5-7c00-4dda-92c8-b72214684cfc",
    "vertices" : [ {
      "x" : -11.421192,
      "y" : -5.1022706,
      "z" : 15.490161
    }, {
      "x" : -11.321192,
      "y" : -5.5022707,
      "z" : 15.390161
    }, {
      "x" : -0.47799522,
      "y" : -0.44281447,
      "z" : 0.3360771
    }, {
      "x" : -0.5779952,
      "y" : -0.04281446,
      "z" : 0.4360771
    }, {
      "x" : -11.621192,
      "y" : -5.635604,
      "z" : 15.156828
    }, {
      "x" : -11.721191,
      "y" : -5.235604,
      "z" : 15.256827
    }, {
      "x" : -0.2779952,
      "y" : 0.09051888,
      "z" : 0.6694104
    }, {
      "x" : -0.1779952,
      "y" : -0.3094811,
      "z" : 0.56941044
    } ],
    "faces" : [ {
      "vertices" : [ 2, 3, 6 ]
    }, {
      "vertices" : [ 2, 6, 7 ]
    }, {
      "vertices" : [ 0, 5, 4 ]
    }, {
      "vertices" : [ 0, 4, 1 ]
    }, {
      "vertices" : [ 2, 4, 5 ]
    }, {
      "vertices" : [ 2, 5, 3 ]
    }, {
      "vertices" : [ 0, 6, 3 ]
    }, {
      "vertices" : [ 0, 3, 5 ]
    }, {
      "vertices" : [ 0, 1, 7 ]
    }, {
      "vertices" : [ 0, 7, 6 ]
    }, {
      "vertices" : [ 1, 4, 2 ]
    }, {
      "vertices" : [ 1, 2, 7 ]
    } ]
  }, {
    "id" : "b65185d5-01fa-44c9-9ed7-70a138f217d5",
    "vertices" : [ {
      "x" : 12.708204,
      "y" : -12.708204,
      "z" : -12.708204
    }, {
      "x" : 0.0,
      "y" : -7.854102,
      "z" : -20.562305
    }, {
      "x" : 0.0,
      "y" : -18.239958,
      "z" : -11.272914
    } ],
    "faces" : [ {
      "vertices" : [ 0, 1, 2 ]
    }, {
      "vertices" : [ 0, 2, 1 ]
    } ]
  }, {
    "id" : "3a5b4ac8-a03f-4265-badf-ec29fc46ca5f",
    "vertices" : [ {
      "x" : -12.708204,
      "y" : 12.708204,
      "z" : 12.708204
    }, {
      "x" : 0.0,
      "y" : 7.854102,
      "z" : 20.562305
    }, {
      "x" : -11.272914,
      "y" : 0.0,
      "z" : 18.239958
    } ],
    "faces" : [ {
      "vertices" : [ 0, 1, 2 ]
    }, {
      "vertices" : [ 0, 2, 1 ]
    } ]
  }, {
    "id" : "d823fa4b-a774-49fb-8e3a-c6caea3bd4dc",
    "vertices" : [ {
      "x" : 12.708204,
      "y" : -12.708204,
      "z" : 12.708204
    }, {
      "x" : 0.0,
      "y" : -7.854102,
      "z" : 20.562305
    }, {
      "x" : 11.272914,
      "y" : 0.0,
      "z" : 18.239958
    } ],
    "faces" : [ {
      "vertices" : [ 0, 1, 2 ]
    }, {
      "vertices" : [ 0, 2, 1 ]
    } ]
  }, {
    "id" : "5fd128a9-7c92-42bb-b681-e10187685e54",
    "vertices" : [ {
      "x" : -7.854102,
      "y" : -20.562305,
      "z" : 0.0
    }, {
      "x" : -12.708204,
      "y" : -12.708204,
      "z" : 12.708204
    }, {
      "x" : 0.0,
      "y" : -18.239958,
      "z" : 11.272914
    } ],
    "faces" : [ {
      "vertices" : [ 0, 1, 2 ]
    }, {
      "vertices" : [ 0, 2, 1 ]
    } ]
  }, {
    "id" : "5369f34d-12e0-4656-92b6-8ebb7eb7e961",
    "vertices" : [ {
      "x" : 0.0,
      "y" : -7.854102,
      "z" : 20.562305
    }, {
      "x" : 0.0,
      "y" : 7.854102,
      "z" : 20.562305
    }, {
      "x" : 11.272914,
      "y" : 0.0,
      "z" : 18.239958
    } ],
    "faces" : [ {
      "vertices" : [ 0, 1, 2 ]
    }, {
      "vertices" : [ 0, 2, 1 ]
    } ]
  }, {
    "id" : "fe78639a-b002-4b68-9d3c-0dd3463d038e",
    "vertices" : [ {
      "x" : 0.0,
      "y" : 7.854102,
      "z" : 20.562305
    }, {
      "x" : -12.708204,
      "y" : 12.708204,
      "z" : 12.708204
    }, {
      "x" : 0.0,
      "y" : 18.239958,
      "z" : 11.272914
    } ],
    "faces" : [ {
      "vertices" : [ 0, 1, 2 ]
    }, {
      "vertices" : [ 0, 2, 1 ]
    } ]
  }, {
    "id" : "2b302b65-61bf-48d9-bed9-938401e89e81",
    "vertices" : [ {
      "x" : 20.562305,
      "y" : 0.0,
      "z" : -7.854102
    }, {
      "x" : 20.562305,
      "y" : 0.0,
      "z" : 7.854102
    }, {
      "x" : 18.239958,
      "y" : 11.272914,
      "z" : 0.0
    } ],
    "faces" : [ {
      "vertices" : [ 0, 1, 2 ]
    }, {
      "vertices" : [ 0, 2, 1 ]
    } ]
  }, {
    "id" : "bdb48fea-2e49-461d-8e22-5b917ccac0e9",
    "vertices" : [ {
      "x" : 0.9045085,
      "y" : 0.3454915,
      "z" : 0.25
    }, {
      "x" : 17.230747,
      "y" : 10.435661,
      "z" : 0.25
    }, {
      "x" : 17.039762,
      "y" : 10.7446785,
      "z" : 0.25
    }, {
      "x" : 0.7135255,
      "y" : 0.6545085,
      "z" : 0.25
    }, {
      "x" : 0.809017,
      "y" : 0.5,
      "z" : -0.309017
    }, {
      "x" : 0.9635255,
      "y" : 0.25,
      "z" : -0.095491506
    }, {
      "x" : 0.309017,
      "y" : 0.19098301,
      "z" : 0.0
    }, {
      "x" : 17.635256,
      "y" : 10.899187,
      "z" : 0.0
    }, {
      "x" : 16.980747,
      "y" : 10.84017,
      "z" : -0.095491506
    }, {
      "x" : 17.135256,
      "y" : 10.59017,
      "z" : -0.309017
    }, {
      "x" : 17.944271,
      "y" : 11.09017,
      "z" : 0.0
    }, {
      "x" : 0.6545085,
      "y" : 0.75,
      "z" : -0.095491506
    }, {
      "x" : 17.289762,
      "y" : 10.34017,
      "z" : -0.095491506
    } ],
    "faces" : [ {
      "vertices" : [ 4, 11, 8 ]
    }, {
      "vertices" : [ 4, 8, 9 ]
    }, {
      "vertices" : [ 0, 1, 2 ]
    }, {
      "vertices" : [ 0, 2, 3 ]
    }, {
      "vertices" : [ 0, 3, 6 ]
    }, {
      "vertices" : [ 1, 7, 2 ]
    }, {
      "vertices" : [ 0, 6, 5 ]
    }, {
      "vertices" : [ 4, 5, 6 ]
    }, {
      "vertices" : [ 2, 7, 8 ]
    }, {
      "vertices" : [ 0, 5, 12 ]
    }, {
      "vertices" : [ 0, 12, 1 ]
    }, {
      "vertices" : [ 1, 12, 7 ]
    }, {
      "vertices" : [ 3, 11, 6 ]
    }, {
      "vertices" : [ 4, 6, 11 ]
    }, {
      "vertices" : [ 7, 9, 8 ]
    }, {
      "vertices" : [ 2, 8, 11 ]
    }, {
      "vertices" : [ 2, 11, 3 ]
    }, {
      "vertices" : [ 7, 12, 9 ]
    }, {
      "vertices" : [ 4, 9, 12 ]
    }, {
      "vertices" : [ 4, 12, 5 ]
    } ]
  }, {
    "id" : "3bb99f2e-a1cd-42ef-8f31-8c1ad245902b",
    "vertices" : [ {
      "x" : -7.854102,
      "y" : 20.562305,
      "z" : 0.0
    }, {
      "x" : -12.708204,
      "y" : 12.708204,
      "z" : 12.708204
    }, {
      "x" : -18.239958,
      "y" : 11.272914,
      "z" : 0.0
    } ],
    "faces" : [ {
      "vertices" : [ 0, 1, 2 ]
    }, {
      "vertices" : [ 0, 2, 1 ]
    } ]
  }, {
    "id" : "6a43dadf-9e34-41a7-befa-e99b181ef009",
    "vertices" : [ {
      "x" : 12.708204,
      "y" : 12.708204,
      "z" : 12.708204
    }, {
      "x" : 7.854102,
      "y" : 20.562305,
      "z" : 0.0
    }, {
      "x" : 18.239958,
      "y" : 11.272914,
      "z" : 0.0
    } ],
    "faces" : [ {
      "vertices" : [ 0, 1, 2 ]
    }, {
      "vertices" : [ 0, 2, 1 ]
    } ]
  }, {
    "id" : "c206af61-0002-4a2e-a729-48651e572ab2",
    "vertices" : [ {
      "x" : 7.854102,
      "y" : -20.562305,
      "z" : 0.0
    }, {
      "x" : 12.708204,
      "y" : -12.708204,
      "z" : 12.708204
    }, {
      "x" : 18.239958,
      "y" : -11.272914,
      "z" : 0.0
    } ],
    "faces" : [ {
      "vertices" : [ 0, 1, 2 ]
    }, {
      "vertices" : [ 0, 2, 1 ]
    } ]
  }, {
    "id" : "b95d1b1b-3716-47c2-bfd7-f99e98b935cf",
    "vertices" : [ {
      "x" : 0.0,
      "y" : -7.854102,
      "z" : -20.562305
    }, {
      "x" : 12.708204,
      "y" : -12.708204,
      "z" : -12.708204
    }, {
      "x" : 11.272914,
      "y" : 0.0,
      "z" : -18.239958
    } ],
    "faces" : [ {
      "vertices" : [ 0, 1, 2 ]
    }, {
      "vertices" : [ 0, 2, 1 ]
    } ]
  }, {
    "id" : "87933cde-7f04-466f-86bf-bff54a4f6f99",
    "vertices" : [ {
      "x" : -12.708204,
      "y" : 12.708204,
      "z" : -12.708204
    }, {
      "x" : -20.562305,
      "y" : 0.0,
      "z" : -7.854102
    }, {
      "x" : -11.272914,
      "y" : 0.0,
      "z" : -18.239958
    } ],
    "faces" : [ {
      "vertices" : [ 0, 1, 2 ]
    }, {
      "vertices" : [ 0, 2, 1 ]
    } ]
  }, {
    "id" : "e7d2a7dc-9697-40a9-a180-6b57cafc449d",
    "vertices" : [ {
      "x" : 20.562305,
      "y" : 0.0,
      "z" : 7.854102
    }, {
      "x" : 12.708204,
      "y" : 12.708204,
      "z" : 12.708204
    }, {
      "x" : 18.239958,
      "y" : 11.272914,
      "z" : 0.0
    } ],
    "faces" : [ {
      "vertices" : [ 0, 1, 2 ]
    }, {
      "vertices" : [ 0, 2, 1 ]
    } ]
  }, {
    "id" : "349f3e75-2d0c-49f6-b417-7ae7acc5e847",
    "vertices" : [ {
      "x" : 12.708204,
      "y" : -12.708204,
      "z" : 12.708204
    }, {
      "x" : 7.854102,
      "y" : -20.562305,
      "z" : 0.0
    }, {
      "x" : 0.0,
      "y" : -18.239958,
      "z" : 11.272914
    } ],
    "faces" : [ {
      "vertices" : [ 0, 1, 2 ]
    }, {
      "vertices" : [ 0, 2, 1 ]
    } ]
  }, {
    "id" : "bbbc88b2-46f6-474b-9a0a-b64f5aece10d",
    "vertices" : [ {
      "x" : 12.708204,
      "y" : 12.708204,
      "z" : -12.708204
    }, {
      "x" : 0.0,
      "y" : 7.854102,
      "z" : -20.562305
    }, {
      "x" : 11.272914,
      "y" : 0.0,
      "z" : -18.239958
    } ],
    "faces" : [ {
      "vertices" : [ 0, 1, 2 ]
    }, {
      "vertices" : [ 0, 2, 1 ]
    } ]
  }, {
    "id" : "bf94b324-7599-4ac5-9016-add947553ac0",
    "vertices" : [ {
      "x" : -12.708204,
      "y" : -12.708204,
      "z" : 12.708204
    }, {
      "x" : -20.562305,
      "y" : 0.0,
      "z" : 7.854102
    }, {
      "x" : -11.272914,
      "y" : 0.0,
      "z" : 18.239958
    } ],
    "faces" : [ {
      "vertices" : [ 0, 1, 2 ]
    }, {
      "vertices" : [ 0, 2, 1 ]
    } ]
  }, {
    "id" : "2246757d-c354-43b0-92d5-c5c76ec84d19",
    "vertices" : [ {
      "x" : -12.708204,
      "y" : 12.708204,
      "z" : 12.708204
    }, {
      "x" : -20.562305,
      "y" : 0.0,
      "z" : 7.854102
    }, {
      "x" : -18.239958,
      "y" : 11.272914,
      "z" : 0.0
    } ],
    "faces" : [ {
      "vertices" : [ 0, 1, 2 ]
    }, {
      "vertices" : [ 0, 2, 1 ]
    } ]
  }, {
    "id" : "c0fb9edb-5c4e-42d8-b9cd-65905fe8b2bc",
    "vertices" : [ {
      "x" : 20.562305,
      "y" : 0.0,
      "z" : -7.854102
    }, {
      "x" : 12.708204,
      "y" : 12.708204,
      "z" : -12.708204
    }, {
      "x" : 11.272914,
      "y" : 0.0,
      "z" : -18.239958
    } ],
    "faces" : [ {
      "vertices" : [ 0, 1, 2 ]
    }, {
      "vertices" : [ 0, 2, 1 ]
    } ]
  }, {
    "id" : "3445365f-780d-4f72-9841-33e37da523dc",
    "vertices" : [ {
      "x" : -7.854102,
      "y" : 20.562305,
      "z" : 0.0
    }, {
      "x" : 7.854102,
      "y" : 20.562305,
      "z" : 0.0
    }, {
      "x" : 0.0,
      "y" : 18.239958,
      "z" : 11.272914
    } ],
    "faces" : [ {
      "vertices" : [ 0, 1, 2 ]
    }, {
      "vertices" : [ 0, 2, 1 ]
    } ]
  }, {
    "id" : "d0dc8863-70d4-4458-bd1d-f70fc4958f56",
    "vertices" : [ {
      "x" : 7.854102,
      "y" : 20.562305,
      "z" : 0.0
    }, {
      "x" : 12.708204,
      "y" : 12.708204,
      "z" : 12.708204
    }, {
      "x" : 0.0,
      "y" : 18.239958,
      "z" : 11.272914
    } ],
    "faces" : [ {
      "vertices" : [ 0, 1, 2 ]
    }, {
      "vertices" : [ 0, 2, 1 ]
    } ]
  }, {
    "id" : "a0278e27-590c-4f44-bed9-ba2917a6a12f",
    "vertices" : [ {
      "x" : 7.854102,
      "y" : 20.562305,
      "z" : 0.0
    }, {
      "x" : 12.708204,
      "y" : 12.708204,
      "z" : -12.708204
    }, {
      "x" : 18.239958,
      "y" : 11.272914,
      "z" : 0.0
    } ],
    "faces" : [ {
      "vertices" : [ 0, 1, 2 ]
    }, {
      "vertices" : [ 0, 2, 1 ]
    } ]
  }, {
    "id" : "6c5c5171-2ad4-4648-9224-1b7637375196",
    "vertices" : [ {
      "x" : 7.854102,
      "y" : -20.562305,
      "z" : 0.0
    }, {
      "x" : 12.708204,
      "y" : -12.708204,
      "z" : -12.708204
    }, {
      "x" : 0.0,
      "y" : -18.239958,
      "z" : -11.272914
    } ],
    "faces" : [ {
      "vertices" : [ 0, 1, 2 ]
    }, {
      "vertices" : [ 0, 2, 1 ]
    } ]
  }, {
    "id" : "9a676f2e-ddd6-4d53-b314-6d3c014732b7",
    "vertices" : [ {
      "x" : -12.708204,
      "y" : 12.708204,
      "z" : -12.708204
    }, {
      "x" : -7.854102,
      "y" : 20.562305,
      "z" : 0.0
    }, {
      "x" : -18.239958,
      "y" : 11.272914,
      "z" : 0.0
    } ],
    "faces" : [ {
      "vertices" : [ 0, 1, 2 ]
    }, {
      "vertices" : [ 0, 2, 1 ]
    } ]
  }, {
    "id" : "f3cf6a42-684e-4da0-a293-cfaf902ce47d",
    "vertices" : [ {
      "x" : 12.708204,
      "y" : -12.708204,
      "z" : -12.708204
    }, {
      "x" : 20.562305,
      "y" : 0.0,
      "z" : -7.854102
    }, {
      "x" : 11.272914,
      "y" : 0.0,
      "z" : -18.239958
    } ],
    "faces" : [ {
      "vertices" : [ 0, 1, 2 ]
    }, {
      "vertices" : [ 0, 2, 1 ]
    } ]
  }, {
    "id" : "65489cda-36d1-40e3-9147-e30a8255b3de",
    "vertices" : [ {
      "x" : -7.854102,
      "y" : -20.562305,
      "z" : 0.0
    }, {
      "x" : 7.854102,
      "y" : -20.562305,
      "z" : 0.0
    }, {
      "x" : 0.0,
      "y" : -18.239958,
      "z" : -11.272914
    } ],
    "faces" : [ {
      "vertices" : [ 0, 1, 2 ]
    }, {
      "vertices" : [ 0, 2, 1 ]
    } ]
  }, {
    "id" : "f2c5ca3f-0629-44bb-a0b7-d266c06d7967",
    "vertices" : [ {
      "x" : 20.562305,
      "y" : 0.0,
      "z" : -7.854102
    }, {
      "x" : 12.708204,
      "y" : -12.708204,
      "z" : -12.708204
    }, {
      "x" : 18.239958,
      "y" : -11.272914,
      "z" : 0.0
    } ],
    "faces" : [ {
      "vertices" : [ 0, 1, 2 ]
    }, {
      "vertices" : [ 0, 2, 1 ]
    } ]
  }, {
    "id" : "e964c782-142a-4a21-a46f-3d0a568fa25b",
    "vertices" : [ {
      "x" : 12.708204,
      "y" : 12.708204,
      "z" : -12.708204
    }, {
      "x" : 20.562305,
      "y" : 0.0,
      "z" : -7.854102
    }, {
      "x" : 18.239958,
      "y" : 11.272914,
      "z" : 0.0
    } ],
    "faces" : [ {
      "vertices" : [ 0, 1, 2 ]
    }, {
      "vertices" : [ 0, 2, 1 ]
    } ]
  }, {
    "id" : "a8102dd3-8ee5-494d-9681-a5524e7b94fc",
    "vertices" : [ {
      "x" : -20.562305,
      "y" : 0.0,
      "z" : 7.854102
    }, {
      "x" : -12.708204,
      "y" : -12.708204,
      "z" : 12.708204
    }, {
      "x" : -18.239958,
      "y" : -11.272914,
      "z" : 0.0
    } ],
    "faces" : [ {
      "vertices" : [ 0, 1, 2 ]
    }, {
      "vertices" : [ 0, 2, 1 ]
    } ]
  }, {
    "id" : "97e97fa7-f4fe-4aa6-b555-f1e685bd8eca",
    "vertices" : [ {
      "x" : 0.0,
      "y" : 7.854102,
      "z" : -20.562305
    }, {
      "x" : 0.0,
      "y" : -7.854102,
      "z" : -20.562305
    }, {
      "x" : 11.272914,
      "y" : 0.0,
      "z" : -18.239958
    } ],
    "faces" : [ {
      "vertices" : [ 0, 1, 2 ]
    }, {
      "vertices" : [ 0, 2, 1 ]
    } ]
  }, {
    "id" : "0fecd105-b885-40e6-92a3-50a243f17edf",
    "vertices" : [ {
      "x" : 7.854102,
      "y" : -20.562305,
      "z" : 0.0
    }, {
      "x" : -7.854102,
      "y" : -20.562305,
      "z" : 0.0
    }, {
      "x" : 0.0,
      "y" : -18.239958,
      "z" : 11.272914
    } ],
    "faces" : [ {
      "vertices" : [ 0, 1, 2 ]
    }, {
      "vertices" : [ 0, 2, 1 ]
    } ]
  }, {
    "id" : "3d7837c7-5f16-464d-b361-4868d1370790",
    "vertices" : [ {
      "x" : 0.0,
      "y" : -7.854102,
      "z" : 20.562305
    }, {
      "x" : 12.708204,
      "y" : -12.708204,
      "z" : 12.708204
    }, {
      "x" : 0.0,
      "y" : -18.239958,
      "z" : 11.272914
    } ],
    "faces" : [ {
      "vertices" : [ 0, 1, 2 ]
    }, {
      "vertices" : [ 0, 2, 1 ]
    } ]
  }, {
    "id" : "0243c2a2-420c-41fa-a582-3e56c5ace3ae",
    "vertices" : [ {
      "x" : -12.708204,
      "y" : -12.708204,
      "z" : -12.708204
    }, {
      "x" : 0.0,
      "y" : -7.854102,
      "z" : -20.562305
    }, {
      "x" : -11.272914,
      "y" : 0.0,
      "z" : -18.239958
    } ],
    "faces" : [ {
      "vertices" : [ 0, 1, 2 ]
    }, {
      "vertices" : [ 0, 2, 1 ]
    } ]
  }, {
    "id" : "8ec94c46-c06d-4637-8ac9-657b085d21e1",
    "vertices" : [ {
      "x" : 20.562305,
      "y" : 0.0,
      "z" : 7.854102
    }, {
      "x" : 12.708204,
      "y" : -12.708204,
      "z" : 12.708204
    }, {
      "x" : 11.272914,
      "y" : 0.0,
      "z" : 18.239958
    } ],
    "faces" : [ {
