{
  "field" : "golden",
  "symmetry" : "icosahedral",
  "orientations" : [ [ 1.0, 0.0, 0.0, 0.0, 0.0, 1.0, 0.0, 0.0, 0.0, 0.0, 1.0, 0.0, 0.0, 0.0, 0.0, 1.0 ], [ 0.0, 0.0, 1.0, 0.0, 1.0, 0.0, 0.0, 0.0, 0.0, 1.0, 0.0, 0.0, 0.0, 0.0, 0.0, 1.0 ], [ 0.0, 1.0, 0.0, 0.0, 0.0, 0.0, 1.0, 0.0, 1.0, 0.0, 0.0, 0.0, 0.0, 0.0, 0.0, 1.0 ], [ 0.809017, 0.309017, 0.5, 0.0, 0.309017, 0.5, -0.809017, 0.0, -0.5, 0.809017, 0.309017, 0.0, 0.0, 0.0, 0.0, 1.0 ], [ -0.5, 0.809017, 0.309017, 0.0, 0.809017, 0.309017, 0.5, 0.0, 0.309017, 0.5, -0.809017, 0.0, 0.0, 0.0, 0.0, 1.0 ], [ 0.309017, 0.5, -0.809017, 0.0, -0.5, 0.809017, 0.309017, 0.0, 0.809017, 0.309017, 0.5, 0.0, 0.0, 0.0, 0.0, 1.0 ], [ 0.5, 0.809017, 0.309017, 0.0, 0.809017, -0.309017, -0.5, 0.0, -0.309017, 0.5, -0.809017, 0.0, 0.0, 0.0, 0.0, 1.0 ], [ -0.309017, 0.5, -0.809017, 0.0, 0.5, 0.809017, 0.309017, 0.0, 0.809017, -0.309017, -0.5, 0.0, 0.0, 0.0, 0.0, 1.0 ], [ 0.809017, -0.309017, -0.5, 0.0, -0.309017, 0.5, -0.809017, 0.0, 0.5, 0.809017, 0.309017, 0.0, 0.0, 0.0, 0.0, 1.0 ], [ 0.5, 0.809017, -0.309017, 0.0, 0.809017, -0.309017, 0.5, 0.0, 0.309017, -0.5, -0.809017, 0.0, 0.0, 0.0, 0.0, 1.0 ], [ 0.309017, -0.5, -0.809017, 0.0, 0.5, 0.809017, -0.309017, 0.0, 0.809017, -0.309017, 0.5, 0.0, 0.0, 0.0, 0.0, 1.0 ], [ 0.809017, -0.309017, 0.5, 0.0, 0.309017, -0.5, -0.809017, 0.0, 0.5, 0.809017, -0.309017, 0.0, 0.0, 0.0, 0.0, 1.0 ], [ 0.809017, 0.309017, -0.5, 0.0, 0.309017, 0.5, 0.809017, 0.0, 0.5, -0.809017, 0.309017, 0.0, 0.0, 0.0, 0.0, 1.0 ], [ 0.5, -0.809017, 0.309017, 0.0, 0.809017, 0.309017, -0.5, 0.0, 0.309017, 0.5, 0.809017, 0.0, 0.0, 0.0, 0.0, 1.0 ], [ 0.309017, 0.5, 0.809017, 0.0, 0.5, -0.809017, 0.309017, 0.0, 0.809017, 0.309017, -0.5, 0.0, 0.0, 0.0, 0.0, 1.0 ], [ 1.0, 0.0, 0.0, 0.0, 0.0, -1.0, 0.0, 0.0, 0.0, 0.0, -1.0, 0.0, 0.0, 0.0, 0.0, 1.0 ], [ 0.0, 0.0, 1.0, 0.0, -1.0, 0.0, 0.0, 0.0, 0.0, -1.0, 0.0, 0.0, 0.0, 0.0, 0.0, 1.0 ], [ 0.0, 1.0, 0.0, 0.0, 0.0, 0.0, -1.0, 0.0, -1.0, 0.0, 0.0, 0.0, 0.0, 0.0, 0.0, 1.0 ], [ 0.809017, 0.309017, 0.5, 0.0, -0.309017, -0.5, 0.809017, 0.0, 0.5, -0.809017, -0.309017, 0.0, 0.0, 0.0, 0.0, 1.0 ], [ -0.5, 0.809017, 0.309017, 0.0, -0.809017, -0.309017, -0.5, 0.0, -0.309017, -0.5, 0.809017, 0.0, 0.0, 0.0, 0.0, 1.0 ], [ 0.309017, 0.5, -0.809017, 0.0, 0.5, -0.809017, -0.309017, 0.0, -0.809017, -0.309017, -0.5, 0.0, 0.0, 0.0, 0.0, 1.0 ], [ 0.5, 0.809017, 0.309017, 0.0, -0.809017, 0.309017, 0.5, 0.0, 0.309017, -0.5, 0.809017, 0.0, 0.0, 0.0, 0.0, 1.0 ], [ -0.309017, 0.5, -0.809017, 0.0, -0.5, -0.809017, -0.309017, 0.0, -0.809017, 0.309017, 0.5, 0.0, 0.0, 0.0, 0.0, 1.0 ], [ 0.809017, -0.309017, -0.5, 0.0, 0.309017, -0.5, 0.809017, 0.0, -0.5, -0.809017, -0.309017, 0.0, 0.0, 0.0, 0.0, 1.0 ], [ 0.5, 0.809017, -0.309017, 0.0, -0.809017, 0.309017, -0.5, 0.0, -0.309017, 0.5, 0.809017, 0.0, 0.0, 0.0, 0.0, 1.0 ], [ 0.309017, -0.5, -0.809017, 0.0, -0.5, -0.809017, 0.309017, 0.0, -0.809017, 0.309017, -0.5, 0.0, 0.0, 0.0, 0.0, 1.0 ], [ 0.809017, -0.309017, 0.5, 0.0, -0.309017, 0.5, 0.809017, 0.0, -0.5, -0.809017, 0.309017, 0.0, 0.0, 0.0, 0.0, 1.0 ], [ 0.809017, 0.309017, -0.5, 0.0, -0.309017, -0.5, -0.809017, 0.0, -0.5, 0.809017, -0.309017, 0.0, 0.0, 0.0, 0.0, 1.0 ], [ 0.5, -0.809017, 0.309017, 0.0, -0.809017, -0.309017, 0.5, 0.0, -0.309017, -0.5, -0.809017, 0.0, 0.0, 0.0, 0.0, 1.0 ], [ 0.309017, 0.5, 0.809017, 0.0, -0.5, 0.809017, -0.309017, 0.0, -0.809017, -0.309017, 0.5, 0.0, 0.0, 0.0, 0.0, 1.0 ], [ -1.0, 0.0, 0.0, 0.0, 0.0, -1.0, 0.0, 0.0, 0.0, 0.0, 1.0, 0.0, 0.0, 0.0, 0.0, 1.0 ], [ 0.0, 0.0, -1.0, 0.0, -1.0, 0.0, 0.0, 0.0, 0.0, 1.0, 0.0, 0.0, 0.0, 0.0, 0.0, 1.0 ], [ 0.0, -1.0, 0.0, 0.0, 0.0, 0.0, -1.0, 0.0, 1.0, 0.0, 0.0, 0.0, 0.0, 0.0, 0.0, 1.0 ], [ -0.809017, -0.309017, -0.5, 0.0, -0.309017, -0.5, 0.809017, 0.0, -0.5, 0.809017, 0.309017, 0.0, 0.0, 0.0, 0.0, 1.0 ], [ 0.5, -0.809017, -0.309017, 0.0, -0.809017, -0.309017, -0.5, 0.0, 0.309017, 0.5, -0.809017, 0.0, 0.0, 0.0, 0.0, 1.0 ], [ -0.309017, -0.5, 0.809017, 0.0, 0.5, -0.809017, -0.309017, 0.0, 0.809017, 0.309017, 0.5, 0.0, 0.0, 0.0, 0.0, 1.0 ], [ -0.5, -0.809017, -0.309017, 0.0, -0.809017, 0.309017, 0.5, 0.0, -0.309017, 0.5, -0.809017, 0.0, 0.0, 0.0, 0.0, 1.0 ], [ 0.309017, -0.5, 0.809017, 0.0, -0.5, -0.809017, -0.309017, 0.0, 0.809017, -0.309017, -0.5, 0.0, 0.0, 0.0, 0.0, 1.0 ], [ -0.809017, 0.309017, 0.5, 0.0, 0.309017, -0.5, 0.809017, 0.0, 0.5, 0.809017, 0.309017, 0.0, 0.0, 0.0, 0.0, 1.0 ], [ -0.5, -0.809017, 0.309017, 0.0, -0.809017, 0.309017, -0.5, 0.0, 0.309017, -0.5, -0.809017, 0.0, 0.0, 0.0, 0.0, 1.0 ], [ -0.309017, 0.5, 0.809017, 0.0, -0.5, -0.809017, 0.309017, 0.0, 0.809017, -0.309017, 0.5, 0.0, 0.0, 0.0, 0.0, 1.0 ], [ -0.809017, 0.309017, -0.5, 0.0, -0.309017, 0.5, 0.809017, 0.0, 0.5, 0.809017, -0.309017, 0.0, 0.0, 0.0, 0.0, 1.0 ], [ -0.809017, -0.309017, 0.5, 0.0, -0.309017, -0.5, -0.809017, 0.0, 0.5, -0.809017, 0.309017, 0.0, 0.0, 0.0, 0.0, 1.0 ], [ -0.5, 0.809017, -0.309017, 0.0, -0.809017, -0.309017, 0.5, 0.0, 0.309017, 0.5, 0.809017, 0.0, 0.0, 0.0, 0.0, 1.0 ], [ -0.309017, -0.5, -0.809017, 0.0, -0.5, 0.809017, -0.309017, 0.0, 0.809017, 0.309017, -0.5, 0.0, 0.0, 0.0, 0.0, 1.0 ], [ -1.0, 0.0, 0.0, 0.0, 0.0, 1.0, 0.0, 0.0, 0.0, 0.0, -1.0, 0.0, 0.0, 0.0, 0.0, 1.0 ], [ 0.0, 0.0, -1.0, 0.0, 1.0, 0.0, 0.0, 0.0, 0.0, -1.0, 0.0, 0.0, 0.0, 0.0, 0.0, 1.0 ], [ 0.0, -1.0, 0.0, 0.0, 0.0, 0.0, 1.0, 0.0, -1.0, 0.0, 0.0, 0.0, 0.0, 0.0, 0.0, 1.0 ], [ -0.809017, -0.309017, -0.5, 0.0, 0.309017, 0.5, -0.809017, 0.0, 0.5, -0.809017, -0.309017, 0.0, 0.0, 0.0, 0.0, 1.0 ], [ 0.5, -0.809017, -0.309017, 0.0, 0.809017, 0.309017, 0.5, 0.0, -0.309017, -0.5, 0.809017, 0.0, 0.0, 0.0, 0.0, 1.0 ], [ -0.309017, -0.5, 0.809017, 0.0, -0.5, 0.809017, 0.309017, 0.0, -0.809017, -0.309017, -0.5, 0.0, 0.0, 0.0, 0.0, 1.0 ], [ -0.5, -0.809017, -0.309017, 0.0, 0.809017, -0.309017, -0.5, 0.0, 0.309017, -0.5, 0.809017, 0.0, 0.0, 0.0, 0.0, 1.0 ], [ 0.309017, -0.5, 0.809017, 0.0, 0.5, 0.809017, 0.309017, 0.0, -0.809017, 0.309017, 0.5, 0.0, 0.0, 0.0, 0.0, 1.0 ], [ -0.809017, 0.309017, 0.5, 0.0, -0.309017, 0.5, -0.809017, 0.0, -0.5, -0.809017, -0.309017, 0.0, 0.0, 0.0, 0.0, 1.0 ], [ -0.5, -0.809017, 0.309017, 0.0, 0.809017, -0.309017, 0.5, 0.0, -0.309017, 0.5, 0.809017, 0.0, 0.0, 0.0, 0.0, 1.0 ], [ -0.309017, 0.5, 0.809017, 0.0, 0.5, 0.809017, -0.309017, 0.0, -0.809017, 0.309017, -0.5, 0.0, 0.0, 0.0, 0.0, 1.0 ], [ -0.809017, 0.309017, -0.5, 0.0, 0.309017, -0.5, -0.809017, 0.0, -0.5, -0.809017, 0.309017, 0.0, 0.0, 0.0, 0.0, 1.0 ], [ -0.809017, -0.309017, 0.5, 0.0, 0.309017, 0.5, 0.809017, 0.0, -0.5, 0.809017, -0.309017, 0.0, 0.0, 0.0, 0.0, 1.0 ], [ -0.5, 0.809017, -0.309017, 0.0, 0.809017, 0.309017, -0.5, 0.0, -0.309017, -0.5, -0.809017, 0.0, 0.0, 0.0, 0.0, 1.0 ], [ -0.309017, -0.5, -0.809017, 0.0, 0.5, -0.809017, 0.309017, 0.0, -0.809017, -0.309017, 0.5, 0.0, 0.0, 0.0, 0.0, 1.0 ] ],
  "lights" : {
    "ambientColor" : "#292929",
    "backgroundColor" : "#EFEFEF",
    "directionalLights" : [ {
      "direction" : {
        "x" : 1.0,
        "y" : -1.0,
        "z" : -1.0
      },
      "color" : "#EBEBE4"
    }, {
      "direction" : {
        "x" : -1.0,
        "y" : 0.0,
        "z" : 0.0
      },
      "color" : "#E4E4EB"
    }, {
      "direction" : {
        "x" : 0.0,
        "y" : 0.0,
        "z" : -1.0
      },
      "color" : "#1E1E1E"
    } ]
  },
  "camera" : {
    "lookDirection" : {
      "x" : 0.809017,
      "y" : -0.309017,
      "z" : -0.5
    },
    "upDirection" : {
      "x" : 0.49999997,
      "y" : 0.809017,
      "z" : 0.30901697
    },
    "lookAtPoint" : {
      "x" : 0.0,
      "y" : 0.0,
      "z" : 0.0
    },
    "viewDistance" : 320.17874,
    "nearClipDistance" : 0.8004477,
    "farClipDistance" : 640.356,
    "fieldOfView" : 0.4426287,
    "perspective" : true,
    "width" : 144.08037,
    "stereo" : false,
    "position" : {
      "x" : -259.03006,
      "y" : 98.940674,
      "z" : 160.08937
    }
  },
  "embedding" : [ 1.0, 0.0, 0.0, 0.0, 0.0, 1.0, 0.0, 0.0, 0.0, 0.0, 1.0, 0.0, 0.0, 0.0, 0.0, 1.0 ],
  "shapes" : [ {
    "id" : "186d84a7-6ff7-42bc-8231-4aca33eec2ca",
    "vertices" : [ {
      "x" : 6.854102,
      "y" : 17.944271,
      "z" : 0.0
    }, {
      "x" : 17.944271,
      "y" : 6.854102,
      "z" : 11.09017
    }, {
      "x" : 17.944271,
      "y" : 0.0,
      "z" : 29.034441
    }, {
      "x" : 6.854102,
      "y" : 11.09017,
      "z" : 17.944271
    } ],
    "faces" : [ {
      "vertices" : [ 0, 1, 2 ]
    }, {
      "vertices" : [ 0, 2, 3 ]
    }, {
      "vertices" : [ 0, 3, 2 ]
    }, {
      "vertices" : [ 0, 2, 1 ]
    } ]
  }, {
    "id" : "90514dab-5900-41c4-a729-11700d60d209",
    "vertices" : [ {
      "x" : 6.854102,
      "y" : 0.0,
      "z" : -2.618034
    }, {
      "x" : 6.545085,
      "y" : 0.0,
      "z" : -2.5
    }, {
      "x" : 6.1405764,
      "y" : -0.1545085,
      "z" : -2.059017
    }, {
      "x" : 5.9495935,
      "y" : -0.1545085,
      "z" : -2.559017
    }, {
      "x" : 0.9045085,
      "y" : -0.1545085,
      "z" : -0.059016995
    }, {
      "x" : 0.809017,
      "y" : 0.309017,
      "z" : -0.309017
    }, {
      "x" : 0.309017,
      "y" : 0.0,
      "z" : -0.11803399
    }, {
      "x" : 6.045085,
      "y" : 0.309017,
      "z" : -2.309017
    }, {
      "x" : 0.7135255,
      "y" : -0.1545085,
      "z" : -0.559017
    } ],
    "faces" : [ {
      "vertices" : [ 2, 4, 8 ]
    }, {
      "vertices" : [ 2, 8, 3 ]
    }, {
      "vertices" : [ 2, 7, 5 ]
    }, {
      "vertices" : [ 2, 5, 4 ]
    }, {
      "vertices" : [ 4, 6, 8 ]
    }, {
      "vertices" : [ 5, 8, 6 ]
    }, {
      "vertices" : [ 1, 2, 3 ]
    }, {
      "vertices" : [ 3, 8, 5 ]
    }, {
      "vertices" : [ 3, 5, 7 ]
    }, {
      "vertices" : [ 1, 7, 2 ]
    }, {
      "vertices" : [ 1, 3, 7 ]
    }, {
      "vertices" : [ 4, 5, 6 ]
    } ]
  }, {
    "id" : "8e4f1f42-7d2a-4800-8b8f-03178ee92182",
    "vertices" : [ {
      "x" : 17.944271,
      "y" : 0.0,
      "z" : -6.854102
    }, {
      "x" : 17.635256,
      "y" : 0.0,
      "z" : -6.736068
    }, {
      "x" : 17.230747,
      "y" : -0.1545085,
      "z" : -6.295085
    }, {
      "x" : 17.039762,
      "y" : -0.1545085,
      "z" : -6.795085
    }, {
      "x" : 0.9045085,
      "y" : -0.1545085,
      "z" : -0.059016995
    }, {
      "x" : 0.809017,
      "y" : 0.309017,
      "z" : -0.309017
    }, {
      "x" : 0.309017,
      "y" : 0.0,
      "z" : -0.11803399
    }, {
      "x" : 17.135256,
      "y" : 0.309017,
      "z" : -6.545085
    }, {
      "x" : 0.7135255,
      "y" : -0.1545085,
      "z" : -0.559017
    } ],
    "faces" : [ {
      "vertices" : [ 2, 4, 8 ]
    }, {
      "vertices" : [ 2, 8, 3 ]
    }, {
      "vertices" : [ 2, 7, 5 ]
    }, {
      "vertices" : [ 2, 5, 4 ]
    }, {
      "vertices" : [ 4, 6, 8 ]
    }, {
      "vertices" : [ 5, 8, 6 ]
    }, {
      "vertices" : [ 1, 2, 3 ]
    }, {
      "vertices" : [ 3, 8, 5 ]
    }, {
      "vertices" : [ 3, 5, 7 ]
    }, {
      "vertices" : [ 1, 7, 2 ]
    }, {
      "vertices" : [ 1, 3, 7 ]
    }, {
      "vertices" : [ 4, 5, 6 ]
    } ]
  }, {
    "id" : "1bea7c5b-c31c-4361-b5c1-3c00046b6038",
    "vertices" : [ {
      "x" : -15.326238,
      "y" : 9.472136,
      "z" : 0.0
    }, {
      "x" : -15.326238,
      "y" : 0.0,
      "z" : 24.798374
    }, {
      "x" : 0.0,
      "y" : 15.326238,
      "z" : 40.12461
    }, {
      "x" : 0.0,
      "y" : 24.798374,
      "z" : 15.326238
    } ],
    "faces" : [ {
      "vertices" : [ 0, 1, 2 ]
    }, {
      "vertices" : [ 0, 2, 3 ]
    }, {
      "vertices" : [ 0, 3, 2 ]
    }, {
      "vertices" : [ 0, 2, 1 ]
    } ]
  }, {
    "id" : "79553dbb-a552-4c9d-b823-d1c3b63b9359",
    "vertices" : [ {
      "x" : 24.798374,
      "y" : 0.0,
      "z" : -9.472136
    }, {
      "x" : 24.489357,
      "y" : 0.0,
      "z" : -9.354102
    }, {
      "x" : 24.084848,
      "y" : -0.1545085,
      "z" : -8.913119
    }, {
      "x" : 23.893866,
      "y" : -0.1545085,
      "z" : -9.413119
    }, {
      "x" : 0.9045085,
      "y" : -0.1545085,
      "z" : -0.059016995
    }, {
      "x" : 0.809017,
      "y" : 0.309017,
      "z" : -0.309017
    }, {
      "x" : 0.309017,
      "y" : 0.0,
      "z" : -0.11803399
    }, {
      "x" : 23.989357,
      "y" : 0.309017,
      "z" : -9.163119
    }, {
      "x" : 0.7135255,
      "y" : -0.1545085,
      "z" : -0.559017
    } ],
    "faces" : [ {
      "vertices" : [ 2, 4, 8 ]
    }, {
      "vertices" : [ 2, 8, 3 ]
    }, {
      "vertices" : [ 2, 7, 5 ]
    }, {
      "vertices" : [ 2, 5, 4 ]
    }, {
      "vertices" : [ 4, 6, 8 ]
    }, {
      "vertices" : [ 5, 8, 6 ]
    }, {
      "vertices" : [ 1, 2, 3 ]
    }, {
      "vertices" : [ 3, 8, 5 ]
    }, {
      "vertices" : [ 3, 5, 7 ]
    }, {
      "vertices" : [ 1, 7, 2 ]
    }, {
      "vertices" : [ 1, 3, 7 ]
    }, {
      "vertices" : [ 4, 5, 6 ]
    } ]
  }, {
    "id" : "043d7e8c-a74a-44b8-b4a5-fd9196aa3d7a",
    "vertices" : [ {
      "x" : -11.09017,
      "y" : 11.09017,
      "z" : 11.09017
    }, {
      "x" : -11.09017,
      "y" : 17.944271,
      "z" : -6.854102
    }, {
      "x" : 0.0,
      "y" : 29.034441,
      "z" : -17.944271
    }, {
      "x" : 0.0,
      "y" : 22.18034,
      "z" : 0.0
    } ],
    "faces" : [ {
      "vertices" : [ 0, 1, 2 ]
    }, {
      "vertices" : [ 0, 2, 3 ]
    }, {
      "vertices" : [ 0, 3, 2 ]
    }, {
      "vertices" : [ 0, 2, 1 ]
    } ]
  }, {
    "id" : "617d1702-60d6-448a-86c9-3cde9e1206cc",
    "vertices" : [ {
      "x" : 0.0,
      "y" : 15.326238,
      "z" : -9.472136
    }, {
      "x" : 0.0,
      "y" : 24.798374,
      "z" : 15.326238
    }, {
      "x" : 24.798374,
      "y" : 24.798374,
      "z" : 24.798374
    }, {
      "x" : 24.798374,
      "y" : 15.326238,
      "z" : 0.0
    } ],
    "faces" : [ {
      "vertices" : [ 0, 1, 2 ]
    }, {
      "vertices" : [ 0, 2, 3 ]
    }, {
      "vertices" : [ 0, 3, 2 ]
    }, {
      "vertices" : [ 0, 2, 1 ]
    } ]
  }, {
    "id" : "c611f214-411f-4b2e-8a93-f74301e1686a",
    "vertices" : [ {
      "x" : 0.0,
      "y" : -15.326238,
      "z" : 9.472136
    }, {
      "x" : 0.0,
      "y" : -24.798374,
      "z" : -15.326238
    }, {
      "x" : 24.798374,
      "y" : -24.798374,
      "z" : -24.798374
    }, {
      "x" : 24.798374,
      "y" : -15.326238,
      "z" : 0.0
    } ],
    "faces" : [ {
      "vertices" : [ 0, 1, 2 ]
    }, {
      "vertices" : [ 0, 2, 3 ]
    }, {
      "vertices" : [ 0, 3, 2 ]
    }, {
      "vertices" : [ 0, 2, 1 ]
    } ]
  }, {
    "id" : "1ed389f4-55de-4caa-bcaa-f8364a5f5e4a",
    "vertices" : [ {
      "x" : -6.854102,
      "y" : -15.326238,
      "z" : 6.854102
    }, {
      "x" : 0.0,
      "y" : -15.326238,
      "z" : 9.472136
    }, {
      "x" : 0.0,
      "y" : -17.944271,
      "z" : 2.618034
    }, {
      "x" : -6.854102,
      "y" : -17.944271,
      "z" : 0.0
    } ],
    "faces" : [ {
      "vertices" : [ 0, 1, 2 ]
    }, {
      "vertices" : [ 0, 2, 3 ]
    }, {
      "vertices" : [ 0, 3, 2 ]
    }, {
      "vertices" : [ 0, 2, 1 ]
    } ]
  }, {
    "id" : "11dbc27b-0e52-431a-b01a-0e5a0e3e3796",
    "vertices" : [ {
      "x" : 11.09017,
      "y" : 11.09017,
      "z" : 11.09017
    }, {
      "x" : 0.0,
      "y" : 22.18034,
      "z" : 0.0
    }, {
      "x" : 0.0,
      "y" : 29.034441,
      "z" : -17.944271
    }, {
      "x" : 11.09017,
      "y" : 17.944271,
      "z" : -6.854102
    } ],
    "faces" : [ {
      "vertices" : [ 0, 1, 2 ]
    }, {
      "vertices" : [ 0, 2, 3 ]
    }, {
      "vertices" : [ 0, 3, 2 ]
    }, {
      "vertices" : [ 0, 2, 1 ]
    } ]
  }, {
    "id" : "57192316-6d41-4556-8301-0e906c0c1a97",
    "vertices" : [ {
      "x" : 0.309017,
      "y" : -0.309017,
      "z" : -0.309017
    }, {
      "x" : 0.5,
      "y" : 0.0,
      "z" : -0.19098301
    }, {
      "x" : 0.5,
      "y" : 0.0,
      "z" : 0.19098301
    }, {
      "x" : 0.309017,
      "y" : -0.309017,
      "z" : 0.309017
    }, {
      "x" : 0.19098301,
      "y" : -0.5,
      "z" : 0.0
    }, {
      "x" : 0.0,
      "y" : 0.19098301,
      "z" : 0.5
    }, {
      "x" : 0.0,
      "y" : -0.19098301,
      "z" : 0.5
    }, {
      "x" : 0.309017,
      "y" : 0.309017,
      "z" : 0.309017
    }, {
      "x" : -0.309017,
      "y" : -0.309017,
      "z" : 0.309017
    }, {
      "x" : -0.309017,
      "y" : 0.309017,
      "z" : 0.309017
    }, {
      "x" : -0.5,
      "y" : 0.0,
      "z" : 0.19098301
    }, {
      "x" : 0.0,
      "y" : -0.19098301,
      "z" : -0.5
    }, {
      "x" : 0.0,
      "y" : 0.19098301,
      "z" : -0.5
    }, {
      "x" : 0.309017,
      "y" : 0.309017,
      "z" : -0.309017
    }, {
      "x" : -0.309017,
      "y" : -0.309017,
      "z" : -0.309017
    }, {
      "x" : -0.19098301,
      "y" : -0.5,
      "z" : 0.0
    }, {
      "x" : -0.5,
      "y" : 0.0,
      "z" : -0.19098301
    }, {
      "x" : 0.19098301,
      "y" : 0.5,
      "z" : 0.0
    }, {
      "x" : -0.309017,
      "y" : 0.309017,
      "z" : -0.309017
    }, {
      "x" : 0.0,
      "y" : 0.0,
      "z" : 0.0
    }, {
      "x" : -0.19098301,
      "y" : 0.5,
      "z" : 0.0
    } ],
    "faces" : [ {
      "vertices" : [ 12, 18, 20 ]
    }, {
      "vertices" : [ 12, 20, 17 ]
    }, {
      "vertices" : [ 12, 17, 13 ]
    }, {
      "vertices" : [ 3, 6, 8 ]
    }, {
      "vertices" : [ 3, 8, 15 ]
    }, {
      "vertices" : [ 3, 15, 4 ]
    }, {
      "vertices" : [ 0, 11, 12 ]
    }, {
      "vertices" : [ 0, 12, 13 ]
    }, {
      "vertices" : [ 0, 13, 1 ]
    }, {
      "vertices" : [ 5, 9, 10 ]
    }, {
      "vertices" : [ 5, 10, 8 ]
    }, {
      "vertices" : [ 5, 8, 6 ]
    }, {
      "vertices" : [ 2, 7, 5 ]
    }, {
      "vertices" : [ 2, 5, 6 ]
    }, {
      "vertices" : [ 2, 6, 3 ]
    }, {
      "vertices" : [ 11, 14, 16 ]
    }, {
      "vertices" : [ 11, 16, 18 ]
    }, {
      "vertices" : [ 11, 18, 12 ]
    }, {
      "vertices" : [ 1, 13, 17 ]
    }, {
      "vertices" : [ 1, 17, 7 ]
    }, {
      "vertices" : [ 1, 7, 2 ]
    }, {
      "vertices" : [ 9, 20, 18 ]
    }, {
      "vertices" : [ 9, 18, 16 ]
    }, {
      "vertices" : [ 9, 16, 10 ]
    }, {
      "vertices" : [ 0, 1, 2 ]
    }, {
      "vertices" : [ 0, 2, 3 ]
    }, {
      "vertices" : [ 0, 3, 4 ]
    }, {
      "vertices" : [ 5, 7, 17 ]
    }, {
      "vertices" : [ 5, 17, 20 ]
    }, {
      "vertices" : [ 5, 20, 9 ]
    }, {
      "vertices" : [ 0, 4, 15 ]
    }, {
      "vertices" : [ 0, 15, 14 ]
    }, {
      "vertices" : [ 0, 14, 11 ]
    }, {
      "vertices" : [ 8, 10, 16 ]
    }, {
      "vertices" : [ 8, 16, 14 ]
    }, {
      "vertices" : [ 8, 14, 15 ]
    } ]
  }, {
    "id" : "d72b2272-2e3d-4430-93c4-e87f2f998843",
    "vertices" : [ {
      "x" : 0.0,
      "y" : 15.326238,
      "z" : -9.472136
    }, {
      "x" : -24.798374,
      "y" : 15.326238,
      "z" : 0.0
    }, {
      "x" : -24.798374,
      "y" : 24.798374,
      "z" : 24.798374
    }, {
      "x" : 0.0,
      "y" : 24.798374,
      "z" : 15.326238
    } ],
    "faces" : [ {
      "vertices" : [ 0, 1, 2 ]
    }, {
      "vertices" : [ 0, 2, 3 ]
    }, {
      "vertices" : [ 0, 3, 2 ]
    }, {
      "vertices" : [ 0, 2, 1 ]
    } ]
  }, {
    "id" : "2a468e24-b879-4b59-975a-cc3b2d2501b7",
    "vertices" : [ {
      "x" : -17.944271,
      "y" : 2.618034,
      "z" : 0.0
    }, {
      "x" : -15.326238,
      "y" : 9.472136,
      "z" : 0.0
    }, {
      "x" : -15.326238,
      "y" : 6.854102,
      "z" : 6.854102
    }, {
      "x" : -17.944271,
      "y" : 0.0,
      "z" : 6.854102
    } ],
    "faces" : [ {
      "vertices" : [ 0, 1, 2 ]
    }, {
      "vertices" : [ 0, 2, 3 ]
    }, {
      "vertices" : [ 0, 3, 2 ]
    }, {
      "vertices" : [ 0, 2, 1 ]
    } ]
  }, {
    "id" : "fbca1e50-8e1b-4685-a36c-0bca6c7027bb",
    "vertices" : [ {
      "x" : 0.9045085,
      "y" : 0.3454915,
      "z" : 0.25
    }, {
      "x" : 14.612713,
      "y" : 8.817628,
      "z" : 0.25
    }, {
      "x" : 14.421729,
      "y" : 9.126644,
      "z" : 0.25
    }, {
      "x" : 0.7135255,
      "y" : 0.6545085,
      "z" : 0.25
    }, {
      "x" : 0.809017,
      "y" : 0.5,
      "z" : -0.309017
    }, {
      "x" : 0.9635255,
      "y" : 0.25,
      "z" : -0.095491506
    }, {
      "x" : 0.309017,
      "y" : 0.19098301,
      "z" : 0.0
    }, {
      "x" : 15.0172205,
      "y" : 9.281153,
      "z" : 0.0
    }, {
      "x" : 14.362713,
      "y" : 9.222136,
      "z" : -0.095491506
    }, {
      "x" : 14.5172205,
      "y" : 8.972136,
      "z" : -0.309017
    }, {
      "x" : 15.326238,
      "y" : 9.472136,
      "z" : 0.0
    }, {
      "x" : 0.6545085,
      "y" : 0.75,
      "z" : -0.095491506
    }, {
      "x" : 14.671729,
      "y" : 8.722136,
      "z" : -0.095491506
    } ],
    "faces" : [ {
      "vertices" : [ 4, 11, 8 ]
    }, {
      "vertices" : [ 4, 8, 9 ]
    }, {
      "vertices" : [ 0, 1, 2 ]
    }, {
      "vertices" : [ 0, 2, 3 ]
    }, {
      "vertices" : [ 0, 3, 6 ]
    }, {
      "vertices" : [ 1, 7, 2 ]
    }, {
      "vertices" : [ 0, 6, 5 ]
    }, {
      "vertices" : [ 4, 5, 6 ]
    }, {
      "vertices" : [ 2, 7, 8 ]
    }, {
      "vertices" : [ 0, 5, 12 ]
    }, {
      "vertices" : [ 0, 12, 1 ]
    }, {
      "vertices" : [ 1, 12, 7 ]
    }, {
      "vertices" : [ 3, 11, 6 ]
    }, {
      "vertices" : [ 4, 6, 11 ]
    }, {
      "vertices" : [ 7, 9, 8 ]
    }, {
      "vertices" : [ 2, 8, 11 ]
    }, {
      "vertices" : [ 2, 11, 3 ]
    }, {
      "vertices" : [ 7, 12, 9 ]
    }, {
      "vertices" : [ 4, 9, 12 ]
    }, {
      "vertices" : [ 4, 12, 5 ]
    } ]
  }, {
    "id" : "5963b7c9-0448-42a1-9af4-6dc7c706ec08",
    "vertices" : [ {
      "x" : -11.09017,
      "y" : 11.09017,
      "z" : -11.09017
    }, {
      "x" : 0.0,
      "y" : 22.18034,
      "z" : 0.0
    }, {
      "x" : 0.0,
      "y" : 29.034441,
      "z" : 17.944271
    }, {
      "x" : -11.09017,
      "y" : 17.944271,
      "z" : 6.854102
    } ],
    "faces" : [ {
      "vertices" : [ 0, 1, 2 ]
    }, {
      "vertices" : [ 0, 2, 3 ]
    }, {
      "vertices" : [ 0, 3, 2 ]
    }, {
      "vertices" : [ 0, 2, 1 ]
    } ]
  }, {
    "id" : "c047a2b8-5777-48a6-b5d0-fbf9aee1707c",
    "vertices" : [ {
      "x" : 4.236068,
      "y" : 11.09017,
      "z" : -13.708204
    }, {
      "x" : 0.0,
      "y" : 15.326238,
      "z" : -9.472136
    }, {
      "x" : -4.236068,
      "y" : 11.09017,
      "z" : -13.708204
    }, {
      "x" : 0.0,
      "y" : 6.854102,
      "z" : -17.944271
    } ],
    "faces" : [ {
      "vertices" : [ 0, 1, 2 ]
    }, {
      "vertices" : [ 0, 2, 3 ]
    }, {
      "vertices" : [ 0, 3, 2 ]
    }, {
      "vertices" : [ 0, 2, 1 ]
    } ]
  }, {
    "id" : "ba1b69fa-fdc7-40d7-8428-44eedc1778c8",
    "vertices" : [ {
      "x" : 24.084848,
      "y" : 4.0815597,
      "z" : -6.295085
    }, {
      "x" : 24.452883,
      "y" : 4.177051,
      "z" : -6.7586102
    }, {
      "x" : 1.0954915,
      "y" : 0.1545085,
      "z" : 0.059016995
    }, {
      "x" : 23.893866,
      "y" : 4.3905764,
      "z" : -6.795085
    }, {
      "x" : 0.9045085,
      "y" : 0.4635255,
      "z" : -0.440983
    }, {
      "x" : 23.893866,
      "y" : 3.7725425,
      "z" : -6.413119
    }, {
      "x" : 0.9045085,
      "y" : -0.1545085,
      "z" : -0.059016995
    }, {
      "x" : 23.702883,
      "y" : 4.0815597,
      "z" : -6.913119
    }, {
      "x" : 24.798374,
      "y" : 4.236068,
      "z" : -6.854102
    }, {
      "x" : 0.3454915,
      "y" : 0.059016995,
      "z" : -0.095491506
    }, {
      "x" : 0.7135255,
      "y" : 0.1545085,
      "z" : -0.559017
    } ],
    "faces" : [ {
      "vertices" : [ 2, 9, 6 ]
    }, {
      "vertices" : [ 0, 1, 3 ]
    }, {
      "vertices" : [ 0, 5, 1 ]
    }, {
      "vertices" : [ 4, 10, 9 ]
    }, {
      "vertices" : [ 3, 7, 10 ]
    }, {
      "vertices" : [ 3, 10, 4 ]
    }, {
      "vertices" : [ 0, 3, 4 ]
    }, {
      "vertices" : [ 0, 4, 2 ]
    }, {
      "vertices" : [ 6, 9, 10 ]
    }, {
      "vertices" : [ 1, 7, 3 ]
    }, {
      "vertices" : [ 5, 6, 10 ]
    }, {
      "vertices" : [ 5, 10, 7 ]
    }, {
      "vertices" : [ 0, 2, 6 ]
    }, {
      "vertices" : [ 0, 6, 5 ]
    }, {
      "vertices" : [ 1, 5, 7 ]
    }, {
      "vertices" : [ 2, 4, 9 ]
    } ]
  }, {
    "id" : "79ec8a55-6de1-4618-bcfa-c7dec2c69e9e",
    "vertices" : [ {
      "x" : -11.09017,
      "y" : 11.09017,
      "z" : -11.09017
    }, {
      "x" : 0.0,
      "y" : 0.0,
      "z" : -22.18034
    }, {
      "x" : 17.944271,
      "y" : 0.0,
      "z" : -29.034441
    }, {
      "x" : 6.854102,
      "y" : 11.09017,
      "z" : -17.944271
    } ],
    "faces" : [ {
      "vertices" : [ 0, 1, 2 ]
    }, {
      "vertices" : [ 0, 2, 3 ]
    }, {
      "vertices" : [ 0, 3, 2 ]
    }, {
      "vertices" : [ 0, 2, 1 ]
    } ]
  }, {
    "id" : "1daba1dc-b030-4fe0-8af9-a7b226103b0a",
    "vertices" : [ {
      "x" : -4.236068,
      "y" : -11.09017,
      "z" : 13.708204
    }, {
      "x" : 0.0,
      "y" : -15.326238,
      "z" : 9.472136
    }, {
      "x" : -6.854102,
      "y" : -15.326238,
      "z" : 6.854102
    }, {
      "x" : -11.09017,
      "y" : -11.09017,
      "z" : 11.09017
    } ],
    "faces" : [ {
      "vertices" : [ 0, 1, 2 ]
    }, {
      "vertices" : [ 0, 2, 3 ]
    }, {
      "vertices" : [ 0, 3, 2 ]
    }, {
      "vertices" : [ 0, 2, 1 ]
    } ]
  }, {
    "id" : "79e54d76-4e67-48a3-89e0-dc56bbdc71b1",
    "vertices" : [ {
      "x" : 6.854102,
      "y" : 6.854102,
      "z" : -15.326238
    }, {
      "x" : 9.472136,
      "y" : 0.0,
      "z" : -15.326238
    }, {
      "x" : 13.708204,
      "y" : 4.236068,
      "z" : -11.09017
    }, {
      "x" : 11.09017,
      "y" : 11.09017,
      "z" : -11.09017
    } ],
    "faces" : [ {
      "vertices" : [ 0, 1, 2 ]
    }, {
      "vertices" : [ 0, 2, 3 ]
    }, {
      "vertices" : [ 0, 3, 2 ]
    }, {
      "vertices" : [ 0, 2, 1 ]
    } ]
  }, {
    "id" : "3b98346e-879a-4bb3-a80e-2260288a3a1f",
    "vertices" : [ {
      "x" : 9.472136,
      "y" : 0.0,
      "z" : -15.326238
    }, {
      "x" : -15.326238,
      "y" : 0.0,
      "z" : -24.798374
    }, {
      "x" : -24.798374,
      "y" : 24.798374,
      "z" : -24.798374
    }, {
      "x" : 0.0,
      "y" : 24.798374,
      "z" : -15.326238
    } ],
    "faces" : [ {
      "vertices" : [ 0, 1, 2 ]
    }, {
      "vertices" : [ 0, 2, 3 ]
    }, {
      "vertices" : [ 0, 3, 2 ]
    }, {
      "vertices" : [ 0, 2, 1 ]
    } ]
  }, {
    "id" : "bc1cacac-4ac9-469d-89ad-b1f560e4b1cc",
    "vertices" : [ {
      "x" : 4.236068,
      "y" : 11.09017,
      "z" : 13.708204
    }, {
      "x" : 0.0,
      "y" : 15.326238,
      "z" : 9.472136
    }, {
      "x" : 6.854102,
      "y" : 15.326238,
      "z" : 6.854102
    }, {
      "x" : 11.09017,
      "y" : 11.09017,
      "z" : 11.09017
    } ],
    "faces" : [ {
      "vertices" : [ 0, 1, 2 ]
    }, {
      "vertices" : [ 0, 2, 3 ]
    }, {
      "vertices" : [ 0, 3, 2 ]
    }, {
      "vertices" : [ 0, 2, 1 ]
    } ]
  }, {
    "id" : "9c510496-5756-4cf4-827e-a41470aaec2a",
    "vertices" : [ {
      "x" : 11.09017,
      "y" : -11.09017,
      "z" : -11.09017
    }, {
      "x" : 22.18034,
      "y" : 0.0,
      "z" : 0.0
    }, {
      "x" : 29.034441,
      "y" : 17.944271,
      "z" : 0.0
    }, {
      "x" : 17.944271,
      "y" : 6.854102,
      "z" : -11.09017
    } ],
    "faces" : [ {
      "vertices" : [ 0, 1, 2 ]
    }, {
      "vertices" : [ 0, 2, 3 ]
    }, {
      "vertices" : [ 0, 3, 2 ]
    }, {
      "vertices" : [ 0, 2, 1 ]
    } ]
  }, {
    "id" : "78473e28-2c0a-42bf-9590-018a27452b77",
    "vertices" : [ {
      "x" : -6.854102,
      "y" : -6.854102,
      "z" : -15.326238
    }, {
      "x" : -9.472136,
      "y" : 0.0,
      "z" : -15.326238
    }, {
      "x" : -13.708204,
      "y" : -4.236068,
      "z" : -11.09017
    }, {
      "x" : -11.09017,
      "y" : -11.09017,
      "z" : -11.09017
    } ],
    "faces" : [ {
      "vertices" : [ 0, 1, 2 ]
    }, {
      "vertices" : [ 0, 2, 3 ]
    }, {
      "vertices" : [ 0, 3, 2 ]
    }, {
      "vertices" : [ 0, 2, 1 ]
    } ]
  }, {
    "id" : "d6ee6837-d24a-4998-8d1a-150d1f31aa18",
    "vertices" : [ {
      "x" : -15.326238,
      "y" : 9.472136,
      "z" : 0.0
    }, {
      "x" : -24.798374,
      "y" : -15.326238,
      "z" : 0.0
    }, {
      "x" : -24.798374,
      "y" : -24.798374,
      "z" : 24.798374
    }, {
      "x" : -15.326238,
      "y" : 0.0,
      "z" : 24.798374
    } ],
    "faces" : [ {
      "vertices" : [ 0, 1, 2 ]
    }, {
      "vertices" : [ 0, 2, 3 ]
    }, {
      "vertices" : [ 0, 3, 2 ]
    }, {
      "vertices" : [ 0, 2, 1 ]
    } ]
  }, {
    "id" : "e4ba1b8d-4fdd-439d-848d-9427a5b4720f",
    "vertices" : [ {
      "x" : -11.09017,
      "y" : 11.09017,
      "z" : 11.09017
    }, {
      "x" : -17.944271,
      "y" : -6.854102,
      "z" : 11.09017
    }, {
      "x" : -29.034441,
      "y" : -17.944271,
      "z" : 0.0
    }, {
      "x" : -22.18034,
      "y" : 0.0,
      "z" : 0.0
    } ],
    "faces" : [ {
      "vertices" : [ 0, 1, 2 ]
    }, {
      "vertices" : [ 0, 2, 3 ]
    }, {
      "vertices" : [ 0, 3, 2 ]
    }, {
      "vertices" : [ 0, 2, 1 ]
    } ]
  }, {
    "id" : "5e724b20-c79b-4c0c-874f-d929ddfed5cd",
    "vertices" : [ {
      "x" : 1.0,
      "y" : 0.309017,
      "z" : 0.19098301
    }, {
      "x" : 1.0,
      "y" : -0.309017,
      "z" : 0.19098301
    }, {
      "x" : 29.652475,
      "y" : -0.309017,
      "z" : 0.19098301
    }, {
      "x" : 29.652475,
      "y" : 0.309017,
      "z" : 0.19098301
    }, {
      "x" : 29.652475,
      "y" : -0.309017,
      "z" : -0.19098301
    }, {
      "x" : 29.652475,
      "y" : 0.309017,
      "z" : -0.19098301
    }, {
      "x" : 30.27051,
      "y" : 0.0,
      "z" : 0.0
    }, {
      "x" : 0.38196602,
      "y" : 0.0,
      "z" : 0.0
    }, {
      "x" : 1.0,
      "y" : 0.309017,
      "z" : -0.19098301
    }, {
      "x" : 1.0,
      "y" : -0.309017,
      "z" : -0.19098301
    }, {
      "x" : 30.652475,
      "y" : 0.0,
      "z" : 0.0
    } ],
    "faces" : [ {
      "vertices" : [ 1, 9, 4 ]
    }, {
      "vertices" : [ 1, 4, 2 ]
    }, {
      "vertices" : [ 0, 3, 5 ]
    }, {
      "vertices" : [ 0, 5, 8 ]
    }, {
      "vertices" : [ 1, 7, 9 ]
    }, {
      "vertices" : [ 0, 1, 2 ]
    }, {
      "vertices" : [ 0, 2, 3 ]
    }, {
      "vertices" : [ 7, 8, 9 ]
    }, {
      "vertices" : [ 0, 7, 1 ]
    }, {
      "vertices" : [ 4, 9, 8 ]
    }, {
      "vertices" : [ 4, 8, 5 ]
    }, {
      "vertices" : [ 2, 6, 3 ]
    }, {
      "vertices" : [ 2, 4, 6 ]
    }, {
      "vertices" : [ 3, 6, 5 ]
    }, {
      "vertices" : [ 4, 5, 6 ]
    }, {
      "vertices" : [ 0, 8, 7 ]
    } ]
  }, {
    "id" : "fefab9d6-0103-471b-90b1-cd3013d39939",
    "vertices" : [ {
      "x" : 15.326238,
      "y" : -9.472136,
      "z" : 0.0
    }, {
      "x" : 0.0,
      "y" : -24.798374,
      "z" : 15.326238
    }, {
      "x" : -15.326238,
      "y" : -40.12461,
      "z" : 0.0
    }, {
      "x" : 0.0,
      "y" : -24.798374,
      "z" : -15.326238
    } ],
    "faces" : [ {
      "vertices" : [ 0, 1, 2 ]
    }, {
      "vertices" : [ 0, 2, 3 ]
    }, {
      "vertices" : [ 0, 3, 2 ]
    }, {
      "vertices" : [ 0, 2, 1 ]
    } ]
  }, {
    "id" : "4f2eed83-4f67-465a-a0b8-d1d9e4ba1e79",
    "vertices" : [ {
      "x" : 6.854102,
      "y" : -15.326238,
      "z" : -6.854102
    }, {
      "x" : 0.0,
      "y" : -15.326238,
      "z" : -9.472136
    }, {
      "x" : 0.0,
      "y" : -17.944271,
      "z" : -2.618034
    }, {
      "x" : 6.854102,
      "y" : -17.944271,
      "z" : 0.0
    } ],
    "faces" : [ {
      "vertices" : [ 0, 1, 2 ]
    }, {
      "vertices" : [ 0, 2, 3 ]
    }, {
      "vertices" : [ 0, 3, 2 ]
    }, {
      "vertices" : [ 0, 2, 1 ]
    } ]
  }, {
    "id" : "b8efa565-9fa9-4bc9-a3d8-ad86c025a610",
    "vertices" : [ {
      "x" : -15.326238,
      "y" : -9.472136,
      "z" : 0.0
    }, {
      "x" : 0.0,
      "y" : -24.798374,
      "z" : 15.326238
    }, {
      "x" : 0.0,
      "y" : -15.326238,
      "z" : 40.12461
    }, {
      "x" : -15.326238,
      "y" : 0.0,
      "z" : 24.798374
    } ],
    "faces" : [ {
      "vertices" : [ 0, 1, 2 ]
    }, {
      "vertices" : [ 0, 2, 3 ]
    }, {
      "vertices" : [ 0, 3, 2 ]
    }, {
      "vertices" : [ 0, 2, 1 ]
    } ]
  }, {
    "id" : "e1b81a50-fe4b-411e-85b6-0c6e18833228",
    "vertices" : [ {
      "x" : -2.618034,
      "y" : 0.0,
      "z" : 17.944271
    }, {
      "x" : -9.472136,
      "y" : 0.0,
      "z" : 15.326238
    }, {
      "x" : -6.854102,
      "y" : 6.854102,
      "z" : 15.326238
    }, {
      "x" : 0.0,
      "y" : 6.854102,
      "z" : 17.944271
    } ],
    "faces" : [ {
      "vertices" : [ 0, 1, 2 ]
    }, {
      "vertices" : [ 0, 2, 3 ]
    }, {
      "vertices" : [ 0, 3, 2 ]
    }, {
      "vertices" : [ 0, 2, 1 ]
    } ]
  }, {
    "id" : "f6f3065a-e264-4c88-a037-3d5569bb9137",
    "vertices" : [ {
      "x" : 17.944271,
      "y" : 0.0,
      "z" : 6.854102
    }, {
      "x" : 17.944271,
      "y" : 6.854102,
      "z" : -11.09017
    }, {
      "x" : 17.944271,
      "y" : 0.0,
      "z" : -29.034441
    }, {
      "x" : 17.944271,
      "y" : -6.854102,
      "z" : -11.09017
    } ],
    "faces" : [ {
      "vertices" : [ 0, 1, 2 ]
    }, {
      "vertices" : [ 0, 2, 3 ]
    }, {
      "vertices" : [ 0, 3, 2 ]
    }, {
      "vertices" : [ 0, 2, 1 ]
    } ]
  }, {
    "id" : "92b59ff8-6beb-42d7-996f-6675f4810c59",
    "vertices" : [ {
      "x" : -11.09017,
      "y" : 11.09017,
      "z" : -11.09017
    }, {
      "x" : -22.18034,
      "y" : 0.0,
      "z" : 0.0
    }, {
      "x" : -29.034441,
      "y" : -17.944271,
      "z" : 0.0
    }, {
      "x" : -17.944271,
      "y" : -6.854102,
      "z" : -11.09017
    } ],
    "faces" : [ {
      "vertices" : [ 0, 1, 2 ]
    }, {
      "vertices" : [ 0, 2, 3 ]
    }, {
      "vertices" : [ 0, 3, 2 ]
    }, {
      "vertices" : [ 0, 2, 1 ]
    } ]
  }, {
    "id" : "06d82f90-47c5-43a5-9ec8-790869b8f230",
    "vertices" : [ {
      "x" : 6.854102,
      "y" : 17.944271,
      "z" : 0.0
    }, {
      "x" : -11.09017,
      "y" : 17.944271,
      "z" : 6.854102
    }, {
      "x" : -29.034441,
      "y" : 17.944271,
      "z" : 0.0
    }, {
      "x" : -11.09017,
      "y" : 17.944271,
      "z" : -6.854102
    } ],
    "faces" : [ {
      "vertices" : [ 0, 1, 2 ]
    }, {
      "vertices" : [ 0, 2, 3 ]
    }, {
      "vertices" : [ 0, 3, 2 ]
    }, {
      "vertices" : [ 0, 2, 1 ]
    } ]
  }, {
    "id" : "b244240b-36cd-43db-992f-c96177286b66",
    "vertices" : [ {
      "x" : -9.472136,
      "y" : 0.0,
      "z" : -15.326238
    }, {
      "x" : 0.0,
      "y" : -24.798374,
      "z" : -15.326238
    }, {
      "x" : -15.326238,
      "y" : -40.12461,
      "z" : 0.0
    }, {
      "x" : -24.798374,
      "y" : -15.326238,
      "z" : 0.0
    } ],
    "faces" : [ {
      "vertices" : [ 0, 1, 2 ]
    }, {
      "vertices" : [ 0, 2, 3 ]
    }, {
      "vertices" : [ 0, 3, 2 ]
    }, {
      "vertices" : [ 0, 2, 1 ]
    } ]
  }, {
    "id" : "70933aa1-1f69-4bb8-983a-f77b0a900f22",
    "vertices" : [ {
      "x" : -15.326238,
      "y" : -6.854102,
      "z" : 6.854102
    }, {
      "x" : -15.326238,
      "y" : -9.472136,
      "z" : 0.0
    }, {
      "x" : -17.944271,
      "y" : -2.618034,
      "z" : 0.0
    }, {
      "x" : -17.944271,
      "y" : 0.0,
      "z" : 6.854102
    } ],
    "faces" : [ {
      "vertices" : [ 0, 1, 2 ]
    }, {
      "vertices" : [ 0, 2, 3 ]
    }, {
      "vertices" : [ 0, 3, 2 ]
    }, {
      "vertices" : [ 0, 2, 1 ]
    } ]
  }, {
    "id" : "b2407f20-7cc0-42dd-a029-fc9ffdd14ebe",
    "vertices" : [ {
      "x" : 0.0,
      "y" : 17.944271,
      "z" : 2.618034
    }, {
      "x" : 0.0,
      "y" : 15.326238,
      "z" : 9.472136
    }, {
      "x" : -6.854102,
      "y" : 15.326238,
      "z" : 6.854102
    }, {
      "x" : -6.854102,
      "y" : 17.944271,
      "z" : 0.0
    } ],
    "faces" : [ {
      "vertices" : [ 0, 1, 2 ]
    }, {
      "vertices" : [ 0, 2, 3 ]
    }, {
      "vertices" : [ 0, 3, 2 ]
    }, {
      "vertices" : [ 0, 2, 1 ]
    } ]
  }, {
    "id" : "db36633b-976a-4152-a536-78bf6cebe68d",
    "vertices" : [ {
      "x" : 0.0,
      "y" : 6.854102,
      "z" : -17.944271
    }, {
      "x" : 17.944271,
      "y" : 6.854102,
      "z" : -11.09017
    }, {
      "x" : 29.034441,
      "y" : 17.944271,
      "z" : 0.0
    }, {
      "x" : 11.09017,
      "y" : 17.944271,
      "z" : -6.854102
    } ],
    "faces" : [ {
      "vertices" : [ 0, 1, 2 ]
    }, {
      "vertices" : [ 0, 2, 3 ]
    }, {
      "vertices" : [ 0, 3, 2 ]
    }, {
      "vertices" : [ 0, 2, 1 ]
    } ]
  }, {
    "id" : "2cc2da17-0795-455d-a62a-226b696f2a2b",
    "vertices" : [ {
      "x" : -11.09017,
      "y" : -13.708204,
      "z" : -4.236068
    }, {
      "x" : -15.326238,
      "y" : -9.472136,
      "z" : 0.0
    }, {
      "x" : -11.09017,
      "y" : -13.708204,
      "z" : 4.236068
    }, {
      "x" : -6.854102,
      "y" : -17.944271,
      "z" : 0.0
    } ],
    "faces" : [ {
      "vertices" : [ 0, 1, 2 ]
    }, {
      "vertices" : [ 0, 2, 3 ]
    }, {
      "vertices" : [ 0, 3, 2 ]
    }, {
      "vertices" : [ 0, 2, 1 ]
    } ]
  }, {
    "id" : "90e49440-aa3f-489b-b857-598ed5dc6d97",
    "vertices" : [ {
      "x" : 0.0,
      "y" : -6.854102,
      "z" : 17.944271
    }, {
      "x" : -11.09017,
      "y" : -17.944271,
      "z" : 6.854102
    }, {
      "x" : -29.034441,
      "y" : -17.944271,
      "z" : 0.0
    }, {
      "x" : -17.944271,
      "y" : -6.854102,
      "z" : 11.09017
    } ],
    "faces" : [ {
      "vertices" : [ 0, 1, 2 ]
    }, {
      "vertices" : [ 0, 2, 3 ]
    }, {
      "vertices" : [ 0, 3, 2 ]
    }, {
      "vertices" : [ 0, 2, 1 ]
    } ]
  }, {
    "id" : "11a519da-b93e-40d6-a279-0bc9afd68583",
    "vertices" : [ {
      "x" : 6.854102,
      "y" : 6.854102,
      "z" : 15.326238
    }, {
      "x" : 9.472136,
      "y" : 0.0,
      "z" : 15.326238
    }, {
      "x" : 2.618034,
      "y" : 0.0,
      "z" : 17.944271
    }, {
      "x" : 0.0,
      "y" : 6.854102,
      "z" : 17.944271
    } ],
    "faces" : [ {
      "vertices" : [ 0, 1, 2 ]
    }, {
      "vertices" : [ 0, 2, 3 ]
    }, {
      "vertices" : [ 0, 3, 2 ]
    }, {
      "vertices" : [ 0, 2, 1 ]
    } ]
  }, {
    "id" : "bfa359be-62d1-4d9c-a7ce-964282275073",
    "vertices" : [ {
      "x" : 0.0,
      "y" : 15.326238,
      "z" : -9.472136
    }, {
      "x" : 15.326238,
      "y" : 0.0,
      "z" : -24.798374
    }, {
      "x" : 0.0,
      "y" : -15.326238,
      "z" : -40.12461
    }, {
      "x" : -15.326238,
      "y" : 0.0,
      "z" : -24.798374
    } ],
    "faces" : [ {
      "vertices" : [ 0, 1, 2 ]
    }, {
      "vertices" : [ 0, 2, 3 ]
    }, {
      "vertices" : [ 0, 3, 2 ]
    }, {
      "vertices" : [ 0, 2, 1 ]
    } ]
  }, {
    "id" : "96de53d0-f20c-4d3c-80e7-ef8a762d7c6a",
    "vertices" : [ {
      "x" : 9.472136,
      "y" : 0.0,
      "z" : 15.326238
    }, {
      "x" : 0.0,
      "y" : 24.798374,
      "z" : 15.326238
    }, {
      "x" : -24.798374,
      "y" : 24.798374,
      "z" : 24.798374
    }, {
      "x" : -15.326238,
      "y" : 0.0,
      "z" : 24.798374
    } ],
    "faces" : [ {
      "vertices" : [ 0, 1, 2 ]
    }, {
      "vertices" : [ 0, 2, 3 ]
    }, {
      "vertices" : [ 0, 3, 2 ]
    }, {
      "vertices" : [ 0, 2, 1 ]
    } ]
  }, {
    "id" : "ff82048b-a0e5-4889-b91c-60c137dea565",
    "vertices" : [ {
      "x" : -6.854102,
      "y" : -6.854102,
      "z" : 15.326238
    }, {
      "x" : -9.472136,
      "y" : 0.0,
      "z" : 15.326238
    }, {
      "x" : -2.618034,
      "y" : 0.0,
      "z" : 17.944271
    }, {
      "x" : 0.0,
      "y" : -6.854102,
      "z" : 17.944271
    } ],
    "faces" : [ {
      "vertices" : [ 0, 1, 2 ]
    }, {
      "vertices" : [ 0, 2, 3 ]
    }, {
      "vertices" : [ 0, 3, 2 ]
