{
  "field" : "golden",
  "symmetry" : "icosahedral",
  "orientations" : [ [ 1.0, 0.0, 0.0, 0.0, 0.0, 1.0, 0.0, 0.0, 0.0, 0.0, 1.0, 0.0, 0.0, 0.0, 0.0, 1.0 ], [ 0.0, 0.0, 1.0, 0.0, 1.0, 0.0, 0.0, 0.0, 0.0, 1.0, 0.0, 0.0, 0.0, 0.0, 0.0, 1.0 ], [ 0.0, 1.0, 0.0, 0.0, 0.0, 0.0, 1.0, 0.0, 1.0, 0.0, 0.0, 0.0, 0.0, 0.0, 0.0, 1.0 ], [ 0.809017, 0.309017, 0.5, 0.0, 0.309017, 0.5, -0.809017, 0.0, -0.5, 0.809017, 0.309017, 0.0, 0.0, 0.0, 0.0, 1.0 ], [ -0.5, 0.809017, 0.309017, 0.0, 0.809017, 0.309017, 0.5, 0.0, 0.309017, 0.5, -0.809017, 0.0, 0.0, 0.0, 0.0, 1.0 ], [ 0.309017, 0.5, -0.809017, 0.0, -0.5, 0.809017, 0.309017, 0.0, 0.809017, 0.309017, 0.5, 0.0, 0.0, 0.0, 0.0, 1.0 ], [ 0.5, 0.809017, 0.309017, 0.0, 0.809017, -0.309017, -0.5, 0.0, -0.309017, 0.5, -0.809017, 0.0, 0.0, 0.0, 0.0, 1.0 ], [ -0.309017, 0.5, -0.809017, 0.0, 0.5, 0.809017, 0.309017, 0.0, 0.809017, -0.309017, -0.5, 0.0, 0.0, 0.0, 0.0, 1.0 ], [ 0.809017, -0.309017, -0.5, 0.0, -0.309017, 0.5, -0.809017, 0.0, 0.5, 0.809017, 0.309017, 0.0, 0.0, 0.0, 0.0, 1.0 ], [ 0.5, 0.809017, -0.309017, 0.0, 0.809017, -0.309017, 0.5, 0.0, 0.309017, -0.5, -0.809017, 0.0, 0.0, 0.0, 0.0, 1.0 ], [ 0.309017, -0.5, -0.809017, 0.0, 0.5, 0.809017, -0.309017, 0.0, 0.809017, -0.309017, 0.5, 0.0, 0.0, 0.0, 0.0, 1.0 ], [ 0.809017, -0.309017, 0.5, 0.0, 0.309017, -0.5, -0.809017, 0.0, 0.5, 0.809017, -0.309017, 0.0, 0.0, 0.0, 0.0, 1.0 ], [ 0.809017, 0.309017, -0.5, 0.0, 0.309017, 0.5, 0.809017, 0.0, 0.5, -0.809017, 0.309017, 0.0, 0.0, 0.0, 0.0, 1.0 ], [ 0.5, -0.809017, 0.309017, 0.0, 0.809017, 0.309017, -0.5, 0.0, 0.309017, 0.5, 0.809017, 0.0, 0.0, 0.0, 0.0, 1.0 ], [ 0.309017, 0.5, 0.809017, 0.0, 0.5, -0.809017, 0.309017, 0.0, 0.809017, 0.309017, -0.5, 0.0, 0.0, 0.0, 0.0, 1.0 ], [ 1.0, 0.0, 0.0, 0.0, 0.0, -1.0, 0.0, 0.0, 0.0, 0.0, -1.0, 0.0, 0.0, 0.0, 0.0, 1.0 ], [ 0.0, 0.0, 1.0, 0.0, -1.0, 0.0, 0.0, 0.0, 0.0, -1.0, 0.0, 0.0, 0.0, 0.0, 0.0, 1.0 ], [ 0.0, 1.0, 0.0, 0.0, 0.0, 0.0, -1.0, 0.0, -1.0, 0.0, 0.0, 0.0, 0.0, 0.0, 0.0, 1.0 ], [ 0.809017, 0.309017, 0.5, 0.0, -0.309017, -0.5, 0.809017, 0.0, 0.5, -0.809017, -0.309017, 0.0, 0.0, 0.0, 0.0, 1.0 ], [ -0.5, 0.809017, 0.309017, 0.0, -0.809017, -0.309017, -0.5, 0.0, -0.309017, -0.5, 0.809017, 0.0, 0.0, 0.0, 0.0, 1.0 ], [ 0.309017, 0.5, -0.809017, 0.0, 0.5, -0.809017, -0.309017, 0.0, -0.809017, -0.309017, -0.5, 0.0, 0.0, 0.0, 0.0, 1.0 ], [ 0.5, 0.809017, 0.309017, 0.0, -0.809017, 0.309017, 0.5, 0.0, 0.309017, -0.5, 0.809017, 0.0, 0.0, 0.0, 0.0, 1.0 ], [ -0.309017, 0.5, -0.809017, 0.0, -0.5, -0.809017, -0.309017, 0.0, -0.809017, 0.309017, 0.5, 0.0, 0.0, 0.0, 0.0, 1.0 ], [ 0.809017, -0.309017, -0.5, 0.0, 0.309017, -0.5, 0.809017, 0.0, -0.5, -0.809017, -0.309017, 0.0, 0.0, 0.0, 0.0, 1.0 ], [ 0.5, 0.809017, -0.309017, 0.0, -0.809017, 0.309017, -0.5, 0.0, -0.309017, 0.5, 0.809017, 0.0, 0.0, 0.0, 0.0, 1.0 ], [ 0.309017, -0.5, -0.809017, 0.0, -0.5, -0.809017, 0.309017, 0.0, -0.809017, 0.309017, -0.5, 0.0, 0.0, 0.0, 0.0, 1.0 ], [ 0.809017, -0.309017, 0.5, 0.0, -0.309017, 0.5, 0.809017, 0.0, -0.5, -0.809017, 0.309017, 0.0, 0.0, 0.0, 0.0, 1.0 ], [ 0.809017, 0.309017, -0.5, 0.0, -0.309017, -0.5, -0.809017, 0.0, -0.5, 0.809017, -0.309017, 0.0, 0.0, 0.0, 0.0, 1.0 ], [ 0.5, -0.809017, 0.309017, 0.0, -0.809017, -0.309017, 0.5, 0.0, -0.309017, -0.5, -0.809017, 0.0, 0.0, 0.0, 0.0, 1.0 ], [ 0.309017, 0.5, 0.809017, 0.0, -0.5, 0.809017, -0.309017, 0.0, -0.809017, -0.309017, 0.5, 0.0, 0.0, 0.0, 0.0, 1.0 ], [ -1.0, 0.0, 0.0, 0.0, 0.0, -1.0, 0.0, 0.0, 0.0, 0.0, 1.0, 0.0, 0.0, 0.0, 0.0, 1.0 ], [ 0.0, 0.0, -1.0, 0.0, -1.0, 0.0, 0.0, 0.0, 0.0, 1.0, 0.0, 0.0, 0.0, 0.0, 0.0, 1.0 ], [ 0.0, -1.0, 0.0, 0.0, 0.0, 0.0, -1.0, 0.0, 1.0, 0.0, 0.0, 0.0, 0.0, 0.0, 0.0, 1.0 ], [ -0.809017, -0.309017, -0.5, 0.0, -0.309017, -0.5, 0.809017, 0.0, -0.5, 0.809017, 0.309017, 0.0, 0.0, 0.0, 0.0, 1.0 ], [ 0.5, -0.809017, -0.309017, 0.0, -0.809017, -0.309017, -0.5, 0.0, 0.309017, 0.5, -0.809017, 0.0, 0.0, 0.0, 0.0, 1.0 ], [ -0.309017, -0.5, 0.809017, 0.0, 0.5, -0.809017, -0.309017, 0.0, 0.809017, 0.309017, 0.5, 0.0, 0.0, 0.0, 0.0, 1.0 ], [ -0.5, -0.809017, -0.309017, 0.0, -0.809017, 0.309017, 0.5, 0.0, -0.309017, 0.5, -0.809017, 0.0, 0.0, 0.0, 0.0, 1.0 ], [ 0.309017, -0.5, 0.809017, 0.0, -0.5, -0.809017, -0.309017, 0.0, 0.809017, -0.309017, -0.5, 0.0, 0.0, 0.0, 0.0, 1.0 ], [ -0.809017, 0.309017, 0.5, 0.0, 0.309017, -0.5, 0.809017, 0.0, 0.5, 0.809017, 0.309017, 0.0, 0.0, 0.0, 0.0, 1.0 ], [ -0.5, -0.809017, 0.309017, 0.0, -0.809017, 0.309017, -0.5, 0.0, 0.309017, -0.5, -0.809017, 0.0, 0.0, 0.0, 0.0, 1.0 ], [ -0.309017, 0.5, 0.809017, 0.0, -0.5, -0.809017, 0.309017, 0.0, 0.809017, -0.309017, 0.5, 0.0, 0.0, 0.0, 0.0, 1.0 ], [ -0.809017, 0.309017, -0.5, 0.0, -0.309017, 0.5, 0.809017, 0.0, 0.5, 0.809017, -0.309017, 0.0, 0.0, 0.0, 0.0, 1.0 ], [ -0.809017, -0.309017, 0.5, 0.0, -0.309017, -0.5, -0.809017, 0.0, 0.5, -0.809017, 0.309017, 0.0, 0.0, 0.0, 0.0, 1.0 ], [ -0.5, 0.809017, -0.309017, 0.0, -0.809017, -0.309017, 0.5, 0.0, 0.309017, 0.5, 0.809017, 0.0, 0.0, 0.0, 0.0, 1.0 ], [ -0.309017, -0.5, -0.809017, 0.0, -0.5, 0.809017, -0.309017, 0.0, 0.809017, 0.309017, -0.5, 0.0, 0.0, 0.0, 0.0, 1.0 ], [ -1.0, 0.0, 0.0, 0.0, 0.0, 1.0, 0.0, 0.0, 0.0, 0.0, -1.0, 0.0, 0.0, 0.0, 0.0, 1.0 ], [ 0.0, 0.0, -1.0, 0.0, 1.0, 0.0, 0.0, 0.0, 0.0, -1.0, 0.0, 0.0, 0.0, 0.0, 0.0, 1.0 ], [ 0.0, -1.0, 0.0, 0.0, 0.0, 0.0, 1.0, 0.0, -1.0, 0.0, 0.0, 0.0, 0.0, 0.0, 0.0, 1.0 ], [ -0.809017, -0.309017, -0.5, 0.0, 0.309017, 0.5, -0.809017, 0.0, 0.5, -0.809017, -0.309017, 0.0, 0.0, 0.0, 0.0, 1.0 ], [ 0.5, -0.809017, -0.309017, 0.0, 0.809017, 0.309017, 0.5, 0.0, -0.309017, -0.5, 0.809017, 0.0, 0.0, 0.0, 0.0, 1.0 ], [ -0.309017, -0.5, 0.809017, 0.0, -0.5, 0.809017, 0.309017, 0.0, -0.809017, -0.309017, -0.5, 0.0, 0.0, 0.0, 0.0, 1.0 ], [ -0.5, -0.809017, -0.309017, 0.0, 0.809017, -0.309017, -0.5, 0.0, 0.309017, -0.5, 0.809017, 0.0, 0.0, 0.0, 0.0, 1.0 ], [ 0.309017, -0.5, 0.809017, 0.0, 0.5, 0.809017, 0.309017, 0.0, -0.809017, 0.309017, 0.5, 0.0, 0.0, 0.0, 0.0, 1.0 ], [ -0.809017, 0.309017, 0.5, 0.0, -0.309017, 0.5, -0.809017, 0.0, -0.5, -0.809017, -0.309017, 0.0, 0.0, 0.0, 0.0, 1.0 ], [ -0.5, -0.809017, 0.309017, 0.0, 0.809017, -0.309017, 0.5, 0.0, -0.309017, 0.5, 0.809017, 0.0, 0.0, 0.0, 0.0, 1.0 ], [ -0.309017, 0.5, 0.809017, 0.0, 0.5, 0.809017, -0.309017, 0.0, -0.809017, 0.309017, -0.5, 0.0, 0.0, 0.0, 0.0, 1.0 ], [ -0.809017, 0.309017, -0.5, 0.0, 0.309017, -0.5, -0.809017, 0.0, -0.5, -0.809017, 0.309017, 0.0, 0.0, 0.0, 0.0, 1.0 ], [ -0.809017, -0.309017, 0.5, 0.0, 0.309017, 0.5, 0.809017, 0.0, -0.5, 0.809017, -0.309017, 0.0, 0.0, 0.0, 0.0, 1.0 ], [ -0.5, 0.809017, -0.309017, 0.0, 0.809017, 0.309017, -0.5, 0.0, -0.309017, -0.5, -0.809017, 0.0, 0.0, 0.0, 0.0, 1.0 ], [ -0.309017, -0.5, -0.809017, 0.0, 0.5, -0.809017, 0.309017, 0.0, -0.809017, -0.309017, 0.5, 0.0, 0.0, 0.0, 0.0, 1.0 ] ],
  "lights" : {
    "ambientColor" : "#292929",
    "backgroundColor" : "#AFC8DC",
    "directionalLights" : [ {
      "direction" : {
        "x" : 1.0,
        "y" : -1.0,
        "z" : -1.0
      },
      "color" : "#EBEBE4"
    }, {
      "direction" : {
        "x" : -1.0,
        "y" : 0.0,
        "z" : 0.0
      },
      "color" : "#E4E4EB"
    }, {
      "direction" : {
        "x" : 0.0,
        "y" : 0.0,
        "z" : -1.0
      },
      "color" : "#1E1E1E"
    } ]
  },
  "camera" : {
    "stereo" : false,
    "width" : 120.34608,
    "perspective" : false,
    "lookDirection" : {
      "x" : -0.3096836,
      "y" : -0.8325208,
      "z" : 0.45934603
    },
    "upDirection" : {
      "x" : -0.14344938,
      "y" : -0.43665916,
      "z" : -0.8881165
    },
    "lookAtPoint" : {
      "x" : 0.0,
      "y" : 0.0,
      "z" : 0.0
    },
    "viewDistance" : 267.43576,
    "nearClipDistance" : 0.6685894,
    "farClipDistance" : 534.87164,
    "fieldOfView" : 0.44262883,
    "position" : {
      "x" : 82.820465,
      "y" : 222.64583,
      "z" : -122.84555
    }
  },
  "embedding" : [ 1.0, 0.0, 0.0, 0.0, 0.0, 1.0, 0.0, 0.0, 0.0, 0.0, 1.0, 0.0, 0.0, 0.0, 0.0, 1.0 ],
  "shapes" : [ {
    "id" : "da3bd3d2-8421-44c3-8fb4-33a5d296a859",
    "vertices" : [ {
      "x" : 0.309017,
      "y" : -0.309017,
      "z" : -0.309017
    }, {
      "x" : 0.5,
      "y" : 0.0,
      "z" : -0.19098301
    }, {
      "x" : 0.5,
      "y" : 0.0,
      "z" : 0.19098301
    }, {
      "x" : 0.309017,
      "y" : -0.309017,
      "z" : 0.309017
    }, {
      "x" : 0.19098301,
      "y" : -0.5,
      "z" : 0.0
    }, {
      "x" : 0.0,
      "y" : 0.19098301,
      "z" : 0.5
    }, {
      "x" : 0.0,
      "y" : -0.19098301,
      "z" : 0.5
    }, {
      "x" : 0.309017,
      "y" : 0.309017,
      "z" : 0.309017
    }, {
      "x" : -0.309017,
      "y" : -0.309017,
      "z" : 0.309017
    }, {
      "x" : -0.309017,
      "y" : 0.309017,
      "z" : 0.309017
    }, {
      "x" : -0.5,
      "y" : 0.0,
      "z" : 0.19098301
    }, {
      "x" : 0.0,
      "y" : -0.19098301,
      "z" : -0.5
    }, {
      "x" : 0.0,
      "y" : 0.19098301,
      "z" : -0.5
    }, {
      "x" : 0.309017,
      "y" : 0.309017,
      "z" : -0.309017
    }, {
      "x" : -0.309017,
      "y" : -0.309017,
      "z" : -0.309017
    }, {
      "x" : -0.19098301,
      "y" : -0.5,
      "z" : 0.0
    }, {
      "x" : -0.5,
      "y" : 0.0,
      "z" : -0.19098301
    }, {
      "x" : 0.19098301,
      "y" : 0.5,
      "z" : 0.0
    }, {
      "x" : -0.309017,
      "y" : 0.309017,
      "z" : -0.309017
    }, {
      "x" : 0.0,
      "y" : 0.0,
      "z" : 0.0
    }, {
      "x" : -0.19098301,
      "y" : 0.5,
      "z" : 0.0
    } ],
    "faces" : [ {
      "vertices" : [ 12, 18, 20 ]
    }, {
      "vertices" : [ 12, 20, 17 ]
    }, {
      "vertices" : [ 12, 17, 13 ]
    }, {
      "vertices" : [ 3, 6, 8 ]
    }, {
      "vertices" : [ 3, 8, 15 ]
    }, {
      "vertices" : [ 3, 15, 4 ]
    }, {
      "vertices" : [ 0, 11, 12 ]
    }, {
      "vertices" : [ 0, 12, 13 ]
    }, {
      "vertices" : [ 0, 13, 1 ]
    }, {
      "vertices" : [ 5, 9, 10 ]
    }, {
      "vertices" : [ 5, 10, 8 ]
    }, {
      "vertices" : [ 5, 8, 6 ]
    }, {
      "vertices" : [ 2, 7, 5 ]
    }, {
      "vertices" : [ 2, 5, 6 ]
    }, {
      "vertices" : [ 2, 6, 3 ]
    }, {
      "vertices" : [ 11, 14, 16 ]
    }, {
      "vertices" : [ 11, 16, 18 ]
    }, {
      "vertices" : [ 11, 18, 12 ]
    }, {
      "vertices" : [ 1, 13, 17 ]
    }, {
      "vertices" : [ 1, 17, 7 ]
    }, {
      "vertices" : [ 1, 7, 2 ]
    }, {
      "vertices" : [ 9, 20, 18 ]
    }, {
      "vertices" : [ 9, 18, 16 ]
    }, {
      "vertices" : [ 9, 16, 10 ]
    }, {
      "vertices" : [ 0, 1, 2 ]
    }, {
      "vertices" : [ 0, 2, 3 ]
    }, {
      "vertices" : [ 0, 3, 4 ]
    }, {
      "vertices" : [ 5, 7, 17 ]
    }, {
      "vertices" : [ 5, 17, 20 ]
    }, {
      "vertices" : [ 5, 20, 9 ]
    }, {
      "vertices" : [ 0, 4, 15 ]
    }, {
      "vertices" : [ 0, 15, 14 ]
    }, {
      "vertices" : [ 0, 14, 11 ]
    }, {
      "vertices" : [ 8, 10, 16 ]
    }, {
      "vertices" : [ 8, 16, 14 ]
    }, {
      "vertices" : [ 8, 14, 15 ]
    } ]
  }, {
    "id" : "b153d8fc-757e-42c8-ac02-ffab1356cc09",
    "vertices" : [ {
      "x" : 1.0,
      "y" : 0.309017,
      "z" : 0.19098301
    }, {
      "x" : 1.0,
      "y" : -0.309017,
      "z" : 0.19098301
    }, {
      "x" : 7.472136,
      "y" : -0.309017,
      "z" : 0.19098301
    }, {
      "x" : 7.472136,
      "y" : 0.309017,
      "z" : 0.19098301
    }, {
      "x" : 7.472136,
      "y" : -0.309017,
      "z" : -0.19098301
    }, {
      "x" : 7.472136,
      "y" : 0.309017,
      "z" : -0.19098301
    }, {
      "x" : 8.09017,
      "y" : 0.0,
      "z" : 0.0
    }, {
      "x" : 0.38196602,
      "y" : 0.0,
      "z" : 0.0
    }, {
      "x" : 1.0,
      "y" : 0.309017,
      "z" : -0.19098301
    }, {
      "x" : 1.0,
      "y" : -0.309017,
      "z" : -0.19098301
    }, {
      "x" : 8.472136,
      "y" : 0.0,
      "z" : 0.0
    } ],
    "faces" : [ {
      "vertices" : [ 1, 9, 4 ]
    }, {
      "vertices" : [ 1, 4, 2 ]
    }, {
      "vertices" : [ 0, 3, 5 ]
    }, {
      "vertices" : [ 0, 5, 8 ]
    }, {
      "vertices" : [ 1, 7, 9 ]
    }, {
      "vertices" : [ 0, 1, 2 ]
    }, {
      "vertices" : [ 0, 2, 3 ]
    }, {
      "vertices" : [ 7, 8, 9 ]
    }, {
      "vertices" : [ 0, 7, 1 ]
    }, {
      "vertices" : [ 4, 9, 8 ]
    }, {
      "vertices" : [ 4, 8, 5 ]
    }, {
      "vertices" : [ 2, 6, 3 ]
    }, {
      "vertices" : [ 2, 4, 6 ]
    }, {
      "vertices" : [ 3, 6, 5 ]
    }, {
      "vertices" : [ 4, 5, 6 ]
    }, {
      "vertices" : [ 0, 8, 7 ]
    } ]
  }, {
    "id" : "cd07723b-ed03-4d99-becb-0ab74883beca",
    "vertices" : [ {
      "x" : -11.09017,
      "y" : 7.72678,
      "z" : 7.5207686
    }, {
      "x" : -15.326238,
      "y" : 11.09017,
      "z" : 1.0
    }, {
      "x" : -17.944271,
      "y" : 6.854102,
      "z" : 7.854102
    }, {
      "x" : -13.708204,
      "y" : 3.490712,
      "z" : 14.37487
    } ],
    "faces" : [ {
      "vertices" : [ 0, 1, 2 ]
    }, {
      "vertices" : [ 0, 2, 3 ]
    }, {
      "vertices" : [ 0, 3, 2 ]
    }, {
      "vertices" : [ 0, 2, 1 ]
    } ]
  }, {
    "id" : "5f03cc86-c08f-4617-93ad-845e80fd5e6a",
    "vertices" : [ {
      "x" : 2.2129288,
      "y" : 7.188106,
      "z" : 2.2390432
    }, {
      "x" : 2.312929,
      "y" : 7.288106,
      "z" : 1.8390433
    }, {
      "x" : 0.40510514,
      "y" : 0.53867394,
      "z" : 0.04565741
    }, {
      "x" : 0.30510515,
      "y" : 0.43867394,
      "z" : 0.4456574
    }, {
      "x" : 2.6129289,
      "y" : 7.054773,
      "z" : 1.9723766
    }, {
      "x" : 2.512929,
      "y" : 6.9547725,
      "z" : 2.3723767
    }, {
      "x" : 0.005105143,
      "y" : 0.67200726,
      "z" : 0.31232408
    }, {
      "x" : 0.10510514,
      "y" : 0.7720073,
      "z" : -0.08767592
    } ],
    "faces" : [ {
      "vertices" : [ 2, 3, 6 ]
    }, {
      "vertices" : [ 2, 6, 7 ]
    }, {
      "vertices" : [ 0, 5, 4 ]
    }, {
      "vertices" : [ 0, 4, 1 ]
    }, {
      "vertices" : [ 2, 4, 5 ]
    }, {
      "vertices" : [ 2, 5, 3 ]
    }, {
      "vertices" : [ 0, 6, 3 ]
    }, {
      "vertices" : [ 0, 3, 5 ]
    }, {
      "vertices" : [ 0, 1, 7 ]
    }, {
      "vertices" : [ 0, 7, 6 ]
    }, {
      "vertices" : [ 1, 4, 2 ]
    }, {
      "vertices" : [ 1, 2, 7 ]
    } ]
  }, {
    "id" : "689f8b9f-e2df-46ba-ba5e-90246319212c",
    "vertices" : [ {
      "x" : 9.472136,
      "y" : 10.344814,
      "z" : 6.5207686
    }, {
      "x" : 13.708204,
      "y" : 3.490712,
      "z" : 3.9027348
    }, {
      "x" : 17.944271,
      "y" : 0.127322,
      "z" : 10.423503
    }, {
      "x" : 13.708204,
      "y" : 6.981424,
      "z" : 13.041537
    } ],
    "faces" : [ {
      "vertices" : [ 0, 1, 2 ]
    }, {
      "vertices" : [ 0, 2, 3 ]
    }, {
      "vertices" : [ 0, 3, 2 ]
    }, {
      "vertices" : [ 0, 2, 1 ]
    } ]
  }, {
    "id" : "b3cec40f-0d9e-4091-9c16-1fca0a578b64",
    "vertices" : [ {
      "x" : 0.0,
      "y" : 0.0,
      "z" : 0.0
    }, {
      "x" : -6.854102,
      "y" : 0.872678,
      "z" : 4.9027348
    }, {
      "x" : -11.09017,
      "y" : 7.72678,
      "z" : 7.5207686
    }, {
      "x" : -4.236068,
      "y" : 6.854102,
      "z" : 2.618034
    } ],
    "faces" : [ {
      "vertices" : [ 0, 1, 2 ]
    }, {
      "vertices" : [ 0, 2, 3 ]
    }, {
      "vertices" : [ 0, 3, 2 ]
    }, {
      "vertices" : [ 0, 2, 1 ]
    } ]
  }, {
    "id" : "40e1616f-36be-4075-af6c-96da57959634",
    "vertices" : [ {
      "x" : -11.09017,
      "y" : -2.745356,
      "z" : -19.89564
    }, {
      "x" : -13.708204,
      "y" : -6.981424,
      "z" : -13.041537
    }, {
      "x" : -20.562305,
      "y" : -6.108746,
      "z" : -8.138803
    }, {
      "x" : -17.944271,
      "y" : -1.872678,
      "z" : -14.992905
    } ],
    "faces" : [ {
      "vertices" : [ 0, 1, 2 ]
    }, {
      "vertices" : [ 0, 2, 3 ]
    }, {
      "vertices" : [ 0, 3, 2 ]
    }, {
      "vertices" : [ 0, 2, 1 ]
    } ]
  }, {
    "id" : "18ceef0a-d06c-4508-9d49-130666b68f47",
    "vertices" : [ {
      "x" : -17.944271,
      "y" : 6.854102,
      "z" : 7.854102
    }, {
      "x" : -24.798374,
      "y" : 4.236068,
      "z" : 3.618034
    }, {
      "x" : -20.562305,
      "y" : 0.872678,
      "z" : 10.138803
    }, {
      "x" : -13.708204,
      "y" : 3.490712,
      "z" : 14.37487
    } ],
    "faces" : [ {
      "vertices" : [ 0, 1, 2 ]
    }, {
      "vertices" : [ 0, 2, 3 ]
    }, {
      "vertices" : [ 0, 3, 2 ]
    }, {
      "vertices" : [ 0, 2, 1 ]
    } ]
  }, {
    "id" : "ab11adda-ff5c-46fa-bb5c-83cb72b3a1d5",
    "vertices" : [ {
      "x" : -9.472136,
      "y" : -10.344814,
      "z" : -6.5207686
    }, {
      "x" : -13.708204,
      "y" : -6.981424,
      "z" : -13.041537
    }, {
      "x" : -9.472136,
      "y" : -13.8355255,
      "z" : -15.659572
    }, {
      "x" : -5.236068,
      "y" : -17.198915,
      "z" : -9.138803
    } ],
    "faces" : [ {
      "vertices" : [ 0, 1, 2 ]
    }, {
      "vertices" : [ 0, 2, 3 ]
    }, {
      "vertices" : [ 0, 3, 2 ]
    }, {
      "vertices" : [ 0, 2, 1 ]
    } ]
  }, {
    "id" : "55922fd5-1023-4c02-b37d-fe2ec9c0338e",
    "vertices" : [ {
      "x" : -7.854102,
      "y" : -17.944271,
      "z" : 6.854102
    }, {
      "x" : -3.618034,
      "y" : -24.798374,
      "z" : 4.236068
    }, {
      "x" : 3.236068,
      "y" : -22.18034,
      "z" : 8.472136
    }, {
      "x" : -1.0,
      "y" : -15.326238,
      "z" : 11.09017
    } ],
    "faces" : [ {
      "vertices" : [ 0, 1, 2 ]
    }, {
      "vertices" : [ 0, 2, 3 ]
    }, {
      "vertices" : [ 0, 3, 2 ]
    }, {
      "vertices" : [ 0, 2, 1 ]
    } ]
  }, {
    "id" : "1f805d58-ca26-4750-8470-6debd3a4023e",
    "vertices" : [ {
      "x" : -9.472136,
      "y" : -10.344814,
      "z" : -6.5207686
    }, {
      "x" : -5.236068,
      "y" : -17.198915,
      "z" : -9.138803
    }, {
      "x" : -1.0,
      "y" : -20.562305,
      "z" : -2.618034
    }, {
      "x" : -5.236068,
      "y" : -13.708204,
      "z" : 0.0
    } ],
    "faces" : [ {
      "vertices" : [ 0, 1, 2 ]
    }, {
      "vertices" : [ 0, 2, 3 ]
    }, {
      "vertices" : [ 0, 3, 2 ]
    }, {
      "vertices" : [ 0, 2, 1 ]
    } ]
  }, {
    "id" : "84be9803-d3a9-4469-9962-bce1017498b0",
    "vertices" : [ {
      "x" : -5.854102,
      "y" : 19.689629,
      "z" : 2.9513674
    }, {
      "x" : 1.0,
      "y" : 22.307661,
      "z" : 7.187435
    }, {
      "x" : 7.854102,
      "y" : 21.434984,
      "z" : 2.2847006
    }, {
      "x" : 1.0,
      "y" : 18.81695,
      "z" : -1.9513674
    } ],
    "faces" : [ {
      "vertices" : [ 0, 1, 2 ]
    }, {
      "vertices" : [ 0, 2, 3 ]
    }, {
      "vertices" : [ 0, 3, 2 ]
    }, {
      "vertices" : [ 0, 2, 1 ]
    } ]
  }, {
    "id" : "1a4f559b-9716-4e44-a363-e3196d8b7ca3",
    "vertices" : [ {
      "x" : -15.326238,
      "y" : 5.854102,
      "z" : -12.708204
    }, {
      "x" : -17.944271,
      "y" : -1.872678,
      "z" : -14.992905
    }, {
      "x" : -20.562305,
      "y" : -6.108746,
      "z" : -8.138803
    }, {
      "x" : -17.944271,
      "y" : 1.618034,
      "z" : -5.854102
    } ],
    "faces" : [ {
      "vertices" : [ 0, 1, 2 ]
    }, {
      "vertices" : [ 0, 2, 3 ]
    }, {
      "vertices" : [ 0, 3, 2 ]
    }, {
      "vertices" : [ 0, 2, 1 ]
    } ]
  }, {
    "id" : "e76fbe31-7790-4b75-bcca-386c25e80191",
    "vertices" : [ {
      "x" : 4.236068,
      "y" : -6.854102,
      "z" : -2.618034
    }, {
      "x" : 1.618034,
      "y" : -14.580882,
      "z" : -4.9027348
    }, {
      "x" : 8.472136,
      "y" : -15.45356,
      "z" : -9.8054695
    }, {
      "x" : 11.09017,
      "y" : -7.72678,
      "z" : -7.5207686
    } ],
    "faces" : [ {
      "vertices" : [ 0, 1, 2 ]
    }, {
      "vertices" : [ 0, 2, 3 ]
    }, {
      "vertices" : [ 0, 3, 2 ]
    }, {
      "vertices" : [ 0, 2, 1 ]
    } ]
  }, {
    "id" : "8a49940a-eab8-433a-8147-3492a4a8b2cc",
    "vertices" : [ {
      "x" : -1.618034,
      "y" : 18.071594,
      "z" : 14.041537
    }, {
      "x" : -4.236068,
      "y" : 13.8355255,
      "z" : 20.89564
    }, {
      "x" : 0.0,
      "y" : 10.472136,
      "z" : 27.416409
    }, {
      "x" : 2.618034,
      "y" : 14.708204,
      "z" : 20.562305
    } ],
    "faces" : [ {
      "vertices" : [ 0, 1, 2 ]
    }, {
      "vertices" : [ 0, 2, 3 ]
    }, {
      "vertices" : [ 0, 3, 2 ]
    }, {
      "vertices" : [ 0, 2, 1 ]
    } ]
  }, {
    "id" : "d0835330-fe0b-4e3c-be62-fe6859f0320b",
    "vertices" : [ {
      "x" : -1.0,
      "y" : -20.562305,
      "z" : -2.618034
    }, {
      "x" : -3.618034,
      "y" : -24.798374,
      "z" : 4.236068
    }, {
      "x" : -7.854102,
      "y" : -21.434984,
      "z" : -2.2847006
    }, {
      "x" : -5.236068,
      "y" : -17.198915,
      "z" : -9.138803
    } ],
    "faces" : [ {
      "vertices" : [ 0, 1, 2 ]
    }, {
      "vertices" : [ 0, 2, 3 ]
    }, {
      "vertices" : [ 0, 3, 2 ]
    }, {
      "vertices" : [ 0, 2, 1 ]
    } ]
  }, {
    "id" : "d682167a-b21c-4c4e-aead-a2294bcba4d1",
    "vertices" : [ {
      "x" : -1.618034,
      "y" : 14.580882,
      "z" : 4.9027348
    }, {
      "x" : 5.236068,
      "y" : 13.708204,
      "z" : 0.0
    }, {
      "x" : 7.854102,
      "y" : 17.944271,
      "z" : -6.854102
    }, {
      "x" : 1.0,
      "y" : 18.81695,
      "z" : -1.9513674
    } ],
    "faces" : [ {
      "vertices" : [ 0, 1, 2 ]
    }, {
      "vertices" : [ 0, 2, 3 ]
    }, {
      "vertices" : [ 0, 3, 2 ]
    }, {
      "vertices" : [ 0, 2, 1 ]
    } ]
  }, {
    "id" : "1406c4a5-c684-4366-bd07-e2e8372ad5ca",
    "vertices" : [ {
      "x" : -8.472136,
      "y" : 4.981424,
      "z" : -17.610939
    }, {
      "x" : -11.09017,
      "y" : -2.745356,
      "z" : -19.89564
    }, {
      "x" : -17.944271,
      "y" : -1.872678,
      "z" : -14.992905
    }, {
      "x" : -15.326238,
      "y" : 5.854102,
      "z" : -12.708204
    } ],
    "faces" : [ {
      "vertices" : [ 0, 1, 2 ]
    }, {
      "vertices" : [ 0, 2, 3 ]
    }, {
      "vertices" : [ 0, 3, 2 ]
    }, {
      "vertices" : [ 0, 2, 1 ]
    } ]
  }, {
    "id" : "5869f974-ca47-40b8-841c-65520be2fd2d",
    "vertices" : [ {
      "x" : -17.944271,
      "y" : 6.854102,
      "z" : 7.854102
    }, {
      "x" : -15.326238,
      "y" : 14.580882,
      "z" : 10.138803
    }, {
      "x" : -12.708204,
      "y" : 18.81695,
      "z" : 3.2847006
    }, {
      "x" : -15.326238,
      "y" : 11.09017,
      "z" : 1.0
    } ],
    "faces" : [ {
      "vertices" : [ 0, 1, 2 ]
    }, {
      "vertices" : [ 0, 2, 3 ]
    }, {
      "vertices" : [ 0, 3, 2 ]
    }, {
      "vertices" : [ 0, 2, 1 ]
    } ]
  }, {
    "id" : "23d349ac-2443-4582-83df-9285feaa6c11",
    "vertices" : [ {
      "x" : 4.236068,
      "y" : -3.36339,
      "z" : 6.5207686
    }, {
      "x" : 11.09017,
      "y" : -0.74535596,
      "z" : 10.756837
    }, {
      "x" : 8.472136,
      "y" : -4.981424,
      "z" : 17.610939
    }, {
      "x" : 1.618034,
      "y" : -7.5994577,
      "z" : 13.37487
    } ],
    "faces" : [ {
      "vertices" : [ 0, 1, 2 ]
    }, {
      "vertices" : [ 0, 2, 3 ]
    }, {
      "vertices" : [ 0, 3, 2 ]
    }, {
      "vertices" : [ 0, 2, 1 ]
    } ]
  }, {
    "id" : "a5765ee6-2cf2-4e0a-829b-cbdde33e1bf8",
    "vertices" : [ {
      "x" : 17.944271,
      "y" : 0.127322,
      "z" : 10.423503
    }, {
      "x" : 15.326238,
      "y" : -4.108746,
      "z" : 17.277605
    }, {
      "x" : 12.708204,
      "y" : -11.8355255,
      "z" : 14.992905
    }, {
      "x" : 15.326238,
      "y" : -7.5994577,
      "z" : 8.138803
    } ],
    "faces" : [ {
      "vertices" : [ 0, 1, 2 ]
    }, {
      "vertices" : [ 0, 2, 3 ]
    }, {
      "vertices" : [ 0, 3, 2 ]
    }, {
      "vertices" : [ 0, 2, 1 ]
    } ]
  }, {
    "id" : "bbe81721-6da8-4dac-a1dc-905dd1e99e7f",
    "vertices" : [ {
      "x" : -11.09017,
      "y" : 4.236068,
      "z" : -1.618034
    }, {
      "x" : -8.472136,
      "y" : 8.472136,
      "z" : -8.472136
    }, {
      "x" : -15.326238,
      "y" : 5.854102,
      "z" : -12.708204
    }, {
      "x" : -17.944271,
      "y" : 1.618034,
      "z" : -5.854102
    } ],
    "faces" : [ {
      "vertices" : [ 0, 1, 2 ]
    }, {
      "vertices" : [ 0, 2, 3 ]
    }, {
      "vertices" : [ 0, 3, 2 ]
    }, {
      "vertices" : [ 0, 2, 1 ]
    } ]
  }, {
    "id" : "eadef322-94fa-4251-a850-fc5b3e99736d",
    "vertices" : [ {
      "x" : 15.326238,
      "y" : -12.8355255,
      "z" : -5.5694013
    }, {
      "x" : 17.944271,
      "y" : -8.599458,
      "z" : -12.423503
    }, {
      "x" : 20.562305,
      "y" : -0.872678,
      "z" : -10.138803
    }, {
      "x" : 17.944271,
      "y" : -5.108746,
      "z" : -3.2847006
    } ],
    "faces" : [ {
      "vertices" : [ 0, 1, 2 ]
    }, {
      "vertices" : [ 0, 2, 3 ]
    }, {
      "vertices" : [ 0, 3, 2 ]
    }, {
      "vertices" : [ 0, 2, 1 ]
    } ]
  }, {
    "id" : "b9b2f408-f281-4bdc-8313-b96348643a7f",
    "vertices" : [ {
      "x" : -7.854102,
      "y" : -17.944271,
      "z" : 6.854102
    }, {
      "x" : -14.708204,
      "y" : -17.071594,
      "z" : 11.756837
    }, {
      "x" : -18.944271,
      "y" : -13.708204,
      "z" : 5.236068
    }, {
      "x" : -12.09017,
      "y" : -14.580882,
      "z" : 0.33333334
    } ],
    "faces" : [ {
      "vertices" : [ 0, 1, 2 ]
    }, {
      "vertices" : [ 0, 2, 3 ]
    }, {
      "vertices" : [ 0, 3, 2 ]
    }, {
      "vertices" : [ 0, 2, 1 ]
    } ]
  }, {
    "id" : "e1728a33-3286-4de5-968a-12c51c9e99a1",
    "vertices" : [ {
      "x" : 0.0,
      "y" : 0.0,
      "z" : 0.0
    }, {
      "x" : 2.618034,
      "y" : 4.236068,
      "z" : -6.854102
    }, {
      "x" : -1.618034,
      "y" : 7.5994577,
      "z" : -13.37487
    }, {
      "x" : -4.236068,
      "y" : 3.36339,
      "z" : -6.5207686
    } ],
    "faces" : [ {
      "vertices" : [ 0, 1, 2 ]
    }, {
      "vertices" : [ 0, 2, 3 ]
    }, {
      "vertices" : [ 0, 3, 2 ]
    }, {
      "vertices" : [ 0, 2, 1 ]
    } ]
  }, {
    "id" : "313baa74-a174-45c2-8c3e-a489035cf7d2",
    "vertices" : [ {
      "x" : 0.0,
      "y" : 0.0,
      "z" : 0.0
    }, {
      "x" : 4.236068,
      "y" : -3.36339,
      "z" : 6.5207686
    }, {
      "x" : 1.618034,
      "y" : -7.5994577,
      "z" : 13.37487
    }, {
      "x" : -2.618034,
      "y" : -4.236068,
      "z" : 6.854102
    } ],
    "faces" : [ {
      "vertices" : [ 0, 1, 2 ]
    }, {
      "vertices" : [ 0, 2, 3 ]
    }, {
      "vertices" : [ 0, 3, 2 ]
    }, {
      "vertices" : [ 0, 2, 1 ]
    } ]
  }, {
    "id" : "73a6680a-10c9-47c6-9146-1a587e9eb1b3",
    "vertices" : [ {
      "x" : -9.472136,
      "y" : -6.854102,
      "z" : 2.618034
    }, {
      "x" : -16.326239,
      "y" : -5.981424,
      "z" : 7.5207686
    }, {
      "x" : -20.562305,
      "y" : -2.618034,
      "z" : 1.0
    }, {
      "x" : -13.708204,
      "y" : -3.490712,
      "z" : -3.9027348
    } ],
    "faces" : [ {
      "vertices" : [ 0, 1, 2 ]
    }, {
      "vertices" : [ 0, 2, 3 ]
    }, {
      "vertices" : [ 0, 3, 2 ]
    }, {
      "vertices" : [ 0, 2, 1 ]
    } ]
  }, {
    "id" : "368d59d7-8afa-4220-bdf5-283ca7b101a3",
    "vertices" : [ {
      "x" : -2.618034,
      "y" : -7.72678,
      "z" : -2.2847006
    }, {
      "x" : -9.472136,
      "y" : -10.344814,
      "z" : -6.5207686
    }, {
      "x" : -5.236068,
      "y" : -17.198915,
      "z" : -9.138803
    }, {
      "x" : 1.618034,
      "y" : -14.580882,
      "z" : -4.9027348
    } ],
    "faces" : [ {
      "vertices" : [ 0, 1, 2 ]
    }, {
      "vertices" : [ 0, 2, 3 ]
    }, {
      "vertices" : [ 0, 3, 2 ]
    }, {
      "vertices" : [ 0, 2, 1 ]
    } ]
  }, {
    "id" : "8184697e-f655-472d-98e5-97e90554837a",
    "vertices" : [ {
      "x" : -5.236068,
      "y" : -17.198915,
      "z" : -9.138803
    }, {
      "x" : -9.472136,
      "y" : -13.8355255,
      "z" : -15.659572
    }, {
      "x" : -2.618034,
      "y" : -14.708204,
      "z" : -20.562305
    }, {
      "x" : 1.618034,
      "y" : -18.071594,
      "z" : -14.041537
    } ],
    "faces" : [ {
      "vertices" : [ 0, 1, 2 ]
    }, {
      "vertices" : [ 0, 2, 3 ]
    }, {
      "vertices" : [ 0, 3, 2 ]
    }, {
      "vertices" : [ 0, 2, 1 ]
    } ]
  }, {
    "id" : "ae06e806-35fa-416e-b88c-4cb1a98dbded",
    "vertices" : [ {
      "x" : 13.708204,
      "y" : 0.0,
      "z" : -5.236068
    }, {
      "x" : 16.326239,
      "y" : 4.236068,
      "z" : -12.09017
    }, {
      "x" : 23.18034,
      "y" : 6.854102,
      "z" : -7.854102
    }, {
      "x" : 20.562305,
      "y" : 2.618034,
      "z" : -1.0
    } ],
    "faces" : [ {
      "vertices" : [ 0, 1, 2 ]
    }, {
      "vertices" : [ 0, 2, 3 ]
    }, {
      "vertices" : [ 0, 3, 2 ]
    }, {
      "vertices" : [ 0, 2, 1 ]
    } ]
  }, {
    "id" : "7238ac99-e892-48a8-86d8-b5da71fedcaf",
    "vertices" : [ {
      "x" : 9.472136,
      "y" : 10.344814,
      "z" : 6.5207686
    }, {
      "x" : 16.326239,
      "y" : 9.472136,
      "z" : 1.618034
    }, {
      "x" : 12.09017,
      "y" : 16.326239,
      "z" : 4.236068
    }, {
      "x" : 5.236068,
      "y" : 17.198915,
      "z" : 9.138803
    } ],
    "faces" : [ {
      "vertices" : [ 0, 1, 2 ]
    }, {
      "vertices" : [ 0, 2, 3 ]
    }, {
      "vertices" : [ 0, 3, 2 ]
    }, {
      "vertices" : [ 0, 2, 1 ]
    } ]
  }, {
    "id" : "7f86ca0d-21b1-4005-8356-dca221800a8d",
    "vertices" : [ {
      "x" : 7.854102,
      "y" : 17.944271,
      "z" : -6.854102
    }, {
      "x" : 12.09017,
      "y" : 11.09017,
      "z" : -9.472136
    }, {
      "x" : 7.854102,
      "y" : 14.45356,
      "z" : -15.992905
    }, {
      "x" : 3.618034,
      "y" : 21.307661,
      "z" : -13.37487
    } ],
    "faces" : [ {
      "vertices" : [ 0, 1, 2 ]
    }, {
      "vertices" : [ 0, 2, 3 ]
    }, {
      "vertices" : [ 0, 3, 2 ]
    }, {
      "vertices" : [ 0, 2, 1 ]
    } ]
  }, {
    "id" : "ad58e2d2-b9db-4c34-ab28-81e1f19ceacc",
    "vertices" : [ {
      "x" : -11.09017,
      "y" : 0.74535596,
      "z" : -10.756837
    }, {
      "x" : -13.708204,
      "y" : -6.981424,
      "z" : -13.041537
    }, {
      "x" : -16.326239,
      "y" : -11.217492,
      "z" : -6.187435
    }, {
      "x" : -13.708204,
      "y" : -3.490712,
      "z" : -3.9027348
    } ],
    "faces" : [ {
      "vertices" : [ 0, 1, 2 ]
    }, {
      "vertices" : [ 0, 2, 3 ]
    }, {
      "vertices" : [ 0, 3, 2 ]
    }, {
      "vertices" : [ 0, 2, 1 ]
    } ]
  }, {
    "id" : "36796400-f010-488c-8fd2-7c682a34ebeb",
    "vertices" : [ {
      "x" : 11.09017,
      "y" : -7.72678,
      "z" : -7.5207686
    }, {
      "x" : 8.472136,
      "y" : -15.45356,
      "z" : -9.8054695
    }, {
      "x" : 11.09017,
      "y" : -11.217492,
      "z" : -16.65957
    }, {
      "x" : 13.708204,
      "y" : -3.490712,
      "z" : -14.37487
    } ],
    "faces" : [ {
      "vertices" : [ 0, 1, 2 ]
    }, {
      "vertices" : [ 0, 2, 3 ]
    }, {
      "vertices" : [ 0, 3, 2 ]
    }, {
      "vertices" : [ 0, 2, 1 ]
    } ]
  }, {
    "id" : "0046453c-e687-4b32-818b-47f6e91cb2a0",
    "vertices" : [ {
      "x" : -1.0,
      "y" : -20.562305,
      "z" : -2.618034
    }, {
      "x" : 5.854102,
      "y" : -21.434984,
      "z" : -7.5207686
    }, {
      "x" : 12.708204,
      "y" : -18.81695,
      "z" : -3.2847006
    }, {
      "x" : 5.854102,
      "y" : -17.944271,
      "z" : 1.618034
    } ],
    "faces" : [ {
      "vertices" : [ 0, 1, 2 ]
    }, {
      "vertices" : [ 0, 2, 3 ]
    }, {
      "vertices" : [ 0, 3, 2 ]
    }, {
      "vertices" : [ 0, 2, 1 ]
    } ]
  }, {
    "id" : "8379ea44-857c-4017-88ff-9babfcb714cf",
    "vertices" : [ {
      "x" : -15.326238,
      "y" : 5.854102,
      "z" : -12.708204
    }, {
      "x" : -17.944271,
      "y" : 1.618034,
      "z" : -5.854102
    }, {
      "x" : -22.18034,
      "y" : 8.472136,
      "z" : -3.236068
    }, {
      "x" : -19.562305,
      "y" : 12.708204,
      "z" : -10.09017
    } ],
    "faces" : [ {
      "vertices" : [ 0, 1, 2 ]
    }, {
      "vertices" : [ 0, 2, 3 ]
    }, {
      "vertices" : [ 0, 3, 2 ]
    }, {
      "vertices" : [ 0, 2, 1 ]
    } ]
  }, {
    "id" : "9092ed61-6e66-480f-bca3-2b74aa1bf8df",
    "vertices" : [ {
      "x" : -12.09017,
      "y" : -9.344814,
      "z" : 14.041537
    }, {
      "x" : -14.708204,
      "y" : -17.071594,
      "z" : 11.756837
    }, {
      "x" : -7.854102,
      "y" : -14.45356,
      "z" : 15.992905
    }, {
      "x" : -5.236068,
      "y" : -6.72678,
      "z" : 18.277605
    } ],
    "faces" : [ {
      "vertices" : [ 0, 1, 2 ]
    }, {
      "vertices" : [ 0, 2, 3 ]
    }, {
      "vertices" : [ 0, 3, 2 ]
    }, {
      "vertices" : [ 0, 2, 1 ]
    } ]
  }, {
    "id" : "0b280793-c2dd-4126-a5b1-6ea9bd3c9b68",
    "vertices" : [ {
      "x" : -1.618034,
      "y" : 7.5994577,
      "z" : -13.37487
    }, {
      "x" : -5.854102,
      "y" : 14.45356,
      "z" : -10.756837
    }, {
      "x" : 1.0,
      "y" : 13.580882,
      "z" : -15.659572
    }, {
      "x" : 5.236068,
      "y" : 6.72678,
      "z" : -18.277605
    } ],
    "faces" : [ {
      "vertices" : [ 0, 1, 2 ]
    }, {
      "vertices" : [ 0, 2, 3 ]
    }, {
      "vertices" : [ 0, 3, 2 ]
    }, {
      "vertices" : [ 0, 2, 1 ]
    } ]
  }, {
    "id" : "bc2e5ae1-06e4-4a05-9adc-8f252a0b339d",
    "vertices" : [ {
      "x" : 0.0,
      "y" : 0.0,
      "z" : 0.0
    }, {
      "x" : 6.854102,
      "y" : 2.618034,
      "z" : 4.236068
    }, {
      "x" : 11.09017,
      "y" : -4.236068,
      "z" : 1.618034
    }, {
      "x" : 4.236068,
      "y" : -6.854102,
      "z" : -2.618034
    } ],
    "faces" : [ {
      "vertices" : [ 0, 1, 2 ]
    }, {
      "vertices" : [ 0, 2, 3 ]
    }, {
      "vertices" : [ 0, 3, 2 ]
    }, {
      "vertices" : [ 0, 2, 1 ]
    } ]
  }, {
    "id" : "2d0d4e33-37fc-42dc-b9f2-5568575765fe",
    "vertices" : [ {
      "x" : -8.472136,
      "y" : 15.45356,
      "z" : 9.8054695
    }, {
      "x" : -11.09017,
      "y" : 11.217492,
      "z" : 16.65957
    }, {
      "x" : -4.236068,
      "y" : 13.8355255,
      "z" : 20.89564
    }, {
      "x" : -1.618034,
      "y" : 18.071594,
      "z" : 14.041537
    } ],
    "faces" : [ {
      "vertices" : [ 0, 1, 2 ]
    }, {
      "vertices" : [ 0, 2, 3 ]
    }, {
      "vertices" : [ 0, 3, 2 ]
    }, {
      "vertices" : [ 0, 2, 1 ]
    } ]
  }, {
    "id" : "237bfcd8-1c6b-49a7-94bc-5e9e89486a75",
    "vertices" : [ {
      "x" : 1.0,
      "y" : 13.580882,
      "z" : -15.659572
    }, {
      "x" : -5.854102,
      "y" : 14.45356,
      "z" : -10.756837
    }, {
      "x" : -3.236068,
      "y" : 22.18034,
      "z" : -8.472136
    }, {
      "x" : 3.618034,
      "y" : 21.307661,
      "z" : -13.37487
    } ],
    "faces" : [ {
      "vertices" : [ 0, 1, 2 ]
    }, {
      "vertices" : [ 0, 2, 3 ]
    }, {
      "vertices" : [ 0, 3, 2 ]
    }, {
      "vertices" : [ 0, 2, 1 ]
    } ]
  }, {
    "id" : "2682d61f-3421-4385-b7cf-f871760ddfed",
    "vertices" : [ {
      "x" : 0.0,
      "y" : 0.0,
      "z" : 0.0
    }, {
      "x" : 6.854102,
      "y" : -0.872678,
      "z" : -4.9027348
    }, {
      "x" : 9.472136,
      "y" : 3.36339,
      "z" : -11.756837
    }, {
      "x" : 2.618034,
      "y" : 4.236068,
      "z" : -6.854102
    } ],
    "faces" : [ {
      "vertices" : [ 0, 1, 2 ]
    }, {
      "vertices" : [ 0, 2, 3 ]
    }, {
      "vertices" : [ 0, 3, 2 ]
    }, {
      "vertices" : [ 0, 2, 1 ]
    } ]
  }, {
    "id" : "08911715-9a0b-4ae1-80f3-b55a49e4e914",
    "vertices" : [ {
      "x" : -4.236068,
      "y" : 6.854102,
      "z" : 2.618034
    }, {
      "x" : -11.09017,
      "y" : 7.72678,
      "z" : 7.5207686
    }, {
      "x" : -8.472136,
      "y" : 15.45356,
      "z" : 9.8054695
    }, {
      "x" : -1.618034,
      "y" : 14.580882,
      "z" : 4.9027348
    } ],
    "faces" : [ {
      "vertices" : [ 0, 1, 2 ]
    }, {
      "vertices" : [ 0, 2, 3 ]
    }, {
      "vertices" : [ 0, 3, 2 ]
    }, {
      "vertices" : [ 0, 2, 1 ]
    } ]
  }, {
    "id" : "48ba34ec-92d8-4f00-989f-2d96cd71a59e",
    "vertices" : [ {
      "x" : -5.854102,
      "y" : 19.689629,
      "z" : 2.9513674
    }, {
      "x" : -10.09017,
      "y" : 23.053019,
      "z" : -3.5694013
    }, {
      "x" : -12.708204,
      "y" : 18.81695,
      "z" : 3.2847006
    }, {
      "x" : -8.472136,
      "y" : 15.45356,
      "z" : 9.8054695
    } ],
    "faces" : [ {
      "vertices" : [ 0, 1, 2 ]
    }, {
      "vertices" : [ 0, 2, 3 ]
    }, {
      "vertices" : [ 0, 3, 2 ]
    }, {
      "vertices" : [ 0, 2, 1 ]
    } ]
  }, {
    "id" : "29623290-cfbf-4688-9c88-ce2c5e632e31",
    "vertices" : [ {
      "x" : 0.0,
      "y" : 0.0,
      "z" : 0.0
    }, {
      "x" : 4.236068,
      "y" : -6.854102,
      "z" : -2.618034
    }, {
      "x" : 11.09017,
      "y" : -7.72678,
      "z" : -7.5207686
    }, {
      "x" : 6.854102,
      "y" : -0.872678,
      "z" : -4.9027348
    } ],
    "faces" : [ {
      "vertices" : [ 0, 1, 2 ]
    }, {
      "vertices" : [ 0, 2, 3 ]
    }, {
      "vertices" : [ 0, 3, 2 ]
    }, {
      "vertices" : [ 0, 2, 1 ]
    } ]
  }, {
    "id" : "11f0555c-5897-4d77-9f8e-2c15e729a8bd",
    "vertices" : [ {
      "x" : 5.236068,
      "y" : 6.72678,
      "z" : -18.277605
    }, {
      "x" : 9.472136,
      "y" : -0.127322,
      "z" : -20.89564
    }, {
      "x" : 2.618034,
      "y" : -2.745356,
      "z" : -25.131708
    }, {
      "x" : -1.618034,
      "y" : 4.108746,
      "z" : -22.513674
    } ],
    "faces" : [ {
      "vertices" : [ 0, 1, 2 ]
    }, {
      "vertices" : [ 0, 2, 3 ]
    }, {
      "vertices" : [ 0, 3, 2 ]
    }, {
      "vertices" : [ 0, 2, 1 ]
    } ]
  }, {
    "id" : "0aa51437-0425-4ac8-ab45-87a07f1da42f",
    "vertices" : [ {
      "x" : 2.618034,
      "y" : 4.236068,
      "z" : -6.854102
    }, {
      "x" : -1.618034,
      "y" : 11.09017,
      "z" : -4.236068
    }, {
      "x" : 5.236068,
      "y" : 10.217492,
      "z" : -9.138803
    }, {
      "x" : 9.472136,
      "y" : 3.36339,
      "z" : -11.756837
    } ],
    "faces" : [ {
      "vertices" : [ 0, 1, 2 ]
    }, {
      "vertices" : [ 0, 2, 3 ]
    }, {
      "vertices" : [ 0, 3, 2 ]
    }, {
      "vertices" : [ 0, 2, 1 ]
    } ]
  }, {
    "id" : "8b068a4d-def9-41bc-926c-df2ba3d6a1e1",
    "vertices" : [ {
      "x" : -5.236068,
      "y" : -17.198915,
      "z" : -9.138803
    }, {
      "x" : 1.618034,
      "y" : -18.071594,
      "z" : -14.041537
    }, {
      "x" : 5.854102,
      "y" : -21.434984,
      "z" : -7.5207686
    }, {
      "x" : -1.0,
      "y" : -20.562305,
      "z" : -2.618034
    } ],
    "faces" : [ {
      "vertices" : [ 0, 1, 2 ]
    }, {
      "vertices" : [ 0, 2, 3 ]
    }, {
      "vertices" : [ 0, 3, 2 ]
    }, {
      "vertices" : [ 0, 2, 1 ]
    } ]
  }, {
    "id" : "28352b07-904d-4136-8e78-f116aa9e5685",
    "vertices" : [ {
      "x" : 12.708204,
      "y" : -15.326238,
      "z" : 5.854102
    }, {
      "x" : 15.326238,
      "y" : -7.5994577,
      "z" : 8.138803
    }, {
      "x" : 12.708204,
      "y" : -11.8355255,
      "z" : 14.992905
    }, {
      "x" : 10.09017,
      "y" : -19.562305,
      "z" : 12.708204
    } ],
    "faces" : [ {
      "vertices" : [ 0, 1, 2 ]
    }, {
      "vertices" : [ 0, 2, 3 ]
    }, {
      "vertices" : [ 0, 3, 2 ]
    }, {
      "vertices" : [ 0, 2, 1 ]
    } ]
  }, {
    "id" : "e12f446a-c262-483f-b416-2d6bd7df9ec2",
    "vertices" : [ {
      "x" : 12.708204,
      "y" : -15.326238,
      "z" : 5.854102
    }, {
      "x" : 5.854102,
      "y" : -17.944271,
      "z" : 1.618034
    }, {
      "x" : 12.708204,
      "y" : -18.81695,
      "z" : -3.2847006
    }, {
      "x" : 19.562305,
      "y" : -16.198915,
      "z" : 0.9513673
    } ],
    "faces" : [ {
      "vertices" : [ 0, 1, 2 ]
    }, {
      "vertices" : [ 0, 2, 3 ]
    }, {
