{
  "field" : "golden",
  "symmetry" : "icosahedral",
  "orientations" : [ [ 1.0, 0.0, 0.0, 0.0, 0.0, 1.0, 0.0, 0.0, 0.0, 0.0, 1.0, 0.0, 0.0, 0.0, 0.0, 1.0 ], [ 0.0, 0.0, 1.0, 0.0, 1.0, 0.0, 0.0, 0.0, 0.0, 1.0, 0.0, 0.0, 0.0, 0.0, 0.0, 1.0 ], [ 0.0, 1.0, 0.0, 0.0, 0.0, 0.0, 1.0, 0.0, 1.0, 0.0, 0.0, 0.0, 0.0, 0.0, 0.0, 1.0 ], [ 0.809017, 0.309017, 0.5, 0.0, 0.309017, 0.5, -0.809017, 0.0, -0.5, 0.809017, 0.309017, 0.0, 0.0, 0.0, 0.0, 1.0 ], [ -0.5, 0.809017, 0.309017, 0.0, 0.809017, 0.309017, 0.5, 0.0, 0.309017, 0.5, -0.809017, 0.0, 0.0, 0.0, 0.0, 1.0 ], [ 0.309017, 0.5, -0.809017, 0.0, -0.5, 0.809017, 0.309017, 0.0, 0.809017, 0.309017, 0.5, 0.0, 0.0, 0.0, 0.0, 1.0 ], [ 0.5, 0.809017, 0.309017, 0.0, 0.809017, -0.309017, -0.5, 0.0, -0.309017, 0.5, -0.809017, 0.0, 0.0, 0.0, 0.0, 1.0 ], [ -0.309017, 0.5, -0.809017, 0.0, 0.5, 0.809017, 0.309017, 0.0, 0.809017, -0.309017, -0.5, 0.0, 0.0, 0.0, 0.0, 1.0 ], [ 0.809017, -0.309017, -0.5, 0.0, -0.309017, 0.5, -0.809017, 0.0, 0.5, 0.809017, 0.309017, 0.0, 0.0, 0.0, 0.0, 1.0 ], [ 0.5, 0.809017, -0.309017, 0.0, 0.809017, -0.309017, 0.5, 0.0, 0.309017, -0.5, -0.809017, 0.0, 0.0, 0.0, 0.0, 1.0 ], [ 0.309017, -0.5, -0.809017, 0.0, 0.5, 0.809017, -0.309017, 0.0, 0.809017, -0.309017, 0.5, 0.0, 0.0, 0.0, 0.0, 1.0 ], [ 0.809017, -0.309017, 0.5, 0.0, 0.309017, -0.5, -0.809017, 0.0, 0.5, 0.809017, -0.309017, 0.0, 0.0, 0.0, 0.0, 1.0 ], [ 0.809017, 0.309017, -0.5, 0.0, 0.309017, 0.5, 0.809017, 0.0, 0.5, -0.809017, 0.309017, 0.0, 0.0, 0.0, 0.0, 1.0 ], [ 0.5, -0.809017, 0.309017, 0.0, 0.809017, 0.309017, -0.5, 0.0, 0.309017, 0.5, 0.809017, 0.0, 0.0, 0.0, 0.0, 1.0 ], [ 0.309017, 0.5, 0.809017, 0.0, 0.5, -0.809017, 0.309017, 0.0, 0.809017, 0.309017, -0.5, 0.0, 0.0, 0.0, 0.0, 1.0 ], [ 1.0, 0.0, 0.0, 0.0, 0.0, -1.0, 0.0, 0.0, 0.0, 0.0, -1.0, 0.0, 0.0, 0.0, 0.0, 1.0 ], [ 0.0, 0.0, 1.0, 0.0, -1.0, 0.0, 0.0, 0.0, 0.0, -1.0, 0.0, 0.0, 0.0, 0.0, 0.0, 1.0 ], [ 0.0, 1.0, 0.0, 0.0, 0.0, 0.0, -1.0, 0.0, -1.0, 0.0, 0.0, 0.0, 0.0, 0.0, 0.0, 1.0 ], [ 0.809017, 0.309017, 0.5, 0.0, -0.309017, -0.5, 0.809017, 0.0, 0.5, -0.809017, -0.309017, 0.0, 0.0, 0.0, 0.0, 1.0 ], [ -0.5, 0.809017, 0.309017, 0.0, -0.809017, -0.309017, -0.5, 0.0, -0.309017, -0.5, 0.809017, 0.0, 0.0, 0.0, 0.0, 1.0 ], [ 0.309017, 0.5, -0.809017, 0.0, 0.5, -0.809017, -0.309017, 0.0, -0.809017, -0.309017, -0.5, 0.0, 0.0, 0.0, 0.0, 1.0 ], [ 0.5, 0.809017, 0.309017, 0.0, -0.809017, 0.309017, 0.5, 0.0, 0.309017, -0.5, 0.809017, 0.0, 0.0, 0.0, 0.0, 1.0 ], [ -0.309017, 0.5, -0.809017, 0.0, -0.5, -0.809017, -0.309017, 0.0, -0.809017, 0.309017, 0.5, 0.0, 0.0, 0.0, 0.0, 1.0 ], [ 0.809017, -0.309017, -0.5, 0.0, 0.309017, -0.5, 0.809017, 0.0, -0.5, -0.809017, -0.309017, 0.0, 0.0, 0.0, 0.0, 1.0 ], [ 0.5, 0.809017, -0.309017, 0.0, -0.809017, 0.309017, -0.5, 0.0, -0.309017, 0.5, 0.809017, 0.0, 0.0, 0.0, 0.0, 1.0 ], [ 0.309017, -0.5, -0.809017, 0.0, -0.5, -0.809017, 0.309017, 0.0, -0.809017, 0.309017, -0.5, 0.0, 0.0, 0.0, 0.0, 1.0 ], [ 0.809017, -0.309017, 0.5, 0.0, -0.309017, 0.5, 0.809017, 0.0, -0.5, -0.809017, 0.309017, 0.0, 0.0, 0.0, 0.0, 1.0 ], [ 0.809017, 0.309017, -0.5, 0.0, -0.309017, -0.5, -0.809017, 0.0, -0.5, 0.809017, -0.309017, 0.0, 0.0, 0.0, 0.0, 1.0 ], [ 0.5, -0.809017, 0.309017, 0.0, -0.809017, -0.309017, 0.5, 0.0, -0.309017, -0.5, -0.809017, 0.0, 0.0, 0.0, 0.0, 1.0 ], [ 0.309017, 0.5, 0.809017, 0.0, -0.5, 0.809017, -0.309017, 0.0, -0.809017, -0.309017, 0.5, 0.0, 0.0, 0.0, 0.0, 1.0 ], [ -1.0, 0.0, 0.0, 0.0, 0.0, -1.0, 0.0, 0.0, 0.0, 0.0, 1.0, 0.0, 0.0, 0.0, 0.0, 1.0 ], [ 0.0, 0.0, -1.0, 0.0, -1.0, 0.0, 0.0, 0.0, 0.0, 1.0, 0.0, 0.0, 0.0, 0.0, 0.0, 1.0 ], [ 0.0, -1.0, 0.0, 0.0, 0.0, 0.0, -1.0, 0.0, 1.0, 0.0, 0.0, 0.0, 0.0, 0.0, 0.0, 1.0 ], [ -0.809017, -0.309017, -0.5, 0.0, -0.309017, -0.5, 0.809017, 0.0, -0.5, 0.809017, 0.309017, 0.0, 0.0, 0.0, 0.0, 1.0 ], [ 0.5, -0.809017, -0.309017, 0.0, -0.809017, -0.309017, -0.5, 0.0, 0.309017, 0.5, -0.809017, 0.0, 0.0, 0.0, 0.0, 1.0 ], [ -0.309017, -0.5, 0.809017, 0.0, 0.5, -0.809017, -0.309017, 0.0, 0.809017, 0.309017, 0.5, 0.0, 0.0, 0.0, 0.0, 1.0 ], [ -0.5, -0.809017, -0.309017, 0.0, -0.809017, 0.309017, 0.5, 0.0, -0.309017, 0.5, -0.809017, 0.0, 0.0, 0.0, 0.0, 1.0 ], [ 0.309017, -0.5, 0.809017, 0.0, -0.5, -0.809017, -0.309017, 0.0, 0.809017, -0.309017, -0.5, 0.0, 0.0, 0.0, 0.0, 1.0 ], [ -0.809017, 0.309017, 0.5, 0.0, 0.309017, -0.5, 0.809017, 0.0, 0.5, 0.809017, 0.309017, 0.0, 0.0, 0.0, 0.0, 1.0 ], [ -0.5, -0.809017, 0.309017, 0.0, -0.809017, 0.309017, -0.5, 0.0, 0.309017, -0.5, -0.809017, 0.0, 0.0, 0.0, 0.0, 1.0 ], [ -0.309017, 0.5, 0.809017, 0.0, -0.5, -0.809017, 0.309017, 0.0, 0.809017, -0.309017, 0.5, 0.0, 0.0, 0.0, 0.0, 1.0 ], [ -0.809017, 0.309017, -0.5, 0.0, -0.309017, 0.5, 0.809017, 0.0, 0.5, 0.809017, -0.309017, 0.0, 0.0, 0.0, 0.0, 1.0 ], [ -0.809017, -0.309017, 0.5, 0.0, -0.309017, -0.5, -0.809017, 0.0, 0.5, -0.809017, 0.309017, 0.0, 0.0, 0.0, 0.0, 1.0 ], [ -0.5, 0.809017, -0.309017, 0.0, -0.809017, -0.309017, 0.5, 0.0, 0.309017, 0.5, 0.809017, 0.0, 0.0, 0.0, 0.0, 1.0 ], [ -0.309017, -0.5, -0.809017, 0.0, -0.5, 0.809017, -0.309017, 0.0, 0.809017, 0.309017, -0.5, 0.0, 0.0, 0.0, 0.0, 1.0 ], [ -1.0, 0.0, 0.0, 0.0, 0.0, 1.0, 0.0, 0.0, 0.0, 0.0, -1.0, 0.0, 0.0, 0.0, 0.0, 1.0 ], [ 0.0, 0.0, -1.0, 0.0, 1.0, 0.0, 0.0, 0.0, 0.0, -1.0, 0.0, 0.0, 0.0, 0.0, 0.0, 1.0 ], [ 0.0, -1.0, 0.0, 0.0, 0.0, 0.0, 1.0, 0.0, -1.0, 0.0, 0.0, 0.0, 0.0, 0.0, 0.0, 1.0 ], [ -0.809017, -0.309017, -0.5, 0.0, 0.309017, 0.5, -0.809017, 0.0, 0.5, -0.809017, -0.309017, 0.0, 0.0, 0.0, 0.0, 1.0 ], [ 0.5, -0.809017, -0.309017, 0.0, 0.809017, 0.309017, 0.5, 0.0, -0.309017, -0.5, 0.809017, 0.0, 0.0, 0.0, 0.0, 1.0 ], [ -0.309017, -0.5, 0.809017, 0.0, -0.5, 0.809017, 0.309017, 0.0, -0.809017, -0.309017, -0.5, 0.0, 0.0, 0.0, 0.0, 1.0 ], [ -0.5, -0.809017, -0.309017, 0.0, 0.809017, -0.309017, -0.5, 0.0, 0.309017, -0.5, 0.809017, 0.0, 0.0, 0.0, 0.0, 1.0 ], [ 0.309017, -0.5, 0.809017, 0.0, 0.5, 0.809017, 0.309017, 0.0, -0.809017, 0.309017, 0.5, 0.0, 0.0, 0.0, 0.0, 1.0 ], [ -0.809017, 0.309017, 0.5, 0.0, -0.309017, 0.5, -0.809017, 0.0, -0.5, -0.809017, -0.309017, 0.0, 0.0, 0.0, 0.0, 1.0 ], [ -0.5, -0.809017, 0.309017, 0.0, 0.809017, -0.309017, 0.5, 0.0, -0.309017, 0.5, 0.809017, 0.0, 0.0, 0.0, 0.0, 1.0 ], [ -0.309017, 0.5, 0.809017, 0.0, 0.5, 0.809017, -0.309017, 0.0, -0.809017, 0.309017, -0.5, 0.0, 0.0, 0.0, 0.0, 1.0 ], [ -0.809017, 0.309017, -0.5, 0.0, 0.309017, -0.5, -0.809017, 0.0, -0.5, -0.809017, 0.309017, 0.0, 0.0, 0.0, 0.0, 1.0 ], [ -0.809017, -0.309017, 0.5, 0.0, 0.309017, 0.5, 0.809017, 0.0, -0.5, 0.809017, -0.309017, 0.0, 0.0, 0.0, 0.0, 1.0 ], [ -0.5, 0.809017, -0.309017, 0.0, 0.809017, 0.309017, -0.5, 0.0, -0.309017, -0.5, -0.809017, 0.0, 0.0, 0.0, 0.0, 1.0 ], [ -0.309017, -0.5, -0.809017, 0.0, 0.5, -0.809017, 0.309017, 0.0, -0.809017, -0.309017, 0.5, 0.0, 0.0, 0.0, 0.0, 1.0 ] ],
  "lights" : {
    "ambientColor" : "#292929",
    "backgroundColor" : "#AFC8DC",
    "directionalLights" : [ {
      "direction" : {
        "x" : 1.0,
        "y" : -1.0,
        "z" : -1.0
      },
      "color" : "#EBEBE4"
    }, {
      "direction" : {
        "x" : -1.0,
        "y" : 0.0,
        "z" : 0.0
      },
      "color" : "#E4E4EB"
    }, {
      "direction" : {
        "x" : 0.0,
        "y" : 0.0,
        "z" : -1.0
      },
      "color" : "#1E1E1E"
    } ]
  },
  "camera" : {
    "stereo" : false,
    "width" : 584.27594,
    "viewDistance" : 1298.3889,
    "nearClipDistance" : 3.2459893,
    "farClipDistance" : 2596.7734,
    "lookAtPoint" : {
      "x" : 0.0,
      "y" : 0.0,
      "z" : 0.0
    },
    "fieldOfView" : 0.44262955,
    "perspective" : false,
    "lookDirection" : {
      "x" : 0.5257311,
      "y" : 0.0,
      "z" : -0.8506508
    },
    "upDirection" : {
      "x" : 0.809017,
      "y" : -0.309017,
      "z" : 0.5
    },
    "position" : {
      "x" : -682.6034,
      "y" : 0.0,
      "z" : 1104.4756
    }
  },
  "embedding" : [ 1.0, 0.0, 0.0, 0.0, 0.0, 1.0, 0.0, 0.0, 0.0, 0.0, 1.0, 0.0, 0.0, 0.0, 0.0, 1.0 ],
  "shapes" : [ {
    "id" : "a622f253-2103-4210-9c34-2d46d4d356e3",
    "vertices" : [ {
      "x" : 0.309017,
      "y" : -0.809017,
      "z" : 0.618034
    }, {
      "x" : 0.809017,
      "y" : -0.618034,
      "z" : 0.309017
    }, {
      "x" : 0.618034,
      "y" : -0.309017,
      "z" : 0.809017
    }, {
      "x" : 1.0,
      "y" : 0.309017,
      "z" : 0.19098301
    }, {
      "x" : 0.809017,
      "y" : 0.618034,
      "z" : 0.309017
    }, {
      "x" : 0.618034,
      "y" : 0.309017,
      "z" : 0.809017
    }, {
      "x" : 0.809017,
      "y" : 0.0,
      "z" : 0.690983
    }, {
      "x" : 0.19098301,
      "y" : -1.0,
      "z" : 0.309017
    }, {
      "x" : -0.19098301,
      "y" : -1.0,
      "z" : 0.309017
    }, {
      "x" : -0.19098301,
      "y" : -1.0,
      "z" : -0.309017
    }, {
      "x" : 0.19098301,
      "y" : -1.0,
      "z" : -0.309017
    }, {
      "x" : 1.0,
      "y" : -0.309017,
      "z" : -0.19098301
    }, {
      "x" : 0.809017,
      "y" : -0.618034,
      "z" : -0.309017
    }, {
      "x" : 0.618034,
      "y" : -0.309017,
      "z" : -0.809017
    }, {
      "x" : 0.809017,
      "y" : 0.0,
      "z" : -0.690983
    }, {
      "x" : 0.0,
      "y" : 0.690983,
      "z" : -0.809017
    }, {
      "x" : 0.309017,
      "y" : 0.809017,
      "z" : -0.618034
    }, {
      "x" : 0.618034,
      "y" : 0.309017,
      "z" : -0.809017
    }, {
      "x" : 0.309017,
      "y" : 0.19098301,
      "z" : -1.0
    }, {
      "x" : 1.0,
      "y" : 0.309017,
      "z" : -0.19098301
    }, {
      "x" : -0.309017,
      "y" : -0.809017,
      "z" : 0.618034
    }, {
      "x" : 0.0,
      "y" : -0.690983,
      "z" : 0.809017
    }, {
      "x" : 0.809017,
      "y" : 0.618034,
      "z" : -0.309017
    }, {
      "x" : 0.690983,
      "y" : 0.809017,
      "z" : 0.0
    }, {
      "x" : -0.690983,
      "y" : 0.809017,
      "z" : 0.0
    }, {
      "x" : -0.809017,
      "y" : 0.618034,
      "z" : 0.309017
    }, {
      "x" : -0.309017,
      "y" : 0.809017,
      "z" : 0.618034
    }, {
      "x" : -0.19098301,
      "y" : 1.0,
      "z" : 0.309017
    }, {
      "x" : 0.309017,
      "y" : -0.19098301,
      "z" : -1.0
    }, {
      "x" : 0.19098301,
      "y" : 1.0,
      "z" : 0.309017
    }, {
      "x" : 0.309017,
      "y" : 0.809017,
      "z" : 0.618034
    }, {
      "x" : -0.809017,
      "y" : -0.618034,
      "z" : 0.309017
    }, {
      "x" : -0.690983,
      "y" : -0.809017,
      "z" : 0.0
    }, {
      "x" : 0.0,
      "y" : 0.690983,
      "z" : 0.809017
    }, {
      "x" : 0.309017,
      "y" : -0.809017,
      "z" : -0.618034
    }, {
      "x" : 0.0,
      "y" : -0.690983,
      "z" : -0.809017
    }, {
      "x" : -1.0,
      "y" : 0.309017,
      "z" : 0.19098301
    }, {
      "x" : -0.809017,
      "y" : 0.0,
      "z" : 0.690983
    }, {
      "x" : -0.618034,
      "y" : 0.309017,
      "z" : 0.809017
    }, {
      "x" : 1.0,
      "y" : -0.309017,
      "z" : 0.19098301
    }, {
      "x" : -0.309017,
      "y" : -0.809017,
      "z" : -0.618034
    }, {
      "x" : -1.0,
      "y" : 0.309017,
      "z" : -0.19098301
    }, {
      "x" : -1.0,
      "y" : -0.309017,
      "z" : -0.19098301
    }, {
      "x" : -1.0,
      "y" : -0.309017,
      "z" : 0.19098301
    }, {
      "x" : 0.19098301,
      "y" : 1.0,
      "z" : -0.309017
    }, {
      "x" : -0.809017,
      "y" : 0.618034,
      "z" : -0.309017
    }, {
      "x" : -0.19098301,
      "y" : 1.0,
      "z" : -0.309017
    }, {
      "x" : -0.309017,
      "y" : 0.809017,
      "z" : -0.618034
    }, {
      "x" : -0.618034,
      "y" : -0.309017,
      "z" : 0.809017
    }, {
      "x" : 0.309017,
      "y" : 0.19098301,
      "z" : 1.0
    }, {
      "x" : -0.309017,
      "y" : 0.19098301,
      "z" : -1.0
    }, {
      "x" : -0.309017,
      "y" : 0.19098301,
      "z" : 1.0
    }, {
      "x" : -0.309017,
      "y" : -0.19098301,
      "z" : 1.0
    }, {
      "x" : 0.309017,
      "y" : -0.19098301,
      "z" : 1.0
    }, {
      "x" : 0.690983,
      "y" : -0.809017,
      "z" : 0.0
    }, {
      "x" : -0.809017,
      "y" : 0.0,
      "z" : -0.690983
    }, {
      "x" : -0.618034,
      "y" : -0.309017,
      "z" : -0.809017
    }, {
      "x" : -0.309017,
      "y" : -0.19098301,
      "z" : -1.0
    }, {
      "x" : -0.618034,
      "y" : 0.309017,
      "z" : -0.809017
    }, {
      "x" : -0.809017,
      "y" : -0.618034,
      "z" : -0.309017
    } ],
    "faces" : [ {
      "vertices" : [ 9, 40, 35 ]
    }, {
      "vertices" : [ 9, 35, 34 ]
    }, {
      "vertices" : [ 9, 34, 10 ]
    }, {
      "vertices" : [ 0, 1, 2 ]
    }, {
      "vertices" : [ 33, 51, 49 ]
    }, {
      "vertices" : [ 25, 36, 37 ]
    }, {
      "vertices" : [ 25, 37, 38 ]
    }, {
      "vertices" : [ 41, 55, 42 ]
    }, {
      "vertices" : [ 9, 32, 59 ]
    }, {
      "vertices" : [ 9, 59, 40 ]
    }, {
      "vertices" : [ 20, 21, 52 ]
    }, {
      "vertices" : [ 20, 52, 48 ]
    }, {
      "vertices" : [ 26, 33, 30 ]
    }, {
      "vertices" : [ 26, 30, 29 ]
    }, {
      "vertices" : [ 26, 29, 27 ]
    }, {
      "vertices" : [ 3, 4, 5 ]
    }, {
      "vertices" : [ 3, 5, 6 ]
    }, {
      "vertices" : [ 27, 29, 44 ]
    }, {
      "vertices" : [ 27, 44, 46 ]
    }, {
      "vertices" : [ 50, 57, 56 ]
    }, {
      "vertices" : [ 50, 56, 55 ]
    }, {
      "vertices" : [ 50, 55, 58 ]
    }, {
      "vertices" : [ 26, 38, 51 ]
    }, {
      "vertices" : [ 26, 51, 33 ]
    }, {
      "vertices" : [ 45, 47, 58 ]
    }, {
      "vertices" : [ 18, 28, 57 ]
    }, {
      "vertices" : [ 18, 57, 50 ]
    }, {
      "vertices" : [ 40, 59, 56 ]
    }, {
      "vertices" : [ 31, 48, 37 ]
    }, {
      "vertices" : [ 31, 37, 43 ]
    }, {
      "vertices" : [ 7, 8, 9 ]
    }, {
      "vertices" : [ 7, 9, 10 ]
    }, {
      "vertices" : [ 36, 41, 42 ]
    }, {
      "vertices" : [ 36, 42, 43 ]
    }, {
      "vertices" : [ 24, 46, 47 ]
    }, {
      "vertices" : [ 24, 47, 45 ]
    }, {
      "vertices" : [ 4, 30, 5 ]
    }, {
      "vertices" : [ 15, 47, 46 ]
    }, {
      "vertices" : [ 15, 46, 44 ]
    }, {
      "vertices" : [ 15, 44, 16 ]
    }, {
      "vertices" : [ 15, 50, 58 ]
    }, {
      "vertices" : [ 15, 58, 47 ]
    }, {
      "vertices" : [ 24, 45, 41 ]
    }, {
      "vertices" : [ 24, 41, 36 ]
    }, {
      "vertices" : [ 24, 36, 25 ]
    }, {
      "vertices" : [ 11, 14, 19 ]
    }, {
      "vertices" : [ 3, 6, 39 ]
    }, {
      "vertices" : [ 1, 39, 6 ]
    }, {
      "vertices" : [ 1, 6, 2 ]
    }, {
      "vertices" : [ 8, 32, 9 ]
    }, {
      "vertices" : [ 11, 12, 13 ]
    }, {
      "vertices" : [ 11, 13, 14 ]
    }, {
      "vertices" : [ 16, 22, 17 ]
    }, {
      "vertices" : [ 0, 21, 20 ]
    }, {
      "vertices" : [ 0, 20, 8 ]
    }, {
      "vertices" : [ 0, 8, 7 ]
    }, {
      "vertices" : [ 12, 34, 13 ]
    }, {
      "vertices" : [ 35, 40, 56 ]
    }, {
      "vertices" : [ 35, 56, 57 ]
    }, {
      "vertices" : [ 0, 7, 54 ]
    }, {
      "vertices" : [ 0, 54, 1 ]
    }, {
      "vertices" : [ 15, 16, 17 ]
    }, {
      "vertices" : [ 15, 17, 18 ]
    }, {
      "vertices" : [ 3, 19, 22 ]
    }, {
      "vertices" : [ 3, 22, 23 ]
    }, {
      "vertices" : [ 3, 23, 4 ]
    }, {
      "vertices" : [ 7, 10, 54 ]
    }, {
      "vertices" : [ 41, 45, 58 ]
    }, {
      "vertices" : [ 41, 58, 55 ]
    }, {
      "vertices" : [ 3, 39, 11 ]
    }, {
      "vertices" : [ 3, 11, 19 ]
    }, {
      "vertices" : [ 14, 17, 22 ]
    }, {
      "vertices" : [ 14, 22, 19 ]
    }, {
      "vertices" : [ 0, 2, 53 ]
    }, {
      "vertices" : [ 0, 53, 21 ]
    }, {
      "vertices" : [ 49, 51, 52 ]
    }, {
      "vertices" : [ 49, 52, 53 ]
    }, {
      "vertices" : [ 31, 43, 42 ]
    }, {
      "vertices" : [ 31, 42, 59 ]
    }, {
      "vertices" : [ 31, 59, 32 ]
    }, {
      "vertices" : [ 15, 18, 50 ]
    }, {
      "vertices" : [ 42, 55, 56 ]
    }, {
      "vertices" : [ 42, 56, 59 ]
    }, {
      "vertices" : [ 4, 23, 29 ]
    }, {
      "vertices" : [ 4, 29, 30 ]
    }, {
      "vertices" : [ 25, 38, 26 ]
    }, {
      "vertices" : [ 13, 28, 18 ]
    }, {
      "vertices" : [ 13, 18, 17 ]
    }, {
      "vertices" : [ 13, 17, 14 ]
    }, {
      "vertices" : [ 8, 20, 31 ]
    }, {
      "vertices" : [ 8, 31, 32 ]
    }, {
      "vertices" : [ 23, 44, 29 ]
    }, {
      "vertices" : [ 24, 27, 46 ]
    }, {
      "vertices" : [ 37, 48, 52 ]
    }, {
      "vertices" : [ 37, 52, 51 ]
    }, {
      "vertices" : [ 37, 51, 38 ]
    }, {
      "vertices" : [ 20, 48, 31 ]
    }, {
      "vertices" : [ 24, 25, 26 ]
    }, {
      "vertices" : [ 24, 26, 27 ]
    }, {
      "vertices" : [ 16, 44, 23 ]
    }, {
      "vertices" : [ 16, 23, 22 ]
    }, {
      "vertices" : [ 13, 34, 35 ]
    }, {
      "vertices" : [ 13, 35, 28 ]
    }, {
      "vertices" : [ 10, 34, 12 ]
    }, {
      "vertices" : [ 10, 12, 54 ]
    }, {
      "vertices" : [ 2, 6, 5 ]
    }, {
      "vertices" : [ 2, 5, 49 ]
    }, {
      "vertices" : [ 2, 49, 53 ]
    }, {
      "vertices" : [ 36, 43, 37 ]
    }, {
      "vertices" : [ 5, 30, 33 ]
    }, {
      "vertices" : [ 5, 33, 49 ]
    }, {
      "vertices" : [ 1, 54, 12 ]
    }, {
      "vertices" : [ 1, 12, 11 ]
    }, {
      "vertices" : [ 1, 11, 39 ]
    }, {
      "vertices" : [ 28, 35, 57 ]
    }, {
      "vertices" : [ 21, 53, 52 ]
    } ]
  }, {
    "id" : "84a7ddee-08ad-4c96-b089-be8261edac58",
    "vertices" : [ {
      "x" : 35.888542,
      "y" : -46.978714,
      "z" : -6.854102
    }, {
      "x" : 33.27051,
      "y" : -51.214783,
      "z" : -13.708204
    }, {
      "x" : 31.652475,
      "y" : -51.214783,
      "z" : -11.09017
    } ],
    "faces" : [ {
      "vertices" : [ 0, 1, 2 ]
    }, {
      "vertices" : [ 0, 2, 1 ]
    } ]
  }, {
    "id" : "1c05f775-9967-46c1-bde6-1108ab551381",
    "vertices" : [ {
      "x" : -71.777084,
      "y" : -17.944271,
      "z" : -74.39512
    }, {
      "x" : -71.777084,
      "y" : -26.416409,
      "z" : -74.39512
    }, {
      "x" : -69.15905,
      "y" : -24.798374,
      "z" : -74.39512
    } ],
    "faces" : [ {
      "vertices" : [ 0, 1, 2 ]
    }, {
      "vertices" : [ 0, 2, 1 ]
    } ]
  }, {
    "id" : "75079ea5-41f4-4bd2-8410-dc8d3822fbb0",
    "vertices" : [ {
      "x" : 2.618034,
      "y" : -24.798374,
      "z" : -46.978714
    }, {
      "x" : 0.0,
      "y" : -26.416409,
      "z" : -46.978714
    }, {
      "x" : 11.09017,
      "y" : -26.416409,
      "z" : -42.742645
    }, {
      "x" : 9.472136,
      "y" : -24.798374,
      "z" : -44.36068
    } ],
    "faces" : [ {
      "vertices" : [ 0, 1, 2 ]
    }, {
      "vertices" : [ 0, 2, 3 ]
    }, {
      "vertices" : [ 0, 3, 2 ]
    }, {
      "vertices" : [ 0, 2, 1 ]
    } ]
  }, {
    "id" : "171016bb-c32c-4408-b58a-3aca31e29aa5",
    "vertices" : [ {
      "x" : 11.09017,
      "y" : 6.854102,
      "z" : 58.068882
    }, {
      "x" : 4.236068,
      "y" : 4.236068,
      "z" : 62.30495
    }, {
      "x" : 4.236068,
      "y" : 6.854102,
      "z" : 60.686916
    } ],
    "faces" : [ {
      "vertices" : [ 0, 1, 2 ]
    }, {
      "vertices" : [ 0, 2, 1 ]
    } ]
  }, {
    "id" : "afe3cfab-4de0-4649-b5dc-d6fd89255569",
    "vertices" : [ {
      "x" : -11.09017,
      "y" : 6.854102,
      "z" : -58.068882
    }, {
      "x" : -4.236068,
      "y" : 4.236068,
      "z" : -62.30495
    }, {
      "x" : -4.236068,
      "y" : 6.854102,
      "z" : -60.686916
    } ],
    "faces" : [ {
      "vertices" : [ 0, 1, 2 ]
    }, {
      "vertices" : [ 0, 2, 1 ]
    } ]
  }, {
    "id" : "a4d05805-f143-48bf-8e75-b56e2539e294",
    "vertices" : [ {
      "x" : -51.214783,
      "y" : -1.618034,
      "z" : 6.854102
    }, {
      "x" : -51.214783,
      "y" : -2.618034,
      "z" : 4.236068
    }, {
      "x" : -51.214783,
      "y" : 1.618034,
      "z" : -6.854102
    }, {
      "x" : -51.214783,
      "y" : 2.618034,
      "z" : -4.236068
    } ],
    "faces" : [ {
      "vertices" : [ 0, 1, 2 ]
    }, {
      "vertices" : [ 0, 2, 3 ]
    }, {
      "vertices" : [ 0, 3, 2 ]
    }, {
      "vertices" : [ 0, 2, 1 ]
    } ]
  }, {
    "id" : "50a1ca16-6154-4122-8ab2-cbf4b228be35",
    "vertices" : [ {
      "x" : 26.416409,
      "y" : -74.39512,
      "z" : 71.777084
    }, {
      "x" : 17.944271,
      "y" : -74.39512,
      "z" : 71.777084
    }, {
      "x" : 22.18034,
      "y" : -70.15905,
      "z" : 76.01315
    } ],
    "faces" : [ {
      "vertices" : [ 0, 1, 2 ]
    }, {
      "vertices" : [ 0, 2, 1 ]
    } ]
  }, {
    "id" : "edd3dcf1-ec67-4524-8d82-1b03adfe4c18",
    "vertices" : [ {
      "x" : -46.978714,
      "y" : -6.854102,
      "z" : 35.888542
    }, {
      "x" : -51.214783,
      "y" : -13.708204,
      "z" : 33.27051
    }, {
      "x" : -51.214783,
      "y" : -11.09017,
      "z" : 31.652475
    } ],
    "faces" : [ {
      "vertices" : [ 0, 1, 2 ]
    }, {
      "vertices" : [ 0, 2, 1 ]
    } ]
  }, {
    "id" : "d6a5469e-4b54-48b4-a1dd-90f99bd1159c",
    "vertices" : [ {
      "x" : -67.54102,
      "y" : -71.777084,
      "z" : -29.034441
    }, {
      "x" : -74.39512,
      "y" : -71.777084,
      "z" : -26.416409
    }, {
      "x" : -70.15905,
      "y" : -76.01315,
      "z" : -22.18034
    } ],
    "faces" : [ {
      "vertices" : [ 0, 1, 2 ]
    }, {
      "vertices" : [ 0, 2, 1 ]
    } ]
  }, {
    "id" : "b17ae986-9869-43ac-ae3b-b85c7485fb44",
    "vertices" : [ {
      "x" : -33.27051,
      "y" : -33.27051,
      "z" : -24.798374
    }, {
      "x" : -35.888542,
      "y" : -31.652475,
      "z" : -24.798374
    }, {
      "x" : -29.034441,
      "y" : -38.506577,
      "z" : -17.944271
    }, {
      "x" : -29.034441,
      "y" : -37.506577,
      "z" : -20.562305
    } ],
    "faces" : [ {
      "vertices" : [ 0, 1, 2 ]
    }, {
      "vertices" : [ 0, 2, 3 ]
    }, {
      "vertices" : [ 0, 3, 2 ]
    }, {
      "vertices" : [ 0, 2, 1 ]
    } ]
  }, {
    "id" : "7adf31e3-7a44-4a53-9620-12d8dc11b20a",
    "vertices" : [ {
      "x" : -122.99187,
      "y" : 35.888542,
      "z" : -113.51973
    }, {
      "x" : -116.137764,
      "y" : 46.978714,
      "z" : -109.28367
    }, {
      "x" : 163.11649,
      "y" : 46.978714,
      "z" : -2.618034
    }, {
      "x" : 167.35255,
      "y" : 35.888542,
      "z" : -2.618034
    } ],
    "faces" : [ {
      "vertices" : [ 0, 1, 2 ]
    }, {
      "vertices" : [ 0, 2, 3 ]
    }, {
      "vertices" : [ 0, 3, 2 ]
    }, {
      "vertices" : [ 0, 2, 1 ]
    } ]
  }, {
    "id" : "ef0b4878-c06d-4dfe-8172-cf269aa45cd0",
    "vertices" : [ {
      "x" : 12.708204,
      "y" : -69.15905,
      "z" : -80.24922
    }, {
      "x" : 15.326238,
      "y" : -73.39512,
      "z" : -73.39512
    }, {
      "x" : 19.562305,
      "y" : -69.15905,
      "z" : -77.63119
    } ],
    "faces" : [ {
      "vertices" : [ 0, 1, 2 ]
    }, {
      "vertices" : [ 0, 2, 1 ]
    } ]
  }, {
    "id" : "f8b14d6f-8fd7-4b3a-8e34-f887881625ac",
    "vertices" : [ {
      "x" : 71.777084,
      "y" : 26.416409,
      "z" : -74.39512
    }, {
      "x" : 69.15905,
      "y" : 24.798374,
      "z" : -74.39512
    }, {
      "x" : -103.429565,
      "y" : 24.798374,
      "z" : -8.472136
    }, {
      "x" : -100.81153,
      "y" : 26.416409,
      "z" : -8.472136
    } ],
    "faces" : [ {
      "vertices" : [ 0, 1, 2 ]
    }, {
      "vertices" : [ 0, 2, 3 ]
    }, {
      "vertices" : [ 0, 3, 2 ]
    }, {
      "vertices" : [ 0, 2, 1 ]
    } ]
  }, {
    "id" : "fe68d6c4-b982-4de4-8191-5e2d9bec6ccf",
    "vertices" : [ {
      "x" : 80.24922,
      "y" : -12.708204,
      "z" : -69.15905
    }, {
      "x" : 77.63119,
      "y" : -11.09017,
      "z" : -69.15905
    }, {
      "x" : -29.034441,
      "y" : 95.57546,
      "z" : 37.506577
    }, {
      "x" : -26.416409,
      "y" : 93.95743,
      "z" : 37.506577
    } ],
    "faces" : [ {
      "vertices" : [ 0, 1, 2 ]
    }, {
      "vertices" : [ 0, 2, 3 ]
    }, {
      "vertices" : [ 0, 3, 2 ]
    }, {
      "vertices" : [ 0, 2, 1 ]
    } ]
  }, {
    "id" : "49b2cc04-0356-4948-96cf-e6bf345f7684",
    "vertices" : [ {
      "x" : -71.777084,
      "y" : -29.034441,
      "z" : -67.54102
    }, {
      "x" : -71.777084,
      "y" : -26.416409,
      "z" : -74.39512
    }, {
      "x" : -76.01315,
      "y" : -22.18034,
      "z" : -70.15905
    } ],
    "faces" : [ {
      "vertices" : [ 0, 1, 2 ]
    }, {
      "vertices" : [ 0, 2, 1 ]
    } ]
  }, {
    "id" : "da78d8e9-1631-4667-9e2a-e93cccbb222e",
    "vertices" : [ {
      "x" : -8.472136,
      "y" : -100.81153,
      "z" : 17.944271
    }, {
      "x" : -8.472136,
      "y" : -103.429565,
      "z" : 24.798374
    }, {
      "x" : -74.39512,
      "y" : 69.15905,
      "z" : 24.798374
    }, {
      "x" : -74.39512,
      "y" : 71.777084,
      "z" : 17.944271
    } ],
    "faces" : [ {
      "vertices" : [ 0, 1, 2 ]
    }, {
      "vertices" : [ 0, 2, 3 ]
    }, {
      "vertices" : [ 0, 3, 2 ]
    }, {
      "vertices" : [ 0, 2, 1 ]
    } ]
  }, {
    "id" : "a98c5665-3bc5-4b70-ae60-e3a9e49d6a27",
    "vertices" : [ {
      "x" : 111.9017,
      "y" : 129.84598,
      "z" : -20.562305
    }, {
      "x" : 118.7558,
      "y" : 118.7558,
      "z" : -24.798374
    }, {
      "x" : 111.9017,
      "y" : 125.6099,
      "z" : -31.652475
    } ],
    "faces" : [ {
      "vertices" : [ 0, 1, 2 ]
    }, {
      "vertices" : [ 0, 2, 1 ]
    } ]
  }, {
    "id" : "978c3255-fdad-4627-8a71-99125f60744b",
    "vertices" : [ {
      "x" : -69.15905,
      "y" : 80.24922,
      "z" : -12.708204
    }, {
      "x" : -73.39512,
      "y" : 73.39512,
      "z" : -15.326238
    }, {
      "x" : -69.15905,
      "y" : 77.63119,
      "z" : -19.562305
    } ],
    "faces" : [ {
      "vertices" : [ 0, 1, 2 ]
    }, {
      "vertices" : [ 0, 2, 1 ]
    } ]
  }, {
    "id" : "c0ae2e53-4813-4599-aca3-4b20762da2cf",
    "vertices" : [ {
      "x" : -76.01315,
      "y" : 62.30495,
      "z" : 134.08205
    }, {
      "x" : -82.867256,
      "y" : 55.45085,
      "z" : 140.93614
    }, {
      "x" : -71.777084,
      "y" : 55.45085,
      "z" : 145.17221
    } ],
    "faces" : [ {
      "vertices" : [ 0, 1, 2 ]
    }, {
      "vertices" : [ 0, 2, 1 ]
    } ]
  }, {
    "id" : "dbad0949-8fa1-41e5-b180-6ab9c8bed646",
    "vertices" : [ {
      "x" : -73.39512,
      "y" : -15.326238,
      "z" : 73.39512
    }, {
      "x" : -80.24922,
      "y" : -12.708204,
      "z" : 69.15905
    }, {
      "x" : -77.63119,
      "y" : -11.09017,
      "z" : 69.15905
    } ],
    "faces" : [ {
      "vertices" : [ 0, 1, 2 ]
    }, {
      "vertices" : [ 0, 2, 1 ]
    } ]
  }, {
    "id" : "6cc34491-9a7a-4eba-8970-d3f865991858",
    "vertices" : [ {
      "x" : -111.9017,
      "y" : 125.6099,
      "z" : 31.652475
    }, {
      "x" : -100.81153,
      "y" : 129.84598,
      "z" : 24.798374
    }, {
      "x" : 71.777084,
      "y" : -42.742645,
      "z" : -147.79024
    }, {
      "x" : 67.54102,
      "y" : -53.832817,
      "z" : -147.79024
    } ],
    "faces" : [ {
      "vertices" : [ 0, 1, 2 ]
    }, {
      "vertices" : [ 0, 2, 3 ]
    }, {
      "vertices" : [ 0, 3, 2 ]
    }, {
      "vertices" : [ 0, 2, 1 ]
    } ]
  }, {
    "id" : "b8f224a7-1864-444c-bba1-f190851f7b13",
    "vertices" : [ {
      "x" : 80.24922,
      "y" : 15.326238,
      "z" : 62.30495
    }, {
      "x" : 80.24922,
      "y" : 12.708204,
      "z" : 69.15905
    }, {
      "x" : -26.416409,
      "y" : -93.95743,
      "z" : -37.506577
    }, {
      "x" : -26.416409,
      "y" : -91.33939,
      "z" : -44.36068
    } ],
    "faces" : [ {
      "vertices" : [ 0, 1, 2 ]
    }, {
      "vertices" : [ 0, 2, 3 ]
    }, {
      "vertices" : [ 0, 3, 2 ]
    }, {
      "vertices" : [ 0, 2, 1 ]
    } ]
  }, {
    "id" : "052dc213-7164-456f-b206-a6d5411db966",
    "vertices" : [ {
      "x" : -37.506577,
      "y" : -29.034441,
      "z" : -95.57546
    }, {
      "x" : -44.36068,
      "y" : -26.416409,
      "z" : -91.33939
    }, {
      "x" : -41.742645,
      "y" : -33.27051,
      "z" : -91.33939
    } ],
    "faces" : [ {
      "vertices" : [ 0, 1, 2 ]
    }, {
      "vertices" : [ 0, 2, 1 ]
    } ]
  }, {
    "id" : "22a3a663-8f91-4cd5-ae24-37f5eba88de4",
    "vertices" : [ {
      "x" : -15.326238,
      "y" : 62.30495,
      "z" : -80.24922
    }, {
      "x" : -12.708204,
      "y" : 69.15905,
      "z" : -80.24922
    }, {
      "x" : 93.95743,
      "y" : -37.506577,
      "z" : 26.416409
    }, {
      "x" : 91.33939,
      "y" : -44.36068,
      "z" : 26.416409
    } ],
    "faces" : [ {
      "vertices" : [ 0, 1, 2 ]
    }, {
      "vertices" : [ 0, 2, 3 ]
    }, {
      "vertices" : [ 0, 3, 2 ]
    }, {
      "vertices" : [ 0, 2, 1 ]
    } ]
  }, {
    "id" : "cb8e49b1-0185-4d96-be1d-325bf1f5930e",
    "vertices" : [ {
      "x" : 87.103325,
      "y" : 51.214783,
      "z" : 34.27051
    }, {
      "x" : 85.48529,
      "y" : 51.214783,
      "z" : 31.652475
    }, {
      "x" : -87.103325,
      "y" : 51.214783,
      "z" : -34.27051
    }, {
      "x" : -85.48529,
      "y" : 51.214783,
      "z" : -31.652475
    } ],
    "faces" : [ {
      "vertices" : [ 0, 1, 2 ]
    }, {
      "vertices" : [ 0, 2, 3 ]
    }, {
      "vertices" : [ 0, 3, 2 ]
    }, {
      "vertices" : [ 0, 2, 1 ]
    } ]
  }, {
    "id" : "31837238-0409-407d-835e-10cbdd939392",
    "vertices" : [ {
      "x" : 74.39512,
      "y" : -71.777084,
      "z" : 17.944271
    }, {
      "x" : 74.39512,
      "y" : -71.777084,
      "z" : 26.416409
    }, {
      "x" : 74.39512,
      "y" : -69.15905,
      "z" : 24.798374
    } ],
    "faces" : [ {
      "vertices" : [ 0, 1, 2 ]
    }, {
      "vertices" : [ 0, 2, 1 ]
    } ]
  }, {
    "id" : "4b659abd-cebc-445d-8bb8-812af185236f",
    "vertices" : [ {
      "x" : -116.137764,
      "y" : -42.742645,
      "z" : 120.37383
    }, {
      "x" : -116.137764,
      "y" : -29.034441,
      "z" : 120.37383
    }, {
      "x" : -122.99187,
      "y" : -35.888542,
      "z" : 113.51973
    } ],
    "faces" : [ {
      "vertices" : [ 0, 1, 2 ]
    }, {
      "vertices" : [ 0, 2, 1 ]
    } ]
  }, {
    "id" : "2491c7c1-1c7f-4174-a84c-93b0f96159f2",
    "vertices" : [ {
      "x" : 29.034441,
      "y" : -95.57546,
      "z" : 37.506577
    }, {
      "x" : 26.416409,
      "y" : -93.95743,
      "z" : 37.506577
    }, {
      "x" : -80.24922,
      "y" : 12.708204,
      "z" : -69.15905
    }, {
      "x" : -77.63119,
      "y" : 11.09017,
      "z" : -69.15905
    } ],
    "faces" : [ {
      "vertices" : [ 0, 1, 2 ]
    }, {
      "vertices" : [ 0, 2, 3 ]
    }, {
      "vertices" : [ 0, 3, 2 ]
    }, {
      "vertices" : [ 0, 2, 1 ]
    } ]
  }, {
    "id" : "3a680b21-fc46-49e3-a5cd-f9a09515abe7",
    "vertices" : [ {
      "x" : -118.7558,
      "y" : -118.7558,
      "z" : -24.798374
    }, {
      "x" : -111.9017,
      "y" : -129.84598,
      "z" : -20.562305
    }, {
      "x" : -111.9017,
      "y" : -125.6099,
      "z" : -17.944271
    } ],
    "faces" : [ {
      "vertices" : [ 0, 1, 2 ]
    }, {
      "vertices" : [ 0, 2, 1 ]
    } ]
  }, {
    "id" : "c14efff2-1564-4f74-ab2f-95015b7b2485",
    "vertices" : [ {
      "x" : 147.79024,
      "y" : 53.832817,
      "z" : 53.832817
    }, {
      "x" : 154.64435,
      "y" : 60.686916,
      "z" : 46.978714
    }, {
      "x" : 147.79024,
      "y" : 67.54102,
      "z" : 53.832817
    } ],
    "faces" : [ {
      "vertices" : [ 0, 1, 2 ]
    }, {
      "vertices" : [ 0, 2, 1 ]
    } ]
  }, {
    "id" : "b71ea40a-2d23-485d-aec4-625e11a65599",
    "vertices" : [ {
      "x" : 31.652475,
      "y" : 111.9017,
      "z" : -125.6099
    }, {
      "x" : 24.798374,
      "y" : 100.81153,
      "z" : -129.84598
    }, {
      "x" : -147.79024,
      "y" : -71.777084,
      "z" : 42.742645
    }, {
      "x" : -147.79024,
      "y" : -67.54102,
      "z" : 53.832817
    } ],
    "faces" : [ {
      "vertices" : [ 0, 1, 2 ]
    }, {
      "vertices" : [ 0, 2, 3 ]
    }, {
      "vertices" : [ 0, 3, 2 ]
    }, {
      "vertices" : [ 0, 2, 1 ]
    } ]
  }, {
    "id" : "3bb18098-f13c-4940-8320-096d26049540",
    "vertices" : [ {
      "x" : -24.798374,
      "y" : 46.978714,
      "z" : -2.618034
    }, {
      "x" : -26.416409,
      "y" : 46.978714,
      "z" : 0.0
    }, {
      "x" : -26.416409,
      "y" : 42.742645,
      "z" : -11.09017
    }, {
      "x" : -24.798374,
      "y" : 44.36068,
      "z" : -9.472136
    } ],
    "faces" : [ {
      "vertices" : [ 0, 1, 2 ]
    }, {
      "vertices" : [ 0, 2, 3 ]
    }, {
      "vertices" : [ 0, 3, 2 ]
    }, {
      "vertices" : [ 0, 2, 1 ]
    } ]
  }, {
    "id" : "1a34525a-9bb3-4f00-9092-268621a6b8cc",
    "vertices" : [ {
      "x" : -46.978714,
      "y" : -154.64435,
      "z" : 60.686916
    }, {
      "x" : -42.742645,
      "y" : -152.0263,
      "z" : 60.686916
    }, {
      "x" : 129.84598,
      "y" : 20.562305,
      "z" : -111.9017
    }, {
      "x" : 125.6099,
      "y" : 17.944271,
      "z" : -111.9017
    } ],
    "faces" : [ {
      "vertices" : [ 0, 1, 2 ]
    }, {
      "vertices" : [ 0, 2, 3 ]
    }, {
      "vertices" : [ 0, 3, 2 ]
    }, {
      "vertices" : [ 0, 2, 1 ]
    } ]
  }, {
    "id" : "914697a2-0919-486e-9139-b97d593f87cd",
    "vertices" : [ {
      "x" : 20.562305,
      "y" : 29.034441,
      "z" : -37.506577
    }, {
      "x" : 17.944271,
      "y" : 29.034441,
      "z" : -38.506577
    }, {
      "x" : 11.09017,
      "y" : 22.18034,
      "z" : -45.36068
    }, {
      "x" : 13.708204,
      "y" : 22.18034,
      "z" : -44.36068
    } ],
    "faces" : [ {
      "vertices" : [ 0, 1, 2 ]
    }, {
      "vertices" : [ 0, 2, 3 ]
    }, {
      "vertices" : [ 0, 3, 2 ]
    }, {
      "vertices" : [ 0, 2, 1 ]
    } ]
  }, {
    "id" : "bcd01568-51bc-4b51-b22c-bc95826a9adc",
    "vertices" : [ {
      "x" : 24.798374,
      "y" : 8.472136,
      "z" : 103.429565
    }, {
      "x" : 26.416409,
      "y" : 8.472136,
      "z" : 100.81153
    }, {
      "x" : 26.416409,
      "y" : 74.39512,
      "z" : -71.777084
    }, {
      "x" : 24.798374,
      "y" : 74.39512,
      "z" : -69.15905
    } ],
    "faces" : [ {
      "vertices" : [ 0, 1, 2 ]
    }, {
      "vertices" : [ 0, 2, 3 ]
    }, {
      "vertices" : [ 0, 3, 2 ]
    }, {
      "vertices" : [ 0, 2, 1 ]
    } ]
  }, {
    "id" : "f999b67c-0785-482c-a0a0-26dbb948846c",
    "vertices" : [ {
      "x" : 103.429565,
      "y" : 22.18034,
      "z" : 1.618034
    }, {
      "x" : 100.81153,
      "y" : 29.034441,
      "z" : 1.618034
    }, {
      "x" : -76.01315,
      "y" : 22.18034,
      "z" : 70.15905
    }, {
      "x" : -71.777084,
      "y" : 29.034441,
      "z" : 67.54102
    } ],
    "faces" : [ {
      "vertices" : [ 0, 1, 2 ]
    }, {
      "vertices" : [ 0, 2, 3 ]
    }, {
      "vertices" : [ 0, 3, 2 ]
    }, {
      "vertices" : [ 0, 2, 1 ]
    } ]
  }, {
    "id" : "6a436afd-08bb-41b8-8d16-579b52a09e39",
    "vertices" : [ {
      "x" : 8.472136,
      "y" : 103.429565,
      "z" : 24.798374
    }, {
      "x" : 1.618034,
      "y" : 100.81153,
      "z" : 29.034441
    }, {
      "x" : 1.618034,
      "y" : 103.429565,
      "z" : 22.18034
    } ],
    "faces" : [ {
      "vertices" : [ 0, 1, 2 ]
    }, {
      "vertices" : [ 0, 2, 1 ]
    } ]
  }, {
    "id" : "46bdfe59-3729-4bd9-9407-1f5be6e5efe1",
    "vertices" : [ {
      "x" : -17.944271,
      "y" : -8.472136,
      "z" : 100.81153
    }, {
      "x" : -24.798374,
      "y" : -8.472136,
      "z" : 103.429565
    }, {
      "x" : -22.18034,
      "y" : -1.618034,
      "z" : 103.429565
    } ],
    "faces" : [ {
      "vertices" : [ 0, 1, 2 ]
    }, {
      "vertices" : [ 0, 2, 1 ]
    } ]
  }, {
    "id" : "27edc692-1254-40bd-a66a-0faf2f748c59",
    "vertices" : [ {
      "x" : 46.978714,
      "y" : -38.506577,
      "z" : -82.867256
    }, {
      "x" : 51.214783,
      "y" : -34.27051,
      "z" : -87.103325
    }, {
      "x" : 44.36068,
      "y" : -34.27051,
      "z" : -89.72136
    } ],
    "faces" : [ {
      "vertices" : [ 0, 1, 2 ]
    }, {
      "vertices" : [ 0, 2, 1 ]
    } ]
  }, {
    "id" : "2fa6890b-9524-4f81-aad4-f3facde1da11",
    "vertices" : [ {
      "x" : 38.506577,
      "y" : -82.867256,
      "z" : -46.978714
    }, {
      "x" : 34.27051,
      "y" : -87.103325,
      "z" : -51.214783
    }, {
      "x" : -31.652475,
      "y" : 85.48529,
      "z" : -51.214783
    }, {
      "x" : -27.416409,
      "y" : 89.72136,
      "z" : -46.978714
    } ],
    "faces" : [ {
      "vertices" : [ 0, 1, 2 ]
    }, {
      "vertices" : [ 0, 2, 3 ]
    }, {
      "vertices" : [ 0, 3, 2 ]
    }, {
      "vertices" : [ 0, 2, 1 ]
    } ]
  }, {
    "id" : "c9b33e24-c4b0-4c23-a905-607c3f1674ef",
    "vertices" : [ {
      "x" : 8.472136,
      "y" : -100.81153,
      "z" : -17.944271
    }, {
      "x" : 8.472136,
      "y" : -103.429565,
      "z" : -24.798374
    }, {
      "x" : 74.39512,
      "y" : 69.15905,
      "z" : -24.798374
    }, {
      "x" : 74.39512,
      "y" : 71.777084,
      "z" : -17.944271
    } ],
    "faces" : [ {
      "vertices" : [ 0, 1, 2 ]
    }, {
      "vertices" : [ 0, 2, 3 ]
    }, {
      "vertices" : [ 0, 3, 2 ]
    }, {
      "vertices" : [ 0, 2, 1 ]
    } ]
  }, {
    "id" : "fe68c464-6917-44d4-9deb-764bb580f96d",
    "vertices" : [ {
      "x" : -71.777084,
      "y" : 42.742645,
      "z" : -147.79024
    }, {
      "x" : -60.686916,
      "y" : 46.978714,
      "z" : -154.64435
    }, {
      "x" : -60.686916,
      "y" : 42.742645,
      "z" : -152.0263
    } ],
    "faces" : [ {
      "vertices" : [ 0, 1, 2 ]
    }, {
      "vertices" : [ 0, 2, 1 ]
    } ]
  }, {
    "id" : "e21e55b3-b8c4-4f27-aef1-6cf6e1170bf6",
    "vertices" : [ {
      "x" : 53.832817,
      "y" : -17.944271,
      "z" : 17.944271
    }, {
      "x" : 53.832817,
      "y" : -17.944271,
      "z" : 26.416409
    }, {
      "x" : 53.832817,
      "y" : -15.326238,
      "z" : 24.798374
    } ],
    "faces" : [ {
      "vertices" : [ 0, 1, 2 ]
    }, {
      "vertices" : [ 0, 2, 1 ]
    } ]
  }, {
    "id" : "05d442d8-12c7-48f5-8b4d-d8bffdd6617f",
    "vertices" : [ {
      "x" : -46.978714,
      "y" : 2.618034,
      "z" : -24.798374
    }, {
      "x" : -46.978714,
      "y" : 0.0,
      "z" : -26.416409
    }, {
      "x" : -42.742645,
      "y" : 11.09017,
      "z" : -26.416409
    }, {
      "x" : -44.36068,
      "y" : 9.472136,
      "z" : -24.798374
    } ],
    "faces" : [ {
      "vertices" : [ 0, 1, 2 ]
    }, {
      "vertices" : [ 0, 2, 3 ]
    }, {
      "vertices" : [ 0, 3, 2 ]
    }, {
      "vertices" : [ 0, 2, 1 ]
    } ]
  }, {
    "id" : "b04da730-a449-46a2-9402-8c0e1e0b3049",
    "vertices" : [ {
      "x" : -91.33939,
      "y" : -44.36068,
      "z" : -26.416409
    }, {
      "x" : -95.57546,
      "y" : -37.506577,
      "z" : -29.034441
    }, {
      "x" : -93.95743,
      "y" : -37.506577,
      "z" : -26.416409
    } ],
    "faces" : [ {
      "vertices" : [ 0, 1, 2 ]
    }, {
      "vertices" : [ 0, 2, 1 ]
    } ]
  }, {
    "id" : "fb05e41d-718c-4b0b-b0ac-8ffeffb3dee0",
    "vertices" : [ {
      "x" : 67.54102,
      "y" : 71.777084,
      "z" : -29.034441
    }, {
      "x" : 74.39512,
      "y" : 71.777084,
      "z" : -26.416409
    }, {
      "x" : 70.15905,
      "y" : 76.01315,
      "z" : -22.18034
    } ],
    "faces" : [ {
      "vertices" : [ 0, 1, 2 ]
    }, {
      "vertices" : [ 0, 2, 1 ]
    } ]
  }, {
    "id" : "6d1b5174-8bbe-405c-80b2-d1360c9256d6",
    "vertices" : [ {
      "x" : -53.832817,
      "y" : -53.832817,
      "z" : 147.79024
    }, {
      "x" : -60.686916,
      "y" : -46.978714,
      "z" : 154.64435
    }, {
      "x" : -67.54102,
      "y" : -53.832817,
      "z" : 147.79024
    } ],
    "faces" : [ {
      "vertices" : [ 0, 1, 2 ]
    }, {
      "vertices" : [ 0, 2, 1 ]
    } ]
  }, {
    "id" : "e835e370-a6ea-4728-a768-f0034c22dd66",
    "vertices" : [ {
      "x" : -22.18034,
      "y" : 46.978714,
