{
  "field" : "sqrtPhi",
  "symmetry" : "icosahedral",
  "orientations" : [ [ 1.0, 0.0, 0.0, 0.0, 0.0, 1.0, 0.0, 0.0, 0.0, 0.0, 1.0, 0.0, 0.0, 0.0, 0.0, 1.0 ], [ 0.0, 0.0, 1.0, 0.0, 1.0, 0.0, 0.0, 0.0, 0.0, 1.0, 0.0, 0.0, 0.0, 0.0, 0.0, 1.0 ], [ 0.0, 1.0, 0.0, 0.0, 0.0, 0.0, 1.0, 0.0, 1.0, 0.0, 0.0, 0.0, 0.0, 0.0, 0.0, 1.0 ], [ 0.809017, 0.309017, 0.5, 0.0, 0.309017, 0.5, -0.809017, 0.0, -0.5, 0.809017, 0.309017, 0.0, 0.0, 0.0, 0.0, 1.0 ], [ -0.5, 0.809017, 0.309017, 0.0, 0.809017, 0.309017, 0.5, 0.0, 0.309017, 0.5, -0.809017, 0.0, 0.0, 0.0, 0.0, 1.0 ], [ 0.309017, 0.5, -0.809017, 0.0, -0.5, 0.809017, 0.309017, 0.0, 0.809017, 0.309017, 0.5, 0.0, 0.0, 0.0, 0.0, 1.0 ], [ 0.5, 0.809017, 0.309017, 0.0, 0.809017, -0.309017, -0.5, 0.0, -0.309017, 0.5, -0.809017, 0.0, 0.0, 0.0, 0.0, 1.0 ], [ -0.309017, 0.5, -0.809017, 0.0, 0.5, 0.809017, 0.309017, 0.0, 0.809017, -0.309017, -0.5, 0.0, 0.0, 0.0, 0.0, 1.0 ], [ 0.809017, -0.309017, -0.5, 0.0, -0.309017, 0.5, -0.809017, 0.0, 0.5, 0.809017, 0.309017, 0.0, 0.0, 0.0, 0.0, 1.0 ], [ 0.5, 0.809017, -0.309017, 0.0, 0.809017, -0.309017, 0.5, 0.0, 0.309017, -0.5, -0.809017, 0.0, 0.0, 0.0, 0.0, 1.0 ], [ 0.309017, -0.5, -0.809017, 0.0, 0.5, 0.809017, -0.309017, 0.0, 0.809017, -0.309017, 0.5, 0.0, 0.0, 0.0, 0.0, 1.0 ], [ 0.809017, -0.309017, 0.5, 0.0, 0.309017, -0.5, -0.809017, 0.0, 0.5, 0.809017, -0.309017, 0.0, 0.0, 0.0, 0.0, 1.0 ], [ 0.809017, 0.309017, -0.5, 0.0, 0.309017, 0.5, 0.809017, 0.0, 0.5, -0.809017, 0.309017, 0.0, 0.0, 0.0, 0.0, 1.0 ], [ 0.5, -0.809017, 0.309017, 0.0, 0.809017, 0.309017, -0.5, 0.0, 0.309017, 0.5, 0.809017, 0.0, 0.0, 0.0, 0.0, 1.0 ], [ 0.309017, 0.5, 0.809017, 0.0, 0.5, -0.809017, 0.309017, 0.0, 0.809017, 0.309017, -0.5, 0.0, 0.0, 0.0, 0.0, 1.0 ], [ 1.0, 0.0, 0.0, 0.0, 0.0, -1.0, 0.0, 0.0, 0.0, 0.0, -1.0, 0.0, 0.0, 0.0, 0.0, 1.0 ], [ 0.0, 0.0, 1.0, 0.0, -1.0, 0.0, 0.0, 0.0, 0.0, -1.0, 0.0, 0.0, 0.0, 0.0, 0.0, 1.0 ], [ 0.0, 1.0, 0.0, 0.0, 0.0, 0.0, -1.0, 0.0, -1.0, 0.0, 0.0, 0.0, 0.0, 0.0, 0.0, 1.0 ], [ 0.809017, 0.309017, 0.5, 0.0, -0.309017, -0.5, 0.809017, 0.0, 0.5, -0.809017, -0.309017, 0.0, 0.0, 0.0, 0.0, 1.0 ], [ -0.5, 0.809017, 0.309017, 0.0, -0.809017, -0.309017, -0.5, 0.0, -0.309017, -0.5, 0.809017, 0.0, 0.0, 0.0, 0.0, 1.0 ], [ 0.309017, 0.5, -0.809017, 0.0, 0.5, -0.809017, -0.309017, 0.0, -0.809017, -0.309017, -0.5, 0.0, 0.0, 0.0, 0.0, 1.0 ], [ 0.5, 0.809017, 0.309017, 0.0, -0.809017, 0.309017, 0.5, 0.0, 0.309017, -0.5, 0.809017, 0.0, 0.0, 0.0, 0.0, 1.0 ], [ -0.309017, 0.5, -0.809017, 0.0, -0.5, -0.809017, -0.309017, 0.0, -0.809017, 0.309017, 0.5, 0.0, 0.0, 0.0, 0.0, 1.0 ], [ 0.809017, -0.309017, -0.5, 0.0, 0.309017, -0.5, 0.809017, 0.0, -0.5, -0.809017, -0.309017, 0.0, 0.0, 0.0, 0.0, 1.0 ], [ 0.5, 0.809017, -0.309017, 0.0, -0.809017, 0.309017, -0.5, 0.0, -0.309017, 0.5, 0.809017, 0.0, 0.0, 0.0, 0.0, 1.0 ], [ 0.309017, -0.5, -0.809017, 0.0, -0.5, -0.809017, 0.309017, 0.0, -0.809017, 0.309017, -0.5, 0.0, 0.0, 0.0, 0.0, 1.0 ], [ 0.809017, -0.309017, 0.5, 0.0, -0.309017, 0.5, 0.809017, 0.0, -0.5, -0.809017, 0.309017, 0.0, 0.0, 0.0, 0.0, 1.0 ], [ 0.809017, 0.309017, -0.5, 0.0, -0.309017, -0.5, -0.809017, 0.0, -0.5, 0.809017, -0.309017, 0.0, 0.0, 0.0, 0.0, 1.0 ], [ 0.5, -0.809017, 0.309017, 0.0, -0.809017, -0.309017, 0.5, 0.0, -0.309017, -0.5, -0.809017, 0.0, 0.0, 0.0, 0.0, 1.0 ], [ 0.309017, 0.5, 0.809017, 0.0, -0.5, 0.809017, -0.309017, 0.0, -0.809017, -0.309017, 0.5, 0.0, 0.0, 0.0, 0.0, 1.0 ], [ -1.0, 0.0, 0.0, 0.0, 0.0, -1.0, 0.0, 0.0, 0.0, 0.0, 1.0, 0.0, 0.0, 0.0, 0.0, 1.0 ], [ 0.0, 0.0, -1.0, 0.0, -1.0, 0.0, 0.0, 0.0, 0.0, 1.0, 0.0, 0.0, 0.0, 0.0, 0.0, 1.0 ], [ 0.0, -1.0, 0.0, 0.0, 0.0, 0.0, -1.0, 0.0, 1.0, 0.0, 0.0, 0.0, 0.0, 0.0, 0.0, 1.0 ], [ -0.809017, -0.309017, -0.5, 0.0, -0.309017, -0.5, 0.809017, 0.0, -0.5, 0.809017, 0.309017, 0.0, 0.0, 0.0, 0.0, 1.0 ], [ 0.5, -0.809017, -0.309017, 0.0, -0.809017, -0.309017, -0.5, 0.0, 0.309017, 0.5, -0.809017, 0.0, 0.0, 0.0, 0.0, 1.0 ], [ -0.309017, -0.5, 0.809017, 0.0, 0.5, -0.809017, -0.309017, 0.0, 0.809017, 0.309017, 0.5, 0.0, 0.0, 0.0, 0.0, 1.0 ], [ -0.5, -0.809017, -0.309017, 0.0, -0.809017, 0.309017, 0.5, 0.0, -0.309017, 0.5, -0.809017, 0.0, 0.0, 0.0, 0.0, 1.0 ], [ 0.309017, -0.5, 0.809017, 0.0, -0.5, -0.809017, -0.309017, 0.0, 0.809017, -0.309017, -0.5, 0.0, 0.0, 0.0, 0.0, 1.0 ], [ -0.809017, 0.309017, 0.5, 0.0, 0.309017, -0.5, 0.809017, 0.0, 0.5, 0.809017, 0.309017, 0.0, 0.0, 0.0, 0.0, 1.0 ], [ -0.5, -0.809017, 0.309017, 0.0, -0.809017, 0.309017, -0.5, 0.0, 0.309017, -0.5, -0.809017, 0.0, 0.0, 0.0, 0.0, 1.0 ], [ -0.309017, 0.5, 0.809017, 0.0, -0.5, -0.809017, 0.309017, 0.0, 0.809017, -0.309017, 0.5, 0.0, 0.0, 0.0, 0.0, 1.0 ], [ -0.809017, 0.309017, -0.5, 0.0, -0.309017, 0.5, 0.809017, 0.0, 0.5, 0.809017, -0.309017, 0.0, 0.0, 0.0, 0.0, 1.0 ], [ -0.809017, -0.309017, 0.5, 0.0, -0.309017, -0.5, -0.809017, 0.0, 0.5, -0.809017, 0.309017, 0.0, 0.0, 0.0, 0.0, 1.0 ], [ -0.5, 0.809017, -0.309017, 0.0, -0.809017, -0.309017, 0.5, 0.0, 0.309017, 0.5, 0.809017, 0.0, 0.0, 0.0, 0.0, 1.0 ], [ -0.309017, -0.5, -0.809017, 0.0, -0.5, 0.809017, -0.309017, 0.0, 0.809017, 0.309017, -0.5, 0.0, 0.0, 0.0, 0.0, 1.0 ], [ -1.0, 0.0, 0.0, 0.0, 0.0, 1.0, 0.0, 0.0, 0.0, 0.0, -1.0, 0.0, 0.0, 0.0, 0.0, 1.0 ], [ 0.0, 0.0, -1.0, 0.0, 1.0, 0.0, 0.0, 0.0, 0.0, -1.0, 0.0, 0.0, 0.0, 0.0, 0.0, 1.0 ], [ 0.0, -1.0, 0.0, 0.0, 0.0, 0.0, 1.0, 0.0, -1.0, 0.0, 0.0, 0.0, 0.0, 0.0, 0.0, 1.0 ], [ -0.809017, -0.309017, -0.5, 0.0, 0.309017, 0.5, -0.809017, 0.0, 0.5, -0.809017, -0.309017, 0.0, 0.0, 0.0, 0.0, 1.0 ], [ 0.5, -0.809017, -0.309017, 0.0, 0.809017, 0.309017, 0.5, 0.0, -0.309017, -0.5, 0.809017, 0.0, 0.0, 0.0, 0.0, 1.0 ], [ -0.309017, -0.5, 0.809017, 0.0, -0.5, 0.809017, 0.309017, 0.0, -0.809017, -0.309017, -0.5, 0.0, 0.0, 0.0, 0.0, 1.0 ], [ -0.5, -0.809017, -0.309017, 0.0, 0.809017, -0.309017, -0.5, 0.0, 0.309017, -0.5, 0.809017, 0.0, 0.0, 0.0, 0.0, 1.0 ], [ 0.309017, -0.5, 0.809017, 0.0, 0.5, 0.809017, 0.309017, 0.0, -0.809017, 0.309017, 0.5, 0.0, 0.0, 0.0, 0.0, 1.0 ], [ -0.809017, 0.309017, 0.5, 0.0, -0.309017, 0.5, -0.809017, 0.0, -0.5, -0.809017, -0.309017, 0.0, 0.0, 0.0, 0.0, 1.0 ], [ -0.5, -0.809017, 0.309017, 0.0, 0.809017, -0.309017, 0.5, 0.0, -0.309017, 0.5, 0.809017, 0.0, 0.0, 0.0, 0.0, 1.0 ], [ -0.309017, 0.5, 0.809017, 0.0, 0.5, 0.809017, -0.309017, 0.0, -0.809017, 0.309017, -0.5, 0.0, 0.0, 0.0, 0.0, 1.0 ], [ -0.809017, 0.309017, -0.5, 0.0, 0.309017, -0.5, -0.809017, 0.0, -0.5, -0.809017, 0.309017, 0.0, 0.0, 0.0, 0.0, 1.0 ], [ -0.809017, -0.309017, 0.5, 0.0, 0.309017, 0.5, 0.809017, 0.0, -0.5, 0.809017, -0.309017, 0.0, 0.0, 0.0, 0.0, 1.0 ], [ -0.5, 0.809017, -0.309017, 0.0, 0.809017, 0.309017, -0.5, 0.0, -0.309017, -0.5, -0.809017, 0.0, 0.0, 0.0, 0.0, 1.0 ], [ -0.309017, -0.5, -0.809017, 0.0, 0.5, -0.809017, 0.309017, 0.0, -0.809017, -0.309017, 0.5, 0.0, 0.0, 0.0, 0.0, 1.0 ] ],
  "lights" : {
    "ambientColor" : "#292929",
    "backgroundColor" : "#666666",
    "directionalLights" : [ {
      "direction" : {
        "x" : 1.0,
        "y" : -1.0,
        "z" : -1.0
      },
      "color" : "#EBEBE4"
    }, {
      "direction" : {
        "x" : -1.0,
        "y" : 0.0,
        "z" : 0.0
      },
      "color" : "#E4E4EB"
    }, {
      "direction" : {
        "x" : 0.0,
        "y" : 0.0,
        "z" : -1.0
      },
      "color" : "#1E1E1E"
    } ]
  },
  "camera" : {
    "perspective" : true,
    "lookDirection" : {
      "x" : -0.0056183888,
      "y" : -0.24136147,
      "z" : -0.9704193
    },
    "upDirection" : {
      "x" : -0.0150852855,
      "y" : 0.97034293,
      "z" : -0.24125578
    },
    "lookAtPoint" : {
      "x" : 0.0,
      "y" : 0.0,
      "z" : 0.0
    },
    "viewDistance" : 232.4975,
    "nearClipDistance" : 0.5812434,
    "farClipDistance" : 464.99365,
    "fieldOfView" : 0.44262823,
    "width" : 104.62371,
    "stereo" : false,
    "position" : {
      "x" : 1.3062613,
      "y" : 56.115936,
      "z" : 225.62006
    }
  },
  "embedding" : [ 1.0, 0.0, 0.0, 0.0, 0.0, 1.0, 0.0, 0.0, 0.0, 0.0, 1.0, 0.0, 0.0, 0.0, 0.0, 1.0 ],
  "shapes" : [ {
    "id" : "78c1923b-7ba7-494b-b510-1e82d467c4d9",
    "vertices" : [ {
      "x" : 36.864227,
      "y" : 13.95356,
      "z" : -5.4571075
    }, {
      "x" : 37.54592,
      "y" : 13.977877,
      "z" : -5.545085
    }, {
      "x" : 36.864227,
      "y" : 13.95356,
      "z" : -5.2024636
    }, {
      "x" : 36.736904,
      "y" : 14.159572,
      "z" : -5.535797
    }, {
      "x" : 36.736904,
      "y" : 14.159572,
      "z" : -5.2811527
    }, {
      "x" : 0.53934467,
      "y" : 0.41202265,
      "z" : 0.20601133
    }, {
      "x" : 0.6666667,
      "y" : 0.20601133,
      "z" : 0.127322
    }, {
      "x" : 1.2696723,
      "y" : 0.35764968,
      "z" : -0.009288015
    }, {
      "x" : 37.339912,
      "y" : 14.31121,
      "z" : -5.672407
    }, {
      "x" : 37.46723,
      "y" : 14.105198,
      "z" : -5.7510962
    }, {
      "x" : 37.46723,
      "y" : 14.105198,
      "z" : -5.3390737
    }, {
      "x" : 37.339912,
      "y" : 14.31121,
      "z" : -5.4177628
    }, {
      "x" : 1.1423503,
      "y" : 0.563661,
      "z" : -0.08797734
    }, {
      "x" : 0.46065533,
      "y" : 0.53934467,
      "z" : 0.0
    }, {
      "x" : 1.2696723,
      "y" : 0.35764968,
      "z" : -0.26393202
    }, {
      "x" : 1.1423503,
      "y" : 0.563661,
      "z" : -0.34262136
    }, {
      "x" : 0.53934467,
      "y" : 0.41202265,
      "z" : -0.20601133
    }, {
      "x" : 0.6666667,
      "y" : 0.20601133,
      "z" : -0.127322
    }, {
      "x" : 38.006577,
      "y" : 14.5172205,
      "z" : -5.545085
    }, {
      "x" : 0.0,
      "y" : 0.0,
      "z" : 0.0
    } ],
    "faces" : [ {
      "vertices" : [ 0, 1, 2 ]
    }, {
      "vertices" : [ 0, 9, 1 ]
    }, {
      "vertices" : [ 0, 3, 9 ]
    }, {
      "vertices" : [ 1, 10, 2 ]
    }, {
      "vertices" : [ 5, 6, 7 ]
    }, {
      "vertices" : [ 3, 8, 9 ]
    }, {
      "vertices" : [ 0, 2, 7 ]
    }, {
      "vertices" : [ 0, 7, 14 ]
    }, {
      "vertices" : [ 5, 7, 12 ]
    }, {
      "vertices" : [ 2, 4, 12 ]
    }, {
      "vertices" : [ 2, 12, 7 ]
    }, {
      "vertices" : [ 3, 4, 11 ]
    }, {
      "vertices" : [ 3, 11, 8 ]
    }, {
      "vertices" : [ 2, 10, 11 ]
    }, {
      "vertices" : [ 2, 11, 4 ]
    }, {
      "vertices" : [ 1, 9, 18 ]
    }, {
      "vertices" : [ 1, 18, 10 ]
    }, {
      "vertices" : [ 5, 12, 13 ]
    }, {
      "vertices" : [ 5, 19, 6 ]
    }, {
      "vertices" : [ 0, 14, 15 ]
    }, {
      "vertices" : [ 0, 15, 3 ]
    }, {
      "vertices" : [ 3, 15, 12 ]
    }, {
      "vertices" : [ 3, 12, 4 ]
    }, {
      "vertices" : [ 8, 18, 9 ]
    }, {
      "vertices" : [ 8, 11, 18 ]
    }, {
      "vertices" : [ 5, 13, 19 ]
    }, {
      "vertices" : [ 10, 18, 11 ]
    }, {
      "vertices" : [ 12, 15, 13 ]
    }, {
      "vertices" : [ 6, 19, 17 ]
    }, {
      "vertices" : [ 13, 15, 16 ]
    }, {
      "vertices" : [ 6, 17, 14 ]
    }, {
      "vertices" : [ 6, 14, 7 ]
    }, {
      "vertices" : [ 13, 16, 19 ]
    }, {
      "vertices" : [ 16, 17, 19 ]
    }, {
      "vertices" : [ 14, 17, 16 ]
    }, {
      "vertices" : [ 14, 16, 15 ]
    } ]
  }, {
    "id" : "53cb5ec2-9a85-404b-a616-dd8e737acba1",
    "vertices" : [ {
      "x" : -0.6545085,
      "y" : -0.20225425,
      "z" : -0.125
    }, {
      "x" : -0.6545085,
      "y" : -0.20225425,
      "z" : 0.125
    }, {
      "x" : -0.6545085,
      "y" : 0.20225425,
      "z" : -0.125
    }, {
      "x" : -0.6545085,
      "y" : 0.20225425,
      "z" : 0.125
    }, {
      "x" : -0.5295085,
      "y" : -0.4045085,
      "z" : -0.20225425
    }, {
      "x" : -0.5295085,
      "y" : -0.4045085,
      "z" : 0.20225425
    }, {
      "x" : -0.5295085,
      "y" : 0.0,
      "z" : -0.45225424
    }, {
      "x" : -0.5295085,
      "y" : 0.0,
      "z" : 0.45225424
    }, {
      "x" : -0.5295085,
      "y" : 0.4045085,
      "z" : -0.20225425
    }, {
      "x" : -0.5295085,
      "y" : 0.4045085,
      "z" : 0.20225425
    }, {
      "x" : -0.45225424,
      "y" : -0.5295085,
      "z" : 0.0
    }, {
      "x" : -0.45225424,
      "y" : 0.5295085,
      "z" : 0.0
    }, {
      "x" : -0.4045085,
      "y" : -0.20225425,
      "z" : -0.5295085
    }, {
      "x" : -0.4045085,
      "y" : -0.20225425,
      "z" : 0.5295085
    }, {
      "x" : -0.4045085,
      "y" : 0.20225425,
      "z" : -0.5295085
    }, {
      "x" : -0.4045085,
      "y" : 0.20225425,
      "z" : 0.5295085
    }, {
      "x" : -0.20225425,
      "y" : -0.5295085,
      "z" : -0.4045085
    }, {
      "x" : -0.20225425,
      "y" : -0.5295085,
      "z" : 0.4045085
    }, {
      "x" : -0.20225425,
      "y" : -0.125,
      "z" : -0.6545085
    }, {
      "x" : -0.20225425,
      "y" : -0.125,
      "z" : 0.6545085
    }, {
      "x" : -0.20225425,
      "y" : 0.125,
      "z" : -0.6545085
    }, {
      "x" : -0.20225425,
      "y" : 0.125,
      "z" : 0.6545085
    }, {
      "x" : -0.20225425,
      "y" : 0.5295085,
      "z" : -0.4045085
    }, {
      "x" : -0.20225425,
      "y" : 0.5295085,
      "z" : 0.4045085
    }, {
      "x" : -0.125,
      "y" : -0.6545085,
      "z" : -0.20225425
    }, {
      "x" : -0.125,
      "y" : -0.6545085,
      "z" : 0.20225425
    }, {
      "x" : -0.125,
      "y" : 0.6545085,
      "z" : -0.20225425
    }, {
      "x" : -0.125,
      "y" : 0.6545085,
      "z" : 0.20225425
    }, {
      "x" : 0.0,
      "y" : -0.45225424,
      "z" : -0.5295085
    }, {
      "x" : 0.0,
      "y" : -0.45225424,
      "z" : 0.5295085
    }, {
      "x" : 0.0,
      "y" : 0.45225424,
      "z" : -0.5295085
    }, {
      "x" : 0.0,
      "y" : 0.45225424,
      "z" : 0.5295085
    }, {
      "x" : 0.125,
      "y" : -0.6545085,
      "z" : -0.20225425
    }, {
      "x" : 0.125,
      "y" : -0.6545085,
      "z" : 0.20225425
    }, {
      "x" : 0.125,
      "y" : 0.6545085,
      "z" : -0.20225425
    }, {
      "x" : 0.125,
      "y" : 0.6545085,
      "z" : 0.20225425
    }, {
      "x" : 0.20225425,
      "y" : -0.5295085,
      "z" : -0.4045085
    }, {
      "x" : 0.20225425,
      "y" : -0.5295085,
      "z" : 0.4045085
    }, {
      "x" : 0.20225425,
      "y" : -0.125,
      "z" : -0.6545085
    }, {
      "x" : 0.20225425,
      "y" : -0.125,
      "z" : 0.6545085
    }, {
      "x" : 0.20225425,
      "y" : 0.125,
      "z" : -0.6545085
    }, {
      "x" : 0.20225425,
      "y" : 0.125,
      "z" : 0.6545085
    }, {
      "x" : 0.20225425,
      "y" : 0.5295085,
      "z" : -0.4045085
    }, {
      "x" : 0.20225425,
      "y" : 0.5295085,
      "z" : 0.4045085
    }, {
      "x" : 0.4045085,
      "y" : -0.20225425,
      "z" : -0.5295085
    }, {
      "x" : 0.4045085,
      "y" : -0.20225425,
      "z" : 0.5295085
    }, {
      "x" : 0.4045085,
      "y" : 0.20225425,
      "z" : -0.5295085
    }, {
      "x" : 0.4045085,
      "y" : 0.20225425,
      "z" : 0.5295085
    }, {
      "x" : 0.45225424,
      "y" : -0.5295085,
      "z" : 0.0
    }, {
      "x" : 0.45225424,
      "y" : 0.5295085,
      "z" : 0.0
    }, {
      "x" : 0.5295085,
      "y" : -0.4045085,
      "z" : -0.20225425
    }, {
      "x" : 0.5295085,
      "y" : -0.4045085,
      "z" : 0.20225425
    }, {
      "x" : 0.5295085,
      "y" : 0.0,
      "z" : -0.45225424
    }, {
      "x" : 0.5295085,
      "y" : 0.0,
      "z" : 0.45225424
    }, {
      "x" : 0.5295085,
      "y" : 0.4045085,
      "z" : -0.20225425
    }, {
      "x" : 0.5295085,
      "y" : 0.4045085,
      "z" : 0.20225425
    }, {
      "x" : 0.6545085,
      "y" : -0.20225425,
      "z" : -0.125
    }, {
      "x" : 0.6545085,
      "y" : -0.20225425,
      "z" : 0.125
    }, {
      "x" : 0.6545085,
      "y" : 0.20225425,
      "z" : -0.125
    }, {
      "x" : 0.6545085,
      "y" : 0.20225425,
      "z" : 0.125
    } ],
    "faces" : [ {
      "vertices" : [ 36, 44, 50 ]
    }, {
      "vertices" : [ 37, 51, 45 ]
    }, {
      "vertices" : [ 0, 1, 3 ]
    }, {
      "vertices" : [ 0, 3, 2 ]
    }, {
      "vertices" : [ 48, 50, 56 ]
    }, {
      "vertices" : [ 48, 56, 57 ]
    }, {
      "vertices" : [ 48, 57, 51 ]
    }, {
      "vertices" : [ 0, 2, 6 ]
    }, {
      "vertices" : [ 16, 28, 36 ]
    }, {
      "vertices" : [ 16, 36, 32 ]
    }, {
      "vertices" : [ 16, 32, 24 ]
    }, {
      "vertices" : [ 1, 7, 3 ]
    }, {
      "vertices" : [ 17, 25, 33 ]
    }, {
      "vertices" : [ 17, 33, 37 ]
    }, {
      "vertices" : [ 17, 37, 29 ]
    }, {
      "vertices" : [ 42, 54, 46 ]
    }, {
      "vertices" : [ 43, 47, 55 ]
    }, {
      "vertices" : [ 28, 38, 44 ]
    }, {
      "vertices" : [ 28, 44, 36 ]
    }, {
      "vertices" : [ 49, 55, 59 ]
    }, {
      "vertices" : [ 49, 59, 58 ]
    }, {
      "vertices" : [ 49, 58, 54 ]
    }, {
      "vertices" : [ 0, 4, 10 ]
    }, {
      "vertices" : [ 0, 10, 5 ]
    }, {
      "vertices" : [ 0, 5, 1 ]
    }, {
      "vertices" : [ 0, 6, 12 ]
    }, {
      "vertices" : [ 0, 12, 4 ]
    }, {
      "vertices" : [ 29, 37, 45 ]
    }, {
      "vertices" : [ 29, 45, 39 ]
    }, {
      "vertices" : [ 1, 5, 13 ]
    }, {
      "vertices" : [ 1, 13, 7 ]
    }, {
      "vertices" : [ 22, 26, 34 ]
    }, {
      "vertices" : [ 22, 34, 42 ]
    }, {
      "vertices" : [ 22, 42, 30 ]
    }, {
      "vertices" : [ 2, 8, 14 ]
    }, {
      "vertices" : [ 2, 14, 6 ]
    }, {
      "vertices" : [ 30, 42, 46 ]
    }, {
      "vertices" : [ 30, 46, 40 ]
    }, {
      "vertices" : [ 23, 31, 43 ]
    }, {
      "vertices" : [ 23, 43, 35 ]
    }, {
      "vertices" : [ 23, 35, 27 ]
    }, {
      "vertices" : [ 4, 12, 16 ]
    }, {
      "vertices" : [ 2, 3, 9 ]
    }, {
      "vertices" : [ 2, 9, 11 ]
    }, {
      "vertices" : [ 2, 11, 8 ]
    }, {
      "vertices" : [ 3, 7, 15 ]
    }, {
      "vertices" : [ 3, 15, 9 ]
    }, {
      "vertices" : [ 31, 41, 47 ]
    }, {
      "vertices" : [ 31, 47, 43 ]
    }, {
      "vertices" : [ 5, 17, 13 ]
    }, {
      "vertices" : [ 52, 58, 56 ]
    }, {
      "vertices" : [ 32, 36, 50 ]
    }, {
      "vertices" : [ 32, 50, 48 ]
    }, {
      "vertices" : [ 53, 57, 59 ]
    }, {
      "vertices" : [ 33, 48, 51 ]
    }, {
      "vertices" : [ 33, 51, 37 ]
    }, {
      "vertices" : [ 8, 22, 14 ]
    }, {
      "vertices" : [ 9, 15, 23 ]
    }, {
      "vertices" : [ 34, 49, 54 ]
    }, {
      "vertices" : [ 34, 54, 42 ]
    }, {
      "vertices" : [ 4, 16, 24 ]
    }, {
      "vertices" : [ 4, 24, 10 ]
    }, {
      "vertices" : [ 35, 43, 55 ]
    }, {
      "vertices" : [ 35, 55, 49 ]
    }, {
      "vertices" : [ 5, 10, 25 ]
    }, {
      "vertices" : [ 5, 25, 17 ]
    }, {
      "vertices" : [ 10, 24, 25 ]
    }, {
      "vertices" : [ 11, 27, 26 ]
    }, {
      "vertices" : [ 8, 11, 26 ]
    }, {
      "vertices" : [ 8, 26, 22 ]
    }, {
      "vertices" : [ 9, 23, 27 ]
    }, {
      "vertices" : [ 9, 27, 11 ]
    }, {
      "vertices" : [ 6, 14, 20 ]
    }, {
      "vertices" : [ 6, 20, 18 ]
    }, {
      "vertices" : [ 6, 18, 12 ]
    }, {
      "vertices" : [ 12, 18, 28 ]
    }, {
      "vertices" : [ 12, 28, 16 ]
    }, {
      "vertices" : [ 44, 52, 56 ]
    }, {
      "vertices" : [ 44, 56, 50 ]
    }, {
      "vertices" : [ 7, 13, 19 ]
    }, {
      "vertices" : [ 7, 19, 21 ]
    }, {
      "vertices" : [ 7, 21, 15 ]
    }, {
      "vertices" : [ 13, 17, 29 ]
    }, {
      "vertices" : [ 13, 29, 19 ]
    }, {
      "vertices" : [ 45, 51, 57 ]
    }, {
      "vertices" : [ 45, 57, 53 ]
    }, {
      "vertices" : [ 46, 54, 58 ]
    }, {
      "vertices" : [ 46, 58, 52 ]
    }, {
      "vertices" : [ 18, 38, 28 ]
    }, {
      "vertices" : [ 14, 22, 30 ]
    }, {
      "vertices" : [ 14, 30, 20 ]
    }, {
      "vertices" : [ 47, 53, 59 ]
    }, {
      "vertices" : [ 47, 59, 55 ]
    }, {
      "vertices" : [ 19, 29, 39 ]
    }, {
      "vertices" : [ 20, 30, 40 ]
    }, {
      "vertices" : [ 15, 21, 31 ]
    }, {
      "vertices" : [ 15, 31, 23 ]
    }, {
      "vertices" : [ 38, 40, 46 ]
    }, {
      "vertices" : [ 38, 46, 52 ]
    }, {
      "vertices" : [ 38, 52, 44 ]
    }, {
      "vertices" : [ 21, 41, 31 ]
    }, {
      "vertices" : [ 39, 45, 53 ]
    }, {
      "vertices" : [ 39, 53, 47 ]
    }, {
      "vertices" : [ 39, 47, 41 ]
    }, {
      "vertices" : [ 56, 58, 59 ]
    }, {
      "vertices" : [ 56, 59, 57 ]
    }, {
      "vertices" : [ 32, 48, 33 ]
    }, {
      "vertices" : [ 24, 32, 33 ]
    }, {
      "vertices" : [ 24, 33, 25 ]
    }, {
      "vertices" : [ 18, 20, 40 ]
    }, {
      "vertices" : [ 18, 40, 38 ]
    }, {
      "vertices" : [ 34, 35, 49 ]
    }, {
      "vertices" : [ 19, 39, 41 ]
    }, {
      "vertices" : [ 19, 41, 21 ]
    }, {
      "vertices" : [ 26, 27, 35 ]
    }, {
      "vertices" : [ 26, 35, 34 ]
    } ]
  }, {
    "id" : "a37160bd-b9f9-4a95-8b64-01d2c1d7dbf8",
    "vertices" : [ {
      "x" : 36.265713,
      "y" : 0.20601133,
      "z" : 0.127322
    }, {
      "x" : 36.265713,
      "y" : 0.20601133,
      "z" : -0.127322
    }, {
      "x" : 0.6666667,
      "y" : 0.20601133,
      "z" : -0.127322
    }, {
      "x" : 0.6666667,
      "y" : 0.20601133,
      "z" : 0.127322
    }, {
      "x" : 36.265713,
      "y" : -0.20601133,
      "z" : 0.127322
    }, {
      "x" : 0.6666667,
      "y" : -0.20601133,
      "z" : 0.127322
    }, {
      "x" : 0.6666667,
      "y" : -0.20601133,
      "z" : -0.127322
    }, {
      "x" : 36.265713,
      "y" : -0.20601133,
      "z" : -0.127322
    }, {
      "x" : 36.93238,
      "y" : 0.0,
      "z" : 0.0
    }, {
      "x" : 0.0,
      "y" : 0.0,
      "z" : 0.0
    } ],
    "faces" : [ {
      "vertices" : [ 1, 7, 6 ]
    }, {
      "vertices" : [ 1, 6, 2 ]
    }, {
      "vertices" : [ 1, 8, 7 ]
    }, {
      "vertices" : [ 3, 9, 5 ]
    }, {
      "vertices" : [ 2, 6, 9 ]
    }, {
      "vertices" : [ 4, 7, 8 ]
    }, {
      "vertices" : [ 5, 9, 6 ]
    }, {
      "vertices" : [ 0, 1, 2 ]
    }, {
      "vertices" : [ 0, 2, 3 ]
    }, {
      "vertices" : [ 4, 5, 6 ]
    }, {
      "vertices" : [ 4, 6, 7 ]
    }, {
      "vertices" : [ 0, 8, 1 ]
    }, {
      "vertices" : [ 0, 3, 5 ]
    }, {
      "vertices" : [ 0, 5, 4 ]
    }, {
      "vertices" : [ 0, 4, 8 ]
    }, {
      "vertices" : [ 2, 9, 3 ]
    } ]
  }, {
    "id" : "b8a87fbc-fa3e-420d-b985-23840c046362",
    "vertices" : [ {
      "x" : 28.582333,
      "y" : 28.415665,
      "z" : 36.651157
    }, {
      "x" : 28.482332,
      "y" : 28.815666,
      "z" : 36.551155
    }, {
      "x" : 0.45210963,
      "y" : 0.6187763,
      "z" : 0.2812237
    }, {
      "x" : 0.55210966,
      "y" : 0.2187763,
      "z" : 0.3812237
    }, {
      "x" : 28.782331,
      "y" : 28.949,
      "z" : 36.317825
    }, {
      "x" : 28.882332,
      "y" : 28.549,
      "z" : 36.417824
    }, {
      "x" : 0.25210962,
      "y" : 0.08544297,
      "z" : 0.614557
    }, {
      "x" : 0.15210964,
      "y" : 0.48544297,
      "z" : 0.51455706
    } ],
    "faces" : [ {
      "vertices" : [ 2, 3, 6 ]
    }, {
      "vertices" : [ 2, 6, 7 ]
    }, {
      "vertices" : [ 0, 5, 4 ]
    }, {
      "vertices" : [ 0, 4, 1 ]
    }, {
      "vertices" : [ 2, 4, 5 ]
    }, {
      "vertices" : [ 2, 5, 3 ]
    }, {
      "vertices" : [ 0, 6, 3 ]
    }, {
      "vertices" : [ 0, 3, 5 ]
    }, {
      "vertices" : [ 0, 1, 7 ]
    }, {
      "vertices" : [ 0, 7, 6 ]
    }, {
      "vertices" : [ 1, 4, 2 ]
    }, {
      "vertices" : [ 1, 2, 7 ]
    } ]
  }, {
    "id" : "e55f82ac-bc97-438c-aadd-f09d570c7b05",
    "vertices" : [ {
      "x" : 29.034441,
      "y" : -14.631811,
      "z" : -29.034441
    }, {
      "x" : 0.0,
      "y" : 22.30057,
      "z" : 0.0
    }, {
      "x" : -29.034441,
      "y" : -14.631811,
      "z" : -29.034441
    } ],
    "faces" : [ {
      "vertices" : [ 0, 1, 2 ]
    }, {
      "vertices" : [ 0, 2, 1 ]
    } ]
  }, {
    "id" : "fefd76db-06d1-475b-988f-90f2ef7cb2e9",
    "vertices" : [ {
      "x" : -29.034441,
      "y" : -14.631811,
      "z" : 29.034441
    }, {
      "x" : 29.034441,
      "y" : -14.631811,
      "z" : 29.034441
    }, {
      "x" : 0.0,
      "y" : 22.30057,
      "z" : 0.0
    } ],
    "faces" : [ {
      "vertices" : [ 0, 1, 2 ]
    }, {
      "vertices" : [ 0, 2, 1 ]
    } ]
  }, {
    "id" : "e064e63a-1cca-4ca5-8b5b-09bad67f104c",
    "vertices" : [ {
      "x" : 28.367775,
      "y" : 0.20601133,
      "z" : 0.127322
    }, {
      "x" : 28.367775,
      "y" : 0.20601133,
      "z" : -0.127322
    }, {
      "x" : 0.6666667,
      "y" : 0.20601133,
      "z" : -0.127322
    }, {
      "x" : 0.6666667,
      "y" : 0.20601133,
      "z" : 0.127322
    }, {
      "x" : 28.367775,
      "y" : -0.20601133,
      "z" : 0.127322
    }, {
      "x" : 0.6666667,
      "y" : -0.20601133,
      "z" : 0.127322
    }, {
      "x" : 0.6666667,
      "y" : -0.20601133,
      "z" : -0.127322
    }, {
      "x" : 28.367775,
      "y" : -0.20601133,
      "z" : -0.127322
    }, {
      "x" : 29.034441,
      "y" : 0.0,
      "z" : 0.0
    }, {
      "x" : 0.0,
      "y" : 0.0,
      "z" : 0.0
    } ],
    "faces" : [ {
      "vertices" : [ 1, 7, 6 ]
    }, {
      "vertices" : [ 1, 6, 2 ]
    }, {
      "vertices" : [ 1, 8, 7 ]
    }, {
      "vertices" : [ 3, 9, 5 ]
    }, {
      "vertices" : [ 2, 6, 9 ]
    }, {
      "vertices" : [ 4, 7, 8 ]
    }, {
      "vertices" : [ 5, 9, 6 ]
    }, {
      "vertices" : [ 0, 1, 2 ]
    }, {
      "vertices" : [ 0, 2, 3 ]
    }, {
      "vertices" : [ 4, 5, 6 ]
    }, {
      "vertices" : [ 4, 6, 7 ]
    }, {
      "vertices" : [ 0, 8, 1 ]
    }, {
      "vertices" : [ 0, 3, 5 ]
    }, {
      "vertices" : [ 0, 5, 4 ]
    }, {
      "vertices" : [ 0, 4, 8 ]
    }, {
      "vertices" : [ 2, 9, 3 ]
    } ]
  }, {
    "id" : "be388208-d92a-44a8-8147-442c03544a45",
    "vertices" : [ {
      "x" : 57.402218,
      "y" : 0.20601133,
      "z" : 0.127322
    }, {
      "x" : 57.402218,
      "y" : 0.20601133,
      "z" : -0.127322
    }, {
      "x" : 0.6666667,
      "y" : 0.20601133,
      "z" : -0.127322
    }, {
      "x" : 0.6666667,
      "y" : 0.20601133,
      "z" : 0.127322
    }, {
      "x" : 57.402218,
      "y" : -0.20601133,
      "z" : 0.127322
    }, {
      "x" : 0.6666667,
      "y" : -0.20601133,
      "z" : 0.127322
    }, {
      "x" : 0.6666667,
      "y" : -0.20601133,
      "z" : -0.127322
    }, {
      "x" : 57.402218,
      "y" : -0.20601133,
      "z" : -0.127322
    }, {
      "x" : 58.068882,
      "y" : 0.0,
      "z" : 0.0
    }, {
      "x" : 0.0,
      "y" : 0.0,
      "z" : 0.0
    } ],
    "faces" : [ {
      "vertices" : [ 1, 7, 6 ]
    }, {
      "vertices" : [ 1, 6, 2 ]
    }, {
      "vertices" : [ 1, 8, 7 ]
    }, {
      "vertices" : [ 3, 9, 5 ]
    }, {
      "vertices" : [ 2, 6, 9 ]
    }, {
      "vertices" : [ 4, 7, 8 ]
    }, {
      "vertices" : [ 5, 9, 6 ]
    }, {
      "vertices" : [ 0, 1, 2 ]
    }, {
      "vertices" : [ 0, 2, 3 ]
    }, {
      "vertices" : [ 4, 5, 6 ]
    }, {
      "vertices" : [ 4, 6, 7 ]
    }, {
      "vertices" : [ 0, 8, 1 ]
    }, {
      "vertices" : [ 0, 3, 5 ]
    }, {
      "vertices" : [ 0, 5, 4 ]
    }, {
      "vertices" : [ 0, 4, 8 ]
    }, {
      "vertices" : [ 2, 9, 3 ]
    } ]
  }, {
    "id" : "3e14f08b-451e-4677-a1b5-c5afdcfa4353",
    "vertices" : [ {
      "x" : -29.034441,
      "y" : -14.631811,
      "z" : 29.034441
    }, {
      "x" : -29.034441,
      "y" : -14.631811,
      "z" : -29.034441
    }, {
      "x" : 0.0,
      "y" : 22.30057,
      "z" : 0.0
    } ],
    "faces" : [ {
      "vertices" : [ 0, 1, 2 ]
    }, {
      "vertices" : [ 0, 2, 1 ]
    } ]
  }, {
    "id" : "cdadf25d-a96e-4a02-a71b-0c1bd5efa83f",
    "vertices" : [ {
      "x" : -28.407097,
      "y" : 0.13333334,
      "z" : 36.455456
    }, {
      "x" : -28.507095,
      "y" : -0.26666668,
      "z" : 36.555454
    }, {
      "x" : -0.6273459,
      "y" : -0.13333334,
      "z" : 0.47692576
    }, {
      "x" : -0.52734596,
      "y" : 0.26666668,
      "z" : 0.37692577
    }, {
      "x" : -28.807096,
      "y" : -0.13333334,
      "z" : 36.32212
    }, {
      "x" : -28.707096,
      "y" : 0.26666668,
      "z" : 36.222122
    }, {
      "x" : -0.22734594,
      "y" : 0.13333334,
      "z" : 0.6102591
    }, {
      "x" : -0.32734594,
      "y" : -0.26666668,
      "z" : 0.7102591
    } ],
    "faces" : [ {
      "vertices" : [ 2, 3, 6 ]
    }, {
      "vertices" : [ 2, 6, 7 ]
    }, {
      "vertices" : [ 0, 5, 4 ]
    }, {
      "vertices" : [ 0, 4, 1 ]
    }, {
      "vertices" : [ 2, 4, 5 ]
    }, {
      "vertices" : [ 2, 5, 3 ]
    }, {
      "vertices" : [ 0, 6, 3 ]
    }, {
      "vertices" : [ 0, 3, 5 ]
    }, {
      "vertices" : [ 0, 1, 7 ]
    }, {
      "vertices" : [ 0, 7, 6 ]
    }, {
      "vertices" : [ 1, 4, 2 ]
    }, {
      "vertices" : [ 1, 2, 7 ]
    } ]
  }, {
    "id" : "b39e4c7a-fb61-415c-b1e1-ae11ea80bfca",
    "vertices" : [ {
      "x" : 29.034441,
      "y" : -14.631811,
      "z" : -29.034441
    }, {
      "x" : 29.034441,
      "y" : -14.631811,
      "z" : 29.034441
    }, {
      "x" : 0.0,
      "y" : 22.30057,
      "z" : 0.0
    } ],
    "faces" : [ {
      "vertices" : [ 0, 1, 2 ]
    }, {
      "vertices" : [ 0, 2, 1 ]
    } ]
  } ],
  "instances" : [ {
    "shape" : "78c1923b-7ba7-494b-b510-1e82d467c4d9",
    "color" : "#008D36",
    "position" : {
      "x" : 0.0,
      "y" : -14.631811,
      "z" : 0.0
    },
    "orientation" : 53
  }, {
    "shape" : "53cb5ec2-9a85-404b-a616-dd8e737acba1",
    "color" : "#FFFFFF",
    "position" : {
      "x" : 0.0,
      "y" : 22.30057,
      "z" : 0.0
    }
  }, {
    "shape" : "53cb5ec2-9a85-404b-a616-dd8e737acba1",
    "color" : "#FFFFFF",
    "position" : {
      "x" : -29.034441,
      "y" : -14.631811,
      "z" : 29.034441
    }
  }, {
    "shape" : "53cb5ec2-9a85-404b-a616-dd8e737acba1",
    "color" : "#FFFFFF",
    "position" : {
      "x" : -29.034441,
      "y" : -14.631811,
      "z" : -29.034441
    }
  }, {
    "shape" : "53cb5ec2-9a85-404b-a616-dd8e737acba1",
    "color" : "#FFFFFF",
    "position" : {
      "x" : 0.0,
      "y" : -14.631811,
      "z" : 0.0
    }
  }, {
    "shape" : "a37160bd-b9f9-4a95-8b64-01d2c1d7dbf8",
    "color" : "#007695",
    "position" : {
      "x" : 0.0,
      "y" : 22.30057,
      "z" : 0.0
    },
    "orientation" : 16
  }, {
    "shape" : "b8a87fbc-fa3e-420d-b985-23840c046362",
    "color" : "#FFFFFF",
    "position" : {
      "x" : 0.0,
      "y" : 22.30057,
      "z" : 0.0
    },
    "orientation" : 32
  }, {
    "shape" : "e55f82ac-bc97-438c-aadd-f09d570c7b05",
    "color" : "#FFFFFF",
    "position" : {
      "x" : 0.0,
      "y" : 0.0,
      "z" : 0.0
    }
  }, {
    "shape" : "53cb5ec2-9a85-404b-a616-dd8e737acba1",
    "color" : "#FFFFFF",
    "position" : {
      "x" : 0.0,
      "y" : -14.631811,
      "z" : 29.034441
    }
  }, {
    "shape" : "fefd76db-06d1-475b-988f-90f2ef7cb2e9",
    "color" : "#7FBACA",
    "position" : {
      "x" : 0.0,
      "y" : 0.0,
      "z" : 0.0
    }
  }, {
    "shape" : "e064e63a-1cca-4ca5-8b5b-09bad67f104c",
    "color" : "#007695",
    "position" : {
      "x" : 0.0,
      "y" : -14.631811,
      "z" : 29.034441
    },
    "orientation" : 47
  }, {
    "shape" : "be388208-d92a-44a8-8147-442c03544a45",
    "color" : "#007695",
    "position" : {
      "x" : -29.034441,
      "y" : -14.631811,
      "z" : 29.034441
    },
    "orientation" : 47
  }, {
    "shape" : "be388208-d92a-44a8-8147-442c03544a45",
    "color" : "#007695",
    "position" : {
      "x" : 29.034441,
      "y" : -14.631811,
      "z" : -29.034441
    },
    "orientation" : 45
  }, {
    "shape" : "3e14f08b-451e-4677-a1b5-c5afdcfa4353",
    "color" : "#FFFFFF",
    "position" : {
      "x" : 0.0,
      "y" : 0.0,
      "z" : 0.0
    }
  }, {
    "shape" : "cdadf25d-a96e-4a02-a71b-0c1bd5efa83f",
    "color" : "#FFFFFF",
    "position" : {
      "x" : 0.0,
      "y" : -14.631811,
      "z" : 29.034441
    },
    "orientation" : 2
  }, {
    "shape" : "78c1923b-7ba7-494b-b510-1e82d467c4d9",
    "color" : "#008D36",
    "position" : {
      "x" : 29.034441,
      "y" : -14.631811,
      "z" : -29.034441
    },
    "orientation" : 38
  }, {
    "shape" : "53cb5ec2-9a85-404b-a616-dd8e737acba1",
    "color" : "#FFFFFF",
    "position" : {
      "x" : 29.034441,
      "y" : -14.631811,
      "z" : -29.034441
    }
  }, {
    "shape" : "be388208-d92a-44a8-8147-442c03544a45",
    "color" : "#007695",
    "position" : {
      "x" : 29.034441,
      "y" : -14.631811,
      "z" : 29.034441
    },
    "orientation" : 47
  }, {
    "shape" : "b8a87fbc-fa3e-420d-b985-23840c046362",
    "color" : "#FFFFFF",
    "position" : {
      "x" : 29.034441,
      "y" : -14.631811,
      "z" : 29.034441
    },
    "orientation" : 47
  }, {
    "shape" : "b8a87fbc-fa3e-420d-b985-23840c046362",
    "color" : "#FFFFFF",
    "position" : {
      "x" : 0.0,
      "y" : 22.30057,
      "z" : 0.0
    },
    "orientation" : 17
  }, {
    "shape" : "b8a87fbc-fa3e-420d-b985-23840c046362",
    "color" : "#FFFFFF",
    "position" : {
      "x" : -29.034441,
      "y" : -14.631811,
      "z" : -29.034441
    },
    "orientation" : 2
  }, {
    "shape" : "78c1923b-7ba7-494b-b510-1e82d467c4d9",
    "color" : "#008D36",
    "position" : {
      "x" : -29.034441,
      "y" : -14.631811,
      "z" : 29.034441
    },
    "orientation" : 23
  }, {
    "shape" : "be388208-d92a-44a8-8147-442c03544a45",
    "color" : "#007695",
    "position" : {
      "x" : -29.034441,
      "y" : -14.631811,
      "z" : 29.034441
    },
    "orientation" : 0
  }, {
    "shape" : "53cb5ec2-9a85-404b-a616-dd8e737acba1",
    "color" : "#FFFFFF",
    "position" : {
      "x" : 29.034441,
      "y" : -14.631811,
      "z" : 29.034441
    }
  }, {
    "shape" : "b39e4c7a-fb61-415c-b1e1-ae11ea80bfca",
    "color" : "#FFFFFF",
    "position" : {
      "x" : 0.0,
      "y" : 0.0,
      "z" : 0.0
    }
  }, {
    "shape" : "78c1923b-7ba7-494b-b510-1e82d467c4d9",
    "color" : "#008D36",
    "position" : {
      "x" : 0.0,
      "y" : -14.631811,
      "z" : 0.0
    },
    "orientation" : 8
  } ],
  "scenes" : [ ],
  "snapshots" : [ ]
}