{
  "field" : "golden",
  "symmetry" : "icosahedral",
  "orientations" : [ [ 1.0, 0.0, 0.0, 0.0, 0.0, 1.0, 0.0, 0.0, 0.0, 0.0, 1.0, 0.0, 0.0, 0.0, 0.0, 1.0 ], [ 0.0, 0.0, 1.0, 0.0, 1.0, 0.0, 0.0, 0.0, 0.0, 1.0, 0.0, 0.0, 0.0, 0.0, 0.0, 1.0 ], [ 0.0, 1.0, 0.0, 0.0, 0.0, 0.0, 1.0, 0.0, 1.0, 0.0, 0.0, 0.0, 0.0, 0.0, 0.0, 1.0 ], [ 0.809017, 0.309017, 0.5, 0.0, 0.309017, 0.5, -0.809017, 0.0, -0.5, 0.809017, 0.309017, 0.0, 0.0, 0.0, 0.0, 1.0 ], [ -0.5, 0.809017, 0.309017, 0.0, 0.809017, 0.309017, 0.5, 0.0, 0.309017, 0.5, -0.809017, 0.0, 0.0, 0.0, 0.0, 1.0 ], [ 0.309017, 0.5, -0.809017, 0.0, -0.5, 0.809017, 0.309017, 0.0, 0.809017, 0.309017, 0.5, 0.0, 0.0, 0.0, 0.0, 1.0 ], [ 0.5, 0.809017, 0.309017, 0.0, 0.809017, -0.309017, -0.5, 0.0, -0.309017, 0.5, -0.809017, 0.0, 0.0, 0.0, 0.0, 1.0 ], [ -0.309017, 0.5, -0.809017, 0.0, 0.5, 0.809017, 0.309017, 0.0, 0.809017, -0.309017, -0.5, 0.0, 0.0, 0.0, 0.0, 1.0 ], [ 0.809017, -0.309017, -0.5, 0.0, -0.309017, 0.5, -0.809017, 0.0, 0.5, 0.809017, 0.309017, 0.0, 0.0, 0.0, 0.0, 1.0 ], [ 0.5, 0.809017, -0.309017, 0.0, 0.809017, -0.309017, 0.5, 0.0, 0.309017, -0.5, -0.809017, 0.0, 0.0, 0.0, 0.0, 1.0 ], [ 0.309017, -0.5, -0.809017, 0.0, 0.5, 0.809017, -0.309017, 0.0, 0.809017, -0.309017, 0.5, 0.0, 0.0, 0.0, 0.0, 1.0 ], [ 0.809017, -0.309017, 0.5, 0.0, 0.309017, -0.5, -0.809017, 0.0, 0.5, 0.809017, -0.309017, 0.0, 0.0, 0.0, 0.0, 1.0 ], [ 0.809017, 0.309017, -0.5, 0.0, 0.309017, 0.5, 0.809017, 0.0, 0.5, -0.809017, 0.309017, 0.0, 0.0, 0.0, 0.0, 1.0 ], [ 0.5, -0.809017, 0.309017, 0.0, 0.809017, 0.309017, -0.5, 0.0, 0.309017, 0.5, 0.809017, 0.0, 0.0, 0.0, 0.0, 1.0 ], [ 0.309017, 0.5, 0.809017, 0.0, 0.5, -0.809017, 0.309017, 0.0, 0.809017, 0.309017, -0.5, 0.0, 0.0, 0.0, 0.0, 1.0 ], [ 1.0, 0.0, 0.0, 0.0, 0.0, -1.0, 0.0, 0.0, 0.0, 0.0, -1.0, 0.0, 0.0, 0.0, 0.0, 1.0 ], [ 0.0, 0.0, 1.0, 0.0, -1.0, 0.0, 0.0, 0.0, 0.0, -1.0, 0.0, 0.0, 0.0, 0.0, 0.0, 1.0 ], [ 0.0, 1.0, 0.0, 0.0, 0.0, 0.0, -1.0, 0.0, -1.0, 0.0, 0.0, 0.0, 0.0, 0.0, 0.0, 1.0 ], [ 0.809017, 0.309017, 0.5, 0.0, -0.309017, -0.5, 0.809017, 0.0, 0.5, -0.809017, -0.309017, 0.0, 0.0, 0.0, 0.0, 1.0 ], [ -0.5, 0.809017, 0.309017, 0.0, -0.809017, -0.309017, -0.5, 0.0, -0.309017, -0.5, 0.809017, 0.0, 0.0, 0.0, 0.0, 1.0 ], [ 0.309017, 0.5, -0.809017, 0.0, 0.5, -0.809017, -0.309017, 0.0, -0.809017, -0.309017, -0.5, 0.0, 0.0, 0.0, 0.0, 1.0 ], [ 0.5, 0.809017, 0.309017, 0.0, -0.809017, 0.309017, 0.5, 0.0, 0.309017, -0.5, 0.809017, 0.0, 0.0, 0.0, 0.0, 1.0 ], [ -0.309017, 0.5, -0.809017, 0.0, -0.5, -0.809017, -0.309017, 0.0, -0.809017, 0.309017, 0.5, 0.0, 0.0, 0.0, 0.0, 1.0 ], [ 0.809017, -0.309017, -0.5, 0.0, 0.309017, -0.5, 0.809017, 0.0, -0.5, -0.809017, -0.309017, 0.0, 0.0, 0.0, 0.0, 1.0 ], [ 0.5, 0.809017, -0.309017, 0.0, -0.809017, 0.309017, -0.5, 0.0, -0.309017, 0.5, 0.809017, 0.0, 0.0, 0.0, 0.0, 1.0 ], [ 0.309017, -0.5, -0.809017, 0.0, -0.5, -0.809017, 0.309017, 0.0, -0.809017, 0.309017, -0.5, 0.0, 0.0, 0.0, 0.0, 1.0 ], [ 0.809017, -0.309017, 0.5, 0.0, -0.309017, 0.5, 0.809017, 0.0, -0.5, -0.809017, 0.309017, 0.0, 0.0, 0.0, 0.0, 1.0 ], [ 0.809017, 0.309017, -0.5, 0.0, -0.309017, -0.5, -0.809017, 0.0, -0.5, 0.809017, -0.309017, 0.0, 0.0, 0.0, 0.0, 1.0 ], [ 0.5, -0.809017, 0.309017, 0.0, -0.809017, -0.309017, 0.5, 0.0, -0.309017, -0.5, -0.809017, 0.0, 0.0, 0.0, 0.0, 1.0 ], [ 0.309017, 0.5, 0.809017, 0.0, -0.5, 0.809017, -0.309017, 0.0, -0.809017, -0.309017, 0.5, 0.0, 0.0, 0.0, 0.0, 1.0 ], [ -1.0, 0.0, 0.0, 0.0, 0.0, -1.0, 0.0, 0.0, 0.0, 0.0, 1.0, 0.0, 0.0, 0.0, 0.0, 1.0 ], [ 0.0, 0.0, -1.0, 0.0, -1.0, 0.0, 0.0, 0.0, 0.0, 1.0, 0.0, 0.0, 0.0, 0.0, 0.0, 1.0 ], [ 0.0, -1.0, 0.0, 0.0, 0.0, 0.0, -1.0, 0.0, 1.0, 0.0, 0.0, 0.0, 0.0, 0.0, 0.0, 1.0 ], [ -0.809017, -0.309017, -0.5, 0.0, -0.309017, -0.5, 0.809017, 0.0, -0.5, 0.809017, 0.309017, 0.0, 0.0, 0.0, 0.0, 1.0 ], [ 0.5, -0.809017, -0.309017, 0.0, -0.809017, -0.309017, -0.5, 0.0, 0.309017, 0.5, -0.809017, 0.0, 0.0, 0.0, 0.0, 1.0 ], [ -0.309017, -0.5, 0.809017, 0.0, 0.5, -0.809017, -0.309017, 0.0, 0.809017, 0.309017, 0.5, 0.0, 0.0, 0.0, 0.0, 1.0 ], [ -0.5, -0.809017, -0.309017, 0.0, -0.809017, 0.309017, 0.5, 0.0, -0.309017, 0.5, -0.809017, 0.0, 0.0, 0.0, 0.0, 1.0 ], [ 0.309017, -0.5, 0.809017, 0.0, -0.5, -0.809017, -0.309017, 0.0, 0.809017, -0.309017, -0.5, 0.0, 0.0, 0.0, 0.0, 1.0 ], [ -0.809017, 0.309017, 0.5, 0.0, 0.309017, -0.5, 0.809017, 0.0, 0.5, 0.809017, 0.309017, 0.0, 0.0, 0.0, 0.0, 1.0 ], [ -0.5, -0.809017, 0.309017, 0.0, -0.809017, 0.309017, -0.5, 0.0, 0.309017, -0.5, -0.809017, 0.0, 0.0, 0.0, 0.0, 1.0 ], [ -0.309017, 0.5, 0.809017, 0.0, -0.5, -0.809017, 0.309017, 0.0, 0.809017, -0.309017, 0.5, 0.0, 0.0, 0.0, 0.0, 1.0 ], [ -0.809017, 0.309017, -0.5, 0.0, -0.309017, 0.5, 0.809017, 0.0, 0.5, 0.809017, -0.309017, 0.0, 0.0, 0.0, 0.0, 1.0 ], [ -0.809017, -0.309017, 0.5, 0.0, -0.309017, -0.5, -0.809017, 0.0, 0.5, -0.809017, 0.309017, 0.0, 0.0, 0.0, 0.0, 1.0 ], [ -0.5, 0.809017, -0.309017, 0.0, -0.809017, -0.309017, 0.5, 0.0, 0.309017, 0.5, 0.809017, 0.0, 0.0, 0.0, 0.0, 1.0 ], [ -0.309017, -0.5, -0.809017, 0.0, -0.5, 0.809017, -0.309017, 0.0, 0.809017, 0.309017, -0.5, 0.0, 0.0, 0.0, 0.0, 1.0 ], [ -1.0, 0.0, 0.0, 0.0, 0.0, 1.0, 0.0, 0.0, 0.0, 0.0, -1.0, 0.0, 0.0, 0.0, 0.0, 1.0 ], [ 0.0, 0.0, -1.0, 0.0, 1.0, 0.0, 0.0, 0.0, 0.0, -1.0, 0.0, 0.0, 0.0, 0.0, 0.0, 1.0 ], [ 0.0, -1.0, 0.0, 0.0, 0.0, 0.0, 1.0, 0.0, -1.0, 0.0, 0.0, 0.0, 0.0, 0.0, 0.0, 1.0 ], [ -0.809017, -0.309017, -0.5, 0.0, 0.309017, 0.5, -0.809017, 0.0, 0.5, -0.809017, -0.309017, 0.0, 0.0, 0.0, 0.0, 1.0 ], [ 0.5, -0.809017, -0.309017, 0.0, 0.809017, 0.309017, 0.5, 0.0, -0.309017, -0.5, 0.809017, 0.0, 0.0, 0.0, 0.0, 1.0 ], [ -0.309017, -0.5, 0.809017, 0.0, -0.5, 0.809017, 0.309017, 0.0, -0.809017, -0.309017, -0.5, 0.0, 0.0, 0.0, 0.0, 1.0 ], [ -0.5, -0.809017, -0.309017, 0.0, 0.809017, -0.309017, -0.5, 0.0, 0.309017, -0.5, 0.809017, 0.0, 0.0, 0.0, 0.0, 1.0 ], [ 0.309017, -0.5, 0.809017, 0.0, 0.5, 0.809017, 0.309017, 0.0, -0.809017, 0.309017, 0.5, 0.0, 0.0, 0.0, 0.0, 1.0 ], [ -0.809017, 0.309017, 0.5, 0.0, -0.309017, 0.5, -0.809017, 0.0, -0.5, -0.809017, -0.309017, 0.0, 0.0, 0.0, 0.0, 1.0 ], [ -0.5, -0.809017, 0.309017, 0.0, 0.809017, -0.309017, 0.5, 0.0, -0.309017, 0.5, 0.809017, 0.0, 0.0, 0.0, 0.0, 1.0 ], [ -0.309017, 0.5, 0.809017, 0.0, 0.5, 0.809017, -0.309017, 0.0, -0.809017, 0.309017, -0.5, 0.0, 0.0, 0.0, 0.0, 1.0 ], [ -0.809017, 0.309017, -0.5, 0.0, 0.309017, -0.5, -0.809017, 0.0, -0.5, -0.809017, 0.309017, 0.0, 0.0, 0.0, 0.0, 1.0 ], [ -0.809017, -0.309017, 0.5, 0.0, 0.309017, 0.5, 0.809017, 0.0, -0.5, 0.809017, -0.309017, 0.0, 0.0, 0.0, 0.0, 1.0 ], [ -0.5, 0.809017, -0.309017, 0.0, 0.809017, 0.309017, -0.5, 0.0, -0.309017, -0.5, -0.809017, 0.0, 0.0, 0.0, 0.0, 1.0 ], [ -0.309017, -0.5, -0.809017, 0.0, 0.5, -0.809017, 0.309017, 0.0, -0.809017, -0.309017, 0.5, 0.0, 0.0, 0.0, 0.0, 1.0 ] ],
  "lights" : {
    "ambientColor" : "#292929",
    "backgroundColor" : "#AFC8DC",
    "directionalLights" : [ {
      "direction" : {
        "x" : 1.0,
        "y" : -1.0,
        "z" : -1.0
      },
      "color" : "#EBEBE4"
    }, {
      "direction" : {
        "x" : -1.0,
        "y" : 0.0,
        "z" : 0.0
      },
      "color" : "#E4E4EB"
    }, {
      "direction" : {
        "x" : 0.0,
        "y" : 0.0,
        "z" : -1.0
      },
      "color" : "#1E1E1E"
    } ]
  },
  "camera" : {
    "width" : 47.0105,
    "stereo" : false,
    "viewDistance" : 104.46786,
    "nearClipDistance" : 0.26116976,
    "farClipDistance" : 208.93619,
    "lookAtPoint" : {
      "x" : 0.0,
      "y" : 0.0,
      "z" : 0.0
    },
    "fieldOfView" : 0.44262856,
    "perspective" : false,
    "lookDirection" : {
      "x" : -0.2812083,
      "y" : 0.9498725,
      "z" : 0.13657078
    },
    "upDirection" : {
      "x" : 0.95650375,
      "y" : 0.2889422,
      "z" : -0.040111434
    },
    "position" : {
      "x" : 29.37723,
      "y" : -99.23115,
      "z" : -14.267257
    }
  },
  "embedding" : [ 1.0, 0.0, 0.0, 0.0, 0.0, 1.0, 0.0, 0.0, 0.0, 0.0, 1.0, 0.0, 0.0, 0.0, 0.0, 1.0 ],
  "shapes" : [ {
    "id" : "79dd8197-efe4-4e14-b883-ce4db6269a1c",
    "vertices" : [ {
      "x" : 1.0,
      "y" : 0.309017,
      "z" : 0.19098301
    }, {
      "x" : 1.0,
      "y" : -0.309017,
      "z" : 0.19098301
    }, {
      "x" : 7.472136,
      "y" : -0.309017,
      "z" : 0.19098301
    }, {
      "x" : 7.472136,
      "y" : 0.309017,
      "z" : 0.19098301
    }, {
      "x" : 7.472136,
      "y" : -0.309017,
      "z" : -0.19098301
    }, {
      "x" : 7.472136,
      "y" : 0.309017,
      "z" : -0.19098301
    }, {
      "x" : 8.09017,
      "y" : 0.0,
      "z" : 0.0
    }, {
      "x" : 0.38196602,
      "y" : 0.0,
      "z" : 0.0
    }, {
      "x" : 1.0,
      "y" : 0.309017,
      "z" : -0.19098301
    }, {
      "x" : 1.0,
      "y" : -0.309017,
      "z" : -0.19098301
    }, {
      "x" : 8.472136,
      "y" : 0.0,
      "z" : 0.0
    } ],
    "faces" : [ {
      "vertices" : [ 1, 9, 4 ]
    }, {
      "vertices" : [ 1, 4, 2 ]
    }, {
      "vertices" : [ 0, 3, 5 ]
    }, {
      "vertices" : [ 0, 5, 8 ]
    }, {
      "vertices" : [ 1, 7, 9 ]
    }, {
      "vertices" : [ 0, 1, 2 ]
    }, {
      "vertices" : [ 0, 2, 3 ]
    }, {
      "vertices" : [ 7, 8, 9 ]
    }, {
      "vertices" : [ 0, 7, 1 ]
    }, {
      "vertices" : [ 4, 9, 8 ]
    }, {
      "vertices" : [ 4, 8, 5 ]
    }, {
      "vertices" : [ 2, 6, 3 ]
    }, {
      "vertices" : [ 2, 4, 6 ]
    }, {
      "vertices" : [ 3, 6, 5 ]
    }, {
      "vertices" : [ 4, 5, 6 ]
    }, {
      "vertices" : [ 0, 8, 7 ]
    } ]
  }, {
    "id" : "74a77986-c403-4e68-8512-6d57278a680e",
    "vertices" : [ {
      "x" : 5.236068,
      "y" : 2.0,
      "z" : -0.76393205
    }, {
      "x" : 4.854102,
      "y" : 1.545085,
      "z" : -0.572949
    }, {
      "x" : 4.690983,
      "y" : 1.809017,
      "z" : -1.0
    }, {
      "x" : 4.618034,
      "y" : 2.072949,
      "z" : -0.809017
    }, {
      "x" : 0.85410196,
      "y" : 0.309017,
      "z" : 0.19098301
    }, {
      "x" : 0.690983,
      "y" : 0.572949,
      "z" : -0.23606798
    }, {
      "x" : 0.309017,
      "y" : 0.11803399,
      "z" : -0.045084972
    }, {
      "x" : 0.76393205,
      "y" : 0.309017,
      "z" : -0.42705098
    }, {
      "x" : 0.927051,
      "y" : 0.045084972,
      "z" : 0.0
    }, {
      "x" : 4.7811527,
      "y" : 1.809017,
      "z" : -0.38196602
    }, {
      "x" : 5.545085,
      "y" : 2.118034,
      "z" : -0.809017
    } ],
    "faces" : [ {
      "vertices" : [ 2, 7, 5 ]
    }, {
      "vertices" : [ 2, 5, 3 ]
    }, {
      "vertices" : [ 1, 8, 7 ]
    }, {
      "vertices" : [ 1, 7, 2 ]
    }, {
      "vertices" : [ 4, 6, 8 ]
    }, {
      "vertices" : [ 5, 7, 6 ]
    }, {
      "vertices" : [ 0, 1, 2 ]
    }, {
      "vertices" : [ 0, 2, 3 ]
    }, {
      "vertices" : [ 6, 7, 8 ]
    }, {
      "vertices" : [ 3, 5, 4 ]
    }, {
      "vertices" : [ 3, 4, 9 ]
    }, {
      "vertices" : [ 1, 9, 4 ]
    }, {
      "vertices" : [ 1, 4, 8 ]
    }, {
      "vertices" : [ 0, 9, 1 ]
    }, {
      "vertices" : [ 0, 3, 9 ]
    }, {
      "vertices" : [ 4, 5, 6 ]
    } ]
  }, {
    "id" : "7dffa16f-0426-4bff-a808-94fbfe2358e9",
    "vertices" : [ {
      "x" : 0.309017,
      "y" : -0.309017,
      "z" : -0.309017
    }, {
      "x" : 0.5,
      "y" : 0.0,
      "z" : -0.19098301
    }, {
      "x" : 0.5,
      "y" : 0.0,
      "z" : 0.19098301
    }, {
      "x" : 0.309017,
      "y" : -0.309017,
      "z" : 0.309017
    }, {
      "x" : 0.19098301,
      "y" : -0.5,
      "z" : 0.0
    }, {
      "x" : 0.0,
      "y" : 0.19098301,
      "z" : 0.5
    }, {
      "x" : 0.0,
      "y" : -0.19098301,
      "z" : 0.5
    }, {
      "x" : 0.309017,
      "y" : 0.309017,
      "z" : 0.309017
    }, {
      "x" : -0.309017,
      "y" : -0.309017,
      "z" : 0.309017
    }, {
      "x" : -0.309017,
      "y" : 0.309017,
      "z" : 0.309017
    }, {
      "x" : -0.5,
      "y" : 0.0,
      "z" : 0.19098301
    }, {
      "x" : 0.0,
      "y" : -0.19098301,
      "z" : -0.5
    }, {
      "x" : 0.0,
      "y" : 0.19098301,
      "z" : -0.5
    }, {
      "x" : 0.309017,
      "y" : 0.309017,
      "z" : -0.309017
    }, {
      "x" : -0.309017,
      "y" : -0.309017,
      "z" : -0.309017
    }, {
      "x" : -0.19098301,
      "y" : -0.5,
      "z" : 0.0
    }, {
      "x" : -0.5,
      "y" : 0.0,
      "z" : -0.19098301
    }, {
      "x" : 0.19098301,
      "y" : 0.5,
      "z" : 0.0
    }, {
      "x" : -0.309017,
      "y" : 0.309017,
      "z" : -0.309017
    }, {
      "x" : 0.0,
      "y" : 0.0,
      "z" : 0.0
    }, {
      "x" : -0.19098301,
      "y" : 0.5,
      "z" : 0.0
    } ],
    "faces" : [ {
      "vertices" : [ 12, 18, 20 ]
    }, {
      "vertices" : [ 12, 20, 17 ]
    }, {
      "vertices" : [ 12, 17, 13 ]
    }, {
      "vertices" : [ 3, 6, 8 ]
    }, {
      "vertices" : [ 3, 8, 15 ]
    }, {
      "vertices" : [ 3, 15, 4 ]
    }, {
      "vertices" : [ 0, 11, 12 ]
    }, {
      "vertices" : [ 0, 12, 13 ]
    }, {
      "vertices" : [ 0, 13, 1 ]
    }, {
      "vertices" : [ 5, 9, 10 ]
    }, {
      "vertices" : [ 5, 10, 8 ]
    }, {
      "vertices" : [ 5, 8, 6 ]
    }, {
      "vertices" : [ 2, 7, 5 ]
    }, {
      "vertices" : [ 2, 5, 6 ]
    }, {
      "vertices" : [ 2, 6, 3 ]
    }, {
      "vertices" : [ 11, 14, 16 ]
    }, {
      "vertices" : [ 11, 16, 18 ]
    }, {
      "vertices" : [ 11, 18, 12 ]
    }, {
      "vertices" : [ 1, 13, 17 ]
    }, {
      "vertices" : [ 1, 17, 7 ]
    }, {
      "vertices" : [ 1, 7, 2 ]
    }, {
      "vertices" : [ 9, 20, 18 ]
    }, {
      "vertices" : [ 9, 18, 16 ]
    }, {
      "vertices" : [ 9, 16, 10 ]
    }, {
      "vertices" : [ 0, 1, 2 ]
    }, {
      "vertices" : [ 0, 2, 3 ]
    }, {
      "vertices" : [ 0, 3, 4 ]
    }, {
      "vertices" : [ 5, 7, 17 ]
    }, {
      "vertices" : [ 5, 17, 20 ]
    }, {
      "vertices" : [ 5, 20, 9 ]
    }, {
      "vertices" : [ 0, 4, 15 ]
    }, {
      "vertices" : [ 0, 15, 14 ]
    }, {
      "vertices" : [ 0, 14, 11 ]
    }, {
      "vertices" : [ 8, 10, 16 ]
    }, {
      "vertices" : [ 8, 16, 14 ]
    }, {
      "vertices" : [ 8, 14, 15 ]
    } ]
  }, {
    "id" : "199312b2-8f22-4437-86e4-c92954e4bfa4",
    "vertices" : [ {
      "x" : 1.0,
      "y" : 0.309017,
      "z" : 0.19098301
    }, {
      "x" : 1.0,
      "y" : -0.309017,
      "z" : 0.19098301
    }, {
      "x" : 4.236068,
      "y" : -0.309017,
      "z" : 0.19098301
    }, {
      "x" : 4.236068,
      "y" : 0.309017,
      "z" : 0.19098301
    }, {
      "x" : 4.236068,
      "y" : -0.309017,
      "z" : -0.19098301
    }, {
      "x" : 4.236068,
      "y" : 0.309017,
      "z" : -0.19098301
    }, {
      "x" : 4.854102,
      "y" : 0.0,
      "z" : 0.0
    }, {
      "x" : 0.38196602,
      "y" : 0.0,
      "z" : 0.0
    }, {
      "x" : 1.0,
      "y" : 0.309017,
      "z" : -0.19098301
    }, {
      "x" : 1.0,
      "y" : -0.309017,
      "z" : -0.19098301
    }, {
      "x" : 5.236068,
      "y" : 0.0,
      "z" : 0.0
    } ],
    "faces" : [ {
      "vertices" : [ 1, 9, 4 ]
    }, {
      "vertices" : [ 1, 4, 2 ]
    }, {
      "vertices" : [ 0, 3, 5 ]
    }, {
      "vertices" : [ 0, 5, 8 ]
    }, {
      "vertices" : [ 1, 7, 9 ]
    }, {
      "vertices" : [ 0, 1, 2 ]
    }, {
      "vertices" : [ 0, 2, 3 ]
    }, {
      "vertices" : [ 7, 8, 9 ]
    }, {
      "vertices" : [ 0, 7, 1 ]
    }, {
      "vertices" : [ 4, 9, 8 ]
    }, {
      "vertices" : [ 4, 8, 5 ]
    }, {
      "vertices" : [ 2, 6, 3 ]
    }, {
      "vertices" : [ 2, 4, 6 ]
    }, {
      "vertices" : [ 3, 6, 5 ]
    }, {
      "vertices" : [ 4, 5, 6 ]
    }, {
      "vertices" : [ 0, 8, 7 ]
    } ]
  }, {
    "id" : "b83f0dd9-0e5a-49a7-954d-6c9f212d6659",
    "vertices" : [ {
      "x" : 8.472136,
      "y" : -4.236068,
      "z" : -4.236068
    }, {
      "x" : 4.236068,
      "y" : -4.236068,
      "z" : -8.472136
    }, {
      "x" : 4.236068,
      "y" : -8.472136,
      "z" : -4.236068
    } ],
    "faces" : [ {
      "vertices" : [ 0, 1, 2 ]
    }, {
      "vertices" : [ 0, 2, 1 ]
    } ]
  }, {
    "id" : "7fc46093-25fd-4cfc-a5a8-354ed7412547",
    "vertices" : [ {
      "x" : 3.854102,
      "y" : 0.690983,
      "z" : -0.19098301
    }, {
      "x" : 1.190983,
      "y" : 0.0,
      "z" : 0.072949015
    }, {
      "x" : 1.190983,
      "y" : 0.0,
      "z" : -0.309017
    }, {
      "x" : 3.854102,
      "y" : 0.690983,
      "z" : -0.572949
    }, {
      "x" : 4.59017,
      "y" : 1.190983,
      "z" : -0.45491502
    }, {
      "x" : 1.190983,
      "y" : 0.618034,
      "z" : -0.309017
    }, {
      "x" : 3.854102,
      "y" : 1.309017,
      "z" : -0.572949
    }, {
      "x" : 3.854102,
      "y" : 1.309017,
      "z" : -0.19098301
    }, {
      "x" : 1.190983,
      "y" : 0.618034,
      "z" : 0.072949015
    }, {
      "x" : 0.45491502,
      "y" : 0.11803399,
      "z" : -0.045084972
    }, {
      "x" : 5.045085,
      "y" : 1.309017,
      "z" : -0.5
    } ],
    "faces" : [ {
      "vertices" : [ 2, 5, 6 ]
    }, {
      "vertices" : [ 2, 6, 3 ]
    }, {
      "vertices" : [ 0, 7, 8 ]
    }, {
      "vertices" : [ 0, 8, 1 ]
    }, {
      "vertices" : [ 2, 9, 5 ]
    }, {
      "vertices" : [ 4, 6, 7 ]
    }, {
      "vertices" : [ 1, 8, 9 ]
    }, {
      "vertices" : [ 0, 1, 2 ]
    }, {
      "vertices" : [ 0, 2, 3 ]
    }, {
      "vertices" : [ 5, 9, 8 ]
    }, {
      "vertices" : [ 0, 3, 4 ]
    }, {
      "vertices" : [ 5, 8, 7 ]
    }, {
      "vertices" : [ 5, 7, 6 ]
    }, {
      "vertices" : [ 0, 4, 7 ]
    }, {
      "vertices" : [ 1, 9, 2 ]
    }, {
      "vertices" : [ 3, 6, 4 ]
    } ]
  }, {
    "id" : "14040dda-7124-4894-b142-3d733d67c728",
    "vertices" : [ {
      "x" : 4.236068,
      "y" : 8.472136,
      "z" : 4.236068
    }, {
      "x" : 6.854102,
      "y" : 6.854102,
      "z" : 0.0
    }, {
      "x" : 2.618034,
      "y" : 11.09017,
      "z" : 0.0
    } ],
    "faces" : [ {
      "vertices" : [ 0, 1, 2 ]
    }, {
      "vertices" : [ 0, 2, 1 ]
    } ]
  }, {
    "id" : "7822cf04-6c8c-46c8-83b2-42cc96f57adc",
    "vertices" : [ {
      "x" : -8.472136,
      "y" : -4.236068,
      "z" : -4.236068
    }, {
      "x" : -4.236068,
      "y" : -4.236068,
      "z" : -8.472136
    }, {
      "x" : -4.236068,
      "y" : -8.472136,
      "z" : -4.236068
    } ],
    "faces" : [ {
      "vertices" : [ 0, 1, 2 ]
    }, {
      "vertices" : [ 0, 2, 1 ]
    } ]
  }, {
    "id" : "376dec92-bdea-473a-a46c-eed057f6681f",
    "vertices" : [ {
      "x" : -4.236068,
      "y" : -4.236068,
      "z" : 8.472136
    }, {
      "x" : 0.0,
      "y" : -6.854102,
      "z" : 6.854102
    }, {
      "x" : 0.0,
      "y" : -2.618034,
      "z" : 11.09017
    } ],
    "faces" : [ {
      "vertices" : [ 0, 1, 2 ]
    }, {
      "vertices" : [ 0, 2, 1 ]
    } ]
  }, {
    "id" : "6e465170-7033-499d-9913-1346a42f2881",
    "vertices" : [ {
      "x" : 8.472136,
      "y" : 4.236068,
      "z" : 4.236068
    }, {
      "x" : 4.236068,
      "y" : 4.236068,
      "z" : 8.472136
    }, {
      "x" : 4.236068,
      "y" : 8.472136,
      "z" : 4.236068
    } ],
    "faces" : [ {
      "vertices" : [ 0, 1, 2 ]
    }, {
      "vertices" : [ 0, 2, 1 ]
    } ]
  }, {
    "id" : "26751ffb-6e86-4e8f-8342-3a65589a915f",
    "vertices" : [ {
      "x" : 4.236068,
      "y" : 4.236068,
      "z" : 8.472136
    }, {
      "x" : 4.236068,
      "y" : 8.472136,
      "z" : 4.236068
    }, {
      "x" : 0.0,
      "y" : 6.854102,
      "z" : 6.854102
    } ],
    "faces" : [ {
      "vertices" : [ 0, 1, 2 ]
    }, {
      "vertices" : [ 0, 2, 1 ]
    } ]
  }, {
    "id" : "0727c563-4322-438c-b94a-a422faae4af3",
    "vertices" : [ {
      "x" : -8.472136,
      "y" : 4.236068,
      "z" : 4.236068
    }, {
      "x" : -6.854102,
      "y" : 0.0,
      "z" : 6.854102
    }, {
      "x" : -11.09017,
      "y" : 0.0,
      "z" : 2.618034
    } ],
    "faces" : [ {
      "vertices" : [ 0, 1, 2 ]
    }, {
      "vertices" : [ 0, 2, 1 ]
    } ]
  }, {
    "id" : "b8a05e06-eef1-457e-84c8-ea182b6d86a4",
    "vertices" : [ {
      "x" : 6.854102,
      "y" : -6.854102,
      "z" : 0.0
    }, {
      "x" : 4.236068,
      "y" : -8.472136,
      "z" : 4.236068
    }, {
      "x" : 2.618034,
      "y" : -11.09017,
      "z" : 0.0
    } ],
    "faces" : [ {
      "vertices" : [ 0, 1, 2 ]
    }, {
      "vertices" : [ 0, 2, 1 ]
    } ]
  }, {
    "id" : "e08e38c1-131f-4fa0-838b-95171f821f7c",
    "vertices" : [ {
      "x" : -4.236068,
      "y" : 4.236068,
      "z" : -8.472136
    }, {
      "x" : 0.0,
      "y" : 6.854102,
      "z" : -6.854102
    }, {
      "x" : 0.0,
      "y" : 2.618034,
      "z" : -11.09017
    } ],
    "faces" : [ {
      "vertices" : [ 0, 1, 2 ]
    }, {
      "vertices" : [ 0, 2, 1 ]
    } ]
  }, {
    "id" : "c525cf88-b0ee-4a87-b5fe-a6160a35caed",
    "vertices" : [ {
      "x" : 4.236068,
      "y" : -4.236068,
      "z" : 8.472136
    }, {
      "x" : 4.236068,
      "y" : -8.472136,
      "z" : 4.236068
    }, {
      "x" : 8.472136,
      "y" : -4.236068,
      "z" : 4.236068
    } ],
    "faces" : [ {
      "vertices" : [ 0, 1, 2 ]
    }, {
      "vertices" : [ 0, 2, 1 ]
    } ]
  }, {
    "id" : "593e8e94-cda7-41ea-bb75-008dbd574b65",
    "vertices" : [ {
      "x" : 4.236068,
      "y" : 8.472136,
      "z" : -4.236068
    }, {
      "x" : 6.854102,
      "y" : 6.854102,
      "z" : 0.0
    }, {
      "x" : 2.618034,
      "y" : 11.09017,
      "z" : 0.0
    } ],
    "faces" : [ {
      "vertices" : [ 0, 1, 2 ]
    }, {
      "vertices" : [ 0, 2, 1 ]
    } ]
  }, {
    "id" : "f16bb6f8-eb28-4b12-878b-1e766eb01feb",
    "vertices" : [ {
      "x" : 8.472136,
      "y" : 4.236068,
      "z" : -4.236068
    }, {
      "x" : 6.854102,
      "y" : 0.0,
      "z" : -6.854102
    }, {
      "x" : 11.09017,
      "y" : 0.0,
      "z" : -2.618034
    } ],
    "faces" : [ {
      "vertices" : [ 0, 1, 2 ]
    }, {
      "vertices" : [ 0, 2, 1 ]
    } ]
  }, {
    "id" : "6e2996fb-7759-4d64-8eb1-de9e4b00890e",
    "vertices" : [ {
      "x" : 8.472136,
      "y" : -4.236068,
      "z" : 4.236068
    }, {
      "x" : 4.236068,
      "y" : -4.236068,
      "z" : 8.472136
    }, {
      "x" : 6.854102,
      "y" : 0.0,
      "z" : 6.854102
    } ],
    "faces" : [ {
      "vertices" : [ 0, 1, 2 ]
    }, {
      "vertices" : [ 0, 2, 1 ]
    } ]
  }, {
    "id" : "b5c3f1b4-c438-41e8-906b-8588593ce862",
    "vertices" : [ {
      "x" : -8.472136,
      "y" : 4.236068,
      "z" : -4.236068
    }, {
      "x" : -6.854102,
      "y" : 0.0,
      "z" : -6.854102
    }, {
      "x" : -11.09017,
      "y" : 0.0,
      "z" : -2.618034
    } ],
    "faces" : [ {
      "vertices" : [ 0, 1, 2 ]
    }, {
      "vertices" : [ 0, 2, 1 ]
    } ]
  }, {
    "id" : "698a8a8c-12a8-4eab-9e2e-39abf9501c89",
    "vertices" : [ {
      "x" : -4.236068,
      "y" : -4.236068,
      "z" : 8.472136
    }, {
      "x" : -4.236068,
      "y" : -8.472136,
      "z" : 4.236068
    }, {
      "x" : -8.472136,
      "y" : -4.236068,
      "z" : 4.236068
    } ],
    "faces" : [ {
      "vertices" : [ 0, 1, 2 ]
    }, {
      "vertices" : [ 0, 2, 1 ]
    } ]
  }, {
    "id" : "70f5e1ff-acf3-4e46-95d5-fbdd526d57c0",
    "vertices" : [ {
      "x" : -4.236068,
      "y" : -4.236068,
      "z" : 8.472136
    }, {
      "x" : -4.236068,
      "y" : -8.472136,
      "z" : 4.236068
    }, {
      "x" : 0.0,
      "y" : -6.854102,
      "z" : 6.854102
    } ],
    "faces" : [ {
      "vertices" : [ 0, 1, 2 ]
    }, {
      "vertices" : [ 0, 2, 1 ]
    } ]
  }, {
    "id" : "770a223b-f6a9-4571-a751-18ca52f6df99",
    "vertices" : [ {
      "x" : -4.236068,
      "y" : 8.472136,
      "z" : 4.236068
    }, {
      "x" : -6.854102,
      "y" : 6.854102,
      "z" : 0.0
    }, {
      "x" : -2.618034,
      "y" : 11.09017,
      "z" : 0.0
    } ],
    "faces" : [ {
      "vertices" : [ 0, 1, 2 ]
    }, {
      "vertices" : [ 0, 2, 1 ]
    } ]
  }, {
    "id" : "de8cfbfb-59bc-4d8e-9787-fb2feae5abcf",
    "vertices" : [ {
      "x" : -4.236068,
      "y" : 4.236068,
      "z" : -8.472136
    }, {
      "x" : -4.236068,
      "y" : 8.472136,
      "z" : -4.236068
    }, {
      "x" : -8.472136,
      "y" : 4.236068,
      "z" : -4.236068
    } ],
    "faces" : [ {
      "vertices" : [ 0, 1, 2 ]
    }, {
      "vertices" : [ 0, 2, 1 ]
    } ]
  }, {
    "id" : "13aec5ab-a9f3-4a67-b642-b778f857d9eb",
    "vertices" : [ {
      "x" : 8.472136,
      "y" : -4.236068,
      "z" : 4.236068
    }, {
      "x" : 6.854102,
      "y" : 0.0,
      "z" : 6.854102
    }, {
      "x" : 11.09017,
      "y" : 0.0,
      "z" : 2.618034
    } ],
    "faces" : [ {
      "vertices" : [ 0, 1, 2 ]
    }, {
      "vertices" : [ 0, 2, 1 ]
    } ]
  }, {
    "id" : "97a7d77d-eeeb-4e95-8ab3-5c029fe3aca5",
    "vertices" : [ {
      "x" : 4.236068,
      "y" : 4.236068,
      "z" : -8.472136
    }, {
      "x" : 0.0,
      "y" : 6.854102,
      "z" : -6.854102
    }, {
      "x" : 0.0,
      "y" : 2.618034,
      "z" : -11.09017
    } ],
    "faces" : [ {
      "vertices" : [ 0, 1, 2 ]
    }, {
      "vertices" : [ 0, 2, 1 ]
    } ]
  }, {
    "id" : "1e409f9e-2aeb-4ff4-b841-795e8f5e3489",
    "vertices" : [ {
      "x" : 4.236068,
      "y" : -4.236068,
      "z" : -8.472136
    }, {
      "x" : 0.0,
      "y" : -6.854102,
      "z" : -6.854102
    }, {
      "x" : 0.0,
      "y" : -2.618034,
      "z" : -11.09017
    } ],
    "faces" : [ {
      "vertices" : [ 0, 1, 2 ]
    }, {
      "vertices" : [ 0, 2, 1 ]
    } ]
  }, {
    "id" : "e28a5f0c-f617-4495-add1-41c8652aeec1",
    "vertices" : [ {
      "x" : -8.472136,
      "y" : 4.236068,
      "z" : -4.236068
    }, {
      "x" : -4.236068,
      "y" : 4.236068,
      "z" : -8.472136
    }, {
      "x" : -6.854102,
      "y" : 0.0,
      "z" : -6.854102
    } ],
    "faces" : [ {
      "vertices" : [ 0, 1, 2 ]
    }, {
      "vertices" : [ 0, 2, 1 ]
    } ]
  }, {
    "id" : "b7f3a8d3-b230-4589-bd6f-b7244837889b",
    "vertices" : [ {
      "x" : -4.236068,
      "y" : -8.472136,
      "z" : -4.236068
    }, {
      "x" : -6.854102,
      "y" : -6.854102,
      "z" : 0.0
    }, {
      "x" : -2.618034,
      "y" : -11.09017,
      "z" : 0.0
    } ],
    "faces" : [ {
      "vertices" : [ 0, 1, 2 ]
    }, {
      "vertices" : [ 0, 2, 1 ]
    } ]
  }, {
    "id" : "4be0eb4a-af61-4222-b3e3-0023ef566477",
    "vertices" : [ {
      "x" : 4.236068,
      "y" : -8.472136,
      "z" : 4.236068
    }, {
      "x" : 8.472136,
      "y" : -4.236068,
      "z" : 4.236068
    }, {
      "x" : 6.854102,
      "y" : -6.854102,
      "z" : 0.0
    } ],
    "faces" : [ {
      "vertices" : [ 0, 1, 2 ]
    }, {
      "vertices" : [ 0, 2, 1 ]
    } ]
  }, {
    "id" : "b82d30d1-8968-467a-ad72-5dd98efeeac2",
    "vertices" : [ {
      "x" : -4.236068,
      "y" : -4.236068,
      "z" : -8.472136
    }, {
      "x" : 0.0,
      "y" : -6.854102,
      "z" : -6.854102
    }, {
      "x" : 0.0,
      "y" : -2.618034,
      "z" : -11.09017
    } ],
    "faces" : [ {
      "vertices" : [ 0, 1, 2 ]
    }, {
      "vertices" : [ 0, 2, 1 ]
    } ]
  }, {
    "id" : "d4dfb2e7-eb01-403f-90c2-32a6903da631",
    "vertices" : [ {
      "x" : 4.236068,
      "y" : -4.236068,
      "z" : -8.472136
    }, {
      "x" : 4.236068,
      "y" : -8.472136,
      "z" : -4.236068
    }, {
      "x" : 0.0,
      "y" : -6.854102,
      "z" : -6.854102
    } ],
    "faces" : [ {
      "vertices" : [ 0, 1, 2 ]
    }, {
      "vertices" : [ 0, 2, 1 ]
    } ]
  }, {
    "id" : "8819e763-db90-4aaf-a72f-9e8d01afe1db",
    "vertices" : [ {
      "x" : -4.236068,
      "y" : 8.472136,
      "z" : -4.236068
    }, {
      "x" : -8.472136,
      "y" : 4.236068,
      "z" : -4.236068
    }, {
      "x" : -6.854102,
      "y" : 6.854102,
      "z" : 0.0
    } ],
    "faces" : [ {
      "vertices" : [ 0, 1, 2 ]
    }, {
      "vertices" : [ 0, 2, 1 ]
    } ]
  }, {
    "id" : "2e23b675-d95b-48b9-82dd-b603283e0b9f",
    "vertices" : [ {
      "x" : 4.236068,
      "y" : -4.236068,
      "z" : 8.472136
    }, {
      "x" : 4.236068,
      "y" : -8.472136,
      "z" : 4.236068
    }, {
      "x" : 0.0,
      "y" : -6.854102,
      "z" : 6.854102
    } ],
    "faces" : [ {
      "vertices" : [ 0, 1, 2 ]
    }, {
      "vertices" : [ 0, 2, 1 ]
    } ]
  }, {
    "id" : "9de32f17-799b-4287-8c6d-da5570e79972",
    "vertices" : [ {
      "x" : -4.236068,
      "y" : 4.236068,
      "z" : 8.472136
    }, {
      "x" : -4.236068,
      "y" : 8.472136,
      "z" : 4.236068
    }, {
      "x" : 0.0,
      "y" : 6.854102,
      "z" : 6.854102
    } ],
    "faces" : [ {
      "vertices" : [ 0, 1, 2 ]
    }, {
      "vertices" : [ 0, 2, 1 ]
    } ]
  }, {
    "id" : "5257e36a-acf2-4526-b51a-1ae93bcc53ae",
    "vertices" : [ {
      "x" : -4.236068,
      "y" : 8.472136,
      "z" : -4.236068
    }, {
      "x" : -6.854102,
      "y" : 6.854102,
      "z" : 0.0
    }, {
      "x" : -2.618034,
      "y" : 11.09017,
      "z" : 0.0
    } ],
    "faces" : [ {
      "vertices" : [ 0, 1, 2 ]
    }, {
      "vertices" : [ 0, 2, 1 ]
    } ]
  }, {
    "id" : "0d6bced5-4d2a-4884-815f-14760fcb11eb",
    "vertices" : [ {
      "x" : -4.236068,
      "y" : 4.236068,
      "z" : -8.472136
    }, {
      "x" : -4.236068,
      "y" : 8.472136,
      "z" : -4.236068
    }, {
      "x" : 0.0,
      "y" : 6.854102,
      "z" : -6.854102
    } ],
    "faces" : [ {
      "vertices" : [ 0, 1, 2 ]
    }, {
      "vertices" : [ 0, 2, 1 ]
    } ]
  }, {
    "id" : "f6e0938d-d50f-426a-a64a-03737e072677",
    "vertices" : [ {
      "x" : 8.472136,
      "y" : 4.236068,
      "z" : 4.236068
    }, {
      "x" : 4.236068,
      "y" : 4.236068,
      "z" : 8.472136
    }, {
      "x" : 6.854102,
      "y" : 0.0,
      "z" : 6.854102
    } ],
    "faces" : [ {
      "vertices" : [ 0, 1, 2 ]
    }, {
      "vertices" : [ 0, 2, 1 ]
    } ]
  }, {
    "id" : "c87420ff-8143-485e-88c9-e96af98180bf",
    "vertices" : [ {
      "x" : -4.236068,
      "y" : -8.472136,
      "z" : 4.236068
    }, {
      "x" : -8.472136,
      "y" : -4.236068,
      "z" : 4.236068
    }, {
      "x" : -6.854102,
      "y" : -6.854102,
      "z" : 0.0
    } ],
    "faces" : [ {
      "vertices" : [ 0, 1, 2 ]
    }, {
      "vertices" : [ 0, 2, 1 ]
    } ]
  }, {
    "id" : "c009d37a-5103-46f9-ac53-23c5cb0b6d7d",
    "vertices" : [ {
      "x" : 4.236068,
      "y" : -4.236068,
      "z" : 8.472136
    }, {
      "x" : 0.0,
      "y" : -6.854102,
      "z" : 6.854102
    }, {
      "x" : 0.0,
      "y" : -2.618034,
      "z" : 11.09017
    } ],
    "faces" : [ {
      "vertices" : [ 0, 1, 2 ]
    }, {
      "vertices" : [ 0, 2, 1 ]
    } ]
  }, {
    "id" : "7c2ee1d9-eb60-49da-a11b-7b9b56e52179",
    "vertices" : [ {
      "x" : -8.472136,
      "y" : -4.236068,
      "z" : -4.236068
    }, {
      "x" : -4.236068,
      "y" : -4.236068,
      "z" : -8.472136
    }, {
      "x" : -6.854102,
      "y" : 0.0,
      "z" : -6.854102
    } ],
    "faces" : [ {
      "vertices" : [ 0, 1, 2 ]
    }, {
      "vertices" : [ 0, 2, 1 ]
    } ]
  }, {
    "id" : "734f02b7-14eb-4878-846d-ad91bef0c9f0",
    "vertices" : [ {
      "x" : -4.236068,
      "y" : 8.472136,
      "z" : 4.236068
    }, {
      "x" : -8.472136,
      "y" : 4.236068,
      "z" : 4.236068
    }, {
      "x" : -6.854102,
      "y" : 6.854102,
      "z" : 0.0
    } ],
    "faces" : [ {
      "vertices" : [ 0, 1, 2 ]
    }, {
      "vertices" : [ 0, 2, 1 ]
    } ]
  }, {
    "id" : "5bbdcdd9-5c52-4bbc-bfe1-6ed9f5649bad",
    "vertices" : [ {
      "x" : -8.472136,
      "y" : 4.236068,
      "z" : 4.236068
    }, {
      "x" : -4.236068,
      "y" : 4.236068,
      "z" : 8.472136
    }, {
      "x" : -6.854102,
      "y" : 0.0,
      "z" : 6.854102
    } ],
    "faces" : [ {
      "vertices" : [ 0, 1, 2 ]
    }, {
      "vertices" : [ 0, 2, 1 ]
    } ]
  }, {
    "id" : "15f7c1fc-19c1-4944-a51d-4514b64052d3",
    "vertices" : [ {
      "x" : -8.472136,
      "y" : 4.236068,
      "z" : 4.236068
    }, {
      "x" : -4.236068,
      "y" : 4.236068,
      "z" : 8.472136
    }, {
      "x" : -4.236068,
      "y" : 8.472136,
      "z" : 4.236068
    } ],
    "faces" : [ {
      "vertices" : [ 0, 1, 2 ]
    }, {
      "vertices" : [ 0, 2, 1 ]
    } ]
  }, {
    "id" : "466ff0b1-0172-44b7-ba74-541c6c4b4978",
    "vertices" : [ {
      "x" : 6.854102,
      "y" : -6.854102,
      "z" : 0.0
    }, {
      "x" : 2.618034,
      "y" : -11.09017,
      "z" : 0.0
    }, {
      "x" : 4.236068,
      "y" : -8.472136,
      "z" : -4.236068
    } ],
    "faces" : [ {
      "vertices" : [ 0, 1, 2 ]
    }, {
      "vertices" : [ 0, 2, 1 ]
    } ]
  }, {
    "id" : "80421751-0043-4faf-b76c-05d527e8cfcc",
    "vertices" : [ {
      "x" : 4.236068,
      "y" : -8.472136,
      "z" : 4.236068
    }, {
      "x" : 6.854102,
      "y" : -6.854102,
      "z" : 0.0
    }, {
      "x" : 4.236068,
      "y" : -8.472136,
      "z" : -4.236068
    } ],
    "faces" : [ {
      "vertices" : [ 0, 1, 2 ]
    }, {
      "vertices" : [ 0, 2, 1 ]
    } ]
  }, {
    "id" : "d13cf32f-3905-4745-b8a3-936ddae63d92",
    "vertices" : [ {
      "x" : 4.236068,
      "y" : 4.236068,
      "z" : -8.472136
    }, {
      "x" : 4.236068,
      "y" : 8.472136,
      "z" : -4.236068
    }, {
      "x" : 8.472136,
      "y" : 4.236068,
      "z" : -4.236068
    } ],
    "faces" : [ {
      "vertices" : [ 0, 1, 2 ]
    }, {
      "vertices" : [ 0, 2, 1 ]
    } ]
  }, {
    "id" : "da039a9c-75a5-43d3-99a7-82b6171d635a",
    "vertices" : [ {
      "x" : -4.236068,
      "y" : -4.236068,
      "z" : -8.472136
    }, {
      "x" : -4.236068,
      "y" : -8.472136,
      "z" : -4.236068
    }, {
      "x" : 0.0,
      "y" : -6.854102,
      "z" : -6.854102
    } ],
    "faces" : [ {
      "vertices" : [ 0, 1, 2 ]
    }, {
      "vertices" : [ 0, 2, 1 ]
    } ]
  }, {
    "id" : "2c91dfbe-7076-4af2-ae23-363ac104ae3c",
    "vertices" : [ {
      "x" : -8.472136,
      "y" : -4.236068,
      "z" : -4.236068
    }, {
      "x" : -6.854102,
      "y" : 0.0,
      "z" : -6.854102
    }, {
      "x" : -11.09017,
      "y" : 0.0,
      "z" : -2.618034
    } ],
    "faces" : [ {
      "vertices" : [ 0, 1, 2 ]
    }, {
      "vertices" : [ 0, 2, 1 ]
    } ]
  }, {
    "id" : "a6b2e3a8-b688-458e-a564-815eb0abd97b",
    "vertices" : [ {
      "x" : 8.472136,
      "y" : -4.236068,
      "z" : -4.236068
    }, {
      "x" : 6.854102,
      "y" : 0.0,
      "z" : -6.854102
    }, {
      "x" : 11.09017,
      "y" : 0.0,
      "z" : -2.618034
    } ],
    "faces" : [ {
      "vertices" : [ 0, 1, 2 ]
    }, {
      "vertices" : [ 0, 2, 1 ]
    } ]
  }, {
    "id" : "953cc5ce-bd42-4479-a3f4-af6b721620a5",
    "vertices" : [ {
      "x" : 4.236068,
      "y" : -8.472136,
      "z" : -4.236068
    }, {
      "x" : 8.472136,
      "y" : -4.236068,
      "z" : -4.236068
    }, {
      "x" : 6.854102,
      "y" : -6.854102,
      "z" : 0.0
    } ],
    "faces" : [ {
      "vertices" : [ 0, 1, 2 ]
    }, {
      "vertices" : [ 0, 2, 1 ]
    } ]
  }, {
    "id" : "d10b4187-86d2-4435-858c-438de8093d1a",
    "vertices" : [ {
      "x" : -4.236068,
      "y" : -8.472136,
      "z" : 4.236068
    }, {
      "x" : -6.854102,
      "y" : -6.854102,
      "z" : 0.0
    }, {
      "x" : -2.618034,
      "y" : -11.09017,
      "z" : 0.0
    } ],
    "faces" : [ {
      "vertices" : [ 0, 1, 2 ]
    }, {
      "vertices" : [ 0, 2, 1 ]
    } ]
  }, {
    "id" : "3eac1696-9142-459b-9046-ce13c4b8ee69",
    "vertices" : [ {
      "x" : 8.472136,
      "y" : 4.236068,
      "z" : -4.236068
    }, {
      "x" : 4.236068,
      "y" : 4.236068,
      "z" : -8.472136
    }, {
      "x" : 6.854102,
      "y" : 0.0,
      "z" : -6.854102
    } ],
    "faces" : [ {
      "vertices" : [ 0, 1, 2 ]
    }, {
      "vertices" : [ 0, 2, 1 ]
    } ]
  }, {
    "id" : "c654b636-a0db-4892-8713-69d0c1bfd8e1",
    "vertices" : [ {
      "x" : -8.472136,
      "y" : -4.236068,
      "z" : 4.236068
    }, {
      "x" : -4.236068,
      "y" : -4.236068,
      "z" : 8.472136
    }, {
      "x" : -6.854102,
      "y" : 0.0,
      "z" : 6.854102
    } ],
    "faces" : [ {
      "vertices" : [ 0, 1, 2 ]
    }, {
      "vertices" : [ 0, 2, 1 ]
    } ]
  }, {
    "id" : "920e0430-763d-48ad-bfbc-83807cb8ebf5",
    "vertices" : [ {
      "x" : 4.236068,
      "y" : 4.236068,
      "z" : 8.472136
    }, {
      "x" : 0.0,
      "y" : 6.854102,
      "z" : 6.854102
    }, {
      "x" : 0.0,
      "y" : 2.618034,
      "z" : 11.09017
    } ],
    "faces" : [ {
      "vertices" : [ 0, 1, 2 ]
    }, {
      "vertices" : [ 0, 2, 1 ]
    } ]
  }, {
    "id" : "15dd3725-0d8f-4567-8fae-66bcb0427a16",
    "vertices" : [ {
      "x" : 4.236068,
      "y" : 8.472136,
      "z" : 4.236068
    }, {
      "x" : 8.472136,
      "y" : 4.236068,
      "z" : 4.236068
    }, {
      "x" : 6.854102,
      "y" : 6.854102,
      "z" : 0.0
    } ],
    "faces" : [ {
      "vertices" : [ 0, 1, 2 ]
    }, {
      "vertices" : [ 0, 2, 1 ]
    } ]
  }, {
    "id" : "a08f130b-2f32-47f8-8b54-1bf951ccd8c0",
    "vertices" : [ {
      "x" : 8.472136,
      "y" : -4.236068,
      "z" : -4.236068
    }, {
      "x" : 4.236068,
      "y" : -4.236068,
      "z" : -8.472136
    }, {
      "x" : 6.854102,
      "y" : 0.0,
      "z" : -6.854102
    } ],
    "faces" : [ {
      "vertices" : [ 0, 1, 2 ]
    }, {
      "vertices" : [ 0, 2, 1 ]
    } ]
  }, {
    "id" : "8d89b53e-cf8b-4a21-b1d4-2a4f22e625c8",
    "vertices" : [ {
      "x" : -4.236068,
      "y" : -8.472136,
      "z" : -4.236068
    }, {
      "x" : -8.472136,
      "y" : -4.236068,
      "z" : -4.236068
    }, {
      "x" : -6.854102,
      "y" : -6.854102,
      "z" : 0.0
    } ],
    "faces" : [ {
      "vertices" : [ 0, 1, 2 ]
    }, {
      "vertices" : [ 0, 2, 1 ]
    } ]
  }, {
    "id" : "82984fb5-7484-4bea-9064-4d3b43353f68",
    "vertices" : [ {
      "x" : -8.472136,
      "y" : -4.236068,
      "z" : 4.236068
    }, {
      "x" : -6.854102,
      "y" : 0.0,
      "z" : 6.854102
    }, {
      "x" : -11.09017,
      "y" : 0.0,
      "z" : 2.618034
    } ],
    "faces" : [ {
      "vertices" : [ 0, 1, 2 ]
    }, {
      "vertices" : [ 0, 2, 1 ]
    } ]
  }, {
    "id" : "090450af-ad0c-4601-9e8e-7c9c2440ad30",
    "vertices" : [ {
      "x" : 4.236068,
      "y" : -8.472136,
      "z" : 4.236068
    }, {
      "x" : 4.236068,
      "y" : -8.472136,
      "z" : -4.236068
    }, {
      "x" : 2.618034,
      "y" : -11.09017,
      "z" : 0.0
    } ],
    "faces" : [ {
      "vertices" : [ 0, 1, 2 ]
    }, {
      "vertices" : [ 0, 2, 1 ]
    } ]
  }, {
    "id" : "b2eea023-36e1-4430-83ce-baec68c6eddd",
    "vertices" : [ {
      "x" : 8.472136,
      "y" : 4.236068,
      "z" : 4.236068
    }, {
      "x" : 6.854102,
      "y" : 0.0,
      "z" : 6.854102
    }, {
      "x" : 11.09017,
      "y" : 0.0,
      "z" : 2.618034
    } ],
    "faces" : [ {
      "vertices" : [ 0, 1, 2 ]
    }, {
      "vertices" : [ 0, 2, 1 ]
    } ]
  }, {
    "id" : "a231c4e1-7c69-4342-b6fc-ad9f5ef307b5",
    "vertices" : [ {
      "x" : -4.236068,
      "y" : 4.236068,
      "z" : 8.472136
    }, {
      "x" : 0.0,
      "y" : 6.854102,
      "z" : 6.854102
    }, {
      "x" : 0.0,
      "y" : 2.618034,
      "z" : 11.09017
    } ],
    "faces" : [ {
      "vertices" : [ 0, 1, 2 ]
    }, {
      "vertices" : [ 0, 2, 1 ]
    } ]
  }, {
    "id" : "03a7014d-34e4-46cc-b97b-04ea9647234a",
    "vertices" : [ {
      "x" : 4.236068,
      "y" : 8.472136,
      "z" : -4.236068
    }, {
      "x" : 8.472136,
      "y" : 4.236068,
      "z" : -4.236068
    }, {
      "x" : 6.854102,
      "y" : 6.854102,
      "z" : 0.0
    } ],
    "faces" : [ {
      "vertices" : [ 0, 1, 2 ]
    }, {
      "vertices" : [ 0, 2, 1 ]
    } ]
  }, {
    "id" : "50df3109-70ef-40d8-85e8-30a43dcf914d",
    "vertices" : [ {
      "x" : 4.236068,
      "y" : 4.236068,
      "z" : -8.472136
    }, {
      "x" : 4.236068,
      "y" : 8.472136,
      "z" : -4.236068
    }, {
