{
  "field" : "golden",
  "symmetry" : "icosahedral",
  "orientations" : [ [ 1.0, 0.0, 0.0, 0.0, 0.0, 1.0, 0.0, 0.0, 0.0, 0.0, 1.0, 0.0, 0.0, 0.0, 0.0, 1.0 ], [ 0.0, 0.0, 1.0, 0.0, 1.0, 0.0, 0.0, 0.0, 0.0, 1.0, 0.0, 0.0, 0.0, 0.0, 0.0, 1.0 ], [ 0.0, 1.0, 0.0, 0.0, 0.0, 0.0, 1.0, 0.0, 1.0, 0.0, 0.0, 0.0, 0.0, 0.0, 0.0, 1.0 ], [ 0.809017, 0.309017, 0.5, 0.0, 0.309017, 0.5, -0.809017, 0.0, -0.5, 0.809017, 0.309017, 0.0, 0.0, 0.0, 0.0, 1.0 ], [ -0.5, 0.809017, 0.309017, 0.0, 0.809017, 0.309017, 0.5, 0.0, 0.309017, 0.5, -0.809017, 0.0, 0.0, 0.0, 0.0, 1.0 ], [ 0.309017, 0.5, -0.809017, 0.0, -0.5, 0.809017, 0.309017, 0.0, 0.809017, 0.309017, 0.5, 0.0, 0.0, 0.0, 0.0, 1.0 ], [ 0.5, 0.809017, 0.309017, 0.0, 0.809017, -0.309017, -0.5, 0.0, -0.309017, 0.5, -0.809017, 0.0, 0.0, 0.0, 0.0, 1.0 ], [ -0.309017, 0.5, -0.809017, 0.0, 0.5, 0.809017, 0.309017, 0.0, 0.809017, -0.309017, -0.5, 0.0, 0.0, 0.0, 0.0, 1.0 ], [ 0.809017, -0.309017, -0.5, 0.0, -0.309017, 0.5, -0.809017, 0.0, 0.5, 0.809017, 0.309017, 0.0, 0.0, 0.0, 0.0, 1.0 ], [ 0.5, 0.809017, -0.309017, 0.0, 0.809017, -0.309017, 0.5, 0.0, 0.309017, -0.5, -0.809017, 0.0, 0.0, 0.0, 0.0, 1.0 ], [ 0.309017, -0.5, -0.809017, 0.0, 0.5, 0.809017, -0.309017, 0.0, 0.809017, -0.309017, 0.5, 0.0, 0.0, 0.0, 0.0, 1.0 ], [ 0.809017, -0.309017, 0.5, 0.0, 0.309017, -0.5, -0.809017, 0.0, 0.5, 0.809017, -0.309017, 0.0, 0.0, 0.0, 0.0, 1.0 ], [ 0.809017, 0.309017, -0.5, 0.0, 0.309017, 0.5, 0.809017, 0.0, 0.5, -0.809017, 0.309017, 0.0, 0.0, 0.0, 0.0, 1.0 ], [ 0.5, -0.809017, 0.309017, 0.0, 0.809017, 0.309017, -0.5, 0.0, 0.309017, 0.5, 0.809017, 0.0, 0.0, 0.0, 0.0, 1.0 ], [ 0.309017, 0.5, 0.809017, 0.0, 0.5, -0.809017, 0.309017, 0.0, 0.809017, 0.309017, -0.5, 0.0, 0.0, 0.0, 0.0, 1.0 ], [ 1.0, 0.0, 0.0, 0.0, 0.0, -1.0, 0.0, 0.0, 0.0, 0.0, -1.0, 0.0, 0.0, 0.0, 0.0, 1.0 ], [ 0.0, 0.0, 1.0, 0.0, -1.0, 0.0, 0.0, 0.0, 0.0, -1.0, 0.0, 0.0, 0.0, 0.0, 0.0, 1.0 ], [ 0.0, 1.0, 0.0, 0.0, 0.0, 0.0, -1.0, 0.0, -1.0, 0.0, 0.0, 0.0, 0.0, 0.0, 0.0, 1.0 ], [ 0.809017, 0.309017, 0.5, 0.0, -0.309017, -0.5, 0.809017, 0.0, 0.5, -0.809017, -0.309017, 0.0, 0.0, 0.0, 0.0, 1.0 ], [ -0.5, 0.809017, 0.309017, 0.0, -0.809017, -0.309017, -0.5, 0.0, -0.309017, -0.5, 0.809017, 0.0, 0.0, 0.0, 0.0, 1.0 ], [ 0.309017, 0.5, -0.809017, 0.0, 0.5, -0.809017, -0.309017, 0.0, -0.809017, -0.309017, -0.5, 0.0, 0.0, 0.0, 0.0, 1.0 ], [ 0.5, 0.809017, 0.309017, 0.0, -0.809017, 0.309017, 0.5, 0.0, 0.309017, -0.5, 0.809017, 0.0, 0.0, 0.0, 0.0, 1.0 ], [ -0.309017, 0.5, -0.809017, 0.0, -0.5, -0.809017, -0.309017, 0.0, -0.809017, 0.309017, 0.5, 0.0, 0.0, 0.0, 0.0, 1.0 ], [ 0.809017, -0.309017, -0.5, 0.0, 0.309017, -0.5, 0.809017, 0.0, -0.5, -0.809017, -0.309017, 0.0, 0.0, 0.0, 0.0, 1.0 ], [ 0.5, 0.809017, -0.309017, 0.0, -0.809017, 0.309017, -0.5, 0.0, -0.309017, 0.5, 0.809017, 0.0, 0.0, 0.0, 0.0, 1.0 ], [ 0.309017, -0.5, -0.809017, 0.0, -0.5, -0.809017, 0.309017, 0.0, -0.809017, 0.309017, -0.5, 0.0, 0.0, 0.0, 0.0, 1.0 ], [ 0.809017, -0.309017, 0.5, 0.0, -0.309017, 0.5, 0.809017, 0.0, -0.5, -0.809017, 0.309017, 0.0, 0.0, 0.0, 0.0, 1.0 ], [ 0.809017, 0.309017, -0.5, 0.0, -0.309017, -0.5, -0.809017, 0.0, -0.5, 0.809017, -0.309017, 0.0, 0.0, 0.0, 0.0, 1.0 ], [ 0.5, -0.809017, 0.309017, 0.0, -0.809017, -0.309017, 0.5, 0.0, -0.309017, -0.5, -0.809017, 0.0, 0.0, 0.0, 0.0, 1.0 ], [ 0.309017, 0.5, 0.809017, 0.0, -0.5, 0.809017, -0.309017, 0.0, -0.809017, -0.309017, 0.5, 0.0, 0.0, 0.0, 0.0, 1.0 ], [ -1.0, 0.0, 0.0, 0.0, 0.0, -1.0, 0.0, 0.0, 0.0, 0.0, 1.0, 0.0, 0.0, 0.0, 0.0, 1.0 ], [ 0.0, 0.0, -1.0, 0.0, -1.0, 0.0, 0.0, 0.0, 0.0, 1.0, 0.0, 0.0, 0.0, 0.0, 0.0, 1.0 ], [ 0.0, -1.0, 0.0, 0.0, 0.0, 0.0, -1.0, 0.0, 1.0, 0.0, 0.0, 0.0, 0.0, 0.0, 0.0, 1.0 ], [ -0.809017, -0.309017, -0.5, 0.0, -0.309017, -0.5, 0.809017, 0.0, -0.5, 0.809017, 0.309017, 0.0, 0.0, 0.0, 0.0, 1.0 ], [ 0.5, -0.809017, -0.309017, 0.0, -0.809017, -0.309017, -0.5, 0.0, 0.309017, 0.5, -0.809017, 0.0, 0.0, 0.0, 0.0, 1.0 ], [ -0.309017, -0.5, 0.809017, 0.0, 0.5, -0.809017, -0.309017, 0.0, 0.809017, 0.309017, 0.5, 0.0, 0.0, 0.0, 0.0, 1.0 ], [ -0.5, -0.809017, -0.309017, 0.0, -0.809017, 0.309017, 0.5, 0.0, -0.309017, 0.5, -0.809017, 0.0, 0.0, 0.0, 0.0, 1.0 ], [ 0.309017, -0.5, 0.809017, 0.0, -0.5, -0.809017, -0.309017, 0.0, 0.809017, -0.309017, -0.5, 0.0, 0.0, 0.0, 0.0, 1.0 ], [ -0.809017, 0.309017, 0.5, 0.0, 0.309017, -0.5, 0.809017, 0.0, 0.5, 0.809017, 0.309017, 0.0, 0.0, 0.0, 0.0, 1.0 ], [ -0.5, -0.809017, 0.309017, 0.0, -0.809017, 0.309017, -0.5, 0.0, 0.309017, -0.5, -0.809017, 0.0, 0.0, 0.0, 0.0, 1.0 ], [ -0.309017, 0.5, 0.809017, 0.0, -0.5, -0.809017, 0.309017, 0.0, 0.809017, -0.309017, 0.5, 0.0, 0.0, 0.0, 0.0, 1.0 ], [ -0.809017, 0.309017, -0.5, 0.0, -0.309017, 0.5, 0.809017, 0.0, 0.5, 0.809017, -0.309017, 0.0, 0.0, 0.0, 0.0, 1.0 ], [ -0.809017, -0.309017, 0.5, 0.0, -0.309017, -0.5, -0.809017, 0.0, 0.5, -0.809017, 0.309017, 0.0, 0.0, 0.0, 0.0, 1.0 ], [ -0.5, 0.809017, -0.309017, 0.0, -0.809017, -0.309017, 0.5, 0.0, 0.309017, 0.5, 0.809017, 0.0, 0.0, 0.0, 0.0, 1.0 ], [ -0.309017, -0.5, -0.809017, 0.0, -0.5, 0.809017, -0.309017, 0.0, 0.809017, 0.309017, -0.5, 0.0, 0.0, 0.0, 0.0, 1.0 ], [ -1.0, 0.0, 0.0, 0.0, 0.0, 1.0, 0.0, 0.0, 0.0, 0.0, -1.0, 0.0, 0.0, 0.0, 0.0, 1.0 ], [ 0.0, 0.0, -1.0, 0.0, 1.0, 0.0, 0.0, 0.0, 0.0, -1.0, 0.0, 0.0, 0.0, 0.0, 0.0, 1.0 ], [ 0.0, -1.0, 0.0, 0.0, 0.0, 0.0, 1.0, 0.0, -1.0, 0.0, 0.0, 0.0, 0.0, 0.0, 0.0, 1.0 ], [ -0.809017, -0.309017, -0.5, 0.0, 0.309017, 0.5, -0.809017, 0.0, 0.5, -0.809017, -0.309017, 0.0, 0.0, 0.0, 0.0, 1.0 ], [ 0.5, -0.809017, -0.309017, 0.0, 0.809017, 0.309017, 0.5, 0.0, -0.309017, -0.5, 0.809017, 0.0, 0.0, 0.0, 0.0, 1.0 ], [ -0.309017, -0.5, 0.809017, 0.0, -0.5, 0.809017, 0.309017, 0.0, -0.809017, -0.309017, -0.5, 0.0, 0.0, 0.0, 0.0, 1.0 ], [ -0.5, -0.809017, -0.309017, 0.0, 0.809017, -0.309017, -0.5, 0.0, 0.309017, -0.5, 0.809017, 0.0, 0.0, 0.0, 0.0, 1.0 ], [ 0.309017, -0.5, 0.809017, 0.0, 0.5, 0.809017, 0.309017, 0.0, -0.809017, 0.309017, 0.5, 0.0, 0.0, 0.0, 0.0, 1.0 ], [ -0.809017, 0.309017, 0.5, 0.0, -0.309017, 0.5, -0.809017, 0.0, -0.5, -0.809017, -0.309017, 0.0, 0.0, 0.0, 0.0, 1.0 ], [ -0.5, -0.809017, 0.309017, 0.0, 0.809017, -0.309017, 0.5, 0.0, -0.309017, 0.5, 0.809017, 0.0, 0.0, 0.0, 0.0, 1.0 ], [ -0.309017, 0.5, 0.809017, 0.0, 0.5, 0.809017, -0.309017, 0.0, -0.809017, 0.309017, -0.5, 0.0, 0.0, 0.0, 0.0, 1.0 ], [ -0.809017, 0.309017, -0.5, 0.0, 0.309017, -0.5, -0.809017, 0.0, -0.5, -0.809017, 0.309017, 0.0, 0.0, 0.0, 0.0, 1.0 ], [ -0.809017, -0.309017, 0.5, 0.0, 0.309017, 0.5, 0.809017, 0.0, -0.5, 0.809017, -0.309017, 0.0, 0.0, 0.0, 0.0, 1.0 ], [ -0.5, 0.809017, -0.309017, 0.0, 0.809017, 0.309017, -0.5, 0.0, -0.309017, -0.5, -0.809017, 0.0, 0.0, 0.0, 0.0, 1.0 ], [ -0.309017, -0.5, -0.809017, 0.0, 0.5, -0.809017, 0.309017, 0.0, -0.809017, -0.309017, 0.5, 0.0, 0.0, 0.0, 0.0, 1.0 ] ],
  "lights" : {
    "backgroundColor" : "#E0EFFF",
    "ambientColor" : "#292929",
    "directionalLights" : [ {
      "direction" : {
        "x" : 1.0,
        "y" : -1.0,
        "z" : -1.0
      },
      "color" : "#EBEBE4"
    }, {
      "direction" : {
        "x" : -1.0,
        "y" : 0.0,
        "z" : 0.0
      },
      "color" : "#E4E4EB"
    }, {
      "direction" : {
        "x" : 0.0,
        "y" : 0.0,
        "z" : -1.0
      },
      "color" : "#1E1E1E"
    } ]
  },
  "camera" : {
    "lookDirection" : {
      "x" : 0.0,
      "y" : 0.0,
      "z" : -1.0
    },
    "upDirection" : {
      "x" : 0.0,
      "y" : 1.0,
      "z" : 0.0
    },
    "lookAtPoint" : {
      "x" : 0.0,
      "y" : 0.0,
      "z" : 0.0
    },
    "viewDistance" : 313.83878,
    "nearClipDistance" : 0.78459966,
    "farClipDistance" : 627.67865,
    "fieldOfView" : 0.44262952,
    "perspective" : true,
    "stereo" : false,
    "width" : 141.22766,
    "position" : {
      "x" : 0.0,
      "y" : 0.0,
      "z" : 313.83878
    }
  },
  "embedding" : [ 1.0, 0.0, 0.0, 0.0, 0.0, 1.0, 0.0, 0.0, 0.0, 0.0, 1.0, 0.0, 0.0, 0.0, 0.0, 1.0 ],
  "shapes" : [ {
    "id" : "e701ebd9-b62e-4138-9dba-ae6d4aa2f24c",
    "vertices" : [ {
      "x" : 10.031153,
      "y" : -27.604374,
      "z" : -3.5146441
    }, {
      "x" : 14.058577,
      "y" : -36.805832,
      "z" : 0.0
    }, {
      "x" : 22.747255,
      "y" : 22.747255,
      "z" : -22.747255
    }, {
      "x" : 16.230747,
      "y" : 14.888271,
      "z" : -19.74539
    } ],
    "faces" : [ {
      "vertices" : [ 0, 1, 2 ]
    }, {
      "vertices" : [ 0, 2, 3 ]
    }, {
      "vertices" : [ 0, 3, 2 ]
    }, {
      "vertices" : [ 0, 2, 1 ]
    } ]
  }, {
    "id" : "17c0dd57-0d29-40ca-b224-fc8e65602e4c",
    "vertices" : [ {
      "x" : -19.74539,
      "y" : 16.230747,
      "z" : 14.888271
    }, {
      "x" : -22.747255,
      "y" : 22.747255,
      "z" : 22.747255
    }, {
      "x" : -14.058577,
      "y" : -36.805832,
      "z" : 0.0
    }, {
      "x" : -13.545797,
      "y" : -26.2619,
      "z" : -1.3424746
    } ],
    "faces" : [ {
      "vertices" : [ 0, 1, 2 ]
    }, {
      "vertices" : [ 0, 2, 3 ]
    }, {
      "vertices" : [ 0, 3, 2 ]
    }, {
      "vertices" : [ 0, 2, 1 ]
    } ]
  }, {
    "id" : "9a2aa286-8d39-48ef-9add-1d7e1cf4e121",
    "vertices" : [ {
      "x" : 14.888271,
      "y" : 19.74539,
      "z" : -16.230747
    }, {
      "x" : 22.747255,
      "y" : 22.747255,
      "z" : -22.747255
    }, {
      "x" : 0.0,
      "y" : 14.058577,
      "z" : 36.805832
    }, {
      "x" : -1.3424746,
      "y" : 13.545797,
      "z" : 26.2619
    } ],
    "faces" : [ {
      "vertices" : [ 0, 1, 2 ]
    }, {
      "vertices" : [ 0, 2, 3 ]
    }, {
      "vertices" : [ 0, 3, 2 ]
    }, {
      "vertices" : [ 0, 2, 1 ]
    } ]
  }, {
    "id" : "00c0fb61-c2b8-47f9-a250-f1918b540292",
    "vertices" : [ {
      "x" : -18.402916,
      "y" : -14.058577,
      "z" : 18.402916
    }, {
      "x" : -22.747255,
      "y" : -22.747255,
      "z" : 22.747255
    }, {
      "x" : -22.747255,
      "y" : 22.747255,
      "z" : -22.747255
    }, {
      "x" : -18.402916,
      "y" : 18.402916,
      "z" : -14.058577
    } ],
    "faces" : [ {
      "vertices" : [ 0, 1, 2 ]
    }, {
      "vertices" : [ 0, 2, 3 ]
    }, {
      "vertices" : [ 0, 3, 2 ]
    }, {
      "vertices" : [ 0, 2, 1 ]
    } ]
  }, {
    "id" : "679f5c9a-158f-4b2b-b40f-c65987f654bb",
    "vertices" : [ {
      "x" : 2.1721697,
      "y" : 7.8589835,
      "z" : -28.434069
    }, {
      "x" : 0.0,
      "y" : 14.058577,
      "z" : -36.805832
    }, {
      "x" : -14.058577,
      "y" : -36.805832,
      "z" : 0.0
    }, {
      "x" : -7.8589835,
      "y" : -28.434069,
      "z" : -2.1721697
    } ],
    "faces" : [ {
      "vertices" : [ 0, 1, 2 ]
    }, {
      "vertices" : [ 0, 2, 3 ]
    }, {
      "vertices" : [ 0, 3, 2 ]
    }, {
      "vertices" : [ 0, 2, 1 ]
    } ]
  }, {
    "id" : "121e53b6-0309-4964-8969-3e3c5e1e9782",
    "vertices" : [ {
      "x" : 27.604374,
      "y" : 3.5146441,
      "z" : -10.031153
    }, {
      "x" : 36.805832,
      "y" : 0.0,
      "z" : -14.058577
    }, {
      "x" : -22.747255,
      "y" : 22.747255,
      "z" : -22.747255
    }, {
      "x" : -14.888271,
      "y" : 19.74539,
      "z" : -16.230747
    } ],
    "faces" : [ {
      "vertices" : [ 0, 1, 2 ]
    }, {
      "vertices" : [ 0, 2, 3 ]
    }, {
      "vertices" : [ 0, 3, 2 ]
    }, {
      "vertices" : [ 0, 2, 1 ]
    } ]
  }, {
    "id" : "8669027a-6b97-4e9b-aa57-7a116229b880",
    "vertices" : [ {
      "x" : -1.3424746,
      "y" : -13.545797,
      "z" : -26.2619
    }, {
      "x" : 0.0,
      "y" : -14.058577,
      "z" : -36.805832
    }, {
      "x" : -36.805832,
      "y" : 0.0,
      "z" : 14.058577
    }, {
      "x" : -27.604374,
      "y" : -3.5146441,
      "z" : 10.031153
    } ],
    "faces" : [ {
      "vertices" : [ 0, 1, 2 ]
    }, {
      "vertices" : [ 0, 2, 3 ]
    }, {
      "vertices" : [ 0, 3, 2 ]
    }, {
      "vertices" : [ 0, 2, 1 ]
    } ]
  }, {
    "id" : "143e325b-e63f-4561-99e1-cb367dcc9d41",
    "vertices" : [ {
      "x" : -13.545797,
      "y" : -26.2619,
      "z" : -1.3424746
    }, {
      "x" : -14.058577,
      "y" : -36.805832,
      "z" : 0.0
    }, {
      "x" : 0.0,
      "y" : 14.058577,
      "z" : -36.805832
    }, {
      "x" : -3.5146441,
      "y" : 10.031153,
      "z" : -27.604374
    } ],
    "faces" : [ {
      "vertices" : [ 0, 1, 2 ]
    }, {
      "vertices" : [ 0, 2, 3 ]
    }, {
      "vertices" : [ 0, 3, 2 ]
    }, {
      "vertices" : [ 0, 2, 1 ]
    } ]
  }, {
    "id" : "02c3f417-b80b-41f8-813c-a9d6b92109f9",
    "vertices" : [ {
      "x" : 18.402916,
      "y" : -14.058577,
      "z" : -18.402916
    }, {
      "x" : 22.747255,
      "y" : -22.747255,
      "z" : -22.747255
    }, {
      "x" : 22.747255,
      "y" : 22.747255,
      "z" : 22.747255
    }, {
      "x" : 18.402916,
      "y" : 18.402916,
      "z" : 14.058577
    } ],
    "faces" : [ {
      "vertices" : [ 0, 1, 2 ]
    }, {
      "vertices" : [ 0, 2, 3 ]
    }, {
      "vertices" : [ 0, 3, 2 ]
    }, {
      "vertices" : [ 0, 2, 1 ]
    } ]
  }, {
    "id" : "c98b50a7-a35b-446f-8da6-732f500de93b",
    "vertices" : [ {
      "x" : 10.031153,
      "y" : -27.604374,
      "z" : 3.5146441
    }, {
      "x" : 14.058577,
      "y" : -36.805832,
      "z" : 0.0
    }, {
      "x" : 22.747255,
      "y" : 22.747255,
      "z" : 22.747255
    }, {
      "x" : 16.230747,
      "y" : 14.888271,
      "z" : 19.74539
    } ],
    "faces" : [ {
      "vertices" : [ 0, 1, 2 ]
    }, {
      "vertices" : [ 0, 2, 3 ]
    }, {
      "vertices" : [ 0, 3, 2 ]
    }, {
      "vertices" : [ 0, 2, 1 ]
    } ]
  }, {
    "id" : "58b0ceee-0ba1-4d2c-8f8b-0f2459dd92d8",
    "vertices" : [ {
      "x" : -18.402916,
      "y" : 14.058577,
      "z" : -18.402916
    }, {
      "x" : -22.747255,
      "y" : 22.747255,
      "z" : -22.747255
    }, {
      "x" : -22.747255,
      "y" : -22.747255,
      "z" : 22.747255
    }, {
      "x" : -18.402916,
      "y" : -18.402916,
      "z" : 14.058577
    } ],
    "faces" : [ {
      "vertices" : [ 0, 1, 2 ]
    }, {
      "vertices" : [ 0, 2, 3 ]
    }, {
      "vertices" : [ 0, 3, 2 ]
    }, {
      "vertices" : [ 0, 2, 1 ]
    } ]
  }, {
    "id" : "1c082fc7-55d3-45b1-bcf6-0756878a9de2",
    "vertices" : [ {
      "x" : -28.434069,
      "y" : 2.1721697,
      "z" : -7.8589835
    }, {
      "x" : -36.805832,
      "y" : 0.0,
      "z" : -14.058577
    }, {
      "x" : 0.0,
      "y" : -14.058577,
      "z" : 36.805832
    }, {
      "x" : -2.1721697,
      "y" : -7.8589835,
      "z" : 28.434069
    } ],
    "faces" : [ {
      "vertices" : [ 0, 1, 2 ]
    }, {
      "vertices" : [ 0, 2, 3 ]
    }, {
      "vertices" : [ 0, 3, 2 ]
    }, {
      "vertices" : [ 0, 2, 1 ]
    } ]
  }, {
    "id" : "05108f70-fcd3-42e5-b1bd-63e241084f92",
    "vertices" : [ {
      "x" : 2.1721697,
      "y" : -7.8589835,
      "z" : -28.434069
    }, {
      "x" : 0.0,
      "y" : -14.058577,
      "z" : -36.805832
    }, {
      "x" : -14.058577,
      "y" : 36.805832,
      "z" : 0.0
    }, {
      "x" : -7.8589835,
      "y" : 28.434069,
      "z" : -2.1721697
    } ],
    "faces" : [ {
      "vertices" : [ 0, 1, 2 ]
    }, {
      "vertices" : [ 0, 2, 3 ]
    }, {
      "vertices" : [ 0, 3, 2 ]
    }, {
      "vertices" : [ 0, 2, 1 ]
    } ]
  }, {
    "id" : "e20b0ea1-b4c8-470e-b186-26e94ce7bb03",
    "vertices" : [ {
      "x" : 28.434069,
      "y" : -2.1721697,
      "z" : 7.8589835
    }, {
      "x" : 36.805832,
      "y" : 0.0,
      "z" : 14.058577
    }, {
      "x" : 0.0,
      "y" : 14.058577,
      "z" : -36.805832
    }, {
      "x" : 2.1721697,
      "y" : 7.8589835,
      "z" : -28.434069
    } ],
    "faces" : [ {
      "vertices" : [ 0, 1, 2 ]
    }, {
      "vertices" : [ 0, 2, 3 ]
    }, {
      "vertices" : [ 0, 3, 2 ]
    }, {
      "vertices" : [ 0, 2, 1 ]
    } ]
  }, {
    "id" : "32f4569c-5923-4ede-b17f-8f6214c5e563",
    "vertices" : [ {
      "x" : -14.888271,
      "y" : -19.74539,
      "z" : -16.230747
    }, {
      "x" : -22.747255,
      "y" : -22.747255,
      "z" : -22.747255
    }, {
      "x" : 0.0,
      "y" : -14.058577,
      "z" : 36.805832
    }, {
      "x" : 1.3424746,
      "y" : -13.545797,
      "z" : 26.2619
    } ],
    "faces" : [ {
      "vertices" : [ 0, 1, 2 ]
    }, {
      "vertices" : [ 0, 2, 3 ]
    }, {
      "vertices" : [ 0, 3, 2 ]
    }, {
      "vertices" : [ 0, 2, 1 ]
    } ]
  }, {
    "id" : "476eab5e-9031-4190-9aa7-d96c0aad5fd0",
    "vertices" : [ {
      "x" : 13.545797,
      "y" : 26.2619,
      "z" : -1.3424746
    }, {
      "x" : 14.058577,
      "y" : 36.805832,
      "z" : 0.0
    }, {
      "x" : 0.0,
      "y" : -14.058577,
      "z" : -36.805832
    }, {
      "x" : 3.5146441,
      "y" : -10.031153,
      "z" : -27.604374
    } ],
    "faces" : [ {
      "vertices" : [ 0, 1, 2 ]
    }, {
      "vertices" : [ 0, 2, 3 ]
    }, {
      "vertices" : [ 0, 3, 2 ]
    }, {
      "vertices" : [ 0, 2, 1 ]
    } ]
  }, {
    "id" : "23abecdd-5a22-4af4-bee4-1247945aa2bd",
    "vertices" : [ {
      "x" : -27.604374,
      "y" : 3.5146441,
      "z" : -10.031153
    }, {
      "x" : -36.805832,
      "y" : 0.0,
      "z" : -14.058577
    }, {
      "x" : 22.747255,
      "y" : 22.747255,
      "z" : -22.747255
    }, {
      "x" : 14.888271,
      "y" : 19.74539,
      "z" : -16.230747
    } ],
    "faces" : [ {
      "vertices" : [ 0, 1, 2 ]
    }, {
      "vertices" : [ 0, 2, 3 ]
    }, {
      "vertices" : [ 0, 3, 2 ]
    }, {
      "vertices" : [ 0, 2, 1 ]
    } ]
  }, {
    "id" : "637387da-1ae9-4382-83af-5a4e06728cb5",
    "vertices" : [ {
      "x" : -27.604374,
      "y" : -3.5146441,
      "z" : -10.031153
    }, {
      "x" : -36.805832,
      "y" : 0.0,
      "z" : -14.058577
    }, {
      "x" : 22.747255,
      "y" : -22.747255,
      "z" : -22.747255
    }, {
      "x" : 14.888271,
      "y" : -19.74539,
      "z" : -16.230747
    } ],
    "faces" : [ {
      "vertices" : [ 0, 1, 2 ]
    }, {
      "vertices" : [ 0, 2, 3 ]
    }, {
      "vertices" : [ 0, 3, 2 ]
    }, {
      "vertices" : [ 0, 2, 1 ]
    } ]
  }, {
    "id" : "dce4e175-3216-4ba8-b6ce-f553d012ec1b",
    "vertices" : [ {
      "x" : 14.888271,
      "y" : -19.74539,
      "z" : -16.230747
    }, {
      "x" : 22.747255,
      "y" : -22.747255,
      "z" : -22.747255
    }, {
      "x" : 0.0,
      "y" : -14.058577,
      "z" : 36.805832
    }, {
      "x" : -1.3424746,
      "y" : -13.545797,
      "z" : 26.2619
    } ],
    "faces" : [ {
      "vertices" : [ 0, 1, 2 ]
    }, {
      "vertices" : [ 0, 2, 3 ]
    }, {
      "vertices" : [ 0, 3, 2 ]
    }, {
      "vertices" : [ 0, 2, 1 ]
    } ]
  }, {
    "id" : "1c6da15a-e013-4690-9da9-33407fc30463",
    "vertices" : [ {
      "x" : -18.402916,
      "y" : 18.402916,
      "z" : 14.058577
    }, {
      "x" : -22.747255,
      "y" : 22.747255,
      "z" : 22.747255
    }, {
      "x" : 22.747255,
      "y" : 22.747255,
      "z" : -22.747255
    }, {
      "x" : 14.058577,
      "y" : 18.402916,
      "z" : -18.402916
    } ],
    "faces" : [ {
      "vertices" : [ 0, 1, 2 ]
    }, {
      "vertices" : [ 0, 2, 3 ]
    }, {
      "vertices" : [ 0, 3, 2 ]
    }, {
      "vertices" : [ 0, 2, 1 ]
    } ]
  }, {
    "id" : "19ec4e50-d38b-4896-bbea-ce964d1b4b34",
    "vertices" : [ {
      "x" : -2.1721697,
      "y" : 7.8589835,
      "z" : 28.434069
    }, {
      "x" : 0.0,
      "y" : 14.058577,
      "z" : 36.805832
    }, {
      "x" : 14.058577,
      "y" : -36.805832,
      "z" : 0.0
    }, {
      "x" : 7.8589835,
      "y" : -28.434069,
      "z" : 2.1721697
    } ],
    "faces" : [ {
      "vertices" : [ 0, 1, 2 ]
    }, {
      "vertices" : [ 0, 2, 3 ]
    }, {
      "vertices" : [ 0, 3, 2 ]
    }, {
      "vertices" : [ 0, 2, 1 ]
    } ]
  }, {
    "id" : "17b94547-ab14-4df6-9ffc-a3e0aab6b7cd",
    "vertices" : [ {
      "x" : -2.1721697,
      "y" : -7.8589835,
      "z" : 28.434069
    }, {
      "x" : 0.0,
      "y" : -14.058577,
      "z" : 36.805832
    }, {
      "x" : 14.058577,
      "y" : 36.805832,
      "z" : 0.0
    }, {
      "x" : 7.8589835,
      "y" : 28.434069,
      "z" : 2.1721697
    } ],
    "faces" : [ {
      "vertices" : [ 0, 1, 2 ]
    }, {
      "vertices" : [ 0, 2, 3 ]
    }, {
      "vertices" : [ 0, 3, 2 ]
    }, {
      "vertices" : [ 0, 2, 1 ]
    } ]
  }, {
    "id" : "cf85e3a8-533a-4b92-b4a7-3a1b383eb365",
    "vertices" : [ {
      "x" : 16.230747,
      "y" : 14.888271,
      "z" : -19.74539
    }, {
      "x" : 22.747255,
      "y" : 22.747255,
      "z" : -22.747255
    }, {
      "x" : -36.805832,
      "y" : 0.0,
      "z" : -14.058577
    }, {
      "x" : -26.2619,
      "y" : -1.3424746,
      "z" : -13.545797
    } ],
    "faces" : [ {
      "vertices" : [ 0, 1, 2 ]
    }, {
      "vertices" : [ 0, 2, 3 ]
    }, {
      "vertices" : [ 0, 3, 2 ]
    }, {
      "vertices" : [ 0, 2, 1 ]
    } ]
  }, {
    "id" : "24539280-196e-450a-8754-9c8a28eb93be",
    "vertices" : [ {
      "x" : 2.1721697,
      "y" : -7.8589835,
      "z" : 28.434069
    }, {
      "x" : 0.0,
      "y" : -14.058577,
      "z" : 36.805832
    }, {
      "x" : -14.058577,
      "y" : 36.805832,
      "z" : 0.0
    }, {
      "x" : -7.8589835,
      "y" : 28.434069,
      "z" : 2.1721697
    } ],
    "faces" : [ {
      "vertices" : [ 0, 1, 2 ]
    }, {
      "vertices" : [ 0, 2, 3 ]
    }, {
      "vertices" : [ 0, 3, 2 ]
    }, {
      "vertices" : [ 0, 2, 1 ]
    } ]
  }, {
    "id" : "2c439a6c-d0ec-42d4-9747-b2d5ee04a44b",
    "vertices" : [ {
      "x" : 18.402916,
      "y" : 14.058577,
      "z" : 18.402916
    }, {
      "x" : 22.747255,
      "y" : 22.747255,
      "z" : 22.747255
    }, {
      "x" : 22.747255,
      "y" : -22.747255,
      "z" : -22.747255
    }, {
      "x" : 18.402916,
      "y" : -18.402916,
      "z" : -14.058577
    } ],
    "faces" : [ {
      "vertices" : [ 0, 1, 2 ]
    }, {
      "vertices" : [ 0, 2, 3 ]
    }, {
      "vertices" : [ 0, 3, 2 ]
    }, {
      "vertices" : [ 0, 2, 1 ]
    } ]
  }, {
    "id" : "7a9ed09d-a22b-443e-9afe-38c89ff3acaa",
    "vertices" : [ {
      "x" : -16.230747,
      "y" : -14.888271,
      "z" : 19.74539
    }, {
      "x" : -22.747255,
      "y" : -22.747255,
      "z" : 22.747255
    }, {
      "x" : 36.805832,
      "y" : 0.0,
      "z" : 14.058577
    }, {
      "x" : 26.2619,
      "y" : 1.3424746,
      "z" : 13.545797
    } ],
    "faces" : [ {
      "vertices" : [ 0, 1, 2 ]
    }, {
      "vertices" : [ 0, 2, 3 ]
    }, {
      "vertices" : [ 0, 3, 2 ]
    }, {
      "vertices" : [ 0, 2, 1 ]
    } ]
  }, {
    "id" : "8cfb0a72-067f-466c-891a-f69f1c8171ce",
    "vertices" : [ {
      "x" : -16.230747,
      "y" : -14.888271,
      "z" : -19.74539
    }, {
      "x" : -22.747255,
      "y" : -22.747255,
      "z" : -22.747255
    }, {
      "x" : 36.805832,
      "y" : 0.0,
      "z" : -14.058577
    }, {
      "x" : 26.2619,
      "y" : 1.3424746,
      "z" : -13.545797
    } ],
    "faces" : [ {
      "vertices" : [ 0, 1, 2 ]
    }, {
      "vertices" : [ 0, 2, 3 ]
    }, {
      "vertices" : [ 0, 3, 2 ]
    }, {
      "vertices" : [ 0, 2, 1 ]
    } ]
  }, {
    "id" : "aa7e6ae6-c525-4af2-9c09-7b141a6fdc60",
    "vertices" : [ {
      "x" : 13.545797,
      "y" : 26.2619,
      "z" : 1.3424746
    }, {
      "x" : 14.058577,
      "y" : 36.805832,
      "z" : 0.0
    }, {
      "x" : 0.0,
      "y" : -14.058577,
      "z" : 36.805832
    }, {
      "x" : 3.5146441,
      "y" : -10.031153,
      "z" : 27.604374
    } ],
    "faces" : [ {
      "vertices" : [ 0, 1, 2 ]
    }, {
      "vertices" : [ 0, 2, 3 ]
    }, {
      "vertices" : [ 0, 3, 2 ]
    }, {
      "vertices" : [ 0, 2, 1 ]
    } ]
  }, {
    "id" : "bddf5016-0768-4ffb-8f29-0c2ded9c311f",
    "vertices" : [ {
      "x" : -1.3424746,
      "y" : 13.545797,
      "z" : -26.2619
    }, {
      "x" : 0.0,
      "y" : 14.058577,
      "z" : -36.805832
    }, {
      "x" : -36.805832,
      "y" : 0.0,
      "z" : 14.058577
    }, {
      "x" : -27.604374,
      "y" : 3.5146441,
      "z" : 10.031153
    } ],
    "faces" : [ {
      "vertices" : [ 0, 1, 2 ]
    }, {
      "vertices" : [ 0, 2, 3 ]
    }, {
      "vertices" : [ 0, 3, 2 ]
    }, {
      "vertices" : [ 0, 2, 1 ]
    } ]
  }, {
    "id" : "b01f8bc1-13b9-4328-9e5a-a44cf8cf2350",
    "vertices" : [ {
      "x" : 10.031153,
      "y" : 27.604374,
      "z" : -3.5146441
    }, {
      "x" : 14.058577,
      "y" : 36.805832,
      "z" : 0.0
    }, {
      "x" : 22.747255,
      "y" : -22.747255,
      "z" : -22.747255
    }, {
      "x" : 16.230747,
      "y" : -14.888271,
      "z" : -19.74539
    } ],
    "faces" : [ {
      "vertices" : [ 0, 1, 2 ]
    }, {
      "vertices" : [ 0, 2, 3 ]
    }, {
      "vertices" : [ 0, 3, 2 ]
    }, {
      "vertices" : [ 0, 2, 1 ]
    } ]
  }, {
    "id" : "6801b11d-8918-4986-9f14-8a6871d2cde2",
    "vertices" : [ {
      "x" : -26.2619,
      "y" : 1.3424746,
      "z" : 13.545797
    }, {
      "x" : -36.805832,
      "y" : 0.0,
      "z" : 14.058577
    }, {
      "x" : 14.058577,
      "y" : 36.805832,
      "z" : 0.0
    }, {
      "x" : 10.031153,
      "y" : 27.604374,
      "z" : 3.5146441
    } ],
    "faces" : [ {
      "vertices" : [ 0, 1, 2 ]
    }, {
      "vertices" : [ 0, 2, 3 ]
    }, {
      "vertices" : [ 0, 3, 2 ]
    }, {
      "vertices" : [ 0, 2, 1 ]
    } ]
  }, {
    "id" : "be747e51-feca-4c58-bded-41701815f510",
    "vertices" : [ {
      "x" : 19.74539,
      "y" : -16.230747,
      "z" : -14.888271
    }, {
      "x" : 22.747255,
      "y" : -22.747255,
      "z" : -22.747255
    }, {
      "x" : 14.058577,
      "y" : 36.805832,
      "z" : 0.0
    }, {
      "x" : 13.545797,
      "y" : 26.2619,
      "z" : 1.3424746
    } ],
    "faces" : [ {
      "vertices" : [ 0, 1, 2 ]
    }, {
      "vertices" : [ 0, 2, 3 ]
    }, {
      "vertices" : [ 0, 3, 2 ]
    }, {
      "vertices" : [ 0, 2, 1 ]
    } ]
  }, {
    "id" : "99dea776-ba68-4988-a47d-73470a7efad2",
    "vertices" : [ {
      "x" : -27.604374,
      "y" : 3.5146441,
      "z" : 10.031153
    }, {
      "x" : -36.805832,
      "y" : 0.0,
      "z" : 14.058577
    }, {
      "x" : 22.747255,
      "y" : 22.747255,
      "z" : 22.747255
    }, {
      "x" : 14.888271,
      "y" : 19.74539,
      "z" : 16.230747
    } ],
    "faces" : [ {
      "vertices" : [ 0, 1, 2 ]
    }, {
      "vertices" : [ 0, 2, 3 ]
    }, {
      "vertices" : [ 0, 3, 2 ]
    }, {
      "vertices" : [ 0, 2, 1 ]
    } ]
  }, {
    "id" : "26d832ae-5c2d-4e1f-8a19-d7b7f05b7848",
    "vertices" : [ {
      "x" : -7.8589835,
      "y" : -28.434069,
      "z" : -2.1721697
    }, {
      "x" : -14.058577,
      "y" : -36.805832,
      "z" : 0.0
    }, {
      "x" : 36.805832,
      "y" : 0.0,
      "z" : 14.058577
    }, {
      "x" : 28.434069,
      "y" : -2.1721697,
      "z" : 7.8589835
    } ],
    "faces" : [ {
      "vertices" : [ 0, 1, 2 ]
    }, {
      "vertices" : [ 0, 2, 3 ]
    }, {
      "vertices" : [ 0, 3, 2 ]
    }, {
      "vertices" : [ 0, 2, 1 ]
    } ]
  }, {
    "id" : "fdb66c09-7eab-4b58-9c59-aecf2679f733",
    "vertices" : [ {
      "x" : -1.3424746,
      "y" : 13.545797,
      "z" : 26.2619
    }, {
      "x" : 0.0,
      "y" : 14.058577,
      "z" : 36.805832
    }, {
      "x" : -36.805832,
      "y" : 0.0,
      "z" : -14.058577
    }, {
      "x" : -27.604374,
      "y" : 3.5146441,
      "z" : -10.031153
    } ],
    "faces" : [ {
      "vertices" : [ 0, 1, 2 ]
    }, {
      "vertices" : [ 0, 2, 3 ]
    }, {
      "vertices" : [ 0, 3, 2 ]
    }, {
      "vertices" : [ 0, 2, 1 ]
    } ]
  }, {
    "id" : "3e448b3e-c7e5-4ab0-8454-6192e1ea20b9",
    "vertices" : [ {
      "x" : 3.5146441,
      "y" : 10.031153,
      "z" : 27.604374
    }, {
      "x" : 0.0,
      "y" : 14.058577,
      "z" : 36.805832
    }, {
      "x" : 22.747255,
      "y" : 22.747255,
      "z" : -22.747255
    }, {
      "x" : 19.74539,
      "y" : 16.230747,
      "z" : -14.888271
    } ],
    "faces" : [ {
      "vertices" : [ 0, 1, 2 ]
    }, {
      "vertices" : [ 0, 2, 3 ]
    }, {
      "vertices" : [ 0, 3, 2 ]
    }, {
      "vertices" : [ 0, 2, 1 ]
    } ]
  }, {
    "id" : "2a398437-ddd3-417e-9ecd-7df0d1750d14",
    "vertices" : [ {
      "x" : -14.058577,
      "y" : -18.402916,
      "z" : 18.402916
    }, {
      "x" : -22.747255,
      "y" : -22.747255,
      "z" : 22.747255
    }, {
      "x" : 22.747255,
      "y" : 22.747255,
      "z" : 22.747255
    }, {
      "x" : 18.402916,
      "y" : 14.058577,
      "z" : 18.402916
    } ],
    "faces" : [ {
      "vertices" : [ 0, 1, 2 ]
    }, {
      "vertices" : [ 0, 2, 3 ]
    }, {
      "vertices" : [ 0, 3, 2 ]
    }, {
      "vertices" : [ 0, 2, 1 ]
    } ]
  }, {
    "id" : "7c852fe1-ab02-4ff2-a0a5-07d65d489637",
    "vertices" : [ {
      "x" : 19.74539,
      "y" : -16.230747,
      "z" : 14.888271
    }, {
      "x" : 22.747255,
      "y" : -22.747255,
      "z" : 22.747255
    }, {
      "x" : 14.058577,
      "y" : 36.805832,
      "z" : 0.0
    }, {
      "x" : 13.545797,
      "y" : 26.2619,
      "z" : -1.3424746
    } ],
    "faces" : [ {
      "vertices" : [ 0, 1, 2 ]
    }, {
      "vertices" : [ 0, 2, 3 ]
    }, {
      "vertices" : [ 0, 3, 2 ]
    }, {
      "vertices" : [ 0, 2, 1 ]
    } ]
  }, {
    "id" : "130011dd-3d7d-46ab-9dc7-976620aa3b6b",
    "vertices" : [ {
      "x" : 19.74539,
      "y" : 16.230747,
      "z" : 14.888271
    }, {
      "x" : 22.747255,
      "y" : 22.747255,
      "z" : 22.747255
    }, {
      "x" : 14.058577,
      "y" : -36.805832,
      "z" : 0.0
    }, {
      "x" : 13.545797,
      "y" : -26.2619,
      "z" : -1.3424746
    } ],
    "faces" : [ {
      "vertices" : [ 0, 1, 2 ]
    }, {
      "vertices" : [ 0, 2, 3 ]
    }, {
      "vertices" : [ 0, 3, 2 ]
    }, {
      "vertices" : [ 0, 2, 1 ]
    } ]
  }, {
    "id" : "854a7be5-aea7-4142-a4ed-2481fc5fe45b",
    "vertices" : [ {
      "x" : 7.8589835,
      "y" : 28.434069,
      "z" : -2.1721697
    }, {
      "x" : 14.058577,
      "y" : 36.805832,
      "z" : 0.0
    }, {
      "x" : -36.805832,
      "y" : 0.0,
      "z" : 14.058577
    }, {
      "x" : -28.434069,
      "y" : 2.1721697,
      "z" : 7.8589835
    } ],
    "faces" : [ {
      "vertices" : [ 0, 1, 2 ]
    }, {
      "vertices" : [ 0, 2, 3 ]
    }, {
      "vertices" : [ 0, 3, 2 ]
    }, {
      "vertices" : [ 0, 2, 1 ]
    } ]
  }, {
    "id" : "e56e1aef-17b6-4ba2-9b62-7fd99fcb751d",
    "vertices" : [ {
      "x" : -7.8589835,
      "y" : -28.434069,
      "z" : 2.1721697
    }, {
      "x" : -14.058577,
      "y" : -36.805832,
      "z" : 0.0
    }, {
      "x" : 36.805832,
      "y" : 0.0,
      "z" : -14.058577
    }, {
      "x" : 28.434069,
      "y" : -2.1721697,
      "z" : -7.8589835
    } ],
    "faces" : [ {
      "vertices" : [ 0, 1, 2 ]
    }, {
      "vertices" : [ 0, 2, 3 ]
    }, {
      "vertices" : [ 0, 3, 2 ]
    }, {
      "vertices" : [ 0, 2, 1 ]
    } ]
  }, {
    "id" : "d7bd5b65-f7fe-4eba-a20f-1c571200902f",
    "vertices" : [ {
      "x" : 28.434069,
      "y" : 2.1721697,
      "z" : 7.8589835
    }, {
      "x" : 36.805832,
      "y" : 0.0,
      "z" : 14.058577
    }, {
      "x" : 0.0,
      "y" : -14.058577,
      "z" : -36.805832
    }, {
      "x" : 2.1721697,
      "y" : -7.8589835,
      "z" : -28.434069
    } ],
    "faces" : [ {
      "vertices" : [ 0, 1, 2 ]
    }, {
      "vertices" : [ 0, 2, 3 ]
    }, {
      "vertices" : [ 0, 3, 2 ]
    }, {
      "vertices" : [ 0, 2, 1 ]
    } ]
  }, {
    "id" : "81a5c42f-106a-4e68-ac37-c3cd5ebef357",
    "vertices" : [ {
      "x" : -3.5146441,
      "y" : -10.031153,
      "z" : 27.604374
    }, {
      "x" : 0.0,
      "y" : -14.058577,
      "z" : 36.805832
    }, {
      "x" : -22.747255,
      "y" : -22.747255,
      "z" : -22.747255
    }, {
      "x" : -19.74539,
      "y" : -16.230747,
      "z" : -14.888271
    } ],
    "faces" : [ {
      "vertices" : [ 0, 1, 2 ]
    }, {
      "vertices" : [ 0, 2, 3 ]
    }, {
      "vertices" : [ 0, 3, 2 ]
    }, {
      "vertices" : [ 0, 2, 1 ]
    } ]
  }, {
    "id" : "01a9b3c9-0a04-44ce-b83a-441033509a5d",
    "vertices" : [ {
      "x" : -13.545797,
      "y" : 26.2619,
      "z" : 1.3424746
    }, {
      "x" : -14.058577,
      "y" : 36.805832,
      "z" : 0.0
    }, {
      "x" : 0.0,
      "y" : -14.058577,
      "z" : 36.805832
    }, {
      "x" : -3.5146441,
      "y" : -10.031153,
      "z" : 27.604374
    } ],
    "faces" : [ {
      "vertices" : [ 0, 1, 2 ]
    }, {
      "vertices" : [ 0, 2, 3 ]
    }, {
      "vertices" : [ 0, 3, 2 ]
    }, {
      "vertices" : [ 0, 2, 1 ]
    } ]
  }, {
    "id" : "9365b376-c357-4587-b893-d9d1bf3993ec",
    "vertices" : [ {
      "x" : -18.402916,
      "y" : -14.058577,
      "z" : -18.402916
    }, {
      "x" : -22.747255,
      "y" : -22.747255,
      "z" : -22.747255
    }, {
      "x" : -22.747255,
      "y" : 22.747255,
      "z" : 22.747255
    }, {
      "x" : -18.402916,
      "y" : 18.402916,
      "z" : 14.058577
    } ],
    "faces" : [ {
      "vertices" : [ 0, 1, 2 ]
    }, {
      "vertices" : [ 0, 2, 3 ]
    }, {
      "vertices" : [ 0, 3, 2 ]
    }, {
      "vertices" : [ 0, 2, 1 ]
    } ]
  }, {
    "id" : "0febd3a5-0233-41a0-bbbe-93ab08b9d683",
    "vertices" : [ {
      "x" : -19.74539,
      "y" : 16.230747,
      "z" : -14.888271
    }, {
      "x" : -22.747255,
      "y" : 22.747255,
      "z" : -22.747255
    }, {
      "x" : -14.058577,
      "y" : -36.805832,
      "z" : 0.0
    }, {
      "x" : -13.545797,
      "y" : -26.2619,
      "z" : 1.3424746
    } ],
    "faces" : [ {
      "vertices" : [ 0, 1, 2 ]
    }, {
      "vertices" : [ 0, 2, 3 ]
    }, {
      "vertices" : [ 0, 3, 2 ]
    }, {
      "vertices" : [ 0, 2, 1 ]
    } ]
  }, {
    "id" : "c4e086d1-8f6d-4da4-bb46-31ddfdb8d5e0",
    "vertices" : [ {
      "x" : -18.402916,
      "y" : 18.402916,
      "z" : -14.058577
    }, {
      "x" : -22.747255,
      "y" : 22.747255,
      "z" : -22.747255
    }, {
      "x" : 22.747255,
      "y" : 22.747255,
      "z" : 22.747255
    }, {
      "x" : 14.058577,
      "y" : 18.402916,
      "z" : 18.402916
    } ],
    "faces" : [ {
      "vertices" : [ 0, 1, 2 ]
    }, {
      "vertices" : [ 0, 2, 3 ]
    }, {
      "vertices" : [ 0, 3, 2 ]
    }, {
      "vertices" : [ 0, 2, 1 ]
    } ]
  }, {
    "id" : "e23f9943-ed3c-4356-9696-29878491b486",
    "vertices" : [ {
      "x" : -18.402916,
      "y" : 14.058577,
      "z" : 18.402916
    }, {
      "x" : -22.747255,
      "y" : 22.747255,
      "z" : 22.747255
    }, {
      "x" : -22.747255,
      "y" : -22.747255,
      "z" : -22.747255
    }, {
      "x" : -18.402916,
      "y" : -18.402916,
      "z" : -14.058577
    } ],
    "faces" : [ {
      "vertices" : [ 0, 1, 2 ]
    }, {
      "vertices" : [ 0, 2, 3 ]
    }, {
      "vertices" : [ 0, 3, 2 ]
    }, {
      "vertices" : [ 0, 2, 1 ]
    } ]
  }, {
    "id" : "30cb55b0-baf5-497a-ba2f-6aa98a579b3a",
    "vertices" : [ {
      "x" : 2.1721697,
      "y" : 7.8589835,
      "z" : 28.434069
    }, {
      "x" : 0.0,
      "y" : 14.058577,
      "z" : 36.805832
    }, {
      "x" : -14.058577,
      "y" : -36.805832,
      "z" : 0.0
    }, {
      "x" : -7.8589835,
      "y" : -28.434069,
      "z" : 2.1721697
    } ],
    "faces" : [ {
      "vertices" : [ 0, 1, 2 ]
    }, {
      "vertices" : [ 0, 2, 3 ]
    }, {
      "vertices" : [ 0, 3, 2 ]
    }, {
      "vertices" : [ 0, 2, 1 ]
    } ]
  }, {
    "id" : "99f5e651-5e04-4ef4-ab19-3267d8a3fb55",
    "vertices" : [ {
      "x" : 14.058577,
      "y" : 18.402916,
      "z" : 18.402916
    }, {
      "x" : 22.747255,
      "y" : 22.747255,
      "z" : 22.747255
    }, {
      "x" : -22.747255,
      "y" : -22.747255,
      "z" : 22.747255
    }, {
      "x" : -18.402916,
      "y" : -14.058577,
      "z" : 18.402916
    } ],
    "faces" : [ {
      "vertices" : [ 0, 1, 2 ]
    }, {
      "vertices" : [ 0, 2, 3 ]
    }, {
      "vertices" : [ 0, 3, 2 ]
    }, {
      "vertices" : [ 0, 2, 1 ]
    } ]
  }, {
    "id" : "1e619dec-31f5-488e-8456-3c0e6f5e4a89",
    "vertices" : [ {
      "x" : 26.2619,
      "y" : 1.3424746,
      "z" : 13.545797
    }, {
      "x" : 36.805832,
      "y" : 0.0,
      "z" : 14.058577
    }, {
      "x" : -14.058577,
      "y" : 36.805832,
      "z" : 0.0
    }, {
      "x" : -10.031153,
      "y" : 27.604374,
      "z" : 3.5146441
    } ],
    "faces" : [ {
      "vertices" : [ 0, 1, 2 ]
    }, {
      "vertices" : [ 0, 2, 3 ]
    }, {
      "vertices" : [ 0, 3, 2 ]
    }, {
      "vertices" : [ 0, 2, 1 ]
    } ]
  }, {
    "id" : "33a6dabe-b1ba-4df6-b601-c1557ff5354c",
    "vertices" : [ {
      "x" : 13.545797,
      "y" : -26.2619,
      "z" : -1.3424746
    }, {
      "x" : 14.058577,
      "y" : -36.805832,
      "z" : 0.0
    }, {
      "x" : 0.0,
      "y" : 14.058577,
      "z" : -36.805832
    }, {
      "x" : 3.5146441,
      "y" : 10.031153,
      "z" : -27.604374
    } ],
    "faces" : [ {
      "vertices" : [ 0, 1, 2 ]
    }, {
      "vertices" : [ 0, 2, 3 ]
    }, {
      "vertices" : [ 0, 3, 2 ]
    }, {
      "vertices" : [ 0, 2, 1 ]
    } ]
  }, {
    "id" : "6b93e032-75fe-4b31-bcc5-a7ffb61d31a1",
    "vertices" : [ {
      "x" : -28.434069,
      "y" : 2.1721697,
      "z" : 7.8589835
    }, {
      "x" : -36.805832,
      "y" : 0.0,
      "z" : 14.058577
    }, {
      "x" : 0.0,
      "y" : -14.058577,
      "z" : -36.805832
    }, {
      "x" : -2.1721697,
      "y" : -7.8589835,
      "z" : -28.434069
    } ],
    "faces" : [ {
      "vertices" : [ 0, 1, 2 ]
    }, {
      "vertices" : [ 0, 2, 3 ]
    }, {
      "vertices" : [ 0, 3, 2 ]
    }, {
      "vertices" : [ 0, 2, 1 ]
    } ]
  }, {
    "id" : "79e42f55-5e88-4aa1-a50b-2a417ffd87fd",
    "vertices" : [ {
      "x" : -10.031153,
      "y" : -27.604374,
      "z" : 3.5146441
    }, {
      "x" : -14.058577,
      "y" : -36.805832,
      "z" : 0.0
    }, {
      "x" : -22.747255,
      "y" : 22.747255,
      "z" : 22.747255
    }, {
      "x" : -16.230747,
      "y" : 14.888271,
      "z" : 19.74539
    } ],
    "faces" : [ {
      "vertices" : [ 0, 1, 2 ]
    }, {
      "vertices" : [ 0, 2, 3 ]
    }, {
      "vertices" : [ 0, 3, 2 ]
    }, {
      "vertices" : [ 0, 2, 1 ]
    } ]
  }, {
    "id" : "ee11d114-43f3-4c4e-92ee-bf37795c913f",
    "vertices" : [ {
      "x" : 26.2619,
      "y" : 1.3424746,
      "z" : -13.545797
    }, {
      "x" : 36.805832,
      "y" : 0.0,
      "z" : -14.058577
    }, {
      "x" : -14.058577,
      "y" : 36.805832,
      "z" : 0.0
    }, {
      "x" : -10.031153,
      "y" : 27.604374,
      "z" : -3.5146441
    } ],
    "faces" : [ {
      "vertices" : [ 0, 1, 2 ]
    }, {
      "vertices" : [ 0, 2, 3 ]
    }, {
      "vertices" : [ 0, 3, 2 ]
    }, {
      "vertices" : [ 0, 2, 1 ]
    } ]
  }, {
    "id" : "74734a74-5356-42ae-9008-ea9fa249aad7",
    "vertices" : [ {
      "x" : 16.230747,
      "y" : 14.888271,
      "z" : 19.74539
    }, {
      "x" : 22.747255,
      "y" : 22.747255,
      "z" : 22.747255
    }, {
      "x" : -36.805832,
      "y" : 0.0,
      "z" : 14.058577
    }, {
      "x" : -26.2619,
      "y" : -1.3424746,
      "z" : 13.545797
    } ],
    "faces" : [ {
      "vertices" : [ 0, 1, 2 ]
    }, {
      "vertices" : [ 0, 2, 3 ]
    }, {
      "vertices" : [ 0, 3, 2 ]
    }, {
      "vertices" : [ 0, 2, 1 ]
    } ]
  }, {
    "id" : "eba26c0f-9127-442f-844f-d71e7b4868cf",
    "vertices" : [ {
      "x" : -26.2619,
      "y" : -1.3424746,
      "z" : -13.545797
    }, {
      "x" : -36.805832,
      "y" : 0.0,
      "z" : -14.058577
    }, {
      "x" : 14.058577,
      "y" : -36.805832,
      "z" : 0.0
    }, {
      "x" : 10.031153,
      "y" : -27.604374,
      "z" : -3.5146441
    } ],
    "faces" : [ {
      "vertices" : [ 0, 1, 2 ]
    }, {
      "vertices" : [ 0, 2, 3 ]
    }, {
      "vertices" : [ 0, 3, 2 ]
    }, {
      "vertices" : [ 0, 2, 1 ]
    } ]
  }, {
    "id" : "cc56f528-6f8e-417d-bcc4-4746862f9ef7",
    "vertices" : [ {
      "x" : -26.2619,
