{
  "field" : "golden",
  "symmetry" : "icosahedral",
  "orientations" : [ [ 1.0, 0.0, 0.0, 0.0, 0.0, 1.0, 0.0, 0.0, 0.0, 0.0, 1.0, 0.0, 0.0, 0.0, 0.0, 1.0 ], [ 0.0, 0.0, 1.0, 0.0, 1.0, 0.0, 0.0, 0.0, 0.0, 1.0, 0.0, 0.0, 0.0, 0.0, 0.0, 1.0 ], [ 0.0, 1.0, 0.0, 0.0, 0.0, 0.0, 1.0, 0.0, 1.0, 0.0, 0.0, 0.0, 0.0, 0.0, 0.0, 1.0 ], [ 0.809017, 0.309017, 0.5, 0.0, 0.309017, 0.5, -0.809017, 0.0, -0.5, 0.809017, 0.309017, 0.0, 0.0, 0.0, 0.0, 1.0 ], [ -0.5, 0.809017, 0.309017, 0.0, 0.809017, 0.309017, 0.5, 0.0, 0.309017, 0.5, -0.809017, 0.0, 0.0, 0.0, 0.0, 1.0 ], [ 0.309017, 0.5, -0.809017, 0.0, -0.5, 0.809017, 0.309017, 0.0, 0.809017, 0.309017, 0.5, 0.0, 0.0, 0.0, 0.0, 1.0 ], [ 0.5, 0.809017, 0.309017, 0.0, 0.809017, -0.309017, -0.5, 0.0, -0.309017, 0.5, -0.809017, 0.0, 0.0, 0.0, 0.0, 1.0 ], [ -0.309017, 0.5, -0.809017, 0.0, 0.5, 0.809017, 0.309017, 0.0, 0.809017, -0.309017, -0.5, 0.0, 0.0, 0.0, 0.0, 1.0 ], [ 0.809017, -0.309017, -0.5, 0.0, -0.309017, 0.5, -0.809017, 0.0, 0.5, 0.809017, 0.309017, 0.0, 0.0, 0.0, 0.0, 1.0 ], [ 0.5, 0.809017, -0.309017, 0.0, 0.809017, -0.309017, 0.5, 0.0, 0.309017, -0.5, -0.809017, 0.0, 0.0, 0.0, 0.0, 1.0 ], [ 0.309017, -0.5, -0.809017, 0.0, 0.5, 0.809017, -0.309017, 0.0, 0.809017, -0.309017, 0.5, 0.0, 0.0, 0.0, 0.0, 1.0 ], [ 0.809017, -0.309017, 0.5, 0.0, 0.309017, -0.5, -0.809017, 0.0, 0.5, 0.809017, -0.309017, 0.0, 0.0, 0.0, 0.0, 1.0 ], [ 0.809017, 0.309017, -0.5, 0.0, 0.309017, 0.5, 0.809017, 0.0, 0.5, -0.809017, 0.309017, 0.0, 0.0, 0.0, 0.0, 1.0 ], [ 0.5, -0.809017, 0.309017, 0.0, 0.809017, 0.309017, -0.5, 0.0, 0.309017, 0.5, 0.809017, 0.0, 0.0, 0.0, 0.0, 1.0 ], [ 0.309017, 0.5, 0.809017, 0.0, 0.5, -0.809017, 0.309017, 0.0, 0.809017, 0.309017, -0.5, 0.0, 0.0, 0.0, 0.0, 1.0 ], [ 1.0, 0.0, 0.0, 0.0, 0.0, -1.0, 0.0, 0.0, 0.0, 0.0, -1.0, 0.0, 0.0, 0.0, 0.0, 1.0 ], [ 0.0, 0.0, 1.0, 0.0, -1.0, 0.0, 0.0, 0.0, 0.0, -1.0, 0.0, 0.0, 0.0, 0.0, 0.0, 1.0 ], [ 0.0, 1.0, 0.0, 0.0, 0.0, 0.0, -1.0, 0.0, -1.0, 0.0, 0.0, 0.0, 0.0, 0.0, 0.0, 1.0 ], [ 0.809017, 0.309017, 0.5, 0.0, -0.309017, -0.5, 0.809017, 0.0, 0.5, -0.809017, -0.309017, 0.0, 0.0, 0.0, 0.0, 1.0 ], [ -0.5, 0.809017, 0.309017, 0.0, -0.809017, -0.309017, -0.5, 0.0, -0.309017, -0.5, 0.809017, 0.0, 0.0, 0.0, 0.0, 1.0 ], [ 0.309017, 0.5, -0.809017, 0.0, 0.5, -0.809017, -0.309017, 0.0, -0.809017, -0.309017, -0.5, 0.0, 0.0, 0.0, 0.0, 1.0 ], [ 0.5, 0.809017, 0.309017, 0.0, -0.809017, 0.309017, 0.5, 0.0, 0.309017, -0.5, 0.809017, 0.0, 0.0, 0.0, 0.0, 1.0 ], [ -0.309017, 0.5, -0.809017, 0.0, -0.5, -0.809017, -0.309017, 0.0, -0.809017, 0.309017, 0.5, 0.0, 0.0, 0.0, 0.0, 1.0 ], [ 0.809017, -0.309017, -0.5, 0.0, 0.309017, -0.5, 0.809017, 0.0, -0.5, -0.809017, -0.309017, 0.0, 0.0, 0.0, 0.0, 1.0 ], [ 0.5, 0.809017, -0.309017, 0.0, -0.809017, 0.309017, -0.5, 0.0, -0.309017, 0.5, 0.809017, 0.0, 0.0, 0.0, 0.0, 1.0 ], [ 0.309017, -0.5, -0.809017, 0.0, -0.5, -0.809017, 0.309017, 0.0, -0.809017, 0.309017, -0.5, 0.0, 0.0, 0.0, 0.0, 1.0 ], [ 0.809017, -0.309017, 0.5, 0.0, -0.309017, 0.5, 0.809017, 0.0, -0.5, -0.809017, 0.309017, 0.0, 0.0, 0.0, 0.0, 1.0 ], [ 0.809017, 0.309017, -0.5, 0.0, -0.309017, -0.5, -0.809017, 0.0, -0.5, 0.809017, -0.309017, 0.0, 0.0, 0.0, 0.0, 1.0 ], [ 0.5, -0.809017, 0.309017, 0.0, -0.809017, -0.309017, 0.5, 0.0, -0.309017, -0.5, -0.809017, 0.0, 0.0, 0.0, 0.0, 1.0 ], [ 0.309017, 0.5, 0.809017, 0.0, -0.5, 0.809017, -0.309017, 0.0, -0.809017, -0.309017, 0.5, 0.0, 0.0, 0.0, 0.0, 1.0 ], [ -1.0, 0.0, 0.0, 0.0, 0.0, -1.0, 0.0, 0.0, 0.0, 0.0, 1.0, 0.0, 0.0, 0.0, 0.0, 1.0 ], [ 0.0, 0.0, -1.0, 0.0, -1.0, 0.0, 0.0, 0.0, 0.0, 1.0, 0.0, 0.0, 0.0, 0.0, 0.0, 1.0 ], [ 0.0, -1.0, 0.0, 0.0, 0.0, 0.0, -1.0, 0.0, 1.0, 0.0, 0.0, 0.0, 0.0, 0.0, 0.0, 1.0 ], [ -0.809017, -0.309017, -0.5, 0.0, -0.309017, -0.5, 0.809017, 0.0, -0.5, 0.809017, 0.309017, 0.0, 0.0, 0.0, 0.0, 1.0 ], [ 0.5, -0.809017, -0.309017, 0.0, -0.809017, -0.309017, -0.5, 0.0, 0.309017, 0.5, -0.809017, 0.0, 0.0, 0.0, 0.0, 1.0 ], [ -0.309017, -0.5, 0.809017, 0.0, 0.5, -0.809017, -0.309017, 0.0, 0.809017, 0.309017, 0.5, 0.0, 0.0, 0.0, 0.0, 1.0 ], [ -0.5, -0.809017, -0.309017, 0.0, -0.809017, 0.309017, 0.5, 0.0, -0.309017, 0.5, -0.809017, 0.0, 0.0, 0.0, 0.0, 1.0 ], [ 0.309017, -0.5, 0.809017, 0.0, -0.5, -0.809017, -0.309017, 0.0, 0.809017, -0.309017, -0.5, 0.0, 0.0, 0.0, 0.0, 1.0 ], [ -0.809017, 0.309017, 0.5, 0.0, 0.309017, -0.5, 0.809017, 0.0, 0.5, 0.809017, 0.309017, 0.0, 0.0, 0.0, 0.0, 1.0 ], [ -0.5, -0.809017, 0.309017, 0.0, -0.809017, 0.309017, -0.5, 0.0, 0.309017, -0.5, -0.809017, 0.0, 0.0, 0.0, 0.0, 1.0 ], [ -0.309017, 0.5, 0.809017, 0.0, -0.5, -0.809017, 0.309017, 0.0, 0.809017, -0.309017, 0.5, 0.0, 0.0, 0.0, 0.0, 1.0 ], [ -0.809017, 0.309017, -0.5, 0.0, -0.309017, 0.5, 0.809017, 0.0, 0.5, 0.809017, -0.309017, 0.0, 0.0, 0.0, 0.0, 1.0 ], [ -0.809017, -0.309017, 0.5, 0.0, -0.309017, -0.5, -0.809017, 0.0, 0.5, -0.809017, 0.309017, 0.0, 0.0, 0.0, 0.0, 1.0 ], [ -0.5, 0.809017, -0.309017, 0.0, -0.809017, -0.309017, 0.5, 0.0, 0.309017, 0.5, 0.809017, 0.0, 0.0, 0.0, 0.0, 1.0 ], [ -0.309017, -0.5, -0.809017, 0.0, -0.5, 0.809017, -0.309017, 0.0, 0.809017, 0.309017, -0.5, 0.0, 0.0, 0.0, 0.0, 1.0 ], [ -1.0, 0.0, 0.0, 0.0, 0.0, 1.0, 0.0, 0.0, 0.0, 0.0, -1.0, 0.0, 0.0, 0.0, 0.0, 1.0 ], [ 0.0, 0.0, -1.0, 0.0, 1.0, 0.0, 0.0, 0.0, 0.0, -1.0, 0.0, 0.0, 0.0, 0.0, 0.0, 1.0 ], [ 0.0, -1.0, 0.0, 0.0, 0.0, 0.0, 1.0, 0.0, -1.0, 0.0, 0.0, 0.0, 0.0, 0.0, 0.0, 1.0 ], [ -0.809017, -0.309017, -0.5, 0.0, 0.309017, 0.5, -0.809017, 0.0, 0.5, -0.809017, -0.309017, 0.0, 0.0, 0.0, 0.0, 1.0 ], [ 0.5, -0.809017, -0.309017, 0.0, 0.809017, 0.309017, 0.5, 0.0, -0.309017, -0.5, 0.809017, 0.0, 0.0, 0.0, 0.0, 1.0 ], [ -0.309017, -0.5, 0.809017, 0.0, -0.5, 0.809017, 0.309017, 0.0, -0.809017, -0.309017, -0.5, 0.0, 0.0, 0.0, 0.0, 1.0 ], [ -0.5, -0.809017, -0.309017, 0.0, 0.809017, -0.309017, -0.5, 0.0, 0.309017, -0.5, 0.809017, 0.0, 0.0, 0.0, 0.0, 1.0 ], [ 0.309017, -0.5, 0.809017, 0.0, 0.5, 0.809017, 0.309017, 0.0, -0.809017, 0.309017, 0.5, 0.0, 0.0, 0.0, 0.0, 1.0 ], [ -0.809017, 0.309017, 0.5, 0.0, -0.309017, 0.5, -0.809017, 0.0, -0.5, -0.809017, -0.309017, 0.0, 0.0, 0.0, 0.0, 1.0 ], [ -0.5, -0.809017, 0.309017, 0.0, 0.809017, -0.309017, 0.5, 0.0, -0.309017, 0.5, 0.809017, 0.0, 0.0, 0.0, 0.0, 1.0 ], [ -0.309017, 0.5, 0.809017, 0.0, 0.5, 0.809017, -0.309017, 0.0, -0.809017, 0.309017, -0.5, 0.0, 0.0, 0.0, 0.0, 1.0 ], [ -0.809017, 0.309017, -0.5, 0.0, 0.309017, -0.5, -0.809017, 0.0, -0.5, -0.809017, 0.309017, 0.0, 0.0, 0.0, 0.0, 1.0 ], [ -0.809017, -0.309017, 0.5, 0.0, 0.309017, 0.5, 0.809017, 0.0, -0.5, 0.809017, -0.309017, 0.0, 0.0, 0.0, 0.0, 1.0 ], [ -0.5, 0.809017, -0.309017, 0.0, 0.809017, 0.309017, -0.5, 0.0, -0.309017, -0.5, -0.809017, 0.0, 0.0, 0.0, 0.0, 1.0 ], [ -0.309017, -0.5, -0.809017, 0.0, 0.5, -0.809017, 0.309017, 0.0, -0.809017, -0.309017, 0.5, 0.0, 0.0, 0.0, 0.0, 1.0 ] ],
  "lights" : {
    "backgroundColor" : "#E0EFFF",
    "ambientColor" : "#292929",
    "directionalLights" : [ {
      "direction" : {
        "x" : 1.0,
        "y" : -1.0,
        "z" : -1.0
      },
      "color" : "#EBEBE4"
    }, {
      "direction" : {
        "x" : -1.0,
        "y" : 0.0,
        "z" : 0.0
      },
      "color" : "#E4E4EB"
    }, {
      "direction" : {
        "x" : 0.0,
        "y" : 0.0,
        "z" : -1.0
      },
      "color" : "#1E1E1E"
    } ]
  },
  "camera" : {
    "lookDirection" : {
      "x" : 0.0,
      "y" : 0.0,
      "z" : -1.0
    },
    "upDirection" : {
      "x" : 0.0,
      "y" : 1.0,
      "z" : 0.0
    },
    "lookAtPoint" : {
      "x" : 0.0,
      "y" : 0.0,
      "z" : 0.0
    },
    "viewDistance" : 313.83878,
    "nearClipDistance" : 0.78459966,
    "farClipDistance" : 627.67865,
    "fieldOfView" : 0.44262952,
    "perspective" : true,
    "stereo" : false,
    "width" : 141.22766,
    "position" : {
      "x" : 0.0,
      "y" : 0.0,
      "z" : 313.83878
    }
  },
  "embedding" : [ 1.0, 0.0, 0.0, 0.0, 0.0, 1.0, 0.0, 0.0, 0.0, 0.0, 1.0, 0.0, 0.0, 0.0, 0.0, 1.0 ],
  "shapes" : [ {
    "id" : "f489b112-4882-4811-ad4c-41edc8afb809",
    "vertices" : [ {
      "x" : 36.406242,
      "y" : 3.5431335,
      "z" : 17.12829
    }, {
      "x" : 36.777447,
      "y" : 1.942993,
      "z" : 19.35675
    }, {
      "x" : -16.018902,
      "y" : -38.389828,
      "z" : -0.8096588
    }, {
      "x" : -16.390102,
      "y" : -36.78969,
      "z" : -3.03812
    } ],
    "faces" : [ {
      "vertices" : [ 0, 1, 2 ]
    }, {
      "vertices" : [ 0, 2, 3 ]
    }, {
      "vertices" : [ 0, 3, 2 ]
    }, {
      "vertices" : [ 0, 2, 1 ]
    } ]
  }, {
    "id" : "deb02558-756a-43a6-84ed-07fe73e3b731",
    "vertices" : [ {
      "x" : 20.6296,
      "y" : 21.984015,
      "z" : 26.878792
    }, {
      "x" : 20.482544,
      "y" : 22.546732,
      "z" : 26.398174
    }, {
      "x" : 20.482544,
      "y" : -22.546732,
      "z" : -26.398174
    }, {
      "x" : 20.6296,
      "y" : -23.109451,
      "z" : -25.917555
    } ],
    "faces" : [ {
      "vertices" : [ 0, 1, 2 ]
    }, {
      "vertices" : [ 0, 2, 3 ]
    }, {
      "vertices" : [ 0, 3, 2 ]
    }, {
      "vertices" : [ 0, 2, 1 ]
    } ]
  }, {
    "id" : "92d73f74-58f5-4d0a-a259-0dfc3321d16d",
    "vertices" : [ {
      "x" : 20.675621,
      "y" : -27.996294,
      "z" : -22.798374
    }, {
      "x" : 21.496756,
      "y" : -27.29496,
      "z" : -24.603123
    }, {
      "x" : -23.596708,
      "y" : 25.501387,
      "z" : -24.603123
    }, {
      "x" : -24.417843,
      "y" : 24.800055,
      "z" : -22.798374
    } ],
    "faces" : [ {
      "vertices" : [ 0, 1, 2 ]
    }, {
      "vertices" : [ 0, 2, 3 ]
    }, {
      "vertices" : [ 0, 3, 2 ]
    }, {
      "vertices" : [ 0, 2, 1 ]
    } ]
  }, {
    "id" : "d3824463-f74b-4cef-9588-e5794942e715",
    "vertices" : [ {
      "x" : -10.872132,
      "y" : 38.897366,
      "z" : 0.37217352
    }, {
      "x" : -13.589773,
      "y" : 39.317673,
      "z" : 0.6916248
    }, {
      "x" : -14.445435,
      "y" : 40.032192,
      "z" : -1.0917852
    }, {
      "x" : -14.50317,
      "y" : 40.619606,
      "z" : -2.9570105
    }, {
      "x" : -12.899727,
      "y" : 40.433247,
      "z" : -3.344927
    }, {
      "x" : -10.835243,
      "y" : 40.03237,
      "z" : -3.3235884
    }, {
      "x" : -10.043735,
      "y" : 39.112305,
      "z" : -0.8353629
    }, {
      "x" : -10.3389635,
      "y" : 38.959393,
      "z" : -0.1580671
    } ],
    "faces" : [ {
      "vertices" : [ 0, 1, 2 ]
    }, {
      "vertices" : [ 0, 2, 3 ]
    }, {
      "vertices" : [ 0, 3, 4 ]
    }, {
      "vertices" : [ 0, 4, 5 ]
    }, {
      "vertices" : [ 0, 5, 6 ]
    }, {
      "vertices" : [ 0, 6, 7 ]
    }, {
      "vertices" : [ 0, 7, 6 ]
    }, {
      "vertices" : [ 0, 6, 5 ]
    }, {
      "vertices" : [ 0, 5, 4 ]
    }, {
      "vertices" : [ 0, 4, 3 ]
    }, {
      "vertices" : [ 0, 3, 2 ]
    }, {
      "vertices" : [ 0, 2, 1 ]
    } ]
  }, {
    "id" : "64af42cc-733d-486c-a740-1ae1b432a0c8",
    "vertices" : [ {
      "x" : -40.03237,
      "y" : 3.3235884,
      "z" : -10.835243
    }, {
      "x" : -40.433247,
      "y" : 3.344927,
      "z" : -12.899727
    }, {
      "x" : 24.826626,
      "y" : 23.511337,
      "z" : -25.363255
    }, {
      "x" : 25.2275,
      "y" : 23.489998,
      "z" : -23.29877
    } ],
    "faces" : [ {
      "vertices" : [ 0, 1, 2 ]
    }, {
      "vertices" : [ 0, 2, 3 ]
    }, {
      "vertices" : [ 0, 3, 2 ]
    }, {
      "vertices" : [ 0, 2, 1 ]
    } ]
  }, {
    "id" : "74dbede9-6b57-4a54-9f3c-88afdfd14ef4",
    "vertices" : [ {
      "x" : -26.878792,
      "y" : 20.6296,
      "z" : -21.984015
    }, {
      "x" : -26.398174,
      "y" : 20.482544,
      "z" : -22.546732
    }, {
      "x" : 26.398174,
      "y" : 20.482544,
      "z" : 22.546732
    }, {
      "x" : 25.917555,
      "y" : 20.6296,
      "z" : 23.109451
    } ],
    "faces" : [ {
      "vertices" : [ 0, 1, 2 ]
    }, {
      "vertices" : [ 0, 2, 3 ]
    }, {
      "vertices" : [ 0, 3, 2 ]
    }, {
      "vertices" : [ 0, 2, 1 ]
    } ]
  }, {
    "id" : "91d69abf-e1b7-48fd-82ee-36f6ce45094e",
    "vertices" : [ {
      "x" : 19.474785,
      "y" : -26.0533,
      "z" : 25.942204
    }, {
      "x" : 21.258196,
      "y" : -26.908962,
      "z" : 25.227682
    }, {
      "x" : 1.0917852,
      "y" : -14.445435,
      "z" : -40.032192
    }, {
      "x" : -0.6916248,
      "y" : -13.589773,
      "z" : -39.317673
    } ],
    "faces" : [ {
      "vertices" : [ 0, 1, 2 ]
    }, {
      "vertices" : [ 0, 2, 3 ]
    }, {
      "vertices" : [ 0, 3, 2 ]
    }, {
      "vertices" : [ 0, 2, 1 ]
    } ]
  }, {
    "id" : "5b901818-0bde-4510-9f32-226315aa55f3",
    "vertices" : [ {
      "x" : 2.1336117,
      "y" : -13.535461,
      "z" : 40.978718
    }, {
      "x" : 1.2299184,
      "y" : -14.668939,
      "z" : 39.946823
    }, {
      "x" : -18.936491,
      "y" : 38.127407,
      "z" : -0.38599896
    }, {
      "x" : -18.032799,
      "y" : 39.260887,
      "z" : 0.64589566
    } ],
    "faces" : [ {
      "vertices" : [ 0, 1, 2 ]
    }, {
      "vertices" : [ 0, 2, 3 ]
    }, {
      "vertices" : [ 0, 3, 2 ]
    }, {
      "vertices" : [ 0, 2, 1 ]
    } ]
  }, {
    "id" : "833c99fc-26b1-4bfc-ba9b-c1a2bdf30fb7",
    "vertices" : [ {
      "x" : 26.36251,
      "y" : 19.794237,
      "z" : -23.335659
    }, {
      "x" : 25.942204,
      "y" : 19.474785,
      "z" : -26.0533
    }, {
      "x" : -39.317673,
      "y" : -0.6916248,
      "z" : -13.589773
    }, {
      "x" : -38.897366,
      "y" : -0.37217352,
      "z" : -10.872132
    } ],
    "faces" : [ {
      "vertices" : [ 0, 1, 2 ]
    }, {
      "vertices" : [ 0, 2, 3 ]
    }, {
      "vertices" : [ 0, 3, 2 ]
    }, {
      "vertices" : [ 0, 2, 1 ]
    } ]
  }, {
    "id" : "4856c5da-6f88-40a5-b4c3-01b0672df87e",
    "vertices" : [ {
      "x" : -3.03812,
      "y" : -16.390102,
      "z" : -36.78969
    }, {
      "x" : -0.8096588,
      "y" : -16.018902,
      "z" : -38.389828
    }, {
      "x" : -1.2299184,
      "y" : -14.668939,
      "z" : -39.946823
    }, {
      "x" : -2.2973428,
      "y" : -13.435805,
      "z" : -41.0273
    }, {
      "x" : -3.730926,
      "y" : -13.524286,
      "z" : -40.194687
    }, {
      "x" : -5.2665815,
      "y" : -13.979073,
      "z" : -38.831535
    }, {
      "x" : -4.378496,
      "y" : -15.776645,
      "z" : -36.922527
    }, {
      "x" : -3.7537508,
      "y" : -16.156902,
      "z" : -36.737137
    } ],
    "faces" : [ {
      "vertices" : [ 0, 1, 2 ]
    }, {
      "vertices" : [ 0, 2, 3 ]
    }, {
      "vertices" : [ 0, 3, 4 ]
    }, {
      "vertices" : [ 0, 4, 5 ]
    }, {
      "vertices" : [ 0, 5, 6 ]
    }, {
      "vertices" : [ 0, 6, 7 ]
    }, {
      "vertices" : [ 0, 7, 6 ]
    }, {
      "vertices" : [ 0, 6, 5 ]
    }, {
      "vertices" : [ 0, 5, 4 ]
    }, {
      "vertices" : [ 0, 4, 3 ]
    }, {
      "vertices" : [ 0, 3, 2 ]
    }, {
      "vertices" : [ 0, 2, 1 ]
    } ]
  }, {
    "id" : "32576322-3376-435c-afe3-1da5f6d44fd6",
    "vertices" : [ {
      "x" : -36.406242,
      "y" : -3.5431335,
      "z" : 17.12829
    }, {
      "x" : -36.777447,
      "y" : -1.942993,
      "z" : 19.35675
    }, {
      "x" : 16.018902,
      "y" : 38.389828,
      "z" : -0.8096588
    }, {
      "x" : 16.390102,
      "y" : 36.78969,
      "z" : -3.03812
    } ],
    "faces" : [ {
      "vertices" : [ 0, 1, 2 ]
    }, {
      "vertices" : [ 0, 2, 3 ]
    }, {
      "vertices" : [ 0, 3, 2 ]
    }, {
      "vertices" : [ 0, 2, 1 ]
    } ]
  }, {
    "id" : "1bf7a5ba-57b4-4378-8ade-64a7e7f26a43",
    "vertices" : [ {
      "x" : -25.942204,
      "y" : -19.474785,
      "z" : -26.0533
    }, {
      "x" : -25.227682,
      "y" : -21.258196,
      "z" : -26.908962
    }, {
      "x" : 40.032192,
      "y" : -1.0917852,
      "z" : -14.445435
    }, {
      "x" : 39.317673,
      "y" : 0.6916248,
      "z" : -13.589773
    } ],
    "faces" : [ {
      "vertices" : [ 0, 1, 2 ]
    }, {
      "vertices" : [ 0, 2, 3 ]
    }, {
      "vertices" : [ 0, 3, 2 ]
    }, {
      "vertices" : [ 0, 2, 1 ]
    } ]
  }, {
    "id" : "804e9454-6a09-40e1-9b9c-31f2754111f2",
    "vertices" : [ {
      "x" : -10.043735,
      "y" : -39.112305,
      "z" : 0.8353629
    }, {
      "x" : -10.835243,
      "y" : -40.03237,
      "z" : 3.3235884
    }, {
      "x" : -23.29877,
      "y" : 25.2275,
      "z" : 23.489998
    }, {
      "x" : -22.507261,
      "y" : 26.147572,
      "z" : 21.001774
    } ],
    "faces" : [ {
      "vertices" : [ 0, 1, 2 ]
    }, {
      "vertices" : [ 0, 2, 3 ]
    }, {
      "vertices" : [ 0, 3, 2 ]
    }, {
      "vertices" : [ 0, 2, 1 ]
    } ]
  }, {
    "id" : "8a5922b9-0596-4db0-a736-0cc3849959fb",
    "vertices" : [ {
      "x" : 16.390102,
      "y" : -36.78969,
      "z" : 3.03812
    }, {
      "x" : 16.018902,
      "y" : -38.389828,
      "z" : 0.8096588
    }, {
      "x" : 14.668939,
      "y" : -39.946823,
      "z" : 1.2299184
    }, {
      "x" : 13.435805,
      "y" : -41.0273,
      "z" : 2.2973428
    }, {
      "x" : 13.524286,
      "y" : -40.194687,
      "z" : 3.730926
    }, {
      "x" : 13.979073,
      "y" : -38.831535,
      "z" : 5.2665815
    }, {
      "x" : 15.776645,
      "y" : -36.922527,
      "z" : 4.378496
    }, {
      "x" : 16.156902,
      "y" : -36.737137,
      "z" : 3.7537508
    } ],
    "faces" : [ {
      "vertices" : [ 0, 1, 2 ]
    }, {
      "vertices" : [ 0, 2, 3 ]
    }, {
      "vertices" : [ 0, 3, 4 ]
    }, {
      "vertices" : [ 0, 4, 5 ]
    }, {
      "vertices" : [ 0, 5, 6 ]
    }, {
      "vertices" : [ 0, 6, 7 ]
    }, {
      "vertices" : [ 0, 7, 6 ]
    }, {
      "vertices" : [ 0, 6, 5 ]
    }, {
      "vertices" : [ 0, 5, 4 ]
    }, {
      "vertices" : [ 0, 4, 3 ]
    }, {
      "vertices" : [ 0, 3, 2 ]
    }, {
      "vertices" : [ 0, 2, 1 ]
    } ]
  }, {
    "id" : "a935cca6-8600-4748-a016-16e9110f6ad2",
    "vertices" : [ {
      "x" : -0.8353629,
      "y" : -10.043735,
      "z" : 39.112305
    }, {
      "x" : -3.3235884,
      "y" : -10.835243,
      "z" : 40.03237
    }, {
      "x" : -23.489998,
      "y" : -23.29877,
      "z" : -25.2275
    }, {
      "x" : -21.001774,
      "y" : -22.507261,
      "z" : -26.147572
    } ],
    "faces" : [ {
      "vertices" : [ 0, 1, 2 ]
    }, {
      "vertices" : [ 0, 2, 3 ]
    }, {
      "vertices" : [ 0, 3, 2 ]
    }, {
      "vertices" : [ 0, 2, 1 ]
    } ]
  }, {
    "id" : "17ce3a05-b660-496a-8e6c-0b0093a7f6f7",
    "vertices" : [ {
      "x" : -26.147572,
      "y" : -21.001774,
      "z" : -22.507261
    }, {
      "x" : -25.2275,
      "y" : -23.489998,
      "z" : -23.29877
    }, {
      "x" : -24.826626,
      "y" : -23.511337,
      "z" : -25.363255
    }, {
      "x" : -24.6966,
      "y" : -22.806953,
      "z" : -27.1838
    }, {
      "x" : -25.227682,
      "y" : -21.258196,
      "z" : -26.908962
    }, {
      "x" : -25.942204,
      "y" : -19.474785,
      "z" : -26.0533
    }, {
      "x" : -26.36251,
      "y" : -19.794237,
      "z" : -23.335659
    }, {
      "x" : -26.300484,
      "y" : -20.324478,
      "z" : -22.80249
    } ],
    "faces" : [ {
      "vertices" : [ 0, 1, 2 ]
    }, {
      "vertices" : [ 0, 2, 3 ]
    }, {
      "vertices" : [ 0, 3, 4 ]
    }, {
      "vertices" : [ 0, 4, 5 ]
    }, {
      "vertices" : [ 0, 5, 6 ]
    }, {
      "vertices" : [ 0, 6, 7 ]
    }, {
      "vertices" : [ 0, 7, 6 ]
    }, {
      "vertices" : [ 0, 6, 5 ]
    }, {
      "vertices" : [ 0, 5, 4 ]
    }, {
      "vertices" : [ 0, 4, 3 ]
    }, {
      "vertices" : [ 0, 3, 2 ]
    }, {
      "vertices" : [ 0, 2, 1 ]
    } ]
  }, {
    "id" : "cbd8e00b-1fba-4dec-9e7c-04553cf9c404",
    "vertices" : [ {
      "x" : -20.675621,
      "y" : -27.996294,
      "z" : 22.798374
    }, {
      "x" : -21.496756,
      "y" : -27.29496,
      "z" : 24.603123
    }, {
      "x" : 23.596708,
      "y" : 25.501387,
      "z" : 24.603123
    }, {
      "x" : 24.417843,
      "y" : 24.800055,
      "z" : 22.798374
    } ],
    "faces" : [ {
      "vertices" : [ 0, 1, 2 ]
    }, {
      "vertices" : [ 0, 2, 3 ]
    }, {
      "vertices" : [ 0, 3, 2 ]
    }, {
      "vertices" : [ 0, 2, 1 ]
    } ]
  }, {
    "id" : "5fb979c1-dc4d-433c-b356-0ea9ce56991f",
    "vertices" : [ {
      "x" : 25.725426,
      "y" : 22.546732,
      "z" : 26.398174
    }, {
      "x" : 24.603123,
      "y" : 23.596708,
      "z" : 25.501387
    }, {
      "x" : 24.603123,
      "y" : -21.496756,
      "z" : -27.29496
    }, {
      "x" : 25.725426,
      "y" : -22.546732,
      "z" : -26.398174
    } ],
    "faces" : [ {
      "vertices" : [ 0, 1, 2 ]
    }, {
      "vertices" : [ 0, 2, 3 ]
    }, {
      "vertices" : [ 0, 3, 2 ]
    }, {
      "vertices" : [ 0, 2, 1 ]
    } ]
  }, {
    "id" : "9d706b3e-c2e9-4fa2-b247-a2dce2698e7e",
    "vertices" : [ {
      "x" : -13.979073,
      "y" : 38.831535,
      "z" : 5.2665815
    }, {
      "x" : -13.524286,
      "y" : 40.194687,
      "z" : 3.730926
    }, {
      "x" : 39.27206,
      "y" : -0.13813321,
      "z" : -16.435484
    }, {
      "x" : 38.817276,
      "y" : -1.5012836,
      "z" : -14.899829
    } ],
    "faces" : [ {
      "vertices" : [ 0, 1, 2 ]
    }, {
      "vertices" : [ 0, 2, 3 ]
    }, {
      "vertices" : [ 0, 3, 2 ]
    }, {
      "vertices" : [ 0, 2, 1 ]
    } ]
  }, {
    "id" : "110ac3df-fbda-4878-bc14-4a9d80af3e74",
    "vertices" : [ {
      "x" : -36.777447,
      "y" : 1.942993,
      "z" : -19.35675
    }, {
      "x" : -38.127407,
      "y" : 0.38599896,
      "z" : -18.936491
    }, {
      "x" : 14.668939,
      "y" : -39.946823,
      "z" : 1.2299184
    }, {
      "x" : 16.018902,
      "y" : -38.389828,
      "z" : 0.8096588
    } ],
    "faces" : [ {
      "vertices" : [ 0, 1, 2 ]
    }, {
      "vertices" : [ 0, 2, 3 ]
    }, {
      "vertices" : [ 0, 3, 2 ]
    }, {
      "vertices" : [ 0, 2, 1 ]
    } ]
  }, {
    "id" : "e9a371c2-6888-4b4a-9254-207e24d5a489",
    "vertices" : [ {
      "x" : -18.032799,
      "y" : -39.260887,
      "z" : -0.64589566
    }, {
      "x" : -16.435484,
      "y" : -39.27206,
      "z" : 0.13813321
    }, {
      "x" : 3.730926,
      "y" : 13.524286,
      "z" : -40.194687
    }, {
      "x" : 2.1336117,
      "y" : 13.535461,
      "z" : -40.978718
    } ],
    "faces" : [ {
      "vertices" : [ 0, 1, 2 ]
    }, {
      "vertices" : [ 0, 2, 3 ]
    }, {
      "vertices" : [ 0, 3, 2 ]
    }, {
      "vertices" : [ 0, 2, 1 ]
    } ]
  }, {
    "id" : "2a5303c7-9243-475f-ac8f-bfd6415f7681",
    "vertices" : [ {
      "x" : 21.984015,
      "y" : 26.878792,
      "z" : 20.6296
    }, {
      "x" : 22.546732,
      "y" : 26.398174,
      "z" : 20.482544
    }, {
      "x" : -22.546732,
      "y" : -26.398174,
      "z" : 20.482544
    }, {
      "x" : -23.109451,
      "y" : -25.917555,
      "z" : 20.6296
    } ],
    "faces" : [ {
      "vertices" : [ 0, 1, 2 ]
    }, {
      "vertices" : [ 0, 2, 3 ]
    }, {
      "vertices" : [ 0, 3, 2 ]
    }, {
      "vertices" : [ 0, 2, 1 ]
    } ]
  }, {
    "id" : "1378a1a3-75b8-4a27-8b58-fe976e4ecb5f",
    "vertices" : [ {
      "x" : -20.6296,
      "y" : -21.984015,
      "z" : 26.878792
    }, {
      "x" : -20.482544,
      "y" : -22.546732,
      "z" : 26.398174
    }, {
      "x" : -20.482544,
      "y" : 22.546732,
      "z" : -26.398174
    }, {
      "x" : -20.6296,
      "y" : 23.109451,
      "z" : -25.917555
    } ],
    "faces" : [ {
      "vertices" : [ 0, 1, 2 ]
    }, {
      "vertices" : [ 0, 2, 3 ]
    }, {
      "vertices" : [ 0, 3, 2 ]
    }, {
      "vertices" : [ 0, 2, 1 ]
    } ]
  }, {
    "id" : "2911a942-29d2-434c-8f39-ed54c5a6dafe",
    "vertices" : [ {
      "x" : -40.57953,
      "y" : 2.7795074,
      "z" : -14.580543
    }, {
      "x" : -40.032192,
      "y" : 1.0917852,
      "z" : -14.445435
    }, {
      "x" : 25.227682,
      "y" : 21.258196,
      "z" : -26.908962
    }, {
      "x" : 24.680344,
      "y" : 22.945917,
      "z" : -27.04407
    } ],
    "faces" : [ {
      "vertices" : [ 0, 1, 2 ]
    }, {
      "vertices" : [ 0, 2, 3 ]
    }, {
      "vertices" : [ 0, 3, 2 ]
    }, {
      "vertices" : [ 0, 2, 1 ]
    } ]
  }, {
    "id" : "ca012604-c8a7-4aa8-be0d-0f6655313c69",
    "vertices" : [ {
      "x" : -26.36251,
      "y" : 19.794237,
      "z" : 23.335659
    }, {
      "x" : -26.300484,
      "y" : 20.324478,
      "z" : 22.80249
    }, {
      "x" : 38.959393,
      "y" : 0.1580671,
      "z" : 10.3389635
    }, {
      "x" : 38.897366,
      "y" : -0.37217352,
      "z" : 10.872132
    } ],
    "faces" : [ {
      "vertices" : [ 0, 1, 2 ]
    }, {
      "vertices" : [ 0, 2, 3 ]
    }, {
      "vertices" : [ 0, 3, 2 ]
    }, {
      "vertices" : [ 0, 2, 1 ]
    } ]
  }, {
    "id" : "23a7d4f2-c2a4-4794-b9ae-582c42b17718",
    "vertices" : [ {
      "x" : -16.390102,
      "y" : -36.78969,
      "z" : -3.03812
    }, {
      "x" : -16.018902,
      "y" : -38.389828,
      "z" : -0.8096588
    }, {
      "x" : -14.668939,
      "y" : -39.946823,
      "z" : -1.2299184
    }, {
      "x" : -13.435805,
      "y" : -41.0273,
      "z" : -2.2973428
    }, {
      "x" : -13.524286,
      "y" : -40.194687,
      "z" : -3.730926
    }, {
      "x" : -13.979073,
      "y" : -38.831535,
      "z" : -5.2665815
    }, {
      "x" : -15.776645,
      "y" : -36.922527,
      "z" : -4.378496
    }, {
      "x" : -16.156902,
      "y" : -36.737137,
      "z" : -3.7537508
    } ],
    "faces" : [ {
      "vertices" : [ 0, 1, 2 ]
    }, {
      "vertices" : [ 0, 2, 3 ]
    }, {
      "vertices" : [ 0, 3, 4 ]
    }, {
      "vertices" : [ 0, 4, 5 ]
    }, {
      "vertices" : [ 0, 5, 6 ]
    }, {
      "vertices" : [ 0, 6, 7 ]
    }, {
      "vertices" : [ 0, 7, 6 ]
    }, {
      "vertices" : [ 0, 6, 5 ]
    }, {
      "vertices" : [ 0, 5, 4 ]
    }, {
      "vertices" : [ 0, 4, 3 ]
    }, {
      "vertices" : [ 0, 3, 2 ]
    }, {
      "vertices" : [ 0, 2, 1 ]
    } ]
  }, {
    "id" : "de4efdb2-d11b-41c1-aed1-f03b42e40b11",
    "vertices" : [ {
      "x" : -25.942204,
      "y" : 19.474785,
      "z" : 26.0533
    }, {
      "x" : -25.227682,
      "y" : 21.258196,
      "z" : 26.908962
    }, {
      "x" : 40.032192,
      "y" : 1.0917852,
      "z" : 14.445435
    }, {
      "x" : 39.317673,
      "y" : -0.6916248,
      "z" : 13.589773
    } ],
    "faces" : [ {
      "vertices" : [ 0, 1, 2 ]
    }, {
      "vertices" : [ 0, 2, 3 ]
    }, {
      "vertices" : [ 0, 3, 2 ]
    }, {
      "vertices" : [ 0, 2, 1 ]
    } ]
  }, {
    "id" : "6c4fde5b-dca5-4ea3-9ace-77bb0df01806",
    "vertices" : [ {
      "x" : 10.043735,
      "y" : 39.112305,
      "z" : 0.8353629
    }, {
      "x" : 10.835243,
      "y" : 40.03237,
      "z" : 3.3235884
    }, {
      "x" : 23.29877,
      "y" : -25.2275,
      "z" : 23.489998
    }, {
      "x" : 22.507261,
      "y" : -26.147572,
      "z" : 21.001774
    } ],
    "faces" : [ {
      "vertices" : [ 0, 1, 2 ]
    }, {
      "vertices" : [ 0, 2, 3 ]
    }, {
      "vertices" : [ 0, 3, 2 ]
    }, {
      "vertices" : [ 0, 2, 1 ]
    } ]
  }, {
    "id" : "78c5737e-1a20-4301-978c-3f931b78ba30",
    "vertices" : [ {
      "x" : -26.878792,
      "y" : 20.6296,
      "z" : -21.984015
    }, {
      "x" : -27.996294,
      "y" : 22.798374,
      "z" : -20.675621
    }, {
      "x" : 24.800055,
      "y" : 22.798374,
      "z" : 24.417843
    }, {
      "x" : 25.917555,
      "y" : 20.6296,
      "z" : 23.109451
    } ],
    "faces" : [ {
      "vertices" : [ 0, 1, 2 ]
    }, {
      "vertices" : [ 0, 2, 3 ]
    }, {
      "vertices" : [ 0, 3, 2 ]
    }, {
      "vertices" : [ 0, 2, 1 ]
    } ]
  }, {
    "id" : "4f5376b0-3701-42fe-b2c7-0c1e821c2d2a",
    "vertices" : [ {
      "x" : -26.36251,
      "y" : -19.794237,
      "z" : -23.335659
    }, {
      "x" : -25.942204,
      "y" : -19.474785,
      "z" : -26.0533
    }, {
      "x" : 39.317673,
      "y" : 0.6916248,
      "z" : -13.589773
    }, {
      "x" : 38.897366,
      "y" : 0.37217352,
      "z" : -10.872132
    } ],
    "faces" : [ {
      "vertices" : [ 0, 1, 2 ]
    }, {
      "vertices" : [ 0, 2, 3 ]
    }, {
      "vertices" : [ 0, 3, 2 ]
    }, {
      "vertices" : [ 0, 2, 1 ]
    } ]
  }, {
    "id" : "f436d8c8-b905-499c-8fd4-585b00cac85a",
    "vertices" : [ {
      "x" : 26.0533,
      "y" : 25.942204,
      "z" : -19.474785
    }, {
      "x" : 26.908962,
      "y" : 25.227682,
      "z" : -21.258196
    }, {
      "x" : 14.445435,
      "y" : -40.032192,
      "z" : -1.0917852
    }, {
      "x" : 13.589773,
      "y" : -39.317673,
      "z" : 0.6916248
    } ],
    "faces" : [ {
      "vertices" : [ 0, 1, 2 ]
    }, {
      "vertices" : [ 0, 2, 3 ]
    }, {
      "vertices" : [ 0, 3, 2 ]
    }, {
      "vertices" : [ 0, 2, 1 ]
    } ]
  }, {
    "id" : "7d8e7e37-4e74-46a2-9c03-fcfe0a45bd17",
    "vertices" : [ {
      "x" : -37.019703,
      "y" : -3.4102936,
      "z" : 15.787914
    }, {
      "x" : -38.817276,
      "y" : -1.5012836,
      "z" : 14.899829
    }, {
      "x" : -39.27206,
      "y" : -0.13813321,
      "z" : 16.435484
    }, {
      "x" : -39.199768,
      "y" : 0.65966785,
      "z" : 18.220348
    }, {
      "x" : -38.127407,
      "y" : -0.38599896,
      "z" : 18.936491
    }, {
      "x" : -36.777447,
      "y" : -1.942993,
      "z" : 19.35675
    }, {
      "x" : -36.406242,
      "y" : -3.5431335,
      "z" : 17.12829
    }, {
      "x" : -36.639446,
      "y" : -3.5956836,
      "z" : 16.412659
    } ],
    "faces" : [ {
      "vertices" : [ 0, 1, 2 ]
    }, {
      "vertices" : [ 0, 2, 3 ]
    }, {
      "vertices" : [ 0, 3, 4 ]
    }, {
      "vertices" : [ 0, 4, 5 ]
    }, {
      "vertices" : [ 0, 5, 6 ]
    }, {
      "vertices" : [ 0, 6, 7 ]
    }, {
      "vertices" : [ 0, 7, 6 ]
    }, {
      "vertices" : [ 0, 6, 5 ]
    }, {
      "vertices" : [ 0, 5, 4 ]
    }, {
      "vertices" : [ 0, 4, 3 ]
    }, {
      "vertices" : [ 0, 3, 2 ]
    }, {
      "vertices" : [ 0, 2, 1 ]
    } ]
  }, {
    "id" : "755f8ea4-d7b6-4151-854e-3d299fcf7b1d",
    "vertices" : [ {
      "x" : 0.37217352,
      "y" : 10.872132,
      "z" : -38.897366
    }, {
      "x" : 0.6916248,
      "y" : 13.589773,
      "z" : -39.317673
    }, {
      "x" : -1.0917852,
      "y" : 14.445435,
      "z" : -40.032192
    }, {
      "x" : -2.9570105,
      "y" : 14.50317,
      "z" : -40.619606
    }, {
      "x" : -3.344927,
      "y" : 12.899727,
      "z" : -40.433247
    }, {
      "x" : -3.3235884,
      "y" : 10.835243,
      "z" : -40.03237
    }, {
      "x" : -0.8353629,
      "y" : 10.043735,
      "z" : -39.112305
    }, {
      "x" : -0.1580671,
      "y" : 10.3389635,
      "z" : -38.959393
    } ],
    "faces" : [ {
      "vertices" : [ 0, 1, 2 ]
    }, {
      "vertices" : [ 0, 2, 3 ]
    }, {
      "vertices" : [ 0, 3, 4 ]
    }, {
      "vertices" : [ 0, 4, 5 ]
    }, {
      "vertices" : [ 0, 5, 6 ]
    }, {
      "vertices" : [ 0, 6, 7 ]
    }, {
      "vertices" : [ 0, 7, 6 ]
    }, {
      "vertices" : [ 0, 6, 5 ]
    }, {
      "vertices" : [ 0, 5, 4 ]
    }, {
      "vertices" : [ 0, 4, 3 ]
    }, {
      "vertices" : [ 0, 3, 2 ]
    }, {
      "vertices" : [ 0, 2, 1 ]
    } ]
  }, {
    "id" : "1c940498-dc50-4508-8c14-3f98f3dfe9f3",
    "vertices" : [ {
      "x" : 13.979073,
      "y" : 38.831535,
      "z" : -5.2665815
    }, {
      "x" : 13.524286,
      "y" : 40.194687,
      "z" : -3.730926
    }, {
      "x" : -39.27206,
      "y" : -0.13813321,
      "z" : 16.435484
    }, {
      "x" : -38.817276,
      "y" : -1.5012836,
      "z" : 14.899829
    } ],
    "faces" : [ {
      "vertices" : [ 0, 1, 2 ]
    }, {
      "vertices" : [ 0, 2, 3 ]
    }, {
      "vertices" : [ 0, 3, 2 ]
    }, {
      "vertices" : [ 0, 2, 1 ]
    } ]
  }, {
    "id" : "c0e507c0-3aec-4f6a-9404-9250921b4f68",
    "vertices" : [ {
      "x" : -19.474785,
      "y" : -26.0533,
      "z" : -25.942204
    }, {
      "x" : -21.258196,
      "y" : -26.908962,
      "z" : -25.227682
    }, {
      "x" : -1.0917852,
      "y" : -14.445435,
      "z" : 40.032192
    }, {
      "x" : 0.6916248,
      "y" : -13.589773,
      "z" : 39.317673
    } ],
    "faces" : [ {
      "vertices" : [ 0, 1, 2 ]
    }, {
      "vertices" : [ 0, 2, 3 ]
    }, {
      "vertices" : [ 0, 3, 2 ]
    }, {
      "vertices" : [ 0, 2, 1 ]
    } ]
  }, {
    "id" : "1fef7f97-e002-41b1-b90d-5e759101a429",
    "vertices" : [ {
      "x" : 21.984015,
      "y" : -26.878792,
      "z" : -20.6296
    }, {
      "x" : 20.675621,
      "y" : -27.996294,
      "z" : -22.798374
    }, {
      "x" : -24.417843,
      "y" : 24.800055,
      "z" : -22.798374
    }, {
      "x" : -23.109451,
      "y" : 25.917555,
      "z" : -20.6296
    } ],
    "faces" : [ {
      "vertices" : [ 0, 1, 2 ]
    }, {
      "vertices" : [ 0, 2, 3 ]
    }, {
      "vertices" : [ 0, 3, 2 ]
    }, {
      "vertices" : [ 0, 2, 1 ]
    } ]
  }, {
    "id" : "a6504d51-06e8-4b2e-9e98-e435084e88f2",
    "vertices" : [ {
      "x" : 21.001774,
      "y" : 22.507261,
      "z" : -26.147572
    }, {
      "x" : 23.489998,
      "y" : 23.29877,
      "z" : -25.2275
    }, {
      "x" : 23.511337,
      "y" : 25.363255,
      "z" : -24.826626
    }, {
      "x" : 22.806953,
      "y" : 27.1838,
      "z" : -24.6966
    }, {
      "x" : 21.258196,
      "y" : 26.908962,
      "z" : -25.227682
    }, {
      "x" : 19.474785,
      "y" : 26.0533,
      "z" : -25.942204
    }, {
      "x" : 19.794237,
      "y" : 23.335659,
      "z" : -26.36251
    }, {
      "x" : 20.324478,
      "y" : 22.80249,
      "z" : -26.300484
    } ],
    "faces" : [ {
      "vertices" : [ 0, 1, 2 ]
    }, {
      "vertices" : [ 0, 2, 3 ]
    }, {
      "vertices" : [ 0, 3, 4 ]
    }, {
      "vertices" : [ 0, 4, 5 ]
    }, {
      "vertices" : [ 0, 5, 6 ]
    }, {
      "vertices" : [ 0, 6, 7 ]
    }, {
      "vertices" : [ 0, 7, 6 ]
    }, {
      "vertices" : [ 0, 6, 5 ]
    }, {
      "vertices" : [ 0, 5, 4 ]
    }, {
      "vertices" : [ 0, 4, 3 ]
    }, {
      "vertices" : [ 0, 3, 2 ]
    }, {
      "vertices" : [ 0, 2, 1 ]
    } ]
  }, {
    "id" : "55e1a2c8-4df7-46fd-835f-c234becbce7f",
    "vertices" : [ {
      "x" : 10.043735,
      "y" : 39.112305,
      "z" : 0.8353629
    }, {
      "x" : 10.3389635,
      "y" : 38.959393,
      "z" : 0.1580671
    }, {
      "x" : 22.80249,
      "y" : -26.300484,
      "z" : 20.324478
    }, {
      "x" : 22.507261,
      "y" : -26.147572,
      "z" : 21.001774
    } ],
    "faces" : [ {
      "vertices" : [ 0, 1, 2 ]
    }, {
      "vertices" : [ 0, 2, 3 ]
    }, {
      "vertices" : [ 0, 3, 2 ]
    }, {
      "vertices" : [ 0, 2, 1 ]
    } ]
  }, {
    "id" : "7dbe6ce4-4a62-435e-8d52-9f67202249c0",
    "vertices" : [ {
      "x" : -0.8353629,
      "y" : -10.043735,
      "z" : 39.112305
    }, {
      "x" : -0.1580671,
      "y" : -10.3389635,
      "z" : 38.959393
    }, {
      "x" : -20.324478,
      "y" : -22.80249,
      "z" : -26.300484
    }, {
      "x" : -21.001774,
      "y" : -22.507261,
      "z" : -26.147572
    } ],
    "faces" : [ {
      "vertices" : [ 0, 1, 2 ]
    }, {
      "vertices" : [ 0, 2, 3 ]
    }, {
      "vertices" : [ 0, 3, 2 ]
    }, {
      "vertices" : [ 0, 2, 1 ]
    } ]
  }, {
    "id" : "855f0c4b-4ed9-4657-8868-29297cf90fee",
    "vertices" : [ {
      "x" : -36.777447,
      "y" : -1.942993,
      "z" : 19.35675
    }, {
      "x" : -38.127407,
      "y" : -0.38599896,
      "z" : 18.936491
    }, {
      "x" : 14.668939,
      "y" : 39.946823,
      "z" : -1.2299184
    }, {
      "x" : 16.018902,
      "y" : 38.389828,
      "z" : -0.8096588
    } ],
    "faces" : [ {
      "vertices" : [ 0, 1, 2 ]
    }, {
      "vertices" : [ 0, 2, 3 ]
    }, {
      "vertices" : [ 0, 3, 2 ]
    }, {
      "vertices" : [ 0, 2, 1 ]
    } ]
  }, {
    "id" : "eb3d2fb9-4ae3-4209-9f53-1238f0a8360d",
    "vertices" : [ {
      "x" : -19.474785,
      "y" : 26.0533,
      "z" : 25.942204
    }, {
      "x" : -21.258196,
      "y" : 26.908962,
      "z" : 25.227682
    }, {
      "x" : -1.0917852,
      "y" : 14.445435,
      "z" : -40.032192
    }, {
      "x" : 0.6916248,
      "y" : 13.589773,
      "z" : -39.317673
    } ],
    "faces" : [ {
      "vertices" : [ 0, 1, 2 ]
    }, {
      "vertices" : [ 0, 2, 3 ]
    }, {
      "vertices" : [ 0, 3, 2 ]
    }, {
      "vertices" : [ 0, 2, 1 ]
    } ]
  }, {
    "id" : "448dab9f-4275-42b0-8b49-f422b6edf179",
    "vertices" : [ {
      "x" : -10.043735,
      "y" : -39.112305,
      "z" : 0.8353629
    }, {
      "x" : -10.3389635,
      "y" : -38.959393,
      "z" : 0.1580671
    }, {
      "x" : -22.80249,
      "y" : 26.300484,
      "z" : 20.324478
    }, {
      "x" : -22.507261,
      "y" : 26.147572,
      "z" : 21.001774
    } ],
    "faces" : [ {
      "vertices" : [ 0, 1, 2 ]
    }, {
      "vertices" : [ 0, 2, 3 ]
    }, {
      "vertices" : [ 0, 3, 2 ]
    }, {
      "vertices" : [ 0, 2, 1 ]
    } ]
  }, {
    "id" : "38759439-484d-4a0a-bc61-8e16831e66ab",
    "vertices" : [ {
      "x" : -0.37217352,
      "y" : -10.872132,
      "z" : -38.897366
    }, {
      "x" : -0.6916248,
      "y" : -13.589773,
      "z" : -39.317673
    }, {
      "x" : 1.0917852,
      "y" : -14.445435,
      "z" : -40.032192
    }, {
      "x" : 2.9570105,
      "y" : -14.50317,
      "z" : -40.619606
    }, {
      "x" : 3.344927,
      "y" : -12.899727,
      "z" : -40.433247
    }, {
      "x" : 3.3235884,
      "y" : -10.835243,
      "z" : -40.03237
    }, {
      "x" : 0.8353629,
      "y" : -10.043735,
      "z" : -39.112305
    }, {
      "x" : 0.1580671,
      "y" : -10.3389635,
      "z" : -38.959393
    } ],
    "faces" : [ {
      "vertices" : [ 0, 1, 2 ]
    }, {
      "vertices" : [ 0, 2, 3 ]
    }, {
      "vertices" : [ 0, 3, 4 ]
    }, {
      "vertices" : [ 0, 4, 5 ]
    }, {
      "vertices" : [ 0, 5, 6 ]
    }, {
      "vertices" : [ 0, 6, 7 ]
    }, {
      "vertices" : [ 0, 7, 6 ]
    }, {
      "vertices" : [ 0, 6, 5 ]
    }, {
      "vertices" : [ 0, 5, 4 ]
    }, {
      "vertices" : [ 0, 4, 3 ]
    }, {
      "vertices" : [ 0, 3, 2 ]
    }, {
      "vertices" : [ 0, 2, 1 ]
    } ]
  }, {
    "id" : "6410f7d1-8ed1-4dfd-8248-b650905806a4",
    "vertices" : [ {
      "x" : 0.8353629,
      "y" : -10.043735,
      "z" : -39.112305
    }, {
      "x" : 0.1580671,
      "y" : -10.3389635,
      "z" : -38.959393
    }, {
      "x" : 20.324478,
      "y" : -22.80249,
      "z" : 26.300484
    }, {
      "x" : 21.001774,
      "y" : -22.507261,
      "z" : 26.147572
    } ],
    "faces" : [ {
      "vertices" : [ 0, 1, 2 ]
    }, {
      "vertices" : [ 0, 2, 3 ]
    }, {
      "vertices" : [ 0, 3, 2 ]
    }, {
      "vertices" : [ 0, 2, 1 ]
    } ]
  }, {
    "id" : "9c84404c-1703-4121-9a9b-8afcd8c86132",
    "vertices" : [ {
      "x" : -3.3235884,
      "y" : 10.835243,
      "z" : -40.03237
    }, {
      "x" : -3.344927,
      "y" : 12.899727,
      "z" : -40.433247
    }, {
      "x" : -23.511337,
      "y" : 25.363255,
      "z" : 24.826626
    }, {
      "x" : -23.489998,
      "y" : 23.29877,
      "z" : 25.2275
    } ],
    "faces" : [ {
      "vertices" : [ 0, 1, 2 ]
    }, {
      "vertices" : [ 0, 2, 3 ]
    }, {
      "vertices" : [ 0, 3, 2 ]
    }, {
      "vertices" : [ 0, 2, 1 ]
    } ]
  }, {
    "id" : "69bcf637-9391-4fe2-9e77-29f51446efdc",
    "vertices" : [ {
      "x" : 19.794237,
      "y" : -23.335659,
      "z" : 26.36251
    }, {
      "x" : 20.324478,
      "y" : -22.80249,
      "z" : 26.300484
    }, {
      "x" : 0.1580671,
      "y" : -10.3389635,
      "z" : -38.959393
    }, {
      "x" : -0.37217352,
      "y" : -10.872132,
      "z" : -38.897366
    } ],
    "faces" : [ {
      "vertices" : [ 0, 1, 2 ]
    }, {
      "vertices" : [ 0, 2, 3 ]
    }, {
      "vertices" : [ 0, 3, 2 ]
    }, {
      "vertices" : [ 0, 2, 1 ]
    } ]
  }, {
    "id" : "741d274a-e2ff-4f58-87f3-c7c8cd4d691c",
    "vertices" : [ {
      "x" : 39.112305,
      "y" : 0.8353629,
      "z" : 10.043735
    }, {
      "x" : 38.959393,
      "y" : 0.1580671,
      "z" : 10.3389635
