{
  "field" : "golden",
  "symmetry" : "icosahedral",
  "orientations" : [ [ 1.0, 0.0, 0.0, 0.0, 0.0, 1.0, 0.0, 0.0, 0.0, 0.0, 1.0, 0.0, 0.0, 0.0, 0.0, 1.0 ], [ 0.0, 0.0, 1.0, 0.0, 1.0, 0.0, 0.0, 0.0, 0.0, 1.0, 0.0, 0.0, 0.0, 0.0, 0.0, 1.0 ], [ 0.0, 1.0, 0.0, 0.0, 0.0, 0.0, 1.0, 0.0, 1.0, 0.0, 0.0, 0.0, 0.0, 0.0, 0.0, 1.0 ], [ 0.809017, 0.309017, 0.5, 0.0, 0.309017, 0.5, -0.809017, 0.0, -0.5, 0.809017, 0.309017, 0.0, 0.0, 0.0, 0.0, 1.0 ], [ -0.5, 0.809017, 0.309017, 0.0, 0.809017, 0.309017, 0.5, 0.0, 0.309017, 0.5, -0.809017, 0.0, 0.0, 0.0, 0.0, 1.0 ], [ 0.309017, 0.5, -0.809017, 0.0, -0.5, 0.809017, 0.309017, 0.0, 0.809017, 0.309017, 0.5, 0.0, 0.0, 0.0, 0.0, 1.0 ], [ 0.5, 0.809017, 0.309017, 0.0, 0.809017, -0.309017, -0.5, 0.0, -0.309017, 0.5, -0.809017, 0.0, 0.0, 0.0, 0.0, 1.0 ], [ -0.309017, 0.5, -0.809017, 0.0, 0.5, 0.809017, 0.309017, 0.0, 0.809017, -0.309017, -0.5, 0.0, 0.0, 0.0, 0.0, 1.0 ], [ 0.809017, -0.309017, -0.5, 0.0, -0.309017, 0.5, -0.809017, 0.0, 0.5, 0.809017, 0.309017, 0.0, 0.0, 0.0, 0.0, 1.0 ], [ 0.5, 0.809017, -0.309017, 0.0, 0.809017, -0.309017, 0.5, 0.0, 0.309017, -0.5, -0.809017, 0.0, 0.0, 0.0, 0.0, 1.0 ], [ 0.309017, -0.5, -0.809017, 0.0, 0.5, 0.809017, -0.309017, 0.0, 0.809017, -0.309017, 0.5, 0.0, 0.0, 0.0, 0.0, 1.0 ], [ 0.809017, -0.309017, 0.5, 0.0, 0.309017, -0.5, -0.809017, 0.0, 0.5, 0.809017, -0.309017, 0.0, 0.0, 0.0, 0.0, 1.0 ], [ 0.809017, 0.309017, -0.5, 0.0, 0.309017, 0.5, 0.809017, 0.0, 0.5, -0.809017, 0.309017, 0.0, 0.0, 0.0, 0.0, 1.0 ], [ 0.5, -0.809017, 0.309017, 0.0, 0.809017, 0.309017, -0.5, 0.0, 0.309017, 0.5, 0.809017, 0.0, 0.0, 0.0, 0.0, 1.0 ], [ 0.309017, 0.5, 0.809017, 0.0, 0.5, -0.809017, 0.309017, 0.0, 0.809017, 0.309017, -0.5, 0.0, 0.0, 0.0, 0.0, 1.0 ], [ 1.0, 0.0, 0.0, 0.0, 0.0, -1.0, 0.0, 0.0, 0.0, 0.0, -1.0, 0.0, 0.0, 0.0, 0.0, 1.0 ], [ 0.0, 0.0, 1.0, 0.0, -1.0, 0.0, 0.0, 0.0, 0.0, -1.0, 0.0, 0.0, 0.0, 0.0, 0.0, 1.0 ], [ 0.0, 1.0, 0.0, 0.0, 0.0, 0.0, -1.0, 0.0, -1.0, 0.0, 0.0, 0.0, 0.0, 0.0, 0.0, 1.0 ], [ 0.809017, 0.309017, 0.5, 0.0, -0.309017, -0.5, 0.809017, 0.0, 0.5, -0.809017, -0.309017, 0.0, 0.0, 0.0, 0.0, 1.0 ], [ -0.5, 0.809017, 0.309017, 0.0, -0.809017, -0.309017, -0.5, 0.0, -0.309017, -0.5, 0.809017, 0.0, 0.0, 0.0, 0.0, 1.0 ], [ 0.309017, 0.5, -0.809017, 0.0, 0.5, -0.809017, -0.309017, 0.0, -0.809017, -0.309017, -0.5, 0.0, 0.0, 0.0, 0.0, 1.0 ], [ 0.5, 0.809017, 0.309017, 0.0, -0.809017, 0.309017, 0.5, 0.0, 0.309017, -0.5, 0.809017, 0.0, 0.0, 0.0, 0.0, 1.0 ], [ -0.309017, 0.5, -0.809017, 0.0, -0.5, -0.809017, -0.309017, 0.0, -0.809017, 0.309017, 0.5, 0.0, 0.0, 0.0, 0.0, 1.0 ], [ 0.809017, -0.309017, -0.5, 0.0, 0.309017, -0.5, 0.809017, 0.0, -0.5, -0.809017, -0.309017, 0.0, 0.0, 0.0, 0.0, 1.0 ], [ 0.5, 0.809017, -0.309017, 0.0, -0.809017, 0.309017, -0.5, 0.0, -0.309017, 0.5, 0.809017, 0.0, 0.0, 0.0, 0.0, 1.0 ], [ 0.309017, -0.5, -0.809017, 0.0, -0.5, -0.809017, 0.309017, 0.0, -0.809017, 0.309017, -0.5, 0.0, 0.0, 0.0, 0.0, 1.0 ], [ 0.809017, -0.309017, 0.5, 0.0, -0.309017, 0.5, 0.809017, 0.0, -0.5, -0.809017, 0.309017, 0.0, 0.0, 0.0, 0.0, 1.0 ], [ 0.809017, 0.309017, -0.5, 0.0, -0.309017, -0.5, -0.809017, 0.0, -0.5, 0.809017, -0.309017, 0.0, 0.0, 0.0, 0.0, 1.0 ], [ 0.5, -0.809017, 0.309017, 0.0, -0.809017, -0.309017, 0.5, 0.0, -0.309017, -0.5, -0.809017, 0.0, 0.0, 0.0, 0.0, 1.0 ], [ 0.309017, 0.5, 0.809017, 0.0, -0.5, 0.809017, -0.309017, 0.0, -0.809017, -0.309017, 0.5, 0.0, 0.0, 0.0, 0.0, 1.0 ], [ -1.0, 0.0, 0.0, 0.0, 0.0, -1.0, 0.0, 0.0, 0.0, 0.0, 1.0, 0.0, 0.0, 0.0, 0.0, 1.0 ], [ 0.0, 0.0, -1.0, 0.0, -1.0, 0.0, 0.0, 0.0, 0.0, 1.0, 0.0, 0.0, 0.0, 0.0, 0.0, 1.0 ], [ 0.0, -1.0, 0.0, 0.0, 0.0, 0.0, -1.0, 0.0, 1.0, 0.0, 0.0, 0.0, 0.0, 0.0, 0.0, 1.0 ], [ -0.809017, -0.309017, -0.5, 0.0, -0.309017, -0.5, 0.809017, 0.0, -0.5, 0.809017, 0.309017, 0.0, 0.0, 0.0, 0.0, 1.0 ], [ 0.5, -0.809017, -0.309017, 0.0, -0.809017, -0.309017, -0.5, 0.0, 0.309017, 0.5, -0.809017, 0.0, 0.0, 0.0, 0.0, 1.0 ], [ -0.309017, -0.5, 0.809017, 0.0, 0.5, -0.809017, -0.309017, 0.0, 0.809017, 0.309017, 0.5, 0.0, 0.0, 0.0, 0.0, 1.0 ], [ -0.5, -0.809017, -0.309017, 0.0, -0.809017, 0.309017, 0.5, 0.0, -0.309017, 0.5, -0.809017, 0.0, 0.0, 0.0, 0.0, 1.0 ], [ 0.309017, -0.5, 0.809017, 0.0, -0.5, -0.809017, -0.309017, 0.0, 0.809017, -0.309017, -0.5, 0.0, 0.0, 0.0, 0.0, 1.0 ], [ -0.809017, 0.309017, 0.5, 0.0, 0.309017, -0.5, 0.809017, 0.0, 0.5, 0.809017, 0.309017, 0.0, 0.0, 0.0, 0.0, 1.0 ], [ -0.5, -0.809017, 0.309017, 0.0, -0.809017, 0.309017, -0.5, 0.0, 0.309017, -0.5, -0.809017, 0.0, 0.0, 0.0, 0.0, 1.0 ], [ -0.309017, 0.5, 0.809017, 0.0, -0.5, -0.809017, 0.309017, 0.0, 0.809017, -0.309017, 0.5, 0.0, 0.0, 0.0, 0.0, 1.0 ], [ -0.809017, 0.309017, -0.5, 0.0, -0.309017, 0.5, 0.809017, 0.0, 0.5, 0.809017, -0.309017, 0.0, 0.0, 0.0, 0.0, 1.0 ], [ -0.809017, -0.309017, 0.5, 0.0, -0.309017, -0.5, -0.809017, 0.0, 0.5, -0.809017, 0.309017, 0.0, 0.0, 0.0, 0.0, 1.0 ], [ -0.5, 0.809017, -0.309017, 0.0, -0.809017, -0.309017, 0.5, 0.0, 0.309017, 0.5, 0.809017, 0.0, 0.0, 0.0, 0.0, 1.0 ], [ -0.309017, -0.5, -0.809017, 0.0, -0.5, 0.809017, -0.309017, 0.0, 0.809017, 0.309017, -0.5, 0.0, 0.0, 0.0, 0.0, 1.0 ], [ -1.0, 0.0, 0.0, 0.0, 0.0, 1.0, 0.0, 0.0, 0.0, 0.0, -1.0, 0.0, 0.0, 0.0, 0.0, 1.0 ], [ 0.0, 0.0, -1.0, 0.0, 1.0, 0.0, 0.0, 0.0, 0.0, -1.0, 0.0, 0.0, 0.0, 0.0, 0.0, 1.0 ], [ 0.0, -1.0, 0.0, 0.0, 0.0, 0.0, 1.0, 0.0, -1.0, 0.0, 0.0, 0.0, 0.0, 0.0, 0.0, 1.0 ], [ -0.809017, -0.309017, -0.5, 0.0, 0.309017, 0.5, -0.809017, 0.0, 0.5, -0.809017, -0.309017, 0.0, 0.0, 0.0, 0.0, 1.0 ], [ 0.5, -0.809017, -0.309017, 0.0, 0.809017, 0.309017, 0.5, 0.0, -0.309017, -0.5, 0.809017, 0.0, 0.0, 0.0, 0.0, 1.0 ], [ -0.309017, -0.5, 0.809017, 0.0, -0.5, 0.809017, 0.309017, 0.0, -0.809017, -0.309017, -0.5, 0.0, 0.0, 0.0, 0.0, 1.0 ], [ -0.5, -0.809017, -0.309017, 0.0, 0.809017, -0.309017, -0.5, 0.0, 0.309017, -0.5, 0.809017, 0.0, 0.0, 0.0, 0.0, 1.0 ], [ 0.309017, -0.5, 0.809017, 0.0, 0.5, 0.809017, 0.309017, 0.0, -0.809017, 0.309017, 0.5, 0.0, 0.0, 0.0, 0.0, 1.0 ], [ -0.809017, 0.309017, 0.5, 0.0, -0.309017, 0.5, -0.809017, 0.0, -0.5, -0.809017, -0.309017, 0.0, 0.0, 0.0, 0.0, 1.0 ], [ -0.5, -0.809017, 0.309017, 0.0, 0.809017, -0.309017, 0.5, 0.0, -0.309017, 0.5, 0.809017, 0.0, 0.0, 0.0, 0.0, 1.0 ], [ -0.309017, 0.5, 0.809017, 0.0, 0.5, 0.809017, -0.309017, 0.0, -0.809017, 0.309017, -0.5, 0.0, 0.0, 0.0, 0.0, 1.0 ], [ -0.809017, 0.309017, -0.5, 0.0, 0.309017, -0.5, -0.809017, 0.0, -0.5, -0.809017, 0.309017, 0.0, 0.0, 0.0, 0.0, 1.0 ], [ -0.809017, -0.309017, 0.5, 0.0, 0.309017, 0.5, 0.809017, 0.0, -0.5, 0.809017, -0.309017, 0.0, 0.0, 0.0, 0.0, 1.0 ], [ -0.5, 0.809017, -0.309017, 0.0, 0.809017, 0.309017, -0.5, 0.0, -0.309017, -0.5, -0.809017, 0.0, 0.0, 0.0, 0.0, 1.0 ], [ -0.309017, -0.5, -0.809017, 0.0, 0.5, -0.809017, 0.309017, 0.0, -0.809017, -0.309017, 0.5, 0.0, 0.0, 0.0, 0.0, 1.0 ] ],
  "lights" : {
    "ambientColor" : "#292929",
    "backgroundColor" : "#999999",
    "directionalLights" : [ {
      "direction" : {
        "x" : 1.0,
        "y" : -1.0,
        "z" : -1.0
      },
      "color" : "#EBEBE4"
    }, {
      "direction" : {
        "x" : -1.0,
        "y" : 0.0,
        "z" : 0.0
      },
      "color" : "#E4E4EB"
    }, {
      "direction" : {
        "x" : 0.0,
        "y" : 0.0,
        "z" : -1.0
      },
      "color" : "#1E1E1E"
    } ]
  },
  "camera" : {
    "perspective" : true,
    "lookDirection" : {
      "x" : 0.7309776,
      "y" : -0.5182269,
      "z" : -0.4438746
    },
    "upDirection" : {
      "x" : 0.6802486,
      "y" : 0.60403794,
      "z" : 0.41500717
    },
    "lookAtPoint" : {
      "x" : 0.0,
      "y" : 0.0,
      "z" : 0.0
    },
    "viewDistance" : 256.94946,
    "nearClipDistance" : 0.6423738,
    "farClipDistance" : 513.8978,
    "fieldOfView" : 0.4426284,
    "width" : 115.62714,
    "stereo" : false,
    "position" : {
      "x" : -187.8243,
      "y" : 133.15813,
      "z" : 114.05334
    }
  },
  "embedding" : [ 1.0, 0.0, 0.0, 0.0, 0.0, 1.0, 0.0, 0.0, 0.0, 0.0, 1.0, 0.0, 0.0, 0.0, 0.0, 1.0 ],
  "shapes" : [ {
    "id" : "8d5e4262-b622-46b7-bd76-aa7ae3aafd83",
    "vertices" : [ {
      "x" : 1.5653571,
      "y" : 0.017810294,
      "z" : 3.6060414
    }, {
      "x" : 1.4653572,
      "y" : 0.4178103,
      "z" : 3.5060415
    }, {
      "x" : 0.39265698,
      "y" : 0.31665844,
      "z" : 0.43774244
    }, {
      "x" : 0.49265698,
      "y" : -0.083341554,
      "z" : 0.53774244
    }, {
      "x" : 1.7653571,
      "y" : 0.55114365,
      "z" : 3.2727082
    }, {
      "x" : 1.8653572,
      "y" : 0.15114363,
      "z" : 3.372708
    }, {
      "x" : 0.19265698,
      "y" : -0.2166749,
      "z" : 0.7710758
    }, {
      "x" : 0.09265697,
      "y" : 0.18332511,
      "z" : 0.67107576
    } ],
    "faces" : [ {
      "vertices" : [ 2, 3, 6 ]
    }, {
      "vertices" : [ 2, 6, 7 ]
    }, {
      "vertices" : [ 0, 5, 4 ]
    }, {
      "vertices" : [ 0, 4, 1 ]
    }, {
      "vertices" : [ 2, 4, 5 ]
    }, {
      "vertices" : [ 2, 5, 3 ]
    }, {
      "vertices" : [ 0, 6, 3 ]
    }, {
      "vertices" : [ 0, 3, 5 ]
    }, {
      "vertices" : [ 0, 1, 7 ]
    }, {
      "vertices" : [ 0, 7, 6 ]
    }, {
      "vertices" : [ 1, 4, 2 ]
    }, {
      "vertices" : [ 1, 2, 7 ]
    } ]
  }, {
    "id" : "2ebaebb3-3846-4ade-af2f-f5b1bc8f93ba",
    "vertices" : [ {
      "x" : -1.9580141,
      "y" : -0.33446875,
      "z" : -4.043784
    }, {
      "x" : -3.1288345,
      "y" : -8.359391,
      "z" : 2.810318
    }, {
      "x" : -1.9580141,
      "y" : -22.514809,
      "z" : 9.66442
    } ],
    "faces" : [ {
      "vertices" : [ 0, 1, 2 ]
    }, {
      "vertices" : [ 0, 2, 1 ]
    } ]
  }, {
    "id" : "64e8183f-7039-4cab-ae9d-2666e7cf3c27",
    "vertices" : [ {
      "x" : 0.309017,
      "y" : -0.309017,
      "z" : -0.309017
    }, {
      "x" : 0.5,
      "y" : 0.0,
      "z" : -0.19098301
    }, {
      "x" : 0.5,
      "y" : 0.0,
      "z" : 0.19098301
    }, {
      "x" : 0.309017,
      "y" : -0.309017,
      "z" : 0.309017
    }, {
      "x" : 0.19098301,
      "y" : -0.5,
      "z" : 0.0
    }, {
      "x" : 0.0,
      "y" : 0.19098301,
      "z" : 0.5
    }, {
      "x" : 0.0,
      "y" : -0.19098301,
      "z" : 0.5
    }, {
      "x" : 0.309017,
      "y" : 0.309017,
      "z" : 0.309017
    }, {
      "x" : -0.309017,
      "y" : -0.309017,
      "z" : 0.309017
    }, {
      "x" : -0.309017,
      "y" : 0.309017,
      "z" : 0.309017
    }, {
      "x" : -0.5,
      "y" : 0.0,
      "z" : 0.19098301
    }, {
      "x" : 0.0,
      "y" : -0.19098301,
      "z" : -0.5
    }, {
      "x" : 0.0,
      "y" : 0.19098301,
      "z" : -0.5
    }, {
      "x" : 0.309017,
      "y" : 0.309017,
      "z" : -0.309017
    }, {
      "x" : -0.309017,
      "y" : -0.309017,
      "z" : -0.309017
    }, {
      "x" : -0.19098301,
      "y" : -0.5,
      "z" : 0.0
    }, {
      "x" : -0.5,
      "y" : 0.0,
      "z" : -0.19098301
    }, {
      "x" : 0.19098301,
      "y" : 0.5,
      "z" : 0.0
    }, {
      "x" : -0.309017,
      "y" : 0.309017,
      "z" : -0.309017
    }, {
      "x" : 0.0,
      "y" : 0.0,
      "z" : 0.0
    }, {
      "x" : -0.19098301,
      "y" : 0.5,
      "z" : 0.0
    } ],
    "faces" : [ {
      "vertices" : [ 12, 18, 20 ]
    }, {
      "vertices" : [ 12, 20, 17 ]
    }, {
      "vertices" : [ 12, 17, 13 ]
    }, {
      "vertices" : [ 3, 6, 8 ]
    }, {
      "vertices" : [ 3, 8, 15 ]
    }, {
      "vertices" : [ 3, 15, 4 ]
    }, {
      "vertices" : [ 0, 11, 12 ]
    }, {
      "vertices" : [ 0, 12, 13 ]
    }, {
      "vertices" : [ 0, 13, 1 ]
    }, {
      "vertices" : [ 5, 9, 10 ]
    }, {
      "vertices" : [ 5, 10, 8 ]
    }, {
      "vertices" : [ 5, 8, 6 ]
    }, {
      "vertices" : [ 2, 7, 5 ]
    }, {
      "vertices" : [ 2, 5, 6 ]
    }, {
      "vertices" : [ 2, 6, 3 ]
    }, {
      "vertices" : [ 11, 14, 16 ]
    }, {
      "vertices" : [ 11, 16, 18 ]
    }, {
      "vertices" : [ 11, 18, 12 ]
    }, {
      "vertices" : [ 1, 13, 17 ]
    }, {
      "vertices" : [ 1, 17, 7 ]
    }, {
      "vertices" : [ 1, 7, 2 ]
    }, {
      "vertices" : [ 9, 20, 18 ]
    }, {
      "vertices" : [ 9, 18, 16 ]
    }, {
      "vertices" : [ 9, 16, 10 ]
    }, {
      "vertices" : [ 0, 1, 2 ]
    }, {
      "vertices" : [ 0, 2, 3 ]
    }, {
      "vertices" : [ 0, 3, 4 ]
    }, {
      "vertices" : [ 5, 7, 17 ]
    }, {
      "vertices" : [ 5, 17, 20 ]
    }, {
      "vertices" : [ 5, 20, 9 ]
    }, {
      "vertices" : [ 0, 4, 15 ]
    }, {
      "vertices" : [ 0, 15, 14 ]
    }, {
      "vertices" : [ 0, 14, 11 ]
    }, {
      "vertices" : [ 8, 10, 16 ]
    }, {
      "vertices" : [ 8, 16, 14 ]
    }, {
      "vertices" : [ 8, 14, 15 ]
    } ]
  }, {
    "id" : "3cc4b129-5430-491d-815b-6f3e63bfea78",
    "vertices" : [ {
      "x" : -3.1468587,
      "y" : -2.9622514,
      "z" : 5.4650917
    }, {
      "x" : -2.7468586,
      "y" : -3.0622513,
      "z" : 5.565092
    }, {
      "x" : -0.150253,
      "y" : -0.49758214,
      "z" : 0.4413495
    }, {
      "x" : -0.550253,
      "y" : -0.39758214,
      "z" : 0.3413495
    }, {
      "x" : -2.880192,
      "y" : -3.3622515,
      "z" : 5.3317585
    }, {
      "x" : -3.280192,
      "y" : -3.2622514,
      "z" : 5.2317586
    }, {
      "x" : -0.41691968,
      "y" : -0.09758214,
      "z" : 0.57468283
    }, {
      "x" : -0.016919665,
      "y" : -0.19758214,
      "z" : 0.67468286
    } ],
    "faces" : [ {
      "vertices" : [ 2, 3, 6 ]
    }, {
      "vertices" : [ 2, 6, 7 ]
    }, {
      "vertices" : [ 0, 5, 4 ]
    }, {
      "vertices" : [ 0, 4, 1 ]
    }, {
      "vertices" : [ 2, 4, 5 ]
    }, {
      "vertices" : [ 2, 5, 3 ]
    }, {
      "vertices" : [ 0, 6, 3 ]
    }, {
      "vertices" : [ 0, 3, 5 ]
    }, {
      "vertices" : [ 0, 1, 7 ]
    }, {
      "vertices" : [ 0, 7, 6 ]
    }, {
      "vertices" : [ 1, 4, 2 ]
    }, {
      "vertices" : [ 1, 2, 7 ]
    } ]
  }, {
    "id" : "2f46b2cf-e793-4f27-ab7d-113c870d4197",
    "vertices" : [ {
      "x" : -6.789582,
      "y" : 6.227583,
      "z" : 8.7239895
    }, {
      "x" : -6.8895817,
      "y" : 5.827583,
      "z" : 8.82399
    }, {
      "x" : -0.5657367,
      "y" : 0.18555427,
      "z" : 0.38633624
    }, {
      "x" : -0.46573675,
      "y" : 0.58555424,
      "z" : 0.28633624
    }, {
      "x" : -7.189582,
      "y" : 5.9609165,
      "z" : 8.590656
    }, {
      "x" : -7.089582,
      "y" : 6.360916,
      "z" : 8.490656
    }, {
      "x" : -0.16573673,
      "y" : 0.45222095,
      "z" : 0.5196696
    }, {
      "x" : -0.26573673,
      "y" : 0.052220933,
      "z" : 0.61966956
    } ],
    "faces" : [ {
      "vertices" : [ 2, 3, 6 ]
    }, {
      "vertices" : [ 2, 6, 7 ]
    }, {
      "vertices" : [ 0, 5, 4 ]
    }, {
      "vertices" : [ 0, 4, 1 ]
    }, {
      "vertices" : [ 2, 4, 5 ]
    }, {
      "vertices" : [ 2, 5, 3 ]
    }, {
      "vertices" : [ 0, 6, 3 ]
    }, {
      "vertices" : [ 0, 3, 5 ]
    }, {
      "vertices" : [ 0, 1, 7 ]
    }, {
      "vertices" : [ 0, 7, 6 ]
    }, {
      "vertices" : [ 1, 4, 2 ]
    }, {
      "vertices" : [ 1, 2, 7 ]
    } ]
  }, {
    "id" : "15103a7a-a80c-4e11-ae69-067f924c9e56",
    "vertices" : [ {
      "x" : -2.4769475,
      "y" : 12.125029,
      "z" : 5.265848
    }, {
      "x" : -2.0769475,
      "y" : 12.225029,
      "z" : 5.365848
    }, {
      "x" : 0.01813488,
      "y" : 0.52605236,
      "z" : 0.46866933
    }, {
      "x" : -0.3818651,
      "y" : 0.42605236,
      "z" : 0.36866933
    }, {
      "x" : -2.210281,
      "y" : 11.991695,
      "z" : 5.6658483
    }, {
      "x" : -2.6102808,
      "y" : 11.891695,
      "z" : 5.5658484
    }, {
      "x" : -0.24853179,
      "y" : 0.6593857,
      "z" : 0.06866934
    }, {
      "x" : 0.15146822,
      "y" : 0.7593857,
      "z" : 0.16866934
    } ],
    "faces" : [ {
      "vertices" : [ 2, 3, 6 ]
    }, {
      "vertices" : [ 2, 6, 7 ]
    }, {
      "vertices" : [ 0, 5, 4 ]
    }, {
      "vertices" : [ 0, 4, 1 ]
    }, {
      "vertices" : [ 2, 4, 5 ]
    }, {
      "vertices" : [ 2, 5, 3 ]
    }, {
      "vertices" : [ 0, 6, 3 ]
    }, {
      "vertices" : [ 0, 3, 5 ]
    }, {
      "vertices" : [ 0, 1, 7 ]
    }, {
      "vertices" : [ 0, 7, 6 ]
    }, {
      "vertices" : [ 1, 4, 2 ]
    }, {
      "vertices" : [ 1, 2, 7 ]
    } ]
  }, {
    "id" : "de0be44e-a41b-47ac-bf98-28bd17941c87",
    "vertices" : [ {
      "x" : 3.7551105,
      "y" : 4.649144,
      "z" : 1.08434
    }, {
      "x" : 3.8551104,
      "y" : 4.749144,
      "z" : 0.68433994
    }, {
      "x" : 0.6313129,
      "y" : 0.4330619,
      "z" : -0.029624114
    }, {
      "x" : 0.5313129,
      "y" : 0.3330619,
      "z" : 0.37037587
    }, {
      "x" : 4.1551104,
      "y" : 4.515811,
      "z" : 0.81767327
    }, {
      "x" : 4.0551105,
      "y" : 4.415811,
      "z" : 1.2176733
    }, {
      "x" : 0.2313129,
      "y" : 0.5663952,
      "z" : 0.23704255
    }, {
      "x" : 0.3313129,
      "y" : 0.66639525,
      "z" : -0.16295744
    } ],
    "faces" : [ {
      "vertices" : [ 2, 3, 6 ]
    }, {
      "vertices" : [ 2, 6, 7 ]
    }, {
      "vertices" : [ 0, 5, 4 ]
    }, {
      "vertices" : [ 0, 4, 1 ]
    }, {
      "vertices" : [ 2, 4, 5 ]
    }, {
      "vertices" : [ 2, 5, 3 ]
    }, {
      "vertices" : [ 0, 6, 3 ]
    }, {
      "vertices" : [ 0, 3, 5 ]
    }, {
      "vertices" : [ 0, 1, 7 ]
    }, {
      "vertices" : [ 0, 7, 6 ]
    }, {
      "vertices" : [ 1, 4, 2 ]
    }, {
      "vertices" : [ 1, 2, 7 ]
    } ]
  }, {
    "id" : "ee087d97-e735-4a9e-b338-f6378366677e",
    "vertices" : [ {
      "x" : 4.2466125,
      "y" : 7.052219,
      "z" : 26.804491
    }, {
      "x" : 6.8479433,
      "y" : 4.2375984,
      "z" : 23.86305
    }, {
      "x" : 9.790071,
      "y" : 1.6723437,
      "z" : 20.21892
    }, {
      "x" : 7.1887403,
      "y" : 4.4869637,
      "z" : 23.160362
    } ],
    "faces" : [ {
      "vertices" : [ 0, 1, 2 ]
    }, {
      "vertices" : [ 0, 2, 3 ]
    }, {
      "vertices" : [ 0, 3, 2 ]
    }, {
      "vertices" : [ 0, 2, 1 ]
    } ]
  }, {
    "id" : "b4368141-5d2b-4137-83a0-4c5ddb16e538",
    "vertices" : [ {
      "x" : 6.4378757,
      "y" : -12.099382,
      "z" : 4.0557427
    }, {
      "x" : 6.337876,
      "y" : -11.999383,
      "z" : 4.455743
    }, {
      "x" : 0.39743972,
      "y" : -0.37621054,
      "z" : 0.46331406
    }, {
      "x" : 0.4974397,
      "y" : -0.47621053,
      "z" : 0.06331406
    }, {
      "x" : 6.637876,
      "y" : -11.766049,
      "z" : 4.589076
    }, {
      "x" : 6.737876,
      "y" : -11.86605,
      "z" : 4.189076
    }, {
      "x" : 0.19743972,
      "y" : -0.7095439,
      "z" : -0.070019275
    }, {
      "x" : 0.09743972,
      "y" : -0.60954386,
      "z" : 0.32998073
    } ],
    "faces" : [ {
      "vertices" : [ 2, 3, 6 ]
    }, {
      "vertices" : [ 2, 6, 7 ]
    }, {
      "vertices" : [ 0, 5, 4 ]
    }, {
      "vertices" : [ 0, 4, 1 ]
    }, {
      "vertices" : [ 2, 4, 5 ]
    }, {
      "vertices" : [ 2, 5, 3 ]
    }, {
      "vertices" : [ 0, 6, 3 ]
    }, {
      "vertices" : [ 0, 3, 5 ]
    }, {
      "vertices" : [ 0, 1, 7 ]
    }, {
      "vertices" : [ 0, 7, 6 ]
    }, {
      "vertices" : [ 1, 4, 2 ]
    }, {
      "vertices" : [ 1, 2, 7 ]
    } ]
  }, {
    "id" : "ac1dc419-0515-43b5-bae1-3f0421692b63",
    "vertices" : [ {
      "x" : 3.9160283,
      "y" : 0.6689375,
      "z" : 8.087568
    }, {
      "x" : 0.61891663,
      "y" : -2.7908962,
      "z" : 13.994009
    }, {
      "x" : -6.671872,
      "y" : -5.376169,
      "z" : 22.210344
    } ],
    "faces" : [ {
      "vertices" : [ 0, 1, 2 ]
    }, {
      "vertices" : [ 0, 2, 1 ]
    } ]
  }, {
    "id" : "379223c4-bb38-43b8-af06-69e7cee3cef8",
    "vertices" : [ {
      "x" : 11.829901,
      "y" : 9.232423,
      "z" : -0.6305373
    }, {
      "x" : 11.9299,
      "y" : 9.332423,
      "z" : -0.23053728
    }, {
      "x" : 0.46737128,
      "y" : 0.6282217,
      "z" : 0.110760815
    }, {
      "x" : 0.3673713,
      "y" : 0.5282217,
      "z" : -0.28923917
    }, {
      "x" : 11.696568,
      "y" : 9.632423,
      "z" : -0.36387062
    }, {
      "x" : 11.596567,
      "y" : 9.532423,
      "z" : -0.7638706
    }, {
      "x" : 0.6007046,
      "y" : 0.22822171,
      "z" : -0.15590584
    }, {
      "x" : 0.70070463,
      "y" : 0.3282217,
      "z" : 0.24409415
    } ],
    "faces" : [ {
      "vertices" : [ 2, 3, 6 ]
    }, {
      "vertices" : [ 2, 6, 7 ]
    }, {
      "vertices" : [ 0, 5, 4 ]
    }, {
      "vertices" : [ 0, 4, 1 ]
    }, {
      "vertices" : [ 2, 4, 5 ]
    }, {
      "vertices" : [ 2, 5, 3 ]
    }, {
      "vertices" : [ 0, 6, 3 ]
    }, {
      "vertices" : [ 0, 3, 5 ]
    }, {
      "vertices" : [ 0, 1, 7 ]
    }, {
      "vertices" : [ 0, 7, 6 ]
    }, {
      "vertices" : [ 1, 4, 2 ]
    }, {
      "vertices" : [ 1, 2, 7 ]
    } ]
  }, {
    "id" : "c9264917-c0c6-426e-8d80-2cd8d426deac",
    "vertices" : [ {
      "x" : 7.6978636,
      "y" : 13.816011,
      "z" : 2.4704344
    }, {
      "x" : 7.7978635,
      "y" : 13.916012,
      "z" : 2.0704343
    }, {
      "x" : 0.52530104,
      "y" : 0.49964803,
      "z" : -0.03707168
    }, {
      "x" : 0.42530105,
      "y" : 0.39964804,
      "z" : 0.36292833
    }, {
      "x" : 8.097863,
      "y" : 13.682678,
      "z" : 2.2037678
    }, {
      "x" : 7.9978633,
      "y" : 13.582679,
      "z" : 2.6037676
    }, {
      "x" : 0.12530105,
      "y" : 0.63298136,
      "z" : 0.22959499
    }, {
      "x" : 0.22530104,
      "y" : 0.7329814,
      "z" : -0.17040502
    } ],
    "faces" : [ {
      "vertices" : [ 2, 3, 6 ]
    }, {
      "vertices" : [ 2, 6, 7 ]
    }, {
      "vertices" : [ 0, 5, 4 ]
    }, {
      "vertices" : [ 0, 4, 1 ]
    }, {
      "vertices" : [ 2, 4, 5 ]
    }, {
      "vertices" : [ 2, 5, 3 ]
    }, {
      "vertices" : [ 0, 6, 3 ]
    }, {
      "vertices" : [ 0, 3, 5 ]
    }, {
      "vertices" : [ 0, 1, 7 ]
    }, {
      "vertices" : [ 0, 7, 6 ]
    }, {
      "vertices" : [ 1, 4, 2 ]
    }, {
      "vertices" : [ 1, 2, 7 ]
    } ]
  }, {
    "id" : "582927e8-f123-4c00-85c1-9d1d70648c8d",
    "vertices" : [ {
      "x" : 0.081713766,
      "y" : -0.18678746,
      "z" : -0.78013545
    }, {
      "x" : -0.31828624,
      "y" : -0.086787455,
      "z" : -0.6801354
    }, {
      "x" : -0.43881148,
      "y" : -0.36692727,
      "z" : -0.40431905
    }, {
      "x" : -0.038811475,
      "y" : -0.46692726,
      "z" : -0.5043191
    }, {
      "x" : -0.45161957,
      "y" : -0.38678744,
      "z" : -0.4468021
    }, {
      "x" : -0.051619563,
      "y" : -0.48678747,
      "z" : -0.5468021
    }, {
      "x" : 0.09452186,
      "y" : -0.16692726,
      "z" : -0.73765236
    }, {
      "x" : -0.30547816,
      "y" : -0.06692726,
      "z" : -0.6376524
    } ],
    "faces" : [ {
      "vertices" : [ 2, 3, 6 ]
    }, {
      "vertices" : [ 2, 6, 7 ]
    }, {
      "vertices" : [ 0, 5, 4 ]
    }, {
      "vertices" : [ 0, 4, 1 ]
    }, {
      "vertices" : [ 2, 4, 5 ]
    }, {
      "vertices" : [ 2, 5, 3 ]
    }, {
      "vertices" : [ 0, 6, 3 ]
    }, {
      "vertices" : [ 0, 3, 5 ]
    }, {
      "vertices" : [ 0, 1, 7 ]
    }, {
      "vertices" : [ 0, 7, 6 ]
    }, {
      "vertices" : [ 1, 4, 2 ]
    }, {
      "vertices" : [ 1, 2, 7 ]
    } ]
  }, {
    "id" : "34306519-bc25-4e3c-8e8c-5bba6095e862",
    "vertices" : [ {
      "x" : 5.8740425,
      "y" : 1.0034062,
      "z" : 12.131351
    }, {
      "x" : 8.347261,
      "y" : 7.0405507,
      "z" : 14.0334635
    }, {
      "x" : 14.097207,
      "y" : 15.319066,
      "z" : 14.564714
    } ],
    "faces" : [ {
      "vertices" : [ 0, 1, 2 ]
    }, {
      "vertices" : [ 0, 2, 1 ]
    } ]
  }, {
    "id" : "e5005430-93af-4f11-b951-ea5ce4531be1",
    "vertices" : [ {
      "x" : -4.8706117,
      "y" : 10.702325,
      "z" : 6.5471177
    }, {
      "x" : -4.4706116,
      "y" : 10.802325,
      "z" : 6.6471176
    }, {
      "x" : -0.09526063,
      "y" : 0.4465494,
      "z" : 0.5255773
    }, {
      "x" : -0.49526063,
      "y" : 0.34654936,
      "z" : 0.42557728
    }, {
      "x" : -4.6039453,
      "y" : 10.568992,
      "z" : 6.9471173
    }, {
      "x" : -5.003945,
      "y" : 10.468992,
      "z" : 6.8471174
    }, {
      "x" : -0.3619273,
      "y" : 0.5798827,
      "z" : 0.1255773
    }, {
      "x" : 0.03807271,
      "y" : 0.6798827,
      "z" : 0.2255773
    } ],
    "faces" : [ {
      "vertices" : [ 2, 3, 6 ]
    }, {
      "vertices" : [ 2, 6, 7 ]
    }, {
      "vertices" : [ 0, 5, 4 ]
    }, {
      "vertices" : [ 0, 4, 1 ]
    }, {
      "vertices" : [ 2, 4, 5 ]
    }, {
      "vertices" : [ 2, 5, 3 ]
    }, {
      "vertices" : [ 0, 6, 3 ]
    }, {
      "vertices" : [ 0, 3, 5 ]
    }, {
      "vertices" : [ 0, 1, 7 ]
    }, {
      "vertices" : [ 0, 7, 6 ]
    }, {
      "vertices" : [ 1, 4, 2 ]
    }, {
      "vertices" : [ 1, 2, 7 ]
    } ]
  }, {
    "id" : "58775e7a-b5d8-4170-93e5-b95a0419554c",
    "vertices" : [ {
      "x" : 7.76903,
      "y" : -0.5292464,
      "z" : 0.5679879
    }, {
      "x" : 7.86903,
      "y" : -0.6292464,
      "z" : 0.1679879
    }, {
      "x" : 0.6744999,
      "y" : -0.27017236,
      "z" : -0.09150832
    }, {
      "x" : 0.5744999,
      "y" : -0.17017236,
      "z" : 0.30849168
    }, {
      "x" : 7.635697,
      "y" : -0.9292464,
      "z" : 0.30132124
    }, {
      "x" : 7.535697,
      "y" : -0.8292464,
      "z" : 0.70132124
    }, {
      "x" : 0.80783325,
      "y" : 0.12982763,
      "z" : 0.17515834
    }, {
      "x" : 0.9078332,
      "y" : 0.029827636,
      "z" : -0.22484165
    } ],
    "faces" : [ {
      "vertices" : [ 2, 3, 6 ]
    }, {
      "vertices" : [ 2, 6, 7 ]
    }, {
      "vertices" : [ 0, 5, 4 ]
    }, {
      "vertices" : [ 0, 4, 1 ]
    }, {
      "vertices" : [ 2, 4, 5 ]
    }, {
      "vertices" : [ 2, 5, 3 ]
    }, {
      "vertices" : [ 0, 6, 3 ]
    }, {
      "vertices" : [ 0, 3, 5 ]
    }, {
      "vertices" : [ 0, 1, 7 ]
    }, {
      "vertices" : [ 0, 7, 6 ]
    }, {
      "vertices" : [ 1, 4, 2 ]
    }, {
      "vertices" : [ 1, 2, 7 ]
    } ]
  }, {
    "id" : "2fa7091f-34d7-4f5f-a569-39982eeb9a4f",
    "vertices" : [ {
      "x" : 0.9045085,
      "y" : 0.3454915,
      "z" : 0.25
    }, {
      "x" : 24.084848,
      "y" : 14.671729,
      "z" : 0.25
    }, {
      "x" : 23.893866,
      "y" : 14.980746,
      "z" : 0.25
    }, {
      "x" : 0.7135255,
      "y" : 0.6545085,
      "z" : 0.25
    }, {
      "x" : 0.809017,
      "y" : 0.5,
      "z" : -0.309017
    }, {
      "x" : 0.9635255,
      "y" : 0.25,
      "z" : -0.095491506
    }, {
      "x" : 0.309017,
      "y" : 0.19098301,
      "z" : 0.0
    }, {
      "x" : 24.489357,
      "y" : 15.135255,
      "z" : 0.0
    }, {
      "x" : 23.834848,
      "y" : 15.076238,
      "z" : -0.095491506
    }, {
      "x" : 23.989357,
      "y" : 14.826238,
      "z" : -0.309017
    }, {
      "x" : 24.798374,
      "y" : 15.326238,
      "z" : 0.0
    }, {
      "x" : 0.6545085,
      "y" : 0.75,
      "z" : -0.095491506
    }, {
      "x" : 24.143866,
      "y" : 14.576238,
      "z" : -0.095491506
    } ],
    "faces" : [ {
      "vertices" : [ 4, 11, 8 ]
    }, {
      "vertices" : [ 4, 8, 9 ]
    }, {
      "vertices" : [ 0, 1, 2 ]
    }, {
      "vertices" : [ 0, 2, 3 ]
    }, {
      "vertices" : [ 0, 3, 6 ]
    }, {
      "vertices" : [ 1, 7, 2 ]
    }, {
      "vertices" : [ 0, 6, 5 ]
    }, {
      "vertices" : [ 4, 5, 6 ]
    }, {
      "vertices" : [ 2, 7, 8 ]
    }, {
      "vertices" : [ 0, 5, 12 ]
    }, {
      "vertices" : [ 0, 12, 1 ]
    }, {
      "vertices" : [ 1, 12, 7 ]
    }, {
      "vertices" : [ 3, 11, 6 ]
    }, {
      "vertices" : [ 4, 6, 11 ]
    }, {
      "vertices" : [ 7, 9, 8 ]
    }, {
      "vertices" : [ 2, 8, 11 ]
    }, {
      "vertices" : [ 2, 11, 3 ]
    }, {
      "vertices" : [ 7, 12, 9 ]
    }, {
      "vertices" : [ 4, 9, 12 ]
    }, {
      "vertices" : [ 4, 12, 5 ]
    } ]
  }, {
    "id" : "53f6402e-0e90-4fa5-96f3-020c653e8bf3",
    "vertices" : [ {
      "x" : 6.461445,
      "y" : 0.8541619,
      "z" : 13.717675
    }, {
      "x" : 6.361445,
      "y" : 1.254162,
      "z" : 13.617675
    }, {
      "x" : 0.39265698,
      "y" : 0.31665844,
      "z" : 0.43774244
    }, {
      "x" : 0.49265698,
      "y" : -0.083341554,
      "z" : 0.53774244
    }, {
      "x" : 6.661445,
      "y" : 1.3874953,
      "z" : 13.384342
    }, {
      "x" : 6.761445,
      "y" : 0.9874953,
      "z" : 13.484342
    }, {
      "x" : 0.19265698,
      "y" : -0.2166749,
      "z" : 0.7710758
    }, {
      "x" : 0.09265697,
      "y" : 0.18332511,
      "z" : 0.67107576
    } ],
    "faces" : [ {
      "vertices" : [ 2, 3, 6 ]
    }, {
      "vertices" : [ 2, 6, 7 ]
    }, {
      "vertices" : [ 0, 5, 4 ]
    }, {
      "vertices" : [ 0, 4, 1 ]
    }, {
      "vertices" : [ 2, 4, 5 ]
    }, {
      "vertices" : [ 2, 5, 3 ]
    }, {
      "vertices" : [ 0, 6, 3 ]
    }, {
      "vertices" : [ 0, 3, 5 ]
    }, {
      "vertices" : [ 0, 1, 7 ]
    }, {
      "vertices" : [ 0, 7, 6 ]
    }, {
      "vertices" : [ 1, 4, 2 ]
    }, {
      "vertices" : [ 1, 2, 7 ]
    } ]
  }, {
    "id" : "3083b1d8-aca9-4129-b852-2fa18176fc8a",
    "vertices" : [ {
      "x" : -4.9208765,
      "y" : -4.7204895,
      "z" : 6.528075
    }, {
      "x" : -4.5208764,
      "y" : -4.8204894,
      "z" : 6.628075
    }, {
      "x" : -0.20474853,
      "y" : -0.5474701,
      "z" : 0.38961852
    }, {
      "x" : -0.60474855,
      "y" : -0.44747013,
      "z" : 0.28961852
    }, {
      "x" : -4.6542096,
      "y" : -5.120489,
      "z" : 6.394742
    }, {
      "x" : -5.0542097,
      "y" : -5.020489,
      "z" : 6.294742
    }, {
      "x" : -0.4714152,
      "y" : -0.14747012,
      "z" : 0.52295184
    }, {
      "x" : -0.071415186,
      "y" : -0.24747013,
      "z" : 0.62295187
    } ],
    "faces" : [ {
      "vertices" : [ 2, 3, 6 ]
    }, {
      "vertices" : [ 2, 6, 7 ]
    }, {
      "vertices" : [ 0, 5, 4 ]
    }, {
      "vertices" : [ 0, 4, 1 ]
    }, {
      "vertices" : [ 2, 4, 5 ]
    }, {
      "vertices" : [ 2, 5, 3 ]
    }, {
      "vertices" : [ 0, 6, 3 ]
    }, {
      "vertices" : [ 0, 3, 5 ]
    }, {
      "vertices" : [ 0, 1, 7 ]
    }, {
      "vertices" : [ 0, 7, 6 ]
    }, {
      "vertices" : [ 1, 4, 2 ]
    }, {
      "vertices" : [ 1, 2, 7 ]
    } ]
  }, {
    "id" : "048086a1-56f6-492f-b0cd-054891442c2a",
    "vertices" : [ {
      "x" : -6.7627034,
      "y" : -2.1668096,
      "z" : 7.9005713
    }, {
      "x" : -6.6627035,
      "y" : -2.5668097,
      "z" : 7.8005714
    }, {
      "x" : -0.52808565,
      "y" : -0.41846344,
      "z" : 0.31576326
    }, {
      "x" : -0.6280856,
      "y" : -0.018463438,
      "z" : 0.41576326
    }, {
      "x" : -6.962703,
      "y" : -2.7001429,
      "z" : 7.567238
    }, {
      "x" : -7.062703,
      "y" : -2.300143,
      "z" : 7.667238
    }, {
      "x" : -0.32808563,
      "y" : 0.11486989,
      "z" : 0.6490966
    }, {
      "x" : -0.22808562,
      "y" : -0.2851301,
      "z" : 0.5490966
    } ],
    "faces" : [ {
      "vertices" : [ 2, 3, 6 ]
    }, {
      "vertices" : [ 2, 6, 7 ]
    }, {
      "vertices" : [ 0, 5, 4 ]
    }, {
      "vertices" : [ 0, 4, 1 ]
    }, {
      "vertices" : [ 2, 4, 5 ]
    }, {
      "vertices" : [ 2, 5, 3 ]
    }, {
      "vertices" : [ 0, 6, 3 ]
    }, {
      "vertices" : [ 0, 3, 5 ]
    }, {
      "vertices" : [ 0, 1, 7 ]
    }, {
      "vertices" : [ 0, 7, 6 ]
    }, {
      "vertices" : [ 1, 4, 2 ]
    }, {
      "vertices" : [ 1, 2, 7 ]
    } ]
  }, {
    "id" : "e6b4fe46-2536-48e8-aae3-206a48368480",
    "vertices" : [ {
      "x" : 7.1296525,
      "y" : -3.0262365,
      "z" : 1.1260158
    }, {
      "x" : 7.2296524,
      "y" : -3.1262364,
      "z" : 0.72601575
    }, {
      "x" : 0.5347072,
      "y" : -0.47469604,
      "z" : -0.048811965
    }, {
      "x" : 0.43470716,
      "y" : -0.37469605,
      "z" : 0.35118803
    }, {
      "x" : 6.9963193,
      "y" : -3.4262366,
      "z" : 0.8593491
    }, {
      "x" : 6.896319,
      "y" : -3.3262365,
      "z" : 1.2593491
    }, {
      "x" : 0.6680405,
      "y" : -0.07469604,
      "z" : 0.21785471
    }, {
      "x" : 0.7680405,
      "y" : -0.17469604,
      "z" : -0.1821453
    } ],
    "faces" : [ {
      "vertices" : [ 2, 3, 6 ]
    }, {
      "vertices" : [ 2, 6, 7 ]
    }, {
      "vertices" : [ 0, 5, 4 ]
    }, {
      "vertices" : [ 0, 4, 1 ]
    }, {
      "vertices" : [ 2, 4, 5 ]
    }, {
      "vertices" : [ 2, 5, 3 ]
    }, {
      "vertices" : [ 0, 6, 3 ]
    }, {
      "vertices" : [ 0, 3, 5 ]
    }, {
      "vertices" : [ 0, 1, 7 ]
    }, {
      "vertices" : [ 0, 7, 6 ]
    }, {
      "vertices" : [ 1, 4, 2 ]
    }, {
      "vertices" : [ 1, 2, 7 ]
    } ]
  }, {
    "id" : "01a1de45-d303-4276-8801-7d2a8328b5ea",
    "vertices" : [ {
      "x" : 1.9580141,
      "y" : 0.33446875,
      "z" : 4.043784
    }, {
      "x" : 10.401545,
      "y" : -0.46495003,
      "z" : 4.5202637
    }, {
      "x" : 22.014492,
      "y" : -5.392151,
      "z" : 4.3049293
    } ],
    "faces" : [ {
      "vertices" : [ 0, 1, 2 ]
    }, {
      "vertices" : [ 0, 2, 1 ]
    } ]
  }, {
    "id" : "ea6785b7-c79e-4a16-b5e6-9d131c05c1d0",
    "vertices" : [ {
      "x" : -0.5766743,
      "y" : 7.785355,
      "z" : 4.048157
    }, {
      "x" : -0.17667426,
      "y" : 7.8853555,
      "z" : 4.148157
    }, {
      "x" : 0.09937685,
      "y" : 0.52452517,
      "z" : 0.52537596
    }, {
      "x" : -0.30062315,
      "y" : 0.42452517,
      "z" : 0.42537597
    }, {
      "x" : -0.3100076,
      "y" : 7.652022,
      "z" : 4.4481573
    }, {
      "x" : -0.7100076,
      "y" : 7.552022,
      "z" : 4.348157
    }, {
      "x" : -0.16728982,
      "y" : 0.6578585,
      "z" : 0.12537597
    }, {
      "x" : 0.23271018,
      "y" : 0.7578585,
      "z" : 0.22537597
    } ],
    "faces" : [ {
      "vertices" : [ 2, 3, 6 ]
    }, {
      "vertices" : [ 2, 6, 7 ]
    }, {
      "vertices" : [ 0, 5, 4 ]
    }, {
      "vertices" : [ 0, 4, 1 ]
    }, {
      "vertices" : [ 2, 4, 5 ]
    }, {
      "vertices" : [ 2, 5, 3 ]
    }, {
      "vertices" : [ 0, 6, 3 ]
    }, {
      "vertices" : [ 0, 3, 5 ]
    }, {
      "vertices" : [ 0, 1, 7 ]
    }, {
      "vertices" : [ 0, 7, 6 ]
    }, {
      "vertices" : [ 1, 4, 2 ]
    }, {
      "vertices" : [ 1, 2, 7 ]
    } ]
  }, {
    "id" : "a80ecae8-a49f-4b30-983f-86fc9da2cf31",
    "vertices" : [ {
      "x" : 2.0343158,
      "y" : 5.5206475,
      "z" : 1.8517084
    }, {
      "x" : 2.134316,
      "y" : 5.6206474,
      "z" : 1.4517084
    }, {
      "x" : 0.43890294,
      "y" : 0.5164971,
      "z" : 0.05040292
    }, {
      "x" : 0.33890292,
      "y" : 0.41649708,
      "z" : 0.45040292
    }, {
      "x" : 2.434316,
      "y" : 5.3873143,
      "z" : 1.5850418
    }, {
      "x" : 2.334316,
      "y" : 5.2873144,
      "z" : 1.9850417
    }, {
      "x" : 0.03890293,
      "y" : 0.6498304,
      "z" : 0.3170696
    }, {
      "x" : 0.13890293,
      "y" : 0.7498304,
      "z" : -0.08293041
    } ],
    "faces" : [ {
      "vertices" : [ 2, 3, 6 ]
    }, {
      "vertices" : [ 2, 6, 7 ]
    }, {
      "vertices" : [ 0, 5, 4 ]
    }, {
      "vertices" : [ 0, 4, 1 ]
    }, {
      "vertices" : [ 2, 4, 5 ]
    }, {
      "vertices" : [ 2, 5, 3 ]
    }, {
      "vertices" : [ 0, 6, 3 ]
    }, {
      "vertices" : [ 0, 3, 5 ]
    }, {
      "vertices" : [ 0, 1, 7 ]
    }, {
      "vertices" : [ 0, 7, 6 ]
    }, {
      "vertices" : [ 1, 4, 2 ]
    }, {
      "vertices" : [ 1, 2, 7 ]
    } ]
  }, {
    "id" : "2aebb163-fd7c-438c-a139-1e17e142f6e2",
    "vertices" : [ {
      "x" : 9.412092,
      "y" : 3.4993196,
      "z" : 0.21957453
    }, {
      "x" : 9.312093,
      "y" : 3.3993196,
      "z" : 0.61957455
    }, {
      "x" : 0.4709756,
      "y" : 0.34823933,
      "z" : 0.30020195
    }, {
      "x" : 0.5709756,
      "y" : 0.44823933,
      "z" : -0.09979805
    }, {
      "x" : 9.078759,
      "y" : 3.6993196,
      "z" : 0.7529079
    }, {
      "x" : 9.17876,
      "y" : 3.7993197,
      "z" : 0.35290787
    }, {
      "x" : 0.80430895,
      "y" : 0.14823934,
      "z" : -0.2331314
    }, {
      "x" : 0.7043089,
      "y" : 0.04823934,
      "z" : 0.16686861
    } ],
    "faces" : [ {
      "vertices" : [ 2, 3, 6 ]
    }, {
      "vertices" : [ 2, 6, 7 ]
    }, {
      "vertices" : [ 0, 5, 4 ]
    }, {
      "vertices" : [ 0, 4, 1 ]
    }, {
      "vertices" : [ 2, 4, 5 ]
    }, {
      "vertices" : [ 2, 5, 3 ]
    }, {
      "vertices" : [ 0, 6, 3 ]
    }, {
      "vertices" : [ 0, 3, 5 ]
    }, {
      "vertices" : [ 0, 1, 7 ]
    }, {
      "vertices" : [ 0, 7, 6 ]
    }, {
      "vertices" : [ 1, 4, 2 ]
    }, {
      "vertices" : [ 1, 2, 7 ]
    } ]
  }, {
    "id" : "b95d5aae-064f-4906-b200-c821045d5b01",
    "vertices" : [ {
      "x" : -5.844528,
      "y" : -4.3919334,
      "z" : 7.641567
    }, {
      "x" : -5.7445283,
      "y" : -4.7919335,
      "z" : 7.5415673
    }, {
      "x" : -0.46850842,
      "y" : -0.5554589,
      "z" : 0.2967114
    }, {
      "x" : -0.56850845,
      "y" : -0.15545888,
      "z" : 0.39671138
    }, {
      "x" : -6.044528,
      "y" : -4.9252667,
      "z" : 7.308234
    }, {
      "x" : -6.1445284,
      "y" : -4.525267,
      "z" : 7.408234
    }, {
      "x" : -0.26850843,
      "y" : -0.022125548,
      "z" : 0.6300447
    }, {
      "x" : -0.16850843,
      "y" : -0.42212555,
      "z" : 0.53004473
    } ],
    "faces" : [ {
      "vertices" : [ 2, 3, 6 ]
    }, {
      "vertices" : [ 2, 6, 7 ]
    }, {
      "vertices" : [ 0, 5, 4 ]
    }, {
      "vertices" : [ 0, 4, 1 ]
    }, {
      "vertices" : [ 2, 4, 5 ]
    }, {
      "vertices" : [ 2, 5, 3 ]
    }, {
      "vertices" : [ 0, 6, 3 ]
    }, {
      "vertices" : [ 0, 3, 5 ]
    }, {
      "vertices" : [ 0, 1, 7 ]
    }, {
      "vertices" : [ 0, 7, 6 ]
    }, {
      "vertices" : [ 1, 4, 2 ]
    }, {
      "vertices" : [ 1, 2, 7 ]
    } ]
  }, {
    "id" : "76eb8de3-ee3b-4cdf-87fa-27938f8e1af1",
    "vertices" : [ {
      "x" : -1.7009019,
      "y" : 2.8015127,
      "z" : 3.4079483
    }, {
      "x" : -2.1009018,
      "y" : 2.7015128,
      "z" : 3.3079484
    }, {
      "x" : -0.5395035,
      "y" : 0.5023441,
      "z" : 0.28279215
    }, {
      "x" : -0.1395035,
      "y" : 0.6023441,
      "z" : 0.38279215
    }, {
      "x" : -2.234235,
      "y" : 3.0015128,
      "z" : 3.074615
    }, {
      "x" : -1.8342352,
      "y" : 3.1015127,
      "z" : 3.174615
    }, {
      "x" : -0.0061701625,
      "y" : 0.30234408,
      "z" : 0.61612546
    }, {
      "x" : -0.40617016,
      "y" : 0.20234407,
      "z" : 0.5161255
    } ],
    "faces" : [ {
      "vertices" : [ 2, 3, 6 ]
    }, {
      "vertices" : [ 2, 6, 7 ]
    }, {
      "vertices" : [ 0, 5, 4 ]
    }, {
      "vertices" : [ 0, 4, 1 ]
    }, {
      "vertices" : [ 2, 4, 5 ]
    }, {
      "vertices" : [ 2, 5, 3 ]
    }, {
      "vertices" : [ 0, 6, 3 ]
    }, {
      "vertices" : [ 0, 3, 5 ]
    }, {
      "vertices" : [ 0, 1, 7 ]
    }, {
      "vertices" : [ 0, 7, 6 ]
    }, {
      "vertices" : [ 1, 4, 2 ]
    }, {
      "vertices" : [ 1, 2, 7 ]
    } ]
  }, {
    "id" : "62ac159d-6562-483c-92ba-a1a35240675c",
    "vertices" : [ {
      "x" : 0.809017,
      "y" : 0.618034,
      "z" : -0.19098301
    }, {
      "x" : 0.809017,
      "y" : 0.0,
      "z" : -0.19098301
    }, {
      "x" : 0.309017,
      "y" : 0.11803399,
      "z" : 0.0
    }, {
      "x" : 9.1103325,
      "y" : 3.7888544,
      "z" : 0.19098301
    }, {
      "x" : 0.809017,
      "y" : 0.618034,
      "z" : 0.19098301
    }, {
      "x" : 0.809017,
      "y" : 0.0,
      "z" : 0.19098301
    }, {
      "x" : 9.1103325,
      "y" : 3.1708205,
      "z" : 0.19098301
    }, {
      "x" : 9.6103325,
      "y" : 3.6708205,
      "z" : 0.0
    }, {
      "x" : 9.1103325,
      "y" : 3.7888544,
      "z" : -0.19098301
    }, {
