{
  "field" : "golden",
  "symmetry" : "icosahedral",
  "orientations" : [ [ 1.0, 0.0, 0.0, 0.0, 0.0, 1.0, 0.0, 0.0, 0.0, 0.0, 1.0, 0.0, 0.0, 0.0, 0.0, 1.0 ], [ 0.0, 0.0, 1.0, 0.0, 1.0, 0.0, 0.0, 0.0, 0.0, 1.0, 0.0, 0.0, 0.0, 0.0, 0.0, 1.0 ], [ 0.0, 1.0, 0.0, 0.0, 0.0, 0.0, 1.0, 0.0, 1.0, 0.0, 0.0, 0.0, 0.0, 0.0, 0.0, 1.0 ], [ 0.809017, 0.309017, 0.5, 0.0, 0.309017, 0.5, -0.809017, 0.0, -0.5, 0.809017, 0.309017, 0.0, 0.0, 0.0, 0.0, 1.0 ], [ -0.5, 0.809017, 0.309017, 0.0, 0.809017, 0.309017, 0.5, 0.0, 0.309017, 0.5, -0.809017, 0.0, 0.0, 0.0, 0.0, 1.0 ], [ 0.309017, 0.5, -0.809017, 0.0, -0.5, 0.809017, 0.309017, 0.0, 0.809017, 0.309017, 0.5, 0.0, 0.0, 0.0, 0.0, 1.0 ], [ 0.5, 0.809017, 0.309017, 0.0, 0.809017, -0.309017, -0.5, 0.0, -0.309017, 0.5, -0.809017, 0.0, 0.0, 0.0, 0.0, 1.0 ], [ -0.309017, 0.5, -0.809017, 0.0, 0.5, 0.809017, 0.309017, 0.0, 0.809017, -0.309017, -0.5, 0.0, 0.0, 0.0, 0.0, 1.0 ], [ 0.809017, -0.309017, -0.5, 0.0, -0.309017, 0.5, -0.809017, 0.0, 0.5, 0.809017, 0.309017, 0.0, 0.0, 0.0, 0.0, 1.0 ], [ 0.5, 0.809017, -0.309017, 0.0, 0.809017, -0.309017, 0.5, 0.0, 0.309017, -0.5, -0.809017, 0.0, 0.0, 0.0, 0.0, 1.0 ], [ 0.309017, -0.5, -0.809017, 0.0, 0.5, 0.809017, -0.309017, 0.0, 0.809017, -0.309017, 0.5, 0.0, 0.0, 0.0, 0.0, 1.0 ], [ 0.809017, -0.309017, 0.5, 0.0, 0.309017, -0.5, -0.809017, 0.0, 0.5, 0.809017, -0.309017, 0.0, 0.0, 0.0, 0.0, 1.0 ], [ 0.809017, 0.309017, -0.5, 0.0, 0.309017, 0.5, 0.809017, 0.0, 0.5, -0.809017, 0.309017, 0.0, 0.0, 0.0, 0.0, 1.0 ], [ 0.5, -0.809017, 0.309017, 0.0, 0.809017, 0.309017, -0.5, 0.0, 0.309017, 0.5, 0.809017, 0.0, 0.0, 0.0, 0.0, 1.0 ], [ 0.309017, 0.5, 0.809017, 0.0, 0.5, -0.809017, 0.309017, 0.0, 0.809017, 0.309017, -0.5, 0.0, 0.0, 0.0, 0.0, 1.0 ], [ 1.0, 0.0, 0.0, 0.0, 0.0, -1.0, 0.0, 0.0, 0.0, 0.0, -1.0, 0.0, 0.0, 0.0, 0.0, 1.0 ], [ 0.0, 0.0, 1.0, 0.0, -1.0, 0.0, 0.0, 0.0, 0.0, -1.0, 0.0, 0.0, 0.0, 0.0, 0.0, 1.0 ], [ 0.0, 1.0, 0.0, 0.0, 0.0, 0.0, -1.0, 0.0, -1.0, 0.0, 0.0, 0.0, 0.0, 0.0, 0.0, 1.0 ], [ 0.809017, 0.309017, 0.5, 0.0, -0.309017, -0.5, 0.809017, 0.0, 0.5, -0.809017, -0.309017, 0.0, 0.0, 0.0, 0.0, 1.0 ], [ -0.5, 0.809017, 0.309017, 0.0, -0.809017, -0.309017, -0.5, 0.0, -0.309017, -0.5, 0.809017, 0.0, 0.0, 0.0, 0.0, 1.0 ], [ 0.309017, 0.5, -0.809017, 0.0, 0.5, -0.809017, -0.309017, 0.0, -0.809017, -0.309017, -0.5, 0.0, 0.0, 0.0, 0.0, 1.0 ], [ 0.5, 0.809017, 0.309017, 0.0, -0.809017, 0.309017, 0.5, 0.0, 0.309017, -0.5, 0.809017, 0.0, 0.0, 0.0, 0.0, 1.0 ], [ -0.309017, 0.5, -0.809017, 0.0, -0.5, -0.809017, -0.309017, 0.0, -0.809017, 0.309017, 0.5, 0.0, 0.0, 0.0, 0.0, 1.0 ], [ 0.809017, -0.309017, -0.5, 0.0, 0.309017, -0.5, 0.809017, 0.0, -0.5, -0.809017, -0.309017, 0.0, 0.0, 0.0, 0.0, 1.0 ], [ 0.5, 0.809017, -0.309017, 0.0, -0.809017, 0.309017, -0.5, 0.0, -0.309017, 0.5, 0.809017, 0.0, 0.0, 0.0, 0.0, 1.0 ], [ 0.309017, -0.5, -0.809017, 0.0, -0.5, -0.809017, 0.309017, 0.0, -0.809017, 0.309017, -0.5, 0.0, 0.0, 0.0, 0.0, 1.0 ], [ 0.809017, -0.309017, 0.5, 0.0, -0.309017, 0.5, 0.809017, 0.0, -0.5, -0.809017, 0.309017, 0.0, 0.0, 0.0, 0.0, 1.0 ], [ 0.809017, 0.309017, -0.5, 0.0, -0.309017, -0.5, -0.809017, 0.0, -0.5, 0.809017, -0.309017, 0.0, 0.0, 0.0, 0.0, 1.0 ], [ 0.5, -0.809017, 0.309017, 0.0, -0.809017, -0.309017, 0.5, 0.0, -0.309017, -0.5, -0.809017, 0.0, 0.0, 0.0, 0.0, 1.0 ], [ 0.309017, 0.5, 0.809017, 0.0, -0.5, 0.809017, -0.309017, 0.0, -0.809017, -0.309017, 0.5, 0.0, 0.0, 0.0, 0.0, 1.0 ], [ -1.0, 0.0, 0.0, 0.0, 0.0, -1.0, 0.0, 0.0, 0.0, 0.0, 1.0, 0.0, 0.0, 0.0, 0.0, 1.0 ], [ 0.0, 0.0, -1.0, 0.0, -1.0, 0.0, 0.0, 0.0, 0.0, 1.0, 0.0, 0.0, 0.0, 0.0, 0.0, 1.0 ], [ 0.0, -1.0, 0.0, 0.0, 0.0, 0.0, -1.0, 0.0, 1.0, 0.0, 0.0, 0.0, 0.0, 0.0, 0.0, 1.0 ], [ -0.809017, -0.309017, -0.5, 0.0, -0.309017, -0.5, 0.809017, 0.0, -0.5, 0.809017, 0.309017, 0.0, 0.0, 0.0, 0.0, 1.0 ], [ 0.5, -0.809017, -0.309017, 0.0, -0.809017, -0.309017, -0.5, 0.0, 0.309017, 0.5, -0.809017, 0.0, 0.0, 0.0, 0.0, 1.0 ], [ -0.309017, -0.5, 0.809017, 0.0, 0.5, -0.809017, -0.309017, 0.0, 0.809017, 0.309017, 0.5, 0.0, 0.0, 0.0, 0.0, 1.0 ], [ -0.5, -0.809017, -0.309017, 0.0, -0.809017, 0.309017, 0.5, 0.0, -0.309017, 0.5, -0.809017, 0.0, 0.0, 0.0, 0.0, 1.0 ], [ 0.309017, -0.5, 0.809017, 0.0, -0.5, -0.809017, -0.309017, 0.0, 0.809017, -0.309017, -0.5, 0.0, 0.0, 0.0, 0.0, 1.0 ], [ -0.809017, 0.309017, 0.5, 0.0, 0.309017, -0.5, 0.809017, 0.0, 0.5, 0.809017, 0.309017, 0.0, 0.0, 0.0, 0.0, 1.0 ], [ -0.5, -0.809017, 0.309017, 0.0, -0.809017, 0.309017, -0.5, 0.0, 0.309017, -0.5, -0.809017, 0.0, 0.0, 0.0, 0.0, 1.0 ], [ -0.309017, 0.5, 0.809017, 0.0, -0.5, -0.809017, 0.309017, 0.0, 0.809017, -0.309017, 0.5, 0.0, 0.0, 0.0, 0.0, 1.0 ], [ -0.809017, 0.309017, -0.5, 0.0, -0.309017, 0.5, 0.809017, 0.0, 0.5, 0.809017, -0.309017, 0.0, 0.0, 0.0, 0.0, 1.0 ], [ -0.809017, -0.309017, 0.5, 0.0, -0.309017, -0.5, -0.809017, 0.0, 0.5, -0.809017, 0.309017, 0.0, 0.0, 0.0, 0.0, 1.0 ], [ -0.5, 0.809017, -0.309017, 0.0, -0.809017, -0.309017, 0.5, 0.0, 0.309017, 0.5, 0.809017, 0.0, 0.0, 0.0, 0.0, 1.0 ], [ -0.309017, -0.5, -0.809017, 0.0, -0.5, 0.809017, -0.309017, 0.0, 0.809017, 0.309017, -0.5, 0.0, 0.0, 0.0, 0.0, 1.0 ], [ -1.0, 0.0, 0.0, 0.0, 0.0, 1.0, 0.0, 0.0, 0.0, 0.0, -1.0, 0.0, 0.0, 0.0, 0.0, 1.0 ], [ 0.0, 0.0, -1.0, 0.0, 1.0, 0.0, 0.0, 0.0, 0.0, -1.0, 0.0, 0.0, 0.0, 0.0, 0.0, 1.0 ], [ 0.0, -1.0, 0.0, 0.0, 0.0, 0.0, 1.0, 0.0, -1.0, 0.0, 0.0, 0.0, 0.0, 0.0, 0.0, 1.0 ], [ -0.809017, -0.309017, -0.5, 0.0, 0.309017, 0.5, -0.809017, 0.0, 0.5, -0.809017, -0.309017, 0.0, 0.0, 0.0, 0.0, 1.0 ], [ 0.5, -0.809017, -0.309017, 0.0, 0.809017, 0.309017, 0.5, 0.0, -0.309017, -0.5, 0.809017, 0.0, 0.0, 0.0, 0.0, 1.0 ], [ -0.309017, -0.5, 0.809017, 0.0, -0.5, 0.809017, 0.309017, 0.0, -0.809017, -0.309017, -0.5, 0.0, 0.0, 0.0, 0.0, 1.0 ], [ -0.5, -0.809017, -0.309017, 0.0, 0.809017, -0.309017, -0.5, 0.0, 0.309017, -0.5, 0.809017, 0.0, 0.0, 0.0, 0.0, 1.0 ], [ 0.309017, -0.5, 0.809017, 0.0, 0.5, 0.809017, 0.309017, 0.0, -0.809017, 0.309017, 0.5, 0.0, 0.0, 0.0, 0.0, 1.0 ], [ -0.809017, 0.309017, 0.5, 0.0, -0.309017, 0.5, -0.809017, 0.0, -0.5, -0.809017, -0.309017, 0.0, 0.0, 0.0, 0.0, 1.0 ], [ -0.5, -0.809017, 0.309017, 0.0, 0.809017, -0.309017, 0.5, 0.0, -0.309017, 0.5, 0.809017, 0.0, 0.0, 0.0, 0.0, 1.0 ], [ -0.309017, 0.5, 0.809017, 0.0, 0.5, 0.809017, -0.309017, 0.0, -0.809017, 0.309017, -0.5, 0.0, 0.0, 0.0, 0.0, 1.0 ], [ -0.809017, 0.309017, -0.5, 0.0, 0.309017, -0.5, -0.809017, 0.0, -0.5, -0.809017, 0.309017, 0.0, 0.0, 0.0, 0.0, 1.0 ], [ -0.809017, -0.309017, 0.5, 0.0, 0.309017, 0.5, 0.809017, 0.0, -0.5, 0.809017, -0.309017, 0.0, 0.0, 0.0, 0.0, 1.0 ], [ -0.5, 0.809017, -0.309017, 0.0, 0.809017, 0.309017, -0.5, 0.0, -0.309017, -0.5, -0.809017, 0.0, 0.0, 0.0, 0.0, 1.0 ], [ -0.309017, -0.5, -0.809017, 0.0, 0.5, -0.809017, 0.309017, 0.0, -0.809017, -0.309017, 0.5, 0.0, 0.0, 0.0, 0.0, 1.0 ] ],
  "lights" : {
    "backgroundColor" : "#E0EFFF",
    "ambientColor" : "#292929",
    "directionalLights" : [ {
      "direction" : {
        "x" : 1.0,
        "y" : -1.0,
        "z" : -1.0
      },
      "color" : "#EBEBE4"
    }, {
      "direction" : {
        "x" : -1.0,
        "y" : 0.0,
        "z" : 0.0
      },
      "color" : "#E4E4EB"
    }, {
      "direction" : {
        "x" : 0.0,
        "y" : 0.0,
        "z" : -1.0
      },
      "color" : "#1E1E1E"
    } ]
  },
  "camera" : {
    "lookDirection" : {
      "x" : 0.0,
      "y" : 0.0,
      "z" : -1.0
    },
    "upDirection" : {
      "x" : 0.0,
      "y" : 1.0,
      "z" : 0.0
    },
    "lookAtPoint" : {
      "x" : 0.0,
      "y" : 0.0,
      "z" : 0.0
    },
    "viewDistance" : 313.83878,
    "nearClipDistance" : 0.78459966,
    "farClipDistance" : 627.67865,
    "fieldOfView" : 0.44262952,
    "perspective" : false,
    "stereo" : false,
    "width" : 141.22766,
    "position" : {
      "x" : 0.0,
      "y" : 0.0,
      "z" : 313.83878
    }
  },
  "embedding" : [ 1.0, 0.0, 0.0, 0.0, 0.0, 1.0, 0.0, 0.0, 0.0, 0.0, 1.0, 0.0, 0.0, 0.0, 0.0, 1.0 ],
  "shapes" : [ {
    "id" : "b68abb45-a351-44b9-82ed-ffd00bf7cf9b",
    "vertices" : [ {
      "x" : -3.5146441,
      "y" : 10.031153,
      "z" : -27.604374
    }, {
      "x" : 0.0,
      "y" : 14.058577,
      "z" : -36.805832
    }, {
      "x" : -22.747255,
      "y" : 22.747255,
      "z" : 22.747255
    }, {
      "x" : -19.74539,
      "y" : 16.230747,
      "z" : 14.888271
    } ],
    "faces" : [ {
      "vertices" : [ 0, 1, 2 ]
    }, {
      "vertices" : [ 0, 2, 3 ]
    }, {
      "vertices" : [ 0, 3, 2 ]
    }, {
      "vertices" : [ 0, 2, 1 ]
    } ]
  }, {
    "id" : "b3c46a9d-c77c-4acf-b195-bbd9d7529f5d",
    "vertices" : [ {
      "x" : 28.434069,
      "y" : 2.1721697,
      "z" : 7.8589835
    }, {
      "x" : 36.805832,
      "y" : 0.0,
      "z" : 14.058577
    }, {
      "x" : 0.0,
      "y" : -14.058577,
      "z" : -36.805832
    }, {
      "x" : 2.1721697,
      "y" : -7.8589835,
      "z" : -28.434069
    } ],
    "faces" : [ {
      "vertices" : [ 0, 1, 2 ]
    }, {
      "vertices" : [ 0, 2, 3 ]
    }, {
      "vertices" : [ 0, 3, 2 ]
    }, {
      "vertices" : [ 0, 2, 1 ]
    } ]
  }, {
    "id" : "76650378-7774-4eb1-a52b-0bf46dd60074",
    "vertices" : [ {
      "x" : -28.434069,
      "y" : 2.1721697,
      "z" : 7.8589835
    }, {
      "x" : -36.805832,
      "y" : 0.0,
      "z" : 14.058577
    }, {
      "x" : 0.0,
      "y" : -14.058577,
      "z" : -36.805832
    }, {
      "x" : -2.1721697,
      "y" : -7.8589835,
      "z" : -28.434069
    } ],
    "faces" : [ {
      "vertices" : [ 0, 1, 2 ]
    }, {
      "vertices" : [ 0, 2, 3 ]
    }, {
      "vertices" : [ 0, 3, 2 ]
    }, {
      "vertices" : [ 0, 2, 1 ]
    } ]
  }, {
    "id" : "78e4e3e6-0e14-4464-98c7-9bf11c47b740",
    "vertices" : [ {
      "x" : -26.2619,
      "y" : 1.3424746,
      "z" : 13.545797
    }, {
      "x" : -36.805832,
      "y" : 0.0,
      "z" : 14.058577
    }, {
      "x" : 14.058577,
      "y" : 36.805832,
      "z" : 0.0
    }, {
      "x" : 10.031153,
      "y" : 27.604374,
      "z" : 3.5146441
    } ],
    "faces" : [ {
      "vertices" : [ 0, 1, 2 ]
    }, {
      "vertices" : [ 0, 2, 3 ]
    }, {
      "vertices" : [ 0, 3, 2 ]
    }, {
      "vertices" : [ 0, 2, 1 ]
    } ]
  }, {
    "id" : "a36856ce-d5a9-4126-86ca-1a9d3cb263b7",
    "vertices" : [ {
      "x" : -14.888271,
      "y" : 19.74539,
      "z" : -16.230747
    }, {
      "x" : -22.747255,
      "y" : 22.747255,
      "z" : -22.747255
    }, {
      "x" : 0.0,
      "y" : 14.058577,
      "z" : 36.805832
    }, {
      "x" : 1.3424746,
      "y" : 13.545797,
      "z" : 26.2619
    } ],
    "faces" : [ {
      "vertices" : [ 0, 1, 2 ]
    }, {
      "vertices" : [ 0, 2, 3 ]
    }, {
      "vertices" : [ 0, 3, 2 ]
    }, {
      "vertices" : [ 0, 2, 1 ]
    } ]
  }, {
    "id" : "6de65794-775f-4382-8d71-c5633e5e9fdd",
    "vertices" : [ {
      "x" : 1.3424746,
      "y" : -13.545797,
      "z" : -26.2619
    }, {
      "x" : 0.0,
      "y" : -14.058577,
      "z" : -36.805832
    }, {
      "x" : 36.805832,
      "y" : 0.0,
      "z" : 14.058577
    }, {
      "x" : 27.604374,
      "y" : -3.5146441,
      "z" : 10.031153
    } ],
    "faces" : [ {
      "vertices" : [ 0, 1, 2 ]
    }, {
      "vertices" : [ 0, 2, 3 ]
    }, {
      "vertices" : [ 0, 3, 2 ]
    }, {
      "vertices" : [ 0, 2, 1 ]
    } ]
  }, {
    "id" : "59768017-480b-4ab3-a425-7b404f664241",
    "vertices" : [ {
      "x" : 16.230747,
      "y" : -14.888271,
      "z" : 19.74539
    }, {
      "x" : 22.747255,
      "y" : -22.747255,
      "z" : 22.747255
    }, {
      "x" : -36.805832,
      "y" : 0.0,
      "z" : 14.058577
    }, {
      "x" : -26.2619,
      "y" : 1.3424746,
      "z" : 13.545797
    } ],
    "faces" : [ {
      "vertices" : [ 0, 1, 2 ]
    }, {
      "vertices" : [ 0, 2, 3 ]
    }, {
      "vertices" : [ 0, 3, 2 ]
    }, {
      "vertices" : [ 0, 2, 1 ]
    } ]
  }, {
    "id" : "581e89ea-d0bb-45bd-8ff1-6332f4277581",
    "vertices" : [ {
      "x" : 10.031153,
      "y" : 27.604374,
      "z" : -3.5146441
    }, {
      "x" : 14.058577,
      "y" : 36.805832,
      "z" : 0.0
    }, {
      "x" : 22.747255,
      "y" : -22.747255,
      "z" : -22.747255
    }, {
      "x" : 16.230747,
      "y" : -14.888271,
      "z" : -19.74539
    } ],
    "faces" : [ {
      "vertices" : [ 0, 1, 2 ]
    }, {
      "vertices" : [ 0, 2, 3 ]
    }, {
      "vertices" : [ 0, 3, 2 ]
    }, {
      "vertices" : [ 0, 2, 1 ]
    } ]
  }, {
    "id" : "e8edba90-1360-4ebb-ac9e-54784af13da6",
    "vertices" : [ {
      "x" : -16.230747,
      "y" : 14.888271,
      "z" : -19.74539
    }, {
      "x" : -22.747255,
      "y" : 22.747255,
      "z" : -22.747255
    }, {
      "x" : 36.805832,
      "y" : 0.0,
      "z" : -14.058577
    }, {
      "x" : 26.2619,
      "y" : -1.3424746,
      "z" : -13.545797
    } ],
    "faces" : [ {
      "vertices" : [ 0, 1, 2 ]
    }, {
      "vertices" : [ 0, 2, 3 ]
    }, {
      "vertices" : [ 0, 3, 2 ]
    }, {
      "vertices" : [ 0, 2, 1 ]
    } ]
  }, {
    "id" : "fcd3e33f-3a81-48f1-a182-a7bd70916e56",
    "vertices" : [ {
      "x" : -27.604374,
      "y" : 3.5146441,
      "z" : 10.031153
    }, {
      "x" : -36.805832,
      "y" : 0.0,
      "z" : 14.058577
    }, {
      "x" : 22.747255,
      "y" : 22.747255,
      "z" : 22.747255
    }, {
      "x" : 14.888271,
      "y" : 19.74539,
      "z" : 16.230747
    } ],
    "faces" : [ {
      "vertices" : [ 0, 1, 2 ]
    }, {
      "vertices" : [ 0, 2, 3 ]
    }, {
      "vertices" : [ 0, 3, 2 ]
    }, {
      "vertices" : [ 0, 2, 1 ]
    } ]
  }, {
    "id" : "b3f88e12-a9bc-4089-a045-dc6c11bf70ab",
    "vertices" : [ {
      "x" : 1.3424746,
      "y" : 13.545797,
      "z" : 26.2619
    }, {
      "x" : 0.0,
      "y" : 14.058577,
      "z" : 36.805832
    }, {
      "x" : 36.805832,
      "y" : 0.0,
      "z" : -14.058577
    }, {
      "x" : 27.604374,
      "y" : 3.5146441,
      "z" : -10.031153
    } ],
    "faces" : [ {
      "vertices" : [ 0, 1, 2 ]
    }, {
      "vertices" : [ 0, 2, 3 ]
    }, {
      "vertices" : [ 0, 3, 2 ]
    }, {
      "vertices" : [ 0, 2, 1 ]
    } ]
  }, {
    "id" : "027339a7-24c6-4e7e-92f9-1fd0f8b3a02e",
    "vertices" : [ {
      "x" : 7.8589835,
      "y" : 28.434069,
      "z" : -2.1721697
    }, {
      "x" : 14.058577,
      "y" : 36.805832,
      "z" : 0.0
    }, {
      "x" : -36.805832,
      "y" : 0.0,
      "z" : 14.058577
    }, {
      "x" : -28.434069,
      "y" : 2.1721697,
      "z" : 7.8589835
    } ],
    "faces" : [ {
      "vertices" : [ 0, 1, 2 ]
    }, {
      "vertices" : [ 0, 2, 3 ]
    }, {
      "vertices" : [ 0, 3, 2 ]
    }, {
      "vertices" : [ 0, 2, 1 ]
    } ]
  }, {
    "id" : "9477893e-0fd6-4175-9755-fb0a48d67eca",
    "vertices" : [ {
      "x" : -28.434069,
      "y" : -2.1721697,
      "z" : 7.8589835
    }, {
      "x" : -36.805832,
      "y" : 0.0,
      "z" : 14.058577
    }, {
      "x" : 0.0,
      "y" : 14.058577,
      "z" : -36.805832
    }, {
      "x" : -2.1721697,
      "y" : 7.8589835,
      "z" : -28.434069
    } ],
    "faces" : [ {
      "vertices" : [ 0, 1, 2 ]
    }, {
      "vertices" : [ 0, 2, 3 ]
    }, {
      "vertices" : [ 0, 3, 2 ]
    }, {
      "vertices" : [ 0, 2, 1 ]
    } ]
  }, {
    "id" : "38d6a45f-f5d2-4bd5-b88f-70ac615a74f8",
    "vertices" : [ {
      "x" : -28.434069,
      "y" : -2.1721697,
      "z" : -7.8589835
    }, {
      "x" : -36.805832,
      "y" : 0.0,
      "z" : -14.058577
    }, {
      "x" : 0.0,
      "y" : 14.058577,
      "z" : 36.805832
    }, {
      "x" : -2.1721697,
      "y" : 7.8589835,
      "z" : 28.434069
    } ],
    "faces" : [ {
      "vertices" : [ 0, 1, 2 ]
    }, {
      "vertices" : [ 0, 2, 3 ]
    }, {
      "vertices" : [ 0, 3, 2 ]
    }, {
      "vertices" : [ 0, 2, 1 ]
    } ]
  }, {
    "id" : "869e2f5b-39ef-4ad5-bbf4-3618e9836d2e",
    "vertices" : [ {
      "x" : 7.8589835,
      "y" : 28.434069,
      "z" : 2.1721697
    }, {
      "x" : 14.058577,
      "y" : 36.805832,
      "z" : 0.0
    }, {
      "x" : -36.805832,
      "y" : 0.0,
      "z" : -14.058577
    }, {
      "x" : -28.434069,
      "y" : 2.1721697,
      "z" : -7.8589835
    } ],
    "faces" : [ {
      "vertices" : [ 0, 1, 2 ]
    }, {
      "vertices" : [ 0, 2, 3 ]
    }, {
      "vertices" : [ 0, 3, 2 ]
    }, {
      "vertices" : [ 0, 2, 1 ]
    } ]
  }, {
    "id" : "02f4cc8e-188e-4ebd-9bad-dba482b7a870",
    "vertices" : [ {
      "x" : -16.230747,
      "y" : -14.888271,
      "z" : 19.74539
    }, {
      "x" : -22.747255,
      "y" : -22.747255,
      "z" : 22.747255
    }, {
      "x" : 36.805832,
      "y" : 0.0,
      "z" : 14.058577
    }, {
      "x" : 26.2619,
      "y" : 1.3424746,
      "z" : 13.545797
    } ],
    "faces" : [ {
      "vertices" : [ 0, 1, 2 ]
    }, {
      "vertices" : [ 0, 2, 3 ]
    }, {
      "vertices" : [ 0, 3, 2 ]
    }, {
      "vertices" : [ 0, 2, 1 ]
    } ]
  }, {
    "id" : "c6de9479-748b-4c13-96d4-383f9628174b",
    "vertices" : [ {
      "x" : -10.031153,
      "y" : -27.604374,
      "z" : 3.5146441
    }, {
      "x" : -14.058577,
      "y" : -36.805832,
      "z" : 0.0
    }, {
      "x" : -22.747255,
      "y" : 22.747255,
      "z" : 22.747255
    }, {
      "x" : -16.230747,
      "y" : 14.888271,
      "z" : 19.74539
    } ],
    "faces" : [ {
      "vertices" : [ 0, 1, 2 ]
    }, {
      "vertices" : [ 0, 2, 3 ]
    }, {
      "vertices" : [ 0, 3, 2 ]
    }, {
      "vertices" : [ 0, 2, 1 ]
    } ]
  }, {
    "id" : "f864f754-6fb8-48b5-a019-678c52eec9a7",
    "vertices" : [ {
      "x" : -13.545797,
      "y" : -26.2619,
      "z" : -1.3424746
    }, {
      "x" : -14.058577,
      "y" : -36.805832,
      "z" : 0.0
    }, {
      "x" : 0.0,
      "y" : 14.058577,
      "z" : -36.805832
    }, {
      "x" : -3.5146441,
      "y" : 10.031153,
      "z" : -27.604374
    } ],
    "faces" : [ {
      "vertices" : [ 0, 1, 2 ]
    }, {
      "vertices" : [ 0, 2, 3 ]
    }, {
      "vertices" : [ 0, 3, 2 ]
    }, {
      "vertices" : [ 0, 2, 1 ]
    } ]
  }, {
    "id" : "a9eedb75-fd79-47f1-9479-4ee4878cefe6",
    "vertices" : [ {
      "x" : 7.8589835,
      "y" : -28.434069,
      "z" : 2.1721697
    }, {
      "x" : 14.058577,
      "y" : -36.805832,
      "z" : 0.0
    }, {
      "x" : -36.805832,
      "y" : 0.0,
      "z" : -14.058577
    }, {
      "x" : -28.434069,
      "y" : -2.1721697,
      "z" : -7.8589835
    } ],
    "faces" : [ {
      "vertices" : [ 0, 1, 2 ]
    }, {
      "vertices" : [ 0, 2, 3 ]
    }, {
      "vertices" : [ 0, 3, 2 ]
    }, {
      "vertices" : [ 0, 2, 1 ]
    } ]
  }, {
    "id" : "79ff13c3-02e4-4ebc-b7e8-0bc56aabd008",
    "vertices" : [ {
      "x" : -1.3424746,
      "y" : 13.545797,
      "z" : 26.2619
    }, {
      "x" : 0.0,
      "y" : 14.058577,
      "z" : 36.805832
    }, {
      "x" : -36.805832,
      "y" : 0.0,
      "z" : -14.058577
    }, {
      "x" : -27.604374,
      "y" : 3.5146441,
      "z" : -10.031153
    } ],
    "faces" : [ {
      "vertices" : [ 0, 1, 2 ]
    }, {
      "vertices" : [ 0, 2, 3 ]
    }, {
      "vertices" : [ 0, 3, 2 ]
    }, {
      "vertices" : [ 0, 2, 1 ]
    } ]
  }, {
    "id" : "bbf3a2d3-23ea-45c0-8820-0c92f0a37d84",
    "vertices" : [ {
      "x" : 18.402916,
      "y" : -18.402916,
      "z" : -14.058577
    }, {
      "x" : 22.747255,
      "y" : -22.747255,
      "z" : -22.747255
    }, {
      "x" : -22.747255,
      "y" : -22.747255,
      "z" : 22.747255
    }, {
      "x" : -14.058577,
      "y" : -18.402916,
      "z" : 18.402916
    } ],
    "faces" : [ {
      "vertices" : [ 0, 1, 2 ]
    }, {
      "vertices" : [ 0, 2, 3 ]
    }, {
      "vertices" : [ 0, 3, 2 ]
    }, {
      "vertices" : [ 0, 2, 1 ]
    } ]
  }, {
    "id" : "1de48bb9-24b1-4fa5-a5e4-96511120f9d6",
    "vertices" : [ {
      "x" : 18.402916,
      "y" : 14.058577,
      "z" : -18.402916
    }, {
      "x" : 22.747255,
      "y" : 22.747255,
      "z" : -22.747255
    }, {
      "x" : 22.747255,
      "y" : -22.747255,
      "z" : 22.747255
    }, {
      "x" : 18.402916,
      "y" : -18.402916,
      "z" : 14.058577
    } ],
    "faces" : [ {
      "vertices" : [ 0, 1, 2 ]
    }, {
      "vertices" : [ 0, 2, 3 ]
    }, {
      "vertices" : [ 0, 3, 2 ]
    }, {
      "vertices" : [ 0, 2, 1 ]
    } ]
  }, {
    "id" : "5a1db3b8-820c-462b-ab05-2f0d9f868644",
    "vertices" : [ {
      "x" : -18.402916,
      "y" : 18.402916,
      "z" : -14.058577
    }, {
      "x" : -22.747255,
      "y" : 22.747255,
      "z" : -22.747255
    }, {
      "x" : 22.747255,
      "y" : 22.747255,
      "z" : 22.747255
    }, {
      "x" : 14.058577,
      "y" : 18.402916,
      "z" : 18.402916
    } ],
    "faces" : [ {
      "vertices" : [ 0, 1, 2 ]
    }, {
      "vertices" : [ 0, 2, 3 ]
    }, {
      "vertices" : [ 0, 3, 2 ]
    }, {
      "vertices" : [ 0, 2, 1 ]
    } ]
  }, {
    "id" : "9c6edb5c-ed35-4e0f-910f-ba849e9ba50d",
    "vertices" : [ {
      "x" : 18.402916,
      "y" : -14.058577,
      "z" : 18.402916
    }, {
      "x" : 22.747255,
      "y" : -22.747255,
      "z" : 22.747255
    }, {
      "x" : 22.747255,
      "y" : 22.747255,
      "z" : -22.747255
    }, {
      "x" : 18.402916,
      "y" : 18.402916,
      "z" : -14.058577
    } ],
    "faces" : [ {
      "vertices" : [ 0, 1, 2 ]
    }, {
      "vertices" : [ 0, 2, 3 ]
    }, {
      "vertices" : [ 0, 3, 2 ]
    }, {
      "vertices" : [ 0, 2, 1 ]
    } ]
  }, {
    "id" : "0c314493-956c-442b-bad7-173fda6c787d",
    "vertices" : [ {
      "x" : 26.2619,
      "y" : 1.3424746,
      "z" : 13.545797
    }, {
      "x" : 36.805832,
      "y" : 0.0,
      "z" : 14.058577
    }, {
      "x" : -14.058577,
      "y" : 36.805832,
      "z" : 0.0
    }, {
      "x" : -10.031153,
      "y" : 27.604374,
      "z" : 3.5146441
    } ],
    "faces" : [ {
      "vertices" : [ 0, 1, 2 ]
    }, {
      "vertices" : [ 0, 2, 3 ]
    }, {
      "vertices" : [ 0, 3, 2 ]
    }, {
      "vertices" : [ 0, 2, 1 ]
    } ]
  }, {
    "id" : "1feff525-bb88-4e61-bc1f-0f93d8f6c5aa",
    "vertices" : [ {
      "x" : 13.545797,
      "y" : 26.2619,
      "z" : -1.3424746
    }, {
      "x" : 14.058577,
      "y" : 36.805832,
      "z" : 0.0
    }, {
      "x" : 0.0,
      "y" : -14.058577,
      "z" : -36.805832
    }, {
      "x" : 3.5146441,
      "y" : -10.031153,
      "z" : -27.604374
    } ],
    "faces" : [ {
      "vertices" : [ 0, 1, 2 ]
    }, {
      "vertices" : [ 0, 2, 3 ]
    }, {
      "vertices" : [ 0, 3, 2 ]
    }, {
      "vertices" : [ 0, 2, 1 ]
    } ]
  }, {
    "id" : "843785cd-89c1-4891-a40d-100fe26339a1",
    "vertices" : [ {
      "x" : -27.604374,
      "y" : -3.5146441,
      "z" : 10.031153
    }, {
      "x" : -36.805832,
      "y" : 0.0,
      "z" : 14.058577
    }, {
      "x" : 22.747255,
      "y" : -22.747255,
      "z" : 22.747255
    }, {
      "x" : 14.888271,
      "y" : -19.74539,
      "z" : 16.230747
    } ],
    "faces" : [ {
      "vertices" : [ 0, 1, 2 ]
    }, {
      "vertices" : [ 0, 2, 3 ]
    }, {
      "vertices" : [ 0, 3, 2 ]
    }, {
      "vertices" : [ 0, 2, 1 ]
    } ]
  }, {
    "id" : "8683bd0f-d3df-4571-9849-df6263a20298",
    "vertices" : [ {
      "x" : -2.1721697,
      "y" : -7.8589835,
      "z" : 28.434069
    }, {
      "x" : 0.0,
      "y" : -14.058577,
      "z" : 36.805832
    }, {
      "x" : 14.058577,
      "y" : 36.805832,
      "z" : 0.0
    }, {
      "x" : 7.8589835,
      "y" : 28.434069,
      "z" : 2.1721697
    } ],
    "faces" : [ {
      "vertices" : [ 0, 1, 2 ]
    }, {
      "vertices" : [ 0, 2, 3 ]
    }, {
      "vertices" : [ 0, 3, 2 ]
    }, {
      "vertices" : [ 0, 2, 1 ]
    } ]
  }, {
    "id" : "0c90ee3e-6f85-48cd-95bb-deeaad943c7a",
    "vertices" : [ {
      "x" : 27.604374,
      "y" : 3.5146441,
      "z" : -10.031153
    }, {
      "x" : 36.805832,
      "y" : 0.0,
      "z" : -14.058577
    }, {
      "x" : -22.747255,
      "y" : 22.747255,
      "z" : -22.747255
    }, {
      "x" : -14.888271,
      "y" : 19.74539,
      "z" : -16.230747
    } ],
    "faces" : [ {
      "vertices" : [ 0, 1, 2 ]
    }, {
      "vertices" : [ 0, 2, 3 ]
    }, {
      "vertices" : [ 0, 3, 2 ]
    }, {
      "vertices" : [ 0, 2, 1 ]
    } ]
  }, {
    "id" : "94bd65ee-cffe-4ee9-978f-431e810c97de",
    "vertices" : [ {
      "x" : -14.058577,
      "y" : 18.402916,
      "z" : -18.402916
    }, {
      "x" : -22.747255,
      "y" : 22.747255,
      "z" : -22.747255
    }, {
      "x" : 22.747255,
      "y" : -22.747255,
      "z" : -22.747255
    }, {
      "x" : 18.402916,
      "y" : -14.058577,
      "z" : -18.402916
    } ],
    "faces" : [ {
      "vertices" : [ 0, 1, 2 ]
    }, {
      "vertices" : [ 0, 2, 3 ]
    }, {
      "vertices" : [ 0, 3, 2 ]
    }, {
      "vertices" : [ 0, 2, 1 ]
    } ]
  }, {
    "id" : "f3bc4b7f-dbca-4e3e-a130-909bced56e47",
    "vertices" : [ {
      "x" : 18.402916,
      "y" : 18.402916,
      "z" : 14.058577
    }, {
      "x" : 22.747255,
      "y" : 22.747255,
      "z" : 22.747255
    }, {
      "x" : -22.747255,
      "y" : 22.747255,
      "z" : -22.747255
    }, {
      "x" : -14.058577,
      "y" : 18.402916,
      "z" : -18.402916
    } ],
    "faces" : [ {
      "vertices" : [ 0, 1, 2 ]
    }, {
      "vertices" : [ 0, 2, 3 ]
    }, {
      "vertices" : [ 0, 3, 2 ]
    }, {
      "vertices" : [ 0, 2, 1 ]
    } ]
  }, {
    "id" : "5979f718-c512-40a7-b4c8-1477bb041ee2",
    "vertices" : [ {
      "x" : 27.604374,
      "y" : -3.5146441,
      "z" : -10.031153
    }, {
      "x" : 36.805832,
      "y" : 0.0,
      "z" : -14.058577
    }, {
      "x" : -22.747255,
      "y" : -22.747255,
      "z" : -22.747255
    }, {
      "x" : -14.888271,
      "y" : -19.74539,
      "z" : -16.230747
    } ],
    "faces" : [ {
      "vertices" : [ 0, 1, 2 ]
    }, {
      "vertices" : [ 0, 2, 3 ]
    }, {
      "vertices" : [ 0, 3, 2 ]
    }, {
      "vertices" : [ 0, 2, 1 ]
    } ]
  }, {
    "id" : "043f2186-0587-4f4e-9c31-61f990a8fe6b",
    "vertices" : [ {
      "x" : -14.058577,
      "y" : 18.402916,
      "z" : 18.402916
    }, {
      "x" : -22.747255,
      "y" : 22.747255,
      "z" : 22.747255
    }, {
      "x" : 22.747255,
      "y" : -22.747255,
      "z" : 22.747255
    }, {
      "x" : 18.402916,
      "y" : -14.058577,
      "z" : 18.402916
    } ],
    "faces" : [ {
      "vertices" : [ 0, 1, 2 ]
    }, {
      "vertices" : [ 0, 2, 3 ]
    }, {
      "vertices" : [ 0, 3, 2 ]
    }, {
      "vertices" : [ 0, 2, 1 ]
    } ]
  }, {
    "id" : "d04b202b-5163-499a-a7fd-f7b8913bcff7",
    "vertices" : [ {
      "x" : -19.74539,
      "y" : -16.230747,
      "z" : -14.888271
    }, {
      "x" : -22.747255,
      "y" : -22.747255,
      "z" : -22.747255
    }, {
      "x" : -14.058577,
      "y" : 36.805832,
      "z" : 0.0
    }, {
      "x" : -13.545797,
      "y" : 26.2619,
      "z" : 1.3424746
    } ],
    "faces" : [ {
      "vertices" : [ 0, 1, 2 ]
    }, {
      "vertices" : [ 0, 2, 3 ]
    }, {
      "vertices" : [ 0, 3, 2 ]
    }, {
      "vertices" : [ 0, 2, 1 ]
    } ]
  }, {
    "id" : "f8b538ce-a792-4e86-9cd5-aa8b6e2bac01",
    "vertices" : [ {
      "x" : 26.2619,
      "y" : -1.3424746,
      "z" : -13.545797
    }, {
      "x" : 36.805832,
      "y" : 0.0,
      "z" : -14.058577
    }, {
      "x" : -14.058577,
      "y" : -36.805832,
      "z" : 0.0
    }, {
      "x" : -10.031153,
      "y" : -27.604374,
      "z" : -3.5146441
    } ],
    "faces" : [ {
      "vertices" : [ 0, 1, 2 ]
    }, {
      "vertices" : [ 0, 2, 3 ]
    }, {
      "vertices" : [ 0, 3, 2 ]
    }, {
      "vertices" : [ 0, 2, 1 ]
    } ]
  }, {
    "id" : "2fb6f995-b9e8-4fe0-b18a-27f302b4a417",
    "vertices" : [ {
      "x" : 18.402916,
      "y" : 18.402916,
      "z" : -14.058577
    }, {
      "x" : 22.747255,
      "y" : 22.747255,
      "z" : -22.747255
    }, {
      "x" : -22.747255,
      "y" : 22.747255,
      "z" : 22.747255
    }, {
      "x" : -14.058577,
      "y" : 18.402916,
      "z" : 18.402916
    } ],
    "faces" : [ {
      "vertices" : [ 0, 1, 2 ]
    }, {
      "vertices" : [ 0, 2, 3 ]
    }, {
      "vertices" : [ 0, 3, 2 ]
    }, {
      "vertices" : [ 0, 2, 1 ]
    } ]
  }, {
    "id" : "7a915faf-b5da-426b-bebb-d0d6e0f27e0f",
    "vertices" : [ {
      "x" : 18.402916,
      "y" : -14.058577,
      "z" : -18.402916
    }, {
      "x" : 22.747255,
      "y" : -22.747255,
      "z" : -22.747255
    }, {
      "x" : 22.747255,
      "y" : 22.747255,
      "z" : 22.747255
    }, {
      "x" : 18.402916,
      "y" : 18.402916,
      "z" : 14.058577
    } ],
    "faces" : [ {
      "vertices" : [ 0, 1, 2 ]
    }, {
      "vertices" : [ 0, 2, 3 ]
    }, {
      "vertices" : [ 0, 3, 2 ]
    }, {
      "vertices" : [ 0, 2, 1 ]
    } ]
  }, {
    "id" : "e23b83cc-2ee8-44cf-a9f7-e702415e457f",
    "vertices" : [ {
      "x" : 16.230747,
      "y" : -14.888271,
      "z" : -19.74539
    }, {
      "x" : 22.747255,
      "y" : -22.747255,
      "z" : -22.747255
    }, {
      "x" : -36.805832,
      "y" : 0.0,
      "z" : -14.058577
    }, {
      "x" : -26.2619,
      "y" : 1.3424746,
      "z" : -13.545797
    } ],
    "faces" : [ {
      "vertices" : [ 0, 1, 2 ]
    }, {
      "vertices" : [ 0, 2, 3 ]
    }, {
      "vertices" : [ 0, 3, 2 ]
    }, {
      "vertices" : [ 0, 2, 1 ]
    } ]
  }, {
    "id" : "49d71c0d-ea2f-4a10-9a4c-a1798e916584",
    "vertices" : [ {
      "x" : -28.434069,
      "y" : 2.1721697,
      "z" : -7.8589835
    }, {
      "x" : -36.805832,
      "y" : 0.0,
      "z" : -14.058577
    }, {
      "x" : 0.0,
      "y" : -14.058577,
      "z" : 36.805832
    }, {
      "x" : -2.1721697,
      "y" : -7.8589835,
      "z" : 28.434069
    } ],
    "faces" : [ {
      "vertices" : [ 0, 1, 2 ]
    }, {
      "vertices" : [ 0, 2, 3 ]
    }, {
      "vertices" : [ 0, 3, 2 ]
    }, {
      "vertices" : [ 0, 2, 1 ]
    } ]
  }, {
    "id" : "7a17023f-96f2-4921-ad2d-5c5b5369e1f0",
    "vertices" : [ {
      "x" : 14.058577,
      "y" : -18.402916,
      "z" : -18.402916
    }, {
      "x" : 22.747255,
      "y" : -22.747255,
      "z" : -22.747255
    }, {
      "x" : -22.747255,
      "y" : 22.747255,
      "z" : -22.747255
    }, {
      "x" : -18.402916,
      "y" : 14.058577,
      "z" : -18.402916
    } ],
    "faces" : [ {
      "vertices" : [ 0, 1, 2 ]
    }, {
      "vertices" : [ 0, 2, 3 ]
    }, {
      "vertices" : [ 0, 3, 2 ]
    }, {
      "vertices" : [ 0, 2, 1 ]
    } ]
  }, {
    "id" : "60bd42f1-fe8b-4bef-a3e4-e3d69ad6b7d5",
    "vertices" : [ {
      "x" : 7.8589835,
      "y" : -28.434069,
      "z" : -2.1721697
    }, {
      "x" : 14.058577,
      "y" : -36.805832,
      "z" : 0.0
    }, {
      "x" : -36.805832,
      "y" : 0.0,
      "z" : 14.058577
    }, {
      "x" : -28.434069,
      "y" : -2.1721697,
      "z" : 7.8589835
    } ],
    "faces" : [ {
      "vertices" : [ 0, 1, 2 ]
    }, {
      "vertices" : [ 0, 2, 3 ]
    }, {
      "vertices" : [ 0, 3, 2 ]
    }, {
      "vertices" : [ 0, 2, 1 ]
    } ]
  }, {
    "id" : "6022a928-e76d-447e-b635-6ad2b254b88d",
    "vertices" : [ {
      "x" : -1.3424746,
      "y" : -13.545797,
      "z" : -26.2619
    }, {
      "x" : 0.0,
      "y" : -14.058577,
      "z" : -36.805832
    }, {
      "x" : -36.805832,
      "y" : 0.0,
      "z" : 14.058577
    }, {
      "x" : -27.604374,
      "y" : -3.5146441,
      "z" : 10.031153
    } ],
    "faces" : [ {
      "vertices" : [ 0, 1, 2 ]
    }, {
      "vertices" : [ 0, 2, 3 ]
    }, {
      "vertices" : [ 0, 3, 2 ]
    }, {
      "vertices" : [ 0, 2, 1 ]
    } ]
  }, {
    "id" : "57ac606b-8ef8-4c80-8e85-f56783ecd2f8",
    "vertices" : [ {
      "x" : -2.1721697,
      "y" : 7.8589835,
      "z" : 28.434069
    }, {
      "x" : 0.0,
      "y" : 14.058577,
      "z" : 36.805832
    }, {
      "x" : 14.058577,
      "y" : -36.805832,
      "z" : 0.0
    }, {
      "x" : 7.8589835,
      "y" : -28.434069,
      "z" : 2.1721697
    } ],
    "faces" : [ {
      "vertices" : [ 0, 1, 2 ]
    }, {
      "vertices" : [ 0, 2, 3 ]
    }, {
      "vertices" : [ 0, 3, 2 ]
    }, {
      "vertices" : [ 0, 2, 1 ]
    } ]
  }, {
    "id" : "c034f7f5-1d4e-4084-a186-f8ac447b6487",
    "vertices" : [ {
      "x" : -19.74539,
      "y" : 16.230747,
      "z" : -14.888271
    }, {
      "x" : -22.747255,
      "y" : 22.747255,
      "z" : -22.747255
    }, {
      "x" : -14.058577,
      "y" : -36.805832,
      "z" : 0.0
    }, {
      "x" : -13.545797,
      "y" : -26.2619,
      "z" : 1.3424746
    } ],
    "faces" : [ {
      "vertices" : [ 0, 1, 2 ]
    }, {
      "vertices" : [ 0, 2, 3 ]
    }, {
      "vertices" : [ 0, 3, 2 ]
    }, {
      "vertices" : [ 0, 2, 1 ]
    } ]
  }, {
    "id" : "ad59827b-9240-4b28-b705-bf2467f2561a",
    "vertices" : [ {
      "x" : 3.5146441,
      "y" : -10.031153,
      "z" : -27.604374
    }, {
      "x" : 0.0,
      "y" : -14.058577,
      "z" : -36.805832
    }, {
      "x" : 22.747255,
      "y" : -22.747255,
      "z" : 22.747255
    }, {
      "x" : 19.74539,
      "y" : -16.230747,
      "z" : 14.888271
    } ],
    "faces" : [ {
      "vertices" : [ 0, 1, 2 ]
    }, {
      "vertices" : [ 0, 2, 3 ]
    }, {
      "vertices" : [ 0, 3, 2 ]
    }, {
      "vertices" : [ 0, 2, 1 ]
    } ]
  }, {
    "id" : "1609af72-2aad-42c6-817f-9737e6dafb4a",
    "vertices" : [ {
      "x" : 13.545797,
      "y" : 26.2619,
      "z" : 1.3424746
    }, {
      "x" : 14.058577,
      "y" : 36.805832,
      "z" : 0.0
    }, {
      "x" : 0.0,
      "y" : -14.058577,
      "z" : 36.805832
    }, {
      "x" : 3.5146441,
      "y" : -10.031153,
      "z" : 27.604374
    } ],
    "faces" : [ {
      "vertices" : [ 0, 1, 2 ]
    }, {
      "vertices" : [ 0, 2, 3 ]
    }, {
      "vertices" : [ 0, 3, 2 ]
    }, {
      "vertices" : [ 0, 2, 1 ]
    } ]
  }, {
    "id" : "828bbe46-085a-4c17-8580-39052df7a88b",
    "vertices" : [ {
      "x" : -16.230747,
      "y" : -14.888271,
      "z" : -19.74539
    }, {
      "x" : -22.747255,
      "y" : -22.747255,
      "z" : -22.747255
    }, {
      "x" : 36.805832,
      "y" : 0.0,
      "z" : -14.058577
    }, {
      "x" : 26.2619,
      "y" : 1.3424746,
      "z" : -13.545797
    } ],
    "faces" : [ {
      "vertices" : [ 0, 1, 2 ]
    }, {
      "vertices" : [ 0, 2, 3 ]
    }, {
      "vertices" : [ 0, 3, 2 ]
    }, {
      "vertices" : [ 0, 2, 1 ]
    } ]
  }, {
    "id" : "506f631e-bb18-455d-b33d-0c596f6ddb36",
    "vertices" : [ {
      "x" : -14.058577,
      "y" : -18.402916,
      "z" : 18.402916
    }, {
      "x" : -22.747255,
      "y" : -22.747255,
      "z" : 22.747255
    }, {
      "x" : 22.747255,
      "y" : 22.747255,
      "z" : 22.747255
    }, {
      "x" : 18.402916,
      "y" : 14.058577,
      "z" : 18.402916
    } ],
    "faces" : [ {
      "vertices" : [ 0, 1, 2 ]
    }, {
      "vertices" : [ 0, 2, 3 ]
    }, {
      "vertices" : [ 0, 3, 2 ]
    }, {
      "vertices" : [ 0, 2, 1 ]
    } ]
  }, {
    "id" : "c3fd9b75-f6f8-4d44-b17e-c952021697f2",
    "vertices" : [ {
      "x" : 14.058577,
      "y" : -18.402916,
      "z" : 18.402916
    }, {
      "x" : 22.747255,
      "y" : -22.747255,
      "z" : 22.747255
    }, {
      "x" : -22.747255,
      "y" : 22.747255,
      "z" : 22.747255
    }, {
      "x" : -18.402916,
      "y" : 14.058577,
      "z" : 18.402916
    } ],
    "faces" : [ {
      "vertices" : [ 0, 1, 2 ]
    }, {
      "vertices" : [ 0, 2, 3 ]
    }, {
      "vertices" : [ 0, 3, 2 ]
    }, {
      "vertices" : [ 0, 2, 1 ]
    } ]
  }, {
    "id" : "39b358af-1304-4219-8244-3b06fb018b49",
    "vertices" : [ {
      "x" : -10.031153,
      "y" : 27.604374,
      "z" : -3.5146441
    }, {
      "x" : -14.058577,
      "y" : 36.805832,
      "z" : 0.0
    }, {
      "x" : -22.747255,
      "y" : -22.747255,
      "z" : -22.747255
    }, {
      "x" : -16.230747,
      "y" : -14.888271,
      "z" : -19.74539
    } ],
    "faces" : [ {
      "vertices" : [ 0, 1, 2 ]
    }, {
      "vertices" : [ 0, 2, 3 ]
    }, {
      "vertices" : [ 0, 3, 2 ]
    }, {
      "vertices" : [ 0, 2, 1 ]
    } ]
  }, {
    "id" : "0a4a92c3-310f-4b62-b28e-129f71567b77",
    "vertices" : [ {
      "x" : 19.74539,
      "y" : 16.230747,
      "z" : 14.888271
    }, {
      "x" : 22.747255,
      "y" : 22.747255,
      "z" : 22.747255
    }, {
      "x" : 14.058577,
      "y" : -36.805832,
      "z" : 0.0
    }, {
      "x" : 13.545797,
      "y" : -26.2619,
      "z" : -1.3424746
    } ],
    "faces" : [ {
      "vertices" : [ 0, 1, 2 ]
    }, {
      "vertices" : [ 0, 2, 3 ]
    }, {
      "vertices" : [ 0, 3, 2 ]
    }, {
      "vertices" : [ 0, 2, 1 ]
    } ]
  }, {
    "id" : "5a516934-7825-4dc9-ac6a-8149ccd22780",
    "vertices" : [ {
      "x" : 27.604374,
      "y" : -3.5146441,
      "z" : 10.031153
    }, {
      "x" : 36.805832,
      "y" : 0.0,
      "z" : 14.058577
    }, {
      "x" : -22.747255,
      "y" : -22.747255,
      "z" : 22.747255
    }, {
      "x" : -14.888271,
      "y" : -19.74539,
      "z" : 16.230747
    } ],
    "faces" : [ {
      "vertices" : [ 0, 1, 2 ]
    }, {
      "vertices" : [ 0, 2, 3 ]
    }, {
      "vertices" : [ 0, 3, 2 ]
    }, {
      "vertices" : [ 0, 2, 1 ]
    } ]
  }, {
    "id" : "25084063-bbd8-4869-9a49-c2a6c9f59bd4",
    "vertices" : [ {
      "x" : 28.434069,
      "y" : -2.1721697,
      "z" : -7.8589835
    }, {
      "x" : 36.805832,
      "y" : 0.0,
      "z" : -14.058577
    }, {
      "x" : 0.0,
      "y" : 14.058577,
      "z" : 36.805832
    }, {
      "x" : 2.1721697,
      "y" : 7.8589835,
      "z" : 28.434069
    } ],
    "faces" : [ {
      "vertices" : [ 0, 1, 2 ]
    }, {
      "vertices" : [ 0, 2, 3 ]
    }, {
      "vertices" : [ 0, 3, 2 ]
    }, {
      "vertices" : [ 0, 2, 1 ]
    } ]
  }, {
    "id" : "8b7d397b-03da-4dea-b45c-ec47d2b09446",
    "vertices" : [ {
      "x" : -3.5146441,
      "y" : -10.031153,
      "z" : -27.604374
    }, {
      "x" : 0.0,
      "y" : -14.058577,
      "z" : -36.805832
    }, {
      "x" : -22.747255,
      "y" : -22.747255,
      "z" : 22.747255
    }, {
      "x" : -19.74539,
      "y" : -16.230747,
      "z" : 14.888271
    } ],
    "faces" : [ {
      "vertices" : [ 0, 1, 2 ]
    }, {
      "vertices" : [ 0, 2, 3 ]
    }, {
      "vertices" : [ 0, 3, 2 ]
    }, {
      "vertices" : [ 0, 2, 1 ]
    } ]
  }, {
    "id" : "5f39f1ee-5a7e-490e-ad71-98f661828c38",
    "vertices" : [ {
      "x" : 14.888271,
      "y" : 19.74539,
      "z" : -16.230747
    }, {
      "x" : 22.747255,
      "y" : 22.747255,
      "z" : -22.747255
    }, {
      "x" : 0.0,
      "y" : 14.058577,
      "z" : 36.805832
    }, {
      "x" : -1.3424746,
      "y" : 13.545797,
      "z" : 26.2619
    } ],
    "faces" : [ {
      "vertices" : [ 0, 1, 2 ]
    }, {
      "vertices" : [ 0, 2, 3 ]
    }, {
      "vertices" : [ 0, 3, 2 ]
    }, {
      "vertices" : [ 0, 2, 1 ]
    } ]
  }, {
    "id" : "d9d4439d-d289-4a98-936b-02840d53094d",
    "vertices" : [ {
      "x" : 14.058577,
      "y" : 18.402916,
      "z" : -18.402916
    }, {
      "x" : 22.747255,
      "y" : 22.747255,
      "z" : -22.747255
    }, {
      "x" : -22.747255,
      "y" : -22.747255,
      "z" : -22.747255
    }, {
      "x" : -18.402916,
      "y" : -14.058577,
      "z" : -18.402916
    } ],
    "faces" : [ {
      "vertices" : [ 0, 1, 2 ]
    }, {
      "vertices" : [ 0, 2, 3 ]
    }, {
      "vertices" : [ 0, 3, 2 ]
    }, {
      "vertices" : [ 0, 2, 1 ]
    } ]
  }, {
    "id" : "81f0ebc1-9490-4156-9a94-f785f7b0ec60",
    "vertices" : [ {
      "x" : 16.230747,
      "y" : 14.888271,
      "z" : -19.74539
    }, {
      "x" : 22.747255,
      "y" : 22.747255,
      "z" : -22.747255
    }, {
      "x" : -36.805832,
      "y" : 0.0,
      "z" : -14.058577
    }, {
      "x" : -26.2619,
      "y" : -1.3424746,
      "z" : -13.545797
    } ],
    "faces" : [ {
      "vertices" : [ 0, 1, 2 ]
    }, {
      "vertices" : [ 0, 2, 3 ]
    }, {
      "vertices" : [ 0, 3, 2 ]
    }, {
      "vertices" : [ 0, 2, 1 ]
    } ]
  }, {
    "id" : "2c50f342-9cac-41fb-bef8-ef691f4d1505",
