{
  "polygons" : "true",
  "field" : "golden",
  "symmetry" : "icosahedral",
  "orientations" : [ [ 1.0, 0.0, 0.0, 0.0, 0.0, 1.0, 0.0, 0.0, 0.0, 0.0, 1.0, 0.0, 0.0, 0.0, 0.0, 1.0 ], [ 0.0, 0.0, 1.0, 0.0, 1.0, 0.0, 0.0, 0.0, 0.0, 1.0, 0.0, 0.0, 0.0, 0.0, 0.0, 1.0 ], [ 0.0, 1.0, 0.0, 0.0, 0.0, 0.0, 1.0, 0.0, 1.0, 0.0, 0.0, 0.0, 0.0, 0.0, 0.0, 1.0 ], [ 0.809017, 0.309017, 0.5, 0.0, 0.309017, 0.5, -0.809017, 0.0, -0.5, 0.809017, 0.309017, 0.0, 0.0, 0.0, 0.0, 1.0 ], [ -0.5, 0.809017, 0.309017, 0.0, 0.809017, 0.309017, 0.5, 0.0, 0.309017, 0.5, -0.809017, 0.0, 0.0, 0.0, 0.0, 1.0 ], [ 0.309017, 0.5, -0.809017, 0.0, -0.5, 0.809017, 0.309017, 0.0, 0.809017, 0.309017, 0.5, 0.0, 0.0, 0.0, 0.0, 1.0 ], [ 0.5, 0.809017, 0.309017, 0.0, 0.809017, -0.309017, -0.5, 0.0, -0.309017, 0.5, -0.809017, 0.0, 0.0, 0.0, 0.0, 1.0 ], [ -0.309017, 0.5, -0.809017, 0.0, 0.5, 0.809017, 0.309017, 0.0, 0.809017, -0.309017, -0.5, 0.0, 0.0, 0.0, 0.0, 1.0 ], [ 0.809017, -0.309017, -0.5, 0.0, -0.309017, 0.5, -0.809017, 0.0, 0.5, 0.809017, 0.309017, 0.0, 0.0, 0.0, 0.0, 1.0 ], [ 0.5, 0.809017, -0.309017, 0.0, 0.809017, -0.309017, 0.5, 0.0, 0.309017, -0.5, -0.809017, 0.0, 0.0, 0.0, 0.0, 1.0 ], [ 0.309017, -0.5, -0.809017, 0.0, 0.5, 0.809017, -0.309017, 0.0, 0.809017, -0.309017, 0.5, 0.0, 0.0, 0.0, 0.0, 1.0 ], [ 0.809017, -0.309017, 0.5, 0.0, 0.309017, -0.5, -0.809017, 0.0, 0.5, 0.809017, -0.309017, 0.0, 0.0, 0.0, 0.0, 1.0 ], [ 0.809017, 0.309017, -0.5, 0.0, 0.309017, 0.5, 0.809017, 0.0, 0.5, -0.809017, 0.309017, 0.0, 0.0, 0.0, 0.0, 1.0 ], [ 0.5, -0.809017, 0.309017, 0.0, 0.809017, 0.309017, -0.5, 0.0, 0.309017, 0.5, 0.809017, 0.0, 0.0, 0.0, 0.0, 1.0 ], [ 0.309017, 0.5, 0.809017, 0.0, 0.5, -0.809017, 0.309017, 0.0, 0.809017, 0.309017, -0.5, 0.0, 0.0, 0.0, 0.0, 1.0 ], [ 1.0, 0.0, 0.0, 0.0, 0.0, -1.0, 0.0, 0.0, 0.0, 0.0, -1.0, 0.0, 0.0, 0.0, 0.0, 1.0 ], [ 0.0, 0.0, 1.0, 0.0, -1.0, 0.0, 0.0, 0.0, 0.0, -1.0, 0.0, 0.0, 0.0, 0.0, 0.0, 1.0 ], [ 0.0, 1.0, 0.0, 0.0, 0.0, 0.0, -1.0, 0.0, -1.0, 0.0, 0.0, 0.0, 0.0, 0.0, 0.0, 1.0 ], [ 0.809017, 0.309017, 0.5, 0.0, -0.309017, -0.5, 0.809017, 0.0, 0.5, -0.809017, -0.309017, 0.0, 0.0, 0.0, 0.0, 1.0 ], [ -0.5, 0.809017, 0.309017, 0.0, -0.809017, -0.309017, -0.5, 0.0, -0.309017, -0.5, 0.809017, 0.0, 0.0, 0.0, 0.0, 1.0 ], [ 0.309017, 0.5, -0.809017, 0.0, 0.5, -0.809017, -0.309017, 0.0, -0.809017, -0.309017, -0.5, 0.0, 0.0, 0.0, 0.0, 1.0 ], [ 0.5, 0.809017, 0.309017, 0.0, -0.809017, 0.309017, 0.5, 0.0, 0.309017, -0.5, 0.809017, 0.0, 0.0, 0.0, 0.0, 1.0 ], [ -0.309017, 0.5, -0.809017, 0.0, -0.5, -0.809017, -0.309017, 0.0, -0.809017, 0.309017, 0.5, 0.0, 0.0, 0.0, 0.0, 1.0 ], [ 0.809017, -0.309017, -0.5, 0.0, 0.309017, -0.5, 0.809017, 0.0, -0.5, -0.809017, -0.309017, 0.0, 0.0, 0.0, 0.0, 1.0 ], [ 0.5, 0.809017, -0.309017, 0.0, -0.809017, 0.309017, -0.5, 0.0, -0.309017, 0.5, 0.809017, 0.0, 0.0, 0.0, 0.0, 1.0 ], [ 0.309017, -0.5, -0.809017, 0.0, -0.5, -0.809017, 0.309017, 0.0, -0.809017, 0.309017, -0.5, 0.0, 0.0, 0.0, 0.0, 1.0 ], [ 0.809017, -0.309017, 0.5, 0.0, -0.309017, 0.5, 0.809017, 0.0, -0.5, -0.809017, 0.309017, 0.0, 0.0, 0.0, 0.0, 1.0 ], [ 0.809017, 0.309017, -0.5, 0.0, -0.309017, -0.5, -0.809017, 0.0, -0.5, 0.809017, -0.309017, 0.0, 0.0, 0.0, 0.0, 1.0 ], [ 0.5, -0.809017, 0.309017, 0.0, -0.809017, -0.309017, 0.5, 0.0, -0.309017, -0.5, -0.809017, 0.0, 0.0, 0.0, 0.0, 1.0 ], [ 0.309017, 0.5, 0.809017, 0.0, -0.5, 0.809017, -0.309017, 0.0, -0.809017, -0.309017, 0.5, 0.0, 0.0, 0.0, 0.0, 1.0 ], [ -1.0, 0.0, 0.0, 0.0, 0.0, -1.0, 0.0, 0.0, 0.0, 0.0, 1.0, 0.0, 0.0, 0.0, 0.0, 1.0 ], [ 0.0, 0.0, -1.0, 0.0, -1.0, 0.0, 0.0, 0.0, 0.0, 1.0, 0.0, 0.0, 0.0, 0.0, 0.0, 1.0 ], [ 0.0, -1.0, 0.0, 0.0, 0.0, 0.0, -1.0, 0.0, 1.0, 0.0, 0.0, 0.0, 0.0, 0.0, 0.0, 1.0 ], [ -0.809017, -0.309017, -0.5, 0.0, -0.309017, -0.5, 0.809017, 0.0, -0.5, 0.809017, 0.309017, 0.0, 0.0, 0.0, 0.0, 1.0 ], [ 0.5, -0.809017, -0.309017, 0.0, -0.809017, -0.309017, -0.5, 0.0, 0.309017, 0.5, -0.809017, 0.0, 0.0, 0.0, 0.0, 1.0 ], [ -0.309017, -0.5, 0.809017, 0.0, 0.5, -0.809017, -0.309017, 0.0, 0.809017, 0.309017, 0.5, 0.0, 0.0, 0.0, 0.0, 1.0 ], [ -0.5, -0.809017, -0.309017, 0.0, -0.809017, 0.309017, 0.5, 0.0, -0.309017, 0.5, -0.809017, 0.0, 0.0, 0.0, 0.0, 1.0 ], [ 0.309017, -0.5, 0.809017, 0.0, -0.5, -0.809017, -0.309017, 0.0, 0.809017, -0.309017, -0.5, 0.0, 0.0, 0.0, 0.0, 1.0 ], [ -0.809017, 0.309017, 0.5, 0.0, 0.309017, -0.5, 0.809017, 0.0, 0.5, 0.809017, 0.309017, 0.0, 0.0, 0.0, 0.0, 1.0 ], [ -0.5, -0.809017, 0.309017, 0.0, -0.809017, 0.309017, -0.5, 0.0, 0.309017, -0.5, -0.809017, 0.0, 0.0, 0.0, 0.0, 1.0 ], [ -0.309017, 0.5, 0.809017, 0.0, -0.5, -0.809017, 0.309017, 0.0, 0.809017, -0.309017, 0.5, 0.0, 0.0, 0.0, 0.0, 1.0 ], [ -0.809017, 0.309017, -0.5, 0.0, -0.309017, 0.5, 0.809017, 0.0, 0.5, 0.809017, -0.309017, 0.0, 0.0, 0.0, 0.0, 1.0 ], [ -0.809017, -0.309017, 0.5, 0.0, -0.309017, -0.5, -0.809017, 0.0, 0.5, -0.809017, 0.309017, 0.0, 0.0, 0.0, 0.0, 1.0 ], [ -0.5, 0.809017, -0.309017, 0.0, -0.809017, -0.309017, 0.5, 0.0, 0.309017, 0.5, 0.809017, 0.0, 0.0, 0.0, 0.0, 1.0 ], [ -0.309017, -0.5, -0.809017, 0.0, -0.5, 0.809017, -0.309017, 0.0, 0.809017, 0.309017, -0.5, 0.0, 0.0, 0.0, 0.0, 1.0 ], [ -1.0, 0.0, 0.0, 0.0, 0.0, 1.0, 0.0, 0.0, 0.0, 0.0, -1.0, 0.0, 0.0, 0.0, 0.0, 1.0 ], [ 0.0, 0.0, -1.0, 0.0, 1.0, 0.0, 0.0, 0.0, 0.0, -1.0, 0.0, 0.0, 0.0, 0.0, 0.0, 1.0 ], [ 0.0, -1.0, 0.0, 0.0, 0.0, 0.0, 1.0, 0.0, -1.0, 0.0, 0.0, 0.0, 0.0, 0.0, 0.0, 1.0 ], [ -0.809017, -0.309017, -0.5, 0.0, 0.309017, 0.5, -0.809017, 0.0, 0.5, -0.809017, -0.309017, 0.0, 0.0, 0.0, 0.0, 1.0 ], [ 0.5, -0.809017, -0.309017, 0.0, 0.809017, 0.309017, 0.5, 0.0, -0.309017, -0.5, 0.809017, 0.0, 0.0, 0.0, 0.0, 1.0 ], [ -0.309017, -0.5, 0.809017, 0.0, -0.5, 0.809017, 0.309017, 0.0, -0.809017, -0.309017, -0.5, 0.0, 0.0, 0.0, 0.0, 1.0 ], [ -0.5, -0.809017, -0.309017, 0.0, 0.809017, -0.309017, -0.5, 0.0, 0.309017, -0.5, 0.809017, 0.0, 0.0, 0.0, 0.0, 1.0 ], [ 0.309017, -0.5, 0.809017, 0.0, 0.5, 0.809017, 0.309017, 0.0, -0.809017, 0.309017, 0.5, 0.0, 0.0, 0.0, 0.0, 1.0 ], [ -0.809017, 0.309017, 0.5, 0.0, -0.309017, 0.5, -0.809017, 0.0, -0.5, -0.809017, -0.309017, 0.0, 0.0, 0.0, 0.0, 1.0 ], [ -0.5, -0.809017, 0.309017, 0.0, 0.809017, -0.309017, 0.5, 0.0, -0.309017, 0.5, 0.809017, 0.0, 0.0, 0.0, 0.0, 1.0 ], [ -0.309017, 0.5, 0.809017, 0.0, 0.5, 0.809017, -0.309017, 0.0, -0.809017, 0.309017, -0.5, 0.0, 0.0, 0.0, 0.0, 1.0 ], [ -0.809017, 0.309017, -0.5, 0.0, 0.309017, -0.5, -0.809017, 0.0, -0.5, -0.809017, 0.309017, 0.0, 0.0, 0.0, 0.0, 1.0 ], [ -0.809017, -0.309017, 0.5, 0.0, 0.309017, 0.5, 0.809017, 0.0, -0.5, 0.809017, -0.309017, 0.0, 0.0, 0.0, 0.0, 1.0 ], [ -0.5, 0.809017, -0.309017, 0.0, 0.809017, 0.309017, -0.5, 0.0, -0.309017, -0.5, -0.809017, 0.0, 0.0, 0.0, 0.0, 1.0 ], [ -0.309017, -0.5, -0.809017, 0.0, 0.5, -0.809017, 0.309017, 0.0, -0.809017, -0.309017, 0.5, 0.0, 0.0, 0.0, 0.0, 1.0 ] ],
  "lights" : {
    "ambientColor" : "#292929",
    "backgroundColor" : "#AFC8DC",
    "directionalLights" : [ {
      "direction" : [ 1.0, -1.0, -1.0 ],
      "color" : "#EBEBE4"
    }, {
      "direction" : [ -1.0, 0.0, 0.0 ],
      "color" : "#E4E4EB"
    }, {
      "direction" : [ 0.0, 0.0, -1.0 ],
      "color" : "#1E1E1E"
    } ]
  },
  "camera" : {
    "lookDirection" : {
      "x" : 0.5,
      "y" : -0.809017,
      "z" : -0.309017
    },
    "upDirection" : {
      "x" : 0.30901697,
      "y" : 0.49999997,
      "z" : -0.809017
    },
    "lookAtPoint" : {
      "x" : 0.0,
      "y" : 0.0,
      "z" : 0.0
    },
    "viewDistance" : 85.53105,
    "nearClipDistance" : 0.21382779,
    "farClipDistance" : 171.06256,
    "fieldOfView" : 0.44262972,
    "perspective" : false,
    "width" : 38.489048,
    "stereo" : false,
    "position" : {
      "x" : -42.765526,
      "y" : 69.196075,
      "z" : 26.43055
    }
  },
  "embedding" : [ 1.0, 0.0, 0.0, 0.0, 0.0, 1.0, 0.0, 0.0, 0.0, 0.0, 1.0, 0.0, 0.0, 0.0, 0.0, 1.0 ],
  "shapes" : [ {
    "id" : "f63889e2-b74e-4bc5-ac95-c3a0d80aa3ff",
    "orbit" : "red",
    "name" : " :-6 +6*phi",
    "vertices" : [ {
      "x" : 0.9045085,
      "y" : 0.3454915,
      "z" : 0.25
    }, {
      "x" : 24.702883,
      "y" : 15.053696,
      "z" : 0.25
    }, {
      "x" : 24.5119,
      "y" : 15.362713,
      "z" : 0.25
    }, {
      "x" : 0.7135255,
      "y" : 0.6545085,
      "z" : 0.25
    }, {
      "x" : 0.809017,
      "y" : 0.5,
      "z" : -0.309017
    }, {
      "x" : 0.9635255,
      "y" : 0.25,
      "z" : -0.095491506
    }, {
      "x" : 0.309017,
      "y" : 0.19098301,
      "z" : 0.0
    }, {
      "x" : 25.107391,
      "y" : 15.5172205,
      "z" : 0.0
    }, {
      "x" : 24.452883,
      "y" : 15.458204,
      "z" : -0.095491506
    }, {
      "x" : 24.607391,
      "y" : 15.208204,
      "z" : -0.309017
    }, {
      "x" : 25.416409,
      "y" : 15.708204,
      "z" : 0.0
    }, {
      "x" : 0.6545085,
      "y" : 0.75,
      "z" : -0.095491506
    }, {
      "x" : 24.7619,
      "y" : 14.958204,
      "z" : -0.095491506
    } ],
    "faces" : [ {
      "vertices" : [ 4, 11, 8, 9 ]
    }, {
      "vertices" : [ 0, 1, 2, 3 ]
    }, {
      "vertices" : [ 0, 3, 6 ]
    }, {
      "vertices" : [ 1, 7, 2 ]
    }, {
      "vertices" : [ 0, 6, 5 ]
    }, {
      "vertices" : [ 4, 5, 6 ]
    }, {
      "vertices" : [ 2, 7, 8 ]
    }, {
      "vertices" : [ 0, 5, 12, 1 ]
    }, {
      "vertices" : [ 1, 12, 7 ]
    }, {
      "vertices" : [ 3, 11, 6 ]
    }, {
      "vertices" : [ 4, 6, 11 ]
    }, {
      "vertices" : [ 7, 9, 8 ]
    }, {
      "vertices" : [ 2, 8, 11, 3 ]
    }, {
      "vertices" : [ 7, 12, 9 ]
    }, {
      "vertices" : [ 4, 9, 12, 5 ]
    } ]
  }, {
    "id" : "e9978eec-ea26-47bb-aa8e-936be2fa6782",
    "name" : "ball",
    "vertices" : [ {
      "x" : -0.309017,
      "y" : -0.19098301,
      "z" : 0.0
    }, {
      "x" : -0.309017,
      "y" : 0.19098301,
      "z" : 0.0
    }, {
      "x" : -0.19098301,
      "y" : 0.0,
      "z" : -0.309017
    }, {
      "x" : -0.19098301,
      "y" : 0.0,
      "z" : 0.309017
    }, {
      "x" : 0.0,
      "y" : -0.309017,
      "z" : -0.19098301
    }, {
      "x" : 0.0,
      "y" : -0.309017,
      "z" : 0.19098301
    }, {
      "x" : 0.0,
      "y" : 0.309017,
      "z" : -0.19098301
    }, {
      "x" : 0.0,
      "y" : 0.309017,
      "z" : 0.19098301
    }, {
      "x" : 0.19098301,
      "y" : 0.0,
      "z" : -0.309017
    }, {
      "x" : 0.19098301,
      "y" : 0.0,
      "z" : 0.309017
    }, {
      "x" : 0.309017,
      "y" : -0.19098301,
      "z" : 0.0
    }, {
      "x" : 0.309017,
      "y" : 0.19098301,
      "z" : 0.0
    } ],
    "faces" : [ {
      "vertices" : [ 0, 1, 2 ]
    }, {
      "vertices" : [ 0, 3, 1 ]
    }, {
      "vertices" : [ 0, 2, 4 ]
    }, {
      "vertices" : [ 0, 5, 3 ]
    }, {
      "vertices" : [ 0, 4, 5 ]
    }, {
      "vertices" : [ 1, 6, 2 ]
    }, {
      "vertices" : [ 1, 3, 7 ]
    }, {
      "vertices" : [ 1, 7, 6 ]
    }, {
      "vertices" : [ 2, 8, 4 ]
    }, {
      "vertices" : [ 2, 6, 8 ]
    }, {
      "vertices" : [ 3, 5, 9 ]
    }, {
      "vertices" : [ 3, 9, 7 ]
    }, {
      "vertices" : [ 4, 10, 5 ]
    }, {
      "vertices" : [ 4, 8, 10 ]
    }, {
      "vertices" : [ 5, 10, 9 ]
    }, {
      "vertices" : [ 6, 7, 11 ]
    }, {
      "vertices" : [ 6, 11, 8 ]
    }, {
      "vertices" : [ 7, 9, 11 ]
    }, {
      "vertices" : [ 8, 11, 10 ]
    }, {
      "vertices" : [ 9, 10, 11 ]
    } ]
  } ],
  "instances" : [ {
    "shape" : "f63889e2-b74e-4bc5-ac95-c3a0d80aa3ff",
    "color" : "#AF0000",
    "position" : {
      "x" : 6.236068,
      "y" : -2.618034,
      "z" : -13.708204
    },
    "orientation" : 32
  }, {
    "shape" : "e9978eec-ea26-47bb-aa8e-936be2fa6782",
    "color" : "#FFFFFF",
    "position" : {
      "x" : -10.472136,
      "y" : -1.0,
      "z" : -11.09017
    }
  }, {
    "shape" : "e9978eec-ea26-47bb-aa8e-936be2fa6782",
    "color" : "#FFFFFF",
    "position" : {
      "x" : -2.618034,
      "y" : 11.708204,
      "z" : -9.472136
    }
  }, {
    "shape" : "e9978eec-ea26-47bb-aa8e-936be2fa6782",
    "color" : "#FFFFFF",
    "position" : {
      "x" : 11.09017,
      "y" : 10.472136,
      "z" : -1.0
    }
  }, {
    "shape" : "f63889e2-b74e-4bc5-ac95-c3a0d80aa3ff",
    "color" : "#AF0000",
    "position" : {
      "x" : 2.618034,
      "y" : 13.708204,
      "z" : 6.236068
    },
    "orientation" : 16
  }, {
    "shape" : "e9978eec-ea26-47bb-aa8e-936be2fa6782",
    "color" : "#FFFFFF",
    "position" : {
      "x" : -1.0,
      "y" : -14.326238,
      "z" : -5.236068
    }
  }, {
    "shape" : "f63889e2-b74e-4bc5-ac95-c3a0d80aa3ff",
    "color" : "#AF0000",
    "position" : {
      "x" : 1.0,
      "y" : -14.326238,
      "z" : 5.236068
    },
    "orientation" : 46
  }, {
    "shape" : "e9978eec-ea26-47bb-aa8e-936be2fa6782",
    "color" : "#FFFFFF",
    "position" : {
      "x" : 2.618034,
      "y" : -11.708204,
      "z" : -9.472136
    }
  }, {
    "shape" : "e9978eec-ea26-47bb-aa8e-936be2fa6782",
    "color" : "#FFFFFF",
    "position" : {
      "x" : -14.326238,
      "y" : 5.236068,
      "z" : 1.0
    }
  }, {
    "shape" : "e9978eec-ea26-47bb-aa8e-936be2fa6782",
    "color" : "#FFFFFF",
    "position" : {
      "x" : 7.854102,
      "y" : 3.236068,
      "z" : -12.708204
    }
  }, {
    "shape" : "e9978eec-ea26-47bb-aa8e-936be2fa6782",
    "color" : "#FFFFFF",
    "position" : {
      "x" : 2.618034,
      "y" : 11.708204,
      "z" : 9.472136
    }
  }, {
    "shape" : "e9978eec-ea26-47bb-aa8e-936be2fa6782",
    "color" : "#FFFFFF",
    "position" : {
      "x" : 12.708204,
      "y" : 7.854102,
      "z" : -3.236068
    }
  }, {
    "shape" : "f63889e2-b74e-4bc5-ac95-c3a0d80aa3ff",
    "color" : "#AF0000",
    "position" : {
      "x" : 5.236068,
      "y" : 1.0,
      "z" : -14.326238
    },
    "orientation" : 32
  }, {
    "shape" : "e9978eec-ea26-47bb-aa8e-936be2fa6782",
    "color" : "#FFFFFF",
    "position" : {
      "x" : -9.472136,
      "y" : 2.618034,
      "z" : -11.708204
    }
  }, {
    "shape" : "e9978eec-ea26-47bb-aa8e-936be2fa6782",
    "color" : "#FFFFFF",
    "position" : {
      "x" : -3.236068,
      "y" : 12.708204,
      "z" : 7.854102
    }
  }, {
    "shape" : "e9978eec-ea26-47bb-aa8e-936be2fa6782",
    "color" : "#FFFFFF",
    "position" : {
      "x" : -11.708204,
      "y" : -9.472136,
      "z" : 2.618034
    }
  }, {
    "shape" : "e9978eec-ea26-47bb-aa8e-936be2fa6782",
    "color" : "#FFFFFF",
    "position" : {
      "x" : 6.236068,
      "y" : -2.618034,
      "z" : -13.708204
    }
  }, {
    "shape" : "f63889e2-b74e-4bc5-ac95-c3a0d80aa3ff",
    "color" : "#AF0000",
    "position" : {
      "x" : 12.708204,
      "y" : 7.854102,
      "z" : -3.236068
    },
    "orientation" : 30
  }, {
    "shape" : "e9978eec-ea26-47bb-aa8e-936be2fa6782",
    "color" : "#FFFFFF",
    "position" : {
      "x" : 12.708204,
      "y" : -7.854102,
      "z" : 3.236068
    }
  }, {
    "shape" : "e9978eec-ea26-47bb-aa8e-936be2fa6782",
    "color" : "#FFFFFF",
    "position" : {
      "x" : -1.0,
      "y" : 14.326238,
      "z" : 5.236068
    }
  }, {
    "shape" : "e9978eec-ea26-47bb-aa8e-936be2fa6782",
    "color" : "#FFFFFF",
    "position" : {
      "x" : -7.854102,
      "y" : 3.236068,
      "z" : 12.708204
    }
  }, {
    "shape" : "e9978eec-ea26-47bb-aa8e-936be2fa6782",
    "color" : "#FFFFFF",
    "position" : {
      "x" : 11.09017,
      "y" : -10.472136,
      "z" : 1.0
    }
  }, {
    "shape" : "e9978eec-ea26-47bb-aa8e-936be2fa6782",
    "color" : "#FFFFFF",
    "position" : {
      "x" : -11.09017,
      "y" : -10.472136,
      "z" : -1.0
    }
  }, {
    "shape" : "e9978eec-ea26-47bb-aa8e-936be2fa6782",
    "color" : "#FFFFFF",
    "position" : {
      "x" : 10.472136,
      "y" : -1.0,
      "z" : 11.09017
    }
  }, {
    "shape" : "e9978eec-ea26-47bb-aa8e-936be2fa6782",
    "color" : "#FFFFFF",
    "position" : {
      "x" : 2.618034,
      "y" : -13.708204,
      "z" : -6.236068
    }
  }, {
    "shape" : "e9978eec-ea26-47bb-aa8e-936be2fa6782",
    "color" : "#FFFFFF",
    "position" : {
      "x" : -9.472136,
      "y" : -2.618034,
      "z" : 11.708204
    }
  }, {
    "shape" : "e9978eec-ea26-47bb-aa8e-936be2fa6782",
    "color" : "#FFFFFF",
    "position" : {
      "x" : -11.708204,
      "y" : 9.472136,
      "z" : -2.618034
    }
  }, {
    "shape" : "f63889e2-b74e-4bc5-ac95-c3a0d80aa3ff",
    "color" : "#AF0000",
    "position" : {
      "x" : 11.708204,
      "y" : -9.472136,
      "z" : -2.618034
    },
    "orientation" : 45
  }, {
    "shape" : "e9978eec-ea26-47bb-aa8e-936be2fa6782",
    "color" : "#FFFFFF",
    "position" : {
      "x" : -12.708204,
      "y" : -7.854102,
      "z" : -3.236068
    }
  }, {
    "shape" : "e9978eec-ea26-47bb-aa8e-936be2fa6782",
    "color" : "#FFFFFF",
    "position" : {
      "x" : 14.326238,
      "y" : -5.236068,
      "z" : 1.0
    }
  }, {
    "shape" : "e9978eec-ea26-47bb-aa8e-936be2fa6782",
    "color" : "#FFFFFF",
    "position" : {
      "x" : -1.0,
      "y" : 11.09017,
      "z" : 10.472136
    }
  }, {
    "shape" : "f63889e2-b74e-4bc5-ac95-c3a0d80aa3ff",
    "color" : "#AF0000",
    "position" : {
      "x" : -1.0,
      "y" : -14.326238,
      "z" : -5.236068
    },
    "orientation" : 1
  }, {
    "shape" : "e9978eec-ea26-47bb-aa8e-936be2fa6782",
    "color" : "#FFFFFF",
    "position" : {
      "x" : -13.708204,
      "y" : 6.236068,
      "z" : -2.618034
    }
  }, {
    "shape" : "e9978eec-ea26-47bb-aa8e-936be2fa6782",
    "color" : "#FFFFFF",
    "position" : {
      "x" : 9.472136,
      "y" : 2.618034,
      "z" : 11.708204
    }
  }, {
    "shape" : "e9978eec-ea26-47bb-aa8e-936be2fa6782",
    "color" : "#FFFFFF",
    "position" : {
      "x" : 1.0,
      "y" : 11.09017,
      "z" : -10.472136
    }
  }, {
    "shape" : "f63889e2-b74e-4bc5-ac95-c3a0d80aa3ff",
    "color" : "#AF0000",
    "position" : {
      "x" : -3.236068,
      "y" : -12.708204,
      "z" : -7.854102
    },
    "orientation" : 1
  }, {
    "shape" : "f63889e2-b74e-4bc5-ac95-c3a0d80aa3ff",
    "color" : "#AF0000",
    "position" : {
      "x" : -2.618034,
      "y" : -13.708204,
      "z" : 6.236068
    },
    "orientation" : 46
  }, {
    "shape" : "f63889e2-b74e-4bc5-ac95-c3a0d80aa3ff",
    "color" : "#AF0000",
    "position" : {
      "x" : 5.236068,
      "y" : -1.0,
      "z" : 14.326238
    },
    "orientation" : 47
  }, {
    "shape" : "e9978eec-ea26-47bb-aa8e-936be2fa6782",
    "color" : "#FFFFFF",
    "position" : {
      "x" : -2.618034,
      "y" : -11.708204,
      "z" : 9.472136
    }
  }, {
    "shape" : "e9978eec-ea26-47bb-aa8e-936be2fa6782",
    "color" : "#FFFFFF",
    "position" : {
      "x" : 13.708204,
      "y" : -6.236068,
      "z" : -2.618034
    }
  }, {
    "shape" : "f63889e2-b74e-4bc5-ac95-c3a0d80aa3ff",
    "color" : "#AF0000",
    "position" : {
      "x" : 10.472136,
      "y" : -1.0,
      "z" : 11.09017
    },
    "orientation" : 47
  }, {
    "shape" : "f63889e2-b74e-4bc5-ac95-c3a0d80aa3ff",
    "color" : "#AF0000",
    "position" : {
      "x" : 13.708204,
      "y" : -6.236068,
      "z" : -2.618034
    },
    "orientation" : 45
  }, {
    "shape" : "f63889e2-b74e-4bc5-ac95-c3a0d80aa3ff",
    "color" : "#AF0000",
    "position" : {
      "x" : -14.326238,
      "y" : 5.236068,
      "z" : 1.0
    },
    "orientation" : 15
  }, {
    "shape" : "e9978eec-ea26-47bb-aa8e-936be2fa6782",
    "color" : "#FFFFFF",
    "position" : {
      "x" : -10.472136,
      "y" : 1.0,
      "z" : 11.09017
    }
  }, {
    "shape" : "e9978eec-ea26-47bb-aa8e-936be2fa6782",
    "color" : "#FFFFFF",
    "position" : {
      "x" : 9.472136,
      "y" : -2.618034,
      "z" : -11.708204
    }
  }, {
    "shape" : "e9978eec-ea26-47bb-aa8e-936be2fa6782",
    "color" : "#FFFFFF",
    "position" : {
      "x" : 14.326238,
      "y" : 5.236068,
      "z" : -1.0
    }
  }, {
    "shape" : "e9978eec-ea26-47bb-aa8e-936be2fa6782",
    "color" : "#FFFFFF",
    "position" : {
      "x" : 5.236068,
      "y" : 1.0,
      "z" : -14.326238
    }
  }, {
    "shape" : "e9978eec-ea26-47bb-aa8e-936be2fa6782",
    "color" : "#FFFFFF",
    "position" : {
      "x" : -13.708204,
      "y" : -6.236068,
      "z" : 2.618034
    }
  }, {
    "shape" : "f63889e2-b74e-4bc5-ac95-c3a0d80aa3ff",
    "color" : "#AF0000",
    "position" : {
      "x" : 14.326238,
      "y" : 5.236068,
      "z" : -1.0
    },
    "orientation" : 30
  }, {
    "shape" : "f63889e2-b74e-4bc5-ac95-c3a0d80aa3ff",
    "color" : "#AF0000",
    "position" : {
      "x" : 13.708204,
      "y" : 6.236068,
      "z" : 2.618034
    },
    "orientation" : 30
  }, {
    "shape" : "e9978eec-ea26-47bb-aa8e-936be2fa6782",
    "color" : "#FFFFFF",
    "position" : {
      "x" : 3.236068,
      "y" : 12.708204,
      "z" : -7.854102
    }
  }, {
    "shape" : "e9978eec-ea26-47bb-aa8e-936be2fa6782",
    "color" : "#FFFFFF",
    "position" : {
      "x" : 5.236068,
      "y" : -1.0,
      "z" : 14.326238
    }
  }, {
    "shape" : "e9978eec-ea26-47bb-aa8e-936be2fa6782",
    "color" : "#FFFFFF",
    "position" : {
      "x" : 11.708204,
      "y" : 9.472136,
      "z" : 2.618034
    }
  }, {
    "shape" : "e9978eec-ea26-47bb-aa8e-936be2fa6782",
    "color" : "#FFFFFF",
    "position" : {
      "x" : 13.708204,
      "y" : 6.236068,
      "z" : 2.618034
    }
  }, {
    "shape" : "f63889e2-b74e-4bc5-ac95-c3a0d80aa3ff",
    "color" : "#AF0000",
    "position" : {
      "x" : -1.0,
      "y" : 14.326238,
      "z" : 5.236068
    },
    "orientation" : 16
  }, {
    "shape" : "f63889e2-b74e-4bc5-ac95-c3a0d80aa3ff",
    "color" : "#AF0000",
    "position" : {
      "x" : -5.236068,
      "y" : 1.0,
      "z" : 14.326238
    },
    "orientation" : 17
  }, {
    "shape" : "f63889e2-b74e-4bc5-ac95-c3a0d80aa3ff",
    "color" : "#AF0000",
    "position" : {
      "x" : 11.09017,
      "y" : 10.472136,
      "z" : -1.0
    },
    "orientation" : 30
  }, {
    "shape" : "f63889e2-b74e-4bc5-ac95-c3a0d80aa3ff",
    "color" : "#AF0000",
    "position" : {
      "x" : 3.236068,
      "y" : 12.708204,
      "z" : -7.854102
    },
    "orientation" : 31
  }, {
    "shape" : "e9978eec-ea26-47bb-aa8e-936be2fa6782",
    "color" : "#FFFFFF",
    "position" : {
      "x" : -6.236068,
      "y" : 2.618034,
      "z" : -13.708204
    }
  }, {
    "shape" : "f63889e2-b74e-4bc5-ac95-c3a0d80aa3ff",
    "color" : "#AF0000",
    "position" : {
      "x" : 14.326238,
      "y" : -5.236068,
      "z" : 1.0
    },
    "orientation" : 45
  }, {
    "shape" : "e9978eec-ea26-47bb-aa8e-936be2fa6782",
    "color" : "#FFFFFF",
    "position" : {
      "x" : -5.236068,
      "y" : -1.0,
      "z" : -14.326238
    }
  }, {
    "shape" : "f63889e2-b74e-4bc5-ac95-c3a0d80aa3ff",
    "color" : "#AF0000",
    "position" : {
      "x" : 6.236068,
      "y" : 2.618034,
      "z" : 13.708204
    },
    "orientation" : 47
  }, {
    "shape" : "e9978eec-ea26-47bb-aa8e-936be2fa6782",
    "color" : "#FFFFFF",
    "position" : {
      "x" : -6.236068,
      "y" : -2.618034,
      "z" : 13.708204
    }
  }, {
    "shape" : "f63889e2-b74e-4bc5-ac95-c3a0d80aa3ff",
    "color" : "#AF0000",
    "position" : {
      "x" : 9.472136,
      "y" : -2.618034,
      "z" : -11.708204
    },
    "orientation" : 32
  }, {
    "shape" : "e9978eec-ea26-47bb-aa8e-936be2fa6782",
    "color" : "#FFFFFF",
    "position" : {
      "x" : 2.618034,
      "y" : 13.708204,
      "z" : 6.236068
    }
  }, {
    "shape" : "e9978eec-ea26-47bb-aa8e-936be2fa6782",
    "color" : "#FFFFFF",
    "position" : {
      "x" : -2.618034,
      "y" : -13.708204,
      "z" : 6.236068
    }
  }, {
    "shape" : "f63889e2-b74e-4bc5-ac95-c3a0d80aa3ff",
    "color" : "#AF0000",
    "position" : {
      "x" : -2.618034,
      "y" : -11.708204,
      "z" : 9.472136
    },
    "orientation" : 46
  }, {
    "shape" : "e9978eec-ea26-47bb-aa8e-936be2fa6782",
    "color" : "#FFFFFF",
    "position" : {
      "x" : 3.236068,
      "y" : -12.708204,
      "z" : 7.854102
    }
  }, {
    "shape" : "e9978eec-ea26-47bb-aa8e-936be2fa6782",
    "color" : "#FFFFFF",
    "position" : {
      "x" : -14.326238,
      "y" : -5.236068,
      "z" : -1.0
    }
  }, {
    "shape" : "e9978eec-ea26-47bb-aa8e-936be2fa6782",
    "color" : "#FFFFFF",
    "position" : {
      "x" : 10.472136,
      "y" : 1.0,
      "z" : -11.09017
    }
  }, {
    "shape" : "f63889e2-b74e-4bc5-ac95-c3a0d80aa3ff",
    "color" : "#AF0000",
    "position" : {
      "x" : 1.0,
      "y" : 14.326238,
      "z" : -5.236068
    },
    "orientation" : 31
  }, {
    "shape" : "e9978eec-ea26-47bb-aa8e-936be2fa6782",
    "color" : "#FFFFFF",
    "position" : {
      "x" : -11.09017,
      "y" : 10.472136,
      "z" : 1.0
    }
  }, {
    "shape" : "e9978eec-ea26-47bb-aa8e-936be2fa6782",
    "color" : "#FFFFFF",
    "position" : {
      "x" : 7.854102,
      "y" : -3.236068,
      "z" : 12.708204
    }
  }, {
    "shape" : "f63889e2-b74e-4bc5-ac95-c3a0d80aa3ff",
    "color" : "#AF0000",
    "position" : {
      "x" : 7.854102,
      "y" : -3.236068,
      "z" : 12.708204
    },
    "orientation" : 47
  }, {
    "shape" : "e9978eec-ea26-47bb-aa8e-936be2fa6782",
    "color" : "#FFFFFF",
    "position" : {
      "x" : -1.0,
      "y" : -11.09017,
      "z" : -10.472136
    }
  }, {
    "shape" : "e9978eec-ea26-47bb-aa8e-936be2fa6782",
    "color" : "#FFFFFF",
    "position" : {
      "x" : -2.618034,
      "y" : 13.708204,
      "z" : -6.236068
    }
  }, {
    "shape" : "e9978eec-ea26-47bb-aa8e-936be2fa6782",
    "color" : "#FFFFFF",
    "position" : {
      "x" : 6.236068,
      "y" : 2.618034,
      "z" : 13.708204
    }
  }, {
    "shape" : "f63889e2-b74e-4bc5-ac95-c3a0d80aa3ff",
    "color" : "#AF0000",
    "position" : {
      "x" : 9.472136,
      "y" : 2.618034,
      "z" : 11.708204
    },
    "orientation" : 47
  }, {
    "shape" : "e9978eec-ea26-47bb-aa8e-936be2fa6782",
    "color" : "#FFFFFF",
    "position" : {
      "x" : 1.0,
      "y" : 14.326238,
      "z" : -5.236068
    }
  }, {
    "shape" : "e9978eec-ea26-47bb-aa8e-936be2fa6782",
    "color" : "#FFFFFF",
    "position" : {
      "x" : 1.0,
      "y" : -11.09017,
      "z" : 10.472136
    }
  }, {
    "shape" : "e9978eec-ea26-47bb-aa8e-936be2fa6782",
    "color" : "#FFFFFF",
    "position" : {
      "x" : -3.236068,
      "y" : -12.708204,
      "z" : -7.854102
    }
  }, {
    "shape" : "f63889e2-b74e-4bc5-ac95-c3a0d80aa3ff",
    "color" : "#AF0000",
    "position" : {
      "x" : -7.854102,
      "y" : 3.236068,
      "z" : 12.708204
    },
    "orientation" : 17
  }, {
    "shape" : "e9978eec-ea26-47bb-aa8e-936be2fa6782",
    "color" : "#FFFFFF",
    "position" : {
      "x" : -5.236068,
      "y" : 1.0,
      "z" : 14.326238
    }
  }, {
    "shape" : "f63889e2-b74e-4bc5-ac95-c3a0d80aa3ff",
    "color" : "#AF0000",
    "position" : {
      "x" : 11.708204,
      "y" : 9.472136,
      "z" : 2.618034
    },
    "orientation" : 30
  }, {
    "shape" : "e9978eec-ea26-47bb-aa8e-936be2fa6782",
    "color" : "#FFFFFF",
    "position" : {
      "x" : 1.0,
      "y" : -14.326238,
      "z" : 5.236068
    }
  }, {
    "shape" : "e9978eec-ea26-47bb-aa8e-936be2fa6782",
    "color" : "#FFFFFF",
    "position" : {
      "x" : -7.854102,
      "y" : -3.236068,
      "z" : -12.708204
    }
  }, {
    "shape" : "e9978eec-ea26-47bb-aa8e-936be2fa6782",
    "color" : "#FFFFFF",
    "position" : {
      "x" : -12.708204,
      "y" : 7.854102,
      "z" : 3.236068
    }
  }, {
    "shape" : "f63889e2-b74e-4bc5-ac95-c3a0d80aa3ff",
    "color" : "#AF0000",
    "position" : {
      "x" : 12.708204,
      "y" : -7.854102,
      "z" : 3.236068
    },
    "orientation" : 45
  }, {
    "shape" : "e9978eec-ea26-47bb-aa8e-936be2fa6782",
    "color" : "#FFFFFF",
    "position" : {
      "x" : 11.708204,
      "y" : -9.472136,
      "z" : -2.618034
    }
  }, {
    "shape" : "f63889e2-b74e-4bc5-ac95-c3a0d80aa3ff",
    "color" : "#AF0000",
    "position" : {
      "x" : 2.618034,
      "y" : 11.708204,
      "z" : 9.472136
    },
    "orientation" : 16
  } ],
  "scenes" : [ {
    "title" : "Interlaving of six beams",
    "content" : "",
    "view" : {
      "lookDirection" : {
        "x" : 0.5,
        "y" : -0.809017,
        "z" : -0.309017
      },
      "upDirection" : {
        "x" : 0.30901697,
        "y" : 0.49999997,
        "z" : -0.809017
      },
      "lookAtPoint" : {
        "x" : 0.0,
        "y" : 0.0,
        "z" : 0.0
      },
      "viewDistance" : 104.46786,
      "nearClipDistance" : 0.26116976,
      "farClipDistance" : 208.9361,
      "fieldOfView" : 0.44262943,
      "perspective" : false,
      "width" : 47.010597,
      "stereo" : false,
      "position" : {
        "x" : -52.23393,
        "y" : 84.51627,
        "z" : 32.282345
      }
    },
    "snapshot" : 7
  }, {
    "title" : "Interleaving of two beams",
    "content" : "",
    "view" : {
      "lookDirection" : {
        "x" : 0.5,
        "y" : -0.809017,
        "z" : -0.309017
      },
      "upDirection" : {
        "x" : 0.30901697,
        "y" : 0.49999997,
        "z" : -0.809017
      },
      "lookAtPoint" : {
        "x" : 0.0,
        "y" : 0.0,
        "z" : 0.0
      },
      "viewDistance" : 87.25889,
      "nearClipDistance" : 0.21814735,
      "farClipDistance" : 174.51814,
      "fieldOfView" : 0.44262952,
      "perspective" : false,
      "width" : 39.26656,
      "stereo" : false,
      "position" : {
        "x" : -43.629444,
        "y" : 70.593925,
        "z" : 26.96448
      }
    },
    "snapshot" : 5
  } ],
  "snapshots" : [ [ {
    "shape" : "e9978eec-ea26-47bb-aa8e-936be2fa6782",
    "color" : "#FFFFFF",
    "position" : {
      "x" : -11.09017,
      "y" : -10.472136,
      "z" : -1.0
    },
    "orientation" : 0
  }, {
    "shape" : "e9978eec-ea26-47bb-aa8e-936be2fa6782",
    "color" : "#FFFFFF",
    "position" : {
      "x" : 11.708204,
      "y" : 9.472136,
      "z" : 2.618034
    },
    "orientation" : 0
  }, {
    "shape" : "e9978eec-ea26-47bb-aa8e-936be2fa6782",
    "color" : "#FFFFFF",
    "position" : {
      "x" : -12.708204,
      "y" : -7.854102,
      "z" : -3.236068
    },
    "orientation" : 0
  }, {
    "shape" : "e9978eec-ea26-47bb-aa8e-936be2fa6782",
    "color" : "#FFFFFF",
    "position" : {
      "x" : 7.854102,
      "y" : -3.236068,
      "z" : 12.708204
    },
    "orientation" : 0
  }, {
    "shape" : "e9978eec-ea26-47bb-aa8e-936be2fa6782",
    "color" : "#FFFFFF",
    "position" : {
      "x" : -9.472136,
      "y" : 2.618034,
      "z" : -11.708204
    },
    "orientation" : 0
  }, {
    "shape" : "f63889e2-b74e-4bc5-ac95-c3a0d80aa3ff",
    "color" : "#AF0000",
    "position" : {
      "x" : 14.326238,
      "y" : 5.236068,
      "z" : -1.0
    },
    "orientation" : 30
  }, {
    "shape" : "e9978eec-ea26-47bb-aa8e-936be2fa6782",
    "color" : "#FFFFFF",
    "position" : {
      "x" : 11.09017,
      "y" : 10.472136,
      "z" : -1.0
    },
    "orientation" : 0
  }, {
    "shape" : "f63889e2-b74e-4bc5-ac95-c3a0d80aa3ff",
    "color" : "#AF0000",
    "position" : {
      "x" : 5.236068,
      "y" : -1.0,
      "z" : 14.326238
    },
    "orientation" : 47
  }, {
    "shape" : "e9978eec-ea26-47bb-aa8e-936be2fa6782",
    "color" : "#FFFFFF",
    "position" : {
      "x" : 9.472136,
      "y" : 2.618034,
      "z" : 11.708204
    },
    "orientation" : 0
  }, {
    "shape" : "e9978eec-ea26-47bb-aa8e-936be2fa6782",
    "color" : "#FFFFFF",
    "position" : {
      "x" : -10.472136,
      "y" : -1.0,
      "z" : -11.09017
    },
    "orientation" : 0
  }, {
    "shape" : "e9978eec-ea26-47bb-aa8e-936be2fa6782",
    "color" : "#FFFFFF",
    "position" : {
      "x" : -14.326238,
      "y" : -5.236068,
      "z" : -1.0
    },
    "orientation" : 0
  }, {
    "shape" : "f63889e2-b74e-4bc5-ac95-c3a0d80aa3ff",
    "color" : "#AF0000",
    "position" : {
      "x" : 7.854102,
      "y" : -3.236068,
      "z" : 12.708204
    },
    "orientation" : 47
  }, {
    "shape" : "e9978eec-ea26-47bb-aa8e-936be2fa6782",
    "color" : "#FFFFFF",
    "position" : {
      "x" : -11.708204,
      "y" : -9.472136,
      "z" : 2.618034
    },
    "orientation" : 0
  }, {
    "shape" : "f63889e2-b74e-4bc5-ac95-c3a0d80aa3ff",
    "color" : "#AF0000",
    "position" : {
      "x" : 13.708204,
      "y" : 6.236068,
      "z" : 2.618034
    },
    "orientation" : 30
  }, {
    "shape" : "e9978eec-ea26-47bb-aa8e-936be2fa6782",
    "color" : "#FFFFFF",
    "position" : {
      "x" : 14.326238,
      "y" : 5.236068,
      "z" : -1.0
    },
    "orientation" : 0
  }, {
    "shape" : "e9978eec-ea26-47bb-aa8e-936be2fa6782",
    "color" : "#FFFFFF",
    "position" : {
      "x" : 12.708204,
      "y" : 7.854102,
      "z" : -3.236068
    },
    "orientation" : 0
  }, {
    "shape" : "f63889e2-b74e-4bc5-ac95-c3a0d80aa3ff",
    "color" : "#AF0000",
    "position" : {
      "x" : 11.09017,
      "y" : 10.472136,
      "z" : -1.0
    },
    "orientation" : 30
  }, {
    "shape" : "e9978eec-ea26-47bb-aa8e-936be2fa6782",
    "color" : "#FFFFFF",
    "position" : {
      "x" : 6.236068,
      "y" : 2.618034,
      "z" : 13.708204
    },
    "orientation" : 0
  }, {
    "shape" : "f63889e2-b74e-4bc5-ac95-c3a0d80aa3ff",
    "color" : "#AF0000",
    "position" : {
      "x" : 6.236068,
      "y" : 2.618034,
      "z" : 13.708204
    },
    "orientation" : 47
  }, {
    "shape" : "e9978eec-ea26-47bb-aa8e-936be2fa6782",
    "color" : "#FFFFFF",
    "position" : {
      "x" : -7.854102,
      "y" : -3.236068,
      "z" : -12.708204
    },
    "orientation" : 0
  }, {
    "shape" : "e9978eec-ea26-47bb-aa8e-936be2fa6782",
    "color" : "#FFFFFF",
    "position" : {
      "x" : 13.708204,
      "y" : 6.236068,
      "z" : 2.618034
    },
    "orientation" : 0
  }, {
    "shape" : "f63889e2-b74e-4bc5-ac95-c3a0d80aa3ff",
    "color" : "#AF0000",
    "position" : {
      "x" : 10.472136,
      "y" : -1.0,
      "z" : 11.09017
    },
    "orientation" : 47
  }, {
    "shape" : "e9978eec-ea26-47bb-aa8e-936be2fa6782",
    "color" : "#FFFFFF",
    "position" : {
      "x" : -13.708204,
      "y" : -6.236068,
      "z" : 2.618034
    },
    "orientation" : 0
  }, {
    "shape" : "f63889e2-b74e-4bc5-ac95-c3a0d80aa3ff",
    "color" : "#AF0000",
    "position" : {
      "x" : 9.472136,
      "y" : 2.618034,
      "z" : 11.708204
    },
    "orientation" : 47
  }, {
    "shape" : "f63889e2-b74e-4bc5-ac95-c3a0d80aa3ff",
    "color" : "#AF0000",
    "position" : {
      "x" : 11.708204,
      "y" : 9.472136,
      "z" : 2.618034
    },
    "orientation" : 30
  }, {
    "shape" : "e9978eec-ea26-47bb-aa8e-936be2fa6782",
    "color" : "#FFFFFF",
    "position" : {
      "x" : -6.236068,
      "y" : 2.618034,
      "z" : -13.708204
    },
    "orientation" : 0
  }, {
    "shape" : "e9978eec-ea26-47bb-aa8e-936be2fa6782",
    "color" : "#FFFFFF",
    "position" : {
      "x" : 10.472136,
      "y" : -1.0,
      "z" : 11.09017
    },
    "orientation" : 0
  }, {
    "shape" : "e9978eec-ea26-47bb-aa8e-936be2fa6782",
    "color" : "#FFFFFF",
    "position" : {
      "x" : -5.236068,
      "y" : -1.0,
      "z" : -14.326238
    },
    "orientation" : 0
  }, {
    "shape" : "f63889e2-b74e-4bc5-ac95-c3a0d80aa3ff",
    "color" : "#AF0000",
    "position" : {
      "x" : 12.708204,
      "y" : 7.854102,
      "z" : -3.236068
    },
    "orientation" : 30
  }, {
    "shape" : "e9978eec-ea26-47bb-aa8e-936be2fa6782",
    "color" : "#FFFFFF",
    "position" : {
      "x" : 5.236068,
      "y" : -1.0,
      "z" : 14.326238
    },
    "orientation" : 0
  } ], [ {
    "shape" : "f63889e2-b74e-4bc5-ac95-c3a0d80aa3ff",
    "color" : "#AF0000",
    "position" : {
      "x" : -2.618034,
      "y" : -13.708204,
      "z" : 6.236068
    },
    "orientation" : 46
  }, {
    "shape" : "e9978eec-ea26-47bb-aa8e-936be2fa6782",
    "color" : "#FFFFFF",
    "position" : {
      "x" : 3.236068,
      "y" : -12.708204,
      "z" : 7.854102
    },
    "orientation" : 0
  }, {
    "shape" : "f63889e2-b74e-4bc5-ac95-c3a0d80aa3ff",
    "color" : "#AF0000",
    "position" : {
      "x" : 11.09017,
      "y" : 10.472136,
      "z" : -1.0
    },
    "orientation" : 30
  }, {
    "shape" : "e9978eec-ea26-47bb-aa8e-936be2fa6782",
    "color" : "#FFFFFF",
    "position" : {
      "x" : -12.708204,
      "y" : 7.854102,
      "z" : 3.236068
    },
    "orientation" : 0
  }, {
    "shape" : "f63889e2-b74e-4bc5-ac95-c3a0d80aa3ff",
    "color" : "#AF0000",
    "position" : {
      "x" : 5.236068,
      "y" : 1.0,
      "z" : -14.326238
    },
    "orientation" : 32
  }, {
    "shape" : "e9978eec-ea26-47bb-aa8e-936be2fa6782",
    "color" : "#FFFFFF",
    "position" : {
      "x" : 7.854102,
      "y" : -3.236068,
      "z" : 12.708204
    },
    "orientation" : 0
  }, {
    "shape" : "e9978eec-ea26-47bb-aa8e-936be2fa6782",
    "color" : "#FFFFFF",
    "position" : {
      "x" : 11.09017,
      "y" : -10.472136,
      "z" : 1.0
    },
    "orientation" : 0
  }, {
    "shape" : "f63889e2-b74e-4bc5-ac95-c3a0d80aa3ff",
    "color" : "#AF0000",
    "position" : {
      "x" : 9.472136,
      "y" : 2.618034,
      "z" : 11.708204
    },
    "orientation" : 47
  }, {
    "shape" : "f63889e2-b74e-4bc5-ac95-c3a0d80aa3ff",
    "color" : "#AF0000",
    "position" : {
      "x" : 2.618034,
      "y" : 11.708204,
      "z" : 9.472136
    },
    "orientation" : 16
  }, {
    "shape" : "e9978eec-ea26-47bb-aa8e-936be2fa6782",
    "color" : "#FFFFFF",
    "position" : {
      "x" : -13.708204,
      "y" : -6.236068,
      "z" : 2.618034
    },
    "orientation" : 0
  }, {
    "shape" : "e9978eec-ea26-47bb-aa8e-936be2fa6782",
    "color" : "#FFFFFF",
    "position" : {
      "x" : -11.09017,
      "y" : -10.472136,
      "z" : -1.0
    },
    "orientation" : 0
  }, {
    "shape" : "f63889e2-b74e-4bc5-ac95-c3a0d80aa3ff",
    "color" : "#AF0000",
    "position" : {
      "x" : 13.708204,
      "y" : -6.236068,
      "z" : -2.618034
    },
    "orientation" : 45
  }, {
    "shape" : "e9978eec-ea26-47bb-aa8e-936be2fa6782",
    "color" : "#FFFFFF",
    "position" : {
      "x" : 1.0,
      "y" : -14.326238,
      "z" : 5.236068
    },
    "orientation" : 0
  }, {
    "shape" : "e9978eec-ea26-47bb-aa8e-936be2fa6782",
    "color" : "#FFFFFF",
    "position" : {
      "x" : -1.0,
      "y" : -11.09017,
      "z" : -10.472136
    },
    "orientation" : 0
  }, {
    "shape" : "e9978eec-ea26-47bb-aa8e-936be2fa6782",
    "color" : "#FFFFFF",
    "position" : {
      "x" : -11.708204,
      "y" : 9.472136,
      "z" : -2.618034
    },
    "orientation" : 0
  }, {
    "shape" : "e9978eec-ea26-47bb-aa8e-936be2fa6782",
    "color" : "#FFFFFF",
    "position" : {
      "x" : -7.854102,
      "y" : 3.236068,
      "z" : 12.708204
    },
    "orientation" : 0
  }, {
    "shape" : "f63889e2-b74e-4bc5-ac95-c3a0d80aa3ff",
    "color" : "#AF0000",
    "position" : {
      "x" : -3.236068,
      "y" : 12.708204,
      "z" : 7.854102
    },
    "orientation" : 16
  }, {
    "shape" : "e9978eec-ea26-47bb-aa8e-936be2fa6782",
    "color" : "#FFFFFF",
    "position" : {
      "x" : -10.472136,
      "y" : -1.0,
      "z" : -11.09017
    },
    "orientation" : 0
  }, {
    "shape" : "f63889e2-b74e-4bc5-ac95-c3a0d80aa3ff",
    "color" : "#AF0000",
    "position" : {
      "x" : 3.236068,
      "y" : -12.708204,
      "z" : 7.854102
    },
    "orientation" : 46
  }, {
    "shape" : "e9978eec-ea26-47bb-aa8e-936be2fa6782",
    "color" : "#FFFFFF",
    "position" : {
      "x" : -11.708204,
      "y" : -9.472136,
      "z" : 2.618034
    },
    "orientation" : 0
  }, {
    "shape" : "e9978eec-ea26-47bb-aa8e-936be2fa6782",
    "color" : "#FFFFFF",
    "position" : {
      "x" : 11.09017,
      "y" : 10.472136,
      "z" : -1.0
    },
    "orientation" : 0
  }, {
    "shape" : "e9978eec-ea26-47bb-aa8e-936be2fa6782",
    "color" : "#FFFFFF",
    "position" : {
      "x" : 9.472136,
      "y" : -2.618034,
      "z" : -11.708204
    },
    "orientation" : 0
  }, {
    "shape" : "e9978eec-ea26-47bb-aa8e-936be2fa6782",
    "color" : "#FFFFFF",
    "position" : {
