{
  "field" : "golden",
  "symmetry" : "icosahedral",
  "orientations" : [ [ 1.0, 0.0, 0.0, 0.0, 0.0, 1.0, 0.0, 0.0, 0.0, 0.0, 1.0, 0.0, 0.0, 0.0, 0.0, 1.0 ], [ 0.0, 0.0, 1.0, 0.0, 1.0, 0.0, 0.0, 0.0, 0.0, 1.0, 0.0, 0.0, 0.0, 0.0, 0.0, 1.0 ], [ 0.0, 1.0, 0.0, 0.0, 0.0, 0.0, 1.0, 0.0, 1.0, 0.0, 0.0, 0.0, 0.0, 0.0, 0.0, 1.0 ], [ 0.809017, 0.309017, 0.5, 0.0, 0.309017, 0.5, -0.809017, 0.0, -0.5, 0.809017, 0.309017, 0.0, 0.0, 0.0, 0.0, 1.0 ], [ -0.5, 0.809017, 0.309017, 0.0, 0.809017, 0.309017, 0.5, 0.0, 0.309017, 0.5, -0.809017, 0.0, 0.0, 0.0, 0.0, 1.0 ], [ 0.309017, 0.5, -0.809017, 0.0, -0.5, 0.809017, 0.309017, 0.0, 0.809017, 0.309017, 0.5, 0.0, 0.0, 0.0, 0.0, 1.0 ], [ 0.5, 0.809017, 0.309017, 0.0, 0.809017, -0.309017, -0.5, 0.0, -0.309017, 0.5, -0.809017, 0.0, 0.0, 0.0, 0.0, 1.0 ], [ -0.309017, 0.5, -0.809017, 0.0, 0.5, 0.809017, 0.309017, 0.0, 0.809017, -0.309017, -0.5, 0.0, 0.0, 0.0, 0.0, 1.0 ], [ 0.809017, -0.309017, -0.5, 0.0, -0.309017, 0.5, -0.809017, 0.0, 0.5, 0.809017, 0.309017, 0.0, 0.0, 0.0, 0.0, 1.0 ], [ 0.5, 0.809017, -0.309017, 0.0, 0.809017, -0.309017, 0.5, 0.0, 0.309017, -0.5, -0.809017, 0.0, 0.0, 0.0, 0.0, 1.0 ], [ 0.309017, -0.5, -0.809017, 0.0, 0.5, 0.809017, -0.309017, 0.0, 0.809017, -0.309017, 0.5, 0.0, 0.0, 0.0, 0.0, 1.0 ], [ 0.809017, -0.309017, 0.5, 0.0, 0.309017, -0.5, -0.809017, 0.0, 0.5, 0.809017, -0.309017, 0.0, 0.0, 0.0, 0.0, 1.0 ], [ 0.809017, 0.309017, -0.5, 0.0, 0.309017, 0.5, 0.809017, 0.0, 0.5, -0.809017, 0.309017, 0.0, 0.0, 0.0, 0.0, 1.0 ], [ 0.5, -0.809017, 0.309017, 0.0, 0.809017, 0.309017, -0.5, 0.0, 0.309017, 0.5, 0.809017, 0.0, 0.0, 0.0, 0.0, 1.0 ], [ 0.309017, 0.5, 0.809017, 0.0, 0.5, -0.809017, 0.309017, 0.0, 0.809017, 0.309017, -0.5, 0.0, 0.0, 0.0, 0.0, 1.0 ], [ 1.0, 0.0, 0.0, 0.0, 0.0, -1.0, 0.0, 0.0, 0.0, 0.0, -1.0, 0.0, 0.0, 0.0, 0.0, 1.0 ], [ 0.0, 0.0, 1.0, 0.0, -1.0, 0.0, 0.0, 0.0, 0.0, -1.0, 0.0, 0.0, 0.0, 0.0, 0.0, 1.0 ], [ 0.0, 1.0, 0.0, 0.0, 0.0, 0.0, -1.0, 0.0, -1.0, 0.0, 0.0, 0.0, 0.0, 0.0, 0.0, 1.0 ], [ 0.809017, 0.309017, 0.5, 0.0, -0.309017, -0.5, 0.809017, 0.0, 0.5, -0.809017, -0.309017, 0.0, 0.0, 0.0, 0.0, 1.0 ], [ -0.5, 0.809017, 0.309017, 0.0, -0.809017, -0.309017, -0.5, 0.0, -0.309017, -0.5, 0.809017, 0.0, 0.0, 0.0, 0.0, 1.0 ], [ 0.309017, 0.5, -0.809017, 0.0, 0.5, -0.809017, -0.309017, 0.0, -0.809017, -0.309017, -0.5, 0.0, 0.0, 0.0, 0.0, 1.0 ], [ 0.5, 0.809017, 0.309017, 0.0, -0.809017, 0.309017, 0.5, 0.0, 0.309017, -0.5, 0.809017, 0.0, 0.0, 0.0, 0.0, 1.0 ], [ -0.309017, 0.5, -0.809017, 0.0, -0.5, -0.809017, -0.309017, 0.0, -0.809017, 0.309017, 0.5, 0.0, 0.0, 0.0, 0.0, 1.0 ], [ 0.809017, -0.309017, -0.5, 0.0, 0.309017, -0.5, 0.809017, 0.0, -0.5, -0.809017, -0.309017, 0.0, 0.0, 0.0, 0.0, 1.0 ], [ 0.5, 0.809017, -0.309017, 0.0, -0.809017, 0.309017, -0.5, 0.0, -0.309017, 0.5, 0.809017, 0.0, 0.0, 0.0, 0.0, 1.0 ], [ 0.309017, -0.5, -0.809017, 0.0, -0.5, -0.809017, 0.309017, 0.0, -0.809017, 0.309017, -0.5, 0.0, 0.0, 0.0, 0.0, 1.0 ], [ 0.809017, -0.309017, 0.5, 0.0, -0.309017, 0.5, 0.809017, 0.0, -0.5, -0.809017, 0.309017, 0.0, 0.0, 0.0, 0.0, 1.0 ], [ 0.809017, 0.309017, -0.5, 0.0, -0.309017, -0.5, -0.809017, 0.0, -0.5, 0.809017, -0.309017, 0.0, 0.0, 0.0, 0.0, 1.0 ], [ 0.5, -0.809017, 0.309017, 0.0, -0.809017, -0.309017, 0.5, 0.0, -0.309017, -0.5, -0.809017, 0.0, 0.0, 0.0, 0.0, 1.0 ], [ 0.309017, 0.5, 0.809017, 0.0, -0.5, 0.809017, -0.309017, 0.0, -0.809017, -0.309017, 0.5, 0.0, 0.0, 0.0, 0.0, 1.0 ], [ -1.0, 0.0, 0.0, 0.0, 0.0, -1.0, 0.0, 0.0, 0.0, 0.0, 1.0, 0.0, 0.0, 0.0, 0.0, 1.0 ], [ 0.0, 0.0, -1.0, 0.0, -1.0, 0.0, 0.0, 0.0, 0.0, 1.0, 0.0, 0.0, 0.0, 0.0, 0.0, 1.0 ], [ 0.0, -1.0, 0.0, 0.0, 0.0, 0.0, -1.0, 0.0, 1.0, 0.0, 0.0, 0.0, 0.0, 0.0, 0.0, 1.0 ], [ -0.809017, -0.309017, -0.5, 0.0, -0.309017, -0.5, 0.809017, 0.0, -0.5, 0.809017, 0.309017, 0.0, 0.0, 0.0, 0.0, 1.0 ], [ 0.5, -0.809017, -0.309017, 0.0, -0.809017, -0.309017, -0.5, 0.0, 0.309017, 0.5, -0.809017, 0.0, 0.0, 0.0, 0.0, 1.0 ], [ -0.309017, -0.5, 0.809017, 0.0, 0.5, -0.809017, -0.309017, 0.0, 0.809017, 0.309017, 0.5, 0.0, 0.0, 0.0, 0.0, 1.0 ], [ -0.5, -0.809017, -0.309017, 0.0, -0.809017, 0.309017, 0.5, 0.0, -0.309017, 0.5, -0.809017, 0.0, 0.0, 0.0, 0.0, 1.0 ], [ 0.309017, -0.5, 0.809017, 0.0, -0.5, -0.809017, -0.309017, 0.0, 0.809017, -0.309017, -0.5, 0.0, 0.0, 0.0, 0.0, 1.0 ], [ -0.809017, 0.309017, 0.5, 0.0, 0.309017, -0.5, 0.809017, 0.0, 0.5, 0.809017, 0.309017, 0.0, 0.0, 0.0, 0.0, 1.0 ], [ -0.5, -0.809017, 0.309017, 0.0, -0.809017, 0.309017, -0.5, 0.0, 0.309017, -0.5, -0.809017, 0.0, 0.0, 0.0, 0.0, 1.0 ], [ -0.309017, 0.5, 0.809017, 0.0, -0.5, -0.809017, 0.309017, 0.0, 0.809017, -0.309017, 0.5, 0.0, 0.0, 0.0, 0.0, 1.0 ], [ -0.809017, 0.309017, -0.5, 0.0, -0.309017, 0.5, 0.809017, 0.0, 0.5, 0.809017, -0.309017, 0.0, 0.0, 0.0, 0.0, 1.0 ], [ -0.809017, -0.309017, 0.5, 0.0, -0.309017, -0.5, -0.809017, 0.0, 0.5, -0.809017, 0.309017, 0.0, 0.0, 0.0, 0.0, 1.0 ], [ -0.5, 0.809017, -0.309017, 0.0, -0.809017, -0.309017, 0.5, 0.0, 0.309017, 0.5, 0.809017, 0.0, 0.0, 0.0, 0.0, 1.0 ], [ -0.309017, -0.5, -0.809017, 0.0, -0.5, 0.809017, -0.309017, 0.0, 0.809017, 0.309017, -0.5, 0.0, 0.0, 0.0, 0.0, 1.0 ], [ -1.0, 0.0, 0.0, 0.0, 0.0, 1.0, 0.0, 0.0, 0.0, 0.0, -1.0, 0.0, 0.0, 0.0, 0.0, 1.0 ], [ 0.0, 0.0, -1.0, 0.0, 1.0, 0.0, 0.0, 0.0, 0.0, -1.0, 0.0, 0.0, 0.0, 0.0, 0.0, 1.0 ], [ 0.0, -1.0, 0.0, 0.0, 0.0, 0.0, 1.0, 0.0, -1.0, 0.0, 0.0, 0.0, 0.0, 0.0, 0.0, 1.0 ], [ -0.809017, -0.309017, -0.5, 0.0, 0.309017, 0.5, -0.809017, 0.0, 0.5, -0.809017, -0.309017, 0.0, 0.0, 0.0, 0.0, 1.0 ], [ 0.5, -0.809017, -0.309017, 0.0, 0.809017, 0.309017, 0.5, 0.0, -0.309017, -0.5, 0.809017, 0.0, 0.0, 0.0, 0.0, 1.0 ], [ -0.309017, -0.5, 0.809017, 0.0, -0.5, 0.809017, 0.309017, 0.0, -0.809017, -0.309017, -0.5, 0.0, 0.0, 0.0, 0.0, 1.0 ], [ -0.5, -0.809017, -0.309017, 0.0, 0.809017, -0.309017, -0.5, 0.0, 0.309017, -0.5, 0.809017, 0.0, 0.0, 0.0, 0.0, 1.0 ], [ 0.309017, -0.5, 0.809017, 0.0, 0.5, 0.809017, 0.309017, 0.0, -0.809017, 0.309017, 0.5, 0.0, 0.0, 0.0, 0.0, 1.0 ], [ -0.809017, 0.309017, 0.5, 0.0, -0.309017, 0.5, -0.809017, 0.0, -0.5, -0.809017, -0.309017, 0.0, 0.0, 0.0, 0.0, 1.0 ], [ -0.5, -0.809017, 0.309017, 0.0, 0.809017, -0.309017, 0.5, 0.0, -0.309017, 0.5, 0.809017, 0.0, 0.0, 0.0, 0.0, 1.0 ], [ -0.309017, 0.5, 0.809017, 0.0, 0.5, 0.809017, -0.309017, 0.0, -0.809017, 0.309017, -0.5, 0.0, 0.0, 0.0, 0.0, 1.0 ], [ -0.809017, 0.309017, -0.5, 0.0, 0.309017, -0.5, -0.809017, 0.0, -0.5, -0.809017, 0.309017, 0.0, 0.0, 0.0, 0.0, 1.0 ], [ -0.809017, -0.309017, 0.5, 0.0, 0.309017, 0.5, 0.809017, 0.0, -0.5, 0.809017, -0.309017, 0.0, 0.0, 0.0, 0.0, 1.0 ], [ -0.5, 0.809017, -0.309017, 0.0, 0.809017, 0.309017, -0.5, 0.0, -0.309017, -0.5, -0.809017, 0.0, 0.0, 0.0, 0.0, 1.0 ], [ -0.309017, -0.5, -0.809017, 0.0, 0.5, -0.809017, 0.309017, 0.0, -0.809017, -0.309017, 0.5, 0.0, 0.0, 0.0, 0.0, 1.0 ] ],
  "lights" : {
    "backgroundColor" : "#AFC8DC",
    "ambientColor" : "#292929",
    "directionalLights" : [ {
      "direction" : {
        "x" : 1.0,
        "y" : -1.0,
        "z" : -1.0
      },
      "color" : "#EBEBE4"
    }, {
      "direction" : {
        "x" : -1.0,
        "y" : 0.0,
        "z" : 0.0
      },
      "color" : "#E4E4EB"
    }, {
      "direction" : {
        "x" : 0.0,
        "y" : 0.0,
        "z" : -1.0
      },
      "color" : "#1E1E1E"
    } ]
  },
  "camera" : {
    "viewDistance" : 415.2495,
    "nearClipDistance" : 1.0381236,
    "farClipDistance" : 830.49854,
    "lookAtPoint" : {
      "x" : 0.0,
      "y" : 0.0,
      "z" : 0.0
    },
    "fieldOfView" : 0.44262916,
    "perspective" : false,
    "lookDirection" : {
      "x" : -0.5257311,
      "y" : 0.0,
      "z" : -0.8506508
    },
    "upDirection" : {
      "x" : -0.26286557,
      "y" : 0.9510565,
      "z" : 0.16245985
    },
    "width" : 186.8624,
    "stereo" : false,
    "position" : {
      "x" : 218.30957,
      "y" : 0.0,
      "z" : 353.23233
    }
  },
  "embedding" : [ 1.0, 0.0, 0.0, 0.0, 0.0, 1.0, 0.0, 0.0, 0.0, 0.0, 1.0, 0.0, 0.0, 0.0, 0.0, 1.0 ],
  "shapes" : [ {
    "id" : "70bd2460-fa63-427d-b63c-a0c2bb0d6a83",
    "vertices" : [ {
      "x" : -35.888542,
      "y" : 8.472136,
      "z" : -35.888542
    }, {
      "x" : -22.18034,
      "y" : 0.0,
      "z" : -35.888542
    }, {
      "x" : -22.18034,
      "y" : 13.708204,
      "z" : -44.36068
    } ],
    "faces" : [ {
      "vertices" : [ 0, 1, 2 ]
    }, {
      "vertices" : [ 0, 2, 1 ]
    } ]
  }, {
    "id" : "ce954f6c-8dd4-410c-b625-b1cdb9a8d953",
    "vertices" : [ {
      "x" : -35.888542,
      "y" : -8.472136,
      "z" : -35.888542
    }, {
      "x" : -22.18034,
      "y" : 0.0,
      "z" : -35.888542
    }, {
      "x" : -35.888542,
      "y" : 8.472136,
      "z" : -35.888542
    } ],
    "faces" : [ {
      "vertices" : [ 0, 1, 2 ]
    }, {
      "vertices" : [ 0, 2, 1 ]
    } ]
  }, {
    "id" : "fad6669e-a940-465f-8b71-f689ef2306fe",
    "vertices" : [ {
      "x" : 33.27051,
      "y" : -24.798374,
      "z" : 33.27051
    }, {
      "x" : 40.12461,
      "y" : -27.416409,
      "z" : 29.034441
    }, {
      "x" : 37.506577,
      "y" : -29.034441,
      "z" : 29.034441
    } ],
    "faces" : [ {
      "vertices" : [ 0, 1, 2 ]
    }, {
      "vertices" : [ 0, 2, 1 ]
    } ]
  }, {
    "id" : "a7fa4840-959d-4d0b-b060-38b01b71627f",
    "vertices" : [ {
      "x" : -22.18034,
      "y" : 35.888542,
      "z" : 13.708204
    }, {
      "x" : -35.888542,
      "y" : 35.888542,
      "z" : 8.472136
    }, {
      "x" : -35.888542,
      "y" : 35.888542,
      "z" : -8.472136
    } ],
    "faces" : [ {
      "vertices" : [ 0, 1, 2 ]
    }, {
      "vertices" : [ 0, 2, 1 ]
    } ]
  }, {
    "id" : "79e02c79-84df-4ae9-9413-b394e220dbbf",
    "vertices" : [ {
      "x" : -24.798374,
      "y" : 46.978714,
      "z" : -2.618034
    }, {
      "x" : -24.798374,
      "y" : 44.36068,
      "z" : -9.472136
    }, {
      "x" : -22.18034,
      "y" : 51.214783,
      "z" : -9.472136
    } ],
    "faces" : [ {
      "vertices" : [ 0, 1, 2 ]
    }, {
      "vertices" : [ 0, 2, 1 ]
    } ]
  }, {
    "id" : "f4f81e91-e816-4215-b424-79d2b84cc586",
    "vertices" : [ {
      "x" : 35.888542,
      "y" : 13.708204,
      "z" : 22.18034
    }, {
      "x" : 35.888542,
      "y" : 0.0,
      "z" : 13.708204
    }, {
      "x" : 22.18034,
      "y" : 0.0,
      "z" : 35.888542
    }, {
      "x" : 22.18034,
      "y" : 13.708204,
      "z" : 44.36068
    } ],
    "faces" : [ {
      "vertices" : [ 0, 1, 2 ]
    }, {
      "vertices" : [ 0, 2, 3 ]
    }, {
      "vertices" : [ 0, 3, 2 ]
    }, {
      "vertices" : [ 0, 2, 1 ]
    } ]
  }, {
    "id" : "2be7344e-5ca0-476b-9a57-5dec387093ee",
    "vertices" : [ {
      "x" : 0.0,
      "y" : 44.36068,
      "z" : 0.0
    }, {
      "x" : 0.0,
      "y" : 49.59675,
      "z" : -13.708204
    }, {
      "x" : 13.708204,
      "y" : 44.36068,
      "z" : -22.18034
    } ],
    "faces" : [ {
      "vertices" : [ 0, 1, 2 ]
    }, {
      "vertices" : [ 0, 2, 1 ]
    } ]
  }, {
    "id" : "db4d951a-6785-49dd-b2d6-6df952188588",
    "vertices" : [ {
      "x" : 11.09017,
      "y" : 55.45085,
      "z" : -2.618034
    }, {
      "x" : 6.854102,
      "y" : 51.214783,
      "z" : -6.854102
    }, {
      "x" : 33.27051,
      "y" : 24.798374,
      "z" : -33.27051
    }, {
      "x" : 37.506577,
      "y" : 29.034441,
      "z" : -29.034441
    } ],
    "faces" : [ {
      "vertices" : [ 0, 1, 2 ]
    }, {
      "vertices" : [ 0, 2, 3 ]
    }, {
      "vertices" : [ 0, 3, 2 ]
    }, {
      "vertices" : [ 0, 2, 1 ]
    } ]
  }, {
    "id" : "d56b43b1-510e-4c60-af47-43e3b7201ab4",
    "vertices" : [ {
      "x" : -40.12461,
      "y" : 27.416409,
      "z" : 29.034441
    }, {
      "x" : -40.12461,
      "y" : 24.798374,
      "z" : 22.18034
    }, {
      "x" : -13.708204,
      "y" : 51.214783,
      "z" : -4.236068
    }, {
      "x" : -13.708204,
      "y" : 53.832817,
      "z" : 2.618034
    } ],
    "faces" : [ {
      "vertices" : [ 0, 1, 2 ]
    }, {
      "vertices" : [ 0, 2, 3 ]
    }, {
      "vertices" : [ 0, 3, 2 ]
    }, {
      "vertices" : [ 0, 2, 1 ]
    } ]
  }, {
    "id" : "3660f643-ed73-4f8a-96bd-a2e68094da5d",
    "vertices" : [ {
      "x" : -33.27051,
      "y" : -35.888542,
      "z" : 26.416409
    }, {
      "x" : -33.27051,
      "y" : -38.506577,
      "z" : 24.798374
    }, {
      "x" : -49.59675,
      "y" : 4.236068,
      "z" : 24.798374
    }, {
      "x" : -49.59675,
      "y" : 6.854102,
      "z" : 26.416409
    } ],
    "faces" : [ {
      "vertices" : [ 0, 1, 2 ]
    }, {
      "vertices" : [ 0, 2, 3 ]
    }, {
      "vertices" : [ 0, 3, 2 ]
    }, {
      "vertices" : [ 0, 2, 1 ]
    } ]
  }, {
    "id" : "684abaf5-02cf-4e15-9c0a-6a57348b4da9",
    "vertices" : [ {
      "x" : -27.416409,
      "y" : -29.034441,
      "z" : -40.12461
    }, {
      "x" : -24.798374,
      "y" : -22.18034,
      "z" : -40.12461
    }, {
      "x" : -51.214783,
      "y" : 4.236068,
      "z" : -13.708204
    }, {
      "x" : -53.832817,
      "y" : -2.618034,
      "z" : -13.708204
    } ],
    "faces" : [ {
      "vertices" : [ 0, 1, 2 ]
    }, {
      "vertices" : [ 0, 2, 3 ]
    }, {
      "vertices" : [ 0, 3, 2 ]
    }, {
      "vertices" : [ 0, 2, 1 ]
    } ]
  }, {
    "id" : "9d4621eb-5d88-4e30-97d7-7fdabd78694d",
    "vertices" : [ {
      "x" : 49.59675,
      "y" : -6.854102,
      "z" : 17.944271
    }, {
      "x" : 45.36068,
      "y" : -11.09017,
      "z" : 22.18034
    }, {
      "x" : 49.59675,
      "y" : -6.854102,
      "z" : 26.416409
    } ],
    "faces" : [ {
      "vertices" : [ 0, 1, 2 ]
    }, {
      "vertices" : [ 0, 2, 1 ]
    } ]
  }, {
    "id" : "f2e41b6f-cd67-448a-8a6e-6e69f4d2a903",
    "vertices" : [ {
      "x" : 6.854102,
      "y" : -51.214783,
      "z" : -1.618034
    }, {
      "x" : 37.506577,
      "y" : -20.562305,
      "z" : 29.034441
    }, {
      "x" : 33.27051,
      "y" : -24.798374,
      "z" : 33.27051
    }, {
      "x" : 6.854102,
      "y" : -51.214783,
      "z" : 6.854102
    } ],
    "faces" : [ {
      "vertices" : [ 0, 1, 2 ]
    }, {
      "vertices" : [ 0, 2, 3 ]
    }, {
      "vertices" : [ 0, 3, 2 ]
    }, {
      "vertices" : [ 0, 2, 1 ]
    } ]
  }, {
    "id" : "001d4347-b449-4d47-9a13-1cfd4e87c90c",
    "vertices" : [ {
      "x" : -35.888542,
      "y" : -13.708204,
      "z" : -22.18034
    }, {
      "x" : -35.888542,
      "y" : 0.0,
      "z" : -13.708204
    }, {
      "x" : -35.888542,
      "y" : 13.708204,
      "z" : -22.18034
    }, {
      "x" : -35.888542,
      "y" : 8.472136,
      "z" : -35.888542
    } ],
    "faces" : [ {
      "vertices" : [ 0, 1, 2 ]
    }, {
      "vertices" : [ 0, 2, 3 ]
    }, {
      "vertices" : [ 0, 3, 2 ]
    }, {
      "vertices" : [ 0, 2, 1 ]
    } ]
  }, {
    "id" : "6f89ab88-70ac-4f3c-85c4-cdcb03568fc0",
    "vertices" : [ {
      "x" : -29.034441,
      "y" : 37.506577,
      "z" : 20.562305
    }, {
      "x" : 1.618034,
      "y" : 6.854102,
      "z" : 51.214783
    }, {
      "x" : 4.236068,
      "y" : 13.708204,
      "z" : 51.214783
    }, {
      "x" : -22.18034,
      "y" : 40.12461,
      "z" : 24.798374
    } ],
    "faces" : [ {
      "vertices" : [ 0, 1, 2 ]
    }, {
      "vertices" : [ 0, 2, 3 ]
    }, {
      "vertices" : [ 0, 3, 2 ]
    }, {
      "vertices" : [ 0, 2, 1 ]
    } ]
  }, {
    "id" : "79942a74-f9fd-4981-b983-2c4771e9a62a",
    "vertices" : [ {
      "x" : 13.708204,
      "y" : 53.832817,
      "z" : -2.618034
    }, {
      "x" : 11.09017,
      "y" : 55.45085,
      "z" : -2.618034
    }, {
      "x" : 37.506577,
      "y" : 29.034441,
      "z" : -29.034441
    }, {
      "x" : 40.12461,
      "y" : 27.416409,
      "z" : -29.034441
    } ],
    "faces" : [ {
      "vertices" : [ 0, 1, 2 ]
    }, {
      "vertices" : [ 0, 2, 3 ]
    }, {
      "vertices" : [ 0, 3, 2 ]
    }, {
      "vertices" : [ 0, 2, 1 ]
    } ]
  }, {
    "id" : "4b2a755e-c628-4a16-b475-80b46081dcbb",
    "vertices" : [ {
      "x" : 8.472136,
      "y" : 35.888542,
      "z" : -35.888542
    }, {
      "x" : 0.0,
      "y" : 35.888542,
      "z" : -22.18034
    }, {
      "x" : -8.472136,
      "y" : 35.888542,
      "z" : -35.888542
    } ],
    "faces" : [ {
      "vertices" : [ 0, 1, 2 ]
    }, {
      "vertices" : [ 0, 2, 1 ]
    } ]
  }, {
    "id" : "a4b12e4a-ef97-4797-aa8f-9605ebd820c8",
    "vertices" : [ {
      "x" : 22.18034,
      "y" : -35.888542,
      "z" : -13.708204
    }, {
      "x" : 13.708204,
      "y" : -35.888542,
      "z" : 0.0
    }, {
      "x" : 35.888542,
      "y" : -22.18034,
      "z" : 0.0
    }, {
      "x" : 44.36068,
      "y" : -22.18034,
      "z" : -13.708204
    } ],
    "faces" : [ {
      "vertices" : [ 0, 1, 2 ]
    }, {
      "vertices" : [ 0, 2, 3 ]
    }, {
      "vertices" : [ 0, 3, 2 ]
    }, {
      "vertices" : [ 0, 2, 1 ]
    } ]
  }, {
    "id" : "3eba0853-df46-43b8-8d44-ac6bcc5b6fe8",
    "vertices" : [ {
      "x" : 29.034441,
      "y" : 40.12461,
      "z" : -27.416409
    }, {
      "x" : 22.18034,
      "y" : 40.12461,
      "z" : -24.798374
    }, {
      "x" : -4.236068,
      "y" : 13.708204,
      "z" : -51.214783
    }, {
      "x" : 2.618034,
      "y" : 13.708204,
      "z" : -53.832817
    } ],
    "faces" : [ {
      "vertices" : [ 0, 1, 2 ]
    }, {
      "vertices" : [ 0, 2, 3 ]
    }, {
      "vertices" : [ 0, 3, 2 ]
    }, {
      "vertices" : [ 0, 2, 1 ]
    } ]
  }, {
    "id" : "f43b52e4-57f1-4902-8b18-8a961de735a0",
    "vertices" : [ {
      "x" : -24.798374,
      "y" : 49.59675,
      "z" : 4.236068
    }, {
      "x" : -26.416409,
      "y" : 49.59675,
      "z" : 6.854102
    }, {
      "x" : -26.416409,
      "y" : 33.27051,
      "z" : -35.888542
    }, {
      "x" : -24.798374,
      "y" : 33.27051,
      "z" : -38.506577
    } ],
    "faces" : [ {
      "vertices" : [ 0, 1, 2 ]
    }, {
      "vertices" : [ 0, 2, 3 ]
    }, {
      "vertices" : [ 0, 3, 2 ]
    }, {
      "vertices" : [ 0, 2, 1 ]
    } ]
  }, {
    "id" : "edbb6590-49a8-4dab-ab8c-16abd6636391",
    "vertices" : [ {
      "x" : -44.36068,
      "y" : -22.18034,
      "z" : 13.708204
    }, {
      "x" : -35.888542,
      "y" : -22.18034,
      "z" : 0.0
    }, {
      "x" : -49.59675,
      "y" : -13.708204,
      "z" : 0.0
    } ],
    "faces" : [ {
      "vertices" : [ 0, 1, 2 ]
    }, {
      "vertices" : [ 0, 2, 1 ]
    } ]
  }, {
    "id" : "7931b7f9-639d-4267-9d8a-51005a532983",
    "vertices" : [ {
      "x" : -22.18034,
      "y" : 0.0,
      "z" : -35.888542
    }, {
      "x" : -22.18034,
      "y" : -22.18034,
      "z" : -22.18034
    }, {
      "x" : 0.0,
      "y" : -35.888542,
      "z" : -22.18034
    }, {
      "x" : 0.0,
      "y" : -13.708204,
      "z" : -35.888542
    } ],
    "faces" : [ {
      "vertices" : [ 0, 1, 2 ]
    }, {
      "vertices" : [ 0, 2, 3 ]
    }, {
      "vertices" : [ 0, 3, 2 ]
    }, {
      "vertices" : [ 0, 2, 1 ]
    } ]
  }, {
    "id" : "92ce42ed-f6e7-4e21-8ecd-24a41c963dd3",
    "vertices" : [ {
      "x" : -51.214783,
      "y" : 1.618034,
      "z" : -6.854102
    }, {
      "x" : -51.214783,
      "y" : -6.854102,
      "z" : -6.854102
    }, {
      "x" : -55.45085,
      "y" : -2.618034,
      "z" : -11.09017
    } ],
    "faces" : [ {
      "vertices" : [ 0, 1, 2 ]
    }, {
      "vertices" : [ 0, 2, 1 ]
    } ]
  }, {
    "id" : "cce468a6-2e40-460c-bcd3-27bb53b2ae26",
    "vertices" : [ {
      "x" : 22.18034,
      "y" : -35.888542,
      "z" : 13.708204
    }, {
      "x" : 13.708204,
      "y" : -35.888542,
      "z" : 0.0
    }, {
      "x" : 0.0,
      "y" : -35.888542,
      "z" : 22.18034
    }, {
      "x" : 8.472136,
      "y" : -35.888542,
      "z" : 35.888542
    } ],
    "faces" : [ {
      "vertices" : [ 0, 1, 2 ]
    }, {
      "vertices" : [ 0, 2, 3 ]
    }, {
      "vertices" : [ 0, 3, 2 ]
    }, {
      "vertices" : [ 0, 2, 1 ]
    } ]
  }, {
    "id" : "7d17c385-faeb-48b0-a6fa-50c986df8500",
    "vertices" : [ {
      "x" : -49.59675,
      "y" : 6.854102,
      "z" : 26.416409
    }, {
      "x" : -42.742645,
      "y" : 6.854102,
      "z" : 29.034441
    }, {
      "x" : -26.416409,
      "y" : -35.888542,
      "z" : 29.034441
    }, {
      "x" : -33.27051,
      "y" : -35.888542,
      "z" : 26.416409
    } ],
    "faces" : [ {
      "vertices" : [ 0, 1, 2 ]
    }, {
      "vertices" : [ 0, 2, 3 ]
    }, {
      "vertices" : [ 0, 3, 2 ]
    }, {
      "vertices" : [ 0, 2, 1 ]
    } ]
  }, {
    "id" : "e20a3f14-7b15-49a7-a526-6697dc704c04",
    "vertices" : [ {
      "x" : 29.034441,
      "y" : 26.416409,
      "z" : 35.888542
    }, {
      "x" : 22.18034,
      "y" : 26.416409,
      "z" : 38.506577
    }, {
      "x" : 24.798374,
      "y" : 33.27051,
      "z" : 38.506577
    } ],
    "faces" : [ {
      "vertices" : [ 0, 1, 2 ]
    }, {
      "vertices" : [ 0, 2, 1 ]
    } ]
  }, {
    "id" : "6f839a88-ad1b-4008-82bd-c66b114af37c",
    "vertices" : [ {
      "x" : -22.18034,
      "y" : 35.888542,
      "z" : -13.708204
    }, {
      "x" : -13.708204,
      "y" : 44.36068,
      "z" : -22.18034
    }, {
      "x" : 0.0,
      "y" : 49.59675,
      "z" : -13.708204
    } ],
    "faces" : [ {
      "vertices" : [ 0, 1, 2 ]
    }, {
      "vertices" : [ 0, 2, 1 ]
    } ]
  }, {
    "id" : "3ee785a2-6e20-4306-99d0-137b56f966d1",
    "vertices" : [ {
      "x" : -49.59675,
      "y" : -6.854102,
      "z" : -26.416409
    }, {
      "x" : -42.742645,
      "y" : -6.854102,
      "z" : -29.034441
    }, {
      "x" : -26.416409,
      "y" : 35.888542,
      "z" : -29.034441
    }, {
      "x" : -33.27051,
      "y" : 35.888542,
      "z" : -26.416409
    } ],
    "faces" : [ {
      "vertices" : [ 0, 1, 2 ]
    }, {
      "vertices" : [ 0, 2, 3 ]
    }, {
      "vertices" : [ 0, 3, 2 ]
    }, {
      "vertices" : [ 0, 2, 1 ]
    } ]
  }, {
    "id" : "a4717442-9566-464d-8bf1-1d27773d97fe",
    "vertices" : [ {
      "x" : -37.506577,
      "y" : -20.562305,
      "z" : -29.034441
    }, {
      "x" : -6.854102,
      "y" : -51.214783,
      "z" : 1.618034
    }, {
      "x" : -13.708204,
      "y" : -51.214783,
      "z" : 4.236068
    }, {
      "x" : -40.12461,
      "y" : -24.798374,
      "z" : -22.18034
    } ],
    "faces" : [ {
      "vertices" : [ 0, 1, 2 ]
    }, {
      "vertices" : [ 0, 2, 3 ]
    }, {
      "vertices" : [ 0, 3, 2 ]
    }, {
      "vertices" : [ 0, 2, 1 ]
    } ]
  }, {
    "id" : "051fccab-0903-4b76-8dce-98154b3c76ff",
    "vertices" : [ {
      "x" : -24.798374,
      "y" : 33.27051,
      "z" : 33.27051
    }, {
      "x" : -20.562305,
      "y" : 29.034441,
      "z" : 37.506577
    }, {
      "x" : -27.416409,
      "y" : 29.034441,
      "z" : 40.12461
    } ],
    "faces" : [ {
      "vertices" : [ 0, 1, 2 ]
    }, {
      "vertices" : [ 0, 2, 1 ]
    } ]
  }, {
    "id" : "de7fb708-70e6-42ef-93bc-c8645e289fcf",
    "vertices" : [ {
      "x" : -33.27051,
      "y" : 38.506577,
      "z" : -24.798374
    }, {
      "x" : -33.27051,
      "y" : 35.888542,
      "z" : -17.944271
    }, {
      "x" : -49.59675,
      "y" : -6.854102,
      "z" : -17.944271
    }, {
      "x" : -49.59675,
      "y" : -4.236068,
      "z" : -24.798374
    } ],
    "faces" : [ {
      "vertices" : [ 0, 1, 2 ]
    }, {
      "vertices" : [ 0, 2, 3 ]
    }, {
      "vertices" : [ 0, 3, 2 ]
    }, {
      "vertices" : [ 0, 2, 1 ]
    } ]
  }, {
    "id" : "05616eed-1783-4f0c-8eab-fa5edaa5e717",
    "vertices" : [ {
      "x" : -6.854102,
      "y" : -26.416409,
      "z" : -49.59675
    }, {
      "x" : -6.854102,
      "y" : -29.034441,
      "z" : -42.742645
    }, {
      "x" : 35.888542,
      "y" : -29.034441,
      "z" : -26.416409
    }, {
      "x" : 35.888542,
      "y" : -26.416409,
      "z" : -33.27051
    } ],
    "faces" : [ {
      "vertices" : [ 0, 1, 2 ]
    }, {
      "vertices" : [ 0, 2, 3 ]
    }, {
      "vertices" : [ 0, 3, 2 ]
    }, {
      "vertices" : [ 0, 2, 1 ]
    } ]
  }, {
    "id" : "8a75cd82-95de-480d-8e94-25eda037a1c9",
    "vertices" : [ {
      "x" : 17.944271,
      "y" : 49.59675,
      "z" : -6.854102
    }, {
      "x" : 26.416409,
      "y" : 49.59675,
      "z" : -6.854102
    }, {
      "x" : 24.798374,
      "y" : 49.59675,
      "z" : -4.236068
    } ],
    "faces" : [ {
      "vertices" : [ 0, 1, 2 ]
    }, {
      "vertices" : [ 0, 2, 1 ]
    } ]
  }, {
    "id" : "38e97c47-c1c5-485e-8923-b34dadfe81b3",
    "vertices" : [ {
      "x" : -22.18034,
      "y" : -26.416409,
      "z" : 38.506577
    }, {
      "x" : -22.18034,
      "y" : -45.36068,
      "z" : -11.09017
    }, {
      "x" : -17.944271,
      "y" : -49.59675,
      "z" : -6.854102
    }, {
      "x" : -17.944271,
      "y" : -33.27051,
      "z" : 35.888542
    } ],
    "faces" : [ {
      "vertices" : [ 0, 1, 2 ]
    }, {
      "vertices" : [ 0, 2, 3 ]
    }, {
      "vertices" : [ 0, 3, 2 ]
    }, {
      "vertices" : [ 0, 2, 1 ]
    } ]
  }, {
    "id" : "ba3804d3-2b73-4958-8c55-3c70498ba3ee",
    "vertices" : [ {
      "x" : 13.708204,
      "y" : 22.18034,
      "z" : 35.888542
    }, {
      "x" : 0.0,
      "y" : 13.708204,
      "z" : 35.888542
    }, {
      "x" : 0.0,
      "y" : 0.0,
      "z" : 44.36068
    }, {
      "x" : 13.708204,
      "y" : 0.0,
      "z" : 49.59675
    } ],
    "faces" : [ {
      "vertices" : [ 0, 1, 2 ]
    }, {
      "vertices" : [ 0, 2, 3 ]
    }, {
      "vertices" : [ 0, 3, 2 ]
    }, {
      "vertices" : [ 0, 2, 1 ]
    } ]
  }, {
    "id" : "a4051a74-1e1b-4813-9798-4c83dd7df5f5",
    "vertices" : [ {
      "x" : -20.562305,
      "y" : -29.034441,
      "z" : -37.506577
    }, {
      "x" : -24.798374,
      "y" : -22.18034,
      "z" : -40.12461
    }, {
      "x" : -27.416409,
      "y" : -29.034441,
      "z" : -40.12461
    } ],
    "faces" : [ {
      "vertices" : [ 0, 1, 2 ]
    }, {
      "vertices" : [ 0, 2, 1 ]
    } ]
  }, {
    "id" : "5a8751aa-33dc-409c-9c15-b2f7f14d8ed5",
    "vertices" : [ {
      "x" : 2.618034,
      "y" : 24.798374,
      "z" : 46.978714
    }, {
      "x" : 9.472136,
      "y" : 24.798374,
      "z" : 44.36068
    }, {
      "x" : 9.472136,
      "y" : 22.18034,
      "z" : 51.214783
    } ],
    "faces" : [ {
      "vertices" : [ 0, 1, 2 ]
    }, {
      "vertices" : [ 0, 2, 1 ]
    } ]
  }, {
    "id" : "88cee025-8757-44e3-a7ef-3725f03b76db",
    "vertices" : [ {
      "x" : -13.708204,
      "y" : 51.214783,
      "z" : -4.236068
    }, {
      "x" : -11.09017,
      "y" : 55.45085,
      "z" : 2.618034
    }, {
      "x" : -13.708204,
      "y" : 53.832817,
      "z" : 2.618034
    } ],
    "faces" : [ {
      "vertices" : [ 0, 1, 2 ]
    }, {
      "vertices" : [ 0, 2, 1 ]
    } ]
  }, {
    "id" : "248bb207-4183-4341-bfe9-e1c5ffabe246",
    "vertices" : [ {
      "x" : 24.798374,
      "y" : -46.978714,
      "z" : -2.618034
    }, {
      "x" : 24.798374,
      "y" : -44.36068,
      "z" : -9.472136
    }, {
      "x" : 22.18034,
      "y" : -51.214783,
      "z" : -9.472136
    } ],
    "faces" : [ {
      "vertices" : [ 0, 1, 2 ]
    }, {
      "vertices" : [ 0, 2, 1 ]
    } ]
  }, {
    "id" : "21629c17-5024-40fb-b61e-de0d762a1d5e",
    "vertices" : [ {
      "x" : -13.708204,
      "y" : 22.18034,
      "z" : 35.888542
    }, {
      "x" : 0.0,
      "y" : 13.708204,
      "z" : 35.888542
    }, {
      "x" : 13.708204,
      "y" : 22.18034,
      "z" : 35.888542
    }, {
      "x" : 8.472136,
      "y" : 35.888542,
      "z" : 35.888542
    } ],
    "faces" : [ {
      "vertices" : [ 0, 1, 2 ]
    }, {
      "vertices" : [ 0, 2, 3 ]
    }, {
      "vertices" : [ 0, 3, 2 ]
    }, {
      "vertices" : [ 0, 2, 1 ]
    } ]
  }, {
    "id" : "333be515-8d93-4f67-9ee1-8c27b969c859",
    "vertices" : [ {
      "x" : -22.18034,
      "y" : 45.36068,
      "z" : 11.09017
    }, {
      "x" : -22.18034,
      "y" : 26.416409,
      "z" : -38.506577
    }, {
      "x" : -29.034441,
      "y" : 26.416409,
      "z" : -35.888542
    }, {
      "x" : -29.034441,
      "y" : 42.742645,
      "z" : 6.854102
    } ],
    "faces" : [ {
      "vertices" : [ 0, 1, 2 ]
    }, {
      "vertices" : [ 0, 2, 3 ]
    }, {
      "vertices" : [ 0, 3, 2 ]
    }, {
      "vertices" : [ 0, 2, 1 ]
    } ]
  }, {
    "id" : "f93a1d26-ee4f-4014-871e-99c2bbfb2e2a",
    "vertices" : [ {
      "x" : -33.27051,
      "y" : -24.798374,
      "z" : -33.27051
    }, {
      "x" : -40.12461,
      "y" : -27.416409,
      "z" : -29.034441
    }, {
      "x" : -37.506577,
      "y" : -29.034441,
      "z" : -29.034441
    } ],
    "faces" : [ {
      "vertices" : [ 0, 1, 2 ]
    }, {
      "vertices" : [ 0, 2, 1 ]
    } ]
  }, {
    "id" : "4e895b7b-d0d9-436d-ad56-7cb89683fec6",
    "vertices" : [ {
      "x" : -26.416409,
      "y" : -35.888542,
      "z" : 29.034441
    }, {
      "x" : -26.416409,
      "y" : -38.506577,
      "z" : 22.18034
    }, {
      "x" : -33.27051,
      "y" : -38.506577,
      "z" : 24.798374
    } ],
    "faces" : [ {
      "vertices" : [ 0, 1, 2 ]
    }, {
      "vertices" : [ 0, 2, 1 ]
    } ]
  }, {
    "id" : "aee11db1-0f22-45a1-9ab0-d96abd03123a",
    "vertices" : [ {
      "x" : 13.708204,
      "y" : -44.36068,
      "z" : -22.18034
    }, {
      "x" : 0.0,
      "y" : -35.888542,
      "z" : -22.18034
    }, {
      "x" : 0.0,
      "y" : -49.59675,
      "z" : -13.708204
    } ],
    "faces" : [ {
      "vertices" : [ 0, 1, 2 ]
    }, {
      "vertices" : [ 0, 2, 1 ]
    } ]
  }, {
    "id" : "28ce7abb-2c22-48fc-ba41-0276ed7b8557",
    "vertices" : [ {
      "x" : 22.18034,
      "y" : 35.888542,
      "z" : 13.708204
    }, {
      "x" : 13.708204,
      "y" : 35.888542,
      "z" : 0.0
    }, {
      "x" : 0.0,
      "y" : 44.36068,
      "z" : 0.0
    }, {
      "x" : 0.0,
      "y" : 49.59675,
      "z" : 13.708204
    } ],
    "faces" : [ {
      "vertices" : [ 0, 1, 2 ]
    }, {
      "vertices" : [ 0, 2, 3 ]
    }, {
      "vertices" : [ 0, 3, 2 ]
    }, {
      "vertices" : [ 0, 2, 1 ]
    } ]
  }, {
    "id" : "66ae70f5-3a31-4a4d-ad0c-7d6d14e78c25",
    "vertices" : [ {
      "x" : -22.18034,
      "y" : -35.888542,
      "z" : -13.708204
    }, {
      "x" : -13.708204,
      "y" : -44.36068,
      "z" : -22.18034
    }, {
      "x" : -8.472136,
      "y" : -35.888542,
      "z" : -35.888542
    } ],
    "faces" : [ {
      "vertices" : [ 0, 1, 2 ]
    }, {
      "vertices" : [ 0, 2, 1 ]
    } ]
  }, {
    "id" : "0cdabd0d-4841-4ad6-a615-1f57c011d64f",
    "vertices" : [ {
      "x" : 33.27051,
      "y" : 24.798374,
      "z" : -33.27051
    }, {
      "x" : 37.506577,
      "y" : 20.562305,
      "z" : -29.034441
    }, {
      "x" : 40.12461,
      "y" : 27.416409,
      "z" : -29.034441
    } ],
    "faces" : [ {
      "vertices" : [ 0, 1, 2 ]
    }, {
      "vertices" : [ 0, 2, 1 ]
    } ]
  }, {
    "id" : "a579821a-b4d4-499c-8e5e-3f785e134eec",
    "vertices" : [ {
      "x" : -13.708204,
      "y" : 22.18034,
      "z" : -35.888542
    }, {
      "x" : -22.18034,
      "y" : 22.18034,
      "z" : -22.18034
    }, {
      "x" : -22.18034,
      "y" : 0.0,
      "z" : -35.888542
    }, {
      "x" : -13.708204,
      "y" : 0.0,
      "z" : -49.59675
    } ],
    "faces" : [ {
      "vertices" : [ 0, 1, 2 ]
    }, {
      "vertices" : [ 0, 2, 3 ]
    }, {
      "vertices" : [ 0, 3, 2 ]
    }, {
      "vertices" : [ 0, 2, 1 ]
    } ]
  }, {
    "id" : "656d3614-25d2-4825-b1b3-1d3e7a13f4dd",
    "vertices" : [ {
      "x" : -13.708204,
      "y" : 22.18034,
      "z" : 35.888542
    }, {
      "x" : -22.18034,
      "y" : 22.18034,
      "z" : 22.18034
    }, {
      "x" : -35.888542,
      "y" : 13.708204,
      "z" : 22.18034
    }, {
      "x" : -35.888542,
      "y" : 8.472136,
      "z" : 35.888542
    } ],
    "faces" : [ {
      "vertices" : [ 0, 1, 2 ]
    }, {
      "vertices" : [ 0, 2, 3 ]
    }, {
      "vertices" : [ 0, 3, 2 ]
    }, {
      "vertices" : [ 0, 2, 1 ]
    } ]
  }, {
    "id" : "9a8ea9cf-a4ff-4549-8f25-5b5529dbd2ac",
    "vertices" : [ {
      "x" : 49.59675,
      "y" : 6.854102,
      "z" : -17.944271
    }, {
      "x" : 45.36068,
      "y" : 11.09017,
      "z" : -22.18034
    }, {
      "x" : 49.59675,
      "y" : 6.854102,
      "z" : -26.416409
    } ],
    "faces" : [ {
      "vertices" : [ 0, 1, 2 ]
    }, {
      "vertices" : [ 0, 2, 1 ]
    } ]
  }, {
    "id" : "7c42a3bc-3dee-459e-a914-3b285f98d8e8",
    "vertices" : [ {
      "x" : -45.36068,
      "y" : -11.09017,
      "z" : -22.18034
    }, {
      "x" : -42.742645,
      "y" : -6.854102,
      "z" : -29.034441
    }, {
      "x" : -49.59675,
      "y" : -6.854102,
      "z" : -26.416409
    } ],
    "faces" : [ {
      "vertices" : [ 0, 1, 2 ]
    }, {
      "vertices" : [ 0, 2, 1 ]
    } ]
  }, {
    "id" : "4b898f78-127d-4b7f-b72b-9fdae1079e82",
    "vertices" : [ {
      "x" : 35.888542,
      "y" : -13.708204,
      "z" : 22.18034
    }, {
      "x" : 22.18034,
      "y" : -22.18034,
      "z" : 22.18034
    }, {
      "x" : 22.18034,
      "y" : 0.0,
      "z" : 35.888542
    }, {
      "x" : 35.888542,
      "y" : 8.472136,
      "z" : 35.888542
    } ],
    "faces" : [ {
      "vertices" : [ 0, 1, 2 ]
    }, {
      "vertices" : [ 0, 2, 3 ]
    }, {
      "vertices" : [ 0, 3, 2 ]
    }, {
      "vertices" : [ 0, 2, 1 ]
    } ]
  }, {
    "id" : "f2b64a12-a1e6-46a1-97a8-f3228550369e",
    "vertices" : [ {
      "x" : -44.36068,
      "y" : 0.0,
      "z" : 0.0
    }, {
      "x" : -35.888542,
      "y" : 0.0,
      "z" : 13.708204
    }, {
      "x" : -35.888542,
      "y" : -22.18034,
      "z" : 0.0
    }, {
      "x" : -44.36068,
      "y" : -22.18034,
      "z" : -13.708204
    } ],
    "faces" : [ {
      "vertices" : [ 0, 1, 2 ]
    }, {
      "vertices" : [ 0, 2, 3 ]
    }, {
      "vertices" : [ 0, 3, 2 ]
    }, {
      "vertices" : [ 0, 2, 1 ]
    } ]
  }, {
    "id" : "ae861d52-defb-4c7a-bb37-1baa006394a3",
    "vertices" : [ {
      "x" : 46.978714,
      "y" : -2.618034,
      "z" : -24.798374
    }, {
      "x" : 51.214783,
      "y" : -9.472136,
      "z" : -22.18034
    }, {
      "x" : 51.214783,
      "y" : -6.854102,
      "z" : -20.562305
    } ],
    "faces" : [ {
      "vertices" : [ 0, 1, 2 ]
    }, {
      "vertices" : [ 0, 2, 1 ]
    } ]
  }, {
    "id" : "003301f9-42e3-4502-929f-b19c2b98ef65",
    "vertices" : [ {
      "x" : 20.562305,
      "y" : -29.034441,
      "z" : 37.506577
    }, {
      "x" : 51.214783,
      "y" : 1.618034,
      "z" : 6.854102
    }, {
      "x" : 51.214783,
      "y" : 4.236068,
      "z" : 13.708204
    }, {
      "x" : 24.798374,
      "y" : -22.18034,
      "z" : 40.12461
    } ],
    "faces" : [ {
      "vertices" : [ 0, 1, 2 ]
    }, {
      "vertices" : [ 0, 2, 3 ]
    }, {
      "vertices" : [ 0, 3, 2 ]
    }, {
      "vertices" : [ 0, 2, 1 ]
    } ]
  }, {
    "id" : "a22375fb-3fcf-4cf5-9200-c9e0bd6c1cf2",
    "vertices" : [ {
      "x" : -24.798374,
      "y" : -44.36068,
      "z" : 9.472136
    }, {
      "x" : -17.944271,
      "y" : -46.978714,
      "z" : 13.708204
    }, {
      "x" : -22.18034,
      "y" : -51.214783,
      "z" : 9.472136
    } ],
    "faces" : [ {
      "vertices" : [ 0, 1, 2 ]
    }, {
      "vertices" : [ 0, 2, 1 ]
    } ]
  }, {
    "id" : "9ac1da8d-8ff9-464f-a4d5-b44ee6a9d145",
    "vertices" : [ {
      "x" : 37.506577,
      "y" : -29.034441,
      "z" : 29.034441
    }, {
      "x" : 40.12461,
      "y" : -27.416409,
      "z" : 29.034441
    }, {
      "x" : 13.708204,
      "y" : -53.832817,
      "z" : 2.618034
    }, {
      "x" : 11.09017,
      "y" : -55.45085,
      "z" : 2.618034
    } ],
    "faces" : [ {
      "vertices" : [ 0, 1, 2 ]
    }, {
      "vertices" : [ 0, 2, 3 ]
    }, {
      "vertices" : [ 0, 3, 2 ]
    }, {
      "vertices" : [ 0, 2, 1 ]
    } ]
  }, {
    "id" : "4c78fe41-ca0c-473a-9a66-98e818bd3b20",
    "vertices" : [ {
      "x" : 4.236068,
      "y" : -13.708204,
      "z" : -51.214783
    }, {
      "x" : 1.618034,
      "y" : -6.854102,
      "z" : -51.214783
    }, {
      "x" : -2.618034,
      "y" : -11.09017,
      "z" : -55.45085
    } ],
    "faces" : [ {
      "vertices" : [ 0, 1, 2 ]
    }, {
      "vertices" : [ 0, 2, 1 ]
    } ]
  }, {
    "id" : "ba6b0399-c536-4210-b909-01c668d91602",
    "vertices" : [ {
      "x" : -11.09017,
      "y" : -55.45085,
      "z" : -2.618034
    }, {
      "x" : -6.854102,
      "y" : -51.214783,
      "z" : -6.854102
    }, {
      "x" : -33.27051,
      "y" : -24.798374,
      "z" : -33.27051
    }, {
      "x" : -37.506577,
      "y" : -29.034441,
      "z" : -29.034441
    } ],
    "faces" : [ {
      "vertices" : [ 0, 1, 2 ]
    }, {
      "vertices" : [ 0, 2, 3 ]
    }, {
      "vertices" : [ 0, 3, 2 ]
    }, {
      "vertices" : [ 0, 2, 1 ]
    } ]
  }, {
    "id" : "a8c74c36-8942-42db-af45-300aafba9655",
    "vertices" : [ {
      "x" : 44.36068,
      "y" : -9.472136,
      "z" : -24.798374
    }, {
      "x" : 46.978714,
      "y" : -13.708204,
      "z" : -17.944271
    }, {
      "x" : 51.214783,
      "y" : -9.472136,
      "z" : -22.18034
    } ],
    "faces" : [ {
      "vertices" : [ 0, 1, 2 ]
    }, {
      "vertices" : [ 0, 2, 1 ]
    } ]
  }, {
    "id" : "4b02bf3a-00ae-4120-a663-d36e9aeeee2f",
    "vertices" : [ {
      "x" : -33.27051,
      "y" : -38.506577,
      "z" : 24.798374
    }, {
      "x" : -33.27051,
      "y" : -35.888542,
      "z" : 17.944271
    }, {
      "x" : -49.59675,
      "y" : 6.854102,
      "z" : 17.944271
    }, {
      "x" : -49.59675,
      "y" : 4.236068,
      "z" : 24.798374
    } ],
    "faces" : [ {
      "vertices" : [ 0, 1, 2 ]
    }, {
      "vertices" : [ 0, 2, 3 ]
    }, {
      "vertices" : [ 0, 3, 2 ]
    }, {
      "vertices" : [ 0, 2, 1 ]
    } ]
  }, {
    "id" : "f16effe8-6e28-4395-a392-865dd833c260",
    "vertices" : [ {
      "x" : 35.888542,
      "y" : -13.708204,
      "z" : -22.18034
    }, {
      "x" : 35.888542,
      "y" : -8.472136,
      "z" : -35.888542
    }, {
      "x" : 22.18034,
      "y" : -13.708204,
      "z" : -44.36068
    } ],
    "faces" : [ {
      "vertices" : [ 0, 1, 2 ]
    }, {
      "vertices" : [ 0, 2, 1 ]
    } ]
  }, {
    "id" : "048672b5-71b2-4c35-b53f-a432b451122d",
    "vertices" : [ {
      "x" : -22.18034,
      "y" : 35.888542,
      "z" : -13.708204
    }, {
      "x" : -22.18034,
      "y" : 22.18034,
      "z" : -22.18034
    }, {
      "x" : -35.888542,
      "y" : 13.708204,
      "z" : -22.18034
    }, {
      "x" : -44.36068,
      "y" : 22.18034,
      "z" : -13.708204
    } ],
    "faces" : [ {
      "vertices" : [ 0, 1, 2 ]
    }, {
      "vertices" : [ 0, 2, 3 ]
    }, {
      "vertices" : [ 0, 3, 2 ]
    }, {
      "vertices" : [ 0, 2, 1 ]
    } ]
  }, {
    "id" : "5b90fa8e-f446-42a0-96d1-190441ecd73f",
    "vertices" : [ {
      "x" : -49.59675,
      "y" : -4.236068,
      "z" : -24.798374
    }, {
      "x" : -49.59675,
      "y" : -6.854102,
      "z" : -26.416409
    }, {
      "x" : -33.27051,
      "y" : 35.888542,
      "z" : -26.416409
    }, {
      "x" : -33.27051,
      "y" : 38.506577,
      "z" : -24.798374
    } ],
    "faces" : [ {
      "vertices" : [ 0, 1, 2 ]
    }, {
      "vertices" : [ 0, 2, 3 ]
    }, {
      "vertices" : [ 0, 3, 2 ]
    }, {
      "vertices" : [ 0, 2, 1 ]
    } ]
  }, {
    "id" : "bd1f453c-f8f8-436d-b3bd-f58f2caa1591",
    "vertices" : [ {
      "x" : 33.27051,
      "y" : 24.798374,
      "z" : -33.27051
    }, {
      "x" : 40.12461,
      "y" : 27.416409,
      "z" : -29.034441
    }, {
      "x" : 37.506577,
      "y" : 29.034441,
      "z" : -29.034441
    } ],
    "faces" : [ {
      "vertices" : [ 0, 1, 2 ]
    }, {
      "vertices" : [ 0, 2, 1 ]
    } ]
  }, {
    "id" : "7e1b0e9d-dbc3-41e6-a0dc-2df476d44a11",
    "vertices" : [ {
      "x" : -13.708204,
      "y" : -22.18034,
      "z" : 35.888542
    }, {
      "x" : -22.18034,
      "y" : -13.708204,
      "z" : 44.36068
    }, {
      "x" : -13.708204,
      "y" : 0.0,
      "z" : 49.59675
    } ],
    "faces" : [ {
      "vertices" : [ 0, 1, 2 ]
    }, {
      "vertices" : [ 0, 2, 1 ]
