{
  "field" : "golden",
  "symmetry" : "icosahedral",
  "orientations" : [ [ 1.0, 0.0, 0.0, 0.0, 0.0, 1.0, 0.0, 0.0, 0.0, 0.0, 1.0, 0.0, 0.0, 0.0, 0.0, 1.0 ], [ 0.0, 0.0, 1.0, 0.0, 1.0, 0.0, 0.0, 0.0, 0.0, 1.0, 0.0, 0.0, 0.0, 0.0, 0.0, 1.0 ], [ 0.0, 1.0, 0.0, 0.0, 0.0, 0.0, 1.0, 0.0, 1.0, 0.0, 0.0, 0.0, 0.0, 0.0, 0.0, 1.0 ], [ 0.809017, 0.309017, 0.5, 0.0, 0.309017, 0.5, -0.809017, 0.0, -0.5, 0.809017, 0.309017, 0.0, 0.0, 0.0, 0.0, 1.0 ], [ -0.5, 0.809017, 0.309017, 0.0, 0.809017, 0.309017, 0.5, 0.0, 0.309017, 0.5, -0.809017, 0.0, 0.0, 0.0, 0.0, 1.0 ], [ 0.309017, 0.5, -0.809017, 0.0, -0.5, 0.809017, 0.309017, 0.0, 0.809017, 0.309017, 0.5, 0.0, 0.0, 0.0, 0.0, 1.0 ], [ 0.5, 0.809017, 0.309017, 0.0, 0.809017, -0.309017, -0.5, 0.0, -0.309017, 0.5, -0.809017, 0.0, 0.0, 0.0, 0.0, 1.0 ], [ -0.309017, 0.5, -0.809017, 0.0, 0.5, 0.809017, 0.309017, 0.0, 0.809017, -0.309017, -0.5, 0.0, 0.0, 0.0, 0.0, 1.0 ], [ 0.809017, -0.309017, -0.5, 0.0, -0.309017, 0.5, -0.809017, 0.0, 0.5, 0.809017, 0.309017, 0.0, 0.0, 0.0, 0.0, 1.0 ], [ 0.5, 0.809017, -0.309017, 0.0, 0.809017, -0.309017, 0.5, 0.0, 0.309017, -0.5, -0.809017, 0.0, 0.0, 0.0, 0.0, 1.0 ], [ 0.309017, -0.5, -0.809017, 0.0, 0.5, 0.809017, -0.309017, 0.0, 0.809017, -0.309017, 0.5, 0.0, 0.0, 0.0, 0.0, 1.0 ], [ 0.809017, -0.309017, 0.5, 0.0, 0.309017, -0.5, -0.809017, 0.0, 0.5, 0.809017, -0.309017, 0.0, 0.0, 0.0, 0.0, 1.0 ], [ 0.809017, 0.309017, -0.5, 0.0, 0.309017, 0.5, 0.809017, 0.0, 0.5, -0.809017, 0.309017, 0.0, 0.0, 0.0, 0.0, 1.0 ], [ 0.5, -0.809017, 0.309017, 0.0, 0.809017, 0.309017, -0.5, 0.0, 0.309017, 0.5, 0.809017, 0.0, 0.0, 0.0, 0.0, 1.0 ], [ 0.309017, 0.5, 0.809017, 0.0, 0.5, -0.809017, 0.309017, 0.0, 0.809017, 0.309017, -0.5, 0.0, 0.0, 0.0, 0.0, 1.0 ], [ 1.0, 0.0, 0.0, 0.0, 0.0, -1.0, 0.0, 0.0, 0.0, 0.0, -1.0, 0.0, 0.0, 0.0, 0.0, 1.0 ], [ 0.0, 0.0, 1.0, 0.0, -1.0, 0.0, 0.0, 0.0, 0.0, -1.0, 0.0, 0.0, 0.0, 0.0, 0.0, 1.0 ], [ 0.0, 1.0, 0.0, 0.0, 0.0, 0.0, -1.0, 0.0, -1.0, 0.0, 0.0, 0.0, 0.0, 0.0, 0.0, 1.0 ], [ 0.809017, 0.309017, 0.5, 0.0, -0.309017, -0.5, 0.809017, 0.0, 0.5, -0.809017, -0.309017, 0.0, 0.0, 0.0, 0.0, 1.0 ], [ -0.5, 0.809017, 0.309017, 0.0, -0.809017, -0.309017, -0.5, 0.0, -0.309017, -0.5, 0.809017, 0.0, 0.0, 0.0, 0.0, 1.0 ], [ 0.309017, 0.5, -0.809017, 0.0, 0.5, -0.809017, -0.309017, 0.0, -0.809017, -0.309017, -0.5, 0.0, 0.0, 0.0, 0.0, 1.0 ], [ 0.5, 0.809017, 0.309017, 0.0, -0.809017, 0.309017, 0.5, 0.0, 0.309017, -0.5, 0.809017, 0.0, 0.0, 0.0, 0.0, 1.0 ], [ -0.309017, 0.5, -0.809017, 0.0, -0.5, -0.809017, -0.309017, 0.0, -0.809017, 0.309017, 0.5, 0.0, 0.0, 0.0, 0.0, 1.0 ], [ 0.809017, -0.309017, -0.5, 0.0, 0.309017, -0.5, 0.809017, 0.0, -0.5, -0.809017, -0.309017, 0.0, 0.0, 0.0, 0.0, 1.0 ], [ 0.5, 0.809017, -0.309017, 0.0, -0.809017, 0.309017, -0.5, 0.0, -0.309017, 0.5, 0.809017, 0.0, 0.0, 0.0, 0.0, 1.0 ], [ 0.309017, -0.5, -0.809017, 0.0, -0.5, -0.809017, 0.309017, 0.0, -0.809017, 0.309017, -0.5, 0.0, 0.0, 0.0, 0.0, 1.0 ], [ 0.809017, -0.309017, 0.5, 0.0, -0.309017, 0.5, 0.809017, 0.0, -0.5, -0.809017, 0.309017, 0.0, 0.0, 0.0, 0.0, 1.0 ], [ 0.809017, 0.309017, -0.5, 0.0, -0.309017, -0.5, -0.809017, 0.0, -0.5, 0.809017, -0.309017, 0.0, 0.0, 0.0, 0.0, 1.0 ], [ 0.5, -0.809017, 0.309017, 0.0, -0.809017, -0.309017, 0.5, 0.0, -0.309017, -0.5, -0.809017, 0.0, 0.0, 0.0, 0.0, 1.0 ], [ 0.309017, 0.5, 0.809017, 0.0, -0.5, 0.809017, -0.309017, 0.0, -0.809017, -0.309017, 0.5, 0.0, 0.0, 0.0, 0.0, 1.0 ], [ -1.0, 0.0, 0.0, 0.0, 0.0, -1.0, 0.0, 0.0, 0.0, 0.0, 1.0, 0.0, 0.0, 0.0, 0.0, 1.0 ], [ 0.0, 0.0, -1.0, 0.0, -1.0, 0.0, 0.0, 0.0, 0.0, 1.0, 0.0, 0.0, 0.0, 0.0, 0.0, 1.0 ], [ 0.0, -1.0, 0.0, 0.0, 0.0, 0.0, -1.0, 0.0, 1.0, 0.0, 0.0, 0.0, 0.0, 0.0, 0.0, 1.0 ], [ -0.809017, -0.309017, -0.5, 0.0, -0.309017, -0.5, 0.809017, 0.0, -0.5, 0.809017, 0.309017, 0.0, 0.0, 0.0, 0.0, 1.0 ], [ 0.5, -0.809017, -0.309017, 0.0, -0.809017, -0.309017, -0.5, 0.0, 0.309017, 0.5, -0.809017, 0.0, 0.0, 0.0, 0.0, 1.0 ], [ -0.309017, -0.5, 0.809017, 0.0, 0.5, -0.809017, -0.309017, 0.0, 0.809017, 0.309017, 0.5, 0.0, 0.0, 0.0, 0.0, 1.0 ], [ -0.5, -0.809017, -0.309017, 0.0, -0.809017, 0.309017, 0.5, 0.0, -0.309017, 0.5, -0.809017, 0.0, 0.0, 0.0, 0.0, 1.0 ], [ 0.309017, -0.5, 0.809017, 0.0, -0.5, -0.809017, -0.309017, 0.0, 0.809017, -0.309017, -0.5, 0.0, 0.0, 0.0, 0.0, 1.0 ], [ -0.809017, 0.309017, 0.5, 0.0, 0.309017, -0.5, 0.809017, 0.0, 0.5, 0.809017, 0.309017, 0.0, 0.0, 0.0, 0.0, 1.0 ], [ -0.5, -0.809017, 0.309017, 0.0, -0.809017, 0.309017, -0.5, 0.0, 0.309017, -0.5, -0.809017, 0.0, 0.0, 0.0, 0.0, 1.0 ], [ -0.309017, 0.5, 0.809017, 0.0, -0.5, -0.809017, 0.309017, 0.0, 0.809017, -0.309017, 0.5, 0.0, 0.0, 0.0, 0.0, 1.0 ], [ -0.809017, 0.309017, -0.5, 0.0, -0.309017, 0.5, 0.809017, 0.0, 0.5, 0.809017, -0.309017, 0.0, 0.0, 0.0, 0.0, 1.0 ], [ -0.809017, -0.309017, 0.5, 0.0, -0.309017, -0.5, -0.809017, 0.0, 0.5, -0.809017, 0.309017, 0.0, 0.0, 0.0, 0.0, 1.0 ], [ -0.5, 0.809017, -0.309017, 0.0, -0.809017, -0.309017, 0.5, 0.0, 0.309017, 0.5, 0.809017, 0.0, 0.0, 0.0, 0.0, 1.0 ], [ -0.309017, -0.5, -0.809017, 0.0, -0.5, 0.809017, -0.309017, 0.0, 0.809017, 0.309017, -0.5, 0.0, 0.0, 0.0, 0.0, 1.0 ], [ -1.0, 0.0, 0.0, 0.0, 0.0, 1.0, 0.0, 0.0, 0.0, 0.0, -1.0, 0.0, 0.0, 0.0, 0.0, 1.0 ], [ 0.0, 0.0, -1.0, 0.0, 1.0, 0.0, 0.0, 0.0, 0.0, -1.0, 0.0, 0.0, 0.0, 0.0, 0.0, 1.0 ], [ 0.0, -1.0, 0.0, 0.0, 0.0, 0.0, 1.0, 0.0, -1.0, 0.0, 0.0, 0.0, 0.0, 0.0, 0.0, 1.0 ], [ -0.809017, -0.309017, -0.5, 0.0, 0.309017, 0.5, -0.809017, 0.0, 0.5, -0.809017, -0.309017, 0.0, 0.0, 0.0, 0.0, 1.0 ], [ 0.5, -0.809017, -0.309017, 0.0, 0.809017, 0.309017, 0.5, 0.0, -0.309017, -0.5, 0.809017, 0.0, 0.0, 0.0, 0.0, 1.0 ], [ -0.309017, -0.5, 0.809017, 0.0, -0.5, 0.809017, 0.309017, 0.0, -0.809017, -0.309017, -0.5, 0.0, 0.0, 0.0, 0.0, 1.0 ], [ -0.5, -0.809017, -0.309017, 0.0, 0.809017, -0.309017, -0.5, 0.0, 0.309017, -0.5, 0.809017, 0.0, 0.0, 0.0, 0.0, 1.0 ], [ 0.309017, -0.5, 0.809017, 0.0, 0.5, 0.809017, 0.309017, 0.0, -0.809017, 0.309017, 0.5, 0.0, 0.0, 0.0, 0.0, 1.0 ], [ -0.809017, 0.309017, 0.5, 0.0, -0.309017, 0.5, -0.809017, 0.0, -0.5, -0.809017, -0.309017, 0.0, 0.0, 0.0, 0.0, 1.0 ], [ -0.5, -0.809017, 0.309017, 0.0, 0.809017, -0.309017, 0.5, 0.0, -0.309017, 0.5, 0.809017, 0.0, 0.0, 0.0, 0.0, 1.0 ], [ -0.309017, 0.5, 0.809017, 0.0, 0.5, 0.809017, -0.309017, 0.0, -0.809017, 0.309017, -0.5, 0.0, 0.0, 0.0, 0.0, 1.0 ], [ -0.809017, 0.309017, -0.5, 0.0, 0.309017, -0.5, -0.809017, 0.0, -0.5, -0.809017, 0.309017, 0.0, 0.0, 0.0, 0.0, 1.0 ], [ -0.809017, -0.309017, 0.5, 0.0, 0.309017, 0.5, 0.809017, 0.0, -0.5, 0.809017, -0.309017, 0.0, 0.0, 0.0, 0.0, 1.0 ], [ -0.5, 0.809017, -0.309017, 0.0, 0.809017, 0.309017, -0.5, 0.0, -0.309017, -0.5, -0.809017, 0.0, 0.0, 0.0, 0.0, 1.0 ], [ -0.309017, -0.5, -0.809017, 0.0, 0.5, -0.809017, 0.309017, 0.0, -0.809017, -0.309017, 0.5, 0.0, 0.0, 0.0, 0.0, 1.0 ] ],
  "lights" : {
    "ambientColor" : "#292929",
    "backgroundColor" : "#AFC8DC",
    "directionalLights" : [ {
      "direction" : {
        "x" : 1.0,
        "y" : -1.0,
        "z" : -1.0
      },
      "color" : "#EBEBE4"
    }, {
      "direction" : {
        "x" : -1.0,
        "y" : 0.0,
        "z" : 0.0
      },
      "color" : "#E4E4EB"
    }, {
      "direction" : {
        "x" : 0.0,
        "y" : 0.0,
        "z" : -1.0
      },
      "color" : "#1E1E1E"
    } ]
  },
  "camera" : {
    "lookDirection" : {
      "x" : 0.0,
      "y" : 0.0,
      "z" : -1.0
    },
    "upDirection" : {
      "x" : 0.0,
      "y" : 1.0,
      "z" : 0.0
    },
    "lookAtPoint" : {
      "x" : 0.0,
      "y" : 0.0,
      "z" : 0.0
    },
    "perspective" : false,
    "viewDistance" : 117.787186,
    "nearClipDistance" : 0.29446805,
    "farClipDistance" : 235.57388,
    "fieldOfView" : 0.44262883,
    "stereo" : false,
    "width" : 53.004227,
    "position" : {
      "x" : 0.0,
      "y" : 0.0,
      "z" : 117.787186
    }
  },
  "embedding" : [ 1.0, 0.0, 0.0, 0.0, 0.0, 1.0, 0.0, 0.0, 0.0, 0.0, 1.0, 0.0, 0.0, 0.0, 0.0, 1.0 ],
  "shapes" : [ {
    "id" : "9edab3b7-dcc2-4291-80c1-229e69499c50",
    "vertices" : [ {
      "x" : -2.7725425,
      "y" : -1.059017,
      "z" : 11.4946785
    }, {
      "x" : -4.0815597,
      "y" : -3.177051,
      "z" : 10.685661
    }, {
      "x" : -2.5702882,
      "y" : -3.7543051,
      "z" : 10.96517
    }, {
      "x" : -1.6362712,
      "y" : -2.243034,
      "z" : 11.542424
    } ],
    "faces" : [ {
      "vertices" : [ 0, 1, 2 ]
    }, {
      "vertices" : [ 0, 2, 3 ]
    }, {
      "vertices" : [ 0, 3, 2 ]
    }, {
      "vertices" : [ 0, 2, 1 ]
    } ]
  }, {
    "id" : "fbbb0094-b1d7-42c4-86d6-175ab482f33d",
    "vertices" : [ {
      "x" : -9.626644,
      "y" : 3.8315594,
      "z" : 5.795085
    }, {
      "x" : -8.722136,
      "y" : 5.1405764,
      "z" : 6.1995935
    }, {
      "x" : -9.17439,
      "y" : 5.6223392,
      "z" : 5.0155764
    } ],
    "faces" : [ {
      "vertices" : [ 0, 1, 2 ]
    }, {
      "vertices" : [ 0, 2, 1 ]
    } ]
  }, {
    "id" : "21536c06-6296-46f7-b63f-ef328f478916",
    "vertices" : [ {
      "x" : -0.309017,
      "y" : -0.19098301,
      "z" : 0.0
    }, {
      "x" : -0.309017,
      "y" : 0.19098301,
      "z" : 0.0
    }, {
      "x" : -0.19098301,
      "y" : 0.0,
      "z" : -0.309017
    }, {
      "x" : -0.19098301,
      "y" : 0.0,
      "z" : 0.309017
    }, {
      "x" : 0.0,
      "y" : -0.309017,
      "z" : -0.19098301
    }, {
      "x" : 0.0,
      "y" : -0.309017,
      "z" : 0.19098301
    }, {
      "x" : 0.0,
      "y" : 0.309017,
      "z" : -0.19098301
    }, {
      "x" : 0.0,
      "y" : 0.309017,
      "z" : 0.19098301
    }, {
      "x" : 0.19098301,
      "y" : 0.0,
      "z" : -0.309017
    }, {
      "x" : 0.19098301,
      "y" : 0.0,
      "z" : 0.309017
    }, {
      "x" : 0.309017,
      "y" : -0.19098301,
      "z" : 0.0
    }, {
      "x" : 0.309017,
      "y" : 0.19098301,
      "z" : 0.0
    } ],
    "faces" : [ {
      "vertices" : [ 0, 1, 2 ]
    }, {
      "vertices" : [ 0, 3, 1 ]
    }, {
      "vertices" : [ 0, 2, 4 ]
    }, {
      "vertices" : [ 0, 5, 3 ]
    }, {
      "vertices" : [ 0, 4, 5 ]
    }, {
      "vertices" : [ 1, 6, 2 ]
    }, {
      "vertices" : [ 1, 3, 7 ]
    }, {
      "vertices" : [ 1, 7, 6 ]
    }, {
      "vertices" : [ 2, 8, 4 ]
    }, {
      "vertices" : [ 2, 6, 8 ]
    }, {
      "vertices" : [ 3, 5, 9 ]
    }, {
      "vertices" : [ 3, 9, 7 ]
    }, {
      "vertices" : [ 4, 10, 5 ]
    }, {
      "vertices" : [ 4, 8, 10 ]
    }, {
      "vertices" : [ 5, 10, 9 ]
    }, {
      "vertices" : [ 6, 7, 11 ]
    }, {
      "vertices" : [ 6, 11, 8 ]
    }, {
      "vertices" : [ 7, 9, 11 ]
    }, {
      "vertices" : [ 8, 11, 10 ]
    }, {
      "vertices" : [ 9, 10, 11 ]
    } ]
  }, {
    "id" : "43de5189-ac7b-46fc-8c02-49f274b4d5fa",
    "vertices" : [ {
      "x" : 2.5702882,
      "y" : 3.7543051,
      "z" : -10.96517
    }, {
      "x" : 4.0815597,
      "y" : 3.177051,
      "z" : -10.685661
    }, {
      "x" : 2.7725425,
      "y" : 1.059017,
      "z" : -11.4946785
    }, {
      "x" : 1.6362712,
      "y" : 2.243034,
      "z" : -11.542424
    } ],
    "faces" : [ {
      "vertices" : [ 0, 1, 2 ]
    }, {
      "vertices" : [ 0, 2, 3 ]
    }, {
      "vertices" : [ 0, 3, 2 ]
    }, {
      "vertices" : [ 0, 2, 1 ]
    } ]
  }, {
    "id" : "a03f85d7-2438-4437-bbea-5035b19cf153",
    "vertices" : [ {
      "x" : -2.5702882,
      "y" : -10.108407,
      "z" : 5.670085
    }, {
      "x" : -2.118034,
      "y" : -10.281153,
      "z" : 5.545085
    }, {
      "x" : -1.309017,
      "y" : -8.972136,
      "z" : 7.663119
    }, {
      "x" : -1.7907797,
      "y" : -8.847136,
      "z" : 7.7108645
    } ],
    "faces" : [ {
      "vertices" : [ 0, 1, 2 ]
    }, {
      "vertices" : [ 0, 2, 3 ]
    }, {
      "vertices" : [ 0, 3, 2 ]
    }, {
      "vertices" : [ 0, 2, 1 ]
    } ]
  }, {
    "id" : "4a1445e2-e381-450e-8602-ae23965dfe7c",
    "vertices" : [ {
      "x" : -4.688322,
      "y" : 4.563322,
      "z" : 9.906153
    }, {
      "x" : -4.283814,
      "y" : 4.408814,
      "z" : 10.156153
    }, {
      "x" : -3.7065594,
      "y" : 5.7473392,
      "z" : 9.703898
    }, {
      "x" : -3.8315594,
      "y" : 5.795085,
      "z" : 9.626644
    } ],
    "faces" : [ {
      "vertices" : [ 0, 1, 2 ]
    }, {
      "vertices" : [ 0, 2, 3 ]
    }, {
      "vertices" : [ 0, 3, 2 ]
    }, {
      "vertices" : [ 0, 2, 1 ]
    } ]
  }, {
    "id" : "f73bb4a2-4265-4d95-8fd6-2a63cb8452aa",
    "vertices" : [ {
      "x" : 3.0225425,
      "y" : 7.913119,
      "z" : 8.317628
    }, {
      "x" : 4.033814,
      "y" : 7.5858645,
      "z" : 8.192628
    }, {
      "x" : 3.0225425,
      "y" : 8.317628,
      "z" : 7.913119
    } ],
    "faces" : [ {
      "vertices" : [ 0, 1, 2 ]
    }, {
      "vertices" : [ 0, 2, 1 ]
    } ]
  }, {
    "id" : "4d3e8ec1-b15c-49b7-a195-943e2f221240",
    "vertices" : [ {
      "x" : 8.722136,
      "y" : -5.1405764,
      "z" : 6.1995935
    }, {
      "x" : 8.567628,
      "y" : -4.8905764,
      "z" : 6.604102
    }, {
      "x" : 6.854102,
      "y" : -6.854102,
      "z" : 6.854102
    } ],
    "faces" : [ {
      "vertices" : [ 0, 1, 2 ]
    }, {
      "vertices" : [ 0, 2, 1 ]
    } ]
  }, {
    "id" : "47e349b6-fb05-4622-bc4c-ab430a9c3e10",
    "vertices" : [ {
      "x" : -9.953898,
      "y" : -0.934017,
      "z" : -6.401848
    }, {
      "x" : -8.972136,
      "y" : -1.309017,
      "z" : -7.663119
    }, {
      "x" : -9.703898,
      "y" : -1.5885255,
      "z" : -6.651848
    } ],
    "faces" : [ {
      "vertices" : [ 0, 1, 2 ]
    }, {
      "vertices" : [ 0, 2, 1 ]
    } ]
  }, {
    "id" : "b06fc285-6fd9-4997-8b83-3c1ce4d4da8c",
    "vertices" : [ {
      "x" : -10.435661,
      "y" : 2.368034,
      "z" : 5.1405764
    }, {
      "x" : -11.09017,
      "y" : 0.0,
      "z" : 4.236068
    }, {
      "x" : -10.281153,
      "y" : 2.118034,
      "z" : 5.545085
    } ],
    "faces" : [ {
      "vertices" : [ 0, 1, 2 ]
    }, {
      "vertices" : [ 0, 2, 1 ]
    } ]
  }, {
    "id" : "19f1cf30-1bfb-4630-aaa1-4749052cfe8c",
    "vertices" : [ {
      "x" : -4.158814,
      "y" : -3.7065594,
      "z" : 10.483407
    }, {
      "x" : -5.1405764,
      "y" : -2.368034,
      "z" : 10.435661
    }, {
      "x" : -5.670085,
      "y" : -2.5702882,
      "z" : 10.108407
    }, {
      "x" : -5.3428307,
      "y" : -4.158814,
      "z" : 9.751644
    } ],
    "faces" : [ {
      "vertices" : [ 0, 1, 2 ]
    }, {
      "vertices" : [ 0, 2, 3 ]
    }, {
      "vertices" : [ 0, 3, 2 ]
    }, {
      "vertices" : [ 0, 2, 1 ]
    } ]
  }, {
    "id" : "6b872440-cd35-465b-b5cc-9984a7ae8761",
    "vertices" : [ {
      "x" : 6.401848,
      "y" : 9.953898,
      "z" : 0.934017
    }, {
      "x" : 4.236068,
      "y" : 11.09017,
      "z" : 0.0
    }, {
      "x" : 5.545085,
      "y" : 10.281153,
      "z" : 2.118034
    } ],
    "faces" : [ {
      "vertices" : [ 0, 1, 2 ]
    }, {
      "vertices" : [ 0, 2, 1 ]
    } ]
  }, {
    "id" : "bc4e750d-af6d-4420-9145-dbca461b6d72",
    "vertices" : [ {
      "x" : -2.9747968,
      "y" : 7.3358645,
      "z" : 8.847136
    }, {
      "x" : -2.5702882,
      "y" : 7.1813564,
      "z" : 9.097136
    }, {
      "x" : -1.8385255,
      "y" : 7.4608645,
      "z" : 9.04939
    }, {
      "x" : -3.0225425,
      "y" : 7.913119,
      "z" : 8.317628
    } ],
    "faces" : [ {
      "vertices" : [ 0, 1, 2 ]
    }, {
      "vertices" : [ 0, 2, 3 ]
    }, {
      "vertices" : [ 0, 3, 2 ]
    }, {
      "vertices" : [ 0, 2, 1 ]
    } ]
  }, {
    "id" : "03e80c2a-0a6e-48e9-b372-d9dbabc35ba4",
    "vertices" : [ {
      "x" : 4.158814,
      "y" : 9.751644,
      "z" : -5.3428307
    }, {
      "x" : 3.8315594,
      "y" : 9.626644,
      "z" : -5.795085
    }, {
      "x" : 2.5702882,
      "y" : 10.108407,
      "z" : -5.670085
    } ],
    "faces" : [ {
      "vertices" : [ 0, 1, 2 ]
    }, {
      "vertices" : [ 0, 2, 1 ]
    } ]
  }, {
    "id" : "1a2d23f0-8387-49bf-a77c-7996ecec7e12",
    "vertices" : [ {
      "x" : 2.368034,
      "y" : -5.1405764,
      "z" : 10.435661
    }, {
      "x" : 0.0,
      "y" : -4.236068,
      "z" : 11.09017
    }, {
      "x" : 2.118034,
      "y" : -5.545085,
      "z" : 10.281153
    } ],
    "faces" : [ {
      "vertices" : [ 0, 1, 2 ]
    }, {
      "vertices" : [ 0, 2, 1 ]
    } ]
  }, {
    "id" : "6799e2d7-50be-4b38-8eaa-fd2ed17325a6",
    "vertices" : [ {
      "x" : 5.795085,
      "y" : -9.626644,
      "z" : -3.8315594
    }, {
      "x" : 5.0155764,
      "y" : -9.17439,
      "z" : -5.6223392
    }, {
      "x" : 6.1995935,
      "y" : -8.722136,
      "z" : -5.1405764
    } ],
    "faces" : [ {
      "vertices" : [ 0, 1, 2 ]
    }, {
      "vertices" : [ 0, 2, 1 ]
    } ]
  }, {
    "id" : "7cdf008c-d7cc-405b-a472-404208ff12db",
    "vertices" : [ {
      "x" : -10.483407,
      "y" : -4.158814,
      "z" : -3.7065594
    }, {
      "x" : -10.685661,
      "y" : -4.0815597,
      "z" : -3.177051
    }, {
      "x" : -10.685661,
      "y" : -3.177051,
      "z" : -4.0815597
    } ],
    "faces" : [ {
      "vertices" : [ 0, 1, 2 ]
    }, {
      "vertices" : [ 0, 2, 1 ]
    } ]
  }, {
    "id" : "21049ba2-2430-4fc4-9da0-c301cb5f4fca",
    "vertices" : [ {
      "x" : -7.913119,
      "y" : 3.0225425,
      "z" : -8.317628
    }, {
      "x" : -7.7108645,
      "y" : 4.563322,
      "z" : -7.788119
    }, {
      "x" : -6.1995935,
      "y" : 5.1405764,
      "z" : -8.722136
    }, {
      "x" : -5.795085,
      "y" : 3.8315594,
      "z" : -9.626644
    } ],
    "faces" : [ {
      "vertices" : [ 0, 1, 2 ]
    }, {
      "vertices" : [ 0, 2, 3 ]
    }, {
      "vertices" : [ 0, 3, 2 ]
    }, {
      "vertices" : [ 0, 2, 1 ]
    } ]
  }, {
    "id" : "e049a747-2c9d-45b6-9d38-c374fc7bd4ad",
    "vertices" : [ {
      "x" : -8.644881,
      "y" : -8.038119,
      "z" : 1.2612712
    }, {
      "x" : -7.4608645,
      "y" : -9.04939,
      "z" : 1.8385255
    }, {
      "x" : -7.913119,
      "y" : -8.317628,
      "z" : 3.0225425
    }, {
      "x" : -8.847136,
      "y" : -7.7108645,
      "z" : 1.7907797
    } ],
    "faces" : [ {
      "vertices" : [ 0, 1, 2 ]
    }, {
      "vertices" : [ 0, 2, 3 ]
    }, {
      "vertices" : [ 0, 3, 2 ]
    }, {
      "vertices" : [ 0, 2, 1 ]
    } ]
  }, {
    "id" : "918a6410-883d-4342-8797-fd991967387d",
    "vertices" : [ {
      "x" : 4.0815597,
      "y" : -10.685661,
      "z" : 3.177051
    }, {
      "x" : 3.177051,
      "y" : -10.685661,
      "z" : 4.0815597
    }, {
      "x" : 3.7543051,
      "y" : -10.96517,
      "z" : 2.5702882
    } ],
    "faces" : [ {
      "vertices" : [ 0, 1, 2 ]
    }, {
      "vertices" : [ 0, 2, 1 ]
    } ]
  }, {
    "id" : "9df209d1-d229-417d-ba8c-b3058a1eb362",
    "vertices" : [ {
      "x" : -6.651848,
      "y" : 9.703898,
      "z" : -1.5885255
    }, {
      "x" : -6.401848,
      "y" : 9.953898,
      "z" : -0.934017
    }, {
      "x" : -5.545085,
      "y" : 10.281153,
      "z" : -2.118034
    } ],
    "faces" : [ {
      "vertices" : [ 0, 1, 2 ]
    }, {
      "vertices" : [ 0, 2, 1 ]
    } ]
  }, {
    "id" : "135a0b55-2571-4713-9442-8d80781adbb0",
    "vertices" : [ {
      "x" : -3.7543051,
      "y" : 10.96517,
      "z" : 2.5702882
    }, {
      "x" : -4.236068,
      "y" : 11.09017,
      "z" : 0.0
    }, {
      "x" : -5.1405764,
      "y" : 10.435661,
      "z" : 2.368034
    } ],
    "faces" : [ {
      "vertices" : [ 0, 1, 2 ]
    }, {
      "vertices" : [ 0, 2, 1 ]
    } ]
  }, {
    "id" : "5f2cae43-c67d-424a-917e-5d03e79585f8",
    "vertices" : [ {
      "x" : 3.0225425,
      "y" : 7.913119,
      "z" : -8.317628
    }, {
      "x" : 1.7907797,
      "y" : 8.847136,
      "z" : -7.7108645
    }, {
      "x" : 3.0225425,
      "y" : 8.317628,
      "z" : -7.913119
    } ],
    "faces" : [ {
      "vertices" : [ 0, 1, 2 ]
    }, {
      "vertices" : [ 0, 2, 1 ]
    } ]
  }, {
    "id" : "229f7c83-9900-479d-949e-61dcf9a30874",
    "vertices" : [ {
      "x" : -4.158814,
      "y" : -9.751644,
      "z" : 5.3428307
    }, {
      "x" : -5.0155764,
      "y" : -9.17439,
      "z" : 5.6223392
    }, {
      "x" : -4.563322,
      "y" : -9.906153,
      "z" : 4.688322
    } ],
    "faces" : [ {
      "vertices" : [ 0, 1, 2 ]
    }, {
      "vertices" : [ 0, 2, 1 ]
    } ]
  }, {
    "id" : "37e74d82-2144-4d34-a0ab-b2e0fa31abeb",
    "vertices" : [ {
      "x" : 3.177051,
      "y" : 4.0815597,
      "z" : -10.685661
    }, {
      "x" : 2.5702882,
      "y" : 3.7543051,
      "z" : -10.96517
    }, {
      "x" : 2.368034,
      "y" : 5.1405764,
      "z" : -10.435661
    } ],
    "faces" : [ {
      "vertices" : [ 0, 1, 2 ]
    }, {
      "vertices" : [ 0, 2, 1 ]
    } ]
  }, {
    "id" : "59a1faf4-7de3-44a0-be74-5facff4094f7",
    "vertices" : [ {
      "x" : 1.7135255,
      "y" : 11.7446785,
      "z" : 0.25
    }, {
      "x" : 2.243034,
      "y" : 11.542424,
      "z" : 1.6362712
    }, {
      "x" : 4.236068,
      "y" : 11.09017,
      "z" : 0.0
    } ],
    "faces" : [ {
      "vertices" : [ 0, 1, 2 ]
    }, {
      "vertices" : [ 0, 2, 1 ]
    } ]
  }, {
    "id" : "af73a652-b063-4b8e-99d7-6ea88cc8b839",
    "vertices" : [ {
      "x" : -4.236068,
      "y" : 0.0,
      "z" : -11.09017
    }, {
      "x" : -5.545085,
      "y" : 2.118034,
      "z" : -10.281153
    }, {
      "x" : -5.1405764,
      "y" : 2.368034,
      "z" : -10.435661
    }, {
      "x" : -3.8793051,
      "y" : 0.32725424,
      "z" : -11.21517
    } ],
    "faces" : [ {
      "vertices" : [ 0, 1, 2 ]
    }, {
      "vertices" : [ 0, 2, 3 ]
    }, {
      "vertices" : [ 0, 3, 2 ]
    }, {
      "vertices" : [ 0, 2, 1 ]
    } ]
  }, {
    "id" : "a532b4af-8939-44bc-89bd-a7603d0eda65",
    "vertices" : [ {
      "x" : -9.751644,
      "y" : -5.3428307,
      "z" : 4.158814
    }, {
      "x" : -9.17439,
      "y" : -5.6223392,
      "z" : 5.0155764
    }, {
      "x" : -9.906153,
      "y" : -4.688322,
      "z" : 4.563322
    } ],
    "faces" : [ {
      "vertices" : [ 0, 1, 2 ]
    }, {
      "vertices" : [ 0, 2, 1 ]
    } ]
  }, {
    "id" : "db3c4e82-eb1d-4c99-8d30-bceaf7004442",
    "vertices" : [ {
      "x" : -2.3202882,
      "y" : -0.73176277,
      "z" : -11.6196785
    }, {
      "x" : -2.7725425,
      "y" : -1.059017,
      "z" : -11.4946785
    }, {
      "x" : -3.8793051,
      "y" : -0.32725424,
      "z" : -11.21517
    } ],
    "faces" : [ {
      "vertices" : [ 0, 1, 2 ]
    }, {
      "vertices" : [ 0, 2, 1 ]
    } ]
  }, {
    "id" : "5503f43a-ba44-40eb-893d-07d9818fe893",
    "vertices" : [ {
      "x" : 2.368034,
      "y" : -5.1405764,
      "z" : 10.435661
    }, {
      "x" : 3.7065594,
      "y" : -5.7473392,
      "z" : 9.703898
    }, {
      "x" : 3.177051,
      "y" : -4.0815597,
      "z" : 10.685661
    } ],
    "faces" : [ {
      "vertices" : [ 0, 1, 2 ]
    }, {
      "vertices" : [ 0, 2, 1 ]
    } ]
  }, {
    "id" : "956b340e-0a05-4c0c-9a82-22211b723d97",
    "vertices" : [ {
      "x" : 4.8905764,
      "y" : -6.604102,
      "z" : 8.567628
    }, {
      "x" : 6.854102,
      "y" : -6.854102,
      "z" : 6.854102
    }, {
      "x" : 5.1405764,
      "y" : -6.1995935,
      "z" : 8.722136
    } ],
    "faces" : [ {
      "vertices" : [ 0, 1, 2 ]
    }, {
      "vertices" : [ 0, 2, 1 ]
    } ]
  }, {
    "id" : "b93a01ed-33e0-4e70-b79c-eee10b246064",
    "vertices" : [ {
      "x" : -10.108407,
      "y" : -5.670085,
      "z" : -2.5702882
    }, {
      "x" : -8.847136,
      "y" : -7.7108645,
      "z" : -1.7907797
    }, {
      "x" : -8.972136,
      "y" : -7.663119,
      "z" : -1.309017
    }, {
      "x" : -10.281153,
      "y" : -5.545085,
      "z" : -2.118034
    } ],
    "faces" : [ {
      "vertices" : [ 0, 1, 2 ]
    }, {
      "vertices" : [ 0, 2, 3 ]
    }, {
      "vertices" : [ 0, 3, 2 ]
    }, {
      "vertices" : [ 0, 2, 1 ]
    } ]
  }, {
    "id" : "7aa05d26-3d24-43b6-bdad-0ed6c0df9996",
    "vertices" : [ {
      "x" : 4.408814,
      "y" : 10.156153,
      "z" : -4.283814
    }, {
      "x" : 3.7065594,
      "y" : 10.483407,
      "z" : -4.158814
    }, {
      "x" : 4.0815597,
      "y" : 10.685661,
      "z" : -3.177051
    } ],
    "faces" : [ {
      "vertices" : [ 0, 1, 2 ]
    }, {
      "vertices" : [ 0, 2, 1 ]
    } ]
  }, {
    "id" : "5a9bfe55-d7bc-4532-85e0-d0cfe9b0cd2f",
    "vertices" : [ {
      "x" : -8.722136,
      "y" : 5.1405764,
      "z" : 6.1995935
    }, {
      "x" : -8.567628,
      "y" : 4.8905764,
      "z" : 6.604102
    }, {
      "x" : -6.854102,
      "y" : 6.854102,
      "z" : 6.854102
    } ],
    "faces" : [ {
      "vertices" : [ 0, 1, 2 ]
    }, {
      "vertices" : [ 0, 2, 1 ]
    } ]
  }, {
    "id" : "4ddae6bf-16a3-4c86-99bc-181f89fedcaf",
    "vertices" : [ {
      "x" : 1.5885255,
      "y" : -6.651848,
      "z" : -9.703898
    }, {
      "x" : 0.934017,
      "y" : -6.401848,
      "z" : -9.953898
    }, {
      "x" : 2.118034,
      "y" : -5.545085,
      "z" : -10.281153
    } ],
    "faces" : [ {
      "vertices" : [ 0, 1, 2 ]
    }, {
      "vertices" : [ 0, 2, 1 ]
    } ]
  }, {
    "id" : "c0a9a104-1fd2-42a8-85cb-e13fd96d7310",
    "vertices" : [ {
      "x" : -4.8905764,
      "y" : -6.604102,
      "z" : 8.567628
    }, {
      "x" : -4.563322,
      "y" : -7.788119,
      "z" : 7.7108645
    }, {
      "x" : -4.033814,
      "y" : -7.5858645,
      "z" : 8.192628
    } ],
    "faces" : [ {
      "vertices" : [ 0, 1, 2 ]
    }, {
      "vertices" : [ 0, 2, 1 ]
    } ]
  }, {
    "id" : "121e82de-ee5d-4bc2-83ac-7938857b7960",
    "vertices" : [ {
      "x" : 11.542424,
      "y" : -1.6362712,
      "z" : -2.243034
    }, {
      "x" : 11.09017,
      "y" : 0.0,
      "z" : -4.236068
    }, {
      "x" : 11.7446785,
      "y" : -0.25,
      "z" : -1.7135255
    } ],
    "faces" : [ {
      "vertices" : [ 0, 1, 2 ]
    }, {
      "vertices" : [ 0, 2, 1 ]
    } ]
  }, {
    "id" : "f2f7f3fd-5cde-48c7-a1c0-10d67d351c0d",
    "vertices" : [ {
      "x" : 3.7065594,
      "y" : 10.483407,
      "z" : 4.158814
    }, {
      "x" : 3.177051,
      "y" : 10.685661,
      "z" : 4.0815597
    }, {
      "x" : 2.368034,
      "y" : 10.435661,
      "z" : 5.1405764
    } ],
    "faces" : [ {
      "vertices" : [ 0, 1, 2 ]
    }, {
      "vertices" : [ 0, 2, 1 ]
    } ]
  }, {
    "id" : "7592f858-4373-4ecf-bd4a-36a361cac7dc",
    "vertices" : [ {
      "x" : -7.788119,
      "y" : -7.7108645,
      "z" : 4.563322
    }, {
      "x" : -6.854102,
      "y" : -6.854102,
      "z" : 6.854102
    }, {
      "x" : -8.722136,
      "y" : -6.1995935,
      "z" : 5.1405764
    } ],
    "faces" : [ {
      "vertices" : [ 0, 1, 2 ]
    }, {
      "vertices" : [ 0, 2, 1 ]
    } ]
  }, {
    "id" : "f4412e12-2886-4512-b8ef-1f7a3646e34d",
    "vertices" : [ {
      "x" : 0.73176277,
      "y" : 11.6196785,
      "z" : 2.3202882
    }, {
      "x" : 1.059017,
      "y" : 11.4946785,
      "z" : 2.7725425
    }, {
      "x" : 1.5112712,
      "y" : 11.667424,
      "z" : 1.5885255
    } ],
    "faces" : [ {
      "vertices" : [ 0, 1, 2 ]
    }, {
      "vertices" : [ 0, 2, 1 ]
    } ]
  }, {
    "id" : "e03b5a62-3d06-4b18-bb2f-01ccaa9bf680",
    "vertices" : [ {
      "x" : 9.751644,
      "y" : -5.3428307,
      "z" : -4.158814
    }, {
      "x" : 10.108407,
      "y" : -5.670085,
      "z" : -2.5702882
    }, {
      "x" : 9.626644,
      "y" : -5.795085,
      "z" : -3.8315594
    } ],
    "faces" : [ {
      "vertices" : [ 0, 1, 2 ]
    }, {
      "vertices" : [ 0, 2, 1 ]
    } ]
  }, {
    "id" : "6376bb06-e714-494b-897e-22576408cd16",
    "vertices" : [ {
      "x" : 9.097136,
      "y" : 2.5702882,
      "z" : 7.1813564
    }, {
      "x" : 9.703898,
      "y" : 1.5885255,
      "z" : 6.651848
    }, {
      "x" : 9.578898,
      "y" : 3.5043051,
      "z" : 6.0745935
    } ],
    "faces" : [ {
      "vertices" : [ 0, 1, 2 ]
    }, {
      "vertices" : [ 0, 2, 1 ]
    } ]
  }, {
    "id" : "65b81e1f-7612-4f26-8f4a-5fc61699c4c4",
    "vertices" : [ {
      "x" : -0.934017,
      "y" : -6.401848,
      "z" : -9.953898
    }, {
      "x" : 0.934017,
      "y" : -6.401848,
      "z" : -9.953898
    }, {
      "x" : 1.309017,
      "y" : -7.663119,
      "z" : -8.972136
    }, {
      "x" : -1.309017,
      "y" : -7.663119,
      "z" : -8.972136
    } ],
    "faces" : [ {
      "vertices" : [ 0, 1, 2 ]
    }, {
      "vertices" : [ 0, 2, 3 ]
    }, {
      "vertices" : [ 0, 3, 2 ]
    }, {
      "vertices" : [ 0, 2, 1 ]
    } ]
  }, {
    "id" : "a82f98cf-945c-489a-ad5d-d9b721336265",
    "vertices" : [ {
      "x" : 1.7135255,
      "y" : -11.7446785,
      "z" : -0.25
    }, {
      "x" : 4.236068,
      "y" : -11.09017,
      "z" : 0.0
    }, {
      "x" : 1.7135255,
      "y" : -11.7446785,
      "z" : 0.25
    } ],
    "faces" : [ {
      "vertices" : [ 0, 1, 2 ]
    }, {
      "vertices" : [ 0, 2, 1 ]
    } ]
  }, {
    "id" : "2c51aef1-e53d-42cb-aa03-7d51aea810d9",
    "vertices" : [ {
      "x" : -5.545085,
      "y" : -10.281153,
      "z" : -2.118034
    }, {
      "x" : -6.651848,
      "y" : -9.703898,
      "z" : -1.5885255
    }, {
      "x" : -6.0745935,
      "y" : -9.578898,
      "z" : -3.5043051
    } ],
    "faces" : [ {
      "vertices" : [ 0, 1, 2 ]
    }, {
      "vertices" : [ 0, 2, 1 ]
    } ]
  }, {
    "id" : "9b98dfc2-fce9-4090-add0-7a3074850f69",
    "vertices" : [ {
      "x" : -7.913119,
      "y" : 3.0225425,
      "z" : 8.317628
    }, {
      "x" : -8.192628,
      "y" : 4.033814,
      "z" : 7.5858645
    }, {
      "x" : -8.317628,
      "y" : 3.0225425,
      "z" : 7.913119
    } ],
    "faces" : [ {
      "vertices" : [ 0, 1, 2 ]
    }, {
      "vertices" : [ 0, 2, 1 ]
    } ]
  }, {
    "id" : "22542a3f-2bce-423e-87d8-f0f36c32803d",
    "vertices" : [ {
      "x" : 5.545085,
      "y" : -10.281153,
      "z" : 2.118034
    }, {
      "x" : 5.1405764,
      "y" : -10.435661,
      "z" : 2.368034
    }, {
      "x" : 4.236068,
      "y" : -11.09017,
      "z" : 0.0
    } ],
    "faces" : [ {
      "vertices" : [ 0, 1, 2 ]
    }, {
      "vertices" : [ 0, 2, 1 ]
    } ]
  }, {
    "id" : "513521c0-86a6-40ac-941a-a1d72ecff23d",
    "vertices" : [ {
      "x" : -0.25,
      "y" : 11.7446785,
      "z" : -1.7135255
    }, {
      "x" : -1.5112712,
      "y" : 11.667424,
      "z" : -1.5885255
    }, {
      "x" : -0.07725425,
      "y" : 11.8696785,
      "z" : -0.20225425
    } ],
    "faces" : [ {
      "vertices" : [ 0, 1, 2 ]
    }, {
      "vertices" : [ 0, 2, 1 ]
    } ]
  }, {
    "id" : "831244c7-4cf9-4c6e-9e1c-886f3deeb6fe",
    "vertices" : [ {
      "x" : 5.0155764,
      "y" : 9.17439,
      "z" : 5.6223392
    }, {
      "x" : 3.8315594,
      "y" : 9.626644,
      "z" : 5.795085
    }, {
      "x" : 5.1405764,
      "y" : 8.722136,
      "z" : 6.1995935
    } ],
    "faces" : [ {
      "vertices" : [ 0, 1, 2 ]
    }, {
      "vertices" : [ 0, 2, 1 ]
    } ]
  }, {
    "id" : "aa25879c-3c7e-43aa-809f-370ec0753e45",
    "vertices" : [ {
      "x" : -2.243034,
      "y" : -11.542424,
      "z" : -1.6362712
    }, {
      "x" : -1.7135255,
      "y" : -11.7446785,
      "z" : -0.25
    }, {
      "x" : -4.236068,
      "y" : -11.09017,
      "z" : 0.0
    } ],
    "faces" : [ {
      "vertices" : [ 0, 1, 2 ]
    }, {
      "vertices" : [ 0, 2, 1 ]
    } ]
  }, {
    "id" : "d3ae9680-f355-4b8f-b814-5120ea75b220",
    "vertices" : [ {
      "x" : 8.722136,
      "y" : 5.1405764,
      "z" : -6.1995935
    }, {
      "x" : 6.854102,
      "y" : 6.854102,
      "z" : -6.854102
    }, {
      "x" : 8.722136,
      "y" : 6.1995935,
      "z" : -5.1405764
    } ],
    "faces" : [ {
      "vertices" : [ 0, 1, 2 ]
    }, {
      "vertices" : [ 0, 2, 1 ]
    } ]
  }, {
    "id" : "c8beb611-a631-4c7d-9289-2e4467ca04cd",
    "vertices" : [ {
      "x" : -5.1405764,
      "y" : 6.1995935,
      "z" : -8.722136
    }, {
      "x" : -4.8905764,
      "y" : 6.604102,
      "z" : -8.567628
    }, {
      "x" : -3.6293051,
      "y" : 6.1223392,
      "z" : -9.501644
    }, {
      "x" : -3.8315594,
      "y" : 5.795085,
      "z" : -9.626644
    } ],
    "faces" : [ {
      "vertices" : [ 0, 1, 2 ]
    }, {
      "vertices" : [ 0, 2, 3 ]
    }, {
      "vertices" : [ 0, 3, 2 ]
    }, {
      "vertices" : [ 0, 2, 1 ]
    } ]
  }, {
    "id" : "dde32e8b-3c9a-4816-ab2f-ecc43c7ebed7",
    "vertices" : [ {
      "x" : 8.038119,
      "y" : -1.2612712,
      "z" : 8.644881
    }, {
      "x" : 8.038119,
      "y" : 1.2612712,
      "z" : 8.644881
    }, {
      "x" : 7.663119,
      "y" : 1.309017,
      "z" : 8.972136
    }, {
      "x" : 7.663119,
      "y" : -1.309017,
      "z" : 8.972136
    } ],
    "faces" : [ {
      "vertices" : [ 0, 1, 2 ]
    }, {
      "vertices" : [ 0, 2, 3 ]
    }, {
      "vertices" : [ 0, 3, 2 ]
    }, {
      "vertices" : [ 0, 2, 1 ]
    } ]
  }, {
    "id" : "f017e27b-ff16-422c-addf-6be48fa231aa",
    "vertices" : [ {
      "x" : -1.7135255,
      "y" : 11.7446785,
      "z" : -0.25
    }, {
      "x" : -0.07725425,
      "y" : 11.8696785,
      "z" : -0.20225425
    }, {
      "x" : -1.5112712,
      "y" : 11.667424,
      "z" : -1.5885255
    } ],
    "faces" : [ {
      "vertices" : [ 0, 1, 2 ]
    }, {
      "vertices" : [ 0, 2, 1 ]
    } ]
  }, {
    "id" : "5b384303-7972-4824-a0c6-7b59624c9b00",
    "vertices" : [ {
      "x" : 7.3358645,
      "y" : -8.847136,
      "z" : -2.9747968
    }, {
      "x" : 6.1223392,
      "y" : -9.501644,
      "z" : -3.6293051
    }, {
      "x" : 7.5858645,
      "y" : -8.192628,
      "z" : -4.033814
    } ],
    "faces" : [ {
      "vertices" : [ 0, 1, 2 ]
    }, {
      "vertices" : [ 0, 2, 1 ]
    } ]
  }, {
    "id" : "dada4cca-ac04-437e-8c79-5ad2ce024e3a",
    "vertices" : [ {
      "x" : 5.545085,
      "y" : -2.118034,
      "z" : -10.281153
    }, {
      "x" : 7.663119,
      "y" : -1.309017,
      "z" : -8.972136
    }, {
      "x" : 7.7108645,
      "y" : -1.7907797,
      "z" : -8.847136
    }, {
      "x" : 5.670085,
      "y" : -2.5702882,
      "z" : -10.108407
    } ],
    "faces" : [ {
      "vertices" : [ 0, 1, 2 ]
    }, {
      "vertices" : [ 0, 2, 3 ]
    }, {
      "vertices" : [ 0, 3, 2 ]
    }, {
      "vertices" : [ 0, 2, 1 ]
    } ]
  }, {
    "id" : "638d6881-8324-44c6-b92a-a79e929eaecd",
    "vertices" : [ {
      "x" : 9.097136,
      "y" : -2.5702882,
      "z" : -7.1813564
    }, {
      "x" : 9.04939,
      "y" : -1.8385255,
      "z" : -7.4608645
    }, {
      "x" : 9.703898,
      "y" : -1.5885255,
      "z" : -6.651848
    } ],
    "faces" : [ {
      "vertices" : [ 0, 1, 2 ]
    }, {
      "vertices" : [ 0, 2, 1 ]
    } ]
  }, {
    "id" : "a3011014-0aeb-43bc-b601-59237d65439d",
    "vertices" : [ {
      "x" : 7.5858645,
      "y" : 8.192628,
      "z" : 4.033814
    }, {
      "x" : 7.788119,
      "y" : 7.7108645,
      "z" : 4.563322
    }, {
      "x" : 8.317628,
      "y" : 7.913119,
      "z" : 3.0225425
    } ],
    "faces" : [ {
      "vertices" : [ 0, 1, 2 ]
    }, {
      "vertices" : [ 0, 2, 1 ]
    } ]
  }, {
    "id" : "7b3898bd-422c-44a1-bdac-3961ac6ecb4d",
    "vertices" : [ {
      "x" : 2.368034,
      "y" : 5.1405764,
      "z" : 10.435661
    }, {
      "x" : 2.118034,
      "y" : 5.545085,
      "z" : 10.281153
    }, {
      "x" : 0.0,
      "y" : 4.236068,
      "z" : 11.09017
    } ],
    "faces" : [ {
      "vertices" : [ 0, 1, 2 ]
    }, {
      "vertices" : [ 0, 2, 1 ]
    } ]
  }, {
    "id" : "a7637b35-c301-4d44-8552-2a8d54bd3459",
    "vertices" : [ {
      "x" : 7.788119,
      "y" : -7.7108645,
      "z" : 4.563322
    }, {
      "x" : 6.854102,
      "y" : -6.854102,
      "z" : 6.854102
    }, {
      "x" : 6.604102,
      "y" : -8.567628,
      "z" : 4.8905764
    } ],
    "faces" : [ {
      "vertices" : [ 0, 1, 2 ]
    }, {
      "vertices" : [ 0, 2, 1 ]
    } ]
  }, {
    "id" : "cdf3c47b-629e-479f-bcc5-291a1340740f",
    "vertices" : [ {
      "x" : -7.4608645,
      "y" : 9.04939,
      "z" : -1.8385255
    }, {
      "x" : -7.663119,
      "y" : 8.972136,
      "z" : -1.309017
    }, {
      "x" : -6.651848,
      "y" : 9.703898,
      "z" : -1.5885255
    } ],
    "faces" : [ {
      "vertices" : [ 0, 1, 2 ]
    }, {
      "vertices" : [ 0, 2, 1 ]
    } ]
  }, {
    "id" : "181c678b-cad7-48c8-8ef6-606b6c74a034",
    "vertices" : [ {
      "x" : 5.3428307,
      "y" : -4.158814,
      "z" : -9.751644
    }, {
      "x" : 5.795085,
      "y" : -3.8315594,
      "z" : -9.626644
    }, {
      "x" : 5.6223392,
      "y" : -5.0155764,
      "z" : -9.17439
    } ],
    "faces" : [ {
      "vertices" : [ 0, 1, 2 ]
    }, {
      "vertices" : [ 0, 2, 1 ]
    } ]
  }, {
    "id" : "1c01e767-612f-43aa-b5a9-0ed31a86c8c3",
    "vertices" : [ {
      "x" : -5.3428307,
      "y" : -4.158814,
      "z" : -9.751644
    }, {
      "x" : -5.6223392,
      "y" : -5.0155764,
      "z" : -9.17439
    }, {
      "x" : -5.795085,
      "y" : -3.8315594,
      "z" : -9.626644
    } ],
    "faces" : [ {
      "vertices" : [ 0, 1, 2 ]
    }, {
      "vertices" : [ 0, 2, 1 ]
    } ]
  }, {
    "id" : "10c69ecd-d641-4a40-b1f2-125aba5fa877",
    "vertices" : [ {
      "x" : -2.9747968,
      "y" : 7.3358645,
      "z" : -8.847136
    }, {
      "x" : -4.033814,
      "y" : 7.5858645,
      "z" : -8.192628
    }, {
      "x" : -3.0225425,
      "y" : 7.913119,
      "z" : -8.317628
    } ],
    "faces" : [ {
      "vertices" : [ 0, 1, 2 ]
    }, {
      "vertices" : [ 0, 2, 1 ]
    } ]
  }, {
    "id" : "d2ebbce1-8119-4c51-bc76-94021413a2c5",
    "vertices" : [ {
      "x" : 9.703898,
      "y" : -1.5885255,
      "z" : 6.651848
    }, {
      "x" : 10.281153,
      "y" : -2.118034,
      "z" : 5.545085
    }, {
      "x" : 9.953898,
      "y" : -0.934017,
      "z" : 6.401848
    } ],
    "faces" : [ {
      "vertices" : [ 0, 1, 2 ]
    }, {
      "vertices" : [ 0, 2, 1 ]
    } ]
  }, {
    "id" : "cc5767a5-b639-4674-806d-1920c4e1f42d",
    "vertices" : [ {
      "x" : 6.604102,
      "y" : -8.567628,
      "z" : -4.8905764
    }, {
      "x" : 7.788119,
      "y" : -7.7108645,
      "z" : -4.563322
    }, {
      "x" : 7.5858645,
      "y" : -8.192628,
      "z" : -4.033814
    } ],
    "faces" : [ {
      "vertices" : [ 0, 1, 2 ]
    }, {
      "vertices" : [ 0, 2, 1 ]
    } ]
  }, {
    "id" : "9d6c4b73-36c8-4d98-854c-e64defc48220",
    "vertices" : [ {
      "x" : 11.6196785,
      "y" : 2.3202882,
      "z" : 0.73176277
    }, {
      "x" : 11.667424,
      "y" : 1.5885255,
      "z" : 1.5112712
    }, {
      "x" : 11.7446785,
      "y" : 1.7135255,
      "z" : 0.25
    } ],
    "faces" : [ {
      "vertices" : [ 0, 1, 2 ]
    }, {
      "vertices" : [ 0, 2, 1 ]
    } ]
  }, {
    "id" : "79fab9e2-77f3-47ab-a97c-f6fc463efd31",
    "vertices" : [ {
      "x" : -11.7446785,
      "y" : -1.7135255,
      "z" : -0.25
    }, {
      "x" : -11.7446785,
      "y" : -1.7135255,
      "z" : 0.25
    }, {
      "x" : -11.8696785,
      "y" : -0.20225425,
      "z" : 0.07725425
    }, {
      "x" : -11.8696785,
      "y" : -0.20225425,
      "z" : -0.07725425
    } ],
    "faces" : [ {
      "vertices" : [ 0, 1, 2 ]
    }, {
      "vertices" : [ 0, 2, 3 ]
    }, {
      "vertices" : [ 0, 3, 2 ]
    }, {
      "vertices" : [ 0, 2, 1 ]
    } ]
  }, {
    "id" : "935bc11d-c2c6-43fb-9a04-959c39dede23",
    "vertices" : [ {
      "x" : 9.626644,
      "y" : 3.8315594,
      "z" : -5.795085
    }, {
      "x" : 9.17439,
      "y" : 5.6223392,
      "z" : -5.0155764
    }, {
      "x" : 9.906153,
      "y" : 4.688322,
      "z" : -4.563322
    } ],
    "faces" : [ {
      "vertices" : [ 0, 1, 2 ]
    }, {
      "vertices" : [ 0, 2, 1 ]
    } ]
  }, {
    "id" : "df3344ef-00ae-4be6-b96c-a475569b4e26",
    "vertices" : [ {
      "x" : -1.2612712,
      "y" : -8.644881,
      "z" : -8.038119
    }, {
      "x" : -1.309017,
      "y" : -8.972136,
      "z" : -7.663119
    }, {
      "x" : -1.7907797,
      "y" : -8.847136,
      "z" : -7.7108645
    } ],
    "faces" : [ {
      "vertices" : [ 0, 1, 2 ]
