{
  "field" : "golden",
  "symmetry" : "icosahedral",
  "orientations" : [ [ 1.0, 0.0, 0.0, 0.0, 0.0, 1.0, 0.0, 0.0, 0.0, 0.0, 1.0, 0.0, 0.0, 0.0, 0.0, 1.0 ], [ 0.0, 0.0, 1.0, 0.0, 1.0, 0.0, 0.0, 0.0, 0.0, 1.0, 0.0, 0.0, 0.0, 0.0, 0.0, 1.0 ], [ 0.0, 1.0, 0.0, 0.0, 0.0, 0.0, 1.0, 0.0, 1.0, 0.0, 0.0, 0.0, 0.0, 0.0, 0.0, 1.0 ], [ 0.809017, 0.309017, 0.5, 0.0, 0.309017, 0.5, -0.809017, 0.0, -0.5, 0.809017, 0.309017, 0.0, 0.0, 0.0, 0.0, 1.0 ], [ -0.5, 0.809017, 0.309017, 0.0, 0.809017, 0.309017, 0.5, 0.0, 0.309017, 0.5, -0.809017, 0.0, 0.0, 0.0, 0.0, 1.0 ], [ 0.309017, 0.5, -0.809017, 0.0, -0.5, 0.809017, 0.309017, 0.0, 0.809017, 0.309017, 0.5, 0.0, 0.0, 0.0, 0.0, 1.0 ], [ 0.5, 0.809017, 0.309017, 0.0, 0.809017, -0.309017, -0.5, 0.0, -0.309017, 0.5, -0.809017, 0.0, 0.0, 0.0, 0.0, 1.0 ], [ -0.309017, 0.5, -0.809017, 0.0, 0.5, 0.809017, 0.309017, 0.0, 0.809017, -0.309017, -0.5, 0.0, 0.0, 0.0, 0.0, 1.0 ], [ 0.809017, -0.309017, -0.5, 0.0, -0.309017, 0.5, -0.809017, 0.0, 0.5, 0.809017, 0.309017, 0.0, 0.0, 0.0, 0.0, 1.0 ], [ 0.5, 0.809017, -0.309017, 0.0, 0.809017, -0.309017, 0.5, 0.0, 0.309017, -0.5, -0.809017, 0.0, 0.0, 0.0, 0.0, 1.0 ], [ 0.309017, -0.5, -0.809017, 0.0, 0.5, 0.809017, -0.309017, 0.0, 0.809017, -0.309017, 0.5, 0.0, 0.0, 0.0, 0.0, 1.0 ], [ 0.809017, -0.309017, 0.5, 0.0, 0.309017, -0.5, -0.809017, 0.0, 0.5, 0.809017, -0.309017, 0.0, 0.0, 0.0, 0.0, 1.0 ], [ 0.809017, 0.309017, -0.5, 0.0, 0.309017, 0.5, 0.809017, 0.0, 0.5, -0.809017, 0.309017, 0.0, 0.0, 0.0, 0.0, 1.0 ], [ 0.5, -0.809017, 0.309017, 0.0, 0.809017, 0.309017, -0.5, 0.0, 0.309017, 0.5, 0.809017, 0.0, 0.0, 0.0, 0.0, 1.0 ], [ 0.309017, 0.5, 0.809017, 0.0, 0.5, -0.809017, 0.309017, 0.0, 0.809017, 0.309017, -0.5, 0.0, 0.0, 0.0, 0.0, 1.0 ], [ 1.0, 0.0, 0.0, 0.0, 0.0, -1.0, 0.0, 0.0, 0.0, 0.0, -1.0, 0.0, 0.0, 0.0, 0.0, 1.0 ], [ 0.0, 0.0, 1.0, 0.0, -1.0, 0.0, 0.0, 0.0, 0.0, -1.0, 0.0, 0.0, 0.0, 0.0, 0.0, 1.0 ], [ 0.0, 1.0, 0.0, 0.0, 0.0, 0.0, -1.0, 0.0, -1.0, 0.0, 0.0, 0.0, 0.0, 0.0, 0.0, 1.0 ], [ 0.809017, 0.309017, 0.5, 0.0, -0.309017, -0.5, 0.809017, 0.0, 0.5, -0.809017, -0.309017, 0.0, 0.0, 0.0, 0.0, 1.0 ], [ -0.5, 0.809017, 0.309017, 0.0, -0.809017, -0.309017, -0.5, 0.0, -0.309017, -0.5, 0.809017, 0.0, 0.0, 0.0, 0.0, 1.0 ], [ 0.309017, 0.5, -0.809017, 0.0, 0.5, -0.809017, -0.309017, 0.0, -0.809017, -0.309017, -0.5, 0.0, 0.0, 0.0, 0.0, 1.0 ], [ 0.5, 0.809017, 0.309017, 0.0, -0.809017, 0.309017, 0.5, 0.0, 0.309017, -0.5, 0.809017, 0.0, 0.0, 0.0, 0.0, 1.0 ], [ -0.309017, 0.5, -0.809017, 0.0, -0.5, -0.809017, -0.309017, 0.0, -0.809017, 0.309017, 0.5, 0.0, 0.0, 0.0, 0.0, 1.0 ], [ 0.809017, -0.309017, -0.5, 0.0, 0.309017, -0.5, 0.809017, 0.0, -0.5, -0.809017, -0.309017, 0.0, 0.0, 0.0, 0.0, 1.0 ], [ 0.5, 0.809017, -0.309017, 0.0, -0.809017, 0.309017, -0.5, 0.0, -0.309017, 0.5, 0.809017, 0.0, 0.0, 0.0, 0.0, 1.0 ], [ 0.309017, -0.5, -0.809017, 0.0, -0.5, -0.809017, 0.309017, 0.0, -0.809017, 0.309017, -0.5, 0.0, 0.0, 0.0, 0.0, 1.0 ], [ 0.809017, -0.309017, 0.5, 0.0, -0.309017, 0.5, 0.809017, 0.0, -0.5, -0.809017, 0.309017, 0.0, 0.0, 0.0, 0.0, 1.0 ], [ 0.809017, 0.309017, -0.5, 0.0, -0.309017, -0.5, -0.809017, 0.0, -0.5, 0.809017, -0.309017, 0.0, 0.0, 0.0, 0.0, 1.0 ], [ 0.5, -0.809017, 0.309017, 0.0, -0.809017, -0.309017, 0.5, 0.0, -0.309017, -0.5, -0.809017, 0.0, 0.0, 0.0, 0.0, 1.0 ], [ 0.309017, 0.5, 0.809017, 0.0, -0.5, 0.809017, -0.309017, 0.0, -0.809017, -0.309017, 0.5, 0.0, 0.0, 0.0, 0.0, 1.0 ], [ -1.0, 0.0, 0.0, 0.0, 0.0, -1.0, 0.0, 0.0, 0.0, 0.0, 1.0, 0.0, 0.0, 0.0, 0.0, 1.0 ], [ 0.0, 0.0, -1.0, 0.0, -1.0, 0.0, 0.0, 0.0, 0.0, 1.0, 0.0, 0.0, 0.0, 0.0, 0.0, 1.0 ], [ 0.0, -1.0, 0.0, 0.0, 0.0, 0.0, -1.0, 0.0, 1.0, 0.0, 0.0, 0.0, 0.0, 0.0, 0.0, 1.0 ], [ -0.809017, -0.309017, -0.5, 0.0, -0.309017, -0.5, 0.809017, 0.0, -0.5, 0.809017, 0.309017, 0.0, 0.0, 0.0, 0.0, 1.0 ], [ 0.5, -0.809017, -0.309017, 0.0, -0.809017, -0.309017, -0.5, 0.0, 0.309017, 0.5, -0.809017, 0.0, 0.0, 0.0, 0.0, 1.0 ], [ -0.309017, -0.5, 0.809017, 0.0, 0.5, -0.809017, -0.309017, 0.0, 0.809017, 0.309017, 0.5, 0.0, 0.0, 0.0, 0.0, 1.0 ], [ -0.5, -0.809017, -0.309017, 0.0, -0.809017, 0.309017, 0.5, 0.0, -0.309017, 0.5, -0.809017, 0.0, 0.0, 0.0, 0.0, 1.0 ], [ 0.309017, -0.5, 0.809017, 0.0, -0.5, -0.809017, -0.309017, 0.0, 0.809017, -0.309017, -0.5, 0.0, 0.0, 0.0, 0.0, 1.0 ], [ -0.809017, 0.309017, 0.5, 0.0, 0.309017, -0.5, 0.809017, 0.0, 0.5, 0.809017, 0.309017, 0.0, 0.0, 0.0, 0.0, 1.0 ], [ -0.5, -0.809017, 0.309017, 0.0, -0.809017, 0.309017, -0.5, 0.0, 0.309017, -0.5, -0.809017, 0.0, 0.0, 0.0, 0.0, 1.0 ], [ -0.309017, 0.5, 0.809017, 0.0, -0.5, -0.809017, 0.309017, 0.0, 0.809017, -0.309017, 0.5, 0.0, 0.0, 0.0, 0.0, 1.0 ], [ -0.809017, 0.309017, -0.5, 0.0, -0.309017, 0.5, 0.809017, 0.0, 0.5, 0.809017, -0.309017, 0.0, 0.0, 0.0, 0.0, 1.0 ], [ -0.809017, -0.309017, 0.5, 0.0, -0.309017, -0.5, -0.809017, 0.0, 0.5, -0.809017, 0.309017, 0.0, 0.0, 0.0, 0.0, 1.0 ], [ -0.5, 0.809017, -0.309017, 0.0, -0.809017, -0.309017, 0.5, 0.0, 0.309017, 0.5, 0.809017, 0.0, 0.0, 0.0, 0.0, 1.0 ], [ -0.309017, -0.5, -0.809017, 0.0, -0.5, 0.809017, -0.309017, 0.0, 0.809017, 0.309017, -0.5, 0.0, 0.0, 0.0, 0.0, 1.0 ], [ -1.0, 0.0, 0.0, 0.0, 0.0, 1.0, 0.0, 0.0, 0.0, 0.0, -1.0, 0.0, 0.0, 0.0, 0.0, 1.0 ], [ 0.0, 0.0, -1.0, 0.0, 1.0, 0.0, 0.0, 0.0, 0.0, -1.0, 0.0, 0.0, 0.0, 0.0, 0.0, 1.0 ], [ 0.0, -1.0, 0.0, 0.0, 0.0, 0.0, 1.0, 0.0, -1.0, 0.0, 0.0, 0.0, 0.0, 0.0, 0.0, 1.0 ], [ -0.809017, -0.309017, -0.5, 0.0, 0.309017, 0.5, -0.809017, 0.0, 0.5, -0.809017, -0.309017, 0.0, 0.0, 0.0, 0.0, 1.0 ], [ 0.5, -0.809017, -0.309017, 0.0, 0.809017, 0.309017, 0.5, 0.0, -0.309017, -0.5, 0.809017, 0.0, 0.0, 0.0, 0.0, 1.0 ], [ -0.309017, -0.5, 0.809017, 0.0, -0.5, 0.809017, 0.309017, 0.0, -0.809017, -0.309017, -0.5, 0.0, 0.0, 0.0, 0.0, 1.0 ], [ -0.5, -0.809017, -0.309017, 0.0, 0.809017, -0.309017, -0.5, 0.0, 0.309017, -0.5, 0.809017, 0.0, 0.0, 0.0, 0.0, 1.0 ], [ 0.309017, -0.5, 0.809017, 0.0, 0.5, 0.809017, 0.309017, 0.0, -0.809017, 0.309017, 0.5, 0.0, 0.0, 0.0, 0.0, 1.0 ], [ -0.809017, 0.309017, 0.5, 0.0, -0.309017, 0.5, -0.809017, 0.0, -0.5, -0.809017, -0.309017, 0.0, 0.0, 0.0, 0.0, 1.0 ], [ -0.5, -0.809017, 0.309017, 0.0, 0.809017, -0.309017, 0.5, 0.0, -0.309017, 0.5, 0.809017, 0.0, 0.0, 0.0, 0.0, 1.0 ], [ -0.309017, 0.5, 0.809017, 0.0, 0.5, 0.809017, -0.309017, 0.0, -0.809017, 0.309017, -0.5, 0.0, 0.0, 0.0, 0.0, 1.0 ], [ -0.809017, 0.309017, -0.5, 0.0, 0.309017, -0.5, -0.809017, 0.0, -0.5, -0.809017, 0.309017, 0.0, 0.0, 0.0, 0.0, 1.0 ], [ -0.809017, -0.309017, 0.5, 0.0, 0.309017, 0.5, 0.809017, 0.0, -0.5, 0.809017, -0.309017, 0.0, 0.0, 0.0, 0.0, 1.0 ], [ -0.5, 0.809017, -0.309017, 0.0, 0.809017, 0.309017, -0.5, 0.0, -0.309017, -0.5, -0.809017, 0.0, 0.0, 0.0, 0.0, 1.0 ], [ -0.309017, -0.5, -0.809017, 0.0, 0.5, -0.809017, 0.309017, 0.0, -0.809017, -0.309017, 0.5, 0.0, 0.0, 0.0, 0.0, 1.0 ] ],
  "lights" : {
    "backgroundColor" : "#E0EFFF",
    "ambientColor" : "#292929",
    "directionalLights" : [ {
      "direction" : {
        "x" : 1.0,
        "y" : -1.0,
        "z" : -1.0
      },
      "color" : "#EBEBE4"
    }, {
      "direction" : {
        "x" : -1.0,
        "y" : 0.0,
        "z" : 0.0
      },
      "color" : "#E4E4EB"
    }, {
      "direction" : {
        "x" : 0.0,
        "y" : 0.0,
        "z" : -1.0
      },
      "color" : "#1E1E1E"
    } ]
  },
  "camera" : {
    "stereo" : false,
    "width" : 87.389435,
    "viewDistance" : 194.19821,
    "nearClipDistance" : 0.48549566,
    "farClipDistance" : 388.3957,
    "lookAtPoint" : {
      "x" : 0.0,
      "y" : 0.0,
      "z" : 0.0
    },
    "fieldOfView" : 0.44263005,
    "perspective" : false,
    "lookDirection" : {
      "x" : 0.0,
      "y" : 0.0,
      "z" : -1.0
    },
    "upDirection" : {
      "x" : 0.0,
      "y" : 1.0,
      "z" : 0.0
    },
    "position" : {
      "x" : 0.0,
      "y" : 0.0,
      "z" : 194.19821
    }
  },
  "embedding" : [ 1.0, 0.0, 0.0, 0.0, 0.0, 1.0, 0.0, 0.0, 0.0, 0.0, 1.0, 0.0, 0.0, 0.0, 0.0, 1.0 ],
  "shapes" : [ {
    "id" : "b36cd4f4-e937-4e6d-92bd-217028bce122",
    "vertices" : [ {
      "x" : 1.0,
      "y" : 0.309017,
      "z" : 0.19098301
    }, {
      "x" : 1.0,
      "y" : -0.309017,
      "z" : 0.19098301
    }, {
      "x" : 2.236068,
      "y" : -0.309017,
      "z" : 0.19098301
    }, {
      "x" : 2.236068,
      "y" : 0.309017,
      "z" : 0.19098301
    }, {
      "x" : 2.236068,
      "y" : -0.309017,
      "z" : -0.19098301
    }, {
      "x" : 2.236068,
      "y" : 0.309017,
      "z" : -0.19098301
    }, {
      "x" : 2.854102,
      "y" : 0.0,
      "z" : 0.0
    }, {
      "x" : 0.38196602,
      "y" : 0.0,
      "z" : 0.0
    }, {
      "x" : 1.0,
      "y" : 0.309017,
      "z" : -0.19098301
    }, {
      "x" : 1.0,
      "y" : -0.309017,
      "z" : -0.19098301
    }, {
      "x" : 3.236068,
      "y" : 0.0,
      "z" : 0.0
    } ],
    "faces" : [ {
      "vertices" : [ 1, 9, 4 ]
    }, {
      "vertices" : [ 1, 4, 2 ]
    }, {
      "vertices" : [ 0, 3, 5 ]
    }, {
      "vertices" : [ 0, 5, 8 ]
    }, {
      "vertices" : [ 1, 7, 9 ]
    }, {
      "vertices" : [ 0, 1, 2 ]
    }, {
      "vertices" : [ 0, 2, 3 ]
    }, {
      "vertices" : [ 7, 8, 9 ]
    }, {
      "vertices" : [ 0, 7, 1 ]
    }, {
      "vertices" : [ 4, 9, 8 ]
    }, {
      "vertices" : [ 4, 8, 5 ]
    }, {
      "vertices" : [ 2, 6, 3 ]
    }, {
      "vertices" : [ 2, 4, 6 ]
    }, {
      "vertices" : [ 3, 6, 5 ]
    }, {
      "vertices" : [ 4, 5, 6 ]
    }, {
      "vertices" : [ 0, 8, 7 ]
    } ]
  }, {
    "id" : "9a595c9f-cf4c-48fa-8368-32f4ed506f33",
    "vertices" : [ {
      "x" : -0.309017,
      "y" : -0.19098301,
      "z" : 0.0
    }, {
      "x" : -0.309017,
      "y" : 0.19098301,
      "z" : 0.0
    }, {
      "x" : -0.19098301,
      "y" : 0.0,
      "z" : -0.309017
    }, {
      "x" : -0.19098301,
      "y" : 0.0,
      "z" : 0.309017
    }, {
      "x" : 0.0,
      "y" : -0.309017,
      "z" : -0.19098301
    }, {
      "x" : 0.0,
      "y" : -0.309017,
      "z" : 0.19098301
    }, {
      "x" : 0.0,
      "y" : 0.309017,
      "z" : -0.19098301
    }, {
      "x" : 0.0,
      "y" : 0.309017,
      "z" : 0.19098301
    }, {
      "x" : 0.19098301,
      "y" : 0.0,
      "z" : -0.309017
    }, {
      "x" : 0.19098301,
      "y" : 0.0,
      "z" : 0.309017
    }, {
      "x" : 0.309017,
      "y" : -0.19098301,
      "z" : 0.0
    }, {
      "x" : 0.309017,
      "y" : 0.19098301,
      "z" : 0.0
    } ],
    "faces" : [ {
      "vertices" : [ 0, 1, 2 ]
    }, {
      "vertices" : [ 0, 3, 1 ]
    }, {
      "vertices" : [ 0, 2, 4 ]
    }, {
      "vertices" : [ 0, 5, 3 ]
    }, {
      "vertices" : [ 0, 4, 5 ]
    }, {
      "vertices" : [ 1, 6, 2 ]
    }, {
      "vertices" : [ 1, 3, 7 ]
    }, {
      "vertices" : [ 1, 7, 6 ]
    }, {
      "vertices" : [ 2, 8, 4 ]
    }, {
      "vertices" : [ 2, 6, 8 ]
    }, {
      "vertices" : [ 3, 5, 9 ]
    }, {
      "vertices" : [ 3, 9, 7 ]
    }, {
      "vertices" : [ 4, 10, 5 ]
    }, {
      "vertices" : [ 4, 8, 10 ]
    }, {
      "vertices" : [ 5, 10, 9 ]
    }, {
      "vertices" : [ 6, 7, 11 ]
    }, {
      "vertices" : [ 6, 11, 8 ]
    }, {
      "vertices" : [ 7, 9, 11 ]
    }, {
      "vertices" : [ 8, 11, 10 ]
    }, {
      "vertices" : [ 9, 10, 11 ]
    } ]
  }, {
    "id" : "91f0c2c8-1135-407c-b836-a13defe5a742",
    "vertices" : [ {
      "x" : 1.0,
      "y" : 0.309017,
      "z" : 0.19098301
    }, {
      "x" : 1.0,
      "y" : -0.309017,
      "z" : 0.19098301
    }, {
      "x" : 7.472136,
      "y" : -0.309017,
      "z" : 0.19098301
    }, {
      "x" : 7.472136,
      "y" : 0.309017,
      "z" : 0.19098301
    }, {
      "x" : 7.472136,
      "y" : -0.309017,
      "z" : -0.19098301
    }, {
      "x" : 7.472136,
      "y" : 0.309017,
      "z" : -0.19098301
    }, {
      "x" : 8.09017,
      "y" : 0.0,
      "z" : 0.0
    }, {
      "x" : 0.38196602,
      "y" : 0.0,
      "z" : 0.0
    }, {
      "x" : 1.0,
      "y" : 0.309017,
      "z" : -0.19098301
    }, {
      "x" : 1.0,
      "y" : -0.309017,
      "z" : -0.19098301
    }, {
      "x" : 8.472136,
      "y" : 0.0,
      "z" : 0.0
    } ],
    "faces" : [ {
      "vertices" : [ 1, 9, 4 ]
    }, {
      "vertices" : [ 1, 4, 2 ]
    }, {
      "vertices" : [ 0, 3, 5 ]
    }, {
      "vertices" : [ 0, 5, 8 ]
    }, {
      "vertices" : [ 1, 7, 9 ]
    }, {
      "vertices" : [ 0, 1, 2 ]
    }, {
      "vertices" : [ 0, 2, 3 ]
    }, {
      "vertices" : [ 7, 8, 9 ]
    }, {
      "vertices" : [ 0, 7, 1 ]
    }, {
      "vertices" : [ 4, 9, 8 ]
    }, {
      "vertices" : [ 4, 8, 5 ]
    }, {
      "vertices" : [ 2, 6, 3 ]
    }, {
      "vertices" : [ 2, 4, 6 ]
    }, {
      "vertices" : [ 3, 6, 5 ]
    }, {
      "vertices" : [ 4, 5, 6 ]
    }, {
      "vertices" : [ 0, 8, 7 ]
    } ]
  }, {
    "id" : "c0f8ec25-27b5-448f-8770-89d96eb4856b",
    "vertices" : [ {
      "x" : 35.888542,
      "y" : 0.0,
      "z" : -13.708204
    }, {
      "x" : 35.579525,
      "y" : 0.0,
      "z" : -13.59017
    }, {
      "x" : 35.17502,
      "y" : -0.1545085,
      "z" : -13.149187
    }, {
      "x" : 34.984035,
      "y" : -0.1545085,
      "z" : -13.649187
    }, {
      "x" : 0.9045085,
      "y" : -0.1545085,
      "z" : -0.059016995
    }, {
      "x" : 0.809017,
      "y" : 0.309017,
      "z" : -0.309017
    }, {
      "x" : 0.309017,
      "y" : 0.0,
      "z" : -0.11803399
    }, {
      "x" : 35.079525,
      "y" : 0.309017,
      "z" : -13.399187
    }, {
      "x" : 0.7135255,
      "y" : -0.1545085,
      "z" : -0.559017
    } ],
    "faces" : [ {
      "vertices" : [ 2, 4, 8 ]
    }, {
      "vertices" : [ 2, 8, 3 ]
    }, {
      "vertices" : [ 2, 7, 5 ]
    }, {
      "vertices" : [ 2, 5, 4 ]
    }, {
      "vertices" : [ 4, 6, 8 ]
    }, {
      "vertices" : [ 5, 8, 6 ]
    }, {
      "vertices" : [ 1, 2, 3 ]
    }, {
      "vertices" : [ 3, 8, 5 ]
    }, {
      "vertices" : [ 3, 5, 7 ]
    }, {
      "vertices" : [ 1, 7, 2 ]
    }, {
      "vertices" : [ 1, 3, 7 ]
    }, {
      "vertices" : [ 4, 5, 6 ]
    } ]
  }, {
    "id" : "b57d0bd1-541d-4d13-90c0-8b0a4d7f0bac",
    "vertices" : [ {
      "x" : 0.9045085,
      "y" : 0.3454915,
      "z" : 0.25
    }, {
      "x" : 12.9946785,
      "y" : 7.8176274,
      "z" : 0.25
    }, {
      "x" : 12.803696,
      "y" : 8.126644,
      "z" : 0.25
    }, {
      "x" : 0.7135255,
      "y" : 0.6545085,
      "z" : 0.25
    }, {
      "x" : 0.809017,
      "y" : 0.5,
      "z" : -0.309017
    }, {
      "x" : 0.9635255,
      "y" : 0.25,
      "z" : -0.095491506
    }, {
      "x" : 0.309017,
      "y" : 0.19098301,
      "z" : 0.0
    }, {
      "x" : 13.399187,
      "y" : 8.281153,
      "z" : 0.0
    }, {
      "x" : 12.7446785,
      "y" : 8.222136,
      "z" : -0.095491506
    }, {
      "x" : 12.899187,
      "y" : 7.972136,
      "z" : -0.309017
    }, {
      "x" : 13.708204,
      "y" : 8.472136,
      "z" : 0.0
    }, {
      "x" : 0.6545085,
      "y" : 0.75,
      "z" : -0.095491506
    }, {
      "x" : 13.053696,
      "y" : 7.722136,
      "z" : -0.095491506
    } ],
    "faces" : [ {
      "vertices" : [ 4, 11, 8 ]
    }, {
      "vertices" : [ 4, 8, 9 ]
    }, {
      "vertices" : [ 0, 1, 2 ]
    }, {
      "vertices" : [ 0, 2, 3 ]
    }, {
      "vertices" : [ 0, 3, 6 ]
    }, {
      "vertices" : [ 1, 7, 2 ]
    }, {
      "vertices" : [ 0, 6, 5 ]
    }, {
      "vertices" : [ 4, 5, 6 ]
    }, {
      "vertices" : [ 2, 7, 8 ]
    }, {
      "vertices" : [ 0, 5, 12 ]
    }, {
      "vertices" : [ 0, 12, 1 ]
    }, {
      "vertices" : [ 1, 12, 7 ]
    }, {
      "vertices" : [ 3, 11, 6 ]
    }, {
      "vertices" : [ 4, 6, 11 ]
    }, {
      "vertices" : [ 7, 9, 8 ]
    }, {
      "vertices" : [ 2, 8, 11 ]
    }, {
      "vertices" : [ 2, 11, 3 ]
    }, {
      "vertices" : [ 7, 12, 9 ]
    }, {
      "vertices" : [ 4, 9, 12 ]
    }, {
      "vertices" : [ 4, 12, 5 ]
    } ]
  } ],
  "instances" : [ {
    "shape" : "b36cd4f4-e937-4e6d-92bd-217028bce122",
    "color" : "#007695",
    "position" : {
      "x" : 9.472136,
      "y" : 0.0,
      "z" : -1.618034
    },
    "orientation" : 22
  }, {
    "shape" : "b36cd4f4-e937-4e6d-92bd-217028bce122",
    "color" : "#007695",
    "position" : {
      "x" : -1.618034,
      "y" : 4.236068,
      "z" : 8.472136
    },
    "orientation" : 21
  }, {
    "shape" : "b36cd4f4-e937-4e6d-92bd-217028bce122",
    "color" : "#007695",
    "position" : {
      "x" : -5.236068,
      "y" : -6.854102,
      "z" : -4.236068
    },
    "orientation" : 54
  }, {
    "shape" : "9a595c9f-cf4c-48fa-8368-32f4ed506f33",
    "color" : "#FFFFFF",
    "position" : {
      "x" : -4.236068,
      "y" : -13.708204,
      "z" : 15.326238
    }
  }, {
    "shape" : "9a595c9f-cf4c-48fa-8368-32f4ed506f33",
    "color" : "#FFFFFF",
    "position" : {
      "x" : 1.618034,
      "y" : -4.236068,
      "z" : 8.472136
    }
  }, {
    "shape" : "b36cd4f4-e937-4e6d-92bd-217028bce122",
    "color" : "#007695",
    "position" : {
      "x" : 4.236068,
      "y" : 5.236068,
      "z" : -6.854102
    },
    "orientation" : 10
  }, {
    "shape" : "9a595c9f-cf4c-48fa-8368-32f4ed506f33",
    "color" : "#FFFFFF",
    "position" : {
      "x" : 13.708204,
      "y" : -15.326238,
      "z" : -4.236068
    }
  }, {
    "shape" : "91f0c2c8-1135-407c-b836-a13defe5a742",
    "color" : "#007695",
    "position" : {
      "x" : 0.0,
      "y" : -20.562305,
      "z" : 4.236068
    },
    "orientation" : 47
  }, {
    "shape" : "9a595c9f-cf4c-48fa-8368-32f4ed506f33",
    "color" : "#FFFFFF",
    "position" : {
      "x" : 17.944271,
      "y" : 8.472136,
      "z" : 6.854102
    }
  }, {
    "shape" : "b36cd4f4-e937-4e6d-92bd-217028bce122",
    "color" : "#007695",
    "position" : {
      "x" : 6.854102,
      "y" : -4.236068,
      "z" : 5.236068
    },
    "orientation" : 41
  }, {
    "shape" : "91f0c2c8-1135-407c-b836-a13defe5a742",
    "color" : "#007695",
    "position" : {
      "x" : 20.562305,
      "y" : -4.236068,
      "z" : 0.0
    },
    "orientation" : 22
  }, {
    "shape" : "9a595c9f-cf4c-48fa-8368-32f4ed506f33",
    "color" : "#FFFFFF",
    "position" : {
      "x" : 4.236068,
      "y" : 8.472136,
      "z" : 1.618034
    }
  }, {
    "shape" : "c0f8ec25-27b5-448f-8770-89d96eb4856b",
    "color" : "#F0A000",
    "position" : {
      "x" : 0.0,
      "y" : -20.562305,
      "z" : -4.236068
    },
    "orientation" : 6
  }, {
    "shape" : "b36cd4f4-e937-4e6d-92bd-217028bce122",
    "color" : "#007695",
    "position" : {
      "x" : -4.236068,
      "y" : 8.472136,
      "z" : 1.618034
    },
    "orientation" : 23
  }, {
    "shape" : "9a595c9f-cf4c-48fa-8368-32f4ed506f33",
    "color" : "#FFFFFF",
    "position" : {
      "x" : 6.854102,
      "y" : -17.944271,
      "z" : 8.472136
    }
  }, {
    "shape" : "b36cd4f4-e937-4e6d-92bd-217028bce122",
    "color" : "#007695",
    "position" : {
      "x" : -8.472136,
      "y" : 1.618034,
      "z" : 4.236068
    },
    "orientation" : 22
  }, {
    "shape" : "b36cd4f4-e937-4e6d-92bd-217028bce122",
    "color" : "#007695",
    "position" : {
      "x" : -5.236068,
      "y" : 6.854102,
      "z" : -4.236068
    },
    "orientation" : 25
  }, {
    "shape" : "91f0c2c8-1135-407c-b836-a13defe5a742",
    "color" : "#007695",
    "position" : {
      "x" : 15.326238,
      "y" : 4.236068,
      "z" : -13.708204
    },
    "orientation" : 56
  }, {
    "shape" : "b36cd4f4-e937-4e6d-92bd-217028bce122",
    "color" : "#007695",
    "position" : {
      "x" : -4.236068,
      "y" : 5.236068,
      "z" : -6.854102
    },
    "orientation" : 26
  }, {
    "shape" : "91f0c2c8-1135-407c-b836-a13defe5a742",
    "color" : "#007695",
    "position" : {
      "x" : 4.236068,
      "y" : 13.708204,
      "z" : -15.326238
    },
    "orientation" : 10
  }, {
    "shape" : "b36cd4f4-e937-4e6d-92bd-217028bce122",
    "color" : "#007695",
    "position" : {
      "x" : 1.618034,
      "y" : -4.236068,
      "z" : 8.472136
    },
    "orientation" : 26
  }, {
    "shape" : "91f0c2c8-1135-407c-b836-a13defe5a742",
    "color" : "#007695",
    "position" : {
      "x" : -13.708204,
      "y" : -15.326238,
      "z" : -4.236068
    },
    "orientation" : 26
  }, {
    "shape" : "91f0c2c8-1135-407c-b836-a13defe5a742",
    "color" : "#007695",
    "position" : {
      "x" : -4.236068,
      "y" : 13.708204,
      "z" : -15.326238
    },
    "orientation" : 0
  }, {
    "shape" : "91f0c2c8-1135-407c-b836-a13defe5a742",
    "color" : "#007695",
    "position" : {
      "x" : 6.854102,
      "y" : -17.944271,
      "z" : -8.472136
    },
    "orientation" : 55
  }, {
    "shape" : "9a595c9f-cf4c-48fa-8368-32f4ed506f33",
    "color" : "#FFFFFF",
    "position" : {
      "x" : 20.562305,
      "y" : 4.236068,
      "z" : 0.0
    }
  }, {
    "shape" : "9a595c9f-cf4c-48fa-8368-32f4ed506f33",
    "color" : "#FFFFFF",
    "position" : {
      "x" : 0.0,
      "y" : 20.562305,
      "z" : 4.236068
    }
  }, {
    "shape" : "91f0c2c8-1135-407c-b836-a13defe5a742",
    "color" : "#007695",
    "position" : {
      "x" : -8.472136,
      "y" : -6.854102,
      "z" : -17.944271
    },
    "orientation" : 21
  }, {
    "shape" : "9a595c9f-cf4c-48fa-8368-32f4ed506f33",
    "color" : "#FFFFFF",
    "position" : {
      "x" : -13.708204,
      "y" : -15.326238,
      "z" : -4.236068
    }
  }, {
    "shape" : "9a595c9f-cf4c-48fa-8368-32f4ed506f33",
    "color" : "#FFFFFF",
    "position" : {
      "x" : 4.236068,
      "y" : -5.236068,
      "z" : 6.854102
    }
  }, {
    "shape" : "9a595c9f-cf4c-48fa-8368-32f4ed506f33",
    "color" : "#FFFFFF",
    "position" : {
      "x" : -9.472136,
      "y" : 0.0,
      "z" : 1.618034
    }
  }, {
    "shape" : "9a595c9f-cf4c-48fa-8368-32f4ed506f33",
    "color" : "#FFFFFF",
    "position" : {
      "x" : -13.708204,
      "y" : 15.326238,
      "z" : -4.236068
    }
  }, {
    "shape" : "9a595c9f-cf4c-48fa-8368-32f4ed506f33",
    "color" : "#FFFFFF",
    "position" : {
      "x" : -1.618034,
      "y" : -4.236068,
      "z" : -8.472136
    }
  }, {
    "shape" : "9a595c9f-cf4c-48fa-8368-32f4ed506f33",
    "color" : "#FFFFFF",
    "position" : {
      "x" : 5.236068,
      "y" : -6.854102,
      "z" : 4.236068
    }
  }, {
    "shape" : "9a595c9f-cf4c-48fa-8368-32f4ed506f33",
    "color" : "#FFFFFF",
    "position" : {
      "x" : -4.236068,
      "y" : 13.708204,
      "z" : -15.326238
    }
  }, {
    "shape" : "91f0c2c8-1135-407c-b836-a13defe5a742",
    "color" : "#007695",
    "position" : {
      "x" : -13.708204,
      "y" : -15.326238,
      "z" : 4.236068
    },
    "orientation" : 47
  }, {
    "shape" : "b36cd4f4-e937-4e6d-92bd-217028bce122",
    "color" : "#007695",
    "position" : {
      "x" : 4.236068,
      "y" : 8.472136,
      "z" : 1.618034
    },
    "orientation" : 47
  }, {
    "shape" : "9a595c9f-cf4c-48fa-8368-32f4ed506f33",
    "color" : "#FFFFFF",
    "position" : {
      "x" : 6.854102,
      "y" : -17.944271,
      "z" : -8.472136
    }
  }, {
    "shape" : "b36cd4f4-e937-4e6d-92bd-217028bce122",
    "color" : "#007695",
    "position" : {
      "x" : 6.854102,
      "y" : 4.236068,
      "z" : -5.236068
    },
    "orientation" : 56
  }, {
    "shape" : "9a595c9f-cf4c-48fa-8368-32f4ed506f33",
    "color" : "#FFFFFF",
    "position" : {
      "x" : 8.472136,
      "y" : -6.854102,
      "z" : 17.944271
    }
  }, {
    "shape" : "91f0c2c8-1135-407c-b836-a13defe5a742",
    "color" : "#007695",
    "position" : {
      "x" : 17.944271,
      "y" : -8.472136,
      "z" : 6.854102
    },
    "orientation" : 52
  }, {
    "shape" : "b57d0bd1-541d-4d13-90c0-8b0a4d7f0bac",
    "color" : "#AF0000",
    "position" : {
      "x" : 1.618034,
      "y" : -4.236068,
      "z" : -8.472136
    },
    "orientation" : 32
  }, {
    "shape" : "91f0c2c8-1135-407c-b836-a13defe5a742",
    "color" : "#007695",
    "position" : {
      "x" : -6.854102,
      "y" : -17.944271,
      "z" : 8.472136
    },
    "orientation" : 10
  }, {
    "shape" : "9a595c9f-cf4c-48fa-8368-32f4ed506f33",
    "color" : "#FFFFFF",
    "position" : {
      "x" : -1.618034,
      "y" : -4.236068,
      "z" : 8.472136
    }
  }, {
    "shape" : "9a595c9f-cf4c-48fa-8368-32f4ed506f33",
    "color" : "#FFFFFF",
    "position" : {
      "x" : 4.236068,
      "y" : -13.708204,
      "z" : 15.326238
    }
  }, {
    "shape" : "9a595c9f-cf4c-48fa-8368-32f4ed506f33",
    "color" : "#FFFFFF",
    "position" : {
      "x" : 6.854102,
      "y" : 4.236068,
      "z" : -5.236068
    }
  }, {
    "shape" : "91f0c2c8-1135-407c-b836-a13defe5a742",
    "color" : "#007695",
    "position" : {
      "x" : 13.708204,
      "y" : -15.326238,
      "z" : 4.236068
    },
    "orientation" : 9
  }, {
    "shape" : "91f0c2c8-1135-407c-b836-a13defe5a742",
    "color" : "#007695",
    "position" : {
      "x" : -8.472136,
      "y" : 6.854102,
      "z" : -17.944271
    },
    "orientation" : 9
  }, {
    "shape" : "91f0c2c8-1135-407c-b836-a13defe5a742",
    "color" : "#007695",
    "position" : {
      "x" : -4.236068,
      "y" : 0.0,
      "z" : -20.562305
    },
    "orientation" : 51
  }, {
    "shape" : "91f0c2c8-1135-407c-b836-a13defe5a742",
    "color" : "#007695",
    "position" : {
      "x" : 6.854102,
      "y" : -17.944271,
      "z" : -8.472136
    },
    "orientation" : 11
  }, {
    "shape" : "91f0c2c8-1135-407c-b836-a13defe5a742",
    "color" : "#007695",
    "position" : {
      "x" : -13.708204,
      "y" : 15.326238,
      "z" : -4.236068
    },
    "orientation" : 2
  }, {
    "shape" : "91f0c2c8-1135-407c-b836-a13defe5a742",
    "color" : "#007695",
    "position" : {
      "x" : 17.944271,
      "y" : 8.472136,
      "z" : 6.854102
    },
    "orientation" : 40
  }, {
    "shape" : "9a595c9f-cf4c-48fa-8368-32f4ed506f33",
    "color" : "#FFFFFF",
    "position" : {
      "x" : -1.618034,
      "y" : 4.236068,
      "z" : -8.472136
    }
  }, {
    "shape" : "9a595c9f-cf4c-48fa-8368-32f4ed506f33",
    "color" : "#FFFFFF",
    "position" : {
      "x" : -20.562305,
      "y" : -4.236068,
      "z" : 0.0
    }
  }, {
    "shape" : "91f0c2c8-1135-407c-b836-a13defe5a742",
    "color" : "#007695",
    "position" : {
      "x" : 8.472136,
      "y" : -6.854102,
      "z" : -17.944271
    },
    "orientation" : 11
  }, {
    "shape" : "91f0c2c8-1135-407c-b836-a13defe5a742",
    "color" : "#007695",
    "position" : {
      "x" : 13.708204,
      "y" : 15.326238,
      "z" : 4.236068
    },
    "orientation" : 47
  }, {
    "shape" : "9a595c9f-cf4c-48fa-8368-32f4ed506f33",
    "color" : "#FFFFFF",
    "position" : {
      "x" : 8.472136,
      "y" : 6.854102,
      "z" : -17.944271
    }
  }, {
    "shape" : "9a595c9f-cf4c-48fa-8368-32f4ed506f33",
    "color" : "#FFFFFF",
    "position" : {
      "x" : 4.236068,
      "y" : 5.236068,
      "z" : -6.854102
    }
  }, {
    "shape" : "b57d0bd1-541d-4d13-90c0-8b0a4d7f0bac",
    "color" : "#AF0000",
    "position" : {
      "x" : 9.472136,
      "y" : 0.0,
      "z" : 1.618034
    },
    "orientation" : 45
  }, {
    "shape" : "b36cd4f4-e937-4e6d-92bd-217028bce122",
    "color" : "#007695",
    "position" : {
      "x" : -1.618034,
      "y" : -9.472136,
      "z" : 0.0
    },
    "orientation" : 38
  }, {
    "shape" : "b36cd4f4-e937-4e6d-92bd-217028bce122",
    "color" : "#007695",
    "position" : {
      "x" : -4.236068,
      "y" : -8.472136,
      "z" : 1.618034
    },
    "orientation" : 47
  }, {
    "shape" : "9a595c9f-cf4c-48fa-8368-32f4ed506f33",
    "color" : "#FFFFFF",
    "position" : {
      "x" : -15.326238,
      "y" : 4.236068,
      "z" : -13.708204
    }
  }, {
    "shape" : "91f0c2c8-1135-407c-b836-a13defe5a742",
    "color" : "#007695",
    "position" : {
      "x" : 8.472136,
      "y" : 6.854102,
      "z" : 17.944271
    },
    "orientation" : 26
  }, {
    "shape" : "9a595c9f-cf4c-48fa-8368-32f4ed506f33",
    "color" : "#FFFFFF",
    "position" : {
      "x" : -8.472136,
      "y" : -1.618034,
      "z" : 4.236068
    }
  }, {
    "shape" : "9a595c9f-cf4c-48fa-8368-32f4ed506f33",
    "color" : "#FFFFFF",
    "position" : {
      "x" : 1.618034,
      "y" : -4.236068,
      "z" : -8.472136
    }
  }, {
    "shape" : "9a595c9f-cf4c-48fa-8368-32f4ed506f33",
    "color" : "#FFFFFF",
    "position" : {
      "x" : -4.236068,
      "y" : -5.236068,
      "z" : -6.854102
    }
  }, {
    "shape" : "9a595c9f-cf4c-48fa-8368-32f4ed506f33",
    "color" : "#FFFFFF",
    "position" : {
      "x" : 13.708204,
      "y" : 15.326238,
      "z" : -4.236068
    }
  }, {
    "shape" : "b36cd4f4-e937-4e6d-92bd-217028bce122",
    "color" : "#007695",
    "position" : {
      "x" : -1.618034,
      "y" : 4.236068,
      "z" : -8.472136
    },
    "orientation" : 0
  }, {
    "shape" : "9a595c9f-cf4c-48fa-8368-32f4ed506f33",
    "color" : "#FFFFFF",
    "position" : {
      "x" : 1.618034,
      "y" : -9.472136,
      "z" : 0.0
    }
  }, {
    "shape" : "c0f8ec25-27b5-448f-8770-89d96eb4856b",
    "color" : "#F0A000",
    "position" : {
      "x" : -15.326238,
      "y" : 4.236068,
      "z" : 13.708204
    },
    "orientation" : 0
  }, {
    "shape" : "b36cd4f4-e937-4e6d-92bd-217028bce122",
    "color" : "#007695",
    "position" : {
      "x" : 1.618034,
      "y" : 4.236068,
      "z" : -8.472136
    },
    "orientation" : 11
  }, {
    "shape" : "9a595c9f-cf4c-48fa-8368-32f4ed506f33",
    "color" : "#FFFFFF",
    "position" : {
      "x" : -15.326238,
      "y" : -4.236068,
      "z" : -13.708204
    }
  }, {
    "shape" : "9a595c9f-cf4c-48fa-8368-32f4ed506f33",
    "color" : "#FFFFFF",
    "position" : {
      "x" : -5.236068,
      "y" : 6.854102,
      "z" : 4.236068
    }
  }, {
    "shape" : "91f0c2c8-1135-407c-b836-a13defe5a742",
    "color" : "#007695",
    "position" : {
      "x" : 17.944271,
      "y" : 8.472136,
      "z" : 6.854102
    },
    "orientation" : 54
  }, {
    "shape" : "91f0c2c8-1135-407c-b836-a13defe5a742",
    "color" : "#007695",
    "position" : {
      "x" : -20.562305,
      "y" : 4.236068,
      "z" : 0.0
    },
    "orientation" : 16
  }, {
    "shape" : "91f0c2c8-1135-407c-b836-a13defe5a742",
    "color" : "#007695",
    "position" : {
      "x" : -4.236068,
      "y" : 13.708204,
      "z" : 15.326238
    },
    "orientation" : 55
  }, {
    "shape" : "91f0c2c8-1135-407c-b836-a13defe5a742",
    "color" : "#007695",
    "position" : {
      "x" : 6.854102,
      "y" : -17.944271,
      "z" : 8.472136
    },
    "orientation" : 53
  }, {
    "shape" : "9a595c9f-cf4c-48fa-8368-32f4ed506f33",
    "color" : "#FFFFFF",
    "position" : {
      "x" : -1.618034,
      "y" : 4.236068,
      "z" : 8.472136
    }
  }, {
    "shape" : "9a595c9f-cf4c-48fa-8368-32f4ed506f33",
    "color" : "#FFFFFF",
    "position" : {
      "x" : 8.472136,
      "y" : 1.618034,
      "z" : 4.236068
    }
  }, {
    "shape" : "c0f8ec25-27b5-448f-8770-89d96eb4856b",
    "color" : "#F0A000",
    "position" : {
      "x" : 0.0,
      "y" : 20.562305,
      "z" : -4.236068
    },
    "orientation" : 16
  }, {
    "shape" : "91f0c2c8-1135-407c-b836-a13defe5a742",
    "color" : "#007695",
    "position" : {
      "x" : -17.944271,
      "y" : -8.472136,
      "z" : 6.854102
    },
    "orientation" : 24
  }, {
    "shape" : "c0f8ec25-27b5-448f-8770-89d96eb4856b",
    "color" : "#F0A000",
    "position" : {
      "x" : -8.472136,
      "y" : 6.854102,
      "z" : 17.944271
    },
    "orientation" : 24
  }, {
    "shape" : "c0f8ec25-27b5-448f-8770-89d96eb4856b",
    "color" : "#F0A000",
    "position" : {
      "x" : -17.944271,
      "y" : -8.472136,
      "z" : -6.854102
    },
    "orientation" : 9
  }, {
    "shape" : "b57d0bd1-541d-4d13-90c0-8b0a4d7f0bac",
    "color" : "#AF0000",
    "position" : {
      "x" : -5.236068,
      "y" : 6.854102,
      "z" : -4.236068
    },
    "orientation" : 15
  }, {
    "shape" : "91f0c2c8-1135-407c-b836-a13defe5a742",
    "color" : "#007695",
    "position" : {
      "x" : -13.708204,
      "y" : 15.326238,
      "z" : 4.236068
    },
    "orientation" : 11
  }, {
    "shape" : "b36cd4f4-e937-4e6d-92bd-217028bce122",
    "color" : "#007695",
    "position" : {
      "x" : -4.236068,
      "y" : 8.472136,
      "z" : 1.618034
    },
    "orientation" : 40
  }, {
    "shape" : "9a595c9f-cf4c-48fa-8368-32f4ed506f33",
    "color" : "#FFFFFF",
    "position" : {
      "x" : 8.472136,
      "y" : 6.854102,
      "z" : 17.944271
    }
  }, {
    "shape" : "b36cd4f4-e937-4e6d-92bd-217028bce122",
    "color" : "#007695",
    "position" : {
      "x" : -1.618034,
      "y" : 9.472136,
      "z" : 0.0
    },
    "orientation" : 0
  }, {
    "shape" : "b36cd4f4-e937-4e6d-92bd-217028bce122",
    "color" : "#007695",
    "position" : {
      "x" : -4.236068,
      "y" : -5.236068,
      "z" : 6.854102
    },
    "orientation" : 11
  }, {
    "shape" : "9a595c9f-cf4c-48fa-8368-32f4ed506f33",
    "color" : "#FFFFFF",
    "position" : {
      "x" : 4.236068,
      "y" : 13.708204,
      "z" : -15.326238
    }
  }, {
    "shape" : "9a595c9f-cf4c-48fa-8368-32f4ed506f33",
    "color" : "#FFFFFF",
    "position" : {
      "x" : -17.944271,
      "y" : -8.472136,
      "z" : 6.854102
    }
  }, {
    "shape" : "91f0c2c8-1135-407c-b836-a13defe5a742",
    "color" : "#007695",
    "position" : {
      "x" : 0.0,
      "y" : -20.562305,
      "z" : -4.236068
    },
    "orientation" : 23
  }, {
    "shape" : "9a595c9f-cf4c-48fa-8368-32f4ed506f33",
    "color" : "#FFFFFF",
    "position" : {
      "x" : 4.236068,
      "y" : -8.472136,
      "z" : 1.618034
    }
  }, {
    "shape" : "91f0c2c8-1135-407c-b836-a13defe5a742",
    "color" : "#007695",
    "position" : {
      "x" : -8.472136,
      "y" : -6.854102,
      "z" : 17.944271
    },
    "orientation" : 24
  }, {
    "shape" : "91f0c2c8-1135-407c-b836-a13defe5a742",
    "color" : "#007695",
    "position" : {
      "x" : -8.472136,
      "y" : 6.854102,
      "z" : -17.944271
    },
    "orientation" : 41
  }, {
    "shape" : "9a595c9f-cf4c-48fa-8368-32f4ed506f33",
    "color" : "#FFFFFF",
    "position" : {
      "x" : -4.236068,
      "y" : 5.236068,
      "z" : 6.854102
    }
  }, {
    "shape" : "9a595c9f-cf4c-48fa-8368-32f4ed506f33",
    "color" : "#FFFFFF",
    "position" : {
      "x" : -5.236068,
      "y" : -6.854102,
      "z" : 4.236068
    }
  }, {
    "shape" : "b36cd4f4-e937-4e6d-92bd-217028bce122",
    "color" : "#007695",
    "position" : {
      "x" : -4.236068,
      "y" : -5.236068,
      "z" : 6.854102
    },
    "orientation" : 56
  }, {
    "shape" : "b36cd4f4-e937-4e6d-92bd-217028bce122",
    "color" : "#007695",
    "position" : {
      "x" : 8.472136,
      "y" : 1.618034,
      "z" : -4.236068
    },
    "orientation" : 37
  }, {
    "shape" : "c0f8ec25-27b5-448f-8770-89d96eb4856b",
    "color" : "#F0A000",
    "position" : {
      "x" : -15.326238,
      "y" : 4.236068,
      "z" : -13.708204
    },
    "orientation" : 5
  }, {
    "shape" : "c0f8ec25-27b5-448f-8770-89d96eb4856b",
    "color" : "#F0A000",
    "position" : {
      "x" : -6.854102,
      "y" : 17.944271,
      "z" : -8.472136
    },
    "orientation" : 21
  }, {
    "shape" : "9a595c9f-cf4c-48fa-8368-32f4ed506f33",
    "color" : "#FFFFFF",
    "position" : {
      "x" : -4.236068,
      "y" : 0.0,
      "z" : -20.562305
    }
  }, {
    "shape" : "b57d0bd1-541d-4d13-90c0-8b0a4d7f0bac",
    "color" : "#AF0000",
    "position" : {
      "x" : 0.0,
      "y" : 1.618034,
      "z" : 9.472136
    },
    "orientation" : 17
  }, {
    "shape" : "9a595c9f-cf4c-48fa-8368-32f4ed506f33",
    "color" : "#FFFFFF",
    "position" : {
      "x" : 17.944271,
      "y" : 8.472136,
      "z" : -6.854102
    }
  }, {
    "shape" : "b36cd4f4-e937-4e6d-92bd-217028bce122",
    "color" : "#007695",
    "position" : {
      "x" : -8.472136,
      "y" : 1.618034,
      "z" : 4.236068
    },
    "orientation" : 9
  }, {
    "shape" : "91f0c2c8-1135-407c-b836-a13defe5a742",
    "color" : "#007695",
    "position" : {
      "x" : 15.326238,
      "y" : 4.236068,
      "z" : -13.708204
    },
    "orientation" : 10
  }, {
    "shape" : "9a595c9f-cf4c-48fa-8368-32f4ed506f33",
    "color" : "#FFFFFF",
    "position" : {
      "x" : -5.236068,
      "y" : 6.854102,
      "z" : -4.236068
    }
  }, {
    "shape" : "91f0c2c8-1135-407c-b836-a13defe5a742",
    "color" : "#007695",
    "position" : {
      "x" : -13.708204,
      "y" : 15.326238,
      "z" : 4.236068
    },
    "orientation" : 39
  }, {
    "shape" : "b36cd4f4-e937-4e6d-92bd-217028bce122",
    "color" : "#007695",
    "position" : {
      "x" : -9.472136,
      "y" : 0.0,
      "z" : 1.618034
    },
    "orientation" : 37
  }, {
    "shape" : "9a595c9f-cf4c-48fa-8368-32f4ed506f33",
    "color" : "#FFFFFF",
    "position" : {
      "x" : 1.618034,
      "y" : 9.472136,
      "z" : 0.0
    }
  }, {
    "shape" : "9a595c9f-cf4c-48fa-8368-32f4ed506f33",
    "color" : "#FFFFFF",
    "position" : {
      "x" : 0.0,
      "y" : 0.0,
      "z" : 0.0
    }
  }, {
    "shape" : "9a595c9f-cf4c-48fa-8368-32f4ed506f33",
    "color" : "#FFFFFF",
    "position" : {
      "x" : -4.236068,
      "y" : 0.0,
      "z" : 20.562305
    }
  }, {
    "shape" : "91f0c2c8-1135-407c-b836-a13defe5a742",
    "color" : "#007695",
    "position" : {
      "x" : 15.326238,
      "y" : -4.236068,
      "z" : -13.708204
    },
    "orientation" : 1
  }, {
    "shape" : "b36cd4f4-e937-4e6d-92bd-217028bce122",
    "color" : "#007695",
    "position" : {
      "x" : 5.236068,
      "y" : -6.854102,
      "z" : -4.236068
    },
    "orientation" : 55
  }, {
    "shape" : "b36cd4f4-e937-4e6d-92bd-217028bce122",
    "color" : "#007695",
    "position" : {
      "x" : 1.618034,
      "y" : -4.236068,
      "z" : -8.472136
    },
    "orientation" : 45
  }, {
    "shape" : "b36cd4f4-e937-4e6d-92bd-217028bce122",
    "color" : "#007695",
    "position" : {
      "x" : -1.618034,
      "y" : -4.236068,
      "z" : -8.472136
    },
    "orientation" : 6
  }, {
    "shape" : "c0f8ec25-27b5-448f-8770-89d96eb4856b",
    "color" : "#F0A000",
    "position" : {
      "x" : -15.326238,
      "y" : -4.236068,
      "z" : -13.708204
    },
    "orientation" : 8
  }, {
    "shape" : "91f0c2c8-1135-407c-b836-a13defe5a742",
    "color" : "#007695",
    "position" : {
      "x" : -15.326238,
      "y" : -4.236068,
      "z" : -13.708204
    },
    "orientation" : 26
  }, {
    "shape" : "91f0c2c8-1135-407c-b836-a13defe5a742",
    "color" : "#007695",
    "position" : {
      "x" : -6.854102,
      "y" : 17.944271,
      "z" : -8.472136
    },
    "orientation" : 41
  }, {
    "shape" : "b57d0bd1-541d-4d13-90c0-8b0a4d7f0bac",
    "color" : "#AF0000",
    "position" : {
      "x" : -8.472136,
      "y" : 1.618034,
      "z" : 4.236068
    },
    "orientation" : 17
  }, {
    "shape" : "b36cd4f4-e937-4e6d-92bd-217028bce122",
    "color" : "#007695",
    "position" : {
      "x" : -4.236068,
      "y" : -5.236068,
      "z" : -6.854102
    },
    "orientation" : 23
  }, {
    "shape" : "b57d0bd1-541d-4d13-90c0-8b0a4d7f0bac",
    "color" : "#AF0000",
    "position" : {
      "x" : 4.236068,
      "y" : -8.472136,
      "z" : 1.618034
    },
    "orientation" : 45
  }, {
    "shape" : "91f0c2c8-1135-407c-b836-a13defe5a742",
    "color" : "#007695",
    "position" : {
      "x" : 6.854102,
      "y" : 17.944271,
      "z" : 8.472136
    },
    "orientation" : 26
  }, {
    "shape" : "b36cd4f4-e937-4e6d-92bd-217028bce122",
    "color" : "#007695",
    "position" : {
      "x" : -8.472136,
      "y" : -1.618034,
      "z" : -4.236068
    },
    "orientation" : 24
  }, {
    "shape" : "b57d0bd1-541d-4d13-90c0-8b0a4d7f0bac",
    "color" : "#AF0000",
    "position" : {
      "x" : -4.236068,
      "y" : 5.236068,
      "z" : -6.854102
    },
    "orientation" : 31
  }, {
    "shape" : "b36cd4f4-e937-4e6d-92bd-217028bce122",
    "color" : "#007695",
    "position" : {
      "x" : 5.236068,
      "y" : -6.854102,
      "z" : 4.236068
    },
    "orientation" : 9
  }, {
    "shape" : "b36cd4f4-e937-4e6d-92bd-217028bce122",
