{
  "field" : "golden",
  "symmetry" : "icosahedral",
  "orientations" : [ [ 1.0, 0.0, 0.0, 0.0, 0.0, 1.0, 0.0, 0.0, 0.0, 0.0, 1.0, 0.0, 0.0, 0.0, 0.0, 1.0 ], [ 0.0, 0.0, 1.0, 0.0, 1.0, 0.0, 0.0, 0.0, 0.0, 1.0, 0.0, 0.0, 0.0, 0.0, 0.0, 1.0 ], [ 0.0, 1.0, 0.0, 0.0, 0.0, 0.0, 1.0, 0.0, 1.0, 0.0, 0.0, 0.0, 0.0, 0.0, 0.0, 1.0 ], [ 0.809017, 0.309017, 0.5, 0.0, 0.309017, 0.5, -0.809017, 0.0, -0.5, 0.809017, 0.309017, 0.0, 0.0, 0.0, 0.0, 1.0 ], [ -0.5, 0.809017, 0.309017, 0.0, 0.809017, 0.309017, 0.5, 0.0, 0.309017, 0.5, -0.809017, 0.0, 0.0, 0.0, 0.0, 1.0 ], [ 0.309017, 0.5, -0.809017, 0.0, -0.5, 0.809017, 0.309017, 0.0, 0.809017, 0.309017, 0.5, 0.0, 0.0, 0.0, 0.0, 1.0 ], [ 0.5, 0.809017, 0.309017, 0.0, 0.809017, -0.309017, -0.5, 0.0, -0.309017, 0.5, -0.809017, 0.0, 0.0, 0.0, 0.0, 1.0 ], [ -0.309017, 0.5, -0.809017, 0.0, 0.5, 0.809017, 0.309017, 0.0, 0.809017, -0.309017, -0.5, 0.0, 0.0, 0.0, 0.0, 1.0 ], [ 0.809017, -0.309017, -0.5, 0.0, -0.309017, 0.5, -0.809017, 0.0, 0.5, 0.809017, 0.309017, 0.0, 0.0, 0.0, 0.0, 1.0 ], [ 0.5, 0.809017, -0.309017, 0.0, 0.809017, -0.309017, 0.5, 0.0, 0.309017, -0.5, -0.809017, 0.0, 0.0, 0.0, 0.0, 1.0 ], [ 0.309017, -0.5, -0.809017, 0.0, 0.5, 0.809017, -0.309017, 0.0, 0.809017, -0.309017, 0.5, 0.0, 0.0, 0.0, 0.0, 1.0 ], [ 0.809017, -0.309017, 0.5, 0.0, 0.309017, -0.5, -0.809017, 0.0, 0.5, 0.809017, -0.309017, 0.0, 0.0, 0.0, 0.0, 1.0 ], [ 0.809017, 0.309017, -0.5, 0.0, 0.309017, 0.5, 0.809017, 0.0, 0.5, -0.809017, 0.309017, 0.0, 0.0, 0.0, 0.0, 1.0 ], [ 0.5, -0.809017, 0.309017, 0.0, 0.809017, 0.309017, -0.5, 0.0, 0.309017, 0.5, 0.809017, 0.0, 0.0, 0.0, 0.0, 1.0 ], [ 0.309017, 0.5, 0.809017, 0.0, 0.5, -0.809017, 0.309017, 0.0, 0.809017, 0.309017, -0.5, 0.0, 0.0, 0.0, 0.0, 1.0 ], [ 1.0, 0.0, 0.0, 0.0, 0.0, -1.0, 0.0, 0.0, 0.0, 0.0, -1.0, 0.0, 0.0, 0.0, 0.0, 1.0 ], [ 0.0, 0.0, 1.0, 0.0, -1.0, 0.0, 0.0, 0.0, 0.0, -1.0, 0.0, 0.0, 0.0, 0.0, 0.0, 1.0 ], [ 0.0, 1.0, 0.0, 0.0, 0.0, 0.0, -1.0, 0.0, -1.0, 0.0, 0.0, 0.0, 0.0, 0.0, 0.0, 1.0 ], [ 0.809017, 0.309017, 0.5, 0.0, -0.309017, -0.5, 0.809017, 0.0, 0.5, -0.809017, -0.309017, 0.0, 0.0, 0.0, 0.0, 1.0 ], [ -0.5, 0.809017, 0.309017, 0.0, -0.809017, -0.309017, -0.5, 0.0, -0.309017, -0.5, 0.809017, 0.0, 0.0, 0.0, 0.0, 1.0 ], [ 0.309017, 0.5, -0.809017, 0.0, 0.5, -0.809017, -0.309017, 0.0, -0.809017, -0.309017, -0.5, 0.0, 0.0, 0.0, 0.0, 1.0 ], [ 0.5, 0.809017, 0.309017, 0.0, -0.809017, 0.309017, 0.5, 0.0, 0.309017, -0.5, 0.809017, 0.0, 0.0, 0.0, 0.0, 1.0 ], [ -0.309017, 0.5, -0.809017, 0.0, -0.5, -0.809017, -0.309017, 0.0, -0.809017, 0.309017, 0.5, 0.0, 0.0, 0.0, 0.0, 1.0 ], [ 0.809017, -0.309017, -0.5, 0.0, 0.309017, -0.5, 0.809017, 0.0, -0.5, -0.809017, -0.309017, 0.0, 0.0, 0.0, 0.0, 1.0 ], [ 0.5, 0.809017, -0.309017, 0.0, -0.809017, 0.309017, -0.5, 0.0, -0.309017, 0.5, 0.809017, 0.0, 0.0, 0.0, 0.0, 1.0 ], [ 0.309017, -0.5, -0.809017, 0.0, -0.5, -0.809017, 0.309017, 0.0, -0.809017, 0.309017, -0.5, 0.0, 0.0, 0.0, 0.0, 1.0 ], [ 0.809017, -0.309017, 0.5, 0.0, -0.309017, 0.5, 0.809017, 0.0, -0.5, -0.809017, 0.309017, 0.0, 0.0, 0.0, 0.0, 1.0 ], [ 0.809017, 0.309017, -0.5, 0.0, -0.309017, -0.5, -0.809017, 0.0, -0.5, 0.809017, -0.309017, 0.0, 0.0, 0.0, 0.0, 1.0 ], [ 0.5, -0.809017, 0.309017, 0.0, -0.809017, -0.309017, 0.5, 0.0, -0.309017, -0.5, -0.809017, 0.0, 0.0, 0.0, 0.0, 1.0 ], [ 0.309017, 0.5, 0.809017, 0.0, -0.5, 0.809017, -0.309017, 0.0, -0.809017, -0.309017, 0.5, 0.0, 0.0, 0.0, 0.0, 1.0 ], [ -1.0, 0.0, 0.0, 0.0, 0.0, -1.0, 0.0, 0.0, 0.0, 0.0, 1.0, 0.0, 0.0, 0.0, 0.0, 1.0 ], [ 0.0, 0.0, -1.0, 0.0, -1.0, 0.0, 0.0, 0.0, 0.0, 1.0, 0.0, 0.0, 0.0, 0.0, 0.0, 1.0 ], [ 0.0, -1.0, 0.0, 0.0, 0.0, 0.0, -1.0, 0.0, 1.0, 0.0, 0.0, 0.0, 0.0, 0.0, 0.0, 1.0 ], [ -0.809017, -0.309017, -0.5, 0.0, -0.309017, -0.5, 0.809017, 0.0, -0.5, 0.809017, 0.309017, 0.0, 0.0, 0.0, 0.0, 1.0 ], [ 0.5, -0.809017, -0.309017, 0.0, -0.809017, -0.309017, -0.5, 0.0, 0.309017, 0.5, -0.809017, 0.0, 0.0, 0.0, 0.0, 1.0 ], [ -0.309017, -0.5, 0.809017, 0.0, 0.5, -0.809017, -0.309017, 0.0, 0.809017, 0.309017, 0.5, 0.0, 0.0, 0.0, 0.0, 1.0 ], [ -0.5, -0.809017, -0.309017, 0.0, -0.809017, 0.309017, 0.5, 0.0, -0.309017, 0.5, -0.809017, 0.0, 0.0, 0.0, 0.0, 1.0 ], [ 0.309017, -0.5, 0.809017, 0.0, -0.5, -0.809017, -0.309017, 0.0, 0.809017, -0.309017, -0.5, 0.0, 0.0, 0.0, 0.0, 1.0 ], [ -0.809017, 0.309017, 0.5, 0.0, 0.309017, -0.5, 0.809017, 0.0, 0.5, 0.809017, 0.309017, 0.0, 0.0, 0.0, 0.0, 1.0 ], [ -0.5, -0.809017, 0.309017, 0.0, -0.809017, 0.309017, -0.5, 0.0, 0.309017, -0.5, -0.809017, 0.0, 0.0, 0.0, 0.0, 1.0 ], [ -0.309017, 0.5, 0.809017, 0.0, -0.5, -0.809017, 0.309017, 0.0, 0.809017, -0.309017, 0.5, 0.0, 0.0, 0.0, 0.0, 1.0 ], [ -0.809017, 0.309017, -0.5, 0.0, -0.309017, 0.5, 0.809017, 0.0, 0.5, 0.809017, -0.309017, 0.0, 0.0, 0.0, 0.0, 1.0 ], [ -0.809017, -0.309017, 0.5, 0.0, -0.309017, -0.5, -0.809017, 0.0, 0.5, -0.809017, 0.309017, 0.0, 0.0, 0.0, 0.0, 1.0 ], [ -0.5, 0.809017, -0.309017, 0.0, -0.809017, -0.309017, 0.5, 0.0, 0.309017, 0.5, 0.809017, 0.0, 0.0, 0.0, 0.0, 1.0 ], [ -0.309017, -0.5, -0.809017, 0.0, -0.5, 0.809017, -0.309017, 0.0, 0.809017, 0.309017, -0.5, 0.0, 0.0, 0.0, 0.0, 1.0 ], [ -1.0, 0.0, 0.0, 0.0, 0.0, 1.0, 0.0, 0.0, 0.0, 0.0, -1.0, 0.0, 0.0, 0.0, 0.0, 1.0 ], [ 0.0, 0.0, -1.0, 0.0, 1.0, 0.0, 0.0, 0.0, 0.0, -1.0, 0.0, 0.0, 0.0, 0.0, 0.0, 1.0 ], [ 0.0, -1.0, 0.0, 0.0, 0.0, 0.0, 1.0, 0.0, -1.0, 0.0, 0.0, 0.0, 0.0, 0.0, 0.0, 1.0 ], [ -0.809017, -0.309017, -0.5, 0.0, 0.309017, 0.5, -0.809017, 0.0, 0.5, -0.809017, -0.309017, 0.0, 0.0, 0.0, 0.0, 1.0 ], [ 0.5, -0.809017, -0.309017, 0.0, 0.809017, 0.309017, 0.5, 0.0, -0.309017, -0.5, 0.809017, 0.0, 0.0, 0.0, 0.0, 1.0 ], [ -0.309017, -0.5, 0.809017, 0.0, -0.5, 0.809017, 0.309017, 0.0, -0.809017, -0.309017, -0.5, 0.0, 0.0, 0.0, 0.0, 1.0 ], [ -0.5, -0.809017, -0.309017, 0.0, 0.809017, -0.309017, -0.5, 0.0, 0.309017, -0.5, 0.809017, 0.0, 0.0, 0.0, 0.0, 1.0 ], [ 0.309017, -0.5, 0.809017, 0.0, 0.5, 0.809017, 0.309017, 0.0, -0.809017, 0.309017, 0.5, 0.0, 0.0, 0.0, 0.0, 1.0 ], [ -0.809017, 0.309017, 0.5, 0.0, -0.309017, 0.5, -0.809017, 0.0, -0.5, -0.809017, -0.309017, 0.0, 0.0, 0.0, 0.0, 1.0 ], [ -0.5, -0.809017, 0.309017, 0.0, 0.809017, -0.309017, 0.5, 0.0, -0.309017, 0.5, 0.809017, 0.0, 0.0, 0.0, 0.0, 1.0 ], [ -0.309017, 0.5, 0.809017, 0.0, 0.5, 0.809017, -0.309017, 0.0, -0.809017, 0.309017, -0.5, 0.0, 0.0, 0.0, 0.0, 1.0 ], [ -0.809017, 0.309017, -0.5, 0.0, 0.309017, -0.5, -0.809017, 0.0, -0.5, -0.809017, 0.309017, 0.0, 0.0, 0.0, 0.0, 1.0 ], [ -0.809017, -0.309017, 0.5, 0.0, 0.309017, 0.5, 0.809017, 0.0, -0.5, 0.809017, -0.309017, 0.0, 0.0, 0.0, 0.0, 1.0 ], [ -0.5, 0.809017, -0.309017, 0.0, 0.809017, 0.309017, -0.5, 0.0, -0.309017, -0.5, -0.809017, 0.0, 0.0, 0.0, 0.0, 1.0 ], [ -0.309017, -0.5, -0.809017, 0.0, 0.5, -0.809017, 0.309017, 0.0, -0.809017, -0.309017, 0.5, 0.0, 0.0, 0.0, 0.0, 1.0 ] ],
  "lights" : {
    "ambientColor" : "#292929",
    "backgroundColor" : "#AFC8DC",
    "directionalLights" : [ {
      "direction" : {
        "x" : 1.0,
        "y" : -1.0,
        "z" : -1.0
      },
      "color" : "#EBEBE4"
    }, {
      "direction" : {
        "x" : -1.0,
        "y" : 0.0,
        "z" : 0.0
      },
      "color" : "#E4E4EB"
    }, {
      "direction" : {
        "x" : 0.0,
        "y" : 0.0,
        "z" : -1.0
      },
      "color" : "#1E1E1E"
    } ]
  },
  "camera" : {
    "width" : 202.42557,
    "stereo" : false,
    "viewDistance" : 449.8344,
    "nearClipDistance" : 1.1245865,
    "farClipDistance" : 899.66925,
    "lookAtPoint" : {
      "x" : 0.0,
      "y" : 0.0,
      "z" : 0.0
    },
    "fieldOfView" : 0.44262907,
    "perspective" : false,
    "lookDirection" : {
      "x" : -0.7059004,
      "y" : -0.66284734,
      "z" : 0.24967143
    },
    "upDirection" : {
      "x" : 0.41719997,
      "y" : -0.6739472,
      "z" : -0.60968715
    },
    "position" : {
      "x" : 317.53827,
      "y" : 298.17154,
      "z" : -112.3108
    }
  },
  "embedding" : [ 1.0, 0.0, 0.0, 0.0, 0.0, 1.0, 0.0, 0.0, 0.0, 0.0, 1.0, 0.0, 0.0, 0.0, 0.0, 1.0 ],
  "shapes" : [ {
    "id" : "eb068334-c9b5-4ec5-afc3-ab72fb075660",
    "vertices" : [ {
      "x" : 4.236068,
      "y" : 0.0,
      "z" : -1.618034
    }, {
      "x" : 3.927051,
      "y" : 0.0,
      "z" : -1.5
    }, {
      "x" : 3.5225425,
      "y" : -0.1545085,
      "z" : -1.059017
    }, {
      "x" : 3.3315594,
      "y" : -0.1545085,
      "z" : -1.559017
    }, {
      "x" : 0.9045085,
      "y" : -0.1545085,
      "z" : -0.059016995
    }, {
      "x" : 0.809017,
      "y" : 0.309017,
      "z" : -0.309017
    }, {
      "x" : 0.309017,
      "y" : 0.0,
      "z" : -0.11803399
    }, {
      "x" : 3.427051,
      "y" : 0.309017,
      "z" : -1.309017
    }, {
      "x" : 0.7135255,
      "y" : -0.1545085,
      "z" : -0.559017
    } ],
    "faces" : [ {
      "vertices" : [ 2, 4, 8 ]
    }, {
      "vertices" : [ 2, 8, 3 ]
    }, {
      "vertices" : [ 2, 7, 5 ]
    }, {
      "vertices" : [ 2, 5, 4 ]
    }, {
      "vertices" : [ 4, 6, 8 ]
    }, {
      "vertices" : [ 5, 8, 6 ]
    }, {
      "vertices" : [ 1, 2, 3 ]
    }, {
      "vertices" : [ 3, 8, 5 ]
    }, {
      "vertices" : [ 3, 5, 7 ]
    }, {
      "vertices" : [ 1, 7, 2 ]
    }, {
      "vertices" : [ 1, 3, 7 ]
    }, {
      "vertices" : [ 4, 5, 6 ]
    } ]
  }, {
    "id" : "f63e8d8e-25bb-476e-8015-f4dce0cf08bc",
    "vertices" : [ {
      "x" : -0.309017,
      "y" : -0.19098301,
      "z" : 0.0
    }, {
      "x" : -0.309017,
      "y" : 0.19098301,
      "z" : 0.0
    }, {
      "x" : -0.19098301,
      "y" : 0.0,
      "z" : -0.309017
    }, {
      "x" : -0.19098301,
      "y" : 0.0,
      "z" : 0.309017
    }, {
      "x" : 0.0,
      "y" : -0.309017,
      "z" : -0.19098301
    }, {
      "x" : 0.0,
      "y" : -0.309017,
      "z" : 0.19098301
    }, {
      "x" : 0.0,
      "y" : 0.309017,
      "z" : -0.19098301
    }, {
      "x" : 0.0,
      "y" : 0.309017,
      "z" : 0.19098301
    }, {
      "x" : 0.19098301,
      "y" : 0.0,
      "z" : -0.309017
    }, {
      "x" : 0.19098301,
      "y" : 0.0,
      "z" : 0.309017
    }, {
      "x" : 0.309017,
      "y" : -0.19098301,
      "z" : 0.0
    }, {
      "x" : 0.309017,
      "y" : 0.19098301,
      "z" : 0.0
    } ],
    "faces" : [ {
      "vertices" : [ 0, 1, 2 ]
    }, {
      "vertices" : [ 0, 3, 1 ]
    }, {
      "vertices" : [ 0, 2, 4 ]
    }, {
      "vertices" : [ 0, 5, 3 ]
    }, {
      "vertices" : [ 0, 4, 5 ]
    }, {
      "vertices" : [ 1, 6, 2 ]
    }, {
      "vertices" : [ 1, 3, 7 ]
    }, {
      "vertices" : [ 1, 7, 6 ]
    }, {
      "vertices" : [ 2, 8, 4 ]
    }, {
      "vertices" : [ 2, 6, 8 ]
    }, {
      "vertices" : [ 3, 5, 9 ]
    }, {
      "vertices" : [ 3, 9, 7 ]
    }, {
      "vertices" : [ 4, 10, 5 ]
    }, {
      "vertices" : [ 4, 8, 10 ]
    }, {
      "vertices" : [ 5, 10, 9 ]
    }, {
      "vertices" : [ 6, 7, 11 ]
    }, {
      "vertices" : [ 6, 11, 8 ]
    }, {
      "vertices" : [ 7, 9, 11 ]
    }, {
      "vertices" : [ 8, 11, 10 ]
    }, {
      "vertices" : [ 9, 10, 11 ]
    } ]
  }, {
    "id" : "231c903d-dde4-45e4-b4b1-6031a90abe8f",
    "vertices" : [ {
      "x" : 17.944271,
      "y" : 11.09017,
      "z" : -22.18034
    }, {
      "x" : 15.326238,
      "y" : 4.236068,
      "z" : -22.18034
    }, {
      "x" : 4.236068,
      "y" : 4.236068,
      "z" : -26.416409
    }, {
      "x" : 6.854102,
      "y" : 11.09017,
      "z" : -26.416409
    } ],
    "faces" : [ {
      "vertices" : [ 0, 1, 2 ]
    }, {
      "vertices" : [ 0, 2, 3 ]
    }, {
      "vertices" : [ 0, 3, 2 ]
    }, {
      "vertices" : [ 0, 2, 1 ]
    } ]
  }, {
    "id" : "c9f7c5f3-9d06-4fdc-a899-6d58bcf4fe4a",
    "vertices" : [ {
      "x" : 6.854102,
      "y" : 0.0,
      "z" : -2.618034
    }, {
      "x" : 6.545085,
      "y" : 0.0,
      "z" : -2.5
    }, {
      "x" : 6.1405764,
      "y" : -0.1545085,
      "z" : -2.059017
    }, {
      "x" : 5.9495935,
      "y" : -0.1545085,
      "z" : -2.559017
    }, {
      "x" : 0.9045085,
      "y" : -0.1545085,
      "z" : -0.059016995
    }, {
      "x" : 0.809017,
      "y" : 0.309017,
      "z" : -0.309017
    }, {
      "x" : 0.309017,
      "y" : 0.0,
      "z" : -0.11803399
    }, {
      "x" : 6.045085,
      "y" : 0.309017,
      "z" : -2.309017
    }, {
      "x" : 0.7135255,
      "y" : -0.1545085,
      "z" : -0.559017
    } ],
    "faces" : [ {
      "vertices" : [ 2, 4, 8 ]
    }, {
      "vertices" : [ 2, 8, 3 ]
    }, {
      "vertices" : [ 2, 7, 5 ]
    }, {
      "vertices" : [ 2, 5, 4 ]
    }, {
      "vertices" : [ 4, 6, 8 ]
    }, {
      "vertices" : [ 5, 8, 6 ]
    }, {
      "vertices" : [ 1, 2, 3 ]
    }, {
      "vertices" : [ 3, 8, 5 ]
    }, {
      "vertices" : [ 3, 5, 7 ]
    }, {
      "vertices" : [ 1, 7, 2 ]
    }, {
      "vertices" : [ 1, 3, 7 ]
    }, {
      "vertices" : [ 4, 5, 6 ]
    } ]
  }, {
    "id" : "465908fe-da06-4df9-bde0-3f0cac697ecb",
    "vertices" : [ {
      "x" : 11.09017,
      "y" : 0.0,
      "z" : -4.236068
    }, {
      "x" : 10.781153,
      "y" : 0.0,
      "z" : -4.118034
    }, {
      "x" : 10.376644,
      "y" : -0.1545085,
      "z" : -3.677051
    }, {
      "x" : 10.185661,
      "y" : -0.1545085,
      "z" : -4.177051
    }, {
      "x" : 0.9045085,
      "y" : -0.1545085,
      "z" : -0.059016995
    }, {
      "x" : 0.809017,
      "y" : 0.309017,
      "z" : -0.309017
    }, {
      "x" : 0.309017,
      "y" : 0.0,
      "z" : -0.11803399
    }, {
      "x" : 10.281153,
      "y" : 0.309017,
      "z" : -3.927051
    }, {
      "x" : 0.7135255,
      "y" : -0.1545085,
      "z" : -0.559017
    } ],
    "faces" : [ {
      "vertices" : [ 2, 4, 8 ]
    }, {
      "vertices" : [ 2, 8, 3 ]
    }, {
      "vertices" : [ 2, 7, 5 ]
    }, {
      "vertices" : [ 2, 5, 4 ]
    }, {
      "vertices" : [ 4, 6, 8 ]
    }, {
      "vertices" : [ 5, 8, 6 ]
    }, {
      "vertices" : [ 1, 2, 3 ]
    }, {
      "vertices" : [ 3, 8, 5 ]
    }, {
      "vertices" : [ 3, 5, 7 ]
    }, {
      "vertices" : [ 1, 7, 2 ]
    }, {
      "vertices" : [ 1, 3, 7 ]
    }, {
      "vertices" : [ 4, 5, 6 ]
    } ]
  }, {
    "id" : "c8cf1b60-fc77-4a41-8bca-8dc302f1a1f9",
    "vertices" : [ {
      "x" : -13.708204,
      "y" : -13.708204,
      "z" : -13.708204
    }, {
      "x" : -13.708204,
      "y" : -17.944271,
      "z" : -2.618034
    }, {
      "x" : -6.854102,
      "y" : -17.944271,
      "z" : 0.0
    }, {
      "x" : -6.854102,
      "y" : -13.708204,
      "z" : -11.09017
    } ],
    "faces" : [ {
      "vertices" : [ 0, 1, 2 ]
    }, {
      "vertices" : [ 0, 2, 3 ]
    }, {
      "vertices" : [ 0, 3, 2 ]
    }, {
      "vertices" : [ 0, 2, 1 ]
    } ]
  }, {
    "id" : "72ea150c-fba9-46ad-9d7f-39f8764b2812",
    "vertices" : [ {
      "x" : 17.944271,
      "y" : 9.472136,
      "z" : -17.944271
    }, {
      "x" : 24.798374,
      "y" : 9.472136,
      "z" : -15.326238
    }, {
      "x" : 22.18034,
      "y" : 2.618034,
      "z" : -15.326238
    }, {
      "x" : 15.326238,
      "y" : 2.618034,
      "z" : -17.944271
    } ],
    "faces" : [ {
      "vertices" : [ 0, 1, 2 ]
    }, {
      "vertices" : [ 0, 2, 3 ]
    }, {
      "vertices" : [ 0, 3, 2 ]
    }, {
      "vertices" : [ 0, 2, 1 ]
    } ]
  }, {
    "id" : "9d7db190-1396-4e35-9b63-2749ac646db7",
    "vertices" : [ {
      "x" : 6.854102,
      "y" : -8.472136,
      "z" : 24.798374
    }, {
      "x" : 11.09017,
      "y" : -8.472136,
      "z" : 26.416409
    }, {
      "x" : 15.326238,
      "y" : 2.618034,
      "z" : 26.416409
    }, {
      "x" : 11.09017,
      "y" : 2.618034,
      "z" : 24.798374
    } ],
    "faces" : [ {
      "vertices" : [ 0, 1, 2 ]
    }, {
      "vertices" : [ 0, 2, 3 ]
    }, {
      "vertices" : [ 0, 3, 2 ]
    }, {
      "vertices" : [ 0, 2, 1 ]
    } ]
  }, {
    "id" : "5d1023d1-8093-448f-9cf2-25895d217f54",
    "vertices" : [ {
      "x" : 13.708204,
      "y" : -11.09017,
      "z" : -20.562305
    }, {
      "x" : 11.09017,
      "y" : -8.472136,
      "z" : -17.944271
    }, {
      "x" : 11.09017,
      "y" : -11.09017,
      "z" : -11.09017
    }, {
      "x" : 13.708204,
      "y" : -13.708204,
      "z" : -13.708204
    } ],
    "faces" : [ {
      "vertices" : [ 0, 1, 2 ]
    }, {
      "vertices" : [ 0, 2, 3 ]
    }, {
      "vertices" : [ 0, 3, 2 ]
    }, {
      "vertices" : [ 0, 2, 1 ]
    } ]
  }, {
    "id" : "bb23b3fc-25f7-4693-96da-e854132cbaf0",
    "vertices" : [ {
      "x" : -11.09017,
      "y" : -26.416409,
      "z" : -6.854102
    }, {
      "x" : -15.326238,
      "y" : -22.18034,
      "z" : -2.618034
    }, {
      "x" : -8.472136,
      "y" : -22.18034,
      "z" : 0.0
    }, {
      "x" : -4.236068,
      "y" : -26.416409,
      "z" : -4.236068
    } ],
    "faces" : [ {
      "vertices" : [ 0, 1, 2 ]
    }, {
      "vertices" : [ 0, 2, 3 ]
    }, {
      "vertices" : [ 0, 3, 2 ]
    }, {
      "vertices" : [ 0, 2, 1 ]
    } ]
  }, {
    "id" : "b7c5482e-e245-4e89-85ee-7de1167f2d50",
    "vertices" : [ {
      "x" : 11.09017,
      "y" : 4.236068,
      "z" : 20.562305
    }, {
      "x" : 6.854102,
      "y" : -6.854102,
      "z" : 20.562305
    }, {
      "x" : 0.0,
      "y" : -6.854102,
      "z" : 17.944271
    }, {
      "x" : 4.236068,
      "y" : 4.236068,
      "z" : 17.944271
    } ],
    "faces" : [ {
      "vertices" : [ 0, 1, 2 ]
    }, {
      "vertices" : [ 0, 2, 3 ]
    }, {
      "vertices" : [ 0, 3, 2 ]
    }, {
      "vertices" : [ 0, 2, 1 ]
    } ]
  }, {
    "id" : "b4e57e22-9895-4328-8a6b-a6127c5d8740",
    "vertices" : [ {
      "x" : 2.618034,
      "y" : 13.708204,
      "z" : -17.944271
    }, {
      "x" : 13.708204,
      "y" : 13.708204,
      "z" : -13.708204
    }, {
      "x" : 13.708204,
      "y" : 15.326238,
      "z" : -17.944271
    }, {
      "x" : 2.618034,
      "y" : 15.326238,
      "z" : -22.18034
    } ],
    "faces" : [ {
      "vertices" : [ 0, 1, 2 ]
    }, {
      "vertices" : [ 0, 2, 3 ]
    }, {
      "vertices" : [ 0, 3, 2 ]
    }, {
      "vertices" : [ 0, 2, 1 ]
    } ]
  }, {
    "id" : "1bb90b88-e7ce-4c26-977a-364f26e2e6c3",
    "vertices" : [ {
      "x" : -8.472136,
      "y" : 24.798374,
      "z" : -6.854102
    }, {
      "x" : -6.854102,
      "y" : 29.034441,
      "z" : -6.854102
    }, {
      "x" : -2.618034,
      "y" : 24.798374,
      "z" : -11.09017
    }, {
      "x" : -4.236068,
      "y" : 20.562305,
      "z" : -11.09017
    } ],
    "faces" : [ {
      "vertices" : [ 0, 1, 2 ]
    }, {
      "vertices" : [ 0, 2, 3 ]
    }, {
      "vertices" : [ 0, 3, 2 ]
    }, {
      "vertices" : [ 0, 2, 1 ]
    } ]
  }, {
    "id" : "66cabc62-1181-463f-90fe-107b0ee4a0b8",
    "vertices" : [ {
      "x" : -4.236068,
      "y" : 20.562305,
      "z" : -11.09017
    }, {
      "x" : 6.854102,
      "y" : 20.562305,
      "z" : -6.854102
    }, {
      "x" : 6.854102,
      "y" : 17.944271,
      "z" : 0.0
    }, {
      "x" : -4.236068,
      "y" : 17.944271,
      "z" : -4.236068
    } ],
    "faces" : [ {
      "vertices" : [ 0, 1, 2 ]
    }, {
      "vertices" : [ 0, 2, 3 ]
    }, {
      "vertices" : [ 0, 3, 2 ]
    }, {
      "vertices" : [ 0, 2, 1 ]
    } ]
  }, {
    "id" : "70de7b82-ca62-458c-b1bc-13027d47cfa8",
    "vertices" : [ {
      "x" : -26.416409,
      "y" : 6.854102,
      "z" : -11.09017
    }, {
      "x" : -22.18034,
      "y" : 2.618034,
      "z" : -15.326238
    }, {
      "x" : -22.18034,
      "y" : 0.0,
      "z" : -8.472136
    }, {
      "x" : -26.416409,
      "y" : 4.236068,
      "z" : -4.236068
    } ],
    "faces" : [ {
      "vertices" : [ 0, 1, 2 ]
    }, {
      "vertices" : [ 0, 2, 3 ]
    }, {
      "vertices" : [ 0, 3, 2 ]
    }, {
      "vertices" : [ 0, 2, 1 ]
    } ]
  }, {
    "id" : "535aa31c-5253-4308-a7e5-34135f894447",
    "vertices" : [ {
      "x" : 22.18034,
      "y" : 17.944271,
      "z" : -11.09017
    }, {
      "x" : 20.562305,
      "y" : 13.708204,
      "z" : -11.09017
    }, {
      "x" : 13.708204,
      "y" : 13.708204,
      "z" : -13.708204
    }, {
      "x" : 15.326238,
      "y" : 17.944271,
      "z" : -13.708204
    } ],
    "faces" : [ {
      "vertices" : [ 0, 1, 2 ]
    }, {
      "vertices" : [ 0, 2, 3 ]
    }, {
      "vertices" : [ 0, 3, 2 ]
    }, {
      "vertices" : [ 0, 2, 1 ]
    } ]
  }, {
    "id" : "7ebc5803-1548-4fea-a311-3d1e3bd52406",
    "vertices" : [ {
      "x" : 17.944271,
      "y" : -15.326238,
      "z" : 2.618034
    }, {
      "x" : 13.708204,
      "y" : -11.09017,
      "z" : 6.854102
    }, {
      "x" : 6.854102,
      "y" : -11.09017,
      "z" : 4.236068
    }, {
      "x" : 11.09017,
      "y" : -15.326238,
      "z" : 0.0
    } ],
    "faces" : [ {
      "vertices" : [ 0, 1, 2 ]
    }, {
      "vertices" : [ 0, 2, 3 ]
    }, {
      "vertices" : [ 0, 3, 2 ]
    }, {
      "vertices" : [ 0, 2, 1 ]
    } ]
  }, {
    "id" : "f9e2a39b-5496-41d6-b40d-450ba93dc70f",
    "vertices" : [ {
      "x" : -4.236068,
      "y" : -4.236068,
      "z" : 26.416409
    }, {
      "x" : -15.326238,
      "y" : -4.236068,
      "z" : 22.18034
    }, {
      "x" : -15.326238,
      "y" : -2.618034,
      "z" : 17.944271
    }, {
      "x" : -4.236068,
      "y" : -2.618034,
      "z" : 22.18034
    } ],
    "faces" : [ {
      "vertices" : [ 0, 1, 2 ]
    }, {
      "vertices" : [ 0, 2, 3 ]
    }, {
      "vertices" : [ 0, 3, 2 ]
    }, {
      "vertices" : [ 0, 2, 1 ]
    } ]
  }, {
    "id" : "8599b639-aed9-4691-abe0-e1176da68db9",
    "vertices" : [ {
      "x" : 20.562305,
      "y" : -13.708204,
      "z" : -11.09017
    }, {
      "x" : 24.798374,
      "y" : -2.618034,
      "z" : -11.09017
    }, {
      "x" : 29.034441,
      "y" : -2.618034,
      "z" : -9.472136
    }, {
      "x" : 24.798374,
      "y" : -13.708204,
      "z" : -9.472136
    } ],
    "faces" : [ {
      "vertices" : [ 0, 1, 2 ]
    }, {
      "vertices" : [ 0, 2, 3 ]
    }, {
      "vertices" : [ 0, 3, 2 ]
    }, {
      "vertices" : [ 0, 2, 1 ]
    } ]
  }, {
    "id" : "ad0cbd86-2f4a-4293-8fd1-182bc3c1c289",
    "vertices" : [ {
      "x" : 51.214783,
      "y" : -1.618034,
      "z" : 23.798374
    }, {
      "x" : 48.59675,
      "y" : -8.472136,
      "z" : 23.798374
    }, {
      "x" : 44.36068,
      "y" : -4.236068,
      "z" : 28.034441
    }, {
      "x" : 46.978714,
      "y" : 2.618034,
      "z" : 28.034441
    } ],
    "faces" : [ {
      "vertices" : [ 0, 1, 2 ]
    }, {
      "vertices" : [ 0, 2, 3 ]
    }, {
      "vertices" : [ 0, 3, 2 ]
    }, {
      "vertices" : [ 0, 2, 1 ]
    } ]
  }, {
    "id" : "bcedb225-138a-4197-bc84-869e55b218d0",
    "vertices" : [ {
      "x" : 22.18034,
      "y" : -2.618034,
      "z" : 15.326238
    }, {
      "x" : 17.944271,
      "y" : -2.618034,
      "z" : 13.708204
    }, {
      "x" : 17.944271,
      "y" : 0.0,
      "z" : 6.854102
    }, {
      "x" : 22.18034,
      "y" : 0.0,
      "z" : 8.472136
    } ],
    "faces" : [ {
      "vertices" : [ 0, 1, 2 ]
    }, {
      "vertices" : [ 0, 2, 3 ]
    }, {
      "vertices" : [ 0, 3, 2 ]
    }, {
      "vertices" : [ 0, 2, 1 ]
    } ]
  }, {
    "id" : "0d6dcd49-dc73-45da-b0df-7b74cab3601d",
    "vertices" : [ {
      "x" : 0.0,
      "y" : -8.472136,
      "z" : -22.18034
    }, {
      "x" : 11.09017,
      "y" : -8.472136,
      "z" : -17.944271
    }, {
      "x" : 15.326238,
      "y" : 2.618034,
      "z" : -17.944271
    }, {
      "x" : 4.236068,
      "y" : 2.618034,
      "z" : -22.18034
    } ],
    "faces" : [ {
      "vertices" : [ 0, 1, 2 ]
    }, {
      "vertices" : [ 0, 2, 3 ]
    }, {
      "vertices" : [ 0, 3, 2 ]
    }, {
      "vertices" : [ 0, 2, 1 ]
    } ]
  }, {
    "id" : "14f1277e-d976-40e5-86b6-f95e78929ce3",
    "vertices" : [ {
      "x" : 20.562305,
      "y" : -17.944271,
      "z" : 0.0
    }, {
      "x" : 17.944271,
      "y" : -15.326238,
      "z" : 2.618034
    }, {
      "x" : 17.944271,
      "y" : -11.09017,
      "z" : -8.472136
    }, {
      "x" : 20.562305,
      "y" : -13.708204,
      "z" : -11.09017
    } ],
    "faces" : [ {
      "vertices" : [ 0, 1, 2 ]
    }, {
      "vertices" : [ 0, 2, 3 ]
    }, {
      "vertices" : [ 0, 3, 2 ]
    }, {
      "vertices" : [ 0, 2, 1 ]
    } ]
  }, {
    "id" : "2cf30d8b-a136-41b8-bd9e-2d3d8fc2b05a",
    "vertices" : [ {
      "x" : 2.618034,
      "y" : -9.472136,
      "z" : -29.034441
    }, {
      "x" : 13.708204,
      "y" : -9.472136,
      "z" : -24.798374
    }, {
      "x" : 13.708204,
      "y" : -11.09017,
      "z" : -20.562305
    }, {
      "x" : 2.618034,
      "y" : -11.09017,
      "z" : -24.798374
    } ],
    "faces" : [ {
      "vertices" : [ 0, 1, 2 ]
    }, {
      "vertices" : [ 0, 2, 3 ]
    }, {
      "vertices" : [ 0, 3, 2 ]
    }, {
      "vertices" : [ 0, 2, 1 ]
    } ]
  }, {
    "id" : "3c6b1b62-fd71-475a-97d8-20e87ab52ff1",
    "vertices" : [ {
      "x" : 17.944271,
      "y" : -15.326238,
      "z" : 2.618034
    }, {
      "x" : 22.18034,
      "y" : -4.236068,
      "z" : 2.618034
    }, {
      "x" : 22.18034,
      "y" : 0.0,
      "z" : -8.472136
    }, {
      "x" : 17.944271,
      "y" : -11.09017,
      "z" : -8.472136
    } ],
    "faces" : [ {
      "vertices" : [ 0, 1, 2 ]
    }, {
      "vertices" : [ 0, 2, 3 ]
    }, {
      "vertices" : [ 0, 3, 2 ]
    }, {
      "vertices" : [ 0, 2, 1 ]
    } ]
  }, {
    "id" : "4c6caf64-2b5c-4b1b-aa45-174a9a8100fc",
    "vertices" : [ {
      "x" : -17.944271,
      "y" : 15.326238,
      "z" : -2.618034
    }, {
      "x" : -22.18034,
      "y" : 4.236068,
      "z" : -2.618034
    }, {
      "x" : -17.944271,
      "y" : 0.0,
      "z" : -6.854102
    }, {
      "x" : -13.708204,
      "y" : 11.09017,
      "z" : -6.854102
    } ],
    "faces" : [ {
      "vertices" : [ 0, 1, 2 ]
    }, {
      "vertices" : [ 0, 2, 3 ]
    }, {
      "vertices" : [ 0, 3, 2 ]
    }, {
      "vertices" : [ 0, 2, 1 ]
    } ]
  }, {
    "id" : "43728945-2d88-4732-aa7f-388dae8bddac",
    "vertices" : [ {
      "x" : 6.854102,
      "y" : 13.708204,
      "z" : 11.09017
    }, {
      "x" : 13.708204,
      "y" : 13.708204,
      "z" : 13.708204
    }, {
      "x" : 11.09017,
      "y" : 6.854102,
      "z" : 13.708204
    }, {
      "x" : 4.236068,
      "y" : 6.854102,
      "z" : 11.09017
    } ],
    "faces" : [ {
      "vertices" : [ 0, 1, 2 ]
    }, {
      "vertices" : [ 0, 2, 3 ]
    }, {
      "vertices" : [ 0, 3, 2 ]
    }, {
      "vertices" : [ 0, 2, 1 ]
    } ]
  }, {
    "id" : "ff82d748-213f-4fa2-8f92-0d9a9c05080b",
    "vertices" : [ {
      "x" : 2.618034,
      "y" : 17.944271,
      "z" : 15.326238
    }, {
      "x" : 6.854102,
      "y" : 13.708204,
      "z" : 11.09017
    }, {
      "x" : 4.236068,
      "y" : 6.854102,
      "z" : 11.09017
    }, {
      "x" : 0.0,
      "y" : 11.09017,
      "z" : 15.326238
    } ],
    "faces" : [ {
      "vertices" : [ 0, 1, 2 ]
    }, {
      "vertices" : [ 0, 2, 3 ]
    }, {
      "vertices" : [ 0, 3, 2 ]
    }, {
      "vertices" : [ 0, 2, 1 ]
    } ]
  }, {
    "id" : "d03fe673-6215-43ad-96a4-5d88b6061599",
    "vertices" : [ {
      "x" : -22.18034,
      "y" : 0.0,
      "z" : 8.472136
    }, {
      "x" : -26.416409,
      "y" : 0.0,
      "z" : 6.854102
    }, {
      "x" : -29.034441,
      "y" : 2.618034,
      "z" : 9.472136
    }, {
      "x" : -24.798374,
      "y" : 2.618034,
      "z" : 11.09017
    } ],
    "faces" : [ {
      "vertices" : [ 0, 1, 2 ]
    }, {
      "vertices" : [ 0, 2, 3 ]
    }, {
      "vertices" : [ 0, 3, 2 ]
    }, {
      "vertices" : [ 0, 2, 1 ]
    } ]
  }, {
    "id" : "a16b5559-0ac1-4e7e-96e0-141dd380259b",
    "vertices" : [ {
      "x" : 20.562305,
      "y" : 11.09017,
      "z" : -4.236068
    }, {
      "x" : 20.562305,
      "y" : 6.854102,
      "z" : 6.854102
    }, {
      "x" : 13.708204,
      "y" : 13.708204,
      "z" : 13.708204
    }, {
      "x" : 13.708204,
      "y" : 17.944271,
      "z" : 2.618034
    } ],
    "faces" : [ {
      "vertices" : [ 0, 1, 2 ]
    }, {
      "vertices" : [ 0, 2, 3 ]
    }, {
      "vertices" : [ 0, 3, 2 ]
    }, {
      "vertices" : [ 0, 2, 1 ]
    } ]
  }, {
    "id" : "f02b3692-aa49-4e91-9971-464198af2129",
    "vertices" : [ {
      "x" : 2.618034,
      "y" : 17.944271,
      "z" : 15.326238
    }, {
      "x" : -8.472136,
      "y" : 17.944271,
      "z" : 11.09017
    }, {
      "x" : -11.09017,
      "y" : 11.09017,
      "z" : 11.09017
    }, {
      "x" : 0.0,
      "y" : 11.09017,
      "z" : 15.326238
    } ],
    "faces" : [ {
      "vertices" : [ 0, 1, 2 ]
    }, {
      "vertices" : [ 0, 2, 3 ]
    }, {
      "vertices" : [ 0, 3, 2 ]
    }, {
      "vertices" : [ 0, 2, 1 ]
    } ]
  }, {
    "id" : "ed02cff9-e80d-46ef-8e10-790497eaf463",
    "vertices" : [ {
      "x" : -24.798374,
      "y" : -6.854102,
      "z" : -8.472136
    }, {
      "x" : -20.562305,
      "y" : -6.854102,
      "z" : -6.854102
    }, {
      "x" : -13.708204,
      "y" : -13.708204,
      "z" : -13.708204
    }, {
      "x" : -17.944271,
      "y" : -13.708204,
      "z" : -15.326238
    } ],
    "faces" : [ {
      "vertices" : [ 0, 1, 2 ]
    }, {
      "vertices" : [ 0, 2, 3 ]
    }, {
      "vertices" : [ 0, 3, 2 ]
    }, {
      "vertices" : [ 0, 2, 1 ]
    } ]
  }, {
    "id" : "01b53215-2e64-454f-997a-1db56fc3d54e",
    "vertices" : [ {
      "x" : 44.36068,
      "y" : -27.416409,
      "z" : 0.0
    }, {
      "x" : 40.12461,
      "y" : -38.506577,
      "z" : 0.0
    }, {
      "x" : 35.888542,
      "y" : -38.506577,
      "z" : -1.618034
    }, {
      "x" : 40.12461,
      "y" : -27.416409,
      "z" : -1.618034
    } ],
    "faces" : [ {
      "vertices" : [ 0, 1, 2 ]
    }, {
      "vertices" : [ 0, 2, 3 ]
    }, {
      "vertices" : [ 0, 3, 2 ]
    }, {
      "vertices" : [ 0, 2, 1 ]
    } ]
  }, {
    "id" : "235b2ba5-55ba-4906-898b-1c8ee17717bc",
    "vertices" : [ {
      "x" : 15.326238,
      "y" : -22.18034,
      "z" : 2.618034
    }, {
      "x" : 8.472136,
      "y" : -22.18034,
      "z" : 0.0
    }, {
      "x" : 11.09017,
      "y" : -24.798374,
      "z" : -2.618034
    }, {
      "x" : 17.944271,
      "y" : -24.798374,
      "z" : 0.0
    } ],
    "faces" : [ {
      "vertices" : [ 0, 1, 2 ]
    }, {
      "vertices" : [ 0, 2, 3 ]
    }, {
      "vertices" : [ 0, 3, 2 ]
    }, {
      "vertices" : [ 0, 2, 1 ]
    } ]
  }, {
    "id" : "29cc0432-e9fb-47b0-9703-78975d0f5625",
    "vertices" : [ {
      "x" : 13.708204,
      "y" : 13.708204,
      "z" : -13.708204
    }, {
      "x" : 13.708204,
      "y" : 11.09017,
      "z" : -6.854102
    }, {
      "x" : 6.854102,
      "y" : 17.944271,
      "z" : 0.0
    }, {
      "x" : 6.854102,
      "y" : 20.562305,
      "z" : -6.854102
    } ],
    "faces" : [ {
      "vertices" : [ 0, 1, 2 ]
    }, {
      "vertices" : [ 0, 2, 3 ]
    }, {
      "vertices" : [ 0, 3, 2 ]
    }, {
      "vertices" : [ 0, 2, 1 ]
    } ]
  }, {
    "id" : "e6929b5c-4028-4faa-8170-e822c6ae89ab",
    "vertices" : [ {
      "x" : -6.854102,
      "y" : -6.854102,
      "z" : -29.034441
    }, {
      "x" : -11.09017,
      "y" : -2.618034,
      "z" : -24.798374
    }, {
      "x" : -11.09017,
      "y" : -4.236068,
      "z" : -20.562305
    }, {
      "x" : -6.854102,
      "y" : -8.472136,
      "z" : -24.798374
    } ],
    "faces" : [ {
      "vertices" : [ 0, 1, 2 ]
    }, {
      "vertices" : [ 0, 2, 3 ]
    }, {
      "vertices" : [ 0, 3, 2 ]
    }, {
      "vertices" : [ 0, 2, 1 ]
    } ]
  }, {
    "id" : "02c20a17-f63a-418b-82d9-e3d618f74fda",
    "vertices" : [ {
      "x" : 13.708204,
      "y" : 11.09017,
      "z" : -6.854102
    }, {
      "x" : 11.09017,
      "y" : 4.236068,
      "z" : -6.854102
    }, {
      "x" : 17.944271,
      "y" : 4.236068,
      "z" : -4.236068
    }, {
      "x" : 20.562305,
      "y" : 11.09017,
      "z" : -4.236068
    } ],
    "faces" : [ {
      "vertices" : [ 0, 1, 2 ]
    }, {
      "vertices" : [ 0, 2, 3 ]
    }, {
      "vertices" : [ 0, 3, 2 ]
    }, {
      "vertices" : [ 0, 2, 1 ]
    } ]
  }, {
    "id" : "a785861d-478c-4cb1-84d8-fb605e3d7c6b",
    "vertices" : [ {
      "x" : -6.854102,
      "y" : -8.472136,
      "z" : -24.798374
    }, {
      "x" : -11.09017,
      "y" : -4.236068,
      "z" : -20.562305
    }, {
      "x" : -4.236068,
      "y" : -4.236068,
      "z" : -17.944271
    }, {
      "x" : 0.0,
      "y" : -8.472136,
      "z" : -22.18034
    } ],
    "faces" : [ {
      "vertices" : [ 0, 1, 2 ]
    }, {
      "vertices" : [ 0, 2, 3 ]
    }, {
      "vertices" : [ 0, 3, 2 ]
    }, {
      "vertices" : [ 0, 2, 1 ]
    } ]
  }, {
    "id" : "39ef448b-6b63-4cf2-b094-aa40b0158897",
    "vertices" : [ {
      "x" : -24.798374,
      "y" : 17.944271,
      "z" : -1.618034
    }, {
      "x" : -24.798374,
      "y" : 13.708204,
      "z" : 9.472136
    }, {
      "x" : -29.034441,
      "y" : 2.618034,
      "z" : 9.472136
    }, {
      "x" : -29.034441,
      "y" : 6.854102,
      "z" : -1.618034
    } ],
    "faces" : [ {
      "vertices" : [ 0, 1, 2 ]
    }, {
      "vertices" : [ 0, 2, 3 ]
    }, {
      "vertices" : [ 0, 3, 2 ]
    }, {
      "vertices" : [ 0, 2, 1 ]
    } ]
  }, {
    "id" : "8823b6f9-f972-4879-bccf-da09b2819c82",
    "vertices" : [ {
      "x" : -17.944271,
      "y" : 13.708204,
      "z" : -15.326238
    }, {
      "x" : -22.18034,
      "y" : 2.618034,
      "z" : -15.326238
    }, {
      "x" : -22.18034,
      "y" : 4.236068,
      "z" : -19.562305
    }, {
      "x" : -17.944271,
      "y" : 15.326238,
      "z" : -19.562305
    } ],
    "faces" : [ {
      "vertices" : [ 0, 1, 2 ]
    }, {
      "vertices" : [ 0, 2, 3 ]
    }, {
      "vertices" : [ 0, 3, 2 ]
    }, {
      "vertices" : [ 0, 2, 1 ]
    } ]
  }, {
    "id" : "a3a72610-7bbd-4cb9-b6bc-8854859aa514",
    "vertices" : [ {
      "x" : -4.236068,
      "y" : 20.562305,
      "z" : -11.09017
    }, {
      "x" : 6.854102,
      "y" : 20.562305,
      "z" : -6.854102
    }, {
      "x" : 13.708204,
      "y" : 13.708204,
      "z" : -13.708204
    }, {
      "x" : 2.618034,
      "y" : 13.708204,
      "z" : -17.944271
    } ],
    "faces" : [ {
      "vertices" : [ 0, 1, 2 ]
    }, {
      "vertices" : [ 0, 2, 3 ]
    }, {
      "vertices" : [ 0, 3, 2 ]
    }, {
      "vertices" : [ 0, 2, 1 ]
    } ]
  }, {
    "id" : "01bf0813-98ea-47fc-adea-fbceef6ef879",
    "vertices" : [ {
      "x" : 20.562305,
      "y" : -13.708204,
      "z" : -11.09017
    }, {
      "x" : 17.944271,
      "y" : -11.09017,
      "z" : -8.472136
    }, {
      "x" : 11.09017,
      "y" : -11.09017,
      "z" : -11.09017
    }, {
      "x" : 13.708204,
      "y" : -13.708204,
      "z" : -13.708204
    } ],
    "faces" : [ {
      "vertices" : [ 0, 1, 2 ]
    }, {
      "vertices" : [ 0, 2, 3 ]
    }, {
      "vertices" : [ 0, 3, 2 ]
    }, {
      "vertices" : [ 0, 2, 1 ]
    } ]
  }, {
    "id" : "89f4a4da-e05c-4aa4-b7b6-a8306e4529a1",
    "vertices" : [ {
      "x" : 0.0,
      "y" : -17.944271,
      "z" : -24.798374
    }, {
      "x" : -2.618034,
      "y" : -15.326238,
      "z" : -22.18034
    }, {
      "x" : 0.0,
      "y" : -8.472136,
      "z" : -22.18034
    }, {
      "x" : 2.618034,
      "y" : -11.09017,
      "z" : -24.798374
    } ],
    "faces" : [ {
      "vertices" : [ 0, 1, 2 ]
    }, {
      "vertices" : [ 0, 2, 3 ]
    }, {
      "vertices" : [ 0, 3, 2 ]
    }, {
      "vertices" : [ 0, 2, 1 ]
    } ]
  }, {
    "id" : "e83f4b3f-f41a-4842-9ca7-e4240fb7447e",
    "vertices" : [ {
      "x" : -13.708204,
      "y" : 11.09017,
      "z" : 20.562305
    }, {
      "x" : -13.708204,
      "y" : 13.708204,
      "z" : 13.708204
    }, {
      "x" : -11.09017,
      "y" : 11.09017,
      "z" : 11.09017
    }, {
      "x" : -11.09017,
      "y" : 8.472136,
      "z" : 17.944271
    } ],
    "faces" : [ {
      "vertices" : [ 0, 1, 2 ]
    }, {
      "vertices" : [ 0, 2, 3 ]
    }, {
      "vertices" : [ 0, 3, 2 ]
    }, {
      "vertices" : [ 0, 2, 1 ]
    } ]
  }, {
    "id" : "6c8c72b9-25ac-4b7c-814b-4331f3b8169a",
    "vertices" : [ {
      "x" : 6.854102,
      "y" : -29.034441,
      "z" : 6.854102
    }, {
      "x" : -4.236068,
      "y" : -29.034441,
      "z" : 2.618034
    }, {
      "x" : -8.472136,
      "y" : -24.798374,
      "z" : 6.854102
    }, {
      "x" : 2.618034,
      "y" : -24.798374,
      "z" : 11.09017
    } ],
    "faces" : [ {
      "vertices" : [ 0, 1, 2 ]
    }, {
      "vertices" : [ 0, 2, 3 ]
    }, {
      "vertices" : [ 0, 3, 2 ]
    }, {
      "vertices" : [ 0, 2, 1 ]
    } ]
  }, {
    "id" : "cfe459ba-5564-425b-a016-c8732117f74a",
    "vertices" : [ {
      "x" : -20.562305,
      "y" : -11.09017,
      "z" : 4.236068
    }, {
      "x" : -13.708204,
      "y" : -11.09017,
      "z" : 6.854102
    }, {
      "x" : -13.708204,
      "y" : -13.708204,
      "z" : 13.708204
    }, {
      "x" : -20.562305,
      "y" : -13.708204,
      "z" : 11.09017
    } ],
    "faces" : [ {
      "vertices" : [ 0, 1, 2 ]
    }, {
      "vertices" : [ 0, 2, 3 ]
    }, {
      "vertices" : [ 0, 3, 2 ]
    }, {
      "vertices" : [ 0, 2, 1 ]
    } ]
  }, {
    "id" : "bac0b4f7-800d-4081-9fb7-ea99dea57e20",
    "vertices" : [ {
      "x" : -6.854102,
      "y" : 6.854102,
      "z" : 6.854102
    }, {
      "x" : 4.236068,
      "y" : 6.854102,
      "z" : 11.09017
    }, {
      "x" : 0.0,
      "y" : -4.236068,
      "z" : 11.09017
    }, {
      "x" : -11.09017,
      "y" : -4.236068,
      "z" : 6.854102
    } ],
    "faces" : [ {
      "vertices" : [ 0, 1, 2 ]
    }, {
      "vertices" : [ 0, 2, 3 ]
    }, {
      "vertices" : [ 0, 3, 2 ]
    }, {
      "vertices" : [ 0, 2, 1 ]
    } ]
  }, {
    "id" : "e0568426-8a3e-4a23-965e-014f3336348a",
    "vertices" : [ {
      "x" : 11.09017,
      "y" : 4.236068,
      "z" : 20.562305
    }, {
      "x" : 11.09017,
      "y" : 2.618034,
      "z" : 24.798374
    }, {
      "x" : 15.326238,
      "y" : 2.618034,
      "z" : 26.416409
    }, {
      "x" : 15.326238,
      "y" : 4.236068,
      "z" : 22.18034
    } ],
    "faces" : [ {
      "vertices" : [ 0, 1, 2 ]
    }, {
      "vertices" : [ 0, 2, 3 ]
    }, {
      "vertices" : [ 0, 3, 2 ]
    }, {
      "vertices" : [ 0, 2, 1 ]
    } ]
  }, {
    "id" : "4f3a0d35-93de-40fd-b563-26aa1b122d8e",
    "vertices" : [ {
      "x" : -29.034441,
      "y" : -6.854102,
      "z" : 6.854102
    }, {
      "x" : -29.034441,
      "y" : -2.618034,
      "z" : -4.236068
    }, {
      "x" : -24.798374,
      "y" : -6.854102,
      "z" : -8.472136
    }, {
      "x" : -24.798374,
      "y" : -11.09017,
      "z" : 2.618034
    } ],
    "faces" : [ {
      "vertices" : [ 0, 1, 2 ]
    }, {
      "vertices" : [ 0, 2, 3 ]
    }, {
      "vertices" : [ 0, 3, 2 ]
    }, {
      "vertices" : [ 0, 2, 1 ]
    } ]
  }, {
    "id" : "0e89d954-6fad-4f4d-ad0d-1ba61c09cba6",
    "vertices" : [ {
      "x" : 11.09017,
      "y" : -22.18034,
      "z" : 17.944271
    }, {
      "x" : 4.236068,
      "y" : -22.18034,
      "z" : 15.326238
    }, {
      "x" : -2.618034,
      "y" : -15.326238,
      "z" : 22.18034
    }, {
      "x" : 4.236068,
      "y" : -15.326238,
      "z" : 24.798374
    } ],
    "faces" : [ {
      "vertices" : [ 0, 1, 2 ]
    }, {
      "vertices" : [ 0, 2, 3 ]
    }, {
      "vertices" : [ 0, 3, 2 ]
    }, {
      "vertices" : [ 0, 2, 1 ]
    } ]
  }, {
    "id" : "ebbcc8df-fe86-4edb-9187-c3b844d8e423",
    "vertices" : [ {
      "x" : 13.708204,
      "y" : -9.472136,
      "z" : -24.798374
    }, {
      "x" : 17.944271,
      "y" : 1.618034,
      "z" : -24.798374
    }, {
      "x" : 17.944271,
      "y" : 0.0,
      "z" : -20.562305
    }, {
      "x" : 13.708204,
      "y" : -11.09017,
      "z" : -20.562305
    } ],
    "faces" : [ {
      "vertices" : [ 0, 1, 2 ]
    }, {
      "vertices" : [ 0, 2, 3 ]
    }, {
      "vertices" : [ 0, 3, 2 ]
    }, {
      "vertices" : [ 0, 2, 1 ]
    } ]
  }, {
    "id" : "020ac31e-0673-4ec7-9189-dbf59f90119e",
    "vertices" : [ {
      "x" : 8.472136,
      "y" : -22.18034,
      "z" : 0.0
    }, {
