{
  "field" : "golden",
  "symmetry" : "icosahedral",
  "orientations" : [ [ 1.0, 0.0, 0.0, 0.0, 0.0, 1.0, 0.0, 0.0, 0.0, 0.0, 1.0, 0.0, 0.0, 0.0, 0.0, 1.0 ], [ 0.0, 0.0, 1.0, 0.0, 1.0, 0.0, 0.0, 0.0, 0.0, 1.0, 0.0, 0.0, 0.0, 0.0, 0.0, 1.0 ], [ 0.0, 1.0, 0.0, 0.0, 0.0, 0.0, 1.0, 0.0, 1.0, 0.0, 0.0, 0.0, 0.0, 0.0, 0.0, 1.0 ], [ 0.809017, 0.309017, 0.5, 0.0, 0.309017, 0.5, -0.809017, 0.0, -0.5, 0.809017, 0.309017, 0.0, 0.0, 0.0, 0.0, 1.0 ], [ -0.5, 0.809017, 0.309017, 0.0, 0.809017, 0.309017, 0.5, 0.0, 0.309017, 0.5, -0.809017, 0.0, 0.0, 0.0, 0.0, 1.0 ], [ 0.309017, 0.5, -0.809017, 0.0, -0.5, 0.809017, 0.309017, 0.0, 0.809017, 0.309017, 0.5, 0.0, 0.0, 0.0, 0.0, 1.0 ], [ 0.5, 0.809017, 0.309017, 0.0, 0.809017, -0.309017, -0.5, 0.0, -0.309017, 0.5, -0.809017, 0.0, 0.0, 0.0, 0.0, 1.0 ], [ -0.309017, 0.5, -0.809017, 0.0, 0.5, 0.809017, 0.309017, 0.0, 0.809017, -0.309017, -0.5, 0.0, 0.0, 0.0, 0.0, 1.0 ], [ 0.809017, -0.309017, -0.5, 0.0, -0.309017, 0.5, -0.809017, 0.0, 0.5, 0.809017, 0.309017, 0.0, 0.0, 0.0, 0.0, 1.0 ], [ 0.5, 0.809017, -0.309017, 0.0, 0.809017, -0.309017, 0.5, 0.0, 0.309017, -0.5, -0.809017, 0.0, 0.0, 0.0, 0.0, 1.0 ], [ 0.309017, -0.5, -0.809017, 0.0, 0.5, 0.809017, -0.309017, 0.0, 0.809017, -0.309017, 0.5, 0.0, 0.0, 0.0, 0.0, 1.0 ], [ 0.809017, -0.309017, 0.5, 0.0, 0.309017, -0.5, -0.809017, 0.0, 0.5, 0.809017, -0.309017, 0.0, 0.0, 0.0, 0.0, 1.0 ], [ 0.809017, 0.309017, -0.5, 0.0, 0.309017, 0.5, 0.809017, 0.0, 0.5, -0.809017, 0.309017, 0.0, 0.0, 0.0, 0.0, 1.0 ], [ 0.5, -0.809017, 0.309017, 0.0, 0.809017, 0.309017, -0.5, 0.0, 0.309017, 0.5, 0.809017, 0.0, 0.0, 0.0, 0.0, 1.0 ], [ 0.309017, 0.5, 0.809017, 0.0, 0.5, -0.809017, 0.309017, 0.0, 0.809017, 0.309017, -0.5, 0.0, 0.0, 0.0, 0.0, 1.0 ], [ 1.0, 0.0, 0.0, 0.0, 0.0, -1.0, 0.0, 0.0, 0.0, 0.0, -1.0, 0.0, 0.0, 0.0, 0.0, 1.0 ], [ 0.0, 0.0, 1.0, 0.0, -1.0, 0.0, 0.0, 0.0, 0.0, -1.0, 0.0, 0.0, 0.0, 0.0, 0.0, 1.0 ], [ 0.0, 1.0, 0.0, 0.0, 0.0, 0.0, -1.0, 0.0, -1.0, 0.0, 0.0, 0.0, 0.0, 0.0, 0.0, 1.0 ], [ 0.809017, 0.309017, 0.5, 0.0, -0.309017, -0.5, 0.809017, 0.0, 0.5, -0.809017, -0.309017, 0.0, 0.0, 0.0, 0.0, 1.0 ], [ -0.5, 0.809017, 0.309017, 0.0, -0.809017, -0.309017, -0.5, 0.0, -0.309017, -0.5, 0.809017, 0.0, 0.0, 0.0, 0.0, 1.0 ], [ 0.309017, 0.5, -0.809017, 0.0, 0.5, -0.809017, -0.309017, 0.0, -0.809017, -0.309017, -0.5, 0.0, 0.0, 0.0, 0.0, 1.0 ], [ 0.5, 0.809017, 0.309017, 0.0, -0.809017, 0.309017, 0.5, 0.0, 0.309017, -0.5, 0.809017, 0.0, 0.0, 0.0, 0.0, 1.0 ], [ -0.309017, 0.5, -0.809017, 0.0, -0.5, -0.809017, -0.309017, 0.0, -0.809017, 0.309017, 0.5, 0.0, 0.0, 0.0, 0.0, 1.0 ], [ 0.809017, -0.309017, -0.5, 0.0, 0.309017, -0.5, 0.809017, 0.0, -0.5, -0.809017, -0.309017, 0.0, 0.0, 0.0, 0.0, 1.0 ], [ 0.5, 0.809017, -0.309017, 0.0, -0.809017, 0.309017, -0.5, 0.0, -0.309017, 0.5, 0.809017, 0.0, 0.0, 0.0, 0.0, 1.0 ], [ 0.309017, -0.5, -0.809017, 0.0, -0.5, -0.809017, 0.309017, 0.0, -0.809017, 0.309017, -0.5, 0.0, 0.0, 0.0, 0.0, 1.0 ], [ 0.809017, -0.309017, 0.5, 0.0, -0.309017, 0.5, 0.809017, 0.0, -0.5, -0.809017, 0.309017, 0.0, 0.0, 0.0, 0.0, 1.0 ], [ 0.809017, 0.309017, -0.5, 0.0, -0.309017, -0.5, -0.809017, 0.0, -0.5, 0.809017, -0.309017, 0.0, 0.0, 0.0, 0.0, 1.0 ], [ 0.5, -0.809017, 0.309017, 0.0, -0.809017, -0.309017, 0.5, 0.0, -0.309017, -0.5, -0.809017, 0.0, 0.0, 0.0, 0.0, 1.0 ], [ 0.309017, 0.5, 0.809017, 0.0, -0.5, 0.809017, -0.309017, 0.0, -0.809017, -0.309017, 0.5, 0.0, 0.0, 0.0, 0.0, 1.0 ], [ -1.0, 0.0, 0.0, 0.0, 0.0, -1.0, 0.0, 0.0, 0.0, 0.0, 1.0, 0.0, 0.0, 0.0, 0.0, 1.0 ], [ 0.0, 0.0, -1.0, 0.0, -1.0, 0.0, 0.0, 0.0, 0.0, 1.0, 0.0, 0.0, 0.0, 0.0, 0.0, 1.0 ], [ 0.0, -1.0, 0.0, 0.0, 0.0, 0.0, -1.0, 0.0, 1.0, 0.0, 0.0, 0.0, 0.0, 0.0, 0.0, 1.0 ], [ -0.809017, -0.309017, -0.5, 0.0, -0.309017, -0.5, 0.809017, 0.0, -0.5, 0.809017, 0.309017, 0.0, 0.0, 0.0, 0.0, 1.0 ], [ 0.5, -0.809017, -0.309017, 0.0, -0.809017, -0.309017, -0.5, 0.0, 0.309017, 0.5, -0.809017, 0.0, 0.0, 0.0, 0.0, 1.0 ], [ -0.309017, -0.5, 0.809017, 0.0, 0.5, -0.809017, -0.309017, 0.0, 0.809017, 0.309017, 0.5, 0.0, 0.0, 0.0, 0.0, 1.0 ], [ -0.5, -0.809017, -0.309017, 0.0, -0.809017, 0.309017, 0.5, 0.0, -0.309017, 0.5, -0.809017, 0.0, 0.0, 0.0, 0.0, 1.0 ], [ 0.309017, -0.5, 0.809017, 0.0, -0.5, -0.809017, -0.309017, 0.0, 0.809017, -0.309017, -0.5, 0.0, 0.0, 0.0, 0.0, 1.0 ], [ -0.809017, 0.309017, 0.5, 0.0, 0.309017, -0.5, 0.809017, 0.0, 0.5, 0.809017, 0.309017, 0.0, 0.0, 0.0, 0.0, 1.0 ], [ -0.5, -0.809017, 0.309017, 0.0, -0.809017, 0.309017, -0.5, 0.0, 0.309017, -0.5, -0.809017, 0.0, 0.0, 0.0, 0.0, 1.0 ], [ -0.309017, 0.5, 0.809017, 0.0, -0.5, -0.809017, 0.309017, 0.0, 0.809017, -0.309017, 0.5, 0.0, 0.0, 0.0, 0.0, 1.0 ], [ -0.809017, 0.309017, -0.5, 0.0, -0.309017, 0.5, 0.809017, 0.0, 0.5, 0.809017, -0.309017, 0.0, 0.0, 0.0, 0.0, 1.0 ], [ -0.809017, -0.309017, 0.5, 0.0, -0.309017, -0.5, -0.809017, 0.0, 0.5, -0.809017, 0.309017, 0.0, 0.0, 0.0, 0.0, 1.0 ], [ -0.5, 0.809017, -0.309017, 0.0, -0.809017, -0.309017, 0.5, 0.0, 0.309017, 0.5, 0.809017, 0.0, 0.0, 0.0, 0.0, 1.0 ], [ -0.309017, -0.5, -0.809017, 0.0, -0.5, 0.809017, -0.309017, 0.0, 0.809017, 0.309017, -0.5, 0.0, 0.0, 0.0, 0.0, 1.0 ], [ -1.0, 0.0, 0.0, 0.0, 0.0, 1.0, 0.0, 0.0, 0.0, 0.0, -1.0, 0.0, 0.0, 0.0, 0.0, 1.0 ], [ 0.0, 0.0, -1.0, 0.0, 1.0, 0.0, 0.0, 0.0, 0.0, -1.0, 0.0, 0.0, 0.0, 0.0, 0.0, 1.0 ], [ 0.0, -1.0, 0.0, 0.0, 0.0, 0.0, 1.0, 0.0, -1.0, 0.0, 0.0, 0.0, 0.0, 0.0, 0.0, 1.0 ], [ -0.809017, -0.309017, -0.5, 0.0, 0.309017, 0.5, -0.809017, 0.0, 0.5, -0.809017, -0.309017, 0.0, 0.0, 0.0, 0.0, 1.0 ], [ 0.5, -0.809017, -0.309017, 0.0, 0.809017, 0.309017, 0.5, 0.0, -0.309017, -0.5, 0.809017, 0.0, 0.0, 0.0, 0.0, 1.0 ], [ -0.309017, -0.5, 0.809017, 0.0, -0.5, 0.809017, 0.309017, 0.0, -0.809017, -0.309017, -0.5, 0.0, 0.0, 0.0, 0.0, 1.0 ], [ -0.5, -0.809017, -0.309017, 0.0, 0.809017, -0.309017, -0.5, 0.0, 0.309017, -0.5, 0.809017, 0.0, 0.0, 0.0, 0.0, 1.0 ], [ 0.309017, -0.5, 0.809017, 0.0, 0.5, 0.809017, 0.309017, 0.0, -0.809017, 0.309017, 0.5, 0.0, 0.0, 0.0, 0.0, 1.0 ], [ -0.809017, 0.309017, 0.5, 0.0, -0.309017, 0.5, -0.809017, 0.0, -0.5, -0.809017, -0.309017, 0.0, 0.0, 0.0, 0.0, 1.0 ], [ -0.5, -0.809017, 0.309017, 0.0, 0.809017, -0.309017, 0.5, 0.0, -0.309017, 0.5, 0.809017, 0.0, 0.0, 0.0, 0.0, 1.0 ], [ -0.309017, 0.5, 0.809017, 0.0, 0.5, 0.809017, -0.309017, 0.0, -0.809017, 0.309017, -0.5, 0.0, 0.0, 0.0, 0.0, 1.0 ], [ -0.809017, 0.309017, -0.5, 0.0, 0.309017, -0.5, -0.809017, 0.0, -0.5, -0.809017, 0.309017, 0.0, 0.0, 0.0, 0.0, 1.0 ], [ -0.809017, -0.309017, 0.5, 0.0, 0.309017, 0.5, 0.809017, 0.0, -0.5, 0.809017, -0.309017, 0.0, 0.0, 0.0, 0.0, 1.0 ], [ -0.5, 0.809017, -0.309017, 0.0, 0.809017, 0.309017, -0.5, 0.0, -0.309017, -0.5, -0.809017, 0.0, 0.0, 0.0, 0.0, 1.0 ], [ -0.309017, -0.5, -0.809017, 0.0, 0.5, -0.809017, 0.309017, 0.0, -0.809017, -0.309017, 0.5, 0.0, 0.0, 0.0, 0.0, 1.0 ] ],
  "lights" : {
    "ambientColor" : "#292929",
    "backgroundColor" : "#AFC8DC",
    "directionalLights" : [ {
      "direction" : {
        "x" : 1.0,
        "y" : -1.0,
        "z" : -1.0
      },
      "color" : "#EBEBE4"
    }, {
      "direction" : {
        "x" : -1.0,
        "y" : 0.0,
        "z" : 0.0
      },
      "color" : "#E4E4EB"
    }, {
      "direction" : {
        "x" : 0.0,
        "y" : 0.0,
        "z" : -1.0
      },
      "color" : "#1E1E1E"
    } ]
  },
  "camera" : {
    "perspective" : true,
    "viewDistance" : 132.80469,
    "nearClipDistance" : 0.33201188,
    "farClipDistance" : 265.61008,
    "lookAtPoint" : {
      "x" : 0.0,
      "y" : 0.0,
      "z" : 0.0
    },
    "fieldOfView" : 0.44262883,
    "lookDirection" : {
      "x" : 0.037350226,
      "y" : -0.72134066,
      "z" : 0.691567
    },
    "upDirection" : {
      "x" : 0.018754737,
      "y" : -0.6914226,
      "z" : -0.72218806
    },
    "stereo" : false,
    "width" : 59.762104,
    "position" : {
      "x" : -4.960285,
      "y" : 95.79742,
      "z" : -91.84334
    }
  },
  "embedding" : [ 1.0, 0.0, 0.0, 0.0, 0.0, 1.0, 0.0, 0.0, 0.0, 0.0, 1.0, 0.0, 0.0, 0.0, 0.0, 1.0 ],
  "shapes" : [ {
    "id" : "095c8a88-5b77-4036-9f2d-aa51c0f9e955",
    "vertices" : [ {
      "x" : 1.0,
      "y" : 0.309017,
      "z" : 0.19098301
    }, {
      "x" : 1.0,
      "y" : -0.309017,
      "z" : 0.19098301
    }, {
      "x" : 7.472136,
      "y" : -0.309017,
      "z" : 0.19098301
    }, {
      "x" : 7.472136,
      "y" : 0.309017,
      "z" : 0.19098301
    }, {
      "x" : 7.472136,
      "y" : -0.309017,
      "z" : -0.19098301
    }, {
      "x" : 7.472136,
      "y" : 0.309017,
      "z" : -0.19098301
    }, {
      "x" : 8.09017,
      "y" : 0.0,
      "z" : 0.0
    }, {
      "x" : 0.38196602,
      "y" : 0.0,
      "z" : 0.0
    }, {
      "x" : 1.0,
      "y" : 0.309017,
      "z" : -0.19098301
    }, {
      "x" : 1.0,
      "y" : -0.309017,
      "z" : -0.19098301
    }, {
      "x" : 8.472136,
      "y" : 0.0,
      "z" : 0.0
    } ],
    "faces" : [ {
      "vertices" : [ 1, 9, 4 ]
    }, {
      "vertices" : [ 1, 4, 2 ]
    }, {
      "vertices" : [ 0, 3, 5 ]
    }, {
      "vertices" : [ 0, 5, 8 ]
    }, {
      "vertices" : [ 1, 7, 9 ]
    }, {
      "vertices" : [ 0, 1, 2 ]
    }, {
      "vertices" : [ 0, 2, 3 ]
    }, {
      "vertices" : [ 7, 8, 9 ]
    }, {
      "vertices" : [ 0, 7, 1 ]
    }, {
      "vertices" : [ 4, 9, 8 ]
    }, {
      "vertices" : [ 4, 8, 5 ]
    }, {
      "vertices" : [ 2, 6, 3 ]
    }, {
      "vertices" : [ 2, 4, 6 ]
    }, {
      "vertices" : [ 3, 6, 5 ]
    }, {
      "vertices" : [ 4, 5, 6 ]
    }, {
      "vertices" : [ 0, 8, 7 ]
    } ]
  }, {
    "id" : "0e0e864f-8307-4dd6-9583-a302882a099b",
    "vertices" : [ {
      "x" : -0.26666668,
      "y" : 2.490248,
      "z" : -16.180086
    }, {
      "x" : 0.13333334,
      "y" : 2.390248,
      "z" : -16.080086
    }, {
      "x" : 0.26666668,
      "y" : 0.2179559,
      "z" : -0.5625598
    }, {
      "x" : -0.13333334,
      "y" : 0.3179559,
      "z" : -0.6625598
    }, {
      "x" : 0.26666668,
      "y" : 2.690248,
      "z" : -15.846753
    }, {
      "x" : -0.13333334,
      "y" : 2.790248,
      "z" : -15.946753
    }, {
      "x" : -0.26666668,
      "y" : 0.017955907,
      "z" : -0.8958931
    }, {
      "x" : 0.13333334,
      "y" : -0.082044095,
      "z" : -0.79589313
    } ],
    "faces" : [ {
      "vertices" : [ 2, 3, 6 ]
    }, {
      "vertices" : [ 2, 6, 7 ]
    }, {
      "vertices" : [ 0, 5, 4 ]
    }, {
      "vertices" : [ 0, 4, 1 ]
    }, {
      "vertices" : [ 2, 4, 5 ]
    }, {
      "vertices" : [ 2, 5, 3 ]
    }, {
      "vertices" : [ 0, 6, 3 ]
    }, {
      "vertices" : [ 0, 3, 5 ]
    }, {
      "vertices" : [ 0, 1, 7 ]
    }, {
      "vertices" : [ 0, 7, 6 ]
    }, {
      "vertices" : [ 1, 4, 2 ]
    }, {
      "vertices" : [ 1, 2, 7 ]
    } ]
  }, {
    "id" : "e7bd9c26-2aac-48dd-88f3-f9c8fef2c14f",
    "vertices" : [ {
      "x" : 0.809017,
      "y" : 0.618034,
      "z" : -0.19098301
    }, {
      "x" : 0.809017,
      "y" : 0.0,
      "z" : -0.19098301
    }, {
      "x" : 0.309017,
      "y" : 0.11803399,
      "z" : 0.0
    }, {
      "x" : 7.135255,
      "y" : 3.034442,
      "z" : 0.19098301
    }, {
      "x" : 0.809017,
      "y" : 0.618034,
      "z" : 0.19098301
    }, {
      "x" : 0.809017,
      "y" : 0.0,
      "z" : 0.19098301
    }, {
      "x" : 7.135255,
      "y" : 2.4164078,
      "z" : 0.19098301
    }, {
      "x" : 7.635255,
      "y" : 2.9164078,
      "z" : 0.0
    }, {
      "x" : 7.135255,
      "y" : 3.034442,
      "z" : -0.19098301
    }, {
      "x" : 7.944272,
      "y" : 3.034442,
      "z" : 0.0
    }, {
      "x" : 7.135255,
      "y" : 2.4164078,
      "z" : -0.19098301
    } ],
    "faces" : [ {
      "vertices" : [ 3, 6, 7 ]
    }, {
      "vertices" : [ 3, 4, 5 ]
    }, {
      "vertices" : [ 3, 5, 6 ]
    }, {
      "vertices" : [ 3, 7, 8 ]
    }, {
      "vertices" : [ 0, 1, 2 ]
    }, {
      "vertices" : [ 0, 8, 10 ]
    }, {
      "vertices" : [ 0, 10, 1 ]
    }, {
      "vertices" : [ 1, 10, 6 ]
    }, {
      "vertices" : [ 1, 6, 5 ]
    }, {
      "vertices" : [ 0, 2, 4 ]
    }, {
      "vertices" : [ 6, 10, 7 ]
    }, {
      "vertices" : [ 1, 5, 2 ]
    }, {
      "vertices" : [ 7, 10, 8 ]
    }, {
      "vertices" : [ 2, 5, 4 ]
    }, {
      "vertices" : [ 0, 4, 3 ]
    }, {
      "vertices" : [ 0, 3, 8 ]
    } ]
  }, {
    "id" : "4d94ecf8-856e-44c7-bdde-477656e8510d",
    "vertices" : [ {
      "x" : 0.309017,
      "y" : -0.309017,
      "z" : -0.309017
    }, {
      "x" : 0.5,
      "y" : 0.0,
      "z" : -0.19098301
    }, {
      "x" : 0.5,
      "y" : 0.0,
      "z" : 0.19098301
    }, {
      "x" : 0.309017,
      "y" : -0.309017,
      "z" : 0.309017
    }, {
      "x" : 0.19098301,
      "y" : -0.5,
      "z" : 0.0
    }, {
      "x" : 0.0,
      "y" : 0.19098301,
      "z" : 0.5
    }, {
      "x" : 0.0,
      "y" : -0.19098301,
      "z" : 0.5
    }, {
      "x" : 0.309017,
      "y" : 0.309017,
      "z" : 0.309017
    }, {
      "x" : -0.309017,
      "y" : -0.309017,
      "z" : 0.309017
    }, {
      "x" : -0.309017,
      "y" : 0.309017,
      "z" : 0.309017
    }, {
      "x" : -0.5,
      "y" : 0.0,
      "z" : 0.19098301
    }, {
      "x" : 0.0,
      "y" : -0.19098301,
      "z" : -0.5
    }, {
      "x" : 0.0,
      "y" : 0.19098301,
      "z" : -0.5
    }, {
      "x" : 0.309017,
      "y" : 0.309017,
      "z" : -0.309017
    }, {
      "x" : -0.309017,
      "y" : -0.309017,
      "z" : -0.309017
    }, {
      "x" : -0.19098301,
      "y" : -0.5,
      "z" : 0.0
    }, {
      "x" : -0.5,
      "y" : 0.0,
      "z" : -0.19098301
    }, {
      "x" : 0.19098301,
      "y" : 0.5,
      "z" : 0.0
    }, {
      "x" : -0.309017,
      "y" : 0.309017,
      "z" : -0.309017
    }, {
      "x" : 0.0,
      "y" : 0.0,
      "z" : 0.0
    }, {
      "x" : -0.19098301,
      "y" : 0.5,
      "z" : 0.0
    } ],
    "faces" : [ {
      "vertices" : [ 12, 18, 20 ]
    }, {
      "vertices" : [ 12, 20, 17 ]
    }, {
      "vertices" : [ 12, 17, 13 ]
    }, {
      "vertices" : [ 3, 6, 8 ]
    }, {
      "vertices" : [ 3, 8, 15 ]
    }, {
      "vertices" : [ 3, 15, 4 ]
    }, {
      "vertices" : [ 0, 11, 12 ]
    }, {
      "vertices" : [ 0, 12, 13 ]
    }, {
      "vertices" : [ 0, 13, 1 ]
    }, {
      "vertices" : [ 5, 9, 10 ]
    }, {
      "vertices" : [ 5, 10, 8 ]
    }, {
      "vertices" : [ 5, 8, 6 ]
    }, {
      "vertices" : [ 2, 7, 5 ]
    }, {
      "vertices" : [ 2, 5, 6 ]
    }, {
      "vertices" : [ 2, 6, 3 ]
    }, {
      "vertices" : [ 11, 14, 16 ]
    }, {
      "vertices" : [ 11, 16, 18 ]
    }, {
      "vertices" : [ 11, 18, 12 ]
    }, {
      "vertices" : [ 1, 13, 17 ]
    }, {
      "vertices" : [ 1, 17, 7 ]
    }, {
      "vertices" : [ 1, 7, 2 ]
    }, {
      "vertices" : [ 9, 20, 18 ]
    }, {
      "vertices" : [ 9, 18, 16 ]
    }, {
      "vertices" : [ 9, 16, 10 ]
    }, {
      "vertices" : [ 0, 1, 2 ]
    }, {
      "vertices" : [ 0, 2, 3 ]
    }, {
      "vertices" : [ 0, 3, 4 ]
    }, {
      "vertices" : [ 5, 7, 17 ]
    }, {
      "vertices" : [ 5, 17, 20 ]
    }, {
      "vertices" : [ 5, 20, 9 ]
    }, {
      "vertices" : [ 0, 4, 15 ]
    }, {
      "vertices" : [ 0, 15, 14 ]
    }, {
      "vertices" : [ 0, 14, 11 ]
    }, {
      "vertices" : [ 8, 10, 16 ]
    }, {
      "vertices" : [ 8, 16, 14 ]
    }, {
      "vertices" : [ 8, 14, 15 ]
    } ]
  }, {
    "id" : "603e673a-386c-4709-a309-f35e2cf8afba",
    "vertices" : [ {
      "x" : -11.600813,
      "y" : 10.826238,
      "z" : -4.135255
    }, {
      "x" : -4.236068,
      "y" : 12.09017,
      "z" : 11.09017
    }, {
      "x" : -4.236068,
      "y" : 14.798374,
      "z" : -5.652476
    } ],
    "faces" : [ {
      "vertices" : [ 0, 1, 2 ]
    }, {
      "vertices" : [ 0, 2, 1 ]
    } ]
  }, {
    "id" : "1f5d703c-03a1-41f8-9c54-fb4ed4a568a0",
    "vertices" : [ {
      "x" : 15.135255,
      "y" : 3.618034,
      "z" : -1.309017
    }, {
      "x" : 1.190983,
      "y" : 0.0,
      "z" : 0.072949015
    }, {
      "x" : 1.190983,
      "y" : 0.0,
      "z" : -0.309017
    }, {
      "x" : 15.135255,
      "y" : 3.618034,
      "z" : -1.690983
    }, {
      "x" : 15.871323,
      "y" : 4.118034,
      "z" : -1.572949
    }, {
      "x" : 1.190983,
      "y" : 0.618034,
      "z" : -0.309017
    }, {
      "x" : 15.135255,
      "y" : 4.236068,
      "z" : -1.690983
    }, {
      "x" : 15.135255,
      "y" : 4.236068,
      "z" : -1.309017
    }, {
      "x" : 1.190983,
      "y" : 0.618034,
      "z" : 0.072949015
    }, {
      "x" : 0.45491502,
      "y" : 0.11803399,
      "z" : -0.045084972
    }, {
      "x" : 16.326239,
      "y" : 4.236068,
      "z" : -1.618034
    } ],
    "faces" : [ {
      "vertices" : [ 2, 5, 6 ]
    }, {
      "vertices" : [ 2, 6, 3 ]
    }, {
      "vertices" : [ 0, 7, 8 ]
    }, {
      "vertices" : [ 0, 8, 1 ]
    }, {
      "vertices" : [ 2, 9, 5 ]
    }, {
      "vertices" : [ 4, 6, 7 ]
    }, {
      "vertices" : [ 1, 8, 9 ]
    }, {
      "vertices" : [ 0, 1, 2 ]
    }, {
      "vertices" : [ 0, 2, 3 ]
    }, {
      "vertices" : [ 5, 9, 8 ]
    }, {
      "vertices" : [ 0, 3, 4 ]
    }, {
      "vertices" : [ 5, 8, 7 ]
    }, {
      "vertices" : [ 5, 7, 6 ]
    }, {
      "vertices" : [ 0, 4, 7 ]
    }, {
      "vertices" : [ 1, 9, 2 ]
    }, {
      "vertices" : [ 3, 6, 4 ]
    } ]
  }, {
    "id" : "2d52217d-e078-4339-b35d-8ef23c0985dc",
    "vertices" : [ {
      "x" : 4.236068,
      "y" : 14.798374,
      "z" : -5.652476
    }, {
      "x" : 0.0,
      "y" : 2.708204,
      "z" : -16.742645
    }, {
      "x" : -4.236068,
      "y" : 14.798374,
      "z" : -5.652476
    } ],
    "faces" : [ {
      "vertices" : [ 0, 1, 2 ]
    }, {
      "vertices" : [ 0, 2, 1 ]
    } ]
  }, {
    "id" : "86875acf-ef9c-4e87-9d15-aef4a330da93",
    "vertices" : [ {
      "x" : 6.854102,
      "y" : 0.0,
      "z" : -2.618034
    }, {
      "x" : 6.545085,
      "y" : 0.0,
      "z" : -2.5
    }, {
      "x" : 6.1405764,
      "y" : -0.1545085,
      "z" : -2.059017
    }, {
      "x" : 5.9495935,
      "y" : -0.1545085,
      "z" : -2.559017
    }, {
      "x" : 0.9045085,
      "y" : -0.1545085,
      "z" : -0.059016995
    }, {
      "x" : 0.809017,
      "y" : 0.309017,
      "z" : -0.309017
    }, {
      "x" : 0.309017,
      "y" : 0.0,
      "z" : -0.11803399
    }, {
      "x" : 6.045085,
      "y" : 0.309017,
      "z" : -2.309017
    }, {
      "x" : 0.7135255,
      "y" : -0.1545085,
      "z" : -0.559017
    } ],
    "faces" : [ {
      "vertices" : [ 2, 4, 8 ]
    }, {
      "vertices" : [ 2, 8, 3 ]
    }, {
      "vertices" : [ 2, 7, 5 ]
    }, {
      "vertices" : [ 2, 5, 4 ]
    }, {
      "vertices" : [ 4, 6, 8 ]
    }, {
      "vertices" : [ 5, 8, 6 ]
    }, {
      "vertices" : [ 1, 2, 3 ]
    }, {
      "vertices" : [ 3, 8, 5 ]
    }, {
      "vertices" : [ 3, 5, 7 ]
    }, {
      "vertices" : [ 1, 7, 2 ]
    }, {
      "vertices" : [ 1, 3, 7 ]
    }, {
      "vertices" : [ 4, 5, 6 ]
    } ]
  }, {
    "id" : "0c36d26a-4a2e-4993-ad86-5004f6a7f18c",
    "vertices" : [ {
      "x" : 4.236068,
      "y" : -14.798374,
      "z" : 5.652476
    }, {
      "x" : -4.236068,
      "y" : -14.798374,
      "z" : 5.652476
    }, {
      "x" : 0.0,
      "y" : -13.18034,
      "z" : -10.673762
    } ],
    "faces" : [ {
      "vertices" : [ 0, 1, 2 ]
    }, {
      "vertices" : [ 0, 2, 1 ]
    } ]
  }, {
    "id" : "984f5dfc-a177-4886-b992-0441f268855b",
    "vertices" : [ {
      "x" : 15.836881,
      "y" : 3.972136,
      "z" : -1.517221
    }, {
      "x" : 7.364745,
      "y" : -1.263932,
      "z" : -15.225425
    }, {
      "x" : 11.600813,
      "y" : 10.826238,
      "z" : -4.135255
    } ],
    "faces" : [ {
      "vertices" : [ 0, 1, 2 ]
    }, {
      "vertices" : [ 0, 2, 1 ]
    } ]
  }, {
    "id" : "b36370bc-5d4c-43b5-982a-7ce04f9bed34",
    "vertices" : [ {
      "x" : -15.836881,
      "y" : 3.972136,
      "z" : -1.517221
    }, {
      "x" : -7.364745,
      "y" : -1.263932,
      "z" : -15.225425
    }, {
      "x" : -7.364745,
      "y" : -9.208204,
      "z" : -12.190983
    }, {
      "x" : -15.836881,
      "y" : -3.972136,
      "z" : 1.517221
    } ],
    "faces" : [ {
      "vertices" : [ 0, 1, 2 ]
    }, {
      "vertices" : [ 0, 2, 3 ]
    }, {
      "vertices" : [ 0, 3, 2 ]
    }, {
      "vertices" : [ 0, 2, 1 ]
    } ]
  }, {
    "id" : "05b524d1-de49-40ef-9e71-1798402f3265",
    "vertices" : [ {
      "x" : -6.872346,
      "y" : -1.347084,
      "z" : -14.687604
    }, {
      "x" : -6.972346,
      "y" : -0.94708407,
      "z" : -14.787603
    }, {
      "x" : -0.49239907,
      "y" : 0.083152026,
      "z" : -0.53782135
    }, {
      "x" : -0.39239907,
      "y" : -0.31684798,
      "z" : -0.43782136
    }, {
      "x" : -7.272346,
      "y" : -1.0804174,
      "z" : -14.55427
    }, {
      "x" : -7.172346,
      "y" : -1.4804174,
      "z" : -14.45427
    }, {
      "x" : -0.09239908,
      "y" : -0.18351464,
      "z" : -0.6711547
    }, {
      "x" : -0.19239908,
      "y" : 0.21648535,
      "z" : -0.7711547
    } ],
    "faces" : [ {
      "vertices" : [ 2, 3, 6 ]
    }, {
      "vertices" : [ 2, 6, 7 ]
    }, {
      "vertices" : [ 0, 5, 4 ]
    }, {
      "vertices" : [ 0, 4, 1 ]
    }, {
      "vertices" : [ 2, 4, 5 ]
    }, {
      "vertices" : [ 2, 5, 3 ]
    }, {
      "vertices" : [ 0, 6, 3 ]
    }, {
      "vertices" : [ 0, 3, 5 ]
    }, {
      "vertices" : [ 0, 1, 7 ]
    }, {
      "vertices" : [ 0, 7, 6 ]
    }, {
      "vertices" : [ 1, 4, 2 ]
    }, {
      "vertices" : [ 1, 2, 7 ]
    } ]
  }, {
    "id" : "43c29d4e-1bbf-497d-b7bb-c31d2107f6cf",
    "vertices" : [ {
      "x" : -11.600813,
      "y" : 10.826238,
      "z" : -4.135255
    }, {
      "x" : -4.236068,
      "y" : 14.798374,
      "z" : -5.652476
    }, {
      "x" : 0.0,
      "y" : 2.708204,
      "z" : -16.742645
    }, {
      "x" : -7.364745,
      "y" : -1.263932,
      "z" : -15.225425
    } ],
    "faces" : [ {
      "vertices" : [ 0, 1, 2 ]
    }, {
      "vertices" : [ 0, 2, 3 ]
    }, {
      "vertices" : [ 0, 3, 2 ]
    }, {
      "vertices" : [ 0, 2, 1 ]
    } ]
  }, {
    "id" : "306499f5-3a8f-4545-a8e1-526d798082c5",
    "vertices" : [ {
      "x" : 11.600813,
      "y" : -10.826238,
      "z" : 4.135255
    }, {
      "x" : 15.836881,
      "y" : -3.972136,
      "z" : 1.517221
    }, {
      "x" : 8.472136,
      "y" : 5.236068,
      "z" : 13.708204
    }, {
      "x" : 4.236068,
      "y" : -1.618034,
      "z" : 16.326239
    } ],
    "faces" : [ {
      "vertices" : [ 0, 1, 2 ]
    }, {
      "vertices" : [ 0, 2, 3 ]
    }, {
      "vertices" : [ 0, 3, 2 ]
    }, {
      "vertices" : [ 0, 2, 1 ]
    } ]
  }, {
    "id" : "a52dc13e-1fe9-466f-a9de-5b495a39d663",
    "vertices" : [ {
      "x" : -11.600813,
      "y" : -10.826238,
      "z" : 4.135255
    }, {
      "x" : -15.836881,
      "y" : -3.972136,
      "z" : 1.517221
    }, {
      "x" : -7.364745,
      "y" : -9.208204,
      "z" : -12.190983
    } ],
    "faces" : [ {
      "vertices" : [ 0, 1, 2 ]
    }, {
      "vertices" : [ 0, 2, 1 ]
    } ]
  }, {
    "id" : "560de6d8-805e-49f0-878a-a781fd2bf8ac",
    "vertices" : [ {
      "x" : 4.236068,
      "y" : 14.798374,
      "z" : -5.652476
    }, {
      "x" : 4.236068,
      "y" : 12.09017,
      "z" : 11.09017
    }, {
      "x" : 11.600813,
      "y" : 10.826238,
      "z" : -4.135255
    } ],
    "faces" : [ {
      "vertices" : [ 0, 1, 2 ]
    }, {
      "vertices" : [ 0, 2, 1 ]
    } ]
  }, {
    "id" : "24adaaf3-07e3-4ead-9b91-2e70465aa3f8",
    "vertices" : [ {
      "x" : 11.600813,
      "y" : -10.826238,
      "z" : 4.135255
    }, {
      "x" : 4.236068,
      "y" : -14.798374,
      "z" : 5.652476
    }, {
      "x" : 0.0,
      "y" : -13.18034,
      "z" : -10.673762
    }, {
      "x" : 7.364745,
      "y" : -9.208204,
      "z" : -12.190983
    } ],
    "faces" : [ {
      "vertices" : [ 0, 1, 2 ]
    }, {
      "vertices" : [ 0, 2, 3 ]
    }, {
      "vertices" : [ 0, 3, 2 ]
    }, {
      "vertices" : [ 0, 2, 1 ]
    } ]
  }, {
    "id" : "0f65ab72-7026-4d6b-927c-79c8b1e9b288",
    "vertices" : [ {
      "x" : -4.236068,
      "y" : -1.618034,
      "z" : 16.326239
    }, {
      "x" : -4.236068,
      "y" : -14.798374,
      "z" : 5.652476
    }, {
      "x" : 4.236068,
      "y" : -14.798374,
      "z" : 5.652476
    }, {
      "x" : 4.236068,
      "y" : -1.618034,
      "z" : 16.326239
    } ],
    "faces" : [ {
      "vertices" : [ 0, 1, 2 ]
    }, {
      "vertices" : [ 0, 2, 3 ]
    }, {
      "vertices" : [ 0, 3, 2 ]
    }, {
      "vertices" : [ 0, 2, 1 ]
    } ]
  }, {
    "id" : "1371bee3-5768-4f4f-ae8e-1a462c752431",
    "vertices" : [ {
      "x" : -11.600813,
      "y" : 10.826238,
      "z" : -4.135255
    }, {
      "x" : -15.836881,
      "y" : 3.972136,
      "z" : -1.517221
    }, {
      "x" : -8.472136,
      "y" : 5.236068,
      "z" : 13.708204
    }, {
      "x" : -4.236068,
      "y" : 12.09017,
      "z" : 11.09017
    } ],
    "faces" : [ {
      "vertices" : [ 0, 1, 2 ]
    }, {
      "vertices" : [ 0, 2, 3 ]
    }, {
      "vertices" : [ 0, 3, 2 ]
    }, {
      "vertices" : [ 0, 2, 1 ]
    } ]
  }, {
    "id" : "cfd0ec7f-145b-4902-8ad7-059696b66cac",
    "vertices" : [ {
      "x" : 15.836881,
      "y" : 3.972136,
      "z" : -1.517221
    }, {
      "x" : 11.600813,
      "y" : 10.826238,
      "z" : -4.135255
    }, {
      "x" : 4.236068,
      "y" : 12.09017,
      "z" : 11.09017
    }, {
      "x" : 8.472136,
      "y" : 5.236068,
      "z" : 13.708204
    } ],
    "faces" : [ {
      "vertices" : [ 0, 1, 2 ]
    }, {
      "vertices" : [ 0, 2, 3 ]
    }, {
      "vertices" : [ 0, 3, 2 ]
    }, {
      "vertices" : [ 0, 2, 1 ]
    } ]
  }, {
    "id" : "0f1b3c97-10ce-4a9c-91d9-ace89a01966c",
    "vertices" : [ {
      "x" : -8.472136,
      "y" : 5.236068,
      "z" : 13.708204
    }, {
      "x" : -15.836881,
      "y" : 3.972136,
      "z" : -1.517221
    }, {
      "x" : -15.836881,
      "y" : -3.972136,
      "z" : 1.517221
    } ],
    "faces" : [ {
      "vertices" : [ 0, 1, 2 ]
    }, {
      "vertices" : [ 0, 2, 1 ]
    } ]
  }, {
    "id" : "646b46cf-25ed-49cf-a93b-b629671594a4",
    "vertices" : [ {
      "x" : 4.236068,
      "y" : 14.798374,
      "z" : -5.652476
    }, {
      "x" : 11.600813,
      "y" : 10.826238,
      "z" : -4.135255
    }, {
      "x" : 7.364745,
      "y" : -1.263932,
      "z" : -15.225425
    }, {
      "x" : 0.0,
      "y" : 2.708204,
      "z" : -16.742645
    } ],
    "faces" : [ {
      "vertices" : [ 0, 1, 2 ]
    }, {
      "vertices" : [ 0, 2, 3 ]
    }, {
      "vertices" : [ 0, 3, 2 ]
    }, {
      "vertices" : [ 0, 2, 1 ]
    } ]
  }, {
    "id" : "5223b08a-5f7f-4c5b-8c61-709a4677f772",
    "vertices" : [ {
      "x" : 11.600813,
      "y" : -10.826238,
      "z" : 4.135255
    }, {
      "x" : 4.236068,
      "y" : -1.618034,
      "z" : 16.326239
    }, {
      "x" : 4.236068,
      "y" : -14.798374,
      "z" : 5.652476
    } ],
    "faces" : [ {
      "vertices" : [ 0, 1, 2 ]
    }, {
      "vertices" : [ 0, 2, 1 ]
    } ]
  }, {
    "id" : "3b2f0425-5eeb-481b-afda-3405f1996bcf",
    "vertices" : [ {
      "x" : 11.600813,
      "y" : -10.826238,
      "z" : 4.135255
    }, {
      "x" : 7.364745,
      "y" : -9.208204,
      "z" : -12.190983
    }, {
      "x" : 15.836881,
      "y" : -3.972136,
      "z" : 1.517221
    } ],
    "faces" : [ {
      "vertices" : [ 0, 1, 2 ]
    }, {
      "vertices" : [ 0, 2, 1 ]
    } ]
  }, {
    "id" : "6c19c565-7f60-4e0e-a4a3-9b6935bcdf79",
    "vertices" : [ {
      "x" : -11.600813,
      "y" : 10.826238,
      "z" : -4.135255
    }, {
      "x" : -7.364745,
      "y" : -1.263932,
      "z" : -15.225425
    }, {
      "x" : -15.836881,
      "y" : 3.972136,
      "z" : -1.517221
    } ],
    "faces" : [ {
      "vertices" : [ 0, 1, 2 ]
    }, {
      "vertices" : [ 0, 2, 1 ]
    } ]
  }, {
    "id" : "a1e4ee65-4f37-4e20-802d-e468d9201275",
    "vertices" : [ {
      "x" : -11.600813,
      "y" : -10.826238,
      "z" : 4.135255
    }, {
      "x" : -7.364745,
      "y" : -9.208204,
      "z" : -12.190983
    }, {
      "x" : 0.0,
      "y" : -13.18034,
      "z" : -10.673762
    }, {
      "x" : -4.236068,
      "y" : -14.798374,
      "z" : 5.652476
    } ],
    "faces" : [ {
      "vertices" : [ 0, 1, 2 ]
    }, {
      "vertices" : [ 0, 2, 3 ]
    }, {
      "vertices" : [ 0, 3, 2 ]
    }, {
      "vertices" : [ 0, 2, 1 ]
    } ]
  }, {
    "id" : "069b979e-1732-41fb-bbfe-4eed77cb7f78",
    "vertices" : [ {
      "x" : 4.236068,
      "y" : 14.798374,
      "z" : -5.652476
    }, {
      "x" : -4.236068,
      "y" : 14.798374,
      "z" : -5.652476
    }, {
      "x" : -4.236068,
      "y" : 12.09017,
      "z" : 11.09017
    }, {
      "x" : 4.236068,
      "y" : 12.09017,
      "z" : 11.09017
    } ],
    "faces" : [ {
      "vertices" : [ 0, 1, 2 ]
    }, {
      "vertices" : [ 0, 2, 3 ]
    }, {
      "vertices" : [ 0, 3, 2 ]
    }, {
      "vertices" : [ 0, 2, 1 ]
    } ]
  }, {
    "id" : "4301c614-7c86-4f08-bbe9-b6d4ff4201dc",
    "vertices" : [ {
      "x" : -4.236068,
      "y" : -1.618034,
      "z" : 16.326239
    }, {
      "x" : -11.600813,
      "y" : -10.826238,
      "z" : 4.135255
    }, {
      "x" : -4.236068,
      "y" : -14.798374,
      "z" : 5.652476
    } ],
    "faces" : [ {
      "vertices" : [ 0, 1, 2 ]
    }, {
      "vertices" : [ 0, 2, 1 ]
    } ]
  }, {
    "id" : "47b9c264-ccfa-442b-8a34-20a107a68e5a",
    "vertices" : [ {
      "x" : -4.236068,
      "y" : -1.618034,
      "z" : 16.326239
    }, {
      "x" : -8.472136,
      "y" : 5.236068,
      "z" : 13.708204
    }, {
      "x" : -15.836881,
      "y" : -3.972136,
      "z" : 1.517221
    }, {
      "x" : -11.600813,
      "y" : -10.826238,
      "z" : 4.135255
    } ],
    "faces" : [ {
      "vertices" : [ 0, 1, 2 ]
    }, {
      "vertices" : [ 0, 2, 3 ]
    }, {
      "vertices" : [ 0, 3, 2 ]
    }, {
      "vertices" : [ 0, 2, 1 ]
    } ]
  }, {
    "id" : "35a064bc-18f4-48c4-bb8b-5efb2266be76",
    "vertices" : [ {
      "x" : 15.836881,
      "y" : 3.972136,
      "z" : -1.517221
    }, {
      "x" : 8.472136,
      "y" : 5.236068,
      "z" : 13.708204
    }, {
      "x" : 15.836881,
      "y" : -3.972136,
      "z" : 1.517221
    } ],
    "faces" : [ {
      "vertices" : [ 0, 1, 2 ]
    }, {
      "vertices" : [ 0, 2, 1 ]
    } ]
  }, {
    "id" : "fc834f50-ed5b-4cd3-858f-3e4c94a714ab",
    "vertices" : [ {
      "x" : 15.836881,
      "y" : 3.972136,
      "z" : -1.517221
    }, {
      "x" : 15.836881,
      "y" : -3.972136,
      "z" : 1.517221
    }, {
      "x" : 7.364745,
      "y" : -9.208204,
      "z" : -12.190983
    }, {
      "x" : 7.364745,
      "y" : -1.263932,
      "z" : -15.225425
    } ],
    "faces" : [ {
      "vertices" : [ 0, 1, 2 ]
    }, {
      "vertices" : [ 0, 2, 3 ]
    }, {
      "vertices" : [ 0, 3, 2 ]
    }, {
      "vertices" : [ 0, 2, 1 ]
    } ]
  }, {
    "id" : "d3d0bf84-2060-4f42-bd29-b393f600940f",
    "vertices" : [ {
      "x" : 7.364745,
      "y" : -1.263932,
      "z" : -15.225425
    }, {
      "x" : 7.364745,
      "y" : -9.208204,
      "z" : -12.190983
    }, {
      "x" : 0.0,
      "y" : -13.18034,
      "z" : -10.673762
    }, {
      "x" : -7.364745,
      "y" : -9.208204,
      "z" : -12.190983
    }, {
      "x" : -7.364745,
      "y" : -1.263932,
      "z" : -15.225425
    }, {
      "x" : 0.0,
      "y" : 2.708204,
      "z" : -16.742645
    } ],
    "faces" : [ {
      "vertices" : [ 0, 1, 2 ]
    }, {
      "vertices" : [ 0, 2, 3 ]
    }, {
      "vertices" : [ 0, 3, 4 ]
    }, {
      "vertices" : [ 0, 4, 5 ]
    }, {
      "vertices" : [ 0, 5, 4 ]
    }, {
      "vertices" : [ 0, 4, 3 ]
    }, {
      "vertices" : [ 0, 3, 2 ]
    }, {
      "vertices" : [ 0, 2, 1 ]
    } ]
  }, {
    "id" : "860a9ef3-2b8a-4610-9f7c-98ee63184fb5",
    "vertices" : [ {
      "x" : -4.236068,
      "y" : -1.618034,
      "z" : 16.326239
    }, {
      "x" : 4.236068,
      "y" : -1.618034,
      "z" : 16.326239
    }, {
      "x" : 8.472136,
      "y" : 5.236068,
      "z" : 13.708204
    }, {
      "x" : 4.236068,
      "y" : 12.09017,
      "z" : 11.09017
    }, {
      "x" : -4.236068,
      "y" : 12.09017,
      "z" : 11.09017
    }, {
      "x" : -8.472136,
      "y" : 5.236068,
      "z" : 13.708204
    } ],
    "faces" : [ {
      "vertices" : [ 0, 1, 2 ]
    }, {
      "vertices" : [ 0, 2, 3 ]
    }, {
      "vertices" : [ 0, 3, 4 ]
    }, {
      "vertices" : [ 0, 4, 5 ]
    }, {
      "vertices" : [ 0, 5, 4 ]
    }, {
      "vertices" : [ 0, 4, 3 ]
    }, {
      "vertices" : [ 0, 3, 2 ]
    }, {
      "vertices" : [ 0, 2, 1 ]
    } ]
  } ],
  "instances" : [ {
    "shape" : "095c8a88-5b77-4036-9f2d-aa51c0f9e955",
    "color" : "#007695",
    "position" : {
      "x" : 0.0,
      "y" : 0.0,
      "z" : 0.0
    },
    "orientation" : 54
  }, {
    "shape" : "0e0e864f-8307-4dd6-9583-a302882a099b",
    "color" : "#FFFFFF",
    "position" : {
      "x" : -4.236068,
      "y" : -1.618034,
      "z" : 16.326239
    },
    "orientation" : 54
  }, {
    "shape" : "e7bd9c26-2aac-48dd-88f3-f9c8fef2c14f",
    "color" : "#6C00C6",
    "position" : {
      "x" : 0.0,
      "y" : 2.708204,
      "z" : -16.742645
    },
    "orientation" : 18
  }, {
    "shape" : "4d94ecf8-856e-44c7-bdde-477656e8510d",
    "color" : "#FFFFFF",
    "position" : {
      "x" : 4.236068,
      "y" : -14.798374,
      "z" : 5.652476
    }
  }, {
    "shape" : "603e673a-386c-4709-a309-f35e2cf8afba",
    "color" : "#FFFFFF",
    "position" : {
      "x" : 0.0,
      "y" : 0.0,
      "z" : 0.0
    }
  }, {
    "shape" : "4d94ecf8-856e-44c7-bdde-477656e8510d",
    "color" : "#FFFFFF",
    "position" : {
      "x" : -15.836881,
      "y" : 3.972136,
      "z" : -1.517221
    }
  }, {
    "shape" : "1f5d703c-03a1-41f8-9c54-fb4ed4a568a0",
    "color" : "#1E1E1E",
    "position" : {
      "x" : -7.364745,
      "y" : -1.263932,
      "z" : -15.225425
    },
    "orientation" : 35
  }, {
    "shape" : "2d52217d-e078-4339-b35d-8ef23c0985dc",
    "color" : "#FFFFFF",
    "position" : {
      "x" : 0.0,
      "y" : 0.0,
      "z" : 0.0
    }
  }, {
    "shape" : "4d94ecf8-856e-44c7-bdde-477656e8510d",
    "color" : "#FFFFFF",
    "position" : {
      "x" : -4.236068,
      "y" : 12.09017,
      "z" : 11.09017
    }
  }, {
    "shape" : "4d94ecf8-856e-44c7-bdde-477656e8510d",
    "color" : "#FFFFFF",
    "position" : {
      "x" : 0.0,
      "y" : 0.0,
      "z" : 0.0
    }
  }, {
    "shape" : "1f5d703c-03a1-41f8-9c54-fb4ed4a568a0",
    "color" : "#1E1E1E",
    "position" : {
      "x" : -4.236068,
      "y" : -14.798374,
      "z" : 5.652476
    },
    "orientation" : 17
  }, {
    "shape" : "86875acf-ef9c-4e87-9d15-aef4a330da93",
    "color" : "#F0A000",
    "position" : {
      "x" : 0.0,
      "y" : 0.0,
      "z" : 0.0
    },
    "orientation" : 7
  }, {
    "shape" : "4d94ecf8-856e-44c7-bdde-477656e8510d",
    "color" : "#FFFFFF",
    "position" : {
      "x" : 11.600813,
      "y" : 10.826238,
      "z" : -4.135255
    }
  }, {
    "shape" : "0c36d26a-4a2e-4993-ad86-5004f6a7f18c",
    "color" : "#FFFFFF",
    "position" : {
      "x" : 0.0,
      "y" : 0.0,
      "z" : 0.0
    }
  }, {
    "shape" : "4d94ecf8-856e-44c7-bdde-477656e8510d",
    "color" : "#FFFFFF",
    "position" : {
      "x" : 15.836881,
      "y" : 3.972136,
      "z" : -1.517221
    }
  }, {
    "shape" : "4d94ecf8-856e-44c7-bdde-477656e8510d",
    "color" : "#FFFFFF",
    "position" : {
      "x" : 15.836881,
      "y" : -3.972136,
      "z" : 1.517221
    }
  }, {
    "shape" : "4d94ecf8-856e-44c7-bdde-477656e8510d",
    "color" : "#FFFFFF",
    "position" : {
      "x" : 0.0,
      "y" : 2.708204,
      "z" : -16.742645
    }
  }, {
    "shape" : "e7bd9c26-2aac-48dd-88f3-f9c8fef2c14f",
    "color" : "#6C00C6",
    "position" : {
      "x" : 11.600813,
      "y" : 10.826238,
      "z" : -4.135255
    },
    "orientation" : 57
  }, {
    "shape" : "984f5dfc-a177-4886-b992-0441f268855b",
    "color" : "#FFFFFF",
    "position" : {
      "x" : 0.0,
      "y" : 0.0,
      "z" : 0.0
    }
  }, {
    "shape" : "e7bd9c26-2aac-48dd-88f3-f9c8fef2c14f",
    "color" : "#6C00C6",
    "position" : {
      "x" : -11.600813,
      "y" : 10.826238,
      "z" : -4.135255
    },
    "orientation" : 3
  }, {
    "shape" : "0e0e864f-8307-4dd6-9583-a302882a099b",
    "color" : "#FFFFFF",
    "position" : {
      "x" : -4.236068,
      "y" : 12.09017,
      "z" : 11.09017
    },
    "orientation" : 0
  }, {
    "shape" : "095c8a88-5b77-4036-9f2d-aa51c0f9e955",
    "color" : "#007695",
    "position" : {
      "x" : 0.0,
      "y" : 0.0,
      "z" : 0.0
    },
    "orientation" : 6
  }, {
    "shape" : "1f5d703c-03a1-41f8-9c54-fb4ed4a568a0",
    "color" : "#1E1E1E",
    "position" : {
      "x" : -7.364745,
      "y" : -9.208204,
      "z" : -12.190983
    },
    "orientation" : 35
  }, {
    "shape" : "b36370bc-5d4c-43b5-982a-7ce04f9bed34",
    "color" : "#FFFFFF",
    "position" : {
      "x" : 0.0,
      "y" : 0.0,
      "z" : 0.0
    }
  }, {
    "shape" : "095c8a88-5b77-4036-9f2d-aa51c0f9e955",
    "color" : "#007695",
    "position" : {
      "x" : 4.236068,
      "y" : 12.09017,
      "z" : 11.09017
    },
    "orientation" : 21
  }, {
    "shape" : "4d94ecf8-856e-44c7-bdde-477656e8510d",
    "color" : "#FFFFFF",
    "position" : {
      "x" : -11.600813,
      "y" : 10.826238,
      "z" : -4.135255
    }
  }, {
    "shape" : "095c8a88-5b77-4036-9f2d-aa51c0f9e955",
    "color" : "#007695",
    "position" : {
      "x" : -15.836881,
      "y" : 3.972136,
      "z" : -1.517221
    },
    "orientation" : 6
  }, {
    "shape" : "05b524d1-de49-40ef-9e71-1798402f3265",
    "color" : "#FFFFFF",
    "position" : {
      "x" : -11.600813,
      "y" : 10.826238,
      "z" : -4.135255
    },
    "orientation" : 58
  }, {
    "shape" : "05b524d1-de49-40ef-9e71-1798402f3265",
    "color" : "#FFFFFF",
    "position" : {
      "x" : 11.600813,
      "y" : 10.826238,
      "z" : -4.135255
    },
    "orientation" : 15
  }, {
    "shape" : "05b524d1-de49-40ef-9e71-1798402f3265",
    "color" : "#FFFFFF",
    "position" : {
      "x" : -8.472136,
      "y" : 5.236068,
      "z" : 13.708204
    },
    "orientation" : 0
  }, {
    "shape" : "43c29d4e-1bbf-497d-b7bb-c31d2107f6cf",
    "color" : "#FFFFFF",
    "position" : {
      "x" : 0.0,
      "y" : 0.0,
      "z" : 0.0
    }
  }, {
    "shape" : "05b524d1-de49-40ef-9e71-1798402f3265",
    "color" : "#FFFFFF",
    "position" : {
      "x" : -4.236068,
      "y" : -1.618034,
      "z" : 16.326239
    },
    "orientation" : 54
  }, {
    "shape" : "1f5d703c-03a1-41f8-9c54-fb4ed4a568a0",
    "color" : "#1E1E1E",
    "position" : {
      "x" : 15.836881,
      "y" : 3.972136,
      "z" : -1.517221
    },
    "orientation" : 50
  }, {
    "shape" : "095c8a88-5b77-4036-9f2d-aa51c0f9e955",
    "color" : "#007695",
    "position" : {
      "x" : -8.472136,
      "y" : 5.236068,
      "z" : 13.708204
    },
    "orientation" : 6
  }, {
    "shape" : "1f5d703c-03a1-41f8-9c54-fb4ed4a568a0",
    "color" : "#1E1E1E",
    "position" : {
      "x" : -11.600813,
      "y" : -10.826238,
      "z" : 4.135255
    },
    "orientation" : 17
  }, {
    "shape" : "306499f5-3a8f-4545-a8e1-526d798082c5",
    "color" : "#FFFFFF",
    "position" : {
      "x" : 0.0,
      "y" : 0.0,
      "z" : 0.0
    }
  }, {
    "shape" : "a52dc13e-1fe9-466f-a9de-5b495a39d663",
    "color" : "#FFFFFF",
    "position" : {
      "x" : 0.0,
      "y" : 0.0,
      "z" : 0.0
    }
  }, {
    "shape" : "560de6d8-805e-49f0-878a-a781fd2bf8ac",
    "color" : "#FFFFFF",
    "position" : {
      "x" : 0.0,
      "y" : 0.0,
      "z" : 0.0
    }
  }, {
    "shape" : "095c8a88-5b77-4036-9f2d-aa51c0f9e955",
    "color" : "#007695",
    "position" : {
      "x" : -15.836881,
      "y" : -3.972136,
      "z" : 1.517221
    },
    "orientation" : 21
  }, {
