{
  "field" : "golden",
  "symmetry" : "icosahedral",
  "orientations" : [ [ 1.0, 0.0, 0.0, 0.0, 0.0, 1.0, 0.0, 0.0, 0.0, 0.0, 1.0, 0.0, 0.0, 0.0, 0.0, 1.0 ], [ 0.0, 0.0, 1.0, 0.0, 1.0, 0.0, 0.0, 0.0, 0.0, 1.0, 0.0, 0.0, 0.0, 0.0, 0.0, 1.0 ], [ 0.0, 1.0, 0.0, 0.0, 0.0, 0.0, 1.0, 0.0, 1.0, 0.0, 0.0, 0.0, 0.0, 0.0, 0.0, 1.0 ], [ 0.809017, 0.309017, 0.5, 0.0, 0.309017, 0.5, -0.809017, 0.0, -0.5, 0.809017, 0.309017, 0.0, 0.0, 0.0, 0.0, 1.0 ], [ -0.5, 0.809017, 0.309017, 0.0, 0.809017, 0.309017, 0.5, 0.0, 0.309017, 0.5, -0.809017, 0.0, 0.0, 0.0, 0.0, 1.0 ], [ 0.309017, 0.5, -0.809017, 0.0, -0.5, 0.809017, 0.309017, 0.0, 0.809017, 0.309017, 0.5, 0.0, 0.0, 0.0, 0.0, 1.0 ], [ 0.5, 0.809017, 0.309017, 0.0, 0.809017, -0.309017, -0.5, 0.0, -0.309017, 0.5, -0.809017, 0.0, 0.0, 0.0, 0.0, 1.0 ], [ -0.309017, 0.5, -0.809017, 0.0, 0.5, 0.809017, 0.309017, 0.0, 0.809017, -0.309017, -0.5, 0.0, 0.0, 0.0, 0.0, 1.0 ], [ 0.809017, -0.309017, -0.5, 0.0, -0.309017, 0.5, -0.809017, 0.0, 0.5, 0.809017, 0.309017, 0.0, 0.0, 0.0, 0.0, 1.0 ], [ 0.5, 0.809017, -0.309017, 0.0, 0.809017, -0.309017, 0.5, 0.0, 0.309017, -0.5, -0.809017, 0.0, 0.0, 0.0, 0.0, 1.0 ], [ 0.309017, -0.5, -0.809017, 0.0, 0.5, 0.809017, -0.309017, 0.0, 0.809017, -0.309017, 0.5, 0.0, 0.0, 0.0, 0.0, 1.0 ], [ 0.809017, -0.309017, 0.5, 0.0, 0.309017, -0.5, -0.809017, 0.0, 0.5, 0.809017, -0.309017, 0.0, 0.0, 0.0, 0.0, 1.0 ], [ 0.809017, 0.309017, -0.5, 0.0, 0.309017, 0.5, 0.809017, 0.0, 0.5, -0.809017, 0.309017, 0.0, 0.0, 0.0, 0.0, 1.0 ], [ 0.5, -0.809017, 0.309017, 0.0, 0.809017, 0.309017, -0.5, 0.0, 0.309017, 0.5, 0.809017, 0.0, 0.0, 0.0, 0.0, 1.0 ], [ 0.309017, 0.5, 0.809017, 0.0, 0.5, -0.809017, 0.309017, 0.0, 0.809017, 0.309017, -0.5, 0.0, 0.0, 0.0, 0.0, 1.0 ], [ 1.0, 0.0, 0.0, 0.0, 0.0, -1.0, 0.0, 0.0, 0.0, 0.0, -1.0, 0.0, 0.0, 0.0, 0.0, 1.0 ], [ 0.0, 0.0, 1.0, 0.0, -1.0, 0.0, 0.0, 0.0, 0.0, -1.0, 0.0, 0.0, 0.0, 0.0, 0.0, 1.0 ], [ 0.0, 1.0, 0.0, 0.0, 0.0, 0.0, -1.0, 0.0, -1.0, 0.0, 0.0, 0.0, 0.0, 0.0, 0.0, 1.0 ], [ 0.809017, 0.309017, 0.5, 0.0, -0.309017, -0.5, 0.809017, 0.0, 0.5, -0.809017, -0.309017, 0.0, 0.0, 0.0, 0.0, 1.0 ], [ -0.5, 0.809017, 0.309017, 0.0, -0.809017, -0.309017, -0.5, 0.0, -0.309017, -0.5, 0.809017, 0.0, 0.0, 0.0, 0.0, 1.0 ], [ 0.309017, 0.5, -0.809017, 0.0, 0.5, -0.809017, -0.309017, 0.0, -0.809017, -0.309017, -0.5, 0.0, 0.0, 0.0, 0.0, 1.0 ], [ 0.5, 0.809017, 0.309017, 0.0, -0.809017, 0.309017, 0.5, 0.0, 0.309017, -0.5, 0.809017, 0.0, 0.0, 0.0, 0.0, 1.0 ], [ -0.309017, 0.5, -0.809017, 0.0, -0.5, -0.809017, -0.309017, 0.0, -0.809017, 0.309017, 0.5, 0.0, 0.0, 0.0, 0.0, 1.0 ], [ 0.809017, -0.309017, -0.5, 0.0, 0.309017, -0.5, 0.809017, 0.0, -0.5, -0.809017, -0.309017, 0.0, 0.0, 0.0, 0.0, 1.0 ], [ 0.5, 0.809017, -0.309017, 0.0, -0.809017, 0.309017, -0.5, 0.0, -0.309017, 0.5, 0.809017, 0.0, 0.0, 0.0, 0.0, 1.0 ], [ 0.309017, -0.5, -0.809017, 0.0, -0.5, -0.809017, 0.309017, 0.0, -0.809017, 0.309017, -0.5, 0.0, 0.0, 0.0, 0.0, 1.0 ], [ 0.809017, -0.309017, 0.5, 0.0, -0.309017, 0.5, 0.809017, 0.0, -0.5, -0.809017, 0.309017, 0.0, 0.0, 0.0, 0.0, 1.0 ], [ 0.809017, 0.309017, -0.5, 0.0, -0.309017, -0.5, -0.809017, 0.0, -0.5, 0.809017, -0.309017, 0.0, 0.0, 0.0, 0.0, 1.0 ], [ 0.5, -0.809017, 0.309017, 0.0, -0.809017, -0.309017, 0.5, 0.0, -0.309017, -0.5, -0.809017, 0.0, 0.0, 0.0, 0.0, 1.0 ], [ 0.309017, 0.5, 0.809017, 0.0, -0.5, 0.809017, -0.309017, 0.0, -0.809017, -0.309017, 0.5, 0.0, 0.0, 0.0, 0.0, 1.0 ], [ -1.0, 0.0, 0.0, 0.0, 0.0, -1.0, 0.0, 0.0, 0.0, 0.0, 1.0, 0.0, 0.0, 0.0, 0.0, 1.0 ], [ 0.0, 0.0, -1.0, 0.0, -1.0, 0.0, 0.0, 0.0, 0.0, 1.0, 0.0, 0.0, 0.0, 0.0, 0.0, 1.0 ], [ 0.0, -1.0, 0.0, 0.0, 0.0, 0.0, -1.0, 0.0, 1.0, 0.0, 0.0, 0.0, 0.0, 0.0, 0.0, 1.0 ], [ -0.809017, -0.309017, -0.5, 0.0, -0.309017, -0.5, 0.809017, 0.0, -0.5, 0.809017, 0.309017, 0.0, 0.0, 0.0, 0.0, 1.0 ], [ 0.5, -0.809017, -0.309017, 0.0, -0.809017, -0.309017, -0.5, 0.0, 0.309017, 0.5, -0.809017, 0.0, 0.0, 0.0, 0.0, 1.0 ], [ -0.309017, -0.5, 0.809017, 0.0, 0.5, -0.809017, -0.309017, 0.0, 0.809017, 0.309017, 0.5, 0.0, 0.0, 0.0, 0.0, 1.0 ], [ -0.5, -0.809017, -0.309017, 0.0, -0.809017, 0.309017, 0.5, 0.0, -0.309017, 0.5, -0.809017, 0.0, 0.0, 0.0, 0.0, 1.0 ], [ 0.309017, -0.5, 0.809017, 0.0, -0.5, -0.809017, -0.309017, 0.0, 0.809017, -0.309017, -0.5, 0.0, 0.0, 0.0, 0.0, 1.0 ], [ -0.809017, 0.309017, 0.5, 0.0, 0.309017, -0.5, 0.809017, 0.0, 0.5, 0.809017, 0.309017, 0.0, 0.0, 0.0, 0.0, 1.0 ], [ -0.5, -0.809017, 0.309017, 0.0, -0.809017, 0.309017, -0.5, 0.0, 0.309017, -0.5, -0.809017, 0.0, 0.0, 0.0, 0.0, 1.0 ], [ -0.309017, 0.5, 0.809017, 0.0, -0.5, -0.809017, 0.309017, 0.0, 0.809017, -0.309017, 0.5, 0.0, 0.0, 0.0, 0.0, 1.0 ], [ -0.809017, 0.309017, -0.5, 0.0, -0.309017, 0.5, 0.809017, 0.0, 0.5, 0.809017, -0.309017, 0.0, 0.0, 0.0, 0.0, 1.0 ], [ -0.809017, -0.309017, 0.5, 0.0, -0.309017, -0.5, -0.809017, 0.0, 0.5, -0.809017, 0.309017, 0.0, 0.0, 0.0, 0.0, 1.0 ], [ -0.5, 0.809017, -0.309017, 0.0, -0.809017, -0.309017, 0.5, 0.0, 0.309017, 0.5, 0.809017, 0.0, 0.0, 0.0, 0.0, 1.0 ], [ -0.309017, -0.5, -0.809017, 0.0, -0.5, 0.809017, -0.309017, 0.0, 0.809017, 0.309017, -0.5, 0.0, 0.0, 0.0, 0.0, 1.0 ], [ -1.0, 0.0, 0.0, 0.0, 0.0, 1.0, 0.0, 0.0, 0.0, 0.0, -1.0, 0.0, 0.0, 0.0, 0.0, 1.0 ], [ 0.0, 0.0, -1.0, 0.0, 1.0, 0.0, 0.0, 0.0, 0.0, -1.0, 0.0, 0.0, 0.0, 0.0, 0.0, 1.0 ], [ 0.0, -1.0, 0.0, 0.0, 0.0, 0.0, 1.0, 0.0, -1.0, 0.0, 0.0, 0.0, 0.0, 0.0, 0.0, 1.0 ], [ -0.809017, -0.309017, -0.5, 0.0, 0.309017, 0.5, -0.809017, 0.0, 0.5, -0.809017, -0.309017, 0.0, 0.0, 0.0, 0.0, 1.0 ], [ 0.5, -0.809017, -0.309017, 0.0, 0.809017, 0.309017, 0.5, 0.0, -0.309017, -0.5, 0.809017, 0.0, 0.0, 0.0, 0.0, 1.0 ], [ -0.309017, -0.5, 0.809017, 0.0, -0.5, 0.809017, 0.309017, 0.0, -0.809017, -0.309017, -0.5, 0.0, 0.0, 0.0, 0.0, 1.0 ], [ -0.5, -0.809017, -0.309017, 0.0, 0.809017, -0.309017, -0.5, 0.0, 0.309017, -0.5, 0.809017, 0.0, 0.0, 0.0, 0.0, 1.0 ], [ 0.309017, -0.5, 0.809017, 0.0, 0.5, 0.809017, 0.309017, 0.0, -0.809017, 0.309017, 0.5, 0.0, 0.0, 0.0, 0.0, 1.0 ], [ -0.809017, 0.309017, 0.5, 0.0, -0.309017, 0.5, -0.809017, 0.0, -0.5, -0.809017, -0.309017, 0.0, 0.0, 0.0, 0.0, 1.0 ], [ -0.5, -0.809017, 0.309017, 0.0, 0.809017, -0.309017, 0.5, 0.0, -0.309017, 0.5, 0.809017, 0.0, 0.0, 0.0, 0.0, 1.0 ], [ -0.309017, 0.5, 0.809017, 0.0, 0.5, 0.809017, -0.309017, 0.0, -0.809017, 0.309017, -0.5, 0.0, 0.0, 0.0, 0.0, 1.0 ], [ -0.809017, 0.309017, -0.5, 0.0, 0.309017, -0.5, -0.809017, 0.0, -0.5, -0.809017, 0.309017, 0.0, 0.0, 0.0, 0.0, 1.0 ], [ -0.809017, -0.309017, 0.5, 0.0, 0.309017, 0.5, 0.809017, 0.0, -0.5, 0.809017, -0.309017, 0.0, 0.0, 0.0, 0.0, 1.0 ], [ -0.5, 0.809017, -0.309017, 0.0, 0.809017, 0.309017, -0.5, 0.0, -0.309017, -0.5, -0.809017, 0.0, 0.0, 0.0, 0.0, 1.0 ], [ -0.309017, -0.5, -0.809017, 0.0, 0.5, -0.809017, 0.309017, 0.0, -0.809017, -0.309017, 0.5, 0.0, 0.0, 0.0, 0.0, 1.0 ] ],
  "lights" : {
    "backgroundColor" : "#C1E0FF",
    "ambientColor" : "#292929",
    "directionalLights" : [ {
      "direction" : {
        "x" : 1.0,
        "y" : -1.0,
        "z" : -1.0
      },
      "color" : "#EBEBE4"
    }, {
      "direction" : {
        "x" : -1.0,
        "y" : 0.0,
        "z" : 0.0
      },
      "color" : "#E4E4EB"
    }, {
      "direction" : {
        "x" : 0.0,
        "y" : 0.0,
        "z" : -1.0
      },
      "color" : "#1E1E1E"
    } ]
  },
  "camera" : {
    "width" : 149.96065,
    "stereo" : false,
    "lookDirection" : {
      "x" : 0.30604336,
      "y" : 0.26991957,
      "z" : -0.9129591
    },
    "upDirection" : {
      "x" : 0.64918643,
      "y" : 0.64218616,
      "z" : 0.4075048
    },
    "lookAtPoint" : {
      "x" : 0.0,
      "y" : 0.0,
      "z" : 0.0
    },
    "viewDistance" : 333.24545,
    "nearClipDistance" : 0.8331129,
    "farClipDistance" : 666.4897,
    "fieldOfView" : 0.44262943,
    "perspective" : false,
    "position" : {
      "x" : -101.98756,
      "y" : -89.94947,
      "z" : 304.23947
    }
  },
  "embedding" : [ 1.0, 0.0, 0.0, 0.0, 0.0, 1.0, 0.0, 0.0, 0.0, 0.0, 1.0, 0.0, 0.0, 0.0, 0.0, 1.0 ],
  "shapes" : [ {
    "id" : "014621d0-a101-4a56-b6d9-864607a60093",
    "vertices" : [ {
      "x" : 10.822848,
      "y" : 2.5640454,
      "z" : 2.3973787
    }, {
      "x" : 10.722848,
      "y" : 2.4640453,
      "z" : 2.7973785
    }, {
      "x" : 0.47333333,
      "y" : 0.26,
      "z" : 0.42666668
    }, {
      "x" : 0.5733333,
      "y" : 0.36,
      "z" : 0.026666667
    }, {
      "x" : 10.489514,
      "y" : 2.7640452,
      "z" : 2.930712
    }, {
      "x" : 10.589515,
      "y" : 2.8640454,
      "z" : 2.530712
    }, {
      "x" : 0.8066667,
      "y" : 0.06,
      "z" : -0.10666667
    }, {
      "x" : 0.70666665,
      "y" : -0.04,
      "z" : 0.29333332
    } ],
    "faces" : [ {
      "vertices" : [ 2, 3, 6 ]
    }, {
      "vertices" : [ 2, 6, 7 ]
    }, {
      "vertices" : [ 0, 5, 4 ]
    }, {
      "vertices" : [ 0, 4, 1 ]
    }, {
      "vertices" : [ 2, 4, 5 ]
    }, {
      "vertices" : [ 2, 5, 3 ]
    }, {
      "vertices" : [ 0, 6, 3 ]
    }, {
      "vertices" : [ 0, 3, 5 ]
    }, {
      "vertices" : [ 0, 1, 7 ]
    }, {
      "vertices" : [ 0, 7, 6 ]
    }, {
      "vertices" : [ 1, 4, 2 ]
    }, {
      "vertices" : [ 1, 2, 7 ]
    } ]
  }, {
    "id" : "4aa039c3-1d2f-4576-8281-cea097253b7a",
    "vertices" : [ {
      "x" : 0.0,
      "y" : -8.472136,
      "z" : -8.472136
    }, {
      "x" : 2.8240454,
      "y" : -5.648091,
      "z" : -14.120227
    }, {
      "x" : -8.472136,
      "y" : -8.472136,
      "z" : -16.944271
    } ],
    "faces" : [ {
      "vertices" : [ 0, 1, 2 ]
    }, {
      "vertices" : [ 0, 2, 1 ]
    } ]
  }, {
    "id" : "900d7707-77fa-4053-a8b9-14e9ecc5ea2c",
    "vertices" : [ {
      "x" : -8.472136,
      "y" : 8.472136,
      "z" : 0.0
    }, {
      "x" : -19.768318,
      "y" : 5.648091,
      "z" : -2.8240454
    }, {
      "x" : -16.944271,
      "y" : 8.472136,
      "z" : 8.472136
    } ],
    "faces" : [ {
      "vertices" : [ 0, 1, 2 ]
    }, {
      "vertices" : [ 0, 2, 1 ]
    } ]
  }, {
    "id" : "3d7d5ec9-1133-4fce-9687-c46a7c3ac989",
    "vertices" : [ {
      "x" : 2.4420793,
      "y" : 2.1330624,
      "z" : 5.0751414
    }, {
      "x" : 0.38196602,
      "y" : 0.072949015,
      "z" : 0.95491505
    }, {
      "x" : 0.690983,
      "y" : 0.19098301,
      "z" : 0.76393205
    }, {
      "x" : 2.7510962,
      "y" : 2.2510962,
      "z" : 4.8841586
    }, {
      "x" : 2.4420793,
      "y" : 2.7510962,
      "z" : 4.693176
    }, {
      "x" : 2.8240454,
      "y" : 2.8240454,
      "z" : 5.648091
    }, {
      "x" : 0.38196602,
      "y" : 0.690983,
      "z" : 0.572949
    }, {
      "x" : 2.6781473,
      "y" : 2.6781473,
      "z" : 5.3562946
    }, {
      "x" : 0.14589803,
      "y" : 0.14589803,
      "z" : 0.29179606
    }, {
      "x" : 0.072949015,
      "y" : 0.572949,
      "z" : 0.76393205
    }, {
      "x" : 2.1330624,
      "y" : 2.6330624,
      "z" : 4.8841586
    } ],
    "faces" : [ {
      "vertices" : [ 2, 8, 6 ]
    }, {
      "vertices" : [ 0, 7, 10 ]
    }, {
      "vertices" : [ 1, 9, 8 ]
    }, {
      "vertices" : [ 0, 10, 9 ]
    }, {
      "vertices" : [ 0, 9, 1 ]
    }, {
      "vertices" : [ 4, 10, 7 ]
    }, {
      "vertices" : [ 0, 1, 2 ]
    }, {
      "vertices" : [ 0, 2, 3 ]
    }, {
      "vertices" : [ 6, 8, 9 ]
    }, {
      "vertices" : [ 0, 3, 7 ]
    }, {
      "vertices" : [ 1, 8, 2 ]
    }, {
      "vertices" : [ 4, 6, 9 ]
    }, {
      "vertices" : [ 4, 9, 10 ]
    }, {
      "vertices" : [ 3, 4, 7 ]
    }, {
      "vertices" : [ 2, 6, 4 ]
    }, {
      "vertices" : [ 2, 4, 3 ]
    } ]
  }, {
    "id" : "4bcf9aa4-bb69-41a3-83e9-fe867ca4d5b6",
    "vertices" : [ {
      "x" : 10.781153,
      "y" : 4.118034,
      "z" : -1.572949
    }, {
      "x" : 10.399187,
      "y" : 3.663119,
      "z" : -1.381966
    }, {
      "x" : 10.236068,
      "y" : 3.927051,
      "z" : -1.809017
    }, {
      "x" : 10.163119,
      "y" : 4.190983,
      "z" : -1.618034
    }, {
      "x" : 0.85410196,
      "y" : 0.309017,
      "z" : 0.19098301
    }, {
      "x" : 0.690983,
      "y" : 0.572949,
      "z" : -0.23606798
    }, {
      "x" : 0.309017,
      "y" : 0.11803399,
      "z" : -0.045084972
    }, {
      "x" : 0.76393205,
      "y" : 0.309017,
      "z" : -0.42705098
    }, {
      "x" : 0.927051,
      "y" : 0.045084972,
      "z" : 0.0
    }, {
      "x" : 10.326238,
      "y" : 3.927051,
      "z" : -1.190983
    }, {
      "x" : 11.09017,
      "y" : 4.236068,
      "z" : -1.618034
    } ],
    "faces" : [ {
      "vertices" : [ 2, 7, 5 ]
    }, {
      "vertices" : [ 2, 5, 3 ]
    }, {
      "vertices" : [ 1, 8, 7 ]
    }, {
      "vertices" : [ 1, 7, 2 ]
    }, {
      "vertices" : [ 4, 6, 8 ]
    }, {
      "vertices" : [ 5, 7, 6 ]
    }, {
      "vertices" : [ 0, 1, 2 ]
    }, {
      "vertices" : [ 0, 2, 3 ]
    }, {
      "vertices" : [ 6, 7, 8 ]
    }, {
      "vertices" : [ 3, 5, 4 ]
    }, {
      "vertices" : [ 3, 4, 9 ]
    }, {
      "vertices" : [ 1, 9, 4 ]
    }, {
      "vertices" : [ 1, 4, 8 ]
    }, {
      "vertices" : [ 0, 9, 1 ]
    }, {
      "vertices" : [ 0, 3, 9 ]
    }, {
      "vertices" : [ 4, 5, 6 ]
    } ]
  }, {
    "id" : "95c19486-57a5-4141-97b0-d42065cdd245",
    "vertices" : [ {
      "x" : 0.309017,
      "y" : -0.309017,
      "z" : -0.309017
    }, {
      "x" : 0.5,
      "y" : 0.0,
      "z" : -0.19098301
    }, {
      "x" : 0.5,
      "y" : 0.0,
      "z" : 0.19098301
    }, {
      "x" : 0.309017,
      "y" : -0.309017,
      "z" : 0.309017
    }, {
      "x" : 0.19098301,
      "y" : -0.5,
      "z" : 0.0
    }, {
      "x" : 0.0,
      "y" : 0.19098301,
      "z" : 0.5
    }, {
      "x" : 0.0,
      "y" : -0.19098301,
      "z" : 0.5
    }, {
      "x" : 0.309017,
      "y" : 0.309017,
      "z" : 0.309017
    }, {
      "x" : -0.309017,
      "y" : -0.309017,
      "z" : 0.309017
    }, {
      "x" : -0.309017,
      "y" : 0.309017,
      "z" : 0.309017
    }, {
      "x" : -0.5,
      "y" : 0.0,
      "z" : 0.19098301
    }, {
      "x" : 0.0,
      "y" : -0.19098301,
      "z" : -0.5
    }, {
      "x" : 0.0,
      "y" : 0.19098301,
      "z" : -0.5
    }, {
      "x" : 0.309017,
      "y" : 0.309017,
      "z" : -0.309017
    }, {
      "x" : -0.309017,
      "y" : -0.309017,
      "z" : -0.309017
    }, {
      "x" : -0.19098301,
      "y" : -0.5,
      "z" : 0.0
    }, {
      "x" : -0.5,
      "y" : 0.0,
      "z" : -0.19098301
    }, {
      "x" : 0.19098301,
      "y" : 0.5,
      "z" : 0.0
    }, {
      "x" : -0.309017,
      "y" : 0.309017,
      "z" : -0.309017
    }, {
      "x" : 0.0,
      "y" : 0.0,
      "z" : 0.0
    }, {
      "x" : -0.19098301,
      "y" : 0.5,
      "z" : 0.0
    } ],
    "faces" : [ {
      "vertices" : [ 12, 18, 20 ]
    }, {
      "vertices" : [ 12, 20, 17 ]
    }, {
      "vertices" : [ 12, 17, 13 ]
    }, {
      "vertices" : [ 3, 6, 8 ]
    }, {
      "vertices" : [ 3, 8, 15 ]
    }, {
      "vertices" : [ 3, 15, 4 ]
    }, {
      "vertices" : [ 0, 11, 12 ]
    }, {
      "vertices" : [ 0, 12, 13 ]
    }, {
      "vertices" : [ 0, 13, 1 ]
    }, {
      "vertices" : [ 5, 9, 10 ]
    }, {
      "vertices" : [ 5, 10, 8 ]
    }, {
      "vertices" : [ 5, 8, 6 ]
    }, {
      "vertices" : [ 2, 7, 5 ]
    }, {
      "vertices" : [ 2, 5, 6 ]
    }, {
      "vertices" : [ 2, 6, 3 ]
    }, {
      "vertices" : [ 11, 14, 16 ]
    }, {
      "vertices" : [ 11, 16, 18 ]
    }, {
      "vertices" : [ 11, 18, 12 ]
    }, {
      "vertices" : [ 1, 13, 17 ]
    }, {
      "vertices" : [ 1, 17, 7 ]
    }, {
      "vertices" : [ 1, 7, 2 ]
    }, {
      "vertices" : [ 9, 20, 18 ]
    }, {
      "vertices" : [ 9, 18, 16 ]
    }, {
      "vertices" : [ 9, 16, 10 ]
    }, {
      "vertices" : [ 0, 1, 2 ]
    }, {
      "vertices" : [ 0, 2, 3 ]
    }, {
      "vertices" : [ 0, 3, 4 ]
    }, {
      "vertices" : [ 5, 7, 17 ]
    }, {
      "vertices" : [ 5, 17, 20 ]
    }, {
      "vertices" : [ 5, 20, 9 ]
    }, {
      "vertices" : [ 0, 4, 15 ]
    }, {
      "vertices" : [ 0, 15, 14 ]
    }, {
      "vertices" : [ 0, 14, 11 ]
    }, {
      "vertices" : [ 8, 10, 16 ]
    }, {
      "vertices" : [ 8, 16, 14 ]
    }, {
      "vertices" : [ 8, 14, 15 ]
    } ]
  }, {
    "id" : "8f35b142-20b3-4665-9f73-4486ee76ba7d",
    "vertices" : [ {
      "x" : -4.038827,
      "y" : 3.4999754,
      "z" : 3.833309
    }, {
      "x" : -4.138827,
      "y" : 3.5999756,
      "z" : 3.4333088
    }, {
      "x" : -0.34752417,
      "y" : 0.5858092,
      "z" : 0.25247583
    }, {
      "x" : -0.24752416,
      "y" : 0.48580918,
      "z" : 0.65247583
    }, {
      "x" : -3.9054937,
      "y" : 3.8999755,
      "z" : 3.5666423
    }, {
      "x" : -3.8054938,
      "y" : 3.7999756,
      "z" : 3.9666421
    }, {
      "x" : -0.4808575,
      "y" : 0.18580918,
      "z" : 0.5191425
    }, {
      "x" : -0.5808575,
      "y" : 0.2858092,
      "z" : 0.11914251
    } ],
    "faces" : [ {
      "vertices" : [ 2, 3, 6 ]
    }, {
      "vertices" : [ 2, 6, 7 ]
    }, {
      "vertices" : [ 0, 5, 4 ]
    }, {
      "vertices" : [ 0, 4, 1 ]
    }, {
      "vertices" : [ 2, 4, 5 ]
    }, {
      "vertices" : [ 2, 5, 3 ]
    }, {
      "vertices" : [ 0, 6, 3 ]
    }, {
      "vertices" : [ 0, 3, 5 ]
    }, {
      "vertices" : [ 0, 1, 7 ]
    }, {
      "vertices" : [ 0, 7, 6 ]
    }, {
      "vertices" : [ 1, 4, 2 ]
    }, {
      "vertices" : [ 1, 2, 7 ]
    } ]
  }, {
    "id" : "967fcf84-9bcc-4f6e-98dd-0e4c00100edc",
    "vertices" : [ {
      "x" : 1.2147818,
      "y" : 1.548115,
      "z" : -6.324021
    }, {
      "x" : 1.3147818,
      "y" : 1.148115,
      "z" : -6.424021
    }, {
      "x" : 0.34752417,
      "y" : 0.014190824,
      "z" : -0.5858092
    }, {
      "x" : 0.24752416,
      "y" : 0.41419083,
      "z" : -0.48580918
    }, {
      "x" : 1.6147817,
      "y" : 1.2814484,
      "z" : -6.1906877
    }, {
      "x" : 1.5147817,
      "y" : 1.6814485,
      "z" : -6.0906878
    }, {
      "x" : -0.052475844,
      "y" : 0.2808575,
      "z" : -0.7191425
    }, {
      "x" : 0.047524158,
      "y" : -0.11914251,
      "z" : -0.8191425
    } ],
    "faces" : [ {
      "vertices" : [ 2, 3, 6 ]
    }, {
      "vertices" : [ 2, 6, 7 ]
    }, {
      "vertices" : [ 0, 5, 4 ]
    }, {
      "vertices" : [ 0, 4, 1 ]
    }, {
      "vertices" : [ 2, 4, 5 ]
    }, {
      "vertices" : [ 2, 5, 3 ]
    }, {
      "vertices" : [ 0, 6, 3 ]
    }, {
      "vertices" : [ 0, 3, 5 ]
    }, {
      "vertices" : [ 0, 1, 7 ]
    }, {
      "vertices" : [ 0, 7, 6 ]
    }, {
      "vertices" : [ 1, 4, 2 ]
    }, {
      "vertices" : [ 1, 2, 7 ]
    } ]
  }, {
    "id" : "201af307-0b77-4e2e-916c-652771e43f3a",
    "vertices" : [ {
      "x" : -16.944271,
      "y" : 8.472136,
      "z" : 8.472136
    }, {
      "x" : -19.768318,
      "y" : -2.8240454,
      "z" : 5.648091
    }, {
      "x" : -8.472136,
      "y" : 0.0,
      "z" : 8.472136
    } ],
    "faces" : [ {
      "vertices" : [ 0, 1, 2 ]
    }, {
      "vertices" : [ 0, 2, 1 ]
    } ]
  }, {
    "id" : "b756290a-c41b-4d38-a730-0676492408cf",
    "vertices" : [ {
      "x" : 0.0,
      "y" : -8.472136,
      "z" : -25.416409
    }, {
      "x" : -2.8240454,
      "y" : -19.768318,
      "z" : -28.240454
    }, {
      "x" : 8.472136,
      "y" : -16.944271,
      "z" : -25.416409
    } ],
    "faces" : [ {
      "vertices" : [ 0, 1, 2 ]
    }, {
      "vertices" : [ 0, 2, 1 ]
    } ]
  }, {
    "id" : "3c95c02d-c72d-418a-b626-789d12dd0bf0",
    "vertices" : [ {
      "x" : 16.944271,
      "y" : -42.36068,
      "z" : -8.472136
    }, {
      "x" : 8.472136,
      "y" : -42.36068,
      "z" : -16.944271
    }, {
      "x" : 8.472136,
      "y" : -33.888542,
      "z" : -8.472136
    } ],
    "faces" : [ {
      "vertices" : [ 0, 1, 2 ]
    }, {
      "vertices" : [ 0, 2, 1 ]
    } ]
  }, {
    "id" : "482fe255-ca3d-40bf-b6fb-89dcab0bce52",
    "vertices" : [ {
      "x" : 8.472136,
      "y" : 8.472136,
      "z" : 16.944271
    }, {
      "x" : 19.768318,
      "y" : 11.296182,
      "z" : 19.768318
    }, {
      "x" : 16.944271,
      "y" : 8.472136,
      "z" : 8.472136
    } ],
    "faces" : [ {
      "vertices" : [ 0, 1, 2 ]
    }, {
      "vertices" : [ 0, 2, 1 ]
    } ]
  }, {
    "id" : "4f579b2a-3b8c-49ae-8d41-284a986958ba",
    "vertices" : [ {
      "x" : 8.472136,
      "y" : 16.944271,
      "z" : -8.472136
    }, {
      "x" : 2.8240454,
      "y" : 19.768318,
      "z" : -5.648091
    }, {
      "x" : 0.0,
      "y" : 8.472136,
      "z" : -8.472136
    } ],
    "faces" : [ {
      "vertices" : [ 0, 1, 2 ]
    }, {
      "vertices" : [ 0, 2, 1 ]
    } ]
  }, {
    "id" : "db98b168-b4f1-4227-9860-08a0380893a7",
    "vertices" : [ {
      "x" : 8.472136,
      "y" : 16.944271,
      "z" : -8.472136
    }, {
      "x" : 14.120227,
      "y" : 14.120227,
      "z" : -11.296182
    }, {
      "x" : 16.944271,
      "y" : 25.416409,
      "z" : -8.472136
    } ],
    "faces" : [ {
      "vertices" : [ 0, 1, 2 ]
    }, {
      "vertices" : [ 0, 2, 1 ]
    } ]
  }, {
    "id" : "cf667c69-2d57-4a0b-9529-7dd20d8ae465",
    "vertices" : [ {
      "x" : 8.472136,
      "y" : -33.888542,
      "z" : -8.472136
    }, {
      "x" : 11.296182,
      "y" : -31.064499,
      "z" : 2.8240454
    }, {
      "x" : 8.472136,
      "y" : -42.36068,
      "z" : 0.0
    } ],
    "faces" : [ {
      "vertices" : [ 0, 1, 2 ]
    }, {
      "vertices" : [ 0, 2, 1 ]
    } ]
  }, {
    "id" : "8899b6c0-041a-4c6a-a893-64c184b397be",
    "vertices" : [ {
      "x" : -14.120227,
      "y" : 19.768318,
      "z" : 11.296182
    }, {
      "x" : -16.944271,
      "y" : 25.416409,
      "z" : 8.472136
    }, {
      "x" : -25.416409,
      "y" : 16.944271,
      "z" : 8.472136
    } ],
    "faces" : [ {
      "vertices" : [ 0, 1, 2 ]
    }, {
      "vertices" : [ 0, 2, 1 ]
    } ]
  }, {
    "id" : "f8917bfe-2b88-4dfa-81c3-b5d3d2fb2060",
    "vertices" : [ {
      "x" : -36.71259,
      "y" : -28.240454,
      "z" : 14.120227
    }, {
      "x" : -42.36068,
      "y" : -25.416409,
      "z" : 16.944271
    }, {
      "x" : -33.888542,
      "y" : -25.416409,
      "z" : 25.416409
    } ],
    "faces" : [ {
      "vertices" : [ 0, 1, 2 ]
    }, {
      "vertices" : [ 0, 2, 1 ]
    } ]
  }, {
    "id" : "d6ed4800-5974-41f8-aaff-8080ff8b71da",
    "vertices" : [ {
      "x" : -25.416409,
      "y" : -16.944271,
      "z" : 8.472136
    }, {
      "x" : -16.944271,
      "y" : -8.472136,
      "z" : 8.472136
    }, {
      "x" : -25.416409,
      "y" : -8.472136,
      "z" : 0.0
    } ],
    "faces" : [ {
      "vertices" : [ 0, 1, 2 ]
    }, {
      "vertices" : [ 0, 2, 1 ]
    } ]
  }, {
    "id" : "279456ab-6e3d-455b-b772-0cef9926c3c1",
    "vertices" : [ {
      "x" : 25.416409,
      "y" : -25.416409,
      "z" : 0.0
    }, {
      "x" : 14.120227,
      "y" : -28.240454,
      "z" : -2.8240454
    }, {
      "x" : 16.944271,
      "y" : -25.416409,
      "z" : 8.472136
    } ],
    "faces" : [ {
      "vertices" : [ 0, 1, 2 ]
    }, {
      "vertices" : [ 0, 2, 1 ]
    } ]
  }, {
    "id" : "89a1ee7a-0063-4638-b08b-d4fcde31f51a",
    "vertices" : [ {
      "x" : -33.888542,
      "y" : -8.472136,
      "z" : 8.472136
    }, {
      "x" : -36.71259,
      "y" : -19.768318,
      "z" : 5.648091
    }, {
      "x" : -25.416409,
      "y" : -16.944271,
      "z" : 8.472136
    } ],
    "faces" : [ {
      "vertices" : [ 0, 1, 2 ]
    }, {
      "vertices" : [ 0, 2, 1 ]
    } ]
  }, {
    "id" : "54943faa-ab22-4255-9359-7ac95b680e95",
    "vertices" : [ {
      "x" : -8.472136,
      "y" : -25.416409,
      "z" : 16.944271
    }, {
      "x" : -5.648091,
      "y" : -31.064499,
      "z" : 19.768318
    }, {
      "x" : -8.472136,
      "y" : -33.888542,
      "z" : 8.472136
    } ],
    "faces" : [ {
      "vertices" : [ 0, 1, 2 ]
    }, {
      "vertices" : [ 0, 2, 1 ]
    } ]
  }, {
    "id" : "d63130ee-4cb8-4ec5-ba8e-dc21ae6c1812",
    "vertices" : [ {
      "x" : -8.472136,
      "y" : 16.944271,
      "z" : -8.472136
    }, {
      "x" : -11.296182,
      "y" : 14.120227,
      "z" : -19.768318
    }, {
      "x" : -8.472136,
      "y" : 25.416409,
      "z" : -16.944271
    } ],
    "faces" : [ {
      "vertices" : [ 0, 1, 2 ]
    }, {
      "vertices" : [ 0, 2, 1 ]
    } ]
  }, {
    "id" : "1130153d-40f2-4830-8964-a14789b0541b",
    "vertices" : [ {
      "x" : -8.472136,
      "y" : -25.416409,
      "z" : 0.0
    }, {
      "x" : 2.8240454,
      "y" : -22.592363,
      "z" : 2.8240454
    }, {
      "x" : 0.0,
      "y" : -25.416409,
      "z" : -8.472136
    } ],
    "faces" : [ {
      "vertices" : [ 0, 1, 2 ]
    }, {
      "vertices" : [ 0, 2, 1 ]
    } ]
  }, {
    "id" : "aff3bd3d-3c43-4dc7-8cf7-d405bd130a69",
    "vertices" : [ {
      "x" : -8.472136,
      "y" : 16.944271,
      "z" : 8.472136
    }, {
      "x" : -14.120227,
      "y" : 19.768318,
      "z" : 11.296182
    }, {
      "x" : -16.944271,
      "y" : 8.472136,
      "z" : 8.472136
    } ],
    "faces" : [ {
      "vertices" : [ 0, 1, 2 ]
    }, {
      "vertices" : [ 0, 2, 1 ]
    } ]
  }, {
    "id" : "776efc6f-e42a-4355-9ddc-ae85090efa5d",
    "vertices" : [ {
      "x" : -25.416409,
      "y" : 25.416409,
      "z" : -33.888542
    }, {
      "x" : -14.120227,
      "y" : 28.240454,
      "z" : -31.064499
    }, {
      "x" : -16.944271,
      "y" : 25.416409,
      "z" : -42.36068
    } ],
    "faces" : [ {
      "vertices" : [ 0, 1, 2 ]
    }, {
      "vertices" : [ 0, 2, 1 ]
    } ]
  }, {
    "id" : "43df8bc7-d8e4-4cba-8b25-7d8e967feab2",
    "vertices" : [ {
      "x" : 16.944271,
      "y" : -8.472136,
      "z" : 8.472136
    }, {
      "x" : 14.120227,
      "y" : -11.296182,
      "z" : 14.120227
    }, {
      "x" : 25.416409,
      "y" : -8.472136,
      "z" : 16.944271
    } ],
    "faces" : [ {
      "vertices" : [ 0, 1, 2 ]
    }, {
      "vertices" : [ 0, 2, 1 ]
    } ]
  }, {
    "id" : "8cf1ab78-e1c3-43f7-8cdd-add64e9dabaf",
    "vertices" : [ {
      "x" : 8.472136,
      "y" : -16.944271,
      "z" : 25.416409
    }, {
      "x" : 2.8240454,
      "y" : -14.120227,
      "z" : 28.240454
    }, {
      "x" : 0.0,
      "y" : -25.416409,
      "z" : 25.416409
    } ],
    "faces" : [ {
      "vertices" : [ 0, 1, 2 ]
    }, {
      "vertices" : [ 0, 2, 1 ]
    } ]
  }, {
    "id" : "9df22781-a94a-4dd1-b494-99b017d6a5b3",
    "vertices" : [ {
      "x" : 0.0,
      "y" : 8.472136,
      "z" : 25.416409
    }, {
      "x" : -8.472136,
      "y" : 8.472136,
      "z" : 16.944271
    }, {
      "x" : -8.472136,
      "y" : 16.944271,
      "z" : 25.416409
    } ],
    "faces" : [ {
      "vertices" : [ 0, 1, 2 ]
    }, {
      "vertices" : [ 0, 2, 1 ]
    } ]
  }, {
    "id" : "c00b28da-5aae-4e40-ad2b-2bbbb5c0c589",
    "vertices" : [ {
      "x" : 14.120227,
      "y" : 14.120227,
      "z" : -11.296182
    }, {
      "x" : 16.944271,
      "y" : 8.472136,
      "z" : -8.472136
    }, {
      "x" : 25.416409,
      "y" : 16.944271,
      "z" : -8.472136
    } ],
    "faces" : [ {
      "vertices" : [ 0, 1, 2 ]
    }, {
      "vertices" : [ 0, 2, 1 ]
    } ]
  }, {
    "id" : "ec724917-2cfb-433d-a6db-fe75ec4d91d7",
    "vertices" : [ {
      "x" : -5.648091,
      "y" : -31.064499,
      "z" : 19.768318
    }, {
      "x" : -8.472136,
      "y" : -33.888542,
      "z" : 25.416409
    }, {
      "x" : -8.472136,
      "y" : -42.36068,
      "z" : 16.944271
    } ],
    "faces" : [ {
      "vertices" : [ 0, 1, 2 ]
    }, {
      "vertices" : [ 0, 2, 1 ]
    } ]
  }, {
    "id" : "2519c73c-5cbe-4411-b221-c009fe6e8d7d",
    "vertices" : [ {
      "x" : -8.472136,
      "y" : 8.472136,
      "z" : 16.944271
    }, {
      "x" : -11.296182,
      "y" : 14.120227,
      "z" : 14.120227
    }, {
      "x" : -8.472136,
      "y" : 16.944271,
      "z" : 25.416409
    } ],
    "faces" : [ {
      "vertices" : [ 0, 1, 2 ]
    }, {
      "vertices" : [ 0, 2, 1 ]
    } ]
  }, {
    "id" : "8c2fe425-a1d7-452a-a9f2-26d94cdced1c",
    "vertices" : [ {
      "x" : -14.120227,
      "y" : -31.064499,
      "z" : 28.240454
    }, {
      "x" : -16.944271,
      "y" : -25.416409,
      "z" : 25.416409
    }, {
      "x" : -25.416409,
      "y" : -33.888542,
      "z" : 25.416409
    } ],
    "faces" : [ {
      "vertices" : [ 0, 1, 2 ]
    }, {
      "vertices" : [ 0, 2, 1 ]
    } ]
  }, {
    "id" : "227eb65f-c569-4b04-9d9b-208d646758eb",
    "vertices" : [ {
      "x" : -33.888542,
      "y" : -25.416409,
      "z" : 25.416409
    }, {
      "x" : -31.064499,
      "y" : -14.120227,
      "z" : 28.240454
    }, {
      "x" : -42.36068,
      "y" : -16.944271,
      "z" : 25.416409
    } ],
    "faces" : [ {
      "vertices" : [ 0, 1, 2 ]
    }, {
      "vertices" : [ 0, 2, 1 ]
    } ]
  }, {
    "id" : "529f6117-cfae-4c46-be05-0b787e049b4e",
    "vertices" : [ {
      "x" : 8.472136,
      "y" : -33.888542,
      "z" : 8.472136
    }, {
      "x" : 2.8240454,
      "y" : -31.064499,
      "z" : 11.296182
    }, {
      "x" : 0.0,
      "y" : -42.36068,
      "z" : 8.472136
    } ],
    "faces" : [ {
      "vertices" : [ 0, 1, 2 ]
    }, {
      "vertices" : [ 0, 2, 1 ]
    } ]
  }, {
    "id" : "ac0bba51-f81a-4ebd-97fd-61d601adefdc",
    "vertices" : [ {
      "x" : 8.472136,
      "y" : -33.888542,
      "z" : -8.472136
    }, {
      "x" : 5.648091,
      "y" : -36.71259,
      "z" : -19.768318
    }, {
      "x" : 8.472136,
      "y" : -25.416409,
      "z" : -16.944271
    } ],
    "faces" : [ {
      "vertices" : [ 0, 1, 2 ]
    }, {
      "vertices" : [ 0, 2, 1 ]
    } ]
  }, {
    "id" : "440844a7-f335-4de3-95e8-436214b85324",
    "vertices" : [ {
      "x" : 8.472136,
      "y" : -8.472136,
      "z" : 0.0
    }, {
      "x" : 8.472136,
      "y" : 0.0,
      "z" : 8.472136
    }, {
      "x" : 0.0,
      "y" : -8.472136,
      "z" : 8.472136
    } ],
    "faces" : [ {
      "vertices" : [ 0, 1, 2 ]
    }, {
      "vertices" : [ 0, 2, 1 ]
    } ]
  }, {
    "id" : "121c96da-84ba-4fe5-b647-ca17462db978",
    "vertices" : [ {
      "x" : -16.944271,
      "y" : 8.472136,
      "z" : 8.472136
    }, {
      "x" : -8.472136,
      "y" : 8.472136,
      "z" : 16.944271
    }, {
      "x" : -8.472136,
      "y" : 0.0,
      "z" : 8.472136
    } ],
    "faces" : [ {
      "vertices" : [ 0, 1, 2 ]
    }, {
      "vertices" : [ 0, 2, 1 ]
    } ]
  }, {
    "id" : "439ebc45-1b77-413d-8764-5c41e5bc0dc3",
    "vertices" : [ {
      "x" : 25.416409,
      "y" : 0.0,
      "z" : -8.472136
    }, {
      "x" : 19.768318,
      "y" : 2.8240454,
      "z" : -5.648091
    }, {
      "x" : 16.944271,
      "y" : -8.472136,
      "z" : -8.472136
    } ],
    "faces" : [ {
      "vertices" : [ 0, 1, 2 ]
    }, {
      "vertices" : [ 0, 2, 1 ]
    } ]
  }, {
    "id" : "0a9eb828-dc2c-43a6-a30c-8793798fd513",
    "vertices" : [ {
      "x" : -8.472136,
      "y" : 8.472136,
      "z" : 0.0
    }, {
      "x" : -8.472136,
      "y" : 16.944271,
      "z" : 8.472136
    }, {
      "x" : -16.944271,
      "y" : 8.472136,
      "z" : 8.472136
    } ],
    "faces" : [ {
      "vertices" : [ 0, 1, 2 ]
    }, {
      "vertices" : [ 0, 2, 1 ]
    } ]
  }, {
    "id" : "9c0acd8c-6ec1-4ef6-aa54-9aca67afcc1c",
    "vertices" : [ {
      "x" : 0.0,
      "y" : 25.416409,
      "z" : 8.472136
    }, {
      "x" : 8.472136,
      "y" : 25.416409,
      "z" : 16.944271
    }, {
      "x" : 8.472136,
      "y" : 16.944271,
      "z" : 8.472136
    } ],
    "faces" : [ {
      "vertices" : [ 0, 1, 2 ]
    }, {
      "vertices" : [ 0, 2, 1 ]
    } ]
  }, {
    "id" : "249092df-a532-4372-8c24-cccaac23f556",
    "vertices" : [ {
      "x" : 2.8240454,
      "y" : -5.648091,
      "z" : -14.120227
    }, {
      "x" : 8.472136,
      "y" : -8.472136,
      "z" : -16.944271
    }, {
      "x" : 0.0,
      "y" : -8.472136,
      "z" : -25.416409
    } ],
    "faces" : [ {
      "vertices" : [ 0, 1, 2 ]
    }, {
      "vertices" : [ 0, 2, 1 ]
    } ]
  }, {
    "id" : "cb511c67-d130-483f-8ff7-eb8a0c530be5",
    "vertices" : [ {
      "x" : -8.472136,
      "y" : -25.416409,
      "z" : 0.0
    }, {
      "x" : -19.768318,
      "y" : -28.240454,
      "z" : -2.8240454
    }, {
      "x" : -16.944271,
      "y" : -25.416409,
      "z" : 8.472136
    } ],
    "faces" : [ {
      "vertices" : [ 0, 1, 2 ]
    }, {
      "vertices" : [ 0, 2, 1 ]
    } ]
  }, {
    "id" : "d846e147-122c-42bc-a374-6c45cb230ea5",
    "vertices" : [ {
      "x" : 8.472136,
      "y" : -33.888542,
      "z" : -25.416409
    }, {
      "x" : 14.120227,
      "y" : -36.71259,
      "z" : -28.240454
    }, {
      "x" : 16.944271,
      "y" : -25.416409,
      "z" : -25.416409
    } ],
    "faces" : [ {
      "vertices" : [ 0, 1, 2 ]
    }, {
      "vertices" : [ 0, 2, 1 ]
    } ]
  }, {
    "id" : "65da5893-856d-4abf-acc8-9b6114e9150f",
    "vertices" : [ {
      "x" : 25.416409,
      "y" : 8.472136,
      "z" : 0.0
    }, {
      "x" : 14.120227,
      "y" : 5.648091,
      "z" : -2.8240454
    }, {
      "x" : 16.944271,
      "y" : 8.472136,
      "z" : 8.472136
    } ],
    "faces" : [ {
      "vertices" : [ 0, 1, 2 ]
    }, {
      "vertices" : [ 0, 2, 1 ]
    } ]
  }, {
    "id" : "b7e64bef-78c3-41c4-bbb7-108892dc3d87",
    "vertices" : [ {
      "x" : -14.120227,
      "y" : 28.240454,
      "z" : -31.064499
    }, {
      "x" : -8.472136,
      "y" : 25.416409,
      "z" : -33.888542
    }, {
      "x" : -16.944271,
      "y" : 25.416409,
      "z" : -42.36068
    } ],
    "faces" : [ {
      "vertices" : [ 0, 1, 2 ]
    }, {
      "vertices" : [ 0, 2, 1 ]
    } ]
  }, {
    "id" : "6d4eb7cc-e60c-4f0c-a67a-050da6aeb762",
    "vertices" : [ {
      "x" : -28.240454,
      "y" : 14.120227,
      "z" : -2.8240454
    }, {
      "x" : -25.416409,
      "y" : 16.944271,
      "z" : -8.472136
    }, {
      "x" : -25.416409,
      "y" : 25.416409,
      "z" : 0.0
    } ],
    "faces" : [ {
      "vertices" : [ 0, 1, 2 ]
    }, {
      "vertices" : [ 0, 2, 1 ]
    } ]
  }, {
    "id" : "48eb8d7f-fffd-4110-ad8a-2428c39d9d9e",
    "vertices" : [ {
      "x" : -8.472136,
      "y" : -8.472136,
      "z" : 0.0
    }, {
      "x" : -5.648091,
      "y" : -14.120227,
      "z" : 2.8240454
    }, {
      "x" : -8.472136,
      "y" : -16.944271,
      "z" : -8.472136
    } ],
    "faces" : [ {
      "vertices" : [ 0, 1, 2 ]
    }, {
      "vertices" : [ 0, 2, 1 ]
    } ]
  }, {
    "id" : "6a7f0657-e034-415e-9695-9ae5d6ec5913",
    "vertices" : [ {
      "x" : -16.944271,
      "y" : -8.472136,
      "z" : -8.472136
    }, {
      "x" : -25.416409,
      "y" : -8.472136,
      "z" : -16.944271
    }, {
      "x" : -25.416409,
      "y" : 0.0,
      "z" : -8.472136
    } ],
    "faces" : [ {
      "vertices" : [ 0, 1, 2 ]
    }, {
      "vertices" : [ 0, 2, 1 ]
    } ]
  }, {
    "id" : "5880fef9-dde4-4ee5-940a-fb85a3ec0916",
    "vertices" : [ {
      "x" : -42.36068,
      "y" : -16.944271,
      "z" : 25.416409
    }, {
      "x" : -33.888542,
      "y" : -8.472136,
      "z" : 25.416409
    }, {
      "x" : -42.36068,
      "y" : -8.472136,
      "z" : 16.944271
    } ],
    "faces" : [ {
      "vertices" : [ 0, 1, 2 ]
    }, {
      "vertices" : [ 0, 2, 1 ]
    } ]
  }, {
    "id" : "44c692d5-96f7-4126-825f-415f1b21d98d",
    "vertices" : [ {
      "x" : -25.416409,
      "y" : 0.0,
      "z" : 25.416409
    }, {
      "x" : -28.240454,
      "y" : -2.8240454,
      "z" : 14.120227
    }, {
      "x" : -25.416409,
      "y" : 8.472136,
      "z" : 16.944271
    } ],
    "faces" : [ {
      "vertices" : [ 0, 1, 2 ]
    }, {
      "vertices" : [ 0, 2, 1 ]
    } ]
  }, {
    "id" : "c2da1d53-4a7b-46e3-bda4-a079241f86ee",
    "vertices" : [ {
      "x" : -19.768318,
      "y" : 5.648091,
      "z" : -36.71259
    }, {
      "x" : -25.416409,
      "y" : 8.472136,
      "z" : -33.888542
    }, {
      "x" : -16.944271,
      "y" : 8.472136,
      "z" : -25.416409
    } ],
    "faces" : [ {
      "vertices" : [ 0, 1, 2 ]
    }, {
      "vertices" : [ 0, 2, 1 ]
    } ]
  }, {
    "id" : "b9cb9c1c-27b2-47aa-8900-a8171e83d21c",
    "vertices" : [ {
      "x" : 25.416409,
      "y" : 0.0,
      "z" : -25.416409
    }, {
      "x" : 16.944271,
      "y" : -8.472136,
      "z" : -25.416409
    }, {
      "x" : 25.416409,
      "y" : -8.472136,
      "z" : -16.944271
    } ],
    "faces" : [ {
      "vertices" : [ 0, 1, 2 ]
    }, {
      "vertices" : [ 0, 2, 1 ]
    } ]
  }, {
    "id" : "37c1b5da-c91d-4646-a7ed-8be1caae5c3f",
    "vertices" : [ {
      "x" : -8.472136,
      "y" : -42.36068,
      "z" : 16.944271
    }, {
      "x" : -19.768318,
      "y" : -45.184727,
      "z" : 14.120227
    }, {
      "x" : -16.944271,
      "y" : -42.36068,
      "z" : 25.416409
    } ],
    "faces" : [ {
      "vertices" : [ 0, 1, 2 ]
    }, {
      "vertices" : [ 0, 2, 1 ]
    } ]
  }, {
    "id" : "0924a6a2-1044-47c8-b92a-7dfd62c60abb",
    "vertices" : [ {
      "x" : -33.888542,
      "y" : -25.416409,
      "z" : 8.472136
    }, {
      "x" : -36.71259,
      "y" : -28.240454,
      "z" : 14.120227
    }, {
      "x" : -25.416409,
      "y" : -25.416409,
      "z" : 16.944271
    } ],
    "faces" : [ {
      "vertices" : [ 0, 1, 2 ]
    }, {
      "vertices" : [ 0, 2, 1 ]
    } ]
  }, {
    "id" : "4e59ade7-1c3c-4a53-8c30-708843c1cc5a",
    "vertices" : [ {
      "x" : 8.472136,
      "y" : -8.472136,
      "z" : 16.944271
    }, {
      "x" : 11.296182,
      "y" : -14.120227,
      "z" : 19.768318
    }, {
      "x" : 8.472136,
      "y" : -16.944271,
      "z" : 8.472136
    } ],
    "faces" : [ {
      "vertices" : [ 0, 1, 2 ]
    }, {
      "vertices" : [ 0, 2, 1 ]
    } ]
  }, {
    "id" : "2795e9e5-0a5b-43e2-8bf6-3ebb86a75ab8",
    "vertices" : [ {
      "x" : -16.944271,
      "y" : 25.416409,
      "z" : -8.472136
    }, {
      "x" : -8.472136,
      "y" : 25.416409,
      "z" : 0.0
    }, {
      "x" : -8.472136,
      "y" : 16.944271,
      "z" : -8.472136
    } ],
    "faces" : [ {
      "vertices" : [ 0, 1, 2 ]
    }, {
      "vertices" : [ 0, 2, 1 ]
    } ]
  }, {
    "id" : "c77bd774-24b4-4b84-9338-ff18c7ef6f08",
    "vertices" : [ {
      "x" : -28.240454,
      "y" : -2.8240454,
      "z" : -19.768318
    }, {
      "x" : -25.416409,
      "y" : 0.0,
      "z" : -25.416409
    }, {
      "x" : -25.416409,
      "y" : 8.472136,
      "z" : -16.944271
    } ],
    "faces" : [ {
      "vertices" : [ 0, 1, 2 ]
    }, {
      "vertices" : [ 0, 2, 1 ]
    } ]
  }, {
    "id" : "76bfbfa1-3006-49f9-a6bf-8d2bea41ff96",
    "vertices" : [ {
      "x" : 14.120227,
      "y" : -45.184727,
      "z" : -19.768318
    }, {
      "x" : 8.472136,
      "y" : -42.36068,
      "z" : -16.944271
    }, {
      "x" : 16.944271,
      "y" : -42.36068,
      "z" : -8.472136
    } ],
    "faces" : [ {
      "vertices" : [ 0, 1, 2 ]
    }, {
      "vertices" : [ 0, 2, 1 ]
    } ]
  }, {
    "id" : "8b7fb6eb-b663-4211-928c-543d3063be38",
    "vertices" : [ {
      "x" : -25.416409,
      "y" : 8.472136,
      "z" : -16.944271
    }, {
      "x" : -25.416409,
      "y" : 0.0,
      "z" : -25.416409
    }, {
      "x" : -16.944271,
      "y" : 8.472136,
      "z" : -25.416409
    } ],
    "faces" : [ {
      "vertices" : [ 0, 1, 2 ]
    }, {
      "vertices" : [ 0, 2, 1 ]
    } ]
  }, {
    "id" : "4b425402-ff6a-4d77-b3fe-797c0b58523a",
    "vertices" : [ {
      "x" : 8.472136,
      "y" : 0.0,
      "z" : -42.36068
    }, {
      "x" : 11.296182,
      "y" : 2.8240454,
      "z" : -31.064499
    }, {
      "x" : 8.472136,
      "y" : -8.472136,
      "z" : -33.888542
    } ],
    "faces" : [ {
      "vertices" : [ 0, 1, 2 ]
    }, {
      "vertices" : [ 0, 2, 1 ]
    } ]
  }, {
    "id" : "b21191a2-20f7-4cbc-a5aa-b82e1001b3fa",
    "vertices" : [ {
      "x" : 0.0,
      "y" : -8.472136,
      "z" : 25.416409
    }, {
      "x" : 2.8240454,
      "y" : -5.648091,
      "z" : 19.768318
    }, {
      "x" : -8.472136,
      "y" : -8.472136,
      "z" : 16.944271
    } ],
    "faces" : [ {
