{
  "field" : "golden",
  "symmetry" : "icosahedral",
  "orientations" : [ [ 1.0, 0.0, 0.0, 0.0, 0.0, 1.0, 0.0, 0.0, 0.0, 0.0, 1.0, 0.0, 0.0, 0.0, 0.0, 1.0 ], [ 0.0, 0.0, 1.0, 0.0, 1.0, 0.0, 0.0, 0.0, 0.0, 1.0, 0.0, 0.0, 0.0, 0.0, 0.0, 1.0 ], [ 0.0, 1.0, 0.0, 0.0, 0.0, 0.0, 1.0, 0.0, 1.0, 0.0, 0.0, 0.0, 0.0, 0.0, 0.0, 1.0 ], [ 0.809017, 0.309017, 0.5, 0.0, 0.309017, 0.5, -0.809017, 0.0, -0.5, 0.809017, 0.309017, 0.0, 0.0, 0.0, 0.0, 1.0 ], [ -0.5, 0.809017, 0.309017, 0.0, 0.809017, 0.309017, 0.5, 0.0, 0.309017, 0.5, -0.809017, 0.0, 0.0, 0.0, 0.0, 1.0 ], [ 0.309017, 0.5, -0.809017, 0.0, -0.5, 0.809017, 0.309017, 0.0, 0.809017, 0.309017, 0.5, 0.0, 0.0, 0.0, 0.0, 1.0 ], [ 0.5, 0.809017, 0.309017, 0.0, 0.809017, -0.309017, -0.5, 0.0, -0.309017, 0.5, -0.809017, 0.0, 0.0, 0.0, 0.0, 1.0 ], [ -0.309017, 0.5, -0.809017, 0.0, 0.5, 0.809017, 0.309017, 0.0, 0.809017, -0.309017, -0.5, 0.0, 0.0, 0.0, 0.0, 1.0 ], [ 0.809017, -0.309017, -0.5, 0.0, -0.309017, 0.5, -0.809017, 0.0, 0.5, 0.809017, 0.309017, 0.0, 0.0, 0.0, 0.0, 1.0 ], [ 0.5, 0.809017, -0.309017, 0.0, 0.809017, -0.309017, 0.5, 0.0, 0.309017, -0.5, -0.809017, 0.0, 0.0, 0.0, 0.0, 1.0 ], [ 0.309017, -0.5, -0.809017, 0.0, 0.5, 0.809017, -0.309017, 0.0, 0.809017, -0.309017, 0.5, 0.0, 0.0, 0.0, 0.0, 1.0 ], [ 0.809017, -0.309017, 0.5, 0.0, 0.309017, -0.5, -0.809017, 0.0, 0.5, 0.809017, -0.309017, 0.0, 0.0, 0.0, 0.0, 1.0 ], [ 0.809017, 0.309017, -0.5, 0.0, 0.309017, 0.5, 0.809017, 0.0, 0.5, -0.809017, 0.309017, 0.0, 0.0, 0.0, 0.0, 1.0 ], [ 0.5, -0.809017, 0.309017, 0.0, 0.809017, 0.309017, -0.5, 0.0, 0.309017, 0.5, 0.809017, 0.0, 0.0, 0.0, 0.0, 1.0 ], [ 0.309017, 0.5, 0.809017, 0.0, 0.5, -0.809017, 0.309017, 0.0, 0.809017, 0.309017, -0.5, 0.0, 0.0, 0.0, 0.0, 1.0 ], [ 1.0, 0.0, 0.0, 0.0, 0.0, -1.0, 0.0, 0.0, 0.0, 0.0, -1.0, 0.0, 0.0, 0.0, 0.0, 1.0 ], [ 0.0, 0.0, 1.0, 0.0, -1.0, 0.0, 0.0, 0.0, 0.0, -1.0, 0.0, 0.0, 0.0, 0.0, 0.0, 1.0 ], [ 0.0, 1.0, 0.0, 0.0, 0.0, 0.0, -1.0, 0.0, -1.0, 0.0, 0.0, 0.0, 0.0, 0.0, 0.0, 1.0 ], [ 0.809017, 0.309017, 0.5, 0.0, -0.309017, -0.5, 0.809017, 0.0, 0.5, -0.809017, -0.309017, 0.0, 0.0, 0.0, 0.0, 1.0 ], [ -0.5, 0.809017, 0.309017, 0.0, -0.809017, -0.309017, -0.5, 0.0, -0.309017, -0.5, 0.809017, 0.0, 0.0, 0.0, 0.0, 1.0 ], [ 0.309017, 0.5, -0.809017, 0.0, 0.5, -0.809017, -0.309017, 0.0, -0.809017, -0.309017, -0.5, 0.0, 0.0, 0.0, 0.0, 1.0 ], [ 0.5, 0.809017, 0.309017, 0.0, -0.809017, 0.309017, 0.5, 0.0, 0.309017, -0.5, 0.809017, 0.0, 0.0, 0.0, 0.0, 1.0 ], [ -0.309017, 0.5, -0.809017, 0.0, -0.5, -0.809017, -0.309017, 0.0, -0.809017, 0.309017, 0.5, 0.0, 0.0, 0.0, 0.0, 1.0 ], [ 0.809017, -0.309017, -0.5, 0.0, 0.309017, -0.5, 0.809017, 0.0, -0.5, -0.809017, -0.309017, 0.0, 0.0, 0.0, 0.0, 1.0 ], [ 0.5, 0.809017, -0.309017, 0.0, -0.809017, 0.309017, -0.5, 0.0, -0.309017, 0.5, 0.809017, 0.0, 0.0, 0.0, 0.0, 1.0 ], [ 0.309017, -0.5, -0.809017, 0.0, -0.5, -0.809017, 0.309017, 0.0, -0.809017, 0.309017, -0.5, 0.0, 0.0, 0.0, 0.0, 1.0 ], [ 0.809017, -0.309017, 0.5, 0.0, -0.309017, 0.5, 0.809017, 0.0, -0.5, -0.809017, 0.309017, 0.0, 0.0, 0.0, 0.0, 1.0 ], [ 0.809017, 0.309017, -0.5, 0.0, -0.309017, -0.5, -0.809017, 0.0, -0.5, 0.809017, -0.309017, 0.0, 0.0, 0.0, 0.0, 1.0 ], [ 0.5, -0.809017, 0.309017, 0.0, -0.809017, -0.309017, 0.5, 0.0, -0.309017, -0.5, -0.809017, 0.0, 0.0, 0.0, 0.0, 1.0 ], [ 0.309017, 0.5, 0.809017, 0.0, -0.5, 0.809017, -0.309017, 0.0, -0.809017, -0.309017, 0.5, 0.0, 0.0, 0.0, 0.0, 1.0 ], [ -1.0, 0.0, 0.0, 0.0, 0.0, -1.0, 0.0, 0.0, 0.0, 0.0, 1.0, 0.0, 0.0, 0.0, 0.0, 1.0 ], [ 0.0, 0.0, -1.0, 0.0, -1.0, 0.0, 0.0, 0.0, 0.0, 1.0, 0.0, 0.0, 0.0, 0.0, 0.0, 1.0 ], [ 0.0, -1.0, 0.0, 0.0, 0.0, 0.0, -1.0, 0.0, 1.0, 0.0, 0.0, 0.0, 0.0, 0.0, 0.0, 1.0 ], [ -0.809017, -0.309017, -0.5, 0.0, -0.309017, -0.5, 0.809017, 0.0, -0.5, 0.809017, 0.309017, 0.0, 0.0, 0.0, 0.0, 1.0 ], [ 0.5, -0.809017, -0.309017, 0.0, -0.809017, -0.309017, -0.5, 0.0, 0.309017, 0.5, -0.809017, 0.0, 0.0, 0.0, 0.0, 1.0 ], [ -0.309017, -0.5, 0.809017, 0.0, 0.5, -0.809017, -0.309017, 0.0, 0.809017, 0.309017, 0.5, 0.0, 0.0, 0.0, 0.0, 1.0 ], [ -0.5, -0.809017, -0.309017, 0.0, -0.809017, 0.309017, 0.5, 0.0, -0.309017, 0.5, -0.809017, 0.0, 0.0, 0.0, 0.0, 1.0 ], [ 0.309017, -0.5, 0.809017, 0.0, -0.5, -0.809017, -0.309017, 0.0, 0.809017, -0.309017, -0.5, 0.0, 0.0, 0.0, 0.0, 1.0 ], [ -0.809017, 0.309017, 0.5, 0.0, 0.309017, -0.5, 0.809017, 0.0, 0.5, 0.809017, 0.309017, 0.0, 0.0, 0.0, 0.0, 1.0 ], [ -0.5, -0.809017, 0.309017, 0.0, -0.809017, 0.309017, -0.5, 0.0, 0.309017, -0.5, -0.809017, 0.0, 0.0, 0.0, 0.0, 1.0 ], [ -0.309017, 0.5, 0.809017, 0.0, -0.5, -0.809017, 0.309017, 0.0, 0.809017, -0.309017, 0.5, 0.0, 0.0, 0.0, 0.0, 1.0 ], [ -0.809017, 0.309017, -0.5, 0.0, -0.309017, 0.5, 0.809017, 0.0, 0.5, 0.809017, -0.309017, 0.0, 0.0, 0.0, 0.0, 1.0 ], [ -0.809017, -0.309017, 0.5, 0.0, -0.309017, -0.5, -0.809017, 0.0, 0.5, -0.809017, 0.309017, 0.0, 0.0, 0.0, 0.0, 1.0 ], [ -0.5, 0.809017, -0.309017, 0.0, -0.809017, -0.309017, 0.5, 0.0, 0.309017, 0.5, 0.809017, 0.0, 0.0, 0.0, 0.0, 1.0 ], [ -0.309017, -0.5, -0.809017, 0.0, -0.5, 0.809017, -0.309017, 0.0, 0.809017, 0.309017, -0.5, 0.0, 0.0, 0.0, 0.0, 1.0 ], [ -1.0, 0.0, 0.0, 0.0, 0.0, 1.0, 0.0, 0.0, 0.0, 0.0, -1.0, 0.0, 0.0, 0.0, 0.0, 1.0 ], [ 0.0, 0.0, -1.0, 0.0, 1.0, 0.0, 0.0, 0.0, 0.0, -1.0, 0.0, 0.0, 0.0, 0.0, 0.0, 1.0 ], [ 0.0, -1.0, 0.0, 0.0, 0.0, 0.0, 1.0, 0.0, -1.0, 0.0, 0.0, 0.0, 0.0, 0.0, 0.0, 1.0 ], [ -0.809017, -0.309017, -0.5, 0.0, 0.309017, 0.5, -0.809017, 0.0, 0.5, -0.809017, -0.309017, 0.0, 0.0, 0.0, 0.0, 1.0 ], [ 0.5, -0.809017, -0.309017, 0.0, 0.809017, 0.309017, 0.5, 0.0, -0.309017, -0.5, 0.809017, 0.0, 0.0, 0.0, 0.0, 1.0 ], [ -0.309017, -0.5, 0.809017, 0.0, -0.5, 0.809017, 0.309017, 0.0, -0.809017, -0.309017, -0.5, 0.0, 0.0, 0.0, 0.0, 1.0 ], [ -0.5, -0.809017, -0.309017, 0.0, 0.809017, -0.309017, -0.5, 0.0, 0.309017, -0.5, 0.809017, 0.0, 0.0, 0.0, 0.0, 1.0 ], [ 0.309017, -0.5, 0.809017, 0.0, 0.5, 0.809017, 0.309017, 0.0, -0.809017, 0.309017, 0.5, 0.0, 0.0, 0.0, 0.0, 1.0 ], [ -0.809017, 0.309017, 0.5, 0.0, -0.309017, 0.5, -0.809017, 0.0, -0.5, -0.809017, -0.309017, 0.0, 0.0, 0.0, 0.0, 1.0 ], [ -0.5, -0.809017, 0.309017, 0.0, 0.809017, -0.309017, 0.5, 0.0, -0.309017, 0.5, 0.809017, 0.0, 0.0, 0.0, 0.0, 1.0 ], [ -0.309017, 0.5, 0.809017, 0.0, 0.5, 0.809017, -0.309017, 0.0, -0.809017, 0.309017, -0.5, 0.0, 0.0, 0.0, 0.0, 1.0 ], [ -0.809017, 0.309017, -0.5, 0.0, 0.309017, -0.5, -0.809017, 0.0, -0.5, -0.809017, 0.309017, 0.0, 0.0, 0.0, 0.0, 1.0 ], [ -0.809017, -0.309017, 0.5, 0.0, 0.309017, 0.5, 0.809017, 0.0, -0.5, 0.809017, -0.309017, 0.0, 0.0, 0.0, 0.0, 1.0 ], [ -0.5, 0.809017, -0.309017, 0.0, 0.809017, 0.309017, -0.5, 0.0, -0.309017, -0.5, -0.809017, 0.0, 0.0, 0.0, 0.0, 1.0 ], [ -0.309017, -0.5, -0.809017, 0.0, 0.5, -0.809017, 0.309017, 0.0, -0.809017, -0.309017, 0.5, 0.0, 0.0, 0.0, 0.0, 1.0 ] ],
  "lights" : {
    "ambientColor" : "#292929",
    "backgroundColor" : "#666666",
    "directionalLights" : [ {
      "direction" : {
        "x" : 1.0,
        "y" : -1.0,
        "z" : -1.0
      },
      "color" : "#EBEBE4"
    }, {
      "direction" : {
        "x" : -1.0,
        "y" : 0.0,
        "z" : 0.0
      },
      "color" : "#E4E4EB"
    }, {
      "direction" : {
        "x" : 0.0,
        "y" : 0.0,
        "z" : -1.0
      },
      "color" : "#1E1E1E"
    } ]
  },
  "camera" : {
    "viewDistance" : 63.362957,
    "nearClipDistance" : 0.15840758,
    "farClipDistance" : 126.72625,
    "lookAtPoint" : {
      "x" : 0.0,
      "y" : 0.0,
      "z" : 0.0
    },
    "fieldOfView" : 0.44262904,
    "perspective" : true,
    "lookDirection" : {
      "x" : 0.4847202,
      "y" : 0.008104688,
      "z" : 0.874619
    },
    "upDirection" : {
      "x" : -0.71092135,
      "y" : 0.5861869,
      "z" : 0.38854071
    },
    "stereo" : false,
    "width" : 28.513342,
    "position" : {
      "x" : -30.713305,
      "y" : -0.513537,
      "z" : -55.418446
    }
  },
  "embedding" : [ 1.0, 0.0, 0.0, 0.0, 0.0, 1.0, 0.0, 0.0, 0.0, 0.0, 1.0, 0.0, 0.0, 0.0, 0.0, 1.0 ],
  "shapes" : [ {
    "id" : "a8d7c81a-db1c-400e-b902-2c12d4cbf16a",
    "vertices" : [ {
      "x" : -1.8944272,
      "y" : 4.236068,
      "z" : -5.6832814
    }, {
      "x" : 0.7236068,
      "y" : 0.0,
      "z" : -7.301316
    }, {
      "x" : -1.8944272,
      "y" : -4.236068,
      "z" : -5.6832814
    }, {
      "x" : -6.130495,
      "y" : -2.618034,
      "z" : -3.0652475
    }, {
      "x" : -6.130495,
      "y" : 2.618034,
      "z" : -3.0652475
    } ],
    "faces" : [ {
      "vertices" : [ 0, 1, 2 ]
    }, {
      "vertices" : [ 0, 2, 3 ]
    }, {
      "vertices" : [ 0, 3, 4 ]
    }, {
      "vertices" : [ 0, 4, 3 ]
    }, {
      "vertices" : [ 0, 3, 2 ]
    }, {
      "vertices" : [ 0, 2, 1 ]
    } ]
  }, {
    "id" : "7e4ac56c-1ef1-4a86-aac1-0a2cce5ec7c4",
    "vertices" : [ {
      "x" : 5.6832814,
      "y" : -1.8944272,
      "z" : -4.236068
    }, {
      "x" : 7.301316,
      "y" : 0.7236068,
      "z" : 0.0
    }, {
      "x" : 5.6832814,
      "y" : -1.8944272,
      "z" : 4.236068
    }, {
      "x" : 3.0652475,
      "y" : -6.130495,
      "z" : 2.618034
    }, {
      "x" : 3.0652475,
      "y" : -6.130495,
      "z" : -2.618034
    } ],
    "faces" : [ {
      "vertices" : [ 0, 1, 2 ]
    }, {
      "vertices" : [ 0, 2, 3 ]
    }, {
      "vertices" : [ 0, 3, 4 ]
    }, {
      "vertices" : [ 0, 4, 3 ]
    }, {
      "vertices" : [ 0, 3, 2 ]
    }, {
      "vertices" : [ 0, 2, 1 ]
    } ]
  }, {
    "id" : "e6c15583-9bc5-4313-9441-a2c13e47f64e",
    "vertices" : [ {
      "x" : -3.0652475,
      "y" : 6.130495,
      "z" : 2.618034
    }, {
      "x" : 0.0,
      "y" : 5.854102,
      "z" : 3.618034
    }, {
      "x" : 0.0,
      "y" : 5.854102,
      "z" : -3.618034
    }, {
      "x" : -3.0652475,
      "y" : 6.130495,
      "z" : -2.618034
    } ],
    "faces" : [ {
      "vertices" : [ 0, 1, 2 ]
    }, {
      "vertices" : [ 0, 2, 3 ]
    }, {
      "vertices" : [ 0, 3, 2 ]
    }, {
      "vertices" : [ 0, 2, 1 ]
    } ]
  }, {
    "id" : "51036074-a72b-453d-ad98-7a67f515649d",
    "vertices" : [ {
      "x" : -5.6832814,
      "y" : 1.8944272,
      "z" : -4.236068
    }, {
      "x" : -2.3416407,
      "y" : -1.1708204,
      "z" : -6.854102
    }, {
      "x" : 2.3416407,
      "y" : 1.1708204,
      "z" : -6.854102
    }, {
      "x" : 1.8944272,
      "y" : 5.6832814,
      "z" : -4.236068
    }, {
      "x" : -3.0652475,
      "y" : 6.130495,
      "z" : -2.618034
    } ],
    "faces" : [ {
      "vertices" : [ 0, 1, 2 ]
    }, {
      "vertices" : [ 0, 2, 3 ]
    }, {
      "vertices" : [ 0, 3, 4 ]
    }, {
      "vertices" : [ 0, 4, 3 ]
    }, {
      "vertices" : [ 0, 3, 2 ]
    }, {
      "vertices" : [ 0, 2, 1 ]
    } ]
  }, {
    "id" : "9214d162-69a8-4de3-8291-3801914752e9",
    "vertices" : [ {
      "x" : 4.236068,
      "y" : 5.6832814,
      "z" : 1.8944272
    }, {
      "x" : 5.854102,
      "y" : 3.618034,
      "z" : 0.0
    }, {
      "x" : 0.0,
      "y" : 5.854102,
      "z" : -3.618034
    }, {
      "x" : 0.0,
      "y" : 7.301316,
      "z" : -0.7236068
    } ],
    "faces" : [ {
      "vertices" : [ 0, 1, 2 ]
    }, {
      "vertices" : [ 0, 2, 3 ]
    }, {
      "vertices" : [ 0, 3, 2 ]
    }, {
      "vertices" : [ 0, 2, 1 ]
    } ]
  }, {
    "id" : "b8aa7aa9-3769-46c0-95da-ee7ccfa4d070",
    "vertices" : [ {
      "x" : -0.7236068,
      "y" : 0.0,
      "z" : -7.301316
    }, {
      "x" : -5.4068885,
      "y" : 0.0,
      "z" : -4.959675
    }, {
      "x" : -5.6832814,
      "y" : -4.236068,
      "z" : -1.8944272
    }, {
      "x" : -1.1708204,
      "y" : -6.854102,
      "z" : -2.3416407
    }, {
      "x" : 1.8944272,
      "y" : -4.236068,
      "z" : -5.6832814
    } ],
    "faces" : [ {
      "vertices" : [ 0, 1, 2 ]
    }, {
      "vertices" : [ 0, 2, 3 ]
    }, {
      "vertices" : [ 0, 3, 4 ]
    }, {
      "vertices" : [ 0, 4, 3 ]
    }, {
      "vertices" : [ 0, 3, 2 ]
    }, {
      "vertices" : [ 0, 2, 1 ]
    } ]
  }, {
    "id" : "ad01d1ec-8bcf-43ff-b615-b54c6f78f7c9",
    "vertices" : [ {
      "x" : -5.6832814,
      "y" : 1.8944272,
      "z" : 4.236068
    }, {
      "x" : -2.3416407,
      "y" : -1.1708204,
      "z" : 6.854102
    }, {
      "x" : -1.8944272,
      "y" : -5.6832814,
      "z" : 4.236068
    }, {
      "x" : -4.959675,
      "y" : -5.4068885,
      "z" : 0.0
    }, {
      "x" : -7.301316,
      "y" : -0.7236068,
      "z" : 0.0
    } ],
    "faces" : [ {
      "vertices" : [ 0, 1, 2 ]
    }, {
      "vertices" : [ 0, 2, 3 ]
    }, {
      "vertices" : [ 0, 3, 4 ]
    }, {
      "vertices" : [ 0, 4, 3 ]
    }, {
      "vertices" : [ 0, 3, 2 ]
    }, {
      "vertices" : [ 0, 2, 1 ]
    } ]
  }, {
    "id" : "d91b726c-4912-4c5c-a043-726a80254534",
    "vertices" : [ {
      "x" : 0.0,
      "y" : -7.301316,
      "z" : 0.7236068
    }, {
      "x" : 0.0,
      "y" : -5.854102,
      "z" : 3.618034
    }, {
      "x" : -5.854102,
      "y" : -3.618034,
      "z" : 0.0
    }, {
      "x" : -4.236068,
      "y" : -5.6832814,
      "z" : -1.8944272
    } ],
    "faces" : [ {
      "vertices" : [ 0, 1, 2 ]
    }, {
      "vertices" : [ 0, 2, 3 ]
    }, {
      "vertices" : [ 0, 3, 2 ]
    }, {
      "vertices" : [ 0, 2, 1 ]
    } ]
  }, {
    "id" : "3d382944-ddb5-4a08-8758-6efee41d9aaf",
    "vertices" : [ {
      "x" : -4.236068,
      "y" : 5.6832814,
      "z" : -1.8944272
    }, {
      "x" : 0.0,
      "y" : 7.301316,
      "z" : 0.7236068
    }, {
      "x" : 4.236068,
      "y" : 5.6832814,
      "z" : -1.8944272
    }, {
      "x" : 2.618034,
      "y" : 3.0652475,
      "z" : -6.130495
    }, {
      "x" : -2.618034,
      "y" : 3.0652475,
      "z" : -6.130495
    } ],
    "faces" : [ {
      "vertices" : [ 0, 1, 2 ]
    }, {
      "vertices" : [ 0, 2, 3 ]
    }, {
      "vertices" : [ 0, 3, 4 ]
    }, {
      "vertices" : [ 0, 4, 3 ]
    }, {
      "vertices" : [ 0, 3, 2 ]
    }, {
      "vertices" : [ 0, 2, 1 ]
    } ]
  }, {
    "id" : "2d12f73e-c6bc-40bd-a995-468a4269ad31",
    "vertices" : [ {
      "x" : 5.6832814,
      "y" : -1.8944272,
      "z" : -4.236068
    }, {
      "x" : 3.618034,
      "y" : 0.0,
      "z" : -5.854102
    }, {
      "x" : 5.854102,
      "y" : 3.618034,
      "z" : 0.0
    }, {
      "x" : 7.301316,
      "y" : 0.7236068,
      "z" : 0.0
    } ],
    "faces" : [ {
      "vertices" : [ 0, 1, 2 ]
    }, {
      "vertices" : [ 0, 2, 3 ]
    }, {
      "vertices" : [ 0, 3, 2 ]
    }, {
      "vertices" : [ 0, 2, 1 ]
    } ]
  }, {
    "id" : "ce36dc74-ffc7-4d9d-95d7-8a01a5a5ba7c",
    "vertices" : [ {
      "x" : -4.236068,
      "y" : -5.6832814,
      "z" : -1.8944272
    }, {
      "x" : -6.854102,
      "y" : -2.3416407,
      "z" : 1.1708204
    }, {
      "x" : -4.236068,
      "y" : -1.8944272,
      "z" : 5.6832814
    }, {
      "x" : 0.0,
      "y" : -4.959675,
      "z" : 5.4068885
    }, {
      "x" : 0.0,
      "y" : -7.301316,
      "z" : 0.7236068
    } ],
    "faces" : [ {
      "vertices" : [ 0, 1, 2 ]
    }, {
      "vertices" : [ 0, 2, 3 ]
    }, {
      "vertices" : [ 0, 3, 4 ]
    }, {
      "vertices" : [ 0, 4, 3 ]
    }, {
      "vertices" : [ 0, 3, 2 ]
    }, {
      "vertices" : [ 0, 2, 1 ]
    } ]
  }, {
    "id" : "081c66b0-0a4f-4193-8758-824ce93f3750",
    "vertices" : [ {
      "x" : -7.301316,
      "y" : -0.7236068,
      "z" : 0.0
    }, {
      "x" : -5.854102,
      "y" : -3.618034,
      "z" : 0.0
    }, {
      "x" : -3.618034,
      "y" : 0.0,
      "z" : 5.854102
    }, {
      "x" : -5.6832814,
      "y" : 1.8944272,
      "z" : 4.236068
    } ],
    "faces" : [ {
      "vertices" : [ 0, 1, 2 ]
    }, {
      "vertices" : [ 0, 2, 3 ]
    }, {
      "vertices" : [ 0, 3, 2 ]
    }, {
      "vertices" : [ 0, 2, 1 ]
    } ]
  }, {
    "id" : "fb4beadb-85e1-4d20-acf4-dbb6ece471de",
    "vertices" : [ {
      "x" : -6.130495,
      "y" : 2.618034,
      "z" : -3.0652475
    }, {
      "x" : -5.6832814,
      "y" : 4.236068,
      "z" : 1.8944272
    }, {
      "x" : -5.4068885,
      "y" : 0.0,
      "z" : 4.959675
    }, {
      "x" : -5.6832814,
      "y" : -4.236068,
      "z" : 1.8944272
    }, {
      "x" : -6.130495,
      "y" : -2.618034,
      "z" : -3.0652475
    } ],
    "faces" : [ {
      "vertices" : [ 0, 1, 2 ]
    }, {
      "vertices" : [ 0, 2, 3 ]
    }, {
      "vertices" : [ 0, 3, 4 ]
    }, {
      "vertices" : [ 0, 4, 3 ]
    }, {
      "vertices" : [ 0, 3, 2 ]
    }, {
      "vertices" : [ 0, 2, 1 ]
    } ]
  }, {
    "id" : "0ceafdf7-fb91-4ff4-949e-037bd421ca19",
    "vertices" : [ {
      "x" : 3.0652475,
      "y" : -6.130495,
      "z" : 2.618034
    }, {
      "x" : 0.0,
      "y" : -5.854102,
      "z" : 3.618034
    }, {
      "x" : 0.0,
      "y" : -5.854102,
      "z" : -3.618034
    }, {
      "x" : 3.0652475,
      "y" : -6.130495,
      "z" : -2.618034
    } ],
    "faces" : [ {
      "vertices" : [ 0, 1, 2 ]
    }, {
      "vertices" : [ 0, 2, 3 ]
    }, {
      "vertices" : [ 0, 3, 2 ]
    }, {
      "vertices" : [ 0, 2, 1 ]
    } ]
  }, {
    "id" : "c192b80c-83ec-4c8e-8bd6-a39f3c02e019",
    "vertices" : [ {
      "x" : 4.236068,
      "y" : 5.6832814,
      "z" : -1.8944272
    }, {
      "x" : 6.854102,
      "y" : 2.3416407,
      "z" : 1.1708204
    }, {
      "x" : 4.236068,
      "y" : 1.8944272,
      "z" : 5.6832814
    }, {
      "x" : 0.0,
      "y" : 4.959675,
      "z" : 5.4068885
    }, {
      "x" : 0.0,
      "y" : 7.301316,
      "z" : 0.7236068
    } ],
    "faces" : [ {
      "vertices" : [ 0, 1, 2 ]
    }, {
      "vertices" : [ 0, 2, 3 ]
    }, {
      "vertices" : [ 0, 3, 4 ]
    }, {
      "vertices" : [ 0, 4, 3 ]
    }, {
      "vertices" : [ 0, 3, 2 ]
    }, {
      "vertices" : [ 0, 2, 1 ]
    } ]
  }, {
    "id" : "1aa7e881-c256-4e56-ac7c-4b5744608369",
    "vertices" : [ {
      "x" : 5.6832814,
      "y" : -1.8944272,
      "z" : 4.236068
    }, {
      "x" : 2.3416407,
      "y" : 1.1708204,
      "z" : 6.854102
    }, {
      "x" : 1.8944272,
      "y" : 5.6832814,
      "z" : 4.236068
    }, {
      "x" : 4.959675,
      "y" : 5.4068885,
      "z" : 0.0
    }, {
      "x" : 7.301316,
      "y" : 0.7236068,
      "z" : 0.0
    } ],
    "faces" : [ {
      "vertices" : [ 0, 1, 2 ]
    }, {
      "vertices" : [ 0, 2, 3 ]
    }, {
      "vertices" : [ 0, 3, 4 ]
    }, {
      "vertices" : [ 0, 4, 3 ]
    }, {
      "vertices" : [ 0, 3, 2 ]
    }, {
      "vertices" : [ 0, 2, 1 ]
    } ]
  }, {
    "id" : "da9ac8c9-e2eb-42cf-9f34-cc1dfa62a11b",
    "vertices" : [ {
      "x" : 3.0652475,
      "y" : 6.130495,
      "z" : -2.618034
    }, {
      "x" : 3.0652475,
      "y" : 6.130495,
      "z" : 2.618034
    }, {
      "x" : 5.6832814,
      "y" : 1.8944272,
      "z" : 4.236068
    }, {
      "x" : 7.301316,
      "y" : -0.7236068,
      "z" : 0.0
    }, {
      "x" : 5.6832814,
      "y" : 1.8944272,
      "z" : -4.236068
    } ],
    "faces" : [ {
      "vertices" : [ 0, 1, 2 ]
    }, {
      "vertices" : [ 0, 2, 3 ]
    }, {
      "vertices" : [ 0, 3, 4 ]
    }, {
      "vertices" : [ 0, 4, 3 ]
    }, {
      "vertices" : [ 0, 3, 2 ]
    }, {
      "vertices" : [ 0, 2, 1 ]
    } ]
  }, {
    "id" : "a3b96fc5-d426-4772-b533-7f13976f5d95",
    "vertices" : [ {
      "x" : 1.8944272,
      "y" : -4.236068,
      "z" : -5.6832814
    }, {
      "x" : -1.1708204,
      "y" : -6.854102,
      "z" : -2.3416407
    }, {
      "x" : 1.1708204,
      "y" : -6.854102,
      "z" : 2.3416407
    }, {
      "x" : 5.6832814,
      "y" : -4.236068,
      "z" : 1.8944272
    }, {
      "x" : 6.130495,
      "y" : -2.618034,
      "z" : -3.0652475
    } ],
    "faces" : [ {
      "vertices" : [ 0, 1, 2 ]
    }, {
      "vertices" : [ 0, 2, 3 ]
    }, {
      "vertices" : [ 0, 3, 4 ]
    }, {
      "vertices" : [ 0, 4, 3 ]
    }, {
      "vertices" : [ 0, 3, 2 ]
    }, {
      "vertices" : [ 0, 2, 1 ]
    } ]
  }, {
    "id" : "9e34d281-a2b8-41c4-b69a-435292c4c0e1",
    "vertices" : [ {
      "x" : -5.6832814,
      "y" : 1.8944272,
      "z" : 4.236068
    }, {
      "x" : -3.618034,
      "y" : 0.0,
      "z" : 5.854102
    }, {
      "x" : 0.0,
      "y" : 5.854102,
      "z" : 3.618034
    }, {
      "x" : -3.0652475,
      "y" : 6.130495,
      "z" : 2.618034
    } ],
    "faces" : [ {
      "vertices" : [ 0, 1, 2 ]
    }, {
      "vertices" : [ 0, 2, 3 ]
    }, {
      "vertices" : [ 0, 3, 2 ]
    }, {
      "vertices" : [ 0, 2, 1 ]
    } ]
  }, {
    "id" : "5bf079da-2224-45c3-b5c4-d6fc08eae988",
    "vertices" : [ {
      "x" : -5.6832814,
      "y" : 1.8944272,
      "z" : -4.236068
    }, {
      "x" : -3.618034,
      "y" : 0.0,
      "z" : -5.854102
    }, {
      "x" : -5.854102,
      "y" : -3.618034,
      "z" : 0.0
    }, {
      "x" : -7.301316,
      "y" : -0.7236068,
      "z" : 0.0
    } ],
    "faces" : [ {
      "vertices" : [ 0, 1, 2 ]
    }, {
      "vertices" : [ 0, 2, 3 ]
    }, {
      "vertices" : [ 0, 3, 2 ]
    }, {
      "vertices" : [ 0, 2, 1 ]
    } ]
  }, {
    "id" : "6382beb0-3b71-4105-a217-6495943a96a0",
    "vertices" : [ {
      "x" : -5.6832814,
      "y" : -1.8944272,
      "z" : 4.236068
    }, {
      "x" : -3.618034,
      "y" : 0.0,
      "z" : 5.854102
    }, {
      "x" : -5.854102,
      "y" : 3.618034,
      "z" : 0.0
    }, {
      "x" : -7.301316,
      "y" : 0.7236068,
      "z" : 0.0
    } ],
    "faces" : [ {
      "vertices" : [ 0, 1, 2 ]
    }, {
      "vertices" : [ 0, 2, 3 ]
    }, {
      "vertices" : [ 0, 3, 2 ]
    }, {
      "vertices" : [ 0, 2, 1 ]
    } ]
  }, {
    "id" : "eefd383a-dd50-4201-a5bb-4fd541ce8efe",
    "vertices" : [ {
      "x" : 6.130495,
      "y" : -2.618034,
      "z" : -3.0652475
    }, {
      "x" : 5.6832814,
      "y" : -4.236068,
      "z" : 1.8944272
    }, {
      "x" : 5.4068885,
      "y" : 0.0,
      "z" : 4.959675
    }, {
      "x" : 5.6832814,
      "y" : 4.236068,
      "z" : 1.8944272
    }, {
      "x" : 6.130495,
      "y" : 2.618034,
      "z" : -3.0652475
    } ],
    "faces" : [ {
      "vertices" : [ 0, 1, 2 ]
    }, {
      "vertices" : [ 0, 2, 3 ]
    }, {
      "vertices" : [ 0, 3, 4 ]
    }, {
      "vertices" : [ 0, 4, 3 ]
    }, {
      "vertices" : [ 0, 3, 2 ]
    }, {
      "vertices" : [ 0, 2, 1 ]
    } ]
  }, {
    "id" : "8e7995e6-60c6-4ffd-9d9e-0b709afb1956",
    "vertices" : [ {
      "x" : 3.0652475,
      "y" : 6.130495,
      "z" : -2.618034
    }, {
      "x" : -1.8944272,
      "y" : 5.6832814,
      "z" : -4.236068
    }, {
      "x" : -2.3416407,
      "y" : 1.1708204,
      "z" : -6.854102
    }, {
      "x" : 2.3416407,
      "y" : -1.1708204,
      "z" : -6.854102
    }, {
      "x" : 5.6832814,
      "y" : 1.8944272,
      "z" : -4.236068
    } ],
    "faces" : [ {
      "vertices" : [ 0, 1, 2 ]
    }, {
      "vertices" : [ 0, 2, 3 ]
    }, {
      "vertices" : [ 0, 3, 4 ]
    }, {
      "vertices" : [ 0, 4, 3 ]
    }, {
      "vertices" : [ 0, 3, 2 ]
    }, {
      "vertices" : [ 0, 2, 1 ]
    } ]
  }, {
    "id" : "13e44ab2-9725-4ee8-b8cf-6acf15a10f84",
    "vertices" : [ {
      "x" : -2.618034,
      "y" : -3.0652475,
      "z" : -6.130495
    }, {
      "x" : 2.618034,
      "y" : -3.0652475,
      "z" : -6.130495
    }, {
      "x" : 4.236068,
      "y" : -5.6832814,
      "z" : -1.8944272
    }, {
      "x" : 0.0,
      "y" : -7.301316,
      "z" : 0.7236068
    }, {
      "x" : -4.236068,
      "y" : -5.6832814,
      "z" : -1.8944272
    } ],
    "faces" : [ {
      "vertices" : [ 0, 1, 2 ]
    }, {
      "vertices" : [ 0, 2, 3 ]
    }, {
      "vertices" : [ 0, 3, 4 ]
    }, {
      "vertices" : [ 0, 4, 3 ]
    }, {
      "vertices" : [ 0, 3, 2 ]
    }, {
      "vertices" : [ 0, 2, 1 ]
    } ]
  }, {
    "id" : "cb2b23a6-e03c-4e25-ba9f-361e7995b174",
    "vertices" : [ {
      "x" : -1.8944272,
      "y" : -4.236068,
      "z" : -5.6832814
    }, {
      "x" : 1.1708204,
      "y" : -6.854102,
      "z" : -2.3416407
    }, {
      "x" : 5.6832814,
      "y" : -4.236068,
      "z" : -1.8944272
    }, {
      "x" : 5.4068885,
      "y" : 0.0,
      "z" : -4.959675
    }, {
      "x" : 0.7236068,
      "y" : 0.0,
      "z" : -7.301316
    } ],
    "faces" : [ {
      "vertices" : [ 0, 1, 2 ]
    }, {
      "vertices" : [ 0, 2, 3 ]
    }, {
      "vertices" : [ 0, 3, 4 ]
    }, {
      "vertices" : [ 0, 4, 3 ]
    }, {
      "vertices" : [ 0, 3, 2 ]
    }, {
      "vertices" : [ 0, 2, 1 ]
    } ]
  }, {
    "id" : "062005b1-c645-4824-b83c-471ef51bc58d",
    "vertices" : [ {
      "x" : 5.6832814,
      "y" : -1.8944272,
      "z" : -4.236068
    }, {
      "x" : 2.3416407,
      "y" : 1.1708204,
      "z" : -6.854102
    }, {
      "x" : -2.3416407,
      "y" : -1.1708204,
      "z" : -6.854102
    }, {
      "x" : -1.8944272,
      "y" : -5.6832814,
      "z" : -4.236068
    }, {
      "x" : 3.0652475,
      "y" : -6.130495,
      "z" : -2.618034
    } ],
    "faces" : [ {
      "vertices" : [ 0, 1, 2 ]
    }, {
      "vertices" : [ 0, 2, 3 ]
    }, {
      "vertices" : [ 0, 3, 4 ]
    }, {
      "vertices" : [ 0, 4, 3 ]
    }, {
      "vertices" : [ 0, 3, 2 ]
    }, {
      "vertices" : [ 0, 2, 1 ]
    } ]
  }, {
    "id" : "f37cc515-6d08-4b51-9f59-197e583129ae",
    "vertices" : [ {
      "x" : -2.618034,
      "y" : -3.0652475,
      "z" : -6.130495
    }, {
      "x" : -4.236068,
      "y" : 1.8944272,
      "z" : -5.6832814
    }, {
      "x" : -6.854102,
      "y" : 2.3416407,
      "z" : -1.1708204
    }, {
      "x" : -6.854102,
      "y" : -2.3416407,
      "z" : 1.1708204
    }, {
      "x" : -4.236068,
      "y" : -5.6832814,
      "z" : -1.8944272
    } ],
    "faces" : [ {
      "vertices" : [ 0, 1, 2 ]
    }, {
      "vertices" : [ 0, 2, 3 ]
    }, {
      "vertices" : [ 0, 3, 4 ]
    }, {
      "vertices" : [ 0, 4, 3 ]
    }, {
      "vertices" : [ 0, 3, 2 ]
    }, {
      "vertices" : [ 0, 2, 1 ]
    } ]
  }, {
    "id" : "c0412526-a837-45c4-8096-8a6909749016",
    "vertices" : [ {
      "x" : -3.0652475,
      "y" : 6.130495,
      "z" : -2.618034
    }, {
      "x" : 0.0,
      "y" : 5.854102,
      "z" : -3.618034
    }, {
      "x" : -3.618034,
      "y" : 0.0,
      "z" : -5.854102
    }, {
      "x" : -5.6832814,
      "y" : 1.8944272,
      "z" : -4.236068
    } ],
    "faces" : [ {
      "vertices" : [ 0, 1, 2 ]
    }, {
      "vertices" : [ 0, 2, 3 ]
    }, {
      "vertices" : [ 0, 3, 2 ]
    }, {
      "vertices" : [ 0, 2, 1 ]
    } ]
  }, {
    "id" : "10912401-bb3a-48e2-bc84-63c44104a0af",
    "vertices" : [ {
      "x" : 5.6832814,
      "y" : 1.8944272,
      "z" : -4.236068
    }, {
      "x" : 2.3416407,
      "y" : -1.1708204,
      "z" : -6.854102
    }, {
      "x" : 1.8944272,
      "y" : -5.6832814,
      "z" : -4.236068
    }, {
      "x" : 4.959675,
      "y" : -5.4068885,
      "z" : 0.0
    }, {
      "x" : 7.301316,
      "y" : -0.7236068,
      "z" : 0.0
    } ],
    "faces" : [ {
      "vertices" : [ 0, 1, 2 ]
    }, {
      "vertices" : [ 0, 2, 3 ]
    }, {
      "vertices" : [ 0, 3, 4 ]
    }, {
      "vertices" : [ 0, 4, 3 ]
    }, {
      "vertices" : [ 0, 3, 2 ]
    }, {
      "vertices" : [ 0, 2, 1 ]
    } ]
  }, {
    "id" : "e4603626-b51b-46fb-bb4b-76e0e60b946b",
    "vertices" : [ {
      "x" : 0.0,
      "y" : 7.301316,
      "z" : -0.7236068
    }, {
      "x" : 0.0,
      "y" : 5.854102,
      "z" : -3.618034
    }, {
      "x" : -5.854102,
      "y" : 3.618034,
      "z" : 0.0
    }, {
      "x" : -4.236068,
      "y" : 5.6832814,
      "z" : 1.8944272
    } ],
    "faces" : [ {
      "vertices" : [ 0, 1, 2 ]
    }, {
      "vertices" : [ 0, 2, 3 ]
    }, {
      "vertices" : [ 0, 3, 2 ]
    }, {
      "vertices" : [ 0, 2, 1 ]
    } ]
  }, {
    "id" : "d98110f3-df41-4633-925a-6bb3bc54954f",
    "vertices" : [ {
      "x" : -7.301316,
      "y" : 0.7236068,
      "z" : 0.0
    }, {
      "x" : -5.6832814,
      "y" : -1.8944272,
      "z" : -4.236068
    }, {
      "x" : -3.0652475,
      "y" : -6.130495,
      "z" : -2.618034
    }, {
      "x" : -3.0652475,
      "y" : -6.130495,
      "z" : 2.618034
    }, {
      "x" : -5.6832814,
      "y" : -1.8944272,
      "z" : 4.236068
    } ],
    "faces" : [ {
      "vertices" : [ 0, 1, 2 ]
    }, {
      "vertices" : [ 0, 2, 3 ]
    }, {
      "vertices" : [ 0, 3, 4 ]
    }, {
      "vertices" : [ 0, 4, 3 ]
    }, {
      "vertices" : [ 0, 3, 2 ]
    }, {
      "vertices" : [ 0, 2, 1 ]
    } ]
  }, {
    "id" : "26886e2f-282b-4b84-a734-c25222f6da93",
    "vertices" : [ {
      "x" : 7.301316,
      "y" : -0.7236068,
      "z" : 0.0
    }, {
      "x" : 4.959675,
      "y" : -5.4068885,
      "z" : 0.0
    }, {
      "x" : 1.8944272,
      "y" : -5.6832814,
      "z" : 4.236068
    }, {
      "x" : 2.3416407,
      "y" : -1.1708204,
      "z" : 6.854102
    }, {
      "x" : 5.6832814,
      "y" : 1.8944272,
      "z" : 4.236068
    } ],
    "faces" : [ {
      "vertices" : [ 0, 1, 2 ]
    }, {
      "vertices" : [ 0, 2, 3 ]
    }, {
      "vertices" : [ 0, 3, 4 ]
    }, {
      "vertices" : [ 0, 4, 3 ]
    }, {
      "vertices" : [ 0, 3, 2 ]
    }, {
      "vertices" : [ 0, 2, 1 ]
    } ]
  }, {
    "id" : "f2afcbbd-0622-4e67-b380-51bd029e4fb1",
    "vertices" : [ {
      "x" : -3.0652475,
      "y" : 6.130495,
      "z" : -2.618034
    }, {
      "x" : 1.8944272,
      "y" : 5.6832814,
      "z" : -4.236068
    }, {
      "x" : 4.959675,
      "y" : 5.4068885,
      "z" : 0.0
    }, {
      "x" : 1.8944272,
      "y" : 5.6832814,
      "z" : 4.236068
    }, {
      "x" : -3.0652475,
      "y" : 6.130495,
      "z" : 2.618034
    } ],
    "faces" : [ {
      "vertices" : [ 0, 1, 2 ]
    }, {
      "vertices" : [ 0, 2, 3 ]
    }, {
      "vertices" : [ 0, 3, 4 ]
    }, {
      "vertices" : [ 0, 4, 3 ]
    }, {
      "vertices" : [ 0, 3, 2 ]
    }, {
      "vertices" : [ 0, 2, 1 ]
    } ]
  }, {
    "id" : "a24ec255-554a-49c5-a0f0-7d5c617ae018",
    "vertices" : [ {
      "x" : 2.618034,
      "y" : 3.0652475,
      "z" : 6.130495
    }, {
      "x" : 3.618034,
      "y" : 0.0,
      "z" : 5.854102
    }, {
      "x" : 5.854102,
      "y" : 3.618034,
      "z" : 0.0
    }, {
      "x" : 4.236068,
      "y" : 5.6832814,
      "z" : 1.8944272
    } ],
    "faces" : [ {
      "vertices" : [ 0, 1, 2 ]
    }, {
      "vertices" : [ 0, 2, 3 ]
    }, {
      "vertices" : [ 0, 3, 2 ]
    }, {
      "vertices" : [ 0, 2, 1 ]
    } ]
  }, {
    "id" : "653309f7-5012-4f78-8080-1e9ce293c647",
    "vertices" : [ {
      "x" : 0.0,
      "y" : 7.301316,
      "z" : 0.7236068
    }, {
      "x" : 0.0,
      "y" : 4.959675,
      "z" : 5.4068885
    }, {
      "x" : -4.236068,
      "y" : 1.8944272,
      "z" : 5.6832814
    }, {
      "x" : -6.854102,
      "y" : 2.3416407,
      "z" : 1.1708204
    }, {
      "x" : -4.236068,
      "y" : 5.6832814,
      "z" : -1.8944272
    } ],
    "faces" : [ {
      "vertices" : [ 0, 1, 2 ]
    }, {
      "vertices" : [ 0, 2, 3 ]
    }, {
      "vertices" : [ 0, 3, 4 ]
    }, {
      "vertices" : [ 0, 4, 3 ]
    }, {
      "vertices" : [ 0, 3, 2 ]
    }, {
      "vertices" : [ 0, 2, 1 ]
    } ]
  }, {
    "id" : "ee77db02-b443-4755-87f8-337f1dd3a383",
    "vertices" : [ {
      "x" : -5.6832814,
      "y" : -1.8944272,
      "z" : -4.236068
    }, {
      "x" : -2.3416407,
      "y" : 1.1708204,
      "z" : -6.854102
    }, {
      "x" : -1.8944272,
      "y" : 5.6832814,
      "z" : -4.236068
    }, {
      "x" : -4.959675,
      "y" : 5.4068885,
      "z" : 0.0
    }, {
      "x" : -7.301316,
      "y" : 0.7236068,
      "z" : 0.0
    } ],
    "faces" : [ {
      "vertices" : [ 0, 1, 2 ]
    }, {
      "vertices" : [ 0, 2, 3 ]
    }, {
      "vertices" : [ 0, 3, 4 ]
    }, {
      "vertices" : [ 0, 4, 3 ]
    }, {
      "vertices" : [ 0, 3, 2 ]
    }, {
      "vertices" : [ 0, 2, 1 ]
    } ]
  }, {
    "id" : "427a30ba-561d-4bec-9f85-4569da25cbcc",
    "vertices" : [ {
      "x" : 1.8944272,
      "y" : -4.236068,
      "z" : 5.6832814
    }, {
      "x" : -1.1708204,
      "y" : -6.854102,
      "z" : 2.3416407
    }, {
      "x" : -5.6832814,
      "y" : -4.236068,
      "z" : 1.8944272
    }, {
      "x" : -5.4068885,
      "y" : 0.0,
      "z" : 4.959675
    }, {
      "x" : -0.7236068,
      "y" : 0.0,
      "z" : 7.301316
    } ],
    "faces" : [ {
      "vertices" : [ 0, 1, 2 ]
    }, {
      "vertices" : [ 0, 2, 3 ]
    }, {
      "vertices" : [ 0, 3, 4 ]
    }, {
      "vertices" : [ 0, 4, 3 ]
    }, {
      "vertices" : [ 0, 3, 2 ]
    }, {
      "vertices" : [ 0, 2, 1 ]
    } ]
  }, {
    "id" : "732e72c7-7a61-4a75-82bd-46d2be5c1dc7",
    "vertices" : [ {
      "x" : -3.0652475,
      "y" : -6.130495,
      "z" : 2.618034
    }, {
      "x" : 1.8944272,
      "y" : -5.6832814,
      "z" : 4.236068
    }, {
      "x" : 4.959675,
      "y" : -5.4068885,
      "z" : 0.0
    }, {
      "x" : 1.8944272,
      "y" : -5.6832814,
      "z" : -4.236068
    }, {
      "x" : -3.0652475,
      "y" : -6.130495,
      "z" : -2.618034
    } ],
    "faces" : [ {
      "vertices" : [ 0, 1, 2 ]
    }, {
      "vertices" : [ 0, 2, 3 ]
    }, {
      "vertices" : [ 0, 3, 4 ]
    }, {
      "vertices" : [ 0, 4, 3 ]
    }, {
      "vertices" : [ 0, 3, 2 ]
    }, {
      "vertices" : [ 0, 2, 1 ]
    } ]
  }, {
    "id" : "75a5def6-e988-4f44-b93d-e16780daf646",
    "vertices" : [ {
      "x" : 4.236068,
      "y" : -5.6832814,
      "z" : -1.8944272
    }, {
      "x" : 6.854102,
      "y" : -2.3416407,
      "z" : 1.1708204
    }, {
      "x" : 6.854102,
      "y" : 2.3416407,
      "z" : -1.1708204
    }, {
      "x" : 4.236068,
      "y" : 1.8944272,
      "z" : -5.6832814
    }, {
      "x" : 2.618034,
      "y" : -3.0652475,
      "z" : -6.130495
    } ],
    "faces" : [ {
      "vertices" : [ 0, 1, 2 ]
    }, {
      "vertices" : [ 0, 2, 3 ]
    }, {
      "vertices" : [ 0, 3, 4 ]
    }, {
      "vertices" : [ 0, 4, 3 ]
    }, {
      "vertices" : [ 0, 3, 2 ]
    }, {
      "vertices" : [ 0, 2, 1 ]
    } ]
  }, {
    "id" : "dfe8998c-b461-4f0d-9b35-114eac21bd08",
    "vertices" : [ {
      "x" : -3.0652475,
      "y" : -6.130495,
      "z" : -2.618034
    }, {
      "x" : 0.0,
      "y" : -5.854102,
      "z" : -3.618034
    }, {
      "x" : 0.0,
      "y" : -5.854102,
      "z" : 3.618034
    }, {
      "x" : -3.0652475,
      "y" : -6.130495,
      "z" : 2.618034
    } ],
    "faces" : [ {
      "vertices" : [ 0, 1, 2 ]
    }, {
      "vertices" : [ 0, 2, 3 ]
    }, {
      "vertices" : [ 0, 3, 2 ]
    }, {
      "vertices" : [ 0, 2, 1 ]
    } ]
  }, {
    "id" : "a1172b45-adb2-49e9-9c0c-bcd9d322845b",
    "vertices" : [ {
      "x" : 3.0652475,
      "y" : -6.130495,
      "z" : -2.618034
    }, {
      "x" : -1.8944272,
      "y" : -5.6832814,
      "z" : -4.236068
    }, {
      "x" : -4.959675,
      "y" : -5.4068885,
      "z" : 0.0
    }, {
      "x" : -1.8944272,
      "y" : -5.6832814,
      "z" : 4.236068
    }, {
      "x" : 3.0652475,
      "y" : -6.130495,
      "z" : 2.618034
    } ],
    "faces" : [ {
      "vertices" : [ 0, 1, 2 ]
    }, {
      "vertices" : [ 0, 2, 3 ]
    }, {
      "vertices" : [ 0, 3, 4 ]
    }, {
      "vertices" : [ 0, 4, 3 ]
    }, {
      "vertices" : [ 0, 3, 2 ]
    }, {
      "vertices" : [ 0, 2, 1 ]
    } ]
  }, {
    "id" : "3ea8aa5f-36b9-4554-92d3-a9ab3e7fb467",
    "vertices" : [ {
      "x" : 0.0,
      "y" : -7.301316,
      "z" : -0.7236068
    }, {
      "x" : 0.0,
      "y" : -4.959675,
      "z" : -5.4068885
    }, {
      "x" : -4.236068,
      "y" : -1.8944272,
      "z" : -5.6832814
    }, {
      "x" : -6.854102,
      "y" : -2.3416407,
      "z" : -1.1708204
    }, {
      "x" : -4.236068,
      "y" : -5.6832814,
      "z" : 1.8944272
    } ],
    "faces" : [ {
      "vertices" : [ 0, 1, 2 ]
    }, {
      "vertices" : [ 0, 2, 3 ]
    }, {
      "vertices" : [ 0, 3, 4 ]
    }, {
      "vertices" : [ 0, 4, 3 ]
    }, {
      "vertices" : [ 0, 3, 2 ]
    }, {
      "vertices" : [ 0, 2, 1 ]
    } ]
  }, {
    "id" : "e80852b3-4e3d-4c2a-bf6d-6ca06c2c5981",
    "vertices" : [ {
      "x" : 6.130495,
      "y" : 2.618034,
      "z" : 3.0652475
    }, {
      "x" : 5.6832814,
      "y" : 4.236068,
      "z" : -1.8944272
    }, {
      "x" : 5.4068885,
      "y" : 0.0,
      "z" : -4.959675
    }, {
      "x" : 5.6832814,
      "y" : -4.236068,
      "z" : -1.8944272
    }, {
      "x" : 6.130495,
      "y" : -2.618034,
      "z" : 3.0652475
    } ],
    "faces" : [ {
      "vertices" : [ 0, 1, 2 ]
    }, {
      "vertices" : [ 0, 2, 3 ]
    }, {
      "vertices" : [ 0, 3, 4 ]
    }, {
      "vertices" : [ 0, 4, 3 ]
    }, {
      "vertices" : [ 0, 3, 2 ]
    }, {
      "vertices" : [ 0, 2, 1 ]
    } ]
  }, {
    "id" : "a1e5b883-7ead-45d1-8123-e609ead7581f",
    "vertices" : [ {
      "x" : 1.8944272,
      "y" : 4.236068,
      "z" : 5.6832814
    }, {
      "x" : -1.1708204,
      "y" : 6.854102,
      "z" : 2.3416407
    }, {
      "x" : 1.1708204,
      "y" : 6.854102,
      "z" : -2.3416407
    }, {
      "x" : 5.6832814,
      "y" : 4.236068,
      "z" : -1.8944272
    }, {
      "x" : 6.130495,
      "y" : 2.618034,
      "z" : 3.0652475
    } ],
    "faces" : [ {
      "vertices" : [ 0, 1, 2 ]
    }, {
      "vertices" : [ 0, 2, 3 ]
    }, {
      "vertices" : [ 0, 3, 4 ]
    }, {
      "vertices" : [ 0, 4, 3 ]
    }, {
      "vertices" : [ 0, 3, 2 ]
    }, {
      "vertices" : [ 0, 2, 1 ]
    } ]
  }, {
    "id" : "4a8621f3-4a72-4966-b728-0a4da05ed359",
    "vertices" : [ {
      "x" : -0.7236068,
      "y" : 0.0,
      "z" : 7.301316
    }, {
      "x" : -5.4068885,
      "y" : 0.0,
      "z" : 4.959675
    }, {
      "x" : -5.6832814,
      "y" : 4.236068,
      "z" : 1.8944272
    }, {
      "x" : -1.1708204,
      "y" : 6.854102,
      "z" : 2.3416407
    }, {
      "x" : 1.8944272,
      "y" : 4.236068,
      "z" : 5.6832814
    } ],
    "faces" : [ {
      "vertices" : [ 0, 1, 2 ]
    }, {
      "vertices" : [ 0, 2, 3 ]
    }, {
      "vertices" : [ 0, 3, 4 ]
    }, {
      "vertices" : [ 0, 4, 3 ]
    }, {
      "vertices" : [ 0, 3, 2 ]
    }, {
      "vertices" : [ 0, 2, 1 ]
    } ]
  }, {
    "id" : "2aa03298-136e-411c-9bb8-8ec957c63583",
    "vertices" : [ {
      "x" : -3.0652475,
      "y" : -6.130495,
      "z" : -2.618034
    }, {
      "x" : 1.8944272,
      "y" : -5.6832814,
      "z" : -4.236068
    }, {
      "x" : 2.3416407,
      "y" : -1.1708204,
      "z" : -6.854102
    }, {
      "x" : -2.3416407,
      "y" : 1.1708204,
      "z" : -6.854102
    }, {
      "x" : -5.6832814,
      "y" : -1.8944272,
      "z" : -4.236068
    } ],
    "faces" : [ {
      "vertices" : [ 0, 1, 2 ]
    }, {
      "vertices" : [ 0, 2, 3 ]
    }, {
      "vertices" : [ 0, 3, 4 ]
    }, {
      "vertices" : [ 0, 4, 3 ]
    }, {
      "vertices" : [ 0, 3, 2 ]
    }, {
      "vertices" : [ 0, 2, 1 ]
    } ]
  }, {
    "id" : "6aaacbc0-4d78-4235-b1e6-77f6bd9af5b3",
    "vertices" : [ {
      "x" : 0.0,
      "y" : -7.301316,
      "z" : 0.7236068
    }, {
      "x" : 0.0,
      "y" : -4.959675,
      "z" : 5.4068885
    }, {
      "x" : 4.236068,
      "y" : -1.8944272,
      "z" : 5.6832814
    }, {
      "x" : 6.854102,
      "y" : -2.3416407,
      "z" : 1.1708204
    }, {
      "x" : 4.236068,
      "y" : -5.6832814,
      "z" : -1.8944272
    } ],
    "faces" : [ {
      "vertices" : [ 0, 1, 2 ]
    }, {
      "vertices" : [ 0, 2, 3 ]
    }, {
      "vertices" : [ 0, 3, 4 ]
    }, {
      "vertices" : [ 0, 4, 3 ]
    }, {
      "vertices" : [ 0, 3, 2 ]
    }, {
      "vertices" : [ 0, 2, 1 ]
    } ]
  }, {
    "id" : "43482b50-4913-4e9f-b875-ba697e471d96",
    "vertices" : [ {
      "x" : 7.301316,
      "y" : -0.7236068,
      "z" : 0.0
    }, {
      "x" : 5.854102,
      "y" : -3.618034,
      "z" : 0.0
    }, {
      "x" : 3.618034,
      "y" : 0.0,
      "z" : -5.854102
    }, {
      "x" : 5.6832814,
      "y" : 1.8944272,
      "z" : -4.236068
    } ],
    "faces" : [ {
      "vertices" : [ 0, 1, 2 ]
    }, {
      "vertices" : [ 0, 2, 3 ]
    }, {
      "vertices" : [ 0, 3, 2 ]
    }, {
      "vertices" : [ 0, 2, 1 ]
    } ]
  }, {
