{
  "field" : "golden",
  "symmetry" : "icosahedral",
  "orientations" : [ [ 1.0, 0.0, 0.0, 0.0, 0.0, 1.0, 0.0, 0.0, 0.0, 0.0, 1.0, 0.0, 0.0, 0.0, 0.0, 1.0 ], [ 0.0, 0.0, 1.0, 0.0, 1.0, 0.0, 0.0, 0.0, 0.0, 1.0, 0.0, 0.0, 0.0, 0.0, 0.0, 1.0 ], [ 0.0, 1.0, 0.0, 0.0, 0.0, 0.0, 1.0, 0.0, 1.0, 0.0, 0.0, 0.0, 0.0, 0.0, 0.0, 1.0 ], [ 0.809017, 0.309017, 0.5, 0.0, 0.309017, 0.5, -0.809017, 0.0, -0.5, 0.809017, 0.309017, 0.0, 0.0, 0.0, 0.0, 1.0 ], [ -0.5, 0.809017, 0.309017, 0.0, 0.809017, 0.309017, 0.5, 0.0, 0.309017, 0.5, -0.809017, 0.0, 0.0, 0.0, 0.0, 1.0 ], [ 0.309017, 0.5, -0.809017, 0.0, -0.5, 0.809017, 0.309017, 0.0, 0.809017, 0.309017, 0.5, 0.0, 0.0, 0.0, 0.0, 1.0 ], [ 0.5, 0.809017, 0.309017, 0.0, 0.809017, -0.309017, -0.5, 0.0, -0.309017, 0.5, -0.809017, 0.0, 0.0, 0.0, 0.0, 1.0 ], [ -0.309017, 0.5, -0.809017, 0.0, 0.5, 0.809017, 0.309017, 0.0, 0.809017, -0.309017, -0.5, 0.0, 0.0, 0.0, 0.0, 1.0 ], [ 0.809017, -0.309017, -0.5, 0.0, -0.309017, 0.5, -0.809017, 0.0, 0.5, 0.809017, 0.309017, 0.0, 0.0, 0.0, 0.0, 1.0 ], [ 0.5, 0.809017, -0.309017, 0.0, 0.809017, -0.309017, 0.5, 0.0, 0.309017, -0.5, -0.809017, 0.0, 0.0, 0.0, 0.0, 1.0 ], [ 0.309017, -0.5, -0.809017, 0.0, 0.5, 0.809017, -0.309017, 0.0, 0.809017, -0.309017, 0.5, 0.0, 0.0, 0.0, 0.0, 1.0 ], [ 0.809017, -0.309017, 0.5, 0.0, 0.309017, -0.5, -0.809017, 0.0, 0.5, 0.809017, -0.309017, 0.0, 0.0, 0.0, 0.0, 1.0 ], [ 0.809017, 0.309017, -0.5, 0.0, 0.309017, 0.5, 0.809017, 0.0, 0.5, -0.809017, 0.309017, 0.0, 0.0, 0.0, 0.0, 1.0 ], [ 0.5, -0.809017, 0.309017, 0.0, 0.809017, 0.309017, -0.5, 0.0, 0.309017, 0.5, 0.809017, 0.0, 0.0, 0.0, 0.0, 1.0 ], [ 0.309017, 0.5, 0.809017, 0.0, 0.5, -0.809017, 0.309017, 0.0, 0.809017, 0.309017, -0.5, 0.0, 0.0, 0.0, 0.0, 1.0 ], [ 1.0, 0.0, 0.0, 0.0, 0.0, -1.0, 0.0, 0.0, 0.0, 0.0, -1.0, 0.0, 0.0, 0.0, 0.0, 1.0 ], [ 0.0, 0.0, 1.0, 0.0, -1.0, 0.0, 0.0, 0.0, 0.0, -1.0, 0.0, 0.0, 0.0, 0.0, 0.0, 1.0 ], [ 0.0, 1.0, 0.0, 0.0, 0.0, 0.0, -1.0, 0.0, -1.0, 0.0, 0.0, 0.0, 0.0, 0.0, 0.0, 1.0 ], [ 0.809017, 0.309017, 0.5, 0.0, -0.309017, -0.5, 0.809017, 0.0, 0.5, -0.809017, -0.309017, 0.0, 0.0, 0.0, 0.0, 1.0 ], [ -0.5, 0.809017, 0.309017, 0.0, -0.809017, -0.309017, -0.5, 0.0, -0.309017, -0.5, 0.809017, 0.0, 0.0, 0.0, 0.0, 1.0 ], [ 0.309017, 0.5, -0.809017, 0.0, 0.5, -0.809017, -0.309017, 0.0, -0.809017, -0.309017, -0.5, 0.0, 0.0, 0.0, 0.0, 1.0 ], [ 0.5, 0.809017, 0.309017, 0.0, -0.809017, 0.309017, 0.5, 0.0, 0.309017, -0.5, 0.809017, 0.0, 0.0, 0.0, 0.0, 1.0 ], [ -0.309017, 0.5, -0.809017, 0.0, -0.5, -0.809017, -0.309017, 0.0, -0.809017, 0.309017, 0.5, 0.0, 0.0, 0.0, 0.0, 1.0 ], [ 0.809017, -0.309017, -0.5, 0.0, 0.309017, -0.5, 0.809017, 0.0, -0.5, -0.809017, -0.309017, 0.0, 0.0, 0.0, 0.0, 1.0 ], [ 0.5, 0.809017, -0.309017, 0.0, -0.809017, 0.309017, -0.5, 0.0, -0.309017, 0.5, 0.809017, 0.0, 0.0, 0.0, 0.0, 1.0 ], [ 0.309017, -0.5, -0.809017, 0.0, -0.5, -0.809017, 0.309017, 0.0, -0.809017, 0.309017, -0.5, 0.0, 0.0, 0.0, 0.0, 1.0 ], [ 0.809017, -0.309017, 0.5, 0.0, -0.309017, 0.5, 0.809017, 0.0, -0.5, -0.809017, 0.309017, 0.0, 0.0, 0.0, 0.0, 1.0 ], [ 0.809017, 0.309017, -0.5, 0.0, -0.309017, -0.5, -0.809017, 0.0, -0.5, 0.809017, -0.309017, 0.0, 0.0, 0.0, 0.0, 1.0 ], [ 0.5, -0.809017, 0.309017, 0.0, -0.809017, -0.309017, 0.5, 0.0, -0.309017, -0.5, -0.809017, 0.0, 0.0, 0.0, 0.0, 1.0 ], [ 0.309017, 0.5, 0.809017, 0.0, -0.5, 0.809017, -0.309017, 0.0, -0.809017, -0.309017, 0.5, 0.0, 0.0, 0.0, 0.0, 1.0 ], [ -1.0, 0.0, 0.0, 0.0, 0.0, -1.0, 0.0, 0.0, 0.0, 0.0, 1.0, 0.0, 0.0, 0.0, 0.0, 1.0 ], [ 0.0, 0.0, -1.0, 0.0, -1.0, 0.0, 0.0, 0.0, 0.0, 1.0, 0.0, 0.0, 0.0, 0.0, 0.0, 1.0 ], [ 0.0, -1.0, 0.0, 0.0, 0.0, 0.0, -1.0, 0.0, 1.0, 0.0, 0.0, 0.0, 0.0, 0.0, 0.0, 1.0 ], [ -0.809017, -0.309017, -0.5, 0.0, -0.309017, -0.5, 0.809017, 0.0, -0.5, 0.809017, 0.309017, 0.0, 0.0, 0.0, 0.0, 1.0 ], [ 0.5, -0.809017, -0.309017, 0.0, -0.809017, -0.309017, -0.5, 0.0, 0.309017, 0.5, -0.809017, 0.0, 0.0, 0.0, 0.0, 1.0 ], [ -0.309017, -0.5, 0.809017, 0.0, 0.5, -0.809017, -0.309017, 0.0, 0.809017, 0.309017, 0.5, 0.0, 0.0, 0.0, 0.0, 1.0 ], [ -0.5, -0.809017, -0.309017, 0.0, -0.809017, 0.309017, 0.5, 0.0, -0.309017, 0.5, -0.809017, 0.0, 0.0, 0.0, 0.0, 1.0 ], [ 0.309017, -0.5, 0.809017, 0.0, -0.5, -0.809017, -0.309017, 0.0, 0.809017, -0.309017, -0.5, 0.0, 0.0, 0.0, 0.0, 1.0 ], [ -0.809017, 0.309017, 0.5, 0.0, 0.309017, -0.5, 0.809017, 0.0, 0.5, 0.809017, 0.309017, 0.0, 0.0, 0.0, 0.0, 1.0 ], [ -0.5, -0.809017, 0.309017, 0.0, -0.809017, 0.309017, -0.5, 0.0, 0.309017, -0.5, -0.809017, 0.0, 0.0, 0.0, 0.0, 1.0 ], [ -0.309017, 0.5, 0.809017, 0.0, -0.5, -0.809017, 0.309017, 0.0, 0.809017, -0.309017, 0.5, 0.0, 0.0, 0.0, 0.0, 1.0 ], [ -0.809017, 0.309017, -0.5, 0.0, -0.309017, 0.5, 0.809017, 0.0, 0.5, 0.809017, -0.309017, 0.0, 0.0, 0.0, 0.0, 1.0 ], [ -0.809017, -0.309017, 0.5, 0.0, -0.309017, -0.5, -0.809017, 0.0, 0.5, -0.809017, 0.309017, 0.0, 0.0, 0.0, 0.0, 1.0 ], [ -0.5, 0.809017, -0.309017, 0.0, -0.809017, -0.309017, 0.5, 0.0, 0.309017, 0.5, 0.809017, 0.0, 0.0, 0.0, 0.0, 1.0 ], [ -0.309017, -0.5, -0.809017, 0.0, -0.5, 0.809017, -0.309017, 0.0, 0.809017, 0.309017, -0.5, 0.0, 0.0, 0.0, 0.0, 1.0 ], [ -1.0, 0.0, 0.0, 0.0, 0.0, 1.0, 0.0, 0.0, 0.0, 0.0, -1.0, 0.0, 0.0, 0.0, 0.0, 1.0 ], [ 0.0, 0.0, -1.0, 0.0, 1.0, 0.0, 0.0, 0.0, 0.0, -1.0, 0.0, 0.0, 0.0, 0.0, 0.0, 1.0 ], [ 0.0, -1.0, 0.0, 0.0, 0.0, 0.0, 1.0, 0.0, -1.0, 0.0, 0.0, 0.0, 0.0, 0.0, 0.0, 1.0 ], [ -0.809017, -0.309017, -0.5, 0.0, 0.309017, 0.5, -0.809017, 0.0, 0.5, -0.809017, -0.309017, 0.0, 0.0, 0.0, 0.0, 1.0 ], [ 0.5, -0.809017, -0.309017, 0.0, 0.809017, 0.309017, 0.5, 0.0, -0.309017, -0.5, 0.809017, 0.0, 0.0, 0.0, 0.0, 1.0 ], [ -0.309017, -0.5, 0.809017, 0.0, -0.5, 0.809017, 0.309017, 0.0, -0.809017, -0.309017, -0.5, 0.0, 0.0, 0.0, 0.0, 1.0 ], [ -0.5, -0.809017, -0.309017, 0.0, 0.809017, -0.309017, -0.5, 0.0, 0.309017, -0.5, 0.809017, 0.0, 0.0, 0.0, 0.0, 1.0 ], [ 0.309017, -0.5, 0.809017, 0.0, 0.5, 0.809017, 0.309017, 0.0, -0.809017, 0.309017, 0.5, 0.0, 0.0, 0.0, 0.0, 1.0 ], [ -0.809017, 0.309017, 0.5, 0.0, -0.309017, 0.5, -0.809017, 0.0, -0.5, -0.809017, -0.309017, 0.0, 0.0, 0.0, 0.0, 1.0 ], [ -0.5, -0.809017, 0.309017, 0.0, 0.809017, -0.309017, 0.5, 0.0, -0.309017, 0.5, 0.809017, 0.0, 0.0, 0.0, 0.0, 1.0 ], [ -0.309017, 0.5, 0.809017, 0.0, 0.5, 0.809017, -0.309017, 0.0, -0.809017, 0.309017, -0.5, 0.0, 0.0, 0.0, 0.0, 1.0 ], [ -0.809017, 0.309017, -0.5, 0.0, 0.309017, -0.5, -0.809017, 0.0, -0.5, -0.809017, 0.309017, 0.0, 0.0, 0.0, 0.0, 1.0 ], [ -0.809017, -0.309017, 0.5, 0.0, 0.309017, 0.5, 0.809017, 0.0, -0.5, 0.809017, -0.309017, 0.0, 0.0, 0.0, 0.0, 1.0 ], [ -0.5, 0.809017, -0.309017, 0.0, 0.809017, 0.309017, -0.5, 0.0, -0.309017, -0.5, -0.809017, 0.0, 0.0, 0.0, 0.0, 1.0 ], [ -0.309017, -0.5, -0.809017, 0.0, 0.5, -0.809017, 0.309017, 0.0, -0.809017, -0.309017, 0.5, 0.0, 0.0, 0.0, 0.0, 1.0 ] ],
  "lights" : {
    "ambientColor" : "#292929",
    "backgroundColor" : "#666666",
    "directionalLights" : [ {
      "direction" : {
        "x" : 1.0,
        "y" : -1.0,
        "z" : -1.0
      },
      "color" : "#EBEBE4"
    }, {
      "direction" : {
        "x" : -1.0,
        "y" : 0.0,
        "z" : 0.0
      },
      "color" : "#E4E4EB"
    }, {
      "direction" : {
        "x" : 0.0,
        "y" : 0.0,
        "z" : -1.0
      },
      "color" : "#1E1E1E"
    } ]
  },
  "camera" : {
    "viewDistance" : 60.878464,
    "nearClipDistance" : 0.15219635,
    "farClipDistance" : 121.757256,
    "lookAtPoint" : {
      "x" : 0.0,
      "y" : 0.0,
      "z" : 0.0
    },
    "fieldOfView" : 0.44262907,
    "perspective" : true,
    "lookDirection" : {
      "x" : 0.5257311,
      "y" : 0.0,
      "z" : 0.8506508
    },
    "upDirection" : {
      "x" : -0.688191,
      "y" : 0.58778524,
      "z" : 0.4253254
    },
    "stereo" : false,
    "width" : 27.39532,
    "position" : {
      "x" : -32.0057,
      "y" : 0.0,
      "z" : -51.786312
    }
  },
  "embedding" : [ 1.0, 0.0, 0.0, 0.0, 0.0, 1.0, 0.0, 0.0, 0.0, 0.0, 1.0, 0.0, 0.0, 0.0, 0.0, 1.0 ],
  "shapes" : [ {
    "id" : "ff05fe29-3ec0-4a09-8c64-eabe14652bde",
    "vertices" : [ {
      "x" : 5.6832814,
      "y" : -1.8944272,
      "z" : 4.236068
    }, {
      "x" : 2.3416407,
      "y" : 1.1708204,
      "z" : 6.854102
    }, {
      "x" : 1.8944272,
      "y" : 5.6832814,
      "z" : 4.236068
    }, {
      "x" : 4.959675,
      "y" : 5.4068885,
      "z" : 0.0
    }, {
      "x" : 7.301316,
      "y" : 0.7236068,
      "z" : 0.0
    } ],
    "faces" : [ {
      "vertices" : [ 0, 1, 2 ]
    }, {
      "vertices" : [ 0, 2, 3 ]
    }, {
      "vertices" : [ 0, 3, 4 ]
    }, {
      "vertices" : [ 0, 4, 3 ]
    }, {
      "vertices" : [ 0, 3, 2 ]
    }, {
      "vertices" : [ 0, 2, 1 ]
    } ]
  }, {
    "id" : "48478358-e6aa-4d3a-966b-42189419ea3f",
    "vertices" : [ {
      "x" : 6.130495,
      "y" : -2.618034,
      "z" : -3.0652475
    }, {
      "x" : 5.6832814,
      "y" : -4.236068,
      "z" : 1.8944272
    }, {
      "x" : 5.4068885,
      "y" : 0.0,
      "z" : 4.959675
    }, {
      "x" : 5.6832814,
      "y" : 4.236068,
      "z" : 1.8944272
    }, {
      "x" : 6.130495,
      "y" : 2.618034,
      "z" : -3.0652475
    } ],
    "faces" : [ {
      "vertices" : [ 0, 1, 2 ]
    }, {
      "vertices" : [ 0, 2, 3 ]
    }, {
      "vertices" : [ 0, 3, 4 ]
    }, {
      "vertices" : [ 0, 4, 3 ]
    }, {
      "vertices" : [ 0, 3, 2 ]
    }, {
      "vertices" : [ 0, 2, 1 ]
    } ]
  }, {
    "id" : "75ffa378-e534-4b09-be05-098fe957a6ec",
    "vertices" : [ {
      "x" : -6.130495,
      "y" : 2.618034,
      "z" : 3.0652475
    }, {
      "x" : -5.6832814,
      "y" : 4.236068,
      "z" : -1.8944272
    }, {
      "x" : -1.1708204,
      "y" : 6.854102,
      "z" : -2.3416407
    }, {
      "x" : 1.1708204,
      "y" : 6.854102,
      "z" : 2.3416407
    }, {
      "x" : -1.8944272,
      "y" : 4.236068,
      "z" : 5.6832814
    } ],
    "faces" : [ {
      "vertices" : [ 0, 1, 2 ]
    }, {
      "vertices" : [ 0, 2, 3 ]
    }, {
      "vertices" : [ 0, 3, 4 ]
    }, {
      "vertices" : [ 0, 4, 3 ]
    }, {
      "vertices" : [ 0, 3, 2 ]
    }, {
      "vertices" : [ 0, 2, 1 ]
    } ]
  }, {
    "id" : "3fd2053e-6f5e-40fe-877d-8c3b09fc7c49",
    "vertices" : [ {
      "x" : 6.130495,
      "y" : -2.618034,
      "z" : 3.0652475
    }, {
      "x" : 6.130495,
      "y" : 2.618034,
      "z" : 3.0652475
    }, {
      "x" : 1.8944272,
      "y" : 4.236068,
      "z" : 5.6832814
    }, {
      "x" : -0.7236068,
      "y" : 0.0,
      "z" : 7.301316
    }, {
      "x" : 1.8944272,
      "y" : -4.236068,
      "z" : 5.6832814
    } ],
    "faces" : [ {
      "vertices" : [ 0, 1, 2 ]
    }, {
      "vertices" : [ 0, 2, 3 ]
    }, {
      "vertices" : [ 0, 3, 4 ]
    }, {
      "vertices" : [ 0, 4, 3 ]
    }, {
      "vertices" : [ 0, 3, 2 ]
    }, {
      "vertices" : [ 0, 2, 1 ]
    } ]
  }, {
    "id" : "0abb7ead-b766-43f5-b973-e2b0d481c8bb",
    "vertices" : [ {
      "x" : 7.301316,
      "y" : 0.7236068,
      "z" : 0.0
    }, {
      "x" : 5.854102,
      "y" : 3.618034,
      "z" : 0.0
    }, {
      "x" : 3.618034,
      "y" : 0.0,
      "z" : 5.854102
    }, {
      "x" : 5.6832814,
      "y" : -1.8944272,
      "z" : 4.236068
    } ],
    "faces" : [ {
      "vertices" : [ 0, 1, 2 ]
    }, {
      "vertices" : [ 0, 2, 3 ]
    }, {
      "vertices" : [ 0, 3, 2 ]
    }, {
      "vertices" : [ 0, 2, 1 ]
    } ]
  }, {
    "id" : "c5f0aa9d-1b18-4f05-8045-32e9b89a6cd3",
    "vertices" : [ {
      "x" : 5.6832814,
      "y" : 1.8944272,
      "z" : 4.236068
    }, {
      "x" : 3.618034,
      "y" : 0.0,
      "z" : 5.854102
    }, {
      "x" : 5.854102,
      "y" : -3.618034,
      "z" : 0.0
    }, {
      "x" : 7.301316,
      "y" : -0.7236068,
      "z" : 0.0
    } ],
    "faces" : [ {
      "vertices" : [ 0, 1, 2 ]
    }, {
      "vertices" : [ 0, 2, 3 ]
    }, {
      "vertices" : [ 0, 3, 2 ]
    }, {
      "vertices" : [ 0, 2, 1 ]
    } ]
  }, {
    "id" : "8285b460-2f45-4dd1-8088-670c222ac30f",
    "vertices" : [ {
      "x" : -5.6832814,
      "y" : 1.8944272,
      "z" : 4.236068
    }, {
      "x" : -2.3416407,
      "y" : -1.1708204,
      "z" : 6.854102
    }, {
      "x" : -1.8944272,
      "y" : -5.6832814,
      "z" : 4.236068
    }, {
      "x" : -4.959675,
      "y" : -5.4068885,
      "z" : 0.0
    }, {
      "x" : -7.301316,
      "y" : -0.7236068,
      "z" : 0.0
    } ],
    "faces" : [ {
      "vertices" : [ 0, 1, 2 ]
    }, {
      "vertices" : [ 0, 2, 3 ]
    }, {
      "vertices" : [ 0, 3, 4 ]
    }, {
      "vertices" : [ 0, 4, 3 ]
    }, {
      "vertices" : [ 0, 3, 2 ]
    }, {
      "vertices" : [ 0, 2, 1 ]
    } ]
  }, {
    "id" : "ddef6c88-64e8-4caa-8af0-678a65077bc9",
    "vertices" : [ {
      "x" : -5.6832814,
      "y" : 1.8944272,
      "z" : -4.236068
    }, {
      "x" : -2.3416407,
      "y" : -1.1708204,
      "z" : -6.854102
    }, {
      "x" : 2.3416407,
      "y" : 1.1708204,
      "z" : -6.854102
    }, {
      "x" : 1.8944272,
      "y" : 5.6832814,
      "z" : -4.236068
    }, {
      "x" : -3.0652475,
      "y" : 6.130495,
      "z" : -2.618034
    } ],
    "faces" : [ {
      "vertices" : [ 0, 1, 2 ]
    }, {
      "vertices" : [ 0, 2, 3 ]
    }, {
      "vertices" : [ 0, 3, 4 ]
    }, {
      "vertices" : [ 0, 4, 3 ]
    }, {
      "vertices" : [ 0, 3, 2 ]
    }, {
      "vertices" : [ 0, 2, 1 ]
    } ]
  }, {
    "id" : "a6bb89c6-6067-4d10-bf5a-0615d17ecad9",
    "vertices" : [ {
      "x" : -1.8944272,
      "y" : 4.236068,
      "z" : -5.6832814
    }, {
      "x" : 0.7236068,
      "y" : 0.0,
      "z" : -7.301316
    }, {
      "x" : -1.8944272,
      "y" : -4.236068,
      "z" : -5.6832814
    }, {
      "x" : -6.130495,
      "y" : -2.618034,
      "z" : -3.0652475
    }, {
      "x" : -6.130495,
      "y" : 2.618034,
      "z" : -3.0652475
    } ],
    "faces" : [ {
      "vertices" : [ 0, 1, 2 ]
    }, {
      "vertices" : [ 0, 2, 3 ]
    }, {
      "vertices" : [ 0, 3, 4 ]
    }, {
      "vertices" : [ 0, 4, 3 ]
    }, {
      "vertices" : [ 0, 3, 2 ]
    }, {
      "vertices" : [ 0, 2, 1 ]
    } ]
  }, {
    "id" : "65c636cc-6892-459a-ad5e-75d671f6e732",
    "vertices" : [ {
      "x" : -4.236068,
      "y" : -5.6832814,
      "z" : 1.8944272
    }, {
      "x" : -6.854102,
      "y" : -2.3416407,
      "z" : -1.1708204
    }, {
      "x" : -6.854102,
      "y" : 2.3416407,
      "z" : 1.1708204
    }, {
      "x" : -4.236068,
      "y" : 1.8944272,
      "z" : 5.6832814
    }, {
      "x" : -2.618034,
      "y" : -3.0652475,
      "z" : 6.130495
    } ],
    "faces" : [ {
      "vertices" : [ 0, 1, 2 ]
    }, {
      "vertices" : [ 0, 2, 3 ]
    }, {
      "vertices" : [ 0, 3, 4 ]
    }, {
      "vertices" : [ 0, 4, 3 ]
    }, {
      "vertices" : [ 0, 3, 2 ]
    }, {
      "vertices" : [ 0, 2, 1 ]
    } ]
  }, {
    "id" : "cff17301-b440-44b8-a8b5-c83e19519944",
    "vertices" : [ {
      "x" : -5.6832814,
      "y" : -1.8944272,
      "z" : 4.236068
    }, {
      "x" : -3.618034,
      "y" : 0.0,
      "z" : 5.854102
    }, {
      "x" : -5.854102,
      "y" : 3.618034,
      "z" : 0.0
    }, {
      "x" : -7.301316,
      "y" : 0.7236068,
      "z" : 0.0
    } ],
    "faces" : [ {
      "vertices" : [ 0, 1, 2 ]
    }, {
      "vertices" : [ 0, 2, 3 ]
    }, {
      "vertices" : [ 0, 3, 2 ]
    }, {
      "vertices" : [ 0, 2, 1 ]
    } ]
  }, {
    "id" : "e964b68a-51f7-4683-a4a1-60ff1441f7c7",
    "vertices" : [ {
      "x" : 1.8944272,
      "y" : -4.236068,
      "z" : -5.6832814
    }, {
      "x" : -1.1708204,
      "y" : -6.854102,
      "z" : -2.3416407
    }, {
      "x" : 1.1708204,
      "y" : -6.854102,
      "z" : 2.3416407
    }, {
      "x" : 5.6832814,
      "y" : -4.236068,
      "z" : 1.8944272
    }, {
      "x" : 6.130495,
      "y" : -2.618034,
      "z" : -3.0652475
    } ],
    "faces" : [ {
      "vertices" : [ 0, 1, 2 ]
    }, {
      "vertices" : [ 0, 2, 3 ]
    }, {
      "vertices" : [ 0, 3, 4 ]
    }, {
      "vertices" : [ 0, 4, 3 ]
    }, {
      "vertices" : [ 0, 3, 2 ]
    }, {
      "vertices" : [ 0, 2, 1 ]
    } ]
  }, {
    "id" : "287b918f-b60f-488c-92aa-17b093e8a08f",
    "vertices" : [ {
      "x" : 1.8944272,
      "y" : -4.236068,
      "z" : 5.6832814
    }, {
      "x" : -1.1708204,
      "y" : -6.854102,
      "z" : 2.3416407
    }, {
      "x" : -5.6832814,
      "y" : -4.236068,
      "z" : 1.8944272
    }, {
      "x" : -5.4068885,
      "y" : 0.0,
      "z" : 4.959675
    }, {
      "x" : -0.7236068,
      "y" : 0.0,
      "z" : 7.301316
    } ],
    "faces" : [ {
      "vertices" : [ 0, 1, 2 ]
    }, {
      "vertices" : [ 0, 2, 3 ]
    }, {
      "vertices" : [ 0, 3, 4 ]
    }, {
      "vertices" : [ 0, 4, 3 ]
    }, {
      "vertices" : [ 0, 3, 2 ]
    }, {
      "vertices" : [ 0, 2, 1 ]
    } ]
  }, {
    "id" : "472537cc-4df7-4e6b-9a60-f994e66c9012",
    "vertices" : [ {
      "x" : 5.6832814,
      "y" : -1.8944272,
      "z" : -4.236068
    }, {
      "x" : 3.618034,
      "y" : 0.0,
      "z" : -5.854102
    }, {
      "x" : 5.854102,
      "y" : 3.618034,
      "z" : 0.0
    }, {
      "x" : 7.301316,
      "y" : 0.7236068,
      "z" : 0.0
    } ],
    "faces" : [ {
      "vertices" : [ 0, 1, 2 ]
    }, {
      "vertices" : [ 0, 2, 3 ]
    }, {
      "vertices" : [ 0, 3, 2 ]
    }, {
      "vertices" : [ 0, 2, 1 ]
    } ]
  }, {
    "id" : "4519743f-165c-4eb5-aef4-7e6db079582a",
    "vertices" : [ {
      "x" : 0.7236068,
      "y" : 0.0,
      "z" : 7.301316
    }, {
      "x" : 5.4068885,
      "y" : 0.0,
      "z" : 4.959675
    }, {
      "x" : 5.6832814,
      "y" : -4.236068,
      "z" : 1.8944272
    }, {
      "x" : 1.1708204,
      "y" : -6.854102,
      "z" : 2.3416407
    }, {
      "x" : -1.8944272,
      "y" : -4.236068,
      "z" : 5.6832814
    } ],
    "faces" : [ {
      "vertices" : [ 0, 1, 2 ]
    }, {
      "vertices" : [ 0, 2, 3 ]
    }, {
      "vertices" : [ 0, 3, 4 ]
    }, {
      "vertices" : [ 0, 4, 3 ]
    }, {
      "vertices" : [ 0, 3, 2 ]
    }, {
      "vertices" : [ 0, 2, 1 ]
    } ]
  }, {
    "id" : "95d3dc8f-26d5-4d8e-839c-293e99f1e14a",
    "vertices" : [ {
      "x" : -3.0652475,
      "y" : -6.130495,
      "z" : 2.618034
    }, {
      "x" : 0.0,
      "y" : -5.854102,
      "z" : 3.618034
    }, {
      "x" : -3.618034,
      "y" : 0.0,
      "z" : 5.854102
    }, {
      "x" : -5.6832814,
      "y" : -1.8944272,
      "z" : 4.236068
    } ],
    "faces" : [ {
      "vertices" : [ 0, 1, 2 ]
    }, {
      "vertices" : [ 0, 2, 3 ]
    }, {
      "vertices" : [ 0, 3, 2 ]
    }, {
      "vertices" : [ 0, 2, 1 ]
    } ]
  }, {
    "id" : "cd341ee8-3cb0-4b2d-a77b-afebc07cc508",
    "vertices" : [ {
      "x" : -3.0652475,
      "y" : -6.130495,
      "z" : -2.618034
    }, {
      "x" : 0.0,
      "y" : -5.854102,
      "z" : -3.618034
    }, {
      "x" : 0.0,
      "y" : -5.854102,
      "z" : 3.618034
    }, {
      "x" : -3.0652475,
      "y" : -6.130495,
      "z" : 2.618034
    } ],
    "faces" : [ {
      "vertices" : [ 0, 1, 2 ]
    }, {
      "vertices" : [ 0, 2, 3 ]
    }, {
      "vertices" : [ 0, 3, 2 ]
    }, {
      "vertices" : [ 0, 2, 1 ]
    } ]
  }, {
    "id" : "4a8acb1a-758b-4cea-8bce-489ebc0d8909",
    "vertices" : [ {
      "x" : 2.618034,
      "y" : 3.0652475,
      "z" : -6.130495
    }, {
      "x" : 4.236068,
      "y" : -1.8944272,
      "z" : -5.6832814
    }, {
      "x" : 6.854102,
      "y" : -2.3416407,
      "z" : -1.1708204
    }, {
      "x" : 6.854102,
      "y" : 2.3416407,
      "z" : 1.1708204
    }, {
      "x" : 4.236068,
      "y" : 5.6832814,
      "z" : -1.8944272
    } ],
    "faces" : [ {
      "vertices" : [ 0, 1, 2 ]
    }, {
      "vertices" : [ 0, 2, 3 ]
    }, {
      "vertices" : [ 0, 3, 4 ]
    }, {
      "vertices" : [ 0, 4, 3 ]
    }, {
      "vertices" : [ 0, 3, 2 ]
    }, {
      "vertices" : [ 0, 2, 1 ]
    } ]
  }, {
    "id" : "35b5a59c-e828-4f58-8d0c-bf98c33028a0",
    "vertices" : [ {
      "x" : -3.0652475,
      "y" : -6.130495,
      "z" : -2.618034
    }, {
      "x" : 1.8944272,
      "y" : -5.6832814,
      "z" : -4.236068
    }, {
      "x" : 2.3416407,
      "y" : -1.1708204,
      "z" : -6.854102
    }, {
      "x" : -2.3416407,
      "y" : 1.1708204,
      "z" : -6.854102
    }, {
      "x" : -5.6832814,
      "y" : -1.8944272,
      "z" : -4.236068
    } ],
    "faces" : [ {
      "vertices" : [ 0, 1, 2 ]
    }, {
      "vertices" : [ 0, 2, 3 ]
    }, {
      "vertices" : [ 0, 3, 4 ]
    }, {
      "vertices" : [ 0, 4, 3 ]
    }, {
      "vertices" : [ 0, 3, 2 ]
    }, {
      "vertices" : [ 0, 2, 1 ]
    } ]
  }, {
    "id" : "54ef068a-f824-4333-ab54-3bd4a618b520",
    "vertices" : [ {
      "x" : -3.0652475,
      "y" : -6.130495,
      "z" : 2.618034
    }, {
      "x" : 1.8944272,
      "y" : -5.6832814,
      "z" : 4.236068
    }, {
      "x" : 4.959675,
      "y" : -5.4068885,
      "z" : 0.0
    }, {
      "x" : 1.8944272,
      "y" : -5.6832814,
      "z" : -4.236068
    }, {
      "x" : -3.0652475,
      "y" : -6.130495,
      "z" : -2.618034
    } ],
    "faces" : [ {
      "vertices" : [ 0, 1, 2 ]
    }, {
      "vertices" : [ 0, 2, 3 ]
    }, {
      "vertices" : [ 0, 3, 4 ]
    }, {
      "vertices" : [ 0, 4, 3 ]
    }, {
      "vertices" : [ 0, 3, 2 ]
    }, {
      "vertices" : [ 0, 2, 1 ]
    } ]
  }, {
    "id" : "cdbe6371-b4ff-40c0-9801-fc64ec67b5d3",
    "vertices" : [ {
      "x" : 2.618034,
      "y" : -3.0652475,
      "z" : -6.130495
    }, {
      "x" : 4.236068,
      "y" : 1.8944272,
      "z" : -5.6832814
    }, {
      "x" : 0.0,
      "y" : 4.959675,
      "z" : -5.4068885
    }, {
      "x" : -4.236068,
      "y" : 1.8944272,
      "z" : -5.6832814
    }, {
      "x" : -2.618034,
      "y" : -3.0652475,
      "z" : -6.130495
    } ],
    "faces" : [ {
      "vertices" : [ 0, 1, 2 ]
    }, {
      "vertices" : [ 0, 2, 3 ]
    }, {
      "vertices" : [ 0, 3, 4 ]
    }, {
      "vertices" : [ 0, 4, 3 ]
    }, {
      "vertices" : [ 0, 3, 2 ]
    }, {
      "vertices" : [ 0, 2, 1 ]
    } ]
  }, {
    "id" : "6724d966-84dd-49ca-a68c-3e1654198163",
    "vertices" : [ {
      "x" : -5.6832814,
      "y" : 1.8944272,
      "z" : 4.236068
    }, {
      "x" : -3.618034,
      "y" : 0.0,
      "z" : 5.854102
    }, {
      "x" : 0.0,
      "y" : 5.854102,
      "z" : 3.618034
    }, {
      "x" : -3.0652475,
      "y" : 6.130495,
      "z" : 2.618034
    } ],
    "faces" : [ {
      "vertices" : [ 0, 1, 2 ]
    }, {
      "vertices" : [ 0, 2, 3 ]
    }, {
      "vertices" : [ 0, 3, 2 ]
    }, {
      "vertices" : [ 0, 2, 1 ]
    } ]
  }, {
    "id" : "302fadfb-7360-446c-8b55-e9bae84f5c00",
    "vertices" : [ {
      "x" : -4.236068,
      "y" : 5.6832814,
      "z" : 1.8944272
    }, {
      "x" : -6.854102,
      "y" : 2.3416407,
      "z" : -1.1708204
    }, {
      "x" : -4.236068,
      "y" : 1.8944272,
      "z" : -5.6832814
    }, {
      "x" : 0.0,
      "y" : 4.959675,
      "z" : -5.4068885
    }, {
      "x" : 0.0,
      "y" : 7.301316,
      "z" : -0.7236068
    } ],
    "faces" : [ {
      "vertices" : [ 0, 1, 2 ]
    }, {
      "vertices" : [ 0, 2, 3 ]
    }, {
      "vertices" : [ 0, 3, 4 ]
    }, {
      "vertices" : [ 0, 4, 3 ]
    }, {
      "vertices" : [ 0, 3, 2 ]
    }, {
      "vertices" : [ 0, 2, 1 ]
    } ]
  }, {
    "id" : "35a31432-df87-487e-927a-1e029d99a4b9",
    "vertices" : [ {
      "x" : 5.6832814,
      "y" : 1.8944272,
      "z" : -4.236068
    }, {
      "x" : 2.3416407,
      "y" : -1.1708204,
      "z" : -6.854102
    }, {
      "x" : 1.8944272,
      "y" : -5.6832814,
      "z" : -4.236068
    }, {
      "x" : 4.959675,
      "y" : -5.4068885,
      "z" : 0.0
    }, {
      "x" : 7.301316,
      "y" : -0.7236068,
      "z" : 0.0
    } ],
    "faces" : [ {
      "vertices" : [ 0, 1, 2 ]
    }, {
      "vertices" : [ 0, 2, 3 ]
    }, {
      "vertices" : [ 0, 3, 4 ]
    }, {
      "vertices" : [ 0, 4, 3 ]
    }, {
      "vertices" : [ 0, 3, 2 ]
    }, {
      "vertices" : [ 0, 2, 1 ]
    } ]
  }, {
    "id" : "dfe38a6a-7e5b-458e-b2d5-6e3b6660c615",
    "vertices" : [ {
      "x" : -4.236068,
      "y" : 5.6832814,
      "z" : -1.8944272
    }, {
      "x" : -6.854102,
      "y" : 2.3416407,
      "z" : 1.1708204
    }, {
      "x" : -6.854102,
      "y" : -2.3416407,
      "z" : -1.1708204
    }, {
      "x" : -4.236068,
      "y" : -1.8944272,
      "z" : -5.6832814
    }, {
      "x" : -2.618034,
      "y" : 3.0652475,
      "z" : -6.130495
    } ],
    "faces" : [ {
      "vertices" : [ 0, 1, 2 ]
    }, {
      "vertices" : [ 0, 2, 3 ]
    }, {
      "vertices" : [ 0, 3, 4 ]
    }, {
      "vertices" : [ 0, 4, 3 ]
    }, {
      "vertices" : [ 0, 3, 2 ]
    }, {
      "vertices" : [ 0, 2, 1 ]
    } ]
  }, {
    "id" : "c058fc5c-cdec-4e76-b727-2b16abd90b18",
    "vertices" : [ {
      "x" : -3.0652475,
      "y" : 6.130495,
      "z" : 2.618034
    }, {
      "x" : 1.8944272,
      "y" : 5.6832814,
      "z" : 4.236068
    }, {
      "x" : 2.3416407,
      "y" : 1.1708204,
      "z" : 6.854102
    }, {
      "x" : -2.3416407,
      "y" : -1.1708204,
      "z" : 6.854102
    }, {
      "x" : -5.6832814,
      "y" : 1.8944272,
      "z" : 4.236068
    } ],
    "faces" : [ {
      "vertices" : [ 0, 1, 2 ]
    }, {
      "vertices" : [ 0, 2, 3 ]
    }, {
      "vertices" : [ 0, 3, 4 ]
    }, {
      "vertices" : [ 0, 4, 3 ]
    }, {
      "vertices" : [ 0, 3, 2 ]
    }, {
      "vertices" : [ 0, 2, 1 ]
    } ]
  }, {
    "id" : "79c936ce-11af-4d2c-8fe6-29bdda27a352",
    "vertices" : [ {
      "x" : -1.8944272,
      "y" : -4.236068,
      "z" : 5.6832814
    }, {
      "x" : 0.0,
      "y" : -5.854102,
      "z" : 3.618034
    }, {
      "x" : 3.618034,
      "y" : 0.0,
      "z" : 5.854102
    }, {
      "x" : 0.7236068,
      "y" : 0.0,
      "z" : 7.301316
    } ],
    "faces" : [ {
      "vertices" : [ 0, 1, 2 ]
    }, {
      "vertices" : [ 0, 2, 3 ]
    }, {
      "vertices" : [ 0, 3, 2 ]
    }, {
      "vertices" : [ 0, 2, 1 ]
    } ]
  }, {
    "id" : "d817ba5f-6fd1-4830-9e18-551725c93dd4",
    "vertices" : [ {
      "x" : 5.6832814,
      "y" : -1.8944272,
      "z" : -4.236068
    }, {
      "x" : 7.301316,
      "y" : 0.7236068,
      "z" : 0.0
    }, {
      "x" : 5.6832814,
      "y" : -1.8944272,
      "z" : 4.236068
    }, {
      "x" : 3.0652475,
      "y" : -6.130495,
      "z" : 2.618034
    }, {
      "x" : 3.0652475,
      "y" : -6.130495,
      "z" : -2.618034
    } ],
    "faces" : [ {
      "vertices" : [ 0, 1, 2 ]
    }, {
      "vertices" : [ 0, 2, 3 ]
    }, {
      "vertices" : [ 0, 3, 4 ]
    }, {
      "vertices" : [ 0, 4, 3 ]
    }, {
      "vertices" : [ 0, 3, 2 ]
    }, {
      "vertices" : [ 0, 2, 1 ]
    } ]
  }, {
    "id" : "6c48ea04-3986-47c4-8e08-21c562ffb63e",
    "vertices" : [ {
      "x" : 3.0652475,
      "y" : 6.130495,
      "z" : -2.618034
    }, {
      "x" : 3.0652475,
      "y" : 6.130495,
      "z" : 2.618034
    }, {
      "x" : 5.6832814,
      "y" : 1.8944272,
      "z" : 4.236068
    }, {
      "x" : 7.301316,
      "y" : -0.7236068,
      "z" : 0.0
    }, {
      "x" : 5.6832814,
      "y" : 1.8944272,
      "z" : -4.236068
    } ],
    "faces" : [ {
      "vertices" : [ 0, 1, 2 ]
    }, {
      "vertices" : [ 0, 2, 3 ]
    }, {
      "vertices" : [ 0, 3, 4 ]
    }, {
      "vertices" : [ 0, 4, 3 ]
    }, {
      "vertices" : [ 0, 3, 2 ]
    }, {
      "vertices" : [ 0, 2, 1 ]
    } ]
  }, {
    "id" : "55be41bc-4194-49ec-83bf-6de9bad09f77",
    "vertices" : [ {
      "x" : -7.301316,
      "y" : 0.7236068,
      "z" : 0.0
    }, {
      "x" : -5.6832814,
      "y" : -1.8944272,
      "z" : -4.236068
    }, {
      "x" : -3.0652475,
      "y" : -6.130495,
      "z" : -2.618034
    }, {
      "x" : -3.0652475,
      "y" : -6.130495,
      "z" : 2.618034
    }, {
      "x" : -5.6832814,
      "y" : -1.8944272,
      "z" : 4.236068
    } ],
    "faces" : [ {
      "vertices" : [ 0, 1, 2 ]
    }, {
      "vertices" : [ 0, 2, 3 ]
    }, {
      "vertices" : [ 0, 3, 4 ]
    }, {
      "vertices" : [ 0, 4, 3 ]
    }, {
      "vertices" : [ 0, 3, 2 ]
    }, {
      "vertices" : [ 0, 2, 1 ]
    } ]
  }, {
    "id" : "1644fcd9-5a3b-4fde-a51e-36c67e40f8e6",
    "vertices" : [ {
      "x" : 2.618034,
      "y" : -3.0652475,
      "z" : 6.130495
    }, {
      "x" : 4.236068,
      "y" : 1.8944272,
      "z" : 5.6832814
    }, {
      "x" : 6.854102,
      "y" : 2.3416407,
      "z" : 1.1708204
    }, {
      "x" : 6.854102,
      "y" : -2.3416407,
      "z" : -1.1708204
    }, {
      "x" : 4.236068,
      "y" : -5.6832814,
      "z" : 1.8944272
    } ],
    "faces" : [ {
      "vertices" : [ 0, 1, 2 ]
    }, {
      "vertices" : [ 0, 2, 3 ]
    }, {
      "vertices" : [ 0, 3, 4 ]
    }, {
      "vertices" : [ 0, 4, 3 ]
    }, {
      "vertices" : [ 0, 3, 2 ]
    }, {
      "vertices" : [ 0, 2, 1 ]
    } ]
  }, {
    "id" : "e93e7568-a167-430e-8f40-549463cee597",
    "vertices" : [ {
      "x" : -6.130495,
      "y" : 2.618034,
      "z" : -3.0652475
    }, {
      "x" : -5.6832814,
      "y" : 4.236068,
      "z" : 1.8944272
    }, {
      "x" : -5.4068885,
      "y" : 0.0,
      "z" : 4.959675
    }, {
      "x" : -5.6832814,
      "y" : -4.236068,
      "z" : 1.8944272
    }, {
      "x" : -6.130495,
      "y" : -2.618034,
      "z" : -3.0652475
    } ],
    "faces" : [ {
      "vertices" : [ 0, 1, 2 ]
    }, {
      "vertices" : [ 0, 2, 3 ]
    }, {
      "vertices" : [ 0, 3, 4 ]
    }, {
      "vertices" : [ 0, 4, 3 ]
    }, {
      "vertices" : [ 0, 3, 2 ]
    }, {
      "vertices" : [ 0, 2, 1 ]
    } ]
  }, {
    "id" : "8d19ce0d-1245-416c-b83b-d1e7d67c7bcb",
    "vertices" : [ {
      "x" : 1.8944272,
      "y" : 4.236068,
      "z" : -5.6832814
    }, {
      "x" : -1.1708204,
      "y" : 6.854102,
      "z" : -2.3416407
    }, {
      "x" : -5.6832814,
      "y" : 4.236068,
      "z" : -1.8944272
    }, {
      "x" : -5.4068885,
      "y" : 0.0,
      "z" : -4.959675
    }, {
      "x" : -0.7236068,
      "y" : 0.0,
      "z" : -7.301316
    } ],
    "faces" : [ {
      "vertices" : [ 0, 1, 2 ]
    }, {
      "vertices" : [ 0, 2, 3 ]
    }, {
      "vertices" : [ 0, 3, 4 ]
    }, {
      "vertices" : [ 0, 4, 3 ]
    }, {
      "vertices" : [ 0, 3, 2 ]
    }, {
      "vertices" : [ 0, 2, 1 ]
    } ]
  }, {
    "id" : "fae2c5a6-be1f-45cc-837f-917b4d73a77f",
    "vertices" : [ {
      "x" : -4.236068,
      "y" : 5.6832814,
      "z" : 1.8944272
    }, {
      "x" : -5.854102,
      "y" : 3.618034,
      "z" : 0.0
    }, {
      "x" : -3.618034,
      "y" : 0.0,
      "z" : 5.854102
    }, {
      "x" : -2.618034,
      "y" : 3.0652475,
      "z" : 6.130495
    } ],
    "faces" : [ {
      "vertices" : [ 0, 1, 2 ]
    }, {
      "vertices" : [ 0, 2, 3 ]
    }, {
      "vertices" : [ 0, 3, 2 ]
    }, {
      "vertices" : [ 0, 2, 1 ]
    } ]
  }, {
    "id" : "8abe7c27-9ef3-4d62-9af8-5ddbec90f0e2",
    "vertices" : [ {
      "x" : 7.301316,
      "y" : 0.7236068,
      "z" : 0.0
    }, {
      "x" : 4.959675,
      "y" : 5.4068885,
      "z" : 0.0
    }, {
      "x" : 1.8944272,
      "y" : 5.6832814,
      "z" : -4.236068
    }, {
      "x" : 2.3416407,
      "y" : 1.1708204,
      "z" : -6.854102
    }, {
      "x" : 5.6832814,
      "y" : -1.8944272,
      "z" : -4.236068
    } ],
    "faces" : [ {
      "vertices" : [ 0, 1, 2 ]
    }, {
      "vertices" : [ 0, 2, 3 ]
    }, {
      "vertices" : [ 0, 3, 4 ]
    }, {
      "vertices" : [ 0, 4, 3 ]
    }, {
      "vertices" : [ 0, 3, 2 ]
    }, {
      "vertices" : [ 0, 2, 1 ]
    } ]
  }, {
    "id" : "a7263620-075c-43dc-ba59-812e9e737ed5",
    "vertices" : [ {
      "x" : -1.8944272,
      "y" : 4.236068,
      "z" : 5.6832814
    }, {
      "x" : 1.1708204,
      "y" : 6.854102,
      "z" : 2.3416407
    }, {
      "x" : 5.6832814,
      "y" : 4.236068,
      "z" : 1.8944272
    }, {
      "x" : 5.4068885,
      "y" : 0.0,
      "z" : 4.959675
    }, {
      "x" : 0.7236068,
      "y" : 0.0,
      "z" : 7.301316
    } ],
    "faces" : [ {
      "vertices" : [ 0, 1, 2 ]
    }, {
      "vertices" : [ 0, 2, 3 ]
    }, {
      "vertices" : [ 0, 3, 4 ]
    }, {
      "vertices" : [ 0, 4, 3 ]
    }, {
      "vertices" : [ 0, 3, 2 ]
    }, {
      "vertices" : [ 0, 2, 1 ]
    } ]
  }, {
    "id" : "8408d10e-b3c0-43e4-b0ab-906299463b95",
    "vertices" : [ {
      "x" : -7.301316,
      "y" : -0.7236068,
      "z" : 0.0
    }, {
      "x" : -5.6832814,
      "y" : 1.8944272,
      "z" : 4.236068
    }, {
      "x" : -3.0652475,
      "y" : 6.130495,
      "z" : 2.618034
    }, {
      "x" : -3.0652475,
      "y" : 6.130495,
      "z" : -2.618034
    }, {
      "x" : -5.6832814,
      "y" : 1.8944272,
      "z" : -4.236068
    } ],
    "faces" : [ {
      "vertices" : [ 0, 1, 2 ]
    }, {
      "vertices" : [ 0, 2, 3 ]
    }, {
      "vertices" : [ 0, 3, 4 ]
    }, {
      "vertices" : [ 0, 4, 3 ]
    }, {
      "vertices" : [ 0, 3, 2 ]
    }, {
      "vertices" : [ 0, 2, 1 ]
    } ]
  }, {
    "id" : "909b3a7b-e081-4fa9-bfa2-e0e37fee5b0c",
    "vertices" : [ {
      "x" : 6.130495,
      "y" : 2.618034,
      "z" : 3.0652475
    }, {
      "x" : 5.6832814,
      "y" : 4.236068,
      "z" : -1.8944272
    }, {
      "x" : 5.4068885,
      "y" : 0.0,
      "z" : -4.959675
    }, {
      "x" : 5.6832814,
      "y" : -4.236068,
      "z" : -1.8944272
    }, {
      "x" : 6.130495,
      "y" : -2.618034,
      "z" : 3.0652475
    } ],
    "faces" : [ {
      "vertices" : [ 0, 1, 2 ]
    }, {
      "vertices" : [ 0, 2, 3 ]
    }, {
      "vertices" : [ 0, 3, 4 ]
    }, {
      "vertices" : [ 0, 4, 3 ]
    }, {
      "vertices" : [ 0, 3, 2 ]
    }, {
      "vertices" : [ 0, 2, 1 ]
    } ]
  }, {
    "id" : "9cde2965-df70-49de-9e11-a5803c449db6",
    "vertices" : [ {
      "x" : -2.618034,
      "y" : -3.0652475,
      "z" : -6.130495
    }, {
      "x" : 2.618034,
      "y" : -3.0652475,
      "z" : -6.130495
    }, {
      "x" : 4.236068,
      "y" : -5.6832814,
      "z" : -1.8944272
    }, {
      "x" : 0.0,
      "y" : -7.301316,
      "z" : 0.7236068
    }, {
      "x" : -4.236068,
      "y" : -5.6832814,
      "z" : -1.8944272
    } ],
    "faces" : [ {
      "vertices" : [ 0, 1, 2 ]
    }, {
      "vertices" : [ 0, 2, 3 ]
    }, {
      "vertices" : [ 0, 3, 4 ]
    }, {
      "vertices" : [ 0, 4, 3 ]
    }, {
      "vertices" : [ 0, 3, 2 ]
    }, {
      "vertices" : [ 0, 2, 1 ]
    } ]
  }, {
    "id" : "c5ec3e84-4438-49cb-8e2a-b019fb0e22f6",
    "vertices" : [ {
      "x" : 0.0,
      "y" : -7.301316,
      "z" : 0.7236068
    }, {
      "x" : 0.0,
      "y" : -4.959675,
      "z" : 5.4068885
    }, {
      "x" : 4.236068,
      "y" : -1.8944272,
      "z" : 5.6832814
    }, {
      "x" : 6.854102,
      "y" : -2.3416407,
      "z" : 1.1708204
    }, {
      "x" : 4.236068,
      "y" : -5.6832814,
      "z" : -1.8944272
    } ],
    "faces" : [ {
      "vertices" : [ 0, 1, 2 ]
    }, {
      "vertices" : [ 0, 2, 3 ]
    }, {
      "vertices" : [ 0, 3, 4 ]
    }, {
      "vertices" : [ 0, 4, 3 ]
    }, {
      "vertices" : [ 0, 3, 2 ]
    }, {
      "vertices" : [ 0, 2, 1 ]
    } ]
  }, {
    "id" : "d62bcea6-5619-47eb-a053-e42d7c89fae3",
    "vertices" : [ {
      "x" : 2.618034,
      "y" : -3.0652475,
      "z" : -6.130495
    }, {
      "x" : 3.618034,
      "y" : 0.0,
      "z" : -5.854102
    }, {
      "x" : 5.854102,
      "y" : -3.618034,
      "z" : 0.0
    }, {
      "x" : 4.236068,
      "y" : -5.6832814,
      "z" : -1.8944272
    } ],
    "faces" : [ {
      "vertices" : [ 0, 1, 2 ]
    }, {
      "vertices" : [ 0, 2, 3 ]
    }, {
      "vertices" : [ 0, 3, 2 ]
    }, {
      "vertices" : [ 0, 2, 1 ]
    } ]
  }, {
    "id" : "b42c9954-0d36-4a3b-b608-13416f3b6be3",
    "vertices" : [ {
      "x" : -0.7236068,
      "y" : 0.0,
      "z" : -7.301316
    }, {
      "x" : 1.8944272,
      "y" : 4.236068,
      "z" : -5.6832814
    }, {
      "x" : 6.130495,
      "y" : 2.618034,
      "z" : -3.0652475
    }, {
      "x" : 6.130495,
      "y" : -2.618034,
      "z" : -3.0652475
    }, {
      "x" : 1.8944272,
      "y" : -4.236068,
      "z" : -5.6832814
    } ],
    "faces" : [ {
      "vertices" : [ 0, 1, 2 ]
    }, {
      "vertices" : [ 0, 2, 3 ]
    }, {
      "vertices" : [ 0, 3, 4 ]
    }, {
      "vertices" : [ 0, 4, 3 ]
    }, {
      "vertices" : [ 0, 3, 2 ]
    }, {
      "vertices" : [ 0, 2, 1 ]
    } ]
  }, {
    "id" : "e82eed80-6b89-438e-96be-9aaad6d97fb0",
    "vertices" : [ {
      "x" : 0.7236068,
      "y" : 0.0,
      "z" : -7.301316
    }, {
      "x" : 5.4068885,
      "y" : 0.0,
      "z" : -4.959675
    }, {
      "x" : 5.6832814,
      "y" : 4.236068,
      "z" : -1.8944272
    }, {
      "x" : 1.1708204,
      "y" : 6.854102,
      "z" : -2.3416407
    }, {
      "x" : -1.8944272,
      "y" : 4.236068,
      "z" : -5.6832814
    } ],
    "faces" : [ {
      "vertices" : [ 0, 1, 2 ]
    }, {
      "vertices" : [ 0, 2, 3 ]
    }, {
      "vertices" : [ 0, 3, 4 ]
    }, {
      "vertices" : [ 0, 4, 3 ]
    }, {
      "vertices" : [ 0, 3, 2 ]
    }, {
      "vertices" : [ 0, 2, 1 ]
    } ]
  }, {
    "id" : "51b55aef-1c2d-4fbc-a656-d3d34008e0d1",
    "vertices" : [ {
      "x" : 7.301316,
      "y" : -0.7236068,
      "z" : 0.0
    }, {
      "x" : 4.959675,
      "y" : -5.4068885,
      "z" : 0.0
    }, {
      "x" : 1.8944272,
      "y" : -5.6832814,
      "z" : 4.236068
    }, {
      "x" : 2.3416407,
      "y" : -1.1708204,
      "z" : 6.854102
    }, {
      "x" : 5.6832814,
      "y" : 1.8944272,
      "z" : 4.236068
    } ],
    "faces" : [ {
      "vertices" : [ 0, 1, 2 ]
    }, {
      "vertices" : [ 0, 2, 3 ]
    }, {
      "vertices" : [ 0, 3, 4 ]
    }, {
      "vertices" : [ 0, 4, 3 ]
    }, {
      "vertices" : [ 0, 3, 2 ]
    }, {
      "vertices" : [ 0, 2, 1 ]
    } ]
  }, {
    "id" : "4774d00f-1f7c-4d77-9a34-24fb16e65c59",
    "vertices" : [ {
      "x" : -4.236068,
      "y" : -5.6832814,
      "z" : -1.8944272
    }, {
      "x" : -5.854102,
      "y" : -3.618034,
      "z" : 0.0
    }, {
      "x" : -3.618034,
      "y" : 0.0,
      "z" : -5.854102
    }, {
      "x" : -2.618034,
      "y" : -3.0652475,
      "z" : -6.130495
    } ],
    "faces" : [ {
      "vertices" : [ 0, 1, 2 ]
    }, {
      "vertices" : [ 0, 2, 3 ]
    }, {
      "vertices" : [ 0, 3, 2 ]
    }, {
      "vertices" : [ 0, 2, 1 ]
    } ]
  }, {
    "id" : "b8ea5483-62b6-464d-a5e3-606725f0bf8b",
    "vertices" : [ {
      "x" : 4.236068,
      "y" : 5.6832814,
      "z" : 1.8944272
    }, {
      "x" : 5.854102,
      "y" : 3.618034,
      "z" : 0.0
    }, {
      "x" : 0.0,
      "y" : 5.854102,
      "z" : -3.618034
    }, {
      "x" : 0.0,
      "y" : 7.301316,
      "z" : -0.7236068
    } ],
    "faces" : [ {
      "vertices" : [ 0, 1, 2 ]
    }, {
      "vertices" : [ 0, 2, 3 ]
    }, {
      "vertices" : [ 0, 3, 2 ]
    }, {
      "vertices" : [ 0, 2, 1 ]
    } ]
  }, {
    "id" : "63767edd-7ead-44da-afe4-9f051d5a36a0",
    "vertices" : [ {
      "x" : -2.618034,
      "y" : 3.0652475,
      "z" : -6.130495
    }, {
      "x" : -4.236068,
      "y" : -1.8944272,
      "z" : -5.6832814
    }, {
      "x" : 0.0,
      "y" : -4.959675,
      "z" : -5.4068885
    }, {
      "x" : 4.236068,
      "y" : -1.8944272,
      "z" : -5.6832814
    }, {
      "x" : 2.618034,
      "y" : 3.0652475,
      "z" : -6.130495
    } ],
    "faces" : [ {
      "vertices" : [ 0, 1, 2 ]
    }, {
      "vertices" : [ 0, 2, 3 ]
    }, {
      "vertices" : [ 0, 3, 4 ]
    }, {
      "vertices" : [ 0, 4, 3 ]
    }, {
      "vertices" : [ 0, 3, 2 ]
    }, {
      "vertices" : [ 0, 2, 1 ]
    } ]
  }, {
    "id" : "5ceec8a4-50c4-4ca6-b6f7-ed3f5578bac7",
    "vertices" : [ {
      "x" : -2.618034,
      "y" : -3.0652475,
      "z" : -6.130495
    }, {
      "x" : -3.618034,
      "y" : 0.0,
      "z" : -5.854102
    }, {
      "x" : 3.618034,
      "y" : 0.0,
      "z" : -5.854102
    }, {
      "x" : 2.618034,
      "y" : -3.0652475,
      "z" : -6.130495
    } ],
    "faces" : [ {
      "vertices" : [ 0, 1, 2 ]
