{
  "polygons" : "true",
  "field" : "golden",
  "symmetry" : "icosahedral",
  "orientations" : [ [ 1.0, 0.0, 0.0, 0.0, 0.0, 1.0, 0.0, 0.0, 0.0, 0.0, 1.0, 0.0, 0.0, 0.0, 0.0, 1.0 ], [ 0.0, 0.0, 1.0, 0.0, 1.0, 0.0, 0.0, 0.0, 0.0, 1.0, 0.0, 0.0, 0.0, 0.0, 0.0, 1.0 ], [ 0.0, 1.0, 0.0, 0.0, 0.0, 0.0, 1.0, 0.0, 1.0, 0.0, 0.0, 0.0, 0.0, 0.0, 0.0, 1.0 ], [ 0.809017, 0.309017, 0.5, 0.0, 0.309017, 0.5, -0.809017, 0.0, -0.5, 0.809017, 0.309017, 0.0, 0.0, 0.0, 0.0, 1.0 ], [ -0.5, 0.809017, 0.309017, 0.0, 0.809017, 0.309017, 0.5, 0.0, 0.309017, 0.5, -0.809017, 0.0, 0.0, 0.0, 0.0, 1.0 ], [ 0.309017, 0.5, -0.809017, 0.0, -0.5, 0.809017, 0.309017, 0.0, 0.809017, 0.309017, 0.5, 0.0, 0.0, 0.0, 0.0, 1.0 ], [ 0.5, 0.809017, 0.309017, 0.0, 0.809017, -0.309017, -0.5, 0.0, -0.309017, 0.5, -0.809017, 0.0, 0.0, 0.0, 0.0, 1.0 ], [ -0.309017, 0.5, -0.809017, 0.0, 0.5, 0.809017, 0.309017, 0.0, 0.809017, -0.309017, -0.5, 0.0, 0.0, 0.0, 0.0, 1.0 ], [ 0.809017, -0.309017, -0.5, 0.0, -0.309017, 0.5, -0.809017, 0.0, 0.5, 0.809017, 0.309017, 0.0, 0.0, 0.0, 0.0, 1.0 ], [ 0.5, 0.809017, -0.309017, 0.0, 0.809017, -0.309017, 0.5, 0.0, 0.309017, -0.5, -0.809017, 0.0, 0.0, 0.0, 0.0, 1.0 ], [ 0.309017, -0.5, -0.809017, 0.0, 0.5, 0.809017, -0.309017, 0.0, 0.809017, -0.309017, 0.5, 0.0, 0.0, 0.0, 0.0, 1.0 ], [ 0.809017, -0.309017, 0.5, 0.0, 0.309017, -0.5, -0.809017, 0.0, 0.5, 0.809017, -0.309017, 0.0, 0.0, 0.0, 0.0, 1.0 ], [ 0.809017, 0.309017, -0.5, 0.0, 0.309017, 0.5, 0.809017, 0.0, 0.5, -0.809017, 0.309017, 0.0, 0.0, 0.0, 0.0, 1.0 ], [ 0.5, -0.809017, 0.309017, 0.0, 0.809017, 0.309017, -0.5, 0.0, 0.309017, 0.5, 0.809017, 0.0, 0.0, 0.0, 0.0, 1.0 ], [ 0.309017, 0.5, 0.809017, 0.0, 0.5, -0.809017, 0.309017, 0.0, 0.809017, 0.309017, -0.5, 0.0, 0.0, 0.0, 0.0, 1.0 ], [ 1.0, 0.0, 0.0, 0.0, 0.0, -1.0, 0.0, 0.0, 0.0, 0.0, -1.0, 0.0, 0.0, 0.0, 0.0, 1.0 ], [ 0.0, 0.0, 1.0, 0.0, -1.0, 0.0, 0.0, 0.0, 0.0, -1.0, 0.0, 0.0, 0.0, 0.0, 0.0, 1.0 ], [ 0.0, 1.0, 0.0, 0.0, 0.0, 0.0, -1.0, 0.0, -1.0, 0.0, 0.0, 0.0, 0.0, 0.0, 0.0, 1.0 ], [ 0.809017, 0.309017, 0.5, 0.0, -0.309017, -0.5, 0.809017, 0.0, 0.5, -0.809017, -0.309017, 0.0, 0.0, 0.0, 0.0, 1.0 ], [ -0.5, 0.809017, 0.309017, 0.0, -0.809017, -0.309017, -0.5, 0.0, -0.309017, -0.5, 0.809017, 0.0, 0.0, 0.0, 0.0, 1.0 ], [ 0.309017, 0.5, -0.809017, 0.0, 0.5, -0.809017, -0.309017, 0.0, -0.809017, -0.309017, -0.5, 0.0, 0.0, 0.0, 0.0, 1.0 ], [ 0.5, 0.809017, 0.309017, 0.0, -0.809017, 0.309017, 0.5, 0.0, 0.309017, -0.5, 0.809017, 0.0, 0.0, 0.0, 0.0, 1.0 ], [ -0.309017, 0.5, -0.809017, 0.0, -0.5, -0.809017, -0.309017, 0.0, -0.809017, 0.309017, 0.5, 0.0, 0.0, 0.0, 0.0, 1.0 ], [ 0.809017, -0.309017, -0.5, 0.0, 0.309017, -0.5, 0.809017, 0.0, -0.5, -0.809017, -0.309017, 0.0, 0.0, 0.0, 0.0, 1.0 ], [ 0.5, 0.809017, -0.309017, 0.0, -0.809017, 0.309017, -0.5, 0.0, -0.309017, 0.5, 0.809017, 0.0, 0.0, 0.0, 0.0, 1.0 ], [ 0.309017, -0.5, -0.809017, 0.0, -0.5, -0.809017, 0.309017, 0.0, -0.809017, 0.309017, -0.5, 0.0, 0.0, 0.0, 0.0, 1.0 ], [ 0.809017, -0.309017, 0.5, 0.0, -0.309017, 0.5, 0.809017, 0.0, -0.5, -0.809017, 0.309017, 0.0, 0.0, 0.0, 0.0, 1.0 ], [ 0.809017, 0.309017, -0.5, 0.0, -0.309017, -0.5, -0.809017, 0.0, -0.5, 0.809017, -0.309017, 0.0, 0.0, 0.0, 0.0, 1.0 ], [ 0.5, -0.809017, 0.309017, 0.0, -0.809017, -0.309017, 0.5, 0.0, -0.309017, -0.5, -0.809017, 0.0, 0.0, 0.0, 0.0, 1.0 ], [ 0.309017, 0.5, 0.809017, 0.0, -0.5, 0.809017, -0.309017, 0.0, -0.809017, -0.309017, 0.5, 0.0, 0.0, 0.0, 0.0, 1.0 ], [ -1.0, 0.0, 0.0, 0.0, 0.0, -1.0, 0.0, 0.0, 0.0, 0.0, 1.0, 0.0, 0.0, 0.0, 0.0, 1.0 ], [ 0.0, 0.0, -1.0, 0.0, -1.0, 0.0, 0.0, 0.0, 0.0, 1.0, 0.0, 0.0, 0.0, 0.0, 0.0, 1.0 ], [ 0.0, -1.0, 0.0, 0.0, 0.0, 0.0, -1.0, 0.0, 1.0, 0.0, 0.0, 0.0, 0.0, 0.0, 0.0, 1.0 ], [ -0.809017, -0.309017, -0.5, 0.0, -0.309017, -0.5, 0.809017, 0.0, -0.5, 0.809017, 0.309017, 0.0, 0.0, 0.0, 0.0, 1.0 ], [ 0.5, -0.809017, -0.309017, 0.0, -0.809017, -0.309017, -0.5, 0.0, 0.309017, 0.5, -0.809017, 0.0, 0.0, 0.0, 0.0, 1.0 ], [ -0.309017, -0.5, 0.809017, 0.0, 0.5, -0.809017, -0.309017, 0.0, 0.809017, 0.309017, 0.5, 0.0, 0.0, 0.0, 0.0, 1.0 ], [ -0.5, -0.809017, -0.309017, 0.0, -0.809017, 0.309017, 0.5, 0.0, -0.309017, 0.5, -0.809017, 0.0, 0.0, 0.0, 0.0, 1.0 ], [ 0.309017, -0.5, 0.809017, 0.0, -0.5, -0.809017, -0.309017, 0.0, 0.809017, -0.309017, -0.5, 0.0, 0.0, 0.0, 0.0, 1.0 ], [ -0.809017, 0.309017, 0.5, 0.0, 0.309017, -0.5, 0.809017, 0.0, 0.5, 0.809017, 0.309017, 0.0, 0.0, 0.0, 0.0, 1.0 ], [ -0.5, -0.809017, 0.309017, 0.0, -0.809017, 0.309017, -0.5, 0.0, 0.309017, -0.5, -0.809017, 0.0, 0.0, 0.0, 0.0, 1.0 ], [ -0.309017, 0.5, 0.809017, 0.0, -0.5, -0.809017, 0.309017, 0.0, 0.809017, -0.309017, 0.5, 0.0, 0.0, 0.0, 0.0, 1.0 ], [ -0.809017, 0.309017, -0.5, 0.0, -0.309017, 0.5, 0.809017, 0.0, 0.5, 0.809017, -0.309017, 0.0, 0.0, 0.0, 0.0, 1.0 ], [ -0.809017, -0.309017, 0.5, 0.0, -0.309017, -0.5, -0.809017, 0.0, 0.5, -0.809017, 0.309017, 0.0, 0.0, 0.0, 0.0, 1.0 ], [ -0.5, 0.809017, -0.309017, 0.0, -0.809017, -0.309017, 0.5, 0.0, 0.309017, 0.5, 0.809017, 0.0, 0.0, 0.0, 0.0, 1.0 ], [ -0.309017, -0.5, -0.809017, 0.0, -0.5, 0.809017, -0.309017, 0.0, 0.809017, 0.309017, -0.5, 0.0, 0.0, 0.0, 0.0, 1.0 ], [ -1.0, 0.0, 0.0, 0.0, 0.0, 1.0, 0.0, 0.0, 0.0, 0.0, -1.0, 0.0, 0.0, 0.0, 0.0, 1.0 ], [ 0.0, 0.0, -1.0, 0.0, 1.0, 0.0, 0.0, 0.0, 0.0, -1.0, 0.0, 0.0, 0.0, 0.0, 0.0, 1.0 ], [ 0.0, -1.0, 0.0, 0.0, 0.0, 0.0, 1.0, 0.0, -1.0, 0.0, 0.0, 0.0, 0.0, 0.0, 0.0, 1.0 ], [ -0.809017, -0.309017, -0.5, 0.0, 0.309017, 0.5, -0.809017, 0.0, 0.5, -0.809017, -0.309017, 0.0, 0.0, 0.0, 0.0, 1.0 ], [ 0.5, -0.809017, -0.309017, 0.0, 0.809017, 0.309017, 0.5, 0.0, -0.309017, -0.5, 0.809017, 0.0, 0.0, 0.0, 0.0, 1.0 ], [ -0.309017, -0.5, 0.809017, 0.0, -0.5, 0.809017, 0.309017, 0.0, -0.809017, -0.309017, -0.5, 0.0, 0.0, 0.0, 0.0, 1.0 ], [ -0.5, -0.809017, -0.309017, 0.0, 0.809017, -0.309017, -0.5, 0.0, 0.309017, -0.5, 0.809017, 0.0, 0.0, 0.0, 0.0, 1.0 ], [ 0.309017, -0.5, 0.809017, 0.0, 0.5, 0.809017, 0.309017, 0.0, -0.809017, 0.309017, 0.5, 0.0, 0.0, 0.0, 0.0, 1.0 ], [ -0.809017, 0.309017, 0.5, 0.0, -0.309017, 0.5, -0.809017, 0.0, -0.5, -0.809017, -0.309017, 0.0, 0.0, 0.0, 0.0, 1.0 ], [ -0.5, -0.809017, 0.309017, 0.0, 0.809017, -0.309017, 0.5, 0.0, -0.309017, 0.5, 0.809017, 0.0, 0.0, 0.0, 0.0, 1.0 ], [ -0.309017, 0.5, 0.809017, 0.0, 0.5, 0.809017, -0.309017, 0.0, -0.809017, 0.309017, -0.5, 0.0, 0.0, 0.0, 0.0, 1.0 ], [ -0.809017, 0.309017, -0.5, 0.0, 0.309017, -0.5, -0.809017, 0.0, -0.5, -0.809017, 0.309017, 0.0, 0.0, 0.0, 0.0, 1.0 ], [ -0.809017, -0.309017, 0.5, 0.0, 0.309017, 0.5, 0.809017, 0.0, -0.5, 0.809017, -0.309017, 0.0, 0.0, 0.0, 0.0, 1.0 ], [ -0.5, 0.809017, -0.309017, 0.0, 0.809017, 0.309017, -0.5, 0.0, -0.309017, -0.5, -0.809017, 0.0, 0.0, 0.0, 0.0, 1.0 ], [ -0.309017, -0.5, -0.809017, 0.0, 0.5, -0.809017, 0.309017, 0.0, -0.809017, -0.309017, 0.5, 0.0, 0.0, 0.0, 0.0, 1.0 ] ],
  "lights" : {
    "ambientColor" : "#292929",
    "backgroundColor" : "#AFC8DC",
    "directionalLights" : [ {
      "direction" : [ 1.0, -1.0, -1.0 ],
      "color" : "#EBEBE4"
    }, {
      "direction" : [ -1.0, 0.0, 0.0 ],
      "color" : "#E4E4EB"
    }, {
      "direction" : [ 0.0, 0.0, -1.0 ],
      "color" : "#1E1E1E"
    } ]
  },
  "camera" : {
    "fieldOfView" : 0.4426327,
    "upDirectionRV" : {
      "x" : 0.70710677,
      "y" : 0.0,
      "z" : 0.70710677,
      "zero" : false
    },
    "lookAtPointRV" : {
      "x" : 0.0,
      "y" : 0.0,
      "z" : 0.0,
      "zero" : true
    },
    "lookDirectionRV" : {
      "x" : 0.70710677,
      "y" : 0.0,
      "z" : -0.70710677,
      "zero" : false
    },
    "viewDistance" : 198.1213,
    "perspective" : true,
    "lookAtPoint" : {
      "x" : 0.0,
      "y" : 0.0,
      "z" : 0.0
    },
    "lookDirection" : {
      "x" : 0.70710677,
      "y" : 0.0,
      "z" : -0.70710677
    },
    "upDirection" : {
      "x" : 0.70710677,
      "y" : 0.0,
      "z" : 0.70710677
    },
    "nearClipDistance" : 0.4953034,
    "farClipDistance" : 396.24213,
    "width" : 89.15538,
    "stereo" : false,
    "position" : {
      "x" : -140.09291,
      "y" : 0.0,
      "z" : 140.09291
    }
  },
  "embedding" : [ 1.0, 0.0, 0.0, 0.0, 0.0, 1.0, 0.0, 0.0, 0.0, 0.0, 1.0, 0.0, 0.0, 0.0, 0.0, 1.0 ],
  "shapes" : [ {
    "id" : "1de7af39-a294-4875-91e8-b1ae586a6908",
    "name" : "ball",
    "vertices" : [ {
      "x" : 0.309017,
      "y" : -0.309017,
      "z" : -0.309017
    }, {
      "x" : 0.5,
      "y" : 0.0,
      "z" : -0.19098301
    }, {
      "x" : 0.5,
      "y" : 0.0,
      "z" : 0.19098301
    }, {
      "x" : 0.309017,
      "y" : -0.309017,
      "z" : 0.309017
    }, {
      "x" : 0.19098301,
      "y" : -0.5,
      "z" : 0.0
    }, {
      "x" : 0.0,
      "y" : 0.19098301,
      "z" : 0.5
    }, {
      "x" : 0.0,
      "y" : -0.19098301,
      "z" : 0.5
    }, {
      "x" : 0.309017,
      "y" : 0.309017,
      "z" : 0.309017
    }, {
      "x" : -0.309017,
      "y" : -0.309017,
      "z" : 0.309017
    }, {
      "x" : -0.309017,
      "y" : 0.309017,
      "z" : 0.309017
    }, {
      "x" : -0.5,
      "y" : 0.0,
      "z" : 0.19098301
    }, {
      "x" : 0.0,
      "y" : -0.19098301,
      "z" : -0.5
    }, {
      "x" : 0.0,
      "y" : 0.19098301,
      "z" : -0.5
    }, {
      "x" : 0.309017,
      "y" : 0.309017,
      "z" : -0.309017
    }, {
      "x" : -0.309017,
      "y" : -0.309017,
      "z" : -0.309017
    }, {
      "x" : -0.19098301,
      "y" : -0.5,
      "z" : 0.0
    }, {
      "x" : -0.5,
      "y" : 0.0,
      "z" : -0.19098301
    }, {
      "x" : 0.19098301,
      "y" : 0.5,
      "z" : 0.0
    }, {
      "x" : -0.309017,
      "y" : 0.309017,
      "z" : -0.309017
    }, {
      "x" : 0.0,
      "y" : 0.0,
      "z" : 0.0
    }, {
      "x" : -0.19098301,
      "y" : 0.5,
      "z" : 0.0
    } ],
    "faces" : [ {
      "vertices" : [ 12, 18, 20, 17, 13 ]
    }, {
      "vertices" : [ 3, 6, 8, 15, 4 ]
    }, {
      "vertices" : [ 0, 11, 12, 13, 1 ]
    }, {
      "vertices" : [ 5, 9, 10, 8, 6 ]
    }, {
      "vertices" : [ 2, 7, 5, 6, 3 ]
    }, {
      "vertices" : [ 11, 14, 16, 18, 12 ]
    }, {
      "vertices" : [ 1, 13, 17, 7, 2 ]
    }, {
      "vertices" : [ 9, 20, 18, 16, 10 ]
    }, {
      "vertices" : [ 0, 1, 2, 3, 4 ]
    }, {
      "vertices" : [ 5, 7, 17, 20, 9 ]
    }, {
      "vertices" : [ 0, 4, 15, 14, 11 ]
    }, {
      "vertices" : [ 8, 10, 16, 14, 15 ]
    } ]
  }, {
    "id" : "fbac10ba-1166-420d-ba09-6cc368a126a1",
    "vertices" : [ {
      "x" : 0.0,
      "y" : 0.0,
      "z" : 0.0
    }, {
      "x" : 0.618034,
      "y" : -1.0,
      "z" : 0.38196602
    }, {
      "x" : 4.0,
      "y" : -6.472136,
      "z" : -8.472136
    }, {
      "x" : 3.618034,
      "y" : -5.854102,
      "z" : -9.472136
    } ],
    "faces" : [ {
      "vertices" : [ 0, 1, 2, 3 ]
    }, {
      "vertices" : [ 0, 3, 2, 1 ]
    } ]
  }, {
    "id" : "ff8d069f-92dc-43c2-9d72-c33e852b8328",
    "vertices" : [ {
      "x" : 0.0,
      "y" : 0.0,
      "z" : 0.0
    }, {
      "x" : 0.0,
      "y" : 1.236068,
      "z" : 0.0
    }, {
      "x" : 3.854102,
      "y" : -5.0,
      "z" : 10.09017
    }, {
      "x" : 3.472136,
      "y" : -5.618034,
      "z" : 9.09017
    } ],
    "faces" : [ {
      "vertices" : [ 0, 1, 2, 3 ]
    }, {
      "vertices" : [ 0, 3, 2, 1 ]
    } ]
  }, {
    "id" : "4b2f3d2c-8fae-4dcb-a893-2e942b222962",
    "vertices" : [ {
      "x" : 0.0,
      "y" : 0.0,
      "z" : 0.0
    }, {
      "x" : -0.38196602,
      "y" : 0.618034,
      "z" : -1.0
    }, {
      "x" : -5.854102,
      "y" : 9.472136,
      "z" : 2.381966
    }, {
      "x" : -5.854102,
      "y" : 9.472136,
      "z" : 3.618034
    } ],
    "faces" : [ {
      "vertices" : [ 0, 1, 2, 3 ]
    }, {
      "vertices" : [ 0, 3, 2, 1 ]
    } ]
  }, {
    "id" : "19d35b83-7873-4db4-8ba8-48359cb0df71",
    "vertices" : [ {
      "x" : 0.0,
      "y" : 0.0,
      "z" : 0.0
    }, {
      "x" : -1.0,
      "y" : 1.618034,
      "z" : 0.618034
    }, {
      "x" : 5.236068,
      "y" : -8.472136,
      "z" : 4.472136
    }, {
      "x" : 4.618034,
      "y" : -7.472136,
      "z" : 2.854102
    } ],
    "faces" : [ {
      "vertices" : [ 0, 1, 2, 3 ]
    }, {
      "vertices" : [ 0, 3, 2, 1 ]
    } ]
  }, {
    "id" : "87913222-8497-4320-86c1-1c079adc5c31",
    "vertices" : [ {
      "x" : 0.0,
      "y" : 0.0,
      "z" : 0.0
    }, {
      "x" : -0.618034,
      "y" : 1.0,
      "z" : -1.618034
    }, {
      "x" : -0.618034,
      "y" : 1.0,
      "z" : 10.854102
    }, {
      "x" : 0.0,
      "y" : 0.0,
      "z" : 9.236068
    } ],
    "faces" : [ {
      "vertices" : [ 0, 1, 2, 3 ]
    }, {
      "vertices" : [ 0, 3, 2, 1 ]
    } ]
  }, {
    "id" : "eb19754a-22e6-4cb2-be20-a17d03c5d0b7",
    "vertices" : [ {
      "x" : 0.0,
      "y" : 0.0,
      "z" : 0.0
    }, {
      "x" : 0.38196602,
      "y" : -1.854102,
      "z" : 1.0
    }, {
      "x" : 0.38196602,
      "y" : -13.09017,
      "z" : 1.0
    }, {
      "x" : 0.0,
      "y" : -14.944272,
      "z" : 0.0
    } ],
    "faces" : [ {
      "vertices" : [ 0, 1, 2, 3 ]
    }, {
      "vertices" : [ 0, 3, 2, 1 ]
    } ]
  }, {
    "id" : "24906e4f-7a54-45b0-8184-c8fea2cf1a94",
    "vertices" : [ {
      "x" : 0.0,
      "y" : 0.0,
      "z" : 0.0
    }, {
      "x" : 0.38196602,
      "y" : 1.854102,
      "z" : 1.0
    }, {
      "x" : 3.854102,
      "y" : 7.472136,
      "z" : 10.09017
    }, {
      "x" : 4.618034,
      "y" : 7.472136,
      "z" : 12.09017
    } ],
    "faces" : [ {
      "vertices" : [ 0, 1, 2, 3 ]
    }, {
      "vertices" : [ 0, 3, 2, 1 ]
    } ]
  }, {
    "id" : "a181c930-2a25-4822-876a-a6f9618de38a",
    "vertices" : [ {
      "x" : 0.0,
      "y" : 0.0,
      "z" : 0.0
    }, {
      "x" : 0.618034,
      "y" : -1.0,
      "z" : -1.618034
    }, {
      "x" : -5.618034,
      "y" : 9.09017,
      "z" : 2.236068
    }, {
      "x" : -4.618034,
      "y" : 7.472136,
      "z" : 2.854102
    } ],
    "faces" : [ {
      "vertices" : [ 0, 1, 2, 3 ]
    }, {
      "vertices" : [ 0, 3, 2, 1 ]
    } ]
  }, {
    "id" : "4e92c3f1-75ba-4951-be18-00c6810964aa",
    "vertices" : [ {
      "x" : 0.0,
      "y" : 0.0,
      "z" : 0.0
    }, {
      "x" : 0.38196602,
      "y" : 1.381966,
      "z" : 1.0
    }, {
      "x" : 0.38196602,
      "y" : -9.854102,
      "z" : 1.0
    }, {
      "x" : 0.0,
      "y" : -8.472136,
      "z" : 0.0
    } ],
    "faces" : [ {
      "vertices" : [ 0, 1, 2, 3 ]
    }, {
      "vertices" : [ 0, 3, 2, 1 ]
    } ]
  }, {
    "id" : "02321296-1610-4e01-a5aa-1defa267ddbf",
    "vertices" : [ {
      "x" : 0.0,
      "y" : 0.0,
      "z" : 0.0
    }, {
      "x" : 0.0,
      "y" : 0.0,
      "z" : 1.236068
    }, {
      "x" : 5.472136,
      "y" : -8.854102,
      "z" : 4.618034
    }, {
      "x" : 5.854102,
      "y" : -9.472136,
      "z" : 3.618034
    } ],
    "faces" : [ {
      "vertices" : [ 0, 1, 2, 3 ]
    }, {
      "vertices" : [ 0, 3, 2, 1 ]
    } ]
  }, {
    "id" : "cb085b4c-28b1-4fca-aa61-a3c812793d7e",
    "vertices" : [ {
      "x" : 0.0,
      "y" : 0.0,
      "z" : 0.0
    }, {
      "x" : 0.23606798,
      "y" : -0.38196602,
      "z" : -1.381966
    }, {
      "x" : -7.236068,
      "y" : 11.708204,
      "z" : 3.236068
    }, {
      "x" : -6.618034,
      "y" : 10.708204,
      "z" : 4.09017
    } ],
    "faces" : [ {
      "vertices" : [ 0, 1, 2, 3 ]
    }, {
      "vertices" : [ 0, 3, 2, 1 ]
    } ]
  }, {
    "id" : "43a13bc3-6bbe-4ffc-9d8a-dedd9a503d8b",
    "vertices" : [ {
      "x" : 0.0,
      "y" : 0.0,
      "z" : 0.0
    }, {
      "x" : -0.618034,
      "y" : 1.0,
      "z" : -0.38196602
    }, {
      "x" : -3.0,
      "y" : 4.854102,
      "z" : 5.854102
    }, {
      "x" : -2.618034,
      "y" : 4.236068,
      "z" : 6.854102
    } ],
    "faces" : [ {
      "vertices" : [ 0, 1, 2, 3 ]
    }, {
      "vertices" : [ 0, 3, 2, 1 ]
    } ]
  }, {
    "id" : "534bf6e3-e651-44fa-a0cf-358e2da984ec",
    "vertices" : [ {
      "x" : 0.0,
      "y" : 0.0,
      "z" : 0.0
    }, {
      "x" : 0.0,
      "y" : 1.236068,
      "z" : -0.76393205
    }, {
      "x" : 0.0,
      "y" : 1.236068,
      "z" : 12.472136
    }, {
      "x" : 0.0,
      "y" : 0.0,
      "z" : 11.708204
    } ],
    "faces" : [ {
      "vertices" : [ 0, 1, 2, 3 ]
    }, {
      "vertices" : [ 0, 3, 2, 1 ]
    } ]
  }, {
    "id" : "28f0e2b3-c6f8-4657-8a6b-cf63f4b4fc7d",
    "vertices" : [ {
      "x" : 0.0,
      "y" : 0.0,
      "z" : 0.0
    }, {
      "x" : 0.38196602,
      "y" : -0.618034,
      "z" : -1.0
    }, {
      "x" : -3.0,
      "y" : 4.854102,
      "z" : -9.854102
    }, {
      "x" : -3.618034,
      "y" : 5.854102,
      "z" : -9.472136
    } ],
    "faces" : [ {
      "vertices" : [ 0, 1, 2, 3 ]
    }, {
      "vertices" : [ 0, 3, 2, 1 ]
    } ]
  }, {
    "id" : "5148e247-7b51-4af2-9655-714cd00501ff",
    "vertices" : [ {
      "x" : 0.0,
      "y" : 0.0,
      "z" : 0.0
    }, {
      "x" : 0.0,
      "y" : 1.236068,
      "z" : 0.76393205
    }, {
      "x" : 0.0,
      "y" : 1.236068,
      "z" : 8.472136
    }, {
      "x" : 0.0,
      "y" : 0.0,
      "z" : 9.236068
    } ],
    "faces" : [ {
      "vertices" : [ 0, 1, 2, 3 ]
    }, {
      "vertices" : [ 0, 3, 2, 1 ]
    } ]
  }, {
    "id" : "250dcc62-4627-44b7-965b-0daf714f0003",
    "vertices" : [ {
      "x" : 0.0,
      "y" : 0.0,
      "z" : 0.0
    }, {
      "x" : -0.76393205,
      "y" : 0.0,
      "z" : -2.0
    }, {
      "x" : -4.236068,
      "y" : 5.618034,
      "z" : -11.09017
    }, {
      "x" : -4.618034,
      "y" : 7.472136,
      "z" : -12.09017
    } ],
    "faces" : [ {
      "vertices" : [ 0, 1, 2, 3 ]
    }, {
      "vertices" : [ 0, 3, 2, 1 ]
    } ]
  }, {
    "id" : "bac92eb9-315e-4580-89ae-c930da80aa4d",
    "vertices" : [ {
      "x" : 0.0,
      "y" : 0.0,
      "z" : 0.0
    }, {
      "x" : 0.38196602,
      "y" : -0.618034,
      "z" : 1.0
    }, {
      "x" : -3.472136,
      "y" : -6.854102,
      "z" : -9.09017
    }, {
      "x" : -3.472136,
      "y" : -5.618034,
      "z" : -9.09017
    } ],
    "faces" : [ {
      "vertices" : [ 0, 1, 2, 3 ]
    }, {
      "vertices" : [ 0, 3, 2, 1 ]
    } ]
  }, {
    "id" : "dfb747cc-5f58-4514-a4e3-2f1f254184af",
    "vertices" : [ {
      "x" : 0.0,
      "y" : 0.0,
      "z" : 0.0
    }, {
      "x" : 0.0,
      "y" : -1.236068,
      "z" : 0.76393205
    }, {
      "x" : 0.0,
      "y" : -1.236068,
      "z" : -12.472136
    }, {
      "x" : 0.0,
      "y" : 0.0,
      "z" : -11.708204
    } ],
    "faces" : [ {
      "vertices" : [ 0, 1, 2, 3 ]
    }, {
      "vertices" : [ 0, 3, 2, 1 ]
    } ]
  }, {
    "id" : "947d248b-f885-4441-a851-22798153cafb",
    "vertices" : [ {
      "x" : 0.0,
      "y" : 0.0,
      "z" : 0.0
    }, {
      "x" : 0.14589803,
      "y" : -1.0,
      "z" : 0.38196602
    }, {
      "x" : -3.236068,
      "y" : -6.472136,
      "z" : -8.472136
    }, {
      "x" : -3.472136,
      "y" : -5.618034,
      "z" : -9.09017
    } ],
    "faces" : [ {
      "vertices" : [ 0, 1, 2, 3 ]
    }, {
      "vertices" : [ 0, 3, 2, 1 ]
    } ]
  }, {
    "id" : "9e94c692-cebb-4395-b70e-72fc801396a7",
    "vertices" : [ {
      "x" : 0.0,
      "y" : 0.0,
      "z" : 0.0
    }, {
      "x" : -0.38196602,
      "y" : -0.618034,
      "z" : -1.0
    }, {
      "x" : -0.38196602,
      "y" : 11.854102,
      "z" : -1.0
    }, {
      "x" : 0.0,
      "y" : 11.236068,
      "z" : 0.0
    } ],
    "faces" : [ {
      "vertices" : [ 0, 1, 2, 3 ]
    }, {
      "vertices" : [ 0, 3, 2, 1 ]
    } ]
  }, {
    "id" : "295fc995-0b29-4a63-8834-845ae7f278aa",
    "vertices" : [ {
      "x" : 0.0,
      "y" : 0.0,
      "z" : 0.0
    }, {
      "x" : 0.618034,
      "y" : -1.0,
      "z" : -0.38196602
    }, {
      "x" : 0.618034,
      "y" : -1.0,
      "z" : -8.09017
    }, {
      "x" : 0.0,
      "y" : 0.0,
      "z" : -8.472136
    } ],
    "faces" : [ {
      "vertices" : [ 0, 1, 2, 3 ]
    }, {
      "vertices" : [ 0, 3, 2, 1 ]
    } ]
  }, {
    "id" : "8f4f0182-a675-4d5e-96f9-7010dbdd7982",
    "vertices" : [ {
      "x" : 0.0,
      "y" : 0.0,
      "z" : 0.0
    }, {
      "x" : 0.0,
      "y" : 0.0,
      "z" : 2.0
    }, {
      "x" : 3.854102,
      "y" : -6.236068,
      "z" : -8.09017
    }, {
      "x" : 2.854102,
      "y" : -4.618034,
      "z" : -7.472136
    } ],
    "faces" : [ {
      "vertices" : [ 0, 1, 2, 3 ]
    }, {
      "vertices" : [ 0, 3, 2, 1 ]
    } ]
  }, {
    "id" : "446211a1-4aaa-40f6-9fe8-8bad256fa2ff",
    "vertices" : [ {
      "x" : 0.0,
      "y" : 0.0,
      "z" : 0.0
    }, {
      "x" : -0.38196602,
      "y" : 0.14589803,
      "z" : -1.0
    }, {
      "x" : -0.38196602,
      "y" : 11.09017,
      "z" : -1.0
    }, {
      "x" : 0.0,
      "y" : 11.236068,
      "z" : 0.0
    } ],
    "faces" : [ {
      "vertices" : [ 0, 1, 2, 3 ]
    }, {
      "vertices" : [ 0, 3, 2, 1 ]
    } ]
  }, {
    "id" : "a3e8ff80-57f2-4898-8127-c8b938522346",
    "vertices" : [ {
      "x" : 0.0,
      "y" : 0.0,
      "z" : 0.0
    }, {
      "x" : 0.0,
      "y" : 0.0,
      "z" : -1.236068
    }, {
      "x" : -3.854102,
      "y" : 6.236068,
      "z" : -3.618034
    }, {
      "x" : -4.236068,
      "y" : 6.854102,
      "z" : -2.618034
    } ],
    "faces" : [ {
      "vertices" : [ 0, 1, 2, 3 ]
    }, {
      "vertices" : [ 0, 3, 2, 1 ]
    } ]
  }, {
    "id" : "9877dd18-1a46-464d-8c21-46396a25f472",
    "vertices" : [ {
      "x" : 0.0,
      "y" : 0.0,
      "z" : 0.0
    }, {
      "x" : -0.618034,
      "y" : 1.0,
      "z" : -0.85410196
    }, {
      "x" : -0.618034,
      "y" : 1.0,
      "z" : 14.09017
    }, {
      "x" : 0.0,
      "y" : 0.0,
      "z" : 13.236068
    } ],
    "faces" : [ {
      "vertices" : [ 0, 1, 2, 3 ]
    }, {
      "vertices" : [ 0, 3, 2, 1 ]
    } ]
  }, {
    "id" : "ad2d5f70-e823-425c-a88b-5cb932e98659",
    "vertices" : [ {
      "x" : 0.0,
      "y" : 0.0,
      "z" : 0.0
    }, {
      "x" : -0.618034,
      "y" : 1.0,
      "z" : 0.38196602
    }, {
      "x" : -0.618034,
      "y" : 1.0,
      "z" : 11.326238
    }, {
      "x" : 0.0,
      "y" : 0.0,
      "z" : 11.708204
    } ],
    "faces" : [ {
      "vertices" : [ 0, 1, 2, 3 ]
    }, {
      "vertices" : [ 0, 3, 2, 1 ]
    } ]
  }, {
    "id" : "1eae21c6-43b2-4c2e-830f-4306d7247000",
    "vertices" : [ {
      "x" : 0.0,
      "y" : 0.0,
      "z" : 0.0
    }, {
      "x" : 0.0,
      "y" : -1.236068,
      "z" : -0.76393205
    }, {
      "x" : 0.0,
      "y" : -1.236068,
      "z" : -8.472136
    }, {
      "x" : 0.0,
      "y" : 0.0,
      "z" : -9.236068
    } ],
    "faces" : [ {
      "vertices" : [ 0, 1, 2, 3 ]
    }, {
      "vertices" : [ 0, 3, 2, 1 ]
    } ]
  }, {
    "id" : "4b87c370-62be-4cf5-a5d0-4304a4bf7242",
    "vertices" : [ {
      "x" : 0.0,
      "y" : 0.0,
      "z" : 0.0
    }, {
      "x" : 0.76393205,
      "y" : -1.236068,
      "z" : 0.0
    }, {
      "x" : -3.854102,
      "y" : 6.236068,
      "z" : -12.09017
    }, {
      "x" : -4.09017,
      "y" : 6.618034,
      "z" : -10.708204
    } ],
    "faces" : [ {
      "vertices" : [ 0, 1, 2, 3 ]
    }, {
      "vertices" : [ 0, 3, 2, 1 ]
    } ]
  }, {
    "id" : "034f29c0-d278-4222-b056-537dcf15e5d5",
    "vertices" : [ {
      "x" : 0.0,
      "y" : 0.0,
      "z" : 0.0
    }, {
      "x" : 0.23606798,
      "y" : -0.38196602,
      "z" : 1.381966
    }, {
      "x" : 4.854102,
      "y" : -7.854102,
      "z" : -10.708204
    }, {
      "x" : 4.09017,
      "y" : -6.618034,
      "z" : -10.708204
    } ],
    "faces" : [ {
      "vertices" : [ 0, 1, 2, 3 ]
    }, {
      "vertices" : [ 0, 3, 2, 1 ]
    } ]
  }, {
    "id" : "d0a4aed4-ca17-4968-863a-2a7cc60bf0d2",
    "vertices" : [ {
      "x" : 0.0,
      "y" : 0.0,
      "z" : 0.0
    }, {
      "x" : 0.23606798,
      "y" : -1.618034,
      "z" : 0.618034
    }, {
      "x" : -3.236068,
      "y" : 4.0,
      "z" : -8.472136
    }, {
      "x" : -2.618034,
      "y" : 4.236068,
      "z" : -6.854102
    } ],
    "faces" : [ {
      "vertices" : [ 0, 1, 2, 3 ]
    }, {
      "vertices" : [ 0, 3, 2, 1 ]
    } ]
  }, {
    "id" : "42012509-939f-4e9e-ad09-ec34ba75663a",
    "vertices" : [ {
      "x" : 0.0,
      "y" : 0.0,
      "z" : 0.0
    }, {
      "x" : 0.23606798,
      "y" : 0.85410196,
      "z" : 0.618034
    }, {
      "x" : 3.618034,
      "y" : -4.618034,
      "z" : 9.472136
    }, {
      "x" : 3.472136,
      "y" : -5.618034,
      "z" : 9.09017
    } ],
    "faces" : [ {
      "vertices" : [ 0, 1, 2, 3 ]
    }, {
      "vertices" : [ 0, 3, 2, 1 ]
    } ]
  }, {
    "id" : "da381e3d-e5b8-444a-9727-33bf009e37a9",
    "vertices" : [ {
      "x" : 0.0,
      "y" : 0.0,
      "z" : 0.0
    }, {
      "x" : -0.618034,
      "y" : 0.23606798,
      "z" : -1.618034
    }, {
      "x" : 2.854102,
      "y" : 5.854102,
      "z" : 7.472136
    }, {
      "x" : 2.618034,
      "y" : 4.236068,
      "z" : 6.854102
    } ],
    "faces" : [ {
      "vertices" : [ 0, 1, 2, 3 ]
    }, {
      "vertices" : [ 0, 3, 2, 1 ]
    } ]
  }, {
    "id" : "26962844-fc49-40ed-ad28-952b93c139ca",
    "vertices" : [ {
      "x" : 0.0,
      "y" : 0.0,
      "z" : 0.0
    }, {
      "x" : -0.618034,
      "y" : 1.0,
      "z" : 0.85410196
    }, {
      "x" : 6.854102,
      "y" : -11.09017,
      "z" : 5.472136
    }, {
      "x" : 6.618034,
      "y" : -10.708204,
      "z" : 4.09017
    } ],
    "faces" : [ {
      "vertices" : [ 0, 1, 2, 3 ]
    }, {
      "vertices" : [ 0, 3, 2, 1 ]
    } ]
  }, {
    "id" : "420ef5e1-890b-4dbf-b364-2d5067174b43",
    "vertices" : [ {
      "x" : 0.0,
      "y" : 0.0,
      "z" : 0.0
    }, {
      "x" : 1.0,
      "y" : -1.618034,
      "z" : 0.618034
    }, {
      "x" : -2.854102,
      "y" : 4.618034,
      "z" : -9.472136
    }, {
      "x" : -2.854102,
      "y" : 4.618034,
      "z" : -7.472136
    } ],
    "faces" : [ {
      "vertices" : [ 0, 1, 2, 3 ]
    }, {
      "vertices" : [ 0, 3, 2, 1 ]
    } ]
  }, {
    "id" : "2d5fc0ff-9e43-4900-94e5-00db483e24c2",
    "vertices" : [ {
      "x" : 0.0,
      "y" : 0.0,
      "z" : 0.0
    }, {
      "x" : -0.38196602,
      "y" : 0.618034,
      "z" : 1.0
    }, {
      "x" : 2.0,
      "y" : -3.236068,
      "z" : 7.236068
    }, {
      "x" : 2.618034,
      "y" : -4.236068,
      "z" : 6.854102
    } ],
    "faces" : [ {
      "vertices" : [ 0, 1, 2, 3 ]
    }, {
      "vertices" : [ 0, 3, 2, 1 ]
    } ]
  }, {
    "id" : "3b3f1008-84e8-4adc-a3be-504dabdc8da7",
    "vertices" : [ {
      "x" : 0.0,
      "y" : 0.0,
      "z" : 0.0
    }, {
      "x" : -0.38196602,
      "y" : -1.854102,
      "z" : -1.0
    }, {
      "x" : -0.38196602,
      "y" : 13.09017,
      "z" : -1.0
    }, {
      "x" : 0.0,
      "y" : 11.236068,
      "z" : 0.0
    } ],
    "faces" : [ {
      "vertices" : [ 0, 1, 2, 3 ]
    }, {
      "vertices" : [ 0, 3, 2, 1 ]
    } ]
  }, {
    "id" : "a7c6b52d-de48-4838-9b35-68b6773eec1e",
    "vertices" : [ {
      "x" : 0.0,
      "y" : 0.0,
      "z" : 0.0
    }, {
      "x" : -3.472136,
      "y" : 5.618034,
      "z" : -9.09017
    }, {
      "x" : -3.236068,
      "y" : 6.472136,
      "z" : -8.472136
    }, {
      "x" : 0.14589803,
      "y" : 1.0,
      "z" : 0.38196602
    } ],
    "faces" : [ {
      "vertices" : [ 0, 1, 2, 3 ]
    }, {
      "vertices" : [ 0, 3, 2, 1 ]
    } ]
  }, {
    "id" : "bf6b9530-28fb-41ff-8f9c-60a1dd6d9a08",
    "vertices" : [ {
      "x" : 0.0,
      "y" : 0.0,
      "z" : 0.0
    }, {
      "x" : 0.38196602,
      "y" : -0.618034,
      "z" : 1.0
    }, {
      "x" : 4.236068,
      "y" : -6.854102,
      "z" : -1.381966
    }, {
      "x" : 4.236068,
      "y" : -6.854102,
      "z" : -2.618034
    } ],
    "faces" : [ {
      "vertices" : [ 0, 1, 2, 3 ]
    }, {
      "vertices" : [ 0, 3, 2, 1 ]
    } ]
  }, {
    "id" : "8d50a958-1c80-48ac-bd15-bb3081f74f6d",
    "vertices" : [ {
      "x" : 0.0,
      "y" : 0.0,
      "z" : 0.0
    }, {
      "x" : 0.0,
      "y" : 1.236068,
      "z" : 0.0
    }, {
      "x" : 3.472136,
      "y" : 6.854102,
      "z" : 9.09017
    }, {
      "x" : 3.854102,
      "y" : 6.236068,
      "z" : 10.09017
    } ],
    "faces" : [ {
      "vertices" : [ 0, 1, 2, 3 ]
    }, {
      "vertices" : [ 0, 3, 2, 1 ]
    } ]
  }, {
    "id" : "8cb39c9f-0b1c-41ed-88d0-a1136f4d9037",
    "vertices" : [ {
      "x" : 0.0,
      "y" : 0.0,
      "z" : 0.0
    }, {
      "x" : -0.76393205,
      "y" : 1.236068,
      "z" : 0.0
    }, {
      "x" : -4.854102,
      "y" : 7.854102,
      "z" : 10.708204
    }, {
      "x" : -4.618034,
      "y" : 7.472136,
      "z" : 12.09017
    } ],
    "faces" : [ {
      "vertices" : [ 0, 1, 2, 3 ]
    }, {
      "vertices" : [ 0, 3, 2, 1 ]
    } ]
  }, {
    "id" : "c338f0bb-7159-45e6-967a-e4c4c9f40149",
    "orbit" : "green",
    "orbitC" : "[[2,-1,1],[5,-3,1]]",
    "length" : "[-8,5,1]",
    "name" : " :-8 +5*phi",
    "vertices" : [ {
      "x" : 0.44532618,
      "y" : -0.055364937,
      "z" : -0.18857901
    }, {
      "x" : 0.5453262,
      "y" : 0.044635065,
      "z" : 0.21142098
    }, {
      "x" : 0.55467385,
      "y" : 0.43733096,
      "z" : 0.04268098
    }, {
      "x" : 0.45467383,
      "y" : 0.33733094,
      "z" : -0.35731903
    }, {
      "x" : 0.31199285,
      "y" : 0.34463507,
      "z" : 0.07808766
    }, {
      "x" : 0.21199284,
      "y" : 0.24463506,
      "z" : -0.32191235
    }, {
      "x" : 0.6880072,
      "y" : 0.037330948,
      "z" : -0.22398569
    }, {
      "x" : 0.78800714,
      "y" : 0.13733095,
      "z" : 0.1760143
    } ],
    "faces" : [ {
      "vertices" : [ 2, 3, 6, 7 ]
    }, {
      "vertices" : [ 0, 5, 4, 1 ]
    }, {
      "vertices" : [ 2, 4, 5, 3 ]
    }, {
      "vertices" : [ 0, 6, 3, 5 ]
    }, {
      "vertices" : [ 0, 1, 7, 6 ]
    }, {
      "vertices" : [ 1, 4, 2, 7 ]
    } ]
  }, {
    "id" : "97563d13-a456-4fb4-8d95-455cab1150f7",
    "vertices" : [ {
      "x" : 0.0,
      "y" : 0.0,
      "z" : 0.0
    }, {
      "x" : 0.0,
      "y" : 0.0,
      "z" : -1.236068
    }, {
      "x" : -4.236068,
      "y" : 6.854102,
      "z" : 1.381966
    }, {
      "x" : -3.854102,
      "y" : 6.236068,
      "z" : 2.381966
    } ],
    "faces" : [ {
      "vertices" : [ 0, 1, 2, 3 ]
    }, {
      "vertices" : [ 0, 3, 2, 1 ]
    } ]
  }, {
    "id" : "64df54b4-45ce-4790-9a5e-419b8fab2e81",
    "vertices" : [ {
      "x" : 0.0,
      "y" : 0.0,
      "z" : 0.0
    }, {
      "x" : -0.23606798,
      "y" : 0.85410196,
      "z" : -0.618034
    }, {
      "x" : 3.236068,
      "y" : 6.472136,
      "z" : 8.472136
    }, {
      "x" : 3.381966,
      "y" : 5.472136,
      "z" : 8.854102
    } ],
    "faces" : [ {
      "vertices" : [ 0, 1, 2, 3 ]
    }, {
      "vertices" : [ 0, 3, 2, 1 ]
    } ]
  }, {
    "id" : "3bcbbb0b-d9c2-41aa-b460-a868dd65d7fd",
    "vertices" : [ {
      "x" : 0.0,
      "y" : 0.0,
      "z" : 0.0
    }, {
      "x" : 0.0,
      "y" : -1.236068,
      "z" : 0.76393205
    }, {
      "x" : 0.0,
      "y" : -1.236068,
      "z" : -8.472136
    }, {
      "x" : 0.0,
      "y" : 0.0,
      "z" : -7.708204
    } ],
    "faces" : [ {
      "vertices" : [ 0, 1, 2, 3 ]
    }, {
      "vertices" : [ 0, 3, 2, 1 ]
    } ]
  }, {
    "id" : "b3fbdcd6-f134-4581-8ca7-470be192846b",
    "vertices" : [ {
      "x" : 0.0,
      "y" : 0.0,
      "z" : 0.0
    }, {
      "x" : -0.23606798,
      "y" : -1.618034,
      "z" : -0.618034
    }, {
      "x" : -2.854102,
      "y" : -5.854102,
      "z" : -7.472136
    }, {
      "x" : -3.472136,
      "y" : -5.618034,
      "z" : -9.09017
    } ],
    "faces" : [ {
      "vertices" : [ 0, 1, 2, 3 ]
    }, {
      "vertices" : [ 0, 3, 2, 1 ]
    } ]
  }, {
    "id" : "8fdabe9e-a34b-441d-9ce2-eb6843e90170",
    "orbit" : "yellow",
    "orbitC" : "[[0,0,1],[2,-1,1]]",
    "length" : "[-3,2,1]",
    "name" : " :-3 +2*phi",
    "vertices" : [ {
      "x" : 1.13386,
      "y" : -0.26666668,
      "z" : -0.269435
    }, {
      "x" : 1.0338601,
      "y" : 0.13333334,
      "z" : -0.169435
    }, {
      "x" : 0.48417395,
      "y" : 0.26666668,
      "z" : -0.348599
    }, {
      "x" : 0.5841739,
      "y" : -0.13333334,
      "z" : -0.44859898
    }, {
      "x" : 0.80052674,
      "y" : 0.26666668,
      "z" : -0.469435
    }, {
      "x" : 0.9005267,
      "y" : -0.13333334,
      "z" : -0.569435
    }, {
      "x" : 0.81750727,
      "y" : -0.26666668,
      "z" : -0.14859898
    }, {
      "x" : 0.71750724,
      "y" : 0.13333334,
      "z" : -0.04859899
    } ],
    "faces" : [ {
      "vertices" : [ 2, 3, 6, 7 ]
    }, {
      "vertices" : [ 0, 5, 4, 1 ]
    }, {
      "vertices" : [ 2, 4, 5, 3 ]
    }, {
      "vertices" : [ 0, 6, 3, 5 ]
    }, {
      "vertices" : [ 0, 1, 7, 6 ]
    }, {
      "vertices" : [ 1, 4, 2, 7 ]
    } ]
  }, {
    "id" : "99d9ffab-39ea-4c85-a8e0-5cf9346f422d",
    "vertices" : [ {
      "x" : 0.0,
      "y" : 0.0,
      "z" : 0.0
    }, {
      "x" : 0.38196602,
      "y" : -0.618034,
      "z" : 1.0
    }, {
      "x" : 8.472136,
      "y" : -13.708204,
      "z" : -4.0
    }, {
      "x" : 8.472136,
      "y" : -13.708204,
      "z" : -5.236068
    } ],
    "faces" : [ {
      "vertices" : [ 0, 1, 2, 3 ]
    }, {
      "vertices" : [ 0, 3, 2, 1 ]
    } ]
  }, {
    "id" : "2654fe5c-ad86-42e6-a7ed-81a20fffeec9",
    "vertices" : [ {
      "x" : 0.0,
      "y" : 0.0,
      "z" : 0.0
    }, {
      "x" : -0.38196602,
      "y" : -1.854102,
      "z" : -1.0
    }, {
      "x" : -6.854102,
      "y" : -12.326238,
      "z" : -17.944271
    }, {
      "x" : -7.618034,
      "y" : -12.326238,
      "z" : -19.944271
    } ],
    "faces" : [ {
      "vertices" : [ 0, 1, 2, 3 ]
    }, {
      "vertices" : [ 0, 3, 2, 1 ]
    } ]
  }, {
    "id" : "a8bb713b-e6a2-45e6-b26c-f9174a7882f2",
    "vertices" : [ {
      "x" : 0.0,
      "y" : 0.0,
      "z" : 0.0
    }, {
      "x" : 0.0,
      "y" : -1.236068,
      "z" : 0.76393205
    }, {
      "x" : 0.0,
      "y" : -1.236068,
      "z" : -16.944271
    }, {
      "x" : 0.0,
      "y" : 0.0,
      "z" : -16.18034
    } ],
    "faces" : [ {
      "vertices" : [ 0, 1, 2, 3 ]
    }, {
      "vertices" : [ 0, 3, 2, 1 ]
    } ]
  }, {
    "id" : "462fdb0f-9a2b-49d2-8d6c-3f5a1c9a999b",
    "vertices" : [ {
      "x" : 0.0,
      "y" : 0.0,
      "z" : 0.0
    }, {
      "x" : 0.76393205,
      "y" : 0.0,
      "z" : 2.0
    }, {
      "x" : 7.236068,
      "y" : -10.472136,
      "z" : 18.944271
    }, {
      "x" : 7.618034,
      "y" : -12.326238,
      "z" : 19.944271
    } ],
    "faces" : [ {
      "vertices" : [ 0, 1, 2, 3 ]
    }, {
      "vertices" : [ 0, 3, 2, 1 ]
    } ]
  }, {
    "id" : "1f397a79-0bb1-42ac-8949-6a1a890746bf",
    "vertices" : [ {
      "x" : 0.0,
      "y" : 0.0,
      "z" : 0.0
    }, {
      "x" : 0.0,
      "y" : 1.236068,
      "z" : -0.76393205
    }, {
      "x" : 0.0,
      "y" : 1.236068,
      "z" : 16.944271
    }, {
      "x" : 0.0,
      "y" : 0.0,
      "z" : 16.18034
    } ],
    "faces" : [ {
      "vertices" : [ 0, 1, 2, 3 ]
    }, {
      "vertices" : [ 0, 3, 2, 1 ]
    } ]
  }, {
    "id" : "73a123b7-1880-4b87-9e02-ae10ab37e8b8",
    "vertices" : [ {
      "x" : 0.0,
      "y" : 0.0,
      "z" : 0.0
    }, {
      "x" : 0.0,
      "y" : 0.0,
      "z" : -1.236068
    }, {
      "x" : -8.09017,
      "y" : 13.09017,
      "z" : -6.236068
    }, {
      "x" : -8.472136,
      "y" : 13.708204,
      "z" : -5.236068
    } ],
    "faces" : [ {
      "vertices" : [ 0, 1, 2, 3 ]
    }, {
      "vertices" : [ 0, 3, 2, 1 ]
    } ]
  }, {
    "id" : "cf7d7075-1b5b-475b-b499-75b21687da12",
    "vertices" : [ {
      "x" : 0.0,
      "y" : 0.0,
      "z" : 0.0
    }, {
      "x" : -1.0,
      "y" : 1.618034,
      "z" : 0.618034
    }, {
      "x" : 9.472136,
      "y" : -15.326238,
      "z" : 7.09017
    }, {
      "x" : 8.854102,
      "y" : -14.326238,
      "z" : 5.472136
    } ],
    "faces" : [ {
      "vertices" : [ 0, 1, 2, 3 ]
    }, {
      "vertices" : [ 0, 3, 2, 1 ]
    } ]
  }, {
    "id" : "b8ed1a7a-244f-448a-b21d-320c1e5364b1",
    "vertices" : [ {
      "x" : 0.0,
      "y" : 0.0,
      "z" : 0.0
    }, {
      "x" : -0.618034,
      "y" : 1.0,
      "z" : -1.618034
    }, {
      "x" : -0.618034,
      "y" : 1.0,
      "z" : 19.326239
    }, {
      "x" : 0.0,
      "y" : 0.0,
      "z" : 17.708204
    } ],
    "faces" : [ {
      "vertices" : [ 0, 1, 2, 3 ]
    }, {
      "vertices" : [ 0, 3, 2, 1 ]
    } ]
  }, {
    "id" : "28d968d2-4c3d-4f53-99f4-f946ef686108",
    "vertices" : [ {
      "x" : 0.0,
      "y" : 0.0,
      "z" : 0.0
    }, {
      "x" : 0.0,
      "y" : 0.0,
      "z" : 2.0
    }, {
      "x" : 6.472136,
      "y" : -10.472136,
      "z" : -14.944272
    }, {
      "x" : 5.472136,
      "y" : -8.854102,
      "z" : -14.326238
    } ],
    "faces" : [ {
      "vertices" : [ 0, 1, 2, 3 ]
    }, {
      "vertices" : [ 0, 3, 2, 1 ]
    } ]
  }, {
    "id" : "321ae313-e4a8-47c5-89fd-f5a69c31e851",
    "vertices" : [ {
      "x" : 0.0,
      "y" : 0.0,
      "z" : 0.0
    }, {
      "x" : -0.38196602,
      "y" : 0.618034,
      "z" : 1.0
    }, {
      "x" : 4.618034,
      "y" : -7.472136,
      "z" : 14.09017
    }, {
      "x" : 5.236068,
      "y" : -8.472136,
      "z" : 13.708204
    } ],
    "faces" : [ {
      "vertices" : [ 0, 1, 2, 3 ]
    }, {
      "vertices" : [ 0, 3, 2, 1 ]
    } ]
  }, {
    "id" : "1cc7333c-9c55-47d5-a213-2ea7043d1f9e",
    "vertices" : [ {
      "x" : 0.0,
      "y" : 0.0,
      "z" : 0.0
    }, {
      "x" : 0.618034,
      "y" : -1.0,
      "z" : -1.618034
    }, {
      "x" : -9.854102,
      "y" : 15.944272,
      "z" : 4.854102
    }, {
      "x" : -8.854102,
      "y" : 14.326238,
      "z" : 5.472136
    } ],
    "faces" : [ {
      "vertices" : [ 0, 1, 2, 3 ]
    }, {
      "vertices" : [ 0, 3, 2, 1 ]
    } ]
  }, {
    "id" : "b5c2fa99-adac-4ed0-b9f0-8a09bdc4179e",
    "vertices" : [ {
      "x" : 0.0,
      "y" : 0.0,
      "z" : 0.0
    }, {
      "x" : -0.38196602,
      "y" : 1.854102,
      "z" : -1.0
    }, {
      "x" : -0.38196602,
      "y" : 22.798374,
      "z" : -1.0
    }, {
      "x" : 0.0,
      "y" : 24.652475,
      "z" : 0.0
    } ],
    "faces" : [ {
      "vertices" : [ 0, 1, 2, 3 ]
    }, {
      "vertices" : [ 0, 3, 2, 1 ]
    } ]
  }, {
    "id" : "5824d18e-2d92-44bb-99a2-0e4ab84ea0f9",
    "vertices" : [ {
      "x" : 0.0,
      "y" : 0.0,
      "z" : 0.0
    }, {
      "x" : 0.23606798,
      "y" : -1.618034,
      "z" : 0.618034
    }, {
      "x" : -5.854102,
      "y" : 8.236068,
      "z" : -15.326238
    }, {
      "x" : -5.236068,
      "y" : 8.472136,
      "z" : -13.708204
    } ],
    "faces" : [ {
      "vertices" : [ 0, 1, 2, 3 ]
    }, {
      "vertices" : [ 0, 3, 2, 1 ]
    } ]
  }, {
    "id" : "3cfbedc5-ef64-408f-9797-d9d8f1d90492",
    "vertices" : [ {
      "x" : 0.0,
      "y" : 0.0,
      "z" : 0.0
    }, {
      "x" : -0.618034,
      "y" : 0.23606798,
      "z" : -1.618034
    }, {
      "x" : 5.472136,
      "y" : 10.09017,
      "z" : 14.326238
    }, {
      "x" : 5.236068,
      "y" : 8.472136,
      "z" : 13.708204
    } ],
    "faces" : [ {
      "vertices" : [ 0, 1, 2, 3 ]
    }, {
      "vertices" : [ 0, 3, 2, 1 ]
    } ]
  }, {
    "id" : "e97b8139-f67d-4cbd-8242-f2a21e5ab76b",
    "vertices" : [ {
      "x" : 0.0,
      "y" : 0.0,
      "z" : 0.0
    }, {
      "x" : 0.618034,
      "y" : -1.0,
      "z" : -0.38196602
    }, {
      "x" : 0.618034,
      "y" : -1.0,
      "z" : -16.562305
    }, {
      "x" : 0.0,
      "y" : 0.0,
      "z" : -16.944271
    } ],
    "faces" : [ {
      "vertices" : [ 0, 1, 2, 3 ]
    }, {
      "vertices" : [ 0, 3, 2, 1 ]
    } ]
  }, {
    "id" : "4c5e4333-b3b1-422a-936f-094a29bd4531",
    "vertices" : [ {
      "x" : 0.0,
      "y" : 0.0,
      "z" : 0.0
    }, {
      "x" : -0.618034,
      "y" : 1.0,
      "z" : -0.38196602
    }, {
      "x" : -5.618034,
      "y" : 9.09017,
      "z" : 12.708204
    }, {
      "x" : -5.236068,
      "y" : 8.472136,
      "z" : 13.708204
    } ],
