{
  "field" : "golden",
  "symmetry" : "icosahedral",
  "orientations" : [ [ 1.0, 0.0, 0.0, 0.0, 0.0, 1.0, 0.0, 0.0, 0.0, 0.0, 1.0, 0.0, 0.0, 0.0, 0.0, 1.0 ], [ 0.0, 0.0, 1.0, 0.0, 1.0, 0.0, 0.0, 0.0, 0.0, 1.0, 0.0, 0.0, 0.0, 0.0, 0.0, 1.0 ], [ 0.0, 1.0, 0.0, 0.0, 0.0, 0.0, 1.0, 0.0, 1.0, 0.0, 0.0, 0.0, 0.0, 0.0, 0.0, 1.0 ], [ 0.809017, 0.309017, 0.5, 0.0, 0.309017, 0.5, -0.809017, 0.0, -0.5, 0.809017, 0.309017, 0.0, 0.0, 0.0, 0.0, 1.0 ], [ -0.5, 0.809017, 0.309017, 0.0, 0.809017, 0.309017, 0.5, 0.0, 0.309017, 0.5, -0.809017, 0.0, 0.0, 0.0, 0.0, 1.0 ], [ 0.309017, 0.5, -0.809017, 0.0, -0.5, 0.809017, 0.309017, 0.0, 0.809017, 0.309017, 0.5, 0.0, 0.0, 0.0, 0.0, 1.0 ], [ 0.5, 0.809017, 0.309017, 0.0, 0.809017, -0.309017, -0.5, 0.0, -0.309017, 0.5, -0.809017, 0.0, 0.0, 0.0, 0.0, 1.0 ], [ -0.309017, 0.5, -0.809017, 0.0, 0.5, 0.809017, 0.309017, 0.0, 0.809017, -0.309017, -0.5, 0.0, 0.0, 0.0, 0.0, 1.0 ], [ 0.809017, -0.309017, -0.5, 0.0, -0.309017, 0.5, -0.809017, 0.0, 0.5, 0.809017, 0.309017, 0.0, 0.0, 0.0, 0.0, 1.0 ], [ 0.5, 0.809017, -0.309017, 0.0, 0.809017, -0.309017, 0.5, 0.0, 0.309017, -0.5, -0.809017, 0.0, 0.0, 0.0, 0.0, 1.0 ], [ 0.309017, -0.5, -0.809017, 0.0, 0.5, 0.809017, -0.309017, 0.0, 0.809017, -0.309017, 0.5, 0.0, 0.0, 0.0, 0.0, 1.0 ], [ 0.809017, -0.309017, 0.5, 0.0, 0.309017, -0.5, -0.809017, 0.0, 0.5, 0.809017, -0.309017, 0.0, 0.0, 0.0, 0.0, 1.0 ], [ 0.809017, 0.309017, -0.5, 0.0, 0.309017, 0.5, 0.809017, 0.0, 0.5, -0.809017, 0.309017, 0.0, 0.0, 0.0, 0.0, 1.0 ], [ 0.5, -0.809017, 0.309017, 0.0, 0.809017, 0.309017, -0.5, 0.0, 0.309017, 0.5, 0.809017, 0.0, 0.0, 0.0, 0.0, 1.0 ], [ 0.309017, 0.5, 0.809017, 0.0, 0.5, -0.809017, 0.309017, 0.0, 0.809017, 0.309017, -0.5, 0.0, 0.0, 0.0, 0.0, 1.0 ], [ 1.0, 0.0, 0.0, 0.0, 0.0, -1.0, 0.0, 0.0, 0.0, 0.0, -1.0, 0.0, 0.0, 0.0, 0.0, 1.0 ], [ 0.0, 0.0, 1.0, 0.0, -1.0, 0.0, 0.0, 0.0, 0.0, -1.0, 0.0, 0.0, 0.0, 0.0, 0.0, 1.0 ], [ 0.0, 1.0, 0.0, 0.0, 0.0, 0.0, -1.0, 0.0, -1.0, 0.0, 0.0, 0.0, 0.0, 0.0, 0.0, 1.0 ], [ 0.809017, 0.309017, 0.5, 0.0, -0.309017, -0.5, 0.809017, 0.0, 0.5, -0.809017, -0.309017, 0.0, 0.0, 0.0, 0.0, 1.0 ], [ -0.5, 0.809017, 0.309017, 0.0, -0.809017, -0.309017, -0.5, 0.0, -0.309017, -0.5, 0.809017, 0.0, 0.0, 0.0, 0.0, 1.0 ], [ 0.309017, 0.5, -0.809017, 0.0, 0.5, -0.809017, -0.309017, 0.0, -0.809017, -0.309017, -0.5, 0.0, 0.0, 0.0, 0.0, 1.0 ], [ 0.5, 0.809017, 0.309017, 0.0, -0.809017, 0.309017, 0.5, 0.0, 0.309017, -0.5, 0.809017, 0.0, 0.0, 0.0, 0.0, 1.0 ], [ -0.309017, 0.5, -0.809017, 0.0, -0.5, -0.809017, -0.309017, 0.0, -0.809017, 0.309017, 0.5, 0.0, 0.0, 0.0, 0.0, 1.0 ], [ 0.809017, -0.309017, -0.5, 0.0, 0.309017, -0.5, 0.809017, 0.0, -0.5, -0.809017, -0.309017, 0.0, 0.0, 0.0, 0.0, 1.0 ], [ 0.5, 0.809017, -0.309017, 0.0, -0.809017, 0.309017, -0.5, 0.0, -0.309017, 0.5, 0.809017, 0.0, 0.0, 0.0, 0.0, 1.0 ], [ 0.309017, -0.5, -0.809017, 0.0, -0.5, -0.809017, 0.309017, 0.0, -0.809017, 0.309017, -0.5, 0.0, 0.0, 0.0, 0.0, 1.0 ], [ 0.809017, -0.309017, 0.5, 0.0, -0.309017, 0.5, 0.809017, 0.0, -0.5, -0.809017, 0.309017, 0.0, 0.0, 0.0, 0.0, 1.0 ], [ 0.809017, 0.309017, -0.5, 0.0, -0.309017, -0.5, -0.809017, 0.0, -0.5, 0.809017, -0.309017, 0.0, 0.0, 0.0, 0.0, 1.0 ], [ 0.5, -0.809017, 0.309017, 0.0, -0.809017, -0.309017, 0.5, 0.0, -0.309017, -0.5, -0.809017, 0.0, 0.0, 0.0, 0.0, 1.0 ], [ 0.309017, 0.5, 0.809017, 0.0, -0.5, 0.809017, -0.309017, 0.0, -0.809017, -0.309017, 0.5, 0.0, 0.0, 0.0, 0.0, 1.0 ], [ -1.0, 0.0, 0.0, 0.0, 0.0, -1.0, 0.0, 0.0, 0.0, 0.0, 1.0, 0.0, 0.0, 0.0, 0.0, 1.0 ], [ 0.0, 0.0, -1.0, 0.0, -1.0, 0.0, 0.0, 0.0, 0.0, 1.0, 0.0, 0.0, 0.0, 0.0, 0.0, 1.0 ], [ 0.0, -1.0, 0.0, 0.0, 0.0, 0.0, -1.0, 0.0, 1.0, 0.0, 0.0, 0.0, 0.0, 0.0, 0.0, 1.0 ], [ -0.809017, -0.309017, -0.5, 0.0, -0.309017, -0.5, 0.809017, 0.0, -0.5, 0.809017, 0.309017, 0.0, 0.0, 0.0, 0.0, 1.0 ], [ 0.5, -0.809017, -0.309017, 0.0, -0.809017, -0.309017, -0.5, 0.0, 0.309017, 0.5, -0.809017, 0.0, 0.0, 0.0, 0.0, 1.0 ], [ -0.309017, -0.5, 0.809017, 0.0, 0.5, -0.809017, -0.309017, 0.0, 0.809017, 0.309017, 0.5, 0.0, 0.0, 0.0, 0.0, 1.0 ], [ -0.5, -0.809017, -0.309017, 0.0, -0.809017, 0.309017, 0.5, 0.0, -0.309017, 0.5, -0.809017, 0.0, 0.0, 0.0, 0.0, 1.0 ], [ 0.309017, -0.5, 0.809017, 0.0, -0.5, -0.809017, -0.309017, 0.0, 0.809017, -0.309017, -0.5, 0.0, 0.0, 0.0, 0.0, 1.0 ], [ -0.809017, 0.309017, 0.5, 0.0, 0.309017, -0.5, 0.809017, 0.0, 0.5, 0.809017, 0.309017, 0.0, 0.0, 0.0, 0.0, 1.0 ], [ -0.5, -0.809017, 0.309017, 0.0, -0.809017, 0.309017, -0.5, 0.0, 0.309017, -0.5, -0.809017, 0.0, 0.0, 0.0, 0.0, 1.0 ], [ -0.309017, 0.5, 0.809017, 0.0, -0.5, -0.809017, 0.309017, 0.0, 0.809017, -0.309017, 0.5, 0.0, 0.0, 0.0, 0.0, 1.0 ], [ -0.809017, 0.309017, -0.5, 0.0, -0.309017, 0.5, 0.809017, 0.0, 0.5, 0.809017, -0.309017, 0.0, 0.0, 0.0, 0.0, 1.0 ], [ -0.809017, -0.309017, 0.5, 0.0, -0.309017, -0.5, -0.809017, 0.0, 0.5, -0.809017, 0.309017, 0.0, 0.0, 0.0, 0.0, 1.0 ], [ -0.5, 0.809017, -0.309017, 0.0, -0.809017, -0.309017, 0.5, 0.0, 0.309017, 0.5, 0.809017, 0.0, 0.0, 0.0, 0.0, 1.0 ], [ -0.309017, -0.5, -0.809017, 0.0, -0.5, 0.809017, -0.309017, 0.0, 0.809017, 0.309017, -0.5, 0.0, 0.0, 0.0, 0.0, 1.0 ], [ -1.0, 0.0, 0.0, 0.0, 0.0, 1.0, 0.0, 0.0, 0.0, 0.0, -1.0, 0.0, 0.0, 0.0, 0.0, 1.0 ], [ 0.0, 0.0, -1.0, 0.0, 1.0, 0.0, 0.0, 0.0, 0.0, -1.0, 0.0, 0.0, 0.0, 0.0, 0.0, 1.0 ], [ 0.0, -1.0, 0.0, 0.0, 0.0, 0.0, 1.0, 0.0, -1.0, 0.0, 0.0, 0.0, 0.0, 0.0, 0.0, 1.0 ], [ -0.809017, -0.309017, -0.5, 0.0, 0.309017, 0.5, -0.809017, 0.0, 0.5, -0.809017, -0.309017, 0.0, 0.0, 0.0, 0.0, 1.0 ], [ 0.5, -0.809017, -0.309017, 0.0, 0.809017, 0.309017, 0.5, 0.0, -0.309017, -0.5, 0.809017, 0.0, 0.0, 0.0, 0.0, 1.0 ], [ -0.309017, -0.5, 0.809017, 0.0, -0.5, 0.809017, 0.309017, 0.0, -0.809017, -0.309017, -0.5, 0.0, 0.0, 0.0, 0.0, 1.0 ], [ -0.5, -0.809017, -0.309017, 0.0, 0.809017, -0.309017, -0.5, 0.0, 0.309017, -0.5, 0.809017, 0.0, 0.0, 0.0, 0.0, 1.0 ], [ 0.309017, -0.5, 0.809017, 0.0, 0.5, 0.809017, 0.309017, 0.0, -0.809017, 0.309017, 0.5, 0.0, 0.0, 0.0, 0.0, 1.0 ], [ -0.809017, 0.309017, 0.5, 0.0, -0.309017, 0.5, -0.809017, 0.0, -0.5, -0.809017, -0.309017, 0.0, 0.0, 0.0, 0.0, 1.0 ], [ -0.5, -0.809017, 0.309017, 0.0, 0.809017, -0.309017, 0.5, 0.0, -0.309017, 0.5, 0.809017, 0.0, 0.0, 0.0, 0.0, 1.0 ], [ -0.309017, 0.5, 0.809017, 0.0, 0.5, 0.809017, -0.309017, 0.0, -0.809017, 0.309017, -0.5, 0.0, 0.0, 0.0, 0.0, 1.0 ], [ -0.809017, 0.309017, -0.5, 0.0, 0.309017, -0.5, -0.809017, 0.0, -0.5, -0.809017, 0.309017, 0.0, 0.0, 0.0, 0.0, 1.0 ], [ -0.809017, -0.309017, 0.5, 0.0, 0.309017, 0.5, 0.809017, 0.0, -0.5, 0.809017, -0.309017, 0.0, 0.0, 0.0, 0.0, 1.0 ], [ -0.5, 0.809017, -0.309017, 0.0, 0.809017, 0.309017, -0.5, 0.0, -0.309017, -0.5, -0.809017, 0.0, 0.0, 0.0, 0.0, 1.0 ], [ -0.309017, -0.5, -0.809017, 0.0, 0.5, -0.809017, 0.309017, 0.0, -0.809017, -0.309017, 0.5, 0.0, 0.0, 0.0, 0.0, 1.0 ] ],
  "lights" : {
    "backgroundColor" : "#AFC8DC",
    "ambientColor" : "#292929",
    "directionalLights" : [ {
      "direction" : {
        "x" : 1.0,
        "y" : -1.0,
        "z" : -1.0
      },
      "color" : "#EBEBE4"
    }, {
      "direction" : {
        "x" : -1.0,
        "y" : 0.0,
        "z" : 0.0
      },
      "color" : "#E4E4EB"
    }, {
      "direction" : {
        "x" : 0.0,
        "y" : 0.0,
        "z" : -1.0
      },
      "color" : "#1E1E1E"
    } ]
  },
  "camera" : {
    "stereo" : false,
    "width" : 67.38161,
    "lookDirection" : {
      "x" : -0.8993361,
      "y" : 0.40672144,
      "z" : -0.16050798
    },
    "upDirection" : {
      "x" : 0.4328436,
      "y" : 0.7761534,
      "z" : -0.45852593
    },
    "lookAtPoint" : {
      "x" : 0.0,
      "y" : 0.0,
      "z" : 0.0
    },
    "perspective" : true,
    "viewDistance" : 149.73685,
    "nearClipDistance" : 0.37434223,
    "fieldOfView" : 0.44262904,
    "farClipDistance" : 299.4733,
    "position" : {
      "x" : 134.66376,
      "y" : -60.901188,
      "z" : 24.033958
    }
  },
  "embedding" : [ 1.0, 0.0, 0.0, 0.0, 0.0, 1.0, 0.0, 0.0, 0.0, 0.0, 1.0, 0.0, 0.0, 0.0, 0.0, 1.0 ],
  "shapes" : [ {
    "id" : "a6ba4b79-74ce-4b5d-b9c0-689ef6a97cc8",
    "vertices" : [ {
      "x" : 0.309017,
      "y" : -0.309017,
      "z" : -0.309017
    }, {
      "x" : 0.5,
      "y" : 0.0,
      "z" : -0.19098301
    }, {
      "x" : 0.5,
      "y" : 0.0,
      "z" : 0.19098301
    }, {
      "x" : 0.309017,
      "y" : -0.309017,
      "z" : 0.309017
    }, {
      "x" : 0.19098301,
      "y" : -0.5,
      "z" : 0.0
    }, {
      "x" : 0.0,
      "y" : 0.19098301,
      "z" : 0.5
    }, {
      "x" : 0.0,
      "y" : -0.19098301,
      "z" : 0.5
    }, {
      "x" : 0.309017,
      "y" : 0.309017,
      "z" : 0.309017
    }, {
      "x" : -0.309017,
      "y" : -0.309017,
      "z" : 0.309017
    }, {
      "x" : -0.309017,
      "y" : 0.309017,
      "z" : 0.309017
    }, {
      "x" : -0.5,
      "y" : 0.0,
      "z" : 0.19098301
    }, {
      "x" : 0.0,
      "y" : -0.19098301,
      "z" : -0.5
    }, {
      "x" : 0.0,
      "y" : 0.19098301,
      "z" : -0.5
    }, {
      "x" : 0.309017,
      "y" : 0.309017,
      "z" : -0.309017
    }, {
      "x" : -0.309017,
      "y" : -0.309017,
      "z" : -0.309017
    }, {
      "x" : -0.19098301,
      "y" : -0.5,
      "z" : 0.0
    }, {
      "x" : -0.5,
      "y" : 0.0,
      "z" : -0.19098301
    }, {
      "x" : 0.19098301,
      "y" : 0.5,
      "z" : 0.0
    }, {
      "x" : -0.309017,
      "y" : 0.309017,
      "z" : -0.309017
    }, {
      "x" : 0.0,
      "y" : 0.0,
      "z" : 0.0
    }, {
      "x" : -0.19098301,
      "y" : 0.5,
      "z" : 0.0
    } ],
    "faces" : [ {
      "vertices" : [ 12, 18, 20 ]
    }, {
      "vertices" : [ 12, 20, 17 ]
    }, {
      "vertices" : [ 12, 17, 13 ]
    }, {
      "vertices" : [ 3, 6, 8 ]
    }, {
      "vertices" : [ 3, 8, 15 ]
    }, {
      "vertices" : [ 3, 15, 4 ]
    }, {
      "vertices" : [ 0, 11, 12 ]
    }, {
      "vertices" : [ 0, 12, 13 ]
    }, {
      "vertices" : [ 0, 13, 1 ]
    }, {
      "vertices" : [ 5, 9, 10 ]
    }, {
      "vertices" : [ 5, 10, 8 ]
    }, {
      "vertices" : [ 5, 8, 6 ]
    }, {
      "vertices" : [ 2, 7, 5 ]
    }, {
      "vertices" : [ 2, 5, 6 ]
    }, {
      "vertices" : [ 2, 6, 3 ]
    }, {
      "vertices" : [ 11, 14, 16 ]
    }, {
      "vertices" : [ 11, 16, 18 ]
    }, {
      "vertices" : [ 11, 18, 12 ]
    }, {
      "vertices" : [ 1, 13, 17 ]
    }, {
      "vertices" : [ 1, 17, 7 ]
    }, {
      "vertices" : [ 1, 7, 2 ]
    }, {
      "vertices" : [ 9, 20, 18 ]
    }, {
      "vertices" : [ 9, 18, 16 ]
    }, {
      "vertices" : [ 9, 16, 10 ]
    }, {
      "vertices" : [ 0, 1, 2 ]
    }, {
      "vertices" : [ 0, 2, 3 ]
    }, {
      "vertices" : [ 0, 3, 4 ]
    }, {
      "vertices" : [ 5, 7, 17 ]
    }, {
      "vertices" : [ 5, 17, 20 ]
    }, {
      "vertices" : [ 5, 20, 9 ]
    }, {
      "vertices" : [ 0, 4, 15 ]
    }, {
      "vertices" : [ 0, 15, 14 ]
    }, {
      "vertices" : [ 0, 14, 11 ]
    }, {
      "vertices" : [ 8, 10, 16 ]
    }, {
      "vertices" : [ 8, 16, 14 ]
    }, {
      "vertices" : [ 8, 14, 15 ]
    } ]
  }, {
    "id" : "5c4ba938-932e-4846-8e9f-dd31b13ed75b",
    "vertices" : [ {
      "x" : 1.0,
      "y" : 0.309017,
      "z" : 0.19098301
    }, {
      "x" : 1.0,
      "y" : -0.309017,
      "z" : 0.19098301
    }, {
      "x" : 7.472136,
      "y" : -0.309017,
      "z" : 0.19098301
    }, {
      "x" : 7.472136,
      "y" : 0.309017,
      "z" : 0.19098301
    }, {
      "x" : 7.472136,
      "y" : -0.309017,
      "z" : -0.19098301
    }, {
      "x" : 7.472136,
      "y" : 0.309017,
      "z" : -0.19098301
    }, {
      "x" : 8.09017,
      "y" : 0.0,
      "z" : 0.0
    }, {
      "x" : 0.38196602,
      "y" : 0.0,
      "z" : 0.0
    }, {
      "x" : 1.0,
      "y" : 0.309017,
      "z" : -0.19098301
    }, {
      "x" : 1.0,
      "y" : -0.309017,
      "z" : -0.19098301
    }, {
      "x" : 8.472136,
      "y" : 0.0,
      "z" : 0.0
    } ],
    "faces" : [ {
      "vertices" : [ 1, 9, 4 ]
    }, {
      "vertices" : [ 1, 4, 2 ]
    }, {
      "vertices" : [ 0, 3, 5 ]
    }, {
      "vertices" : [ 0, 5, 8 ]
    }, {
      "vertices" : [ 1, 7, 9 ]
    }, {
      "vertices" : [ 0, 1, 2 ]
    }, {
      "vertices" : [ 0, 2, 3 ]
    }, {
      "vertices" : [ 7, 8, 9 ]
    }, {
      "vertices" : [ 0, 7, 1 ]
    }, {
      "vertices" : [ 4, 9, 8 ]
    }, {
      "vertices" : [ 4, 8, 5 ]
    }, {
      "vertices" : [ 2, 6, 3 ]
    }, {
      "vertices" : [ 2, 4, 6 ]
    }, {
      "vertices" : [ 3, 6, 5 ]
    }, {
      "vertices" : [ 4, 5, 6 ]
    }, {
      "vertices" : [ 0, 8, 7 ]
    } ]
  }, {
    "id" : "991e2f8a-4d36-4fb9-97d3-57620ef940e3",
    "vertices" : [ {
      "x" : 1.0,
      "y" : 0.309017,
      "z" : 0.19098301
    }, {
      "x" : 1.0,
      "y" : -0.309017,
      "z" : 0.19098301
    }, {
      "x" : 4.236068,
      "y" : -0.309017,
      "z" : 0.19098301
    }, {
      "x" : 4.236068,
      "y" : 0.309017,
      "z" : 0.19098301
    }, {
      "x" : 4.236068,
      "y" : -0.309017,
      "z" : -0.19098301
    }, {
      "x" : 4.236068,
      "y" : 0.309017,
      "z" : -0.19098301
    }, {
      "x" : 4.854102,
      "y" : 0.0,
      "z" : 0.0
    }, {
      "x" : 0.38196602,
      "y" : 0.0,
      "z" : 0.0
    }, {
      "x" : 1.0,
      "y" : 0.309017,
      "z" : -0.19098301
    }, {
      "x" : 1.0,
      "y" : -0.309017,
      "z" : -0.19098301
    }, {
      "x" : 5.236068,
      "y" : 0.0,
      "z" : 0.0
    } ],
    "faces" : [ {
      "vertices" : [ 1, 9, 4 ]
    }, {
      "vertices" : [ 1, 4, 2 ]
    }, {
      "vertices" : [ 0, 3, 5 ]
    }, {
      "vertices" : [ 0, 5, 8 ]
    }, {
      "vertices" : [ 1, 7, 9 ]
    }, {
      "vertices" : [ 0, 1, 2 ]
    }, {
      "vertices" : [ 0, 2, 3 ]
    }, {
      "vertices" : [ 7, 8, 9 ]
    }, {
      "vertices" : [ 0, 7, 1 ]
    }, {
      "vertices" : [ 4, 9, 8 ]
    }, {
      "vertices" : [ 4, 8, 5 ]
    }, {
      "vertices" : [ 2, 6, 3 ]
    }, {
      "vertices" : [ 2, 4, 6 ]
    }, {
      "vertices" : [ 3, 6, 5 ]
    }, {
      "vertices" : [ 4, 5, 6 ]
    }, {
      "vertices" : [ 0, 8, 7 ]
    } ]
  }, {
    "id" : "5cc8ddab-f642-47af-aef8-c916bf8b24ad",
    "vertices" : [ {
      "x" : -11.09017,
      "y" : -8.472136,
      "z" : -9.472136
    }, {
      "x" : -12.708204,
      "y" : -5.854102,
      "z" : -5.236068
    }, {
      "x" : -10.09017,
      "y" : -10.09017,
      "z" : 1.618034
    }, {
      "x" : -8.472136,
      "y" : -12.708204,
      "z" : -2.618034
    } ],
    "faces" : [ {
      "vertices" : [ 0, 1, 2 ]
    }, {
      "vertices" : [ 0, 2, 3 ]
    }, {
      "vertices" : [ 0, 3, 2 ]
    }, {
      "vertices" : [ 0, 2, 1 ]
    } ]
  }, {
    "id" : "e09a9fc7-9520-4220-b9e2-8088e7b2bf07",
    "vertices" : [ {
      "x" : 10.09017,
      "y" : 10.09017,
      "z" : -10.09017
    }, {
      "x" : 12.708204,
      "y" : 5.854102,
      "z" : -3.236068
    }, {
      "x" : 12.708204,
      "y" : 5.854102,
      "z" : 5.236068
    }, {
      "x" : 10.09017,
      "y" : 10.09017,
      "z" : -1.618034
    } ],
    "faces" : [ {
      "vertices" : [ 0, 1, 2 ]
    }, {
      "vertices" : [ 0, 2, 3 ]
    }, {
      "vertices" : [ 0, 3, 2 ]
    }, {
      "vertices" : [ 0, 2, 1 ]
    } ]
  }, {
    "id" : "9a0d7e0e-bd22-4bc5-83f4-b513de3cb6c0",
    "vertices" : [ {
      "x" : 10.09017,
      "y" : 10.09017,
      "z" : -10.09017
    }, {
      "x" : 5.854102,
      "y" : 8.472136,
      "z" : -12.708204
    }, {
      "x" : 1.618034,
      "y" : 1.618034,
      "z" : -15.326238
    }, {
      "x" : 5.854102,
      "y" : 3.236068,
      "z" : -12.708204
    } ],
    "faces" : [ {
      "vertices" : [ 0, 1, 2 ]
    }, {
      "vertices" : [ 0, 2, 3 ]
    }, {
      "vertices" : [ 0, 3, 2 ]
    }, {
      "vertices" : [ 0, 2, 1 ]
    } ]
  }, {
    "id" : "a364285f-c7f9-4866-aad4-aad05cf41d1e",
    "vertices" : [ {
      "x" : -12.708204,
      "y" : -5.854102,
      "z" : -5.236068
    }, {
      "x" : -12.708204,
      "y" : -5.854102,
      "z" : 3.236068
    }, {
      "x" : -10.09017,
      "y" : -10.09017,
      "z" : 10.09017
    }, {
      "x" : -10.09017,
      "y" : -10.09017,
      "z" : 1.618034
    } ],
    "faces" : [ {
      "vertices" : [ 0, 1, 2 ]
    }, {
      "vertices" : [ 0, 2, 3 ]
    }, {
      "vertices" : [ 0, 3, 2 ]
    }, {
      "vertices" : [ 0, 2, 1 ]
    } ]
  }, {
    "id" : "d5f3028d-8de7-4360-95a4-1de9aab0d0a7",
    "vertices" : [ {
      "x" : 8.472136,
      "y" : 12.708204,
      "z" : 2.618034
    }, {
      "x" : 11.09017,
      "y" : 8.472136,
      "z" : 9.472136
    }, {
      "x" : 4.236068,
      "y" : 11.09017,
      "z" : 13.708204
    }, {
      "x" : 1.618034,
      "y" : 15.326238,
      "z" : 6.854102
    } ],
    "faces" : [ {
      "vertices" : [ 0, 1, 2 ]
    }, {
      "vertices" : [ 0, 2, 3 ]
    }, {
      "vertices" : [ 0, 3, 2 ]
    }, {
      "vertices" : [ 0, 2, 1 ]
    } ]
  }, {
    "id" : "b9b57e06-3619-45f0-b10e-068324bb5b1c",
    "vertices" : [ {
      "x" : -6.854102,
      "y" : 1.618034,
      "z" : -15.326238
    }, {
      "x" : -13.708204,
      "y" : 4.236068,
      "z" : -11.09017
    }, {
      "x" : -13.708204,
      "y" : -4.236068,
      "z" : -11.09017
    }, {
      "x" : -6.854102,
      "y" : -6.854102,
      "z" : -15.326238
    } ],
    "faces" : [ {
      "vertices" : [ 0, 1, 2 ]
    }, {
      "vertices" : [ 0, 2, 3 ]
    }, {
      "vertices" : [ 0, 3, 2 ]
    }, {
      "vertices" : [ 0, 2, 1 ]
    } ]
  }, {
    "id" : "b1b24c76-6825-420e-9d7f-dc6e8b4b2280",
    "vertices" : [ {
      "x" : -11.09017,
      "y" : 13.708204,
      "z" : -4.236068
    }, {
      "x" : -11.09017,
      "y" : 13.708204,
      "z" : 4.236068
    }, {
      "x" : -15.326238,
      "y" : 6.854102,
      "z" : 1.618034
    }, {
      "x" : -15.326238,
      "y" : 6.854102,
      "z" : -6.854102
    } ],
    "faces" : [ {
      "vertices" : [ 0, 1, 2 ]
    }, {
      "vertices" : [ 0, 2, 3 ]
    }, {
      "vertices" : [ 0, 3, 2 ]
    }, {
      "vertices" : [ 0, 2, 1 ]
    } ]
  }, {
    "id" : "0f23351f-b778-408f-98c6-0c6d05a66d73",
    "vertices" : [ {
      "x" : -11.09017,
      "y" : 13.708204,
      "z" : 4.236068
    }, {
      "x" : -8.472136,
      "y" : 9.472136,
      "z" : 11.09017
    }, {
      "x" : -12.708204,
      "y" : 2.618034,
      "z" : 8.472136
    }, {
      "x" : -15.326238,
      "y" : 6.854102,
      "z" : 1.618034
    } ],
    "faces" : [ {
      "vertices" : [ 0, 1, 2 ]
    }, {
      "vertices" : [ 0, 2, 3 ]
    }, {
      "vertices" : [ 0, 3, 2 ]
    }, {
      "vertices" : [ 0, 2, 1 ]
    } ]
  }, {
    "id" : "2f88de19-7878-4167-8cda-173e4f9fd821",
    "vertices" : [ {
      "x" : -12.708204,
      "y" : 2.618034,
      "z" : 8.472136
    }, {
      "x" : -10.09017,
      "y" : -1.618034,
      "z" : 10.09017
    }, {
      "x" : -10.09017,
      "y" : -10.09017,
      "z" : 10.09017
    }, {
      "x" : -12.708204,
      "y" : -5.854102,
      "z" : 8.472136
    } ],
    "faces" : [ {
      "vertices" : [ 0, 1, 2 ]
    }, {
      "vertices" : [ 0, 2, 3 ]
    }, {
      "vertices" : [ 0, 3, 2 ]
    }, {
      "vertices" : [ 0, 2, 1 ]
    } ]
  }, {
    "id" : "1cecc0c2-591b-4acb-932b-ff849f105df4",
    "vertices" : [ {
      "x" : 15.326238,
      "y" : -6.854102,
      "z" : -1.618034
    }, {
      "x" : 11.09017,
      "y" : -13.708204,
      "z" : -4.236068
    }, {
      "x" : 11.09017,
      "y" : -13.708204,
      "z" : 4.236068
    }, {
      "x" : 15.326238,
      "y" : -6.854102,
      "z" : 6.854102
    } ],
    "faces" : [ {
      "vertices" : [ 0, 1, 2 ]
    }, {
      "vertices" : [ 0, 2, 3 ]
    }, {
      "vertices" : [ 0, 3, 2 ]
    }, {
      "vertices" : [ 0, 2, 1 ]
    } ]
  }, {
    "id" : "268fa1fd-84c9-44a8-affe-0a2f4ffb4bce",
    "vertices" : [ {
      "x" : 11.09017,
      "y" : -13.708204,
      "z" : 4.236068
    }, {
      "x" : 6.854102,
      "y" : -15.326238,
      "z" : 1.618034
    }, {
      "x" : 5.236068,
      "y" : -12.708204,
      "z" : 5.854102
    }, {
      "x" : 9.472136,
      "y" : -11.09017,
      "z" : 8.472136
    } ],
    "faces" : [ {
      "vertices" : [ 0, 1, 2 ]
    }, {
      "vertices" : [ 0, 2, 3 ]
    }, {
      "vertices" : [ 0, 3, 2 ]
    }, {
      "vertices" : [ 0, 2, 1 ]
    } ]
  }, {
    "id" : "0f4dafc7-040d-4b27-94fc-5ed35c7adfd5",
    "vertices" : [ {
      "x" : 1.618034,
      "y" : 15.326238,
      "z" : -1.618034
    }, {
      "x" : 1.618034,
      "y" : 15.326238,
      "z" : 6.854102
    }, {
      "x" : -6.854102,
      "y" : 15.326238,
      "z" : 6.854102
    }, {
      "x" : -6.854102,
      "y" : 15.326238,
      "z" : -1.618034
    } ],
    "faces" : [ {
      "vertices" : [ 0, 1, 2 ]
    }, {
      "vertices" : [ 0, 2, 3 ]
    }, {
      "vertices" : [ 0, 3, 2 ]
    }, {
      "vertices" : [ 0, 2, 1 ]
    } ]
  }, {
    "id" : "ff3d3baa-f1e2-457c-a12c-81d2abc8550b",
    "vertices" : [ {
      "x" : 6.854102,
      "y" : -15.326238,
      "z" : -6.854102
    }, {
      "x" : -1.618034,
      "y" : -15.326238,
      "z" : -6.854102
    }, {
      "x" : -1.618034,
      "y" : -15.326238,
      "z" : 1.618034
    }, {
      "x" : 6.854102,
      "y" : -15.326238,
      "z" : 1.618034
    } ],
    "faces" : [ {
      "vertices" : [ 0, 1, 2 ]
    }, {
      "vertices" : [ 0, 2, 3 ]
    }, {
      "vertices" : [ 0, 3, 2 ]
    }, {
      "vertices" : [ 0, 2, 1 ]
    } ]
  }, {
    "id" : "b191a33f-626d-45ac-ae57-aae2b77ce280",
    "vertices" : [ {
      "x" : 11.09017,
      "y" : -13.708204,
      "z" : -4.236068
    }, {
      "x" : 6.854102,
      "y" : -15.326238,
      "z" : -6.854102
    }, {
      "x" : 6.854102,
      "y" : -15.326238,
      "z" : 1.618034
    }, {
      "x" : 11.09017,
      "y" : -13.708204,
      "z" : 4.236068
    } ],
    "faces" : [ {
      "vertices" : [ 0, 1, 2 ]
    }, {
      "vertices" : [ 0, 2, 3 ]
    }, {
      "vertices" : [ 0, 3, 2 ]
    }, {
      "vertices" : [ 0, 2, 1 ]
    } ]
  }, {
    "id" : "ebeba309-d9a3-4df9-b51a-a91abebb8da6",
    "vertices" : [ {
      "x" : 10.09017,
      "y" : 10.09017,
      "z" : -10.09017
    }, {
      "x" : 10.09017,
      "y" : 10.09017,
      "z" : -1.618034
    }, {
      "x" : 8.472136,
      "y" : 12.708204,
      "z" : 2.618034
    }, {
      "x" : 8.472136,
      "y" : 12.708204,
      "z" : -5.854102
    } ],
    "faces" : [ {
      "vertices" : [ 0, 1, 2 ]
    }, {
      "vertices" : [ 0, 2, 3 ]
    }, {
      "vertices" : [ 0, 3, 2 ]
    }, {
      "vertices" : [ 0, 2, 1 ]
    } ]
  }, {
    "id" : "3a505fbe-ae32-4d7c-8901-89383f755760",
    "vertices" : [ {
      "x" : 5.854102,
      "y" : 3.236068,
      "z" : -12.708204
    }, {
      "x" : 1.618034,
      "y" : 1.618034,
      "z" : -15.326238
    }, {
      "x" : 1.618034,
      "y" : -6.854102,
      "z" : -15.326238
    }, {
      "x" : 5.854102,
      "y" : -5.236068,
      "z" : -12.708204
    } ],
    "faces" : [ {
      "vertices" : [ 0, 1, 2 ]
    }, {
      "vertices" : [ 0, 2, 3 ]
    }, {
      "vertices" : [ 0, 3, 2 ]
    }, {
      "vertices" : [ 0, 2, 1 ]
    } ]
  }, {
    "id" : "6830a2f8-6406-4727-b501-f430ab9ddf17",
    "vertices" : [ {
      "x" : -6.854102,
      "y" : -6.854102,
      "z" : -15.326238
    }, {
      "x" : -13.708204,
      "y" : -4.236068,
      "z" : -11.09017
    }, {
      "x" : -11.09017,
      "y" : -8.472136,
      "z" : -9.472136
    }, {
      "x" : -4.236068,
      "y" : -11.09017,
      "z" : -13.708204
    } ],
    "faces" : [ {
      "vertices" : [ 0, 1, 2 ]
    }, {
      "vertices" : [ 0, 2, 3 ]
    }, {
      "vertices" : [ 0, 3, 2 ]
    }, {
      "vertices" : [ 0, 2, 1 ]
    } ]
  }, {
    "id" : "568d6633-9fca-4de6-92fe-b2d38746f0aa",
    "vertices" : [ {
      "x" : -13.708204,
      "y" : 4.236068,
      "z" : -11.09017
    }, {
      "x" : -15.326238,
      "y" : 6.854102,
      "z" : -6.854102
    }, {
      "x" : -15.326238,
      "y" : -1.618034,
      "z" : -6.854102
    }, {
      "x" : -13.708204,
      "y" : -4.236068,
      "z" : -11.09017
    } ],
    "faces" : [ {
      "vertices" : [ 0, 1, 2 ]
    }, {
      "vertices" : [ 0, 2, 3 ]
    }, {
      "vertices" : [ 0, 3, 2 ]
    }, {
      "vertices" : [ 0, 2, 1 ]
    } ]
  }, {
    "id" : "89a8a337-89ef-45ad-8ec3-b28b4c155f4a",
    "vertices" : [ {
      "x" : -1.618034,
      "y" : -15.326238,
      "z" : -6.854102
    }, {
      "x" : -8.472136,
      "y" : -12.708204,
      "z" : -2.618034
    }, {
      "x" : -8.472136,
      "y" : -12.708204,
      "z" : 5.854102
    }, {
      "x" : -1.618034,
      "y" : -15.326238,
      "z" : 1.618034
    } ],
    "faces" : [ {
      "vertices" : [ 0, 1, 2 ]
    }, {
      "vertices" : [ 0, 2, 3 ]
    }, {
      "vertices" : [ 0, 3, 2 ]
    }, {
      "vertices" : [ 0, 2, 1 ]
    } ]
  }, {
    "id" : "d77513b7-9dd5-460d-bc50-1e27698cbb00",
    "vertices" : [ {
      "x" : 5.854102,
      "y" : -5.236068,
      "z" : -12.708204
    }, {
      "x" : 1.618034,
      "y" : -6.854102,
      "z" : -15.326238
    }, {
      "x" : 4.236068,
      "y" : -11.09017,
      "z" : -13.708204
    }, {
      "x" : 8.472136,
      "y" : -9.472136,
      "z" : -11.09017
    } ],
    "faces" : [ {
      "vertices" : [ 0, 1, 2 ]
    }, {
      "vertices" : [ 0, 2, 3 ]
    }, {
      "vertices" : [ 0, 3, 2 ]
    }, {
      "vertices" : [ 0, 2, 1 ]
    } ]
  }, {
    "id" : "31c716d1-79f7-4387-9184-1af5cbfda1f2",
    "vertices" : [ {
      "x" : 8.472136,
      "y" : 12.708204,
      "z" : -5.854102
    }, {
      "x" : 8.472136,
      "y" : 12.708204,
      "z" : 2.618034
    }, {
      "x" : 1.618034,
      "y" : 15.326238,
      "z" : 6.854102
    }, {
      "x" : 1.618034,
      "y" : 15.326238,
      "z" : -1.618034
    } ],
    "faces" : [ {
      "vertices" : [ 0, 1, 2 ]
    }, {
      "vertices" : [ 0, 2, 3 ]
    }, {
      "vertices" : [ 0, 3, 2 ]
    }, {
      "vertices" : [ 0, 2, 1 ]
    } ]
  }, {
    "id" : "4bd5d25f-5822-4549-ac35-8e9bed5822f8",
    "vertices" : [ {
      "x" : -4.236068,
      "y" : 11.09017,
      "z" : 13.708204
    }, {
      "x" : -1.618034,
      "y" : 6.854102,
      "z" : 15.326238
    }, {
      "x" : -5.854102,
      "y" : 5.236068,
      "z" : 12.708204
    }, {
      "x" : -8.472136,
      "y" : 9.472136,
      "z" : 11.09017
    } ],
    "faces" : [ {
      "vertices" : [ 0, 1, 2 ]
    }, {
      "vertices" : [ 0, 2, 3 ]
    }, {
      "vertices" : [ 0, 3, 2 ]
    }, {
      "vertices" : [ 0, 2, 1 ]
    } ]
  }, {
    "id" : "2e68b58c-4c15-45a2-9f31-e6d0172bf92f",
    "vertices" : [ {
      "x" : 10.09017,
      "y" : 1.618034,
      "z" : -10.09017
    }, {
      "x" : 5.854102,
      "y" : -5.236068,
      "z" : -12.708204
    }, {
      "x" : 8.472136,
      "y" : -9.472136,
      "z" : -11.09017
    }, {
      "x" : 12.708204,
      "y" : -2.618034,
      "z" : -8.472136
    } ],
    "faces" : [ {
      "vertices" : [ 0, 1, 2 ]
    }, {
      "vertices" : [ 0, 2, 3 ]
    }, {
      "vertices" : [ 0, 3, 2 ]
    }, {
      "vertices" : [ 0, 2, 1 ]
    } ]
  }, {
    "id" : "db33a20a-0089-4b53-99d9-0ec12b77b676",
    "vertices" : [ {
      "x" : 2.618034,
      "y" : -8.472136,
      "z" : 12.708204
    }, {
      "x" : -1.618034,
      "y" : -10.09017,
      "z" : 10.09017
    }, {
      "x" : -10.09017,
      "y" : -10.09017,
      "z" : 10.09017
    }, {
      "x" : -5.854102,
      "y" : -8.472136,
      "z" : 12.708204
    } ],
    "faces" : [ {
      "vertices" : [ 0, 1, 2 ]
    }, {
      "vertices" : [ 0, 2, 3 ]
    }, {
      "vertices" : [ 0, 3, 2 ]
    }, {
      "vertices" : [ 0, 2, 1 ]
    } ]
  }, {
    "id" : "7e0cb134-c22a-4c78-a8c0-52e77a56fbbd",
    "vertices" : [ {
      "x" : -5.236068,
      "y" : 12.708204,
      "z" : -5.854102
    }, {
      "x" : -6.854102,
      "y" : 15.326238,
      "z" : -1.618034
    }, {
      "x" : -11.09017,
      "y" : 13.708204,
      "z" : -4.236068
    }, {
      "x" : -9.472136,
      "y" : 11.09017,
      "z" : -8.472136
    } ],
    "faces" : [ {
      "vertices" : [ 0, 1, 2 ]
    }, {
      "vertices" : [ 0, 2, 3 ]
    }, {
      "vertices" : [ 0, 3, 2 ]
    }, {
      "vertices" : [ 0, 2, 1 ]
    } ]
  }, {
    "id" : "19d49153-9c34-4e46-8ea2-7e425a838095",
    "vertices" : [ {
      "x" : 10.09017,
      "y" : 10.09017,
      "z" : -10.09017
    }, {
      "x" : 10.09017,
      "y" : 1.618034,
      "z" : -10.09017
    }, {
      "x" : 12.708204,
      "y" : -2.618034,
      "z" : -8.472136
    }, {
      "x" : 12.708204,
      "y" : 5.854102,
      "z" : -8.472136
    } ],
    "faces" : [ {
      "vertices" : [ 0, 1, 2 ]
    }, {
      "vertices" : [ 0, 2, 3 ]
    }, {
      "vertices" : [ 0, 3, 2 ]
    }, {
      "vertices" : [ 0, 2, 1 ]
    } ]
  }, {
    "id" : "62f28367-238c-4eca-bcdd-564bac0ae3cb",
    "vertices" : [ {
      "x" : -15.326238,
      "y" : -1.618034,
      "z" : -6.854102
    }, {
      "x" : -15.326238,
      "y" : -1.618034,
      "z" : 1.618034
    }, {
      "x" : -12.708204,
      "y" : -5.854102,
      "z" : 3.236068
    }, {
      "x" : -12.708204,
      "y" : -5.854102,
      "z" : -5.236068
    } ],
    "faces" : [ {
      "vertices" : [ 0, 1, 2 ]
    }, {
      "vertices" : [ 0, 2, 3 ]
    }, {
      "vertices" : [ 0, 3, 2 ]
    }, {
      "vertices" : [ 0, 2, 1 ]
    } ]
  }, {
    "id" : "dd22f0db-ae90-4afa-bea6-515df4bdc6a7",
    "vertices" : [ {
      "x" : -9.472136,
      "y" : 11.09017,
      "z" : -8.472136
    }, {
      "x" : -11.09017,
      "y" : 13.708204,
      "z" : -4.236068
    }, {
      "x" : -15.326238,
      "y" : 6.854102,
      "z" : -6.854102
    }, {
      "x" : -13.708204,
      "y" : 4.236068,
      "z" : -11.09017
    } ],
    "faces" : [ {
      "vertices" : [ 0, 1, 2 ]
    }, {
      "vertices" : [ 0, 2, 3 ]
    }, {
      "vertices" : [ 0, 3, 2 ]
    }, {
      "vertices" : [ 0, 2, 1 ]
    } ]
  }, {
    "id" : "a6d1700d-8268-4db5-a770-1e7f9b90a618",
    "vertices" : [ {
      "x" : 15.326238,
      "y" : -6.854102,
      "z" : 6.854102
    }, {
      "x" : 11.09017,
      "y" : -13.708204,
      "z" : 4.236068
    }, {
      "x" : 9.472136,
      "y" : -11.09017,
      "z" : 8.472136
    }, {
      "x" : 13.708204,
      "y" : -4.236068,
      "z" : 11.09017
    } ],
    "faces" : [ {
      "vertices" : [ 0, 1, 2 ]
    }, {
      "vertices" : [ 0, 2, 3 ]
    }, {
      "vertices" : [ 0, 3, 2 ]
    }, {
      "vertices" : [ 0, 2, 1 ]
    } ]
  }, {
    "id" : "fb48eabf-c49c-45a5-9278-ccea74407e12",
    "vertices" : [ {
      "x" : 6.854102,
      "y" : 6.854102,
      "z" : 15.326238
    }, {
      "x" : 6.854102,
      "y" : -1.618034,
      "z" : 15.326238
    }, {
      "x" : -1.618034,
      "y" : -1.618034,
      "z" : 15.326238
    }, {
      "x" : -1.618034,
      "y" : 6.854102,
      "z" : 15.326238
    } ],
    "faces" : [ {
      "vertices" : [ 0, 1, 2 ]
    }, {
      "vertices" : [ 0, 2, 3 ]
    }, {
      "vertices" : [ 0, 3, 2 ]
    }, {
      "vertices" : [ 0, 2, 1 ]
    } ]
  }, {
    "id" : "9afba849-7c28-4c03-97f6-cc1487cfe31e",
    "vertices" : [ {
      "x" : -5.854102,
      "y" : 5.236068,
      "z" : 12.708204
    }, {
      "x" : -5.854102,
      "y" : -3.236068,
      "z" : 12.708204
    }, {
      "x" : -10.09017,
      "y" : -10.09017,
      "z" : 10.09017
    }, {
      "x" : -10.09017,
      "y" : -1.618034,
      "z" : 10.09017
    } ],
    "faces" : [ {
      "vertices" : [ 0, 1, 2 ]
    }, {
      "vertices" : [ 0, 2, 3 ]
    }, {
      "vertices" : [ 0, 3, 2 ]
    }, {
      "vertices" : [ 0, 2, 1 ]
    } ]
  }, {
    "id" : "265b889d-265a-4549-8604-a2110b472d27",
    "vertices" : [ {
      "x" : -15.326238,
      "y" : 6.854102,
      "z" : -6.854102
    }, {
      "x" : -15.326238,
      "y" : 6.854102,
      "z" : 1.618034
    }, {
      "x" : -15.326238,
      "y" : -1.618034,
      "z" : 1.618034
    }, {
      "x" : -15.326238,
      "y" : -1.618034,
      "z" : -6.854102
    } ],
    "faces" : [ {
      "vertices" : [ 0, 1, 2 ]
    }, {
      "vertices" : [ 0, 2, 3 ]
    }, {
      "vertices" : [ 0, 3, 2 ]
    }, {
      "vertices" : [ 0, 2, 1 ]
    } ]
  }, {
    "id" : "bdf03347-5edf-4579-8078-d91a3cad71dd",
    "vertices" : [ {
      "x" : 13.708204,
      "y" : -4.236068,
      "z" : 11.09017
    }, {
      "x" : 9.472136,
      "y" : -11.09017,
      "z" : 8.472136
    }, {
      "x" : 2.618034,
      "y" : -8.472136,
      "z" : 12.708204
    }, {
      "x" : 6.854102,
      "y" : -1.618034,
      "z" : 15.326238
    } ],
    "faces" : [ {
      "vertices" : [ 0, 1, 2 ]
    }, {
      "vertices" : [ 0, 2, 3 ]
    }, {
      "vertices" : [ 0, 3, 2 ]
    }, {
      "vertices" : [ 0, 2, 1 ]
    } ]
  }, {
    "id" : "dd2b579e-c489-446c-be16-bf4369b79b91",
    "vertices" : [ {
      "x" : 4.236068,
      "y" : -11.09017,
      "z" : -13.708204
    }, {
      "x" : -4.236068,
      "y" : -11.09017,
      "z" : -13.708204
    }, {
      "x" : -1.618034,
      "y" : -15.326238,
      "z" : -6.854102
    }, {
      "x" : 6.854102,
      "y" : -15.326238,
      "z" : -6.854102
    } ],
    "faces" : [ {
      "vertices" : [ 0, 1, 2 ]
    }, {
      "vertices" : [ 0, 2, 3 ]
    }, {
      "vertices" : [ 0, 3, 2 ]
    }, {
      "vertices" : [ 0, 2, 1 ]
    } ]
  }, {
    "id" : "36c96e37-3af4-4a5b-90fa-32b91447391a",
    "vertices" : [ {
      "x" : -8.472136,
      "y" : 9.472136,
      "z" : 11.09017
    }, {
      "x" : -5.854102,
      "y" : 5.236068,
      "z" : 12.708204
    }, {
      "x" : -10.09017,
      "y" : -1.618034,
      "z" : 10.09017
    }, {
      "x" : -12.708204,
      "y" : 2.618034,
      "z" : 8.472136
    } ],
    "faces" : [ {
      "vertices" : [ 0, 1, 2 ]
    }, {
      "vertices" : [ 0, 2, 3 ]
    }, {
      "vertices" : [ 0, 3, 2 ]
    }, {
      "vertices" : [ 0, 2, 1 ]
    } ]
  }, {
    "id" : "4c0f700b-fb08-48af-84a3-09b66d237eb1",
    "vertices" : [ {
      "x" : 8.472136,
      "y" : -9.472136,
      "z" : -11.09017
    }, {
      "x" : 4.236068,
      "y" : -11.09017,
      "z" : -13.708204
    }, {
      "x" : 6.854102,
      "y" : -15.326238,
      "z" : -6.854102
    }, {
      "x" : 11.09017,
      "y" : -13.708204,
      "z" : -4.236068
    } ],
    "faces" : [ {
      "vertices" : [ 0, 1, 2 ]
    }, {
      "vertices" : [ 0, 2, 3 ]
    }, {
      "vertices" : [ 0, 3, 2 ]
    }, {
      "vertices" : [ 0, 2, 1 ]
    } ]
  }, {
    "id" : "17090328-f802-467a-913e-7eca04fc8e80",
    "vertices" : [ {
      "x" : -13.708204,
      "y" : -4.236068,
      "z" : -11.09017
    }, {
      "x" : -15.326238,
      "y" : -1.618034,
      "z" : -6.854102
    }, {
      "x" : -12.708204,
      "y" : -5.854102,
      "z" : -5.236068
    }, {
      "x" : -11.09017,
      "y" : -8.472136,
      "z" : -9.472136
    } ],
    "faces" : [ {
      "vertices" : [ 0, 1, 2 ]
    }, {
      "vertices" : [ 0, 2, 3 ]
    }, {
      "vertices" : [ 0, 3, 2 ]
    }, {
      "vertices" : [ 0, 2, 1 ]
    } ]
  }, {
    "id" : "aa1faad2-e0c7-46a9-a19b-a82f47279346",
    "vertices" : [ {
      "x" : 13.708204,
      "y" : 4.236068,
      "z" : 11.09017
    }, {
      "x" : 13.708204,
      "y" : -4.236068,
      "z" : 11.09017
    }, {
      "x" : 6.854102,
      "y" : -1.618034,
      "z" : 15.326238
    }, {
      "x" : 6.854102,
      "y" : 6.854102,
      "z" : 15.326238
    } ],
    "faces" : [ {
      "vertices" : [ 0, 1, 2 ]
    }, {
      "vertices" : [ 0, 2, 3 ]
    }, {
      "vertices" : [ 0, 3, 2 ]
    }, {
      "vertices" : [ 0, 2, 1 ]
    } ]
  }, {
    "id" : "ca883de3-6776-42b4-8b93-dd3ad77bee21",
    "vertices" : [ {
      "x" : 12.708204,
      "y" : 5.854102,
      "z" : -3.236068
    }, {
      "x" : 15.326238,
      "y" : 1.618034,
      "z" : -1.618034
    }, {
      "x" : 15.326238,
      "y" : 1.618034,
      "z" : 6.854102
    }, {
      "x" : 12.708204,
      "y" : 5.854102,
      "z" : 5.236068
    } ],
    "faces" : [ {
      "vertices" : [ 0, 1, 2 ]
    }, {
      "vertices" : [ 0, 2, 3 ]
    }, {
      "vertices" : [ 0, 3, 2 ]
    }, {
      "vertices" : [ 0, 2, 1 ]
    } ]
  }, {
    "id" : "033aba9b-50d2-45e6-ad60-808145d0d31a",
    "vertices" : [ {
      "x" : 6.854102,
      "y" : -1.618034,
      "z" : 15.326238
    }, {
      "x" : 2.618034,
      "y" : -8.472136,
      "z" : 12.708204
    }, {
      "x" : -5.854102,
      "y" : -8.472136,
      "z" : 12.708204
    }, {
      "x" : -1.618034,
      "y" : -1.618034,
      "z" : 15.326238
    } ],
    "faces" : [ {
      "vertices" : [ 0, 1, 2 ]
    }, {
      "vertices" : [ 0, 2, 3 ]
    }, {
      "vertices" : [ 0, 3, 2 ]
    }, {
      "vertices" : [ 0, 2, 1 ]
    } ]
  }, {
    "id" : "99e09ab8-5d8c-448a-8ded-a1a6bd82bf7a",
    "vertices" : [ {
      "x" : 15.326238,
      "y" : 1.618034,
      "z" : 6.854102
    }, {
      "x" : 15.326238,
      "y" : -6.854102,
      "z" : 6.854102
    }, {
      "x" : 13.708204,
      "y" : -4.236068,
      "z" : 11.09017
    }, {
      "x" : 13.708204,
      "y" : 4.236068,
      "z" : 11.09017
    } ],
    "faces" : [ {
      "vertices" : [ 0, 1, 2 ]
    }, {
      "vertices" : [ 0, 2, 3 ]
    }, {
      "vertices" : [ 0, 3, 2 ]
    }, {
      "vertices" : [ 0, 2, 1 ]
    } ]
  }, {
    "id" : "d539e80a-15c6-4b5b-8392-5b57a674ff12",
    "vertices" : [ {
      "x" : -15.326238,
      "y" : -1.618034,
      "z" : 1.618034
    }, {
      "x" : -12.708204,
      "y" : -5.854102,
      "z" : 8.472136
    }, {
      "x" : -10.09017,
      "y" : -10.09017,
      "z" : 10.09017
    }, {
      "x" : -12.708204,
      "y" : -5.854102,
      "z" : 3.236068
    } ],
    "faces" : [ {
      "vertices" : [ 0, 1, 2 ]
    }, {
      "vertices" : [ 0, 2, 3 ]
    }, {
      "vertices" : [ 0, 3, 2 ]
    }, {
      "vertices" : [ 0, 2, 1 ]
    } ]
  }, {
    "id" : "d0a6407d-ab9a-4b7b-889d-f548dfd1c4b7",
    "vertices" : [ {
      "x" : 1.618034,
      "y" : 1.618034,
      "z" : -15.326238
    }, {
      "x" : -6.854102,
      "y" : 1.618034,
      "z" : -15.326238
    }, {
      "x" : -6.854102,
      "y" : -6.854102,
      "z" : -15.326238
    }, {
      "x" : 1.618034,
      "y" : -6.854102,
      "z" : -15.326238
    } ],
    "faces" : [ {
      "vertices" : [ 0, 1, 2 ]
    }, {
      "vertices" : [ 0, 2, 3 ]
    }, {
      "vertices" : [ 0, 3, 2 ]
    }, {
      "vertices" : [ 0, 2, 1 ]
    } ]
  }, {
    "id" : "0edb3be0-84aa-4fd5-bc4a-345bdad31a4b",
    "vertices" : [ {
      "x" : 3.236068,
      "y" : 12.708204,
      "z" : -5.854102
    }, {
      "x" : 1.618034,
      "y" : 15.326238,
      "z" : -1.618034
    }, {
      "x" : -6.854102,
      "y" : 15.326238,
      "z" : -1.618034
    }, {
      "x" : -5.236068,
      "y" : 12.708204,
      "z" : -5.854102
    } ],
    "faces" : [ {
      "vertices" : [ 0, 1, 2 ]
    }, {
      "vertices" : [ 0, 2, 3 ]
    }, {
      "vertices" : [ 0, 3, 2 ]
    }, {
      "vertices" : [ 0, 2, 1 ]
    } ]
  }, {
    "id" : "ce092e97-4bc7-4d6c-86fd-dcbfd41d79bf",
    "vertices" : [ {
      "x" : 12.708204,
      "y" : -2.618034,
      "z" : -8.472136
    }, {
      "x" : 8.472136,
      "y" : -9.472136,
      "z" : -11.09017
    }, {
      "x" : 11.09017,
      "y" : -13.708204,
      "z" : -4.236068
    }, {
      "x" : 15.326238,
      "y" : -6.854102,
      "z" : -1.618034
    } ],
    "faces" : [ {
      "vertices" : [ 0, 1, 2 ]
    }, {
      "vertices" : [ 0, 2, 3 ]
    }, {
      "vertices" : [ 0, 3, 2 ]
    }, {
      "vertices" : [ 0, 2, 1 ]
    } ]
  }, {
    "id" : "2be8a1b3-0bc0-4e77-9340-9a0923f9c84f",
    "vertices" : [ {
      "x" : -1.618034,
      "y" : -1.618034,
      "z" : 15.326238
    }, {
      "x" : -5.854102,
      "y" : -8.472136,
      "z" : 12.708204
    }, {
      "x" : -10.09017,
      "y" : -10.09017,
      "z" : 10.09017
    }, {
      "x" : -5.854102,
      "y" : -3.236068,
      "z" : 12.708204
    } ],
    "faces" : [ {
      "vertices" : [ 0, 1, 2 ]
    }, {
      "vertices" : [ 0, 2, 3 ]
    }, {
      "vertices" : [ 0, 3, 2 ]
    }, {
      "vertices" : [ 0, 2, 1 ]
    } ]
  }, {
    "id" : "95658fa1-abd8-41e6-81f0-34515705ef6d",
