{
  "field" : "golden",
  "symmetry" : "icosahedral",
  "orientations" : [ [ 1.0, 0.0, 0.0, 0.0, 0.0, 1.0, 0.0, 0.0, 0.0, 0.0, 1.0, 0.0, 0.0, 0.0, 0.0, 1.0 ], [ 0.0, 0.0, 1.0, 0.0, 1.0, 0.0, 0.0, 0.0, 0.0, 1.0, 0.0, 0.0, 0.0, 0.0, 0.0, 1.0 ], [ 0.0, 1.0, 0.0, 0.0, 0.0, 0.0, 1.0, 0.0, 1.0, 0.0, 0.0, 0.0, 0.0, 0.0, 0.0, 1.0 ], [ 0.809017, 0.309017, 0.5, 0.0, 0.309017, 0.5, -0.809017, 0.0, -0.5, 0.809017, 0.309017, 0.0, 0.0, 0.0, 0.0, 1.0 ], [ -0.5, 0.809017, 0.309017, 0.0, 0.809017, 0.309017, 0.5, 0.0, 0.309017, 0.5, -0.809017, 0.0, 0.0, 0.0, 0.0, 1.0 ], [ 0.309017, 0.5, -0.809017, 0.0, -0.5, 0.809017, 0.309017, 0.0, 0.809017, 0.309017, 0.5, 0.0, 0.0, 0.0, 0.0, 1.0 ], [ 0.5, 0.809017, 0.309017, 0.0, 0.809017, -0.309017, -0.5, 0.0, -0.309017, 0.5, -0.809017, 0.0, 0.0, 0.0, 0.0, 1.0 ], [ -0.309017, 0.5, -0.809017, 0.0, 0.5, 0.809017, 0.309017, 0.0, 0.809017, -0.309017, -0.5, 0.0, 0.0, 0.0, 0.0, 1.0 ], [ 0.809017, -0.309017, -0.5, 0.0, -0.309017, 0.5, -0.809017, 0.0, 0.5, 0.809017, 0.309017, 0.0, 0.0, 0.0, 0.0, 1.0 ], [ 0.5, 0.809017, -0.309017, 0.0, 0.809017, -0.309017, 0.5, 0.0, 0.309017, -0.5, -0.809017, 0.0, 0.0, 0.0, 0.0, 1.0 ], [ 0.309017, -0.5, -0.809017, 0.0, 0.5, 0.809017, -0.309017, 0.0, 0.809017, -0.309017, 0.5, 0.0, 0.0, 0.0, 0.0, 1.0 ], [ 0.809017, -0.309017, 0.5, 0.0, 0.309017, -0.5, -0.809017, 0.0, 0.5, 0.809017, -0.309017, 0.0, 0.0, 0.0, 0.0, 1.0 ], [ 0.809017, 0.309017, -0.5, 0.0, 0.309017, 0.5, 0.809017, 0.0, 0.5, -0.809017, 0.309017, 0.0, 0.0, 0.0, 0.0, 1.0 ], [ 0.5, -0.809017, 0.309017, 0.0, 0.809017, 0.309017, -0.5, 0.0, 0.309017, 0.5, 0.809017, 0.0, 0.0, 0.0, 0.0, 1.0 ], [ 0.309017, 0.5, 0.809017, 0.0, 0.5, -0.809017, 0.309017, 0.0, 0.809017, 0.309017, -0.5, 0.0, 0.0, 0.0, 0.0, 1.0 ], [ 1.0, 0.0, 0.0, 0.0, 0.0, -1.0, 0.0, 0.0, 0.0, 0.0, -1.0, 0.0, 0.0, 0.0, 0.0, 1.0 ], [ 0.0, 0.0, 1.0, 0.0, -1.0, 0.0, 0.0, 0.0, 0.0, -1.0, 0.0, 0.0, 0.0, 0.0, 0.0, 1.0 ], [ 0.0, 1.0, 0.0, 0.0, 0.0, 0.0, -1.0, 0.0, -1.0, 0.0, 0.0, 0.0, 0.0, 0.0, 0.0, 1.0 ], [ 0.809017, 0.309017, 0.5, 0.0, -0.309017, -0.5, 0.809017, 0.0, 0.5, -0.809017, -0.309017, 0.0, 0.0, 0.0, 0.0, 1.0 ], [ -0.5, 0.809017, 0.309017, 0.0, -0.809017, -0.309017, -0.5, 0.0, -0.309017, -0.5, 0.809017, 0.0, 0.0, 0.0, 0.0, 1.0 ], [ 0.309017, 0.5, -0.809017, 0.0, 0.5, -0.809017, -0.309017, 0.0, -0.809017, -0.309017, -0.5, 0.0, 0.0, 0.0, 0.0, 1.0 ], [ 0.5, 0.809017, 0.309017, 0.0, -0.809017, 0.309017, 0.5, 0.0, 0.309017, -0.5, 0.809017, 0.0, 0.0, 0.0, 0.0, 1.0 ], [ -0.309017, 0.5, -0.809017, 0.0, -0.5, -0.809017, -0.309017, 0.0, -0.809017, 0.309017, 0.5, 0.0, 0.0, 0.0, 0.0, 1.0 ], [ 0.809017, -0.309017, -0.5, 0.0, 0.309017, -0.5, 0.809017, 0.0, -0.5, -0.809017, -0.309017, 0.0, 0.0, 0.0, 0.0, 1.0 ], [ 0.5, 0.809017, -0.309017, 0.0, -0.809017, 0.309017, -0.5, 0.0, -0.309017, 0.5, 0.809017, 0.0, 0.0, 0.0, 0.0, 1.0 ], [ 0.309017, -0.5, -0.809017, 0.0, -0.5, -0.809017, 0.309017, 0.0, -0.809017, 0.309017, -0.5, 0.0, 0.0, 0.0, 0.0, 1.0 ], [ 0.809017, -0.309017, 0.5, 0.0, -0.309017, 0.5, 0.809017, 0.0, -0.5, -0.809017, 0.309017, 0.0, 0.0, 0.0, 0.0, 1.0 ], [ 0.809017, 0.309017, -0.5, 0.0, -0.309017, -0.5, -0.809017, 0.0, -0.5, 0.809017, -0.309017, 0.0, 0.0, 0.0, 0.0, 1.0 ], [ 0.5, -0.809017, 0.309017, 0.0, -0.809017, -0.309017, 0.5, 0.0, -0.309017, -0.5, -0.809017, 0.0, 0.0, 0.0, 0.0, 1.0 ], [ 0.309017, 0.5, 0.809017, 0.0, -0.5, 0.809017, -0.309017, 0.0, -0.809017, -0.309017, 0.5, 0.0, 0.0, 0.0, 0.0, 1.0 ], [ -1.0, 0.0, 0.0, 0.0, 0.0, -1.0, 0.0, 0.0, 0.0, 0.0, 1.0, 0.0, 0.0, 0.0, 0.0, 1.0 ], [ 0.0, 0.0, -1.0, 0.0, -1.0, 0.0, 0.0, 0.0, 0.0, 1.0, 0.0, 0.0, 0.0, 0.0, 0.0, 1.0 ], [ 0.0, -1.0, 0.0, 0.0, 0.0, 0.0, -1.0, 0.0, 1.0, 0.0, 0.0, 0.0, 0.0, 0.0, 0.0, 1.0 ], [ -0.809017, -0.309017, -0.5, 0.0, -0.309017, -0.5, 0.809017, 0.0, -0.5, 0.809017, 0.309017, 0.0, 0.0, 0.0, 0.0, 1.0 ], [ 0.5, -0.809017, -0.309017, 0.0, -0.809017, -0.309017, -0.5, 0.0, 0.309017, 0.5, -0.809017, 0.0, 0.0, 0.0, 0.0, 1.0 ], [ -0.309017, -0.5, 0.809017, 0.0, 0.5, -0.809017, -0.309017, 0.0, 0.809017, 0.309017, 0.5, 0.0, 0.0, 0.0, 0.0, 1.0 ], [ -0.5, -0.809017, -0.309017, 0.0, -0.809017, 0.309017, 0.5, 0.0, -0.309017, 0.5, -0.809017, 0.0, 0.0, 0.0, 0.0, 1.0 ], [ 0.309017, -0.5, 0.809017, 0.0, -0.5, -0.809017, -0.309017, 0.0, 0.809017, -0.309017, -0.5, 0.0, 0.0, 0.0, 0.0, 1.0 ], [ -0.809017, 0.309017, 0.5, 0.0, 0.309017, -0.5, 0.809017, 0.0, 0.5, 0.809017, 0.309017, 0.0, 0.0, 0.0, 0.0, 1.0 ], [ -0.5, -0.809017, 0.309017, 0.0, -0.809017, 0.309017, -0.5, 0.0, 0.309017, -0.5, -0.809017, 0.0, 0.0, 0.0, 0.0, 1.0 ], [ -0.309017, 0.5, 0.809017, 0.0, -0.5, -0.809017, 0.309017, 0.0, 0.809017, -0.309017, 0.5, 0.0, 0.0, 0.0, 0.0, 1.0 ], [ -0.809017, 0.309017, -0.5, 0.0, -0.309017, 0.5, 0.809017, 0.0, 0.5, 0.809017, -0.309017, 0.0, 0.0, 0.0, 0.0, 1.0 ], [ -0.809017, -0.309017, 0.5, 0.0, -0.309017, -0.5, -0.809017, 0.0, 0.5, -0.809017, 0.309017, 0.0, 0.0, 0.0, 0.0, 1.0 ], [ -0.5, 0.809017, -0.309017, 0.0, -0.809017, -0.309017, 0.5, 0.0, 0.309017, 0.5, 0.809017, 0.0, 0.0, 0.0, 0.0, 1.0 ], [ -0.309017, -0.5, -0.809017, 0.0, -0.5, 0.809017, -0.309017, 0.0, 0.809017, 0.309017, -0.5, 0.0, 0.0, 0.0, 0.0, 1.0 ], [ -1.0, 0.0, 0.0, 0.0, 0.0, 1.0, 0.0, 0.0, 0.0, 0.0, -1.0, 0.0, 0.0, 0.0, 0.0, 1.0 ], [ 0.0, 0.0, -1.0, 0.0, 1.0, 0.0, 0.0, 0.0, 0.0, -1.0, 0.0, 0.0, 0.0, 0.0, 0.0, 1.0 ], [ 0.0, -1.0, 0.0, 0.0, 0.0, 0.0, 1.0, 0.0, -1.0, 0.0, 0.0, 0.0, 0.0, 0.0, 0.0, 1.0 ], [ -0.809017, -0.309017, -0.5, 0.0, 0.309017, 0.5, -0.809017, 0.0, 0.5, -0.809017, -0.309017, 0.0, 0.0, 0.0, 0.0, 1.0 ], [ 0.5, -0.809017, -0.309017, 0.0, 0.809017, 0.309017, 0.5, 0.0, -0.309017, -0.5, 0.809017, 0.0, 0.0, 0.0, 0.0, 1.0 ], [ -0.309017, -0.5, 0.809017, 0.0, -0.5, 0.809017, 0.309017, 0.0, -0.809017, -0.309017, -0.5, 0.0, 0.0, 0.0, 0.0, 1.0 ], [ -0.5, -0.809017, -0.309017, 0.0, 0.809017, -0.309017, -0.5, 0.0, 0.309017, -0.5, 0.809017, 0.0, 0.0, 0.0, 0.0, 1.0 ], [ 0.309017, -0.5, 0.809017, 0.0, 0.5, 0.809017, 0.309017, 0.0, -0.809017, 0.309017, 0.5, 0.0, 0.0, 0.0, 0.0, 1.0 ], [ -0.809017, 0.309017, 0.5, 0.0, -0.309017, 0.5, -0.809017, 0.0, -0.5, -0.809017, -0.309017, 0.0, 0.0, 0.0, 0.0, 1.0 ], [ -0.5, -0.809017, 0.309017, 0.0, 0.809017, -0.309017, 0.5, 0.0, -0.309017, 0.5, 0.809017, 0.0, 0.0, 0.0, 0.0, 1.0 ], [ -0.309017, 0.5, 0.809017, 0.0, 0.5, 0.809017, -0.309017, 0.0, -0.809017, 0.309017, -0.5, 0.0, 0.0, 0.0, 0.0, 1.0 ], [ -0.809017, 0.309017, -0.5, 0.0, 0.309017, -0.5, -0.809017, 0.0, -0.5, -0.809017, 0.309017, 0.0, 0.0, 0.0, 0.0, 1.0 ], [ -0.809017, -0.309017, 0.5, 0.0, 0.309017, 0.5, 0.809017, 0.0, -0.5, 0.809017, -0.309017, 0.0, 0.0, 0.0, 0.0, 1.0 ], [ -0.5, 0.809017, -0.309017, 0.0, 0.809017, 0.309017, -0.5, 0.0, -0.309017, -0.5, -0.809017, 0.0, 0.0, 0.0, 0.0, 1.0 ], [ -0.309017, -0.5, -0.809017, 0.0, 0.5, -0.809017, 0.309017, 0.0, -0.809017, -0.309017, 0.5, 0.0, 0.0, 0.0, 0.0, 1.0 ] ],
  "lights" : {
    "backgroundColor" : "#D1E7FF",
    "ambientColor" : "#292929",
    "directionalLights" : [ {
      "direction" : {
        "x" : 1.0,
        "y" : -1.0,
        "z" : -1.0
      },
      "color" : "#EBEBE4"
    }, {
      "direction" : {
        "x" : -1.0,
        "y" : 0.0,
        "z" : 0.0
      },
      "color" : "#E4E4EB"
    }, {
      "direction" : {
        "x" : 0.0,
        "y" : 0.0,
        "z" : -1.0
      },
      "color" : "#1E1E1E"
    } ]
  },
  "camera" : {
    "lookDirection" : {
      "x" : 0.0,
      "y" : 0.0,
      "z" : -1.0
    },
    "upDirection" : {
      "x" : 0.0,
      "y" : 1.0,
      "z" : 0.0
    },
    "lookAtPoint" : {
      "x" : 0.0,
      "y" : 0.0,
      "z" : 0.0
    },
    "viewDistance" : 113.16868,
    "nearClipDistance" : 0.28292176,
    "farClipDistance" : 226.3372,
    "fieldOfView" : 0.4426287,
    "perspective" : false,
    "width" : 50.925884,
    "stereo" : false,
    "position" : {
      "x" : 0.0,
      "y" : 0.0,
      "z" : 113.16868
    }
  },
  "embedding" : [ 1.0, 0.0, 0.0, 0.0, 0.0, 1.0, 0.0, 0.0, 0.0, 0.0, 1.0, 0.0, 0.0, 0.0, 0.0, 1.0 ],
  "shapes" : [ {
    "id" : "f49665f8-5bbf-476e-b325-aa7cde984488",
    "vertices" : [ {
      "x" : 6.5672364,
      "y" : -4.7896004,
      "z" : -4.6229334
    }, {
      "x" : 6.4672365,
      "y" : -4.6896,
      "z" : -5.0229335
    }, {
      "x" : 0.28686556,
      "y" : -0.4464678,
      "z" : -0.61313444
    }, {
      "x" : 0.38686556,
      "y" : -0.5464678,
      "z" : -0.21313445
    }, {
      "x" : 6.233903,
      "y" : -4.9896,
      "z" : -5.1562667
    }, {
      "x" : 6.3339033,
      "y" : -5.0896,
      "z" : -4.756267
    }, {
      "x" : 0.6201989,
      "y" : -0.24646778,
      "z" : -0.07980112
    }, {
      "x" : 0.5201989,
      "y" : -0.14646779,
      "z" : -0.47980112
    } ],
    "faces" : [ {
      "vertices" : [ 2, 3, 6 ]
    }, {
      "vertices" : [ 2, 6, 7 ]
    }, {
      "vertices" : [ 0, 5, 4 ]
    }, {
      "vertices" : [ 0, 4, 1 ]
    }, {
      "vertices" : [ 2, 4, 5 ]
    }, {
      "vertices" : [ 2, 5, 3 ]
    }, {
      "vertices" : [ 0, 6, 3 ]
    }, {
      "vertices" : [ 0, 3, 5 ]
    }, {
      "vertices" : [ 0, 1, 7 ]
    }, {
      "vertices" : [ 0, 7, 6 ]
    }, {
      "vertices" : [ 1, 4, 2 ]
    }, {
      "vertices" : [ 1, 2, 7 ]
    } ]
  }, {
    "id" : "8717dae4-019f-4715-95ab-1fb1cd20b865",
    "vertices" : [ {
      "x" : 8.758611,
      "y" : 1.4635255,
      "z" : -2.059017
    }, {
      "x" : 9.126644,
      "y" : 1.559017,
      "z" : -2.5225425
    }, {
      "x" : 1.0954915,
      "y" : 0.1545085,
      "z" : 0.059016995
    }, {
      "x" : 8.567628,
      "y" : 1.7725425,
      "z" : -2.559017
    }, {
      "x" : 0.9045085,
      "y" : 0.4635255,
      "z" : -0.440983
    }, {
      "x" : 8.567628,
      "y" : 1.1545085,
      "z" : -2.177051
    }, {
      "x" : 0.9045085,
      "y" : -0.1545085,
      "z" : -0.059016995
    }, {
      "x" : 8.376644,
      "y" : 1.4635255,
      "z" : -2.677051
    }, {
      "x" : 9.472136,
      "y" : 1.618034,
      "z" : -2.618034
    }, {
      "x" : 0.3454915,
      "y" : 0.059016995,
      "z" : -0.095491506
    }, {
      "x" : 0.7135255,
      "y" : 0.1545085,
      "z" : -0.559017
    } ],
    "faces" : [ {
      "vertices" : [ 2, 9, 6 ]
    }, {
      "vertices" : [ 0, 1, 3 ]
    }, {
      "vertices" : [ 0, 5, 1 ]
    }, {
      "vertices" : [ 4, 10, 9 ]
    }, {
      "vertices" : [ 3, 7, 10 ]
    }, {
      "vertices" : [ 3, 10, 4 ]
    }, {
      "vertices" : [ 0, 3, 4 ]
    }, {
      "vertices" : [ 0, 4, 2 ]
    }, {
      "vertices" : [ 6, 9, 10 ]
    }, {
      "vertices" : [ 1, 7, 3 ]
    }, {
      "vertices" : [ 5, 6, 10 ]
    }, {
      "vertices" : [ 5, 10, 7 ]
    }, {
      "vertices" : [ 0, 2, 6 ]
    }, {
      "vertices" : [ 0, 6, 5 ]
    }, {
      "vertices" : [ 1, 5, 7 ]
    }, {
      "vertices" : [ 2, 4, 9 ]
    } ]
  }, {
    "id" : "bdd9ea3f-0b67-49b4-8417-e1f4b4e91781",
    "vertices" : [ {
      "x" : 0.309017,
      "y" : -0.309017,
      "z" : -0.309017
    }, {
      "x" : 0.5,
      "y" : 0.0,
      "z" : -0.19098301
    }, {
      "x" : 0.5,
      "y" : 0.0,
      "z" : 0.19098301
    }, {
      "x" : 0.309017,
      "y" : -0.309017,
      "z" : 0.309017
    }, {
      "x" : 0.19098301,
      "y" : -0.5,
      "z" : 0.0
    }, {
      "x" : 0.0,
      "y" : 0.19098301,
      "z" : 0.5
    }, {
      "x" : 0.0,
      "y" : -0.19098301,
      "z" : 0.5
    }, {
      "x" : 0.309017,
      "y" : 0.309017,
      "z" : 0.309017
    }, {
      "x" : -0.309017,
      "y" : -0.309017,
      "z" : 0.309017
    }, {
      "x" : -0.309017,
      "y" : 0.309017,
      "z" : 0.309017
    }, {
      "x" : -0.5,
      "y" : 0.0,
      "z" : 0.19098301
    }, {
      "x" : 0.0,
      "y" : -0.19098301,
      "z" : -0.5
    }, {
      "x" : 0.0,
      "y" : 0.19098301,
      "z" : -0.5
    }, {
      "x" : 0.309017,
      "y" : 0.309017,
      "z" : -0.309017
    }, {
      "x" : -0.309017,
      "y" : -0.309017,
      "z" : -0.309017
    }, {
      "x" : -0.19098301,
      "y" : -0.5,
      "z" : 0.0
    }, {
      "x" : -0.5,
      "y" : 0.0,
      "z" : -0.19098301
    }, {
      "x" : 0.19098301,
      "y" : 0.5,
      "z" : 0.0
    }, {
      "x" : -0.309017,
      "y" : 0.309017,
      "z" : -0.309017
    }, {
      "x" : 0.0,
      "y" : 0.0,
      "z" : 0.0
    }, {
      "x" : -0.19098301,
      "y" : 0.5,
      "z" : 0.0
    } ],
    "faces" : [ {
      "vertices" : [ 12, 18, 20 ]
    }, {
      "vertices" : [ 12, 20, 17 ]
    }, {
      "vertices" : [ 12, 17, 13 ]
    }, {
      "vertices" : [ 3, 6, 8 ]
    }, {
      "vertices" : [ 3, 8, 15 ]
    }, {
      "vertices" : [ 3, 15, 4 ]
    }, {
      "vertices" : [ 0, 11, 12 ]
    }, {
      "vertices" : [ 0, 12, 13 ]
    }, {
      "vertices" : [ 0, 13, 1 ]
    }, {
      "vertices" : [ 5, 9, 10 ]
    }, {
      "vertices" : [ 5, 10, 8 ]
    }, {
      "vertices" : [ 5, 8, 6 ]
    }, {
      "vertices" : [ 2, 7, 5 ]
    }, {
      "vertices" : [ 2, 5, 6 ]
    }, {
      "vertices" : [ 2, 6, 3 ]
    }, {
      "vertices" : [ 11, 14, 16 ]
    }, {
      "vertices" : [ 11, 16, 18 ]
    }, {
      "vertices" : [ 11, 18, 12 ]
    }, {
      "vertices" : [ 1, 13, 17 ]
    }, {
      "vertices" : [ 1, 17, 7 ]
    }, {
      "vertices" : [ 1, 7, 2 ]
    }, {
      "vertices" : [ 9, 20, 18 ]
    }, {
      "vertices" : [ 9, 18, 16 ]
    }, {
      "vertices" : [ 9, 16, 10 ]
    }, {
      "vertices" : [ 0, 1, 2 ]
    }, {
      "vertices" : [ 0, 2, 3 ]
    }, {
      "vertices" : [ 0, 3, 4 ]
    }, {
      "vertices" : [ 5, 7, 17 ]
    }, {
      "vertices" : [ 5, 17, 20 ]
    }, {
      "vertices" : [ 5, 20, 9 ]
    }, {
      "vertices" : [ 0, 4, 15 ]
    }, {
      "vertices" : [ 0, 15, 14 ]
    }, {
      "vertices" : [ 0, 14, 11 ]
    }, {
      "vertices" : [ 8, 10, 16 ]
    }, {
      "vertices" : [ 8, 16, 14 ]
    }, {
      "vertices" : [ 8, 14, 15 ]
    } ]
  }, {
    "id" : "a236d8d5-a775-42c8-b238-134e666c4c58",
    "vertices" : [ {
      "x" : 1.0,
      "y" : 0.309017,
      "z" : 0.19098301
    }, {
      "x" : 1.0,
      "y" : -0.309017,
      "z" : 0.19098301
    }, {
      "x" : 12.708204,
      "y" : -0.309017,
      "z" : 0.19098301
    }, {
      "x" : 12.708204,
      "y" : 0.309017,
      "z" : 0.19098301
    }, {
      "x" : 12.708204,
      "y" : -0.309017,
      "z" : -0.19098301
    }, {
      "x" : 12.708204,
      "y" : 0.309017,
      "z" : -0.19098301
    }, {
      "x" : 13.326238,
      "y" : 0.0,
      "z" : 0.0
    }, {
      "x" : 0.38196602,
      "y" : 0.0,
      "z" : 0.0
    }, {
      "x" : 1.0,
      "y" : 0.309017,
      "z" : -0.19098301
    }, {
      "x" : 1.0,
      "y" : -0.309017,
      "z" : -0.19098301
    }, {
      "x" : 13.708204,
      "y" : 0.0,
      "z" : 0.0
    } ],
    "faces" : [ {
      "vertices" : [ 1, 9, 4 ]
    }, {
      "vertices" : [ 1, 4, 2 ]
    }, {
      "vertices" : [ 0, 3, 5 ]
    }, {
      "vertices" : [ 0, 5, 8 ]
    }, {
      "vertices" : [ 1, 7, 9 ]
    }, {
      "vertices" : [ 0, 1, 2 ]
    }, {
      "vertices" : [ 0, 2, 3 ]
    }, {
      "vertices" : [ 7, 8, 9 ]
    }, {
      "vertices" : [ 0, 7, 1 ]
    }, {
      "vertices" : [ 4, 9, 8 ]
    }, {
      "vertices" : [ 4, 8, 5 ]
    }, {
      "vertices" : [ 2, 6, 3 ]
    }, {
      "vertices" : [ 2, 4, 6 ]
    }, {
      "vertices" : [ 3, 6, 5 ]
    }, {
      "vertices" : [ 4, 5, 6 ]
    }, {
      "vertices" : [ 0, 8, 7 ]
    } ]
  }, {
    "id" : "7353cc32-6f16-4b57-86dc-1223f4cf37e1",
    "vertices" : [ {
      "x" : 4.854102,
      "y" : 4.545085,
      "z" : 9.899187
    }, {
      "x" : 0.38196602,
      "y" : 0.072949015,
      "z" : 0.95491505
    }, {
      "x" : 0.690983,
      "y" : 0.19098301,
      "z" : 0.76393205
    }, {
      "x" : 5.163119,
      "y" : 4.663119,
      "z" : 9.708204
    }, {
      "x" : 4.854102,
      "y" : 5.163119,
      "z" : 9.5172205
    }, {
      "x" : 5.236068,
      "y" : 5.236068,
      "z" : 10.472136
    }, {
      "x" : 0.38196602,
      "y" : 0.690983,
      "z" : 0.572949
    }, {
      "x" : 5.09017,
      "y" : 5.09017,
      "z" : 10.18034
    }, {
      "x" : 0.14589803,
      "y" : 0.14589803,
      "z" : 0.29179606
    }, {
      "x" : 0.072949015,
      "y" : 0.572949,
      "z" : 0.76393205
    }, {
      "x" : 4.545085,
      "y" : 5.045085,
      "z" : 9.708204
    } ],
    "faces" : [ {
      "vertices" : [ 2, 8, 6 ]
    }, {
      "vertices" : [ 0, 7, 10 ]
    }, {
      "vertices" : [ 1, 9, 8 ]
    }, {
      "vertices" : [ 0, 10, 9 ]
    }, {
      "vertices" : [ 0, 9, 1 ]
    }, {
      "vertices" : [ 4, 10, 7 ]
    }, {
      "vertices" : [ 0, 1, 2 ]
    }, {
      "vertices" : [ 0, 2, 3 ]
    }, {
      "vertices" : [ 6, 8, 9 ]
    }, {
      "vertices" : [ 0, 3, 7 ]
    }, {
      "vertices" : [ 1, 8, 2 ]
    }, {
      "vertices" : [ 4, 6, 9 ]
    }, {
      "vertices" : [ 4, 9, 10 ]
    }, {
      "vertices" : [ 3, 4, 7 ]
    }, {
      "vertices" : [ 2, 6, 4 ]
    }, {
      "vertices" : [ 2, 4, 3 ]
    } ]
  }, {
    "id" : "129ead48-3854-4a4c-b094-49f1051c3541",
    "vertices" : [ {
      "x" : 0.9045085,
      "y" : 0.3454915,
      "z" : 0.25
    }, {
      "x" : 7.7586102,
      "y" : 4.5815597,
      "z" : 0.25
    }, {
      "x" : 7.5676274,
      "y" : 4.8905764,
      "z" : 0.25
    }, {
      "x" : 0.7135255,
      "y" : 0.6545085,
      "z" : 0.25
    }, {
      "x" : 0.809017,
      "y" : 0.5,
      "z" : -0.309017
    }, {
      "x" : 0.9635255,
      "y" : 0.25,
      "z" : -0.095491506
    }, {
      "x" : 0.309017,
      "y" : 0.19098301,
      "z" : 0.0
    }, {
      "x" : 8.163119,
      "y" : 5.045085,
      "z" : 0.0
    }, {
      "x" : 7.5086102,
      "y" : 4.986068,
      "z" : -0.095491506
    }, {
      "x" : 7.663119,
      "y" : 4.736068,
      "z" : -0.309017
    }, {
      "x" : 8.472136,
      "y" : 5.236068,
      "z" : 0.0
    }, {
      "x" : 0.6545085,
      "y" : 0.75,
      "z" : -0.095491506
    }, {
      "x" : 7.8176274,
      "y" : 4.486068,
      "z" : -0.095491506
    } ],
    "faces" : [ {
      "vertices" : [ 4, 11, 8 ]
    }, {
      "vertices" : [ 4, 8, 9 ]
    }, {
      "vertices" : [ 0, 1, 2 ]
    }, {
      "vertices" : [ 0, 2, 3 ]
    }, {
      "vertices" : [ 0, 3, 6 ]
    }, {
      "vertices" : [ 1, 7, 2 ]
    }, {
      "vertices" : [ 0, 6, 5 ]
    }, {
      "vertices" : [ 4, 5, 6 ]
    }, {
      "vertices" : [ 2, 7, 8 ]
    }, {
      "vertices" : [ 0, 5, 12 ]
    }, {
      "vertices" : [ 0, 12, 1 ]
    }, {
      "vertices" : [ 1, 12, 7 ]
    }, {
      "vertices" : [ 3, 11, 6 ]
    }, {
      "vertices" : [ 4, 6, 11 ]
    }, {
      "vertices" : [ 7, 9, 8 ]
    }, {
      "vertices" : [ 2, 8, 11 ]
    }, {
      "vertices" : [ 2, 11, 3 ]
    }, {
      "vertices" : [ 7, 12, 9 ]
    }, {
      "vertices" : [ 4, 9, 12 ]
    }, {
      "vertices" : [ 4, 12, 5 ]
    } ]
  } ],
  "instances" : [ {
    "shape" : "f49665f8-5bbf-476e-b325-aa7cde984488",
    "color" : "#FFFFFF",
    "position" : {
      "x" : -12.09017,
      "y" : -6.854102,
      "z" : 1.618034
    },
    "orientation" : 46
  }, {
    "shape" : "8717dae4-019f-4715-95ab-1fb1cd20b865",
    "color" : "#DC4C00",
    "position" : {
      "x" : 6.854102,
      "y" : -1.618034,
      "z" : -12.09017
    },
    "orientation" : 51
  }, {
    "shape" : "bdd9ea3f-0b67-49b4-8417-e1f4b4e91781",
    "color" : "#CCCCCC",
    "position" : {
      "x" : -6.854102,
      "y" : 0.0,
      "z" : 6.854102
    }
  }, {
    "shape" : "a236d8d5-a775-42c8-b238-134e666c4c58",
    "color" : "#007695",
    "position" : {
      "x" : 6.854102,
      "y" : -6.854102,
      "z" : -6.854102
    },
    "orientation" : 2
  }, {
    "shape" : "bdd9ea3f-0b67-49b4-8417-e1f4b4e91781",
    "color" : "#FFFFFF",
    "position" : {
      "x" : -6.854102,
      "y" : -6.854102,
      "z" : 6.854102
    }
  }, {
    "shape" : "bdd9ea3f-0b67-49b4-8417-e1f4b4e91781",
    "color" : "#CCCCCC",
    "position" : {
      "x" : 0.0,
      "y" : 6.854102,
      "z" : 6.854102
    }
  }, {
    "shape" : "f49665f8-5bbf-476e-b325-aa7cde984488",
    "color" : "#FFFFFF",
    "position" : {
      "x" : 6.854102,
      "y" : 0.0,
      "z" : -6.854102
    },
    "orientation" : 1
  }, {
    "shape" : "bdd9ea3f-0b67-49b4-8417-e1f4b4e91781",
    "color" : "#CCCCCC",
    "position" : {
      "x" : 12.09017,
      "y" : -1.618034,
      "z" : 6.854102
    }
  }, {
    "shape" : "bdd9ea3f-0b67-49b4-8417-e1f4b4e91781",
    "color" : "#CCCCCC",
    "position" : {
      "x" : 12.09017,
      "y" : -6.854102,
      "z" : -1.618034
    }
  }, {
    "shape" : "f49665f8-5bbf-476e-b325-aa7cde984488",
    "color" : "#FFFFFF",
    "position" : {
      "x" : -6.854102,
      "y" : 1.618034,
      "z" : -12.09017
    },
    "orientation" : 15
  }, {
    "shape" : "7353cc32-6f16-4b57-86dc-1223f4cf37e1",
    "color" : "#6B351A",
    "position" : {
      "x" : 1.618034,
      "y" : -6.854102,
      "z" : 12.09017
    },
    "orientation" : 15
  }, {
    "shape" : "8717dae4-019f-4715-95ab-1fb1cd20b865",
    "color" : "#DC4C00",
    "position" : {
      "x" : -6.854102,
      "y" : -1.618034,
      "z" : 12.09017
    },
    "orientation" : 6
  }, {
    "shape" : "7353cc32-6f16-4b57-86dc-1223f4cf37e1",
    "color" : "#6B351A",
    "position" : {
      "x" : -6.854102,
      "y" : -12.09017,
      "z" : -1.618034
    },
    "orientation" : 47
  }, {
    "shape" : "bdd9ea3f-0b67-49b4-8417-e1f4b4e91781",
    "color" : "#CCCCCC",
    "position" : {
      "x" : -6.854102,
      "y" : 6.854102,
      "z" : 0.0
    }
  }, {
    "shape" : "7353cc32-6f16-4b57-86dc-1223f4cf37e1",
    "color" : "#6B351A",
    "position" : {
      "x" : -12.09017,
      "y" : 1.618034,
      "z" : 6.854102
    },
    "orientation" : 1
  }, {
    "shape" : "a236d8d5-a775-42c8-b238-134e666c4c58",
    "color" : "#007695",
    "position" : {
      "x" : -6.854102,
      "y" : -6.854102,
      "z" : 6.854102
    },
    "orientation" : 1
  }, {
    "shape" : "f49665f8-5bbf-476e-b325-aa7cde984488",
    "color" : "#FFFFFF",
    "position" : {
      "x" : 6.854102,
      "y" : -1.618034,
      "z" : -12.09017
    },
    "orientation" : 45
  }, {
    "shape" : "f49665f8-5bbf-476e-b325-aa7cde984488",
    "color" : "#FFFFFF",
    "position" : {
      "x" : -6.854102,
      "y" : -6.854102,
      "z" : 0.0
    },
    "orientation" : 17
  }, {
    "shape" : "bdd9ea3f-0b67-49b4-8417-e1f4b4e91781",
    "color" : "#CCCCCC",
    "position" : {
      "x" : -12.09017,
      "y" : 6.854102,
      "z" : -1.618034
    }
  }, {
    "shape" : "bdd9ea3f-0b67-49b4-8417-e1f4b4e91781",
    "color" : "#CCCCCC",
    "position" : {
      "x" : -6.854102,
      "y" : -12.09017,
      "z" : -1.618034
    }
  }, {
    "shape" : "129ead48-3854-4a4c-b094-49f1051c3541",
    "color" : "#AF0000",
    "position" : {
      "x" : -6.854102,
      "y" : 12.09017,
      "z" : 1.618034
    },
    "orientation" : 17
  }, {
    "shape" : "f49665f8-5bbf-476e-b325-aa7cde984488",
    "color" : "#FFFFFF",
    "position" : {
      "x" : 6.854102,
      "y" : -6.854102,
      "z" : 0.0
    },
    "orientation" : 32
  }, {
    "shape" : "7353cc32-6f16-4b57-86dc-1223f4cf37e1",
    "color" : "#6B351A",
    "position" : {
      "x" : 1.618034,
      "y" : 6.854102,
      "z" : -12.09017
    },
    "orientation" : 0
  }, {
    "shape" : "bdd9ea3f-0b67-49b4-8417-e1f4b4e91781",
    "color" : "#FFFFFF",
    "position" : {
      "x" : 6.854102,
      "y" : 6.854102,
      "z" : -6.854102
    }
  }, {
    "shape" : "a236d8d5-a775-42c8-b238-134e666c4c58",
    "color" : "#007695",
    "position" : {
      "x" : -6.854102,
      "y" : 6.854102,
      "z" : -6.854102
    },
    "orientation" : 0
  }, {
    "shape" : "a236d8d5-a775-42c8-b238-134e666c4c58",
    "color" : "#007695",
    "position" : {
      "x" : 6.854102,
      "y" : -6.854102,
      "z" : -6.854102
    },
    "orientation" : 45
  }, {
    "shape" : "129ead48-3854-4a4c-b094-49f1051c3541",
    "color" : "#AF0000",
    "position" : {
      "x" : -1.618034,
      "y" : 6.854102,
      "z" : 12.09017
    },
    "orientation" : 15
  }, {
    "shape" : "bdd9ea3f-0b67-49b4-8417-e1f4b4e91781",
    "color" : "#FFFFFF",
    "position" : {
      "x" : -6.854102,
      "y" : 6.854102,
      "z" : 6.854102
    }
  }, {
    "shape" : "129ead48-3854-4a4c-b094-49f1051c3541",
    "color" : "#AF0000",
    "position" : {
      "x" : -6.854102,
      "y" : -12.09017,
      "z" : -1.618034
    },
    "orientation" : 2
  }, {
    "shape" : "8717dae4-019f-4715-95ab-1fb1cd20b865",
    "color" : "#DC4C00",
    "position" : {
      "x" : -1.618034,
      "y" : 12.09017,
      "z" : -6.854102
    },
    "orientation" : 8
  }, {
    "shape" : "f49665f8-5bbf-476e-b325-aa7cde984488",
    "color" : "#FFFFFF",
    "position" : {
      "x" : -12.09017,
      "y" : 6.854102,
      "z" : -1.618034
    },
    "orientation" : 31
  }, {
    "shape" : "7353cc32-6f16-4b57-86dc-1223f4cf37e1",
    "color" : "#6B351A",
    "position" : {
      "x" : -1.618034,
      "y" : 12.09017,
      "z" : -6.854102
    },
    "orientation" : 31
  }, {
    "shape" : "a236d8d5-a775-42c8-b238-134e666c4c58",
    "color" : "#007695",
    "position" : {
      "x" : 6.854102,
      "y" : 6.854102,
      "z" : 6.854102
    },
    "orientation" : 47
  }, {
    "shape" : "8717dae4-019f-4715-95ab-1fb1cd20b865",
    "color" : "#DC4C00",
    "position" : {
      "x" : -12.09017,
      "y" : 6.854102,
      "z" : -1.618034
    },
    "orientation" : 37
  }, {
    "shape" : "bdd9ea3f-0b67-49b4-8417-e1f4b4e91781",
    "color" : "#CCCCCC",
    "position" : {
      "x" : 12.09017,
      "y" : 6.854102,
      "z" : 1.618034
    }
  }, {
    "shape" : "bdd9ea3f-0b67-49b4-8417-e1f4b4e91781",
    "color" : "#FFFFFF",
    "position" : {
      "x" : 6.854102,
      "y" : -6.854102,
      "z" : 6.854102
    }
  }, {
    "shape" : "f49665f8-5bbf-476e-b325-aa7cde984488",
    "color" : "#FFFFFF",
    "position" : {
      "x" : -6.854102,
      "y" : 0.0,
      "z" : 6.854102
    },
    "orientation" : 46
  }, {
    "shape" : "8717dae4-019f-4715-95ab-1fb1cd20b865",
    "color" : "#DC4C00",
    "position" : {
      "x" : 1.618034,
      "y" : -12.09017,
      "z" : -6.854102
    },
    "orientation" : 38
  }, {
    "shape" : "bdd9ea3f-0b67-49b4-8417-e1f4b4e91781",
    "color" : "#CCCCCC",
    "position" : {
      "x" : -6.854102,
      "y" : -6.854102,
      "z" : 0.0
    }
  }, {
    "shape" : "8717dae4-019f-4715-95ab-1fb1cd20b865",
    "color" : "#DC4C00",
    "position" : {
      "x" : 12.09017,
      "y" : -6.854102,
      "z" : -1.618034
    },
    "orientation" : 7
  }, {
    "shape" : "bdd9ea3f-0b67-49b4-8417-e1f4b4e91781",
    "color" : "#CCCCCC",
    "position" : {
      "x" : -6.854102,
      "y" : 1.618034,
      "z" : -12.09017
    }
  }, {
    "shape" : "f49665f8-5bbf-476e-b325-aa7cde984488",
    "color" : "#FFFFFF",
    "position" : {
      "x" : -6.854102,
      "y" : 0.0,
      "z" : -6.854102
    },
    "orientation" : 31
  }, {
    "shape" : "bdd9ea3f-0b67-49b4-8417-e1f4b4e91781",
    "color" : "#CCCCCC",
    "position" : {
      "x" : 6.854102,
      "y" : -1.618034,
      "z" : -12.09017
    }
  }, {
    "shape" : "129ead48-3854-4a4c-b094-49f1051c3541",
    "color" : "#AF0000",
    "position" : {
      "x" : 6.854102,
      "y" : 12.09017,
      "z" : -1.618034
    },
    "orientation" : 32
  }, {
    "shape" : "f49665f8-5bbf-476e-b325-aa7cde984488",
    "color" : "#FFFFFF",
    "position" : {
      "x" : 6.854102,
      "y" : 1.618034,
      "z" : 12.09017
    },
    "orientation" : 30
  }, {
    "shape" : "bdd9ea3f-0b67-49b4-8417-e1f4b4e91781",
    "color" : "#CCCCCC",
    "position" : {
      "x" : 0.0,
      "y" : -6.854102,
      "z" : -6.854102
    }
  }, {
    "shape" : "bdd9ea3f-0b67-49b4-8417-e1f4b4e91781",
    "color" : "#CCCCCC",
    "position" : {
      "x" : 6.854102,
      "y" : -6.854102,
      "z" : 0.0
    }
  }, {
    "shape" : "bdd9ea3f-0b67-49b4-8417-e1f4b4e91781",
    "color" : "#FFFFFF",
    "position" : {
      "x" : 6.854102,
      "y" : -6.854102,
      "z" : -6.854102
    }
  }, {
    "shape" : "bdd9ea3f-0b67-49b4-8417-e1f4b4e91781",
    "color" : "#FFFFFF",
    "position" : {
      "x" : -6.854102,
      "y" : -6.854102,
      "z" : -6.854102
    }
  }, {
    "shape" : "7353cc32-6f16-4b57-86dc-1223f4cf37e1",
    "color" : "#6B351A",
    "position" : {
      "x" : -6.854102,
      "y" : -1.618034,
      "z" : 12.09017
    },
    "orientation" : 17
  }, {
    "shape" : "f49665f8-5bbf-476e-b325-aa7cde984488",
    "color" : "#FFFFFF",
    "position" : {
      "x" : 6.854102,
      "y" : 6.854102,
      "z" : 0.0
    },
    "orientation" : 47
  }, {
    "shape" : "f49665f8-5bbf-476e-b325-aa7cde984488",
    "color" : "#FFFFFF",
    "position" : {
      "x" : 0.0,
      "y" : -6.854102,
      "z" : 6.854102
    },
    "orientation" : 0
  }, {
    "shape" : "a236d8d5-a775-42c8-b238-134e666c4c58",
    "color" : "#007695",
    "position" : {
      "x" : -6.854102,
      "y" : -6.854102,
      "z" : 6.854102
    },
    "orientation" : 47
  }, {
    "shape" : "bdd9ea3f-0b67-49b4-8417-e1f4b4e91781",
    "color" : "#CCCCCC",
    "position" : {
      "x" : -1.618034,
      "y" : 6.854102,
      "z" : 12.09017
    }
  }, {
    "shape" : "f49665f8-5bbf-476e-b325-aa7cde984488",
    "color" : "#FFFFFF",
    "position" : {
      "x" : 0.0,
      "y" : -6.854102,
      "z" : -6.854102
    },
    "orientation" : 45
  }, {
    "shape" : "7353cc32-6f16-4b57-86dc-1223f4cf37e1",
    "color" : "#6B351A",
    "position" : {
      "x" : 12.09017,
      "y" : 1.618034,
      "z" : -6.854102
    },
    "orientation" : 46
  }, {
    "shape" : "8717dae4-019f-4715-95ab-1fb1cd20b865",
    "color" : "#DC4C00",
    "position" : {
      "x" : 12.09017,
      "y" : 6.854102,
      "z" : 1.618034
    },
    "orientation" : 22
  }, {
    "shape" : "7353cc32-6f16-4b57-86dc-1223f4cf37e1",
    "color" : "#6B351A",
    "position" : {
      "x" : 6.854102,
      "y" : -1.618034,
      "z" : -12.09017
    },
    "orientation" : 32
  }, {
    "shape" : "7353cc32-6f16-4b57-86dc-1223f4cf37e1",
    "color" : "#6B351A",
    "position" : {
      "x" : -6.854102,
      "y" : 12.09017,
      "z" : 1.618034
    },
    "orientation" : 32
  }, {
    "shape" : "f49665f8-5bbf-476e-b325-aa7cde984488",
    "color" : "#FFFFFF",
    "position" : {
      "x" : 0.0,
      "y" : 6.854102,
      "z" : 6.854102
    },
    "orientation" : 30
  }, {
    "shape" : "f49665f8-5bbf-476e-b325-aa7cde984488",
    "color" : "#FFFFFF",
    "position" : {
      "x" : 12.09017,
      "y" : -6.854102,
      "z" : -1.618034
    },
    "orientation" : 1
  }, {
    "shape" : "bdd9ea3f-0b67-49b4-8417-e1f4b4e91781",
    "color" : "#FFFFFF",
    "position" : {
      "x" : 6.854102,
      "y" : 6.854102,
      "z" : 6.854102
    }
  }, {
    "shape" : "bdd9ea3f-0b67-49b4-8417-e1f4b4e91781",
    "color" : "#CCCCCC",
    "position" : {
      "x" : -12.09017,
      "y" : 1.618034,
      "z" : 6.854102
    }
  }, {
    "shape" : "a236d8d5-a775-42c8-b238-134e666c4c58",
    "color" : "#007695",
    "position" : {
      "x" : 6.854102,
      "y" : 6.854102,
      "z" : 6.854102
    },
    "orientation" : 16
  }, {
    "shape" : "bdd9ea3f-0b67-49b4-8417-e1f4b4e91781",
    "color" : "#CCCCCC",
    "position" : {
      "x" : -6.854102,
      "y" : -1.618034,
      "z" : 12.09017
    }
  }, {
    "shape" : "7353cc32-6f16-4b57-86dc-1223f4cf37e1",
    "color" : "#6B351A",
    "position" : {
      "x" : -6.854102,
      "y" : 1.618034,
      "z" : -12.09017
    },
    "orientation" : 2
  }, {
    "shape" : "a236d8d5-a775-42c8-b238-134e666c4c58",
    "color" : "#007695",
    "position" : {
      "x" : -6.854102,
      "y" : 6.854102,
      "z" : -6.854102
    },
    "orientation" : 2
  }, {
    "shape" : "7353cc32-6f16-4b57-86dc-1223f4cf37e1",
    "color" : "#6B351A",
    "position" : {
      "x" : 6.854102,
      "y" : 12.09017,
      "z" : -1.618034
    },
    "orientation" : 17
  }, {
    "shape" : "bdd9ea3f-0b67-49b4-8417-e1f4b4e91781",
    "color" : "#CCCCCC",
    "position" : {
      "x" : 1.618034,
      "y" : -6.854102,
      "z" : 12.09017
    }
  }, {
    "shape" : "bdd9ea3f-0b67-49b4-8417-e1f4b4e91781",
    "color" : "#CCCCCC",
    "position" : {
      "x" : 6.854102,
      "y" : 0.0,
      "z" : -6.854102
    }
  }, {
    "shape" : "f49665f8-5bbf-476e-b325-aa7cde984488",
    "color" : "#FFFFFF",
    "position" : {
      "x" : -1.618034,
      "y" : 12.09017,
      "z" : -6.854102
    },
    "orientation" : 2
  }, {
    "shape" : "a236d8d5-a775-42c8-b238-134e666c4c58",
    "color" : "#007695",
    "position" : {
      "x" : 6.854102,
      "y" : -6.854102,
      "z" : -6.854102
    },
    "orientation" : 1
  }, {
    "shape" : "f49665f8-5bbf-476e-b325-aa7cde984488",
    "color" : "#FFFFFF",
    "position" : {
      "x" : 1.618034,
      "y" : -12.09017,
      "z" : -6.854102
    },
    "orientation" : 32
  }, {
    "shape" : "bdd9ea3f-0b67-49b4-8417-e1f4b4e91781",
    "color" : "#CCCCCC",
    "position" : {
      "x" : -6.854102,
      "y" : 12.09017,
      "z" : 1.618034
    }
  }, {
    "shape" : "bdd9ea3f-0b67-49b4-8417-e1f4b4e91781",
    "color" : "#FFFFFF",
    "position" : {
      "x" : -6.854102,
      "y" : 6.854102,
      "z" : -6.854102
    }
  }, {
    "shape" : "129ead48-3854-4a4c-b094-49f1051c3541",
    "color" : "#AF0000",
    "position" : {
      "x" : -12.09017,
      "y" : -1.618034,
      "z" : -6.854102
    },
    "orientation" : 1
  }, {
    "shape" : "7353cc32-6f16-4b57-86dc-1223f4cf37e1",
    "color" : "#6B351A",
    "position" : {
      "x" : -12.09017,
      "y" : -6.854102,
      "z" : 1.618034
    },
    "orientation" : 0
  }, {
    "shape" : "129ead48-3854-4a4c-b094-49f1051c3541",
    "color" : "#AF0000",
    "position" : {
      "x" : 12.09017,
      "y" : -1.618034,
      "z" : 6.854102
    },
    "orientation" : 46
  }, {
    "shape" : "8717dae4-019f-4715-95ab-1fb1cd20b865",
    "color" : "#DC4C00",
    "position" : {
      "x" : -6.854102,
      "y" : 1.618034,
      "z" : -12.09017
    },
    "orientation" : 21
  }, {
    "shape" : "129ead48-3854-4a4c-b094-49f1051c3541",
    "color" : "#AF0000",
    "position" : {
      "x" : 6.854102,
      "y" : -12.09017,
      "z" : 1.618034
    },
    "orientation" : 47
  }, {
    "shape" : "7353cc32-6f16-4b57-86dc-1223f4cf37e1",
    "color" : "#6B351A",
    "position" : {
      "x" : -12.09017,
      "y" : 6.854102,
      "z" : -1.618034
    },
    "orientation" : 15
  }, {
    "shape" : "bdd9ea3f-0b67-49b4-8417-e1f4b4e91781",
    "color" : "#CCCCCC",
    "position" : {
      "x" : 12.09017,
      "y" : 1.618034,
      "z" : -6.854102
    }
  }, {
    "shape" : "bdd9ea3f-0b67-49b4-8417-e1f4b4e91781",
    "color" : "#CCCCCC",
    "position" : {
      "x" : -1.618034,
      "y" : 12.09017,
      "z" : -6.854102
    }
  }, {
    "shape" : "7353cc32-6f16-4b57-86dc-1223f4cf37e1",
    "color" : "#6B351A",
    "position" : {
      "x" : -1.618034,
      "y" : -12.09017,
      "z" : 6.854102
    },
    "orientation" : 46
  }, {
    "shape" : "bdd9ea3f-0b67-49b4-8417-e1f4b4e91781",
    "color" : "#CCCCCC",
    "position" : {
      "x" : 6.854102,
      "y" : 6.854102,
      "z" : 0.0
    }
  }, {
    "shape" : "7353cc32-6f16-4b57-86dc-1223f4cf37e1",
    "color" : "#6B351A",
    "position" : {
      "x" : 12.09017,
      "y" : -6.854102,
      "z" : -1.618034
    },
    "orientation" : 45
  }, {
    "shape" : "f49665f8-5bbf-476e-b325-aa7cde984488",
    "color" : "#FFFFFF",
    "position" : {
      "x" : -6.854102,
      "y" : -1.618034,
      "z" : 12.09017
    },
    "orientation" : 0
  }, {
    "shape" : "a236d8d5-a775-42c8-b238-134e666c4c58",
    "color" : "#007695",
    "position" : {
      "x" : 6.854102,
      "y" : 6.854102,
      "z" : 6.854102
    },
    "orientation" : 45
  }, {
    "shape" : "8717dae4-019f-4715-95ab-1fb1cd20b865",
    "color" : "#DC4C00",
    "position" : {
      "x" : -1.618034,
      "y" : -12.09017,
      "z" : 6.854102
    },
    "orientation" : 23
  }, {
    "shape" : "bdd9ea3f-0b67-49b4-8417-e1f4b4e91781",
    "color" : "#CCCCCC",
    "position" : {
      "x" : 0.0,
      "y" : -6.854102,
      "z" : 6.854102
    }
  }, {
    "shape" : "bdd9ea3f-0b67-49b4-8417-e1f4b4e91781",
    "color" : "#CCCCCC",
    "position" : {
      "x" : -6.854102,
      "y" : 0.0,
      "z" : -6.854102
    }
  }, {
    "shape" : "bdd9ea3f-0b67-49b4-8417-e1f4b4e91781",
    "color" : "#CCCCCC",
    "position" : {
      "x" : 6.854102,
      "y" : 12.09017,
      "z" : -1.618034
    }
  }, {
    "shape" : "129ead48-3854-4a4c-b094-49f1051c3541",
    "color" : "#AF0000",
    "position" : {
      "x" : 12.09017,
      "y" : 1.618034,
      "z" : -6.854102
    },
    "orientation" : 31
  }, {
    "shape" : "8717dae4-019f-4715-95ab-1fb1cd20b865",
    "color" : "#DC4C00",
    "position" : {
      "x" : 1.618034,
      "y" : 12.09017,
      "z" : 6.854102
    },
    "orientation" : 53
  }, {
    "shape" : "bdd9ea3f-0b67-49b4-8417-e1f4b4e91781",
    "color" : "#CCCCCC",
    "position" : {
      "x" : 1.618034,
      "y" : 6.854102,
      "z" : -12.09017
    }
  }, {
    "shape" : "7353cc32-6f16-4b57-86dc-1223f4cf37e1",
    "color" : "#6B351A",
    "position" : {
      "x" : 1.618034,
      "y" : -12.09017,
      "z" : -6.854102
    },
    "orientation" : 1
  }, {
    "shape" : "bdd9ea3f-0b67-49b4-8417-e1f4b4e91781",
    "color" : "#CCCCCC",
    "position" : {
      "x" : -1.618034,
      "y" : -6.854102,
      "z" : -12.09017
    }
  }, {
    "shape" : "f49665f8-5bbf-476e-b325-aa7cde984488",
    "color" : "#FFFFFF",
    "position" : {
      "x" : 1.618034,
      "y" : 12.09017,
      "z" : 6.854102
    },
    "orientation" : 47
  }, {
    "shape" : "7353cc32-6f16-4b57-86dc-1223f4cf37e1",
    "color" : "#6B351A",
    "position" : {
      "x" : 12.09017,
      "y" : 6.854102,
      "z" : 1.618034
    },
    "orientation" : 30
  }, {
    "shape" : "bdd9ea3f-0b67-49b4-8417-e1f4b4e91781",
    "color" : "#CCCCCC",
    "position" : {
      "x" : 6.854102,
      "y" : 0.0,
      "z" : 6.854102
    }
  }, {
    "shape" : "8717dae4-019f-4715-95ab-1fb1cd20b865",
    "color" : "#DC4C00",
    "position" : {
      "x" : 6.854102,
      "y" : 1.618034,
      "z" : 12.09017
    },
    "orientation" : 36
  }, {
    "shape" : "f49665f8-5bbf-476e-b325-aa7cde984488",
    "color" : "#FFFFFF",
    "position" : {
      "x" : -6.854102,
      "y" : 6.854102,
      "z" : 0.0
    },
    "orientation" : 2
  }, {
    "shape" : "7353cc32-6f16-4b57-86dc-1223f4cf37e1",
    "color" : "#6B351A",
    "position" : {
      "x" : 1.618034,
      "y" : 12.09017,
      "z" : 6.854102
    },
    "orientation" : 16
  }, {
    "shape" : "129ead48-3854-4a4c-b094-49f1051c3541",
    "color" : "#AF0000",
    "position" : {
      "x" : 1.618034,
      "y" : -6.854102,
      "z" : 12.09017
    },
    "orientation" : 45
  }, {
    "shape" : "7353cc32-6f16-4b57-86dc-1223f4cf37e1",
    "color" : "#6B351A",
    "position" : {
      "x" : 6.854102,
      "y" : 1.618034,
      "z" : 12.09017
    },
    "orientation" : 47
  }, {
    "shape" : "7353cc32-6f16-4b57-86dc-1223f4cf37e1",
    "color" : "#6B351A",
    "position" : {
      "x" : -1.618034,
      "y" : 6.854102,
      "z" : 12.09017
    },
    "orientation" : 45
  }, {
    "shape" : "7353cc32-6f16-4b57-86dc-1223f4cf37e1",
    "color" : "#6B351A",
    "position" : {
      "x" : 6.854102,
      "y" : -12.09017,
      "z" : 1.618034
    },
    "orientation" : 2
  }, {
    "shape" : "a236d8d5-a775-42c8-b238-134e666c4c58",
    "color" : "#007695",
    "position" : {
      "x" : -6.854102,
      "y" : -6.854102,
      "z" : 6.854102
    },
    "orientation" : 0
  }, {
    "shape" : "bdd9ea3f-0b67-49b4-8417-e1f4b4e91781",
    "color" : "#CCCCCC",
    "position" : {
      "x" : 6.854102,
      "y" : -12.09017,
      "z" : 1.618034
    }
  }, {
    "shape" : "bdd9ea3f-0b67-49b4-8417-e1f4b4e91781",
    "color" : "#CCCCCC",
    "position" : {
      "x" : 0.0,
      "y" : 6.854102,
      "z" : -6.854102
    }
  }, {
    "shape" : "bdd9ea3f-0b67-49b4-8417-e1f4b4e91781",
    "color" : "#CCCCCC",
    "position" : {
