{
  "polygons" : "true",
  "field" : "golden",
  "symmetry" : "icosahedral",
  "orientations" : [ [ 1.0, 0.0, 0.0, 0.0, 0.0, 1.0, 0.0, 0.0, 0.0, 0.0, 1.0, 0.0, 0.0, 0.0, 0.0, 1.0 ], [ 0.0, 0.0, 1.0, 0.0, 1.0, 0.0, 0.0, 0.0, 0.0, 1.0, 0.0, 0.0, 0.0, 0.0, 0.0, 1.0 ], [ 0.0, 1.0, 0.0, 0.0, 0.0, 0.0, 1.0, 0.0, 1.0, 0.0, 0.0, 0.0, 0.0, 0.0, 0.0, 1.0 ], [ 0.809017, 0.309017, 0.5, 0.0, 0.309017, 0.5, -0.809017, 0.0, -0.5, 0.809017, 0.309017, 0.0, 0.0, 0.0, 0.0, 1.0 ], [ -0.5, 0.809017, 0.309017, 0.0, 0.809017, 0.309017, 0.5, 0.0, 0.309017, 0.5, -0.809017, 0.0, 0.0, 0.0, 0.0, 1.0 ], [ 0.309017, 0.5, -0.809017, 0.0, -0.5, 0.809017, 0.309017, 0.0, 0.809017, 0.309017, 0.5, 0.0, 0.0, 0.0, 0.0, 1.0 ], [ 0.5, 0.809017, 0.309017, 0.0, 0.809017, -0.309017, -0.5, 0.0, -0.309017, 0.5, -0.809017, 0.0, 0.0, 0.0, 0.0, 1.0 ], [ -0.309017, 0.5, -0.809017, 0.0, 0.5, 0.809017, 0.309017, 0.0, 0.809017, -0.309017, -0.5, 0.0, 0.0, 0.0, 0.0, 1.0 ], [ 0.809017, -0.309017, -0.5, 0.0, -0.309017, 0.5, -0.809017, 0.0, 0.5, 0.809017, 0.309017, 0.0, 0.0, 0.0, 0.0, 1.0 ], [ 0.5, 0.809017, -0.309017, 0.0, 0.809017, -0.309017, 0.5, 0.0, 0.309017, -0.5, -0.809017, 0.0, 0.0, 0.0, 0.0, 1.0 ], [ 0.309017, -0.5, -0.809017, 0.0, 0.5, 0.809017, -0.309017, 0.0, 0.809017, -0.309017, 0.5, 0.0, 0.0, 0.0, 0.0, 1.0 ], [ 0.809017, -0.309017, 0.5, 0.0, 0.309017, -0.5, -0.809017, 0.0, 0.5, 0.809017, -0.309017, 0.0, 0.0, 0.0, 0.0, 1.0 ], [ 0.809017, 0.309017, -0.5, 0.0, 0.309017, 0.5, 0.809017, 0.0, 0.5, -0.809017, 0.309017, 0.0, 0.0, 0.0, 0.0, 1.0 ], [ 0.5, -0.809017, 0.309017, 0.0, 0.809017, 0.309017, -0.5, 0.0, 0.309017, 0.5, 0.809017, 0.0, 0.0, 0.0, 0.0, 1.0 ], [ 0.309017, 0.5, 0.809017, 0.0, 0.5, -0.809017, 0.309017, 0.0, 0.809017, 0.309017, -0.5, 0.0, 0.0, 0.0, 0.0, 1.0 ], [ 1.0, 0.0, 0.0, 0.0, 0.0, -1.0, 0.0, 0.0, 0.0, 0.0, -1.0, 0.0, 0.0, 0.0, 0.0, 1.0 ], [ 0.0, 0.0, 1.0, 0.0, -1.0, 0.0, 0.0, 0.0, 0.0, -1.0, 0.0, 0.0, 0.0, 0.0, 0.0, 1.0 ], [ 0.0, 1.0, 0.0, 0.0, 0.0, 0.0, -1.0, 0.0, -1.0, 0.0, 0.0, 0.0, 0.0, 0.0, 0.0, 1.0 ], [ 0.809017, 0.309017, 0.5, 0.0, -0.309017, -0.5, 0.809017, 0.0, 0.5, -0.809017, -0.309017, 0.0, 0.0, 0.0, 0.0, 1.0 ], [ -0.5, 0.809017, 0.309017, 0.0, -0.809017, -0.309017, -0.5, 0.0, -0.309017, -0.5, 0.809017, 0.0, 0.0, 0.0, 0.0, 1.0 ], [ 0.309017, 0.5, -0.809017, 0.0, 0.5, -0.809017, -0.309017, 0.0, -0.809017, -0.309017, -0.5, 0.0, 0.0, 0.0, 0.0, 1.0 ], [ 0.5, 0.809017, 0.309017, 0.0, -0.809017, 0.309017, 0.5, 0.0, 0.309017, -0.5, 0.809017, 0.0, 0.0, 0.0, 0.0, 1.0 ], [ -0.309017, 0.5, -0.809017, 0.0, -0.5, -0.809017, -0.309017, 0.0, -0.809017, 0.309017, 0.5, 0.0, 0.0, 0.0, 0.0, 1.0 ], [ 0.809017, -0.309017, -0.5, 0.0, 0.309017, -0.5, 0.809017, 0.0, -0.5, -0.809017, -0.309017, 0.0, 0.0, 0.0, 0.0, 1.0 ], [ 0.5, 0.809017, -0.309017, 0.0, -0.809017, 0.309017, -0.5, 0.0, -0.309017, 0.5, 0.809017, 0.0, 0.0, 0.0, 0.0, 1.0 ], [ 0.309017, -0.5, -0.809017, 0.0, -0.5, -0.809017, 0.309017, 0.0, -0.809017, 0.309017, -0.5, 0.0, 0.0, 0.0, 0.0, 1.0 ], [ 0.809017, -0.309017, 0.5, 0.0, -0.309017, 0.5, 0.809017, 0.0, -0.5, -0.809017, 0.309017, 0.0, 0.0, 0.0, 0.0, 1.0 ], [ 0.809017, 0.309017, -0.5, 0.0, -0.309017, -0.5, -0.809017, 0.0, -0.5, 0.809017, -0.309017, 0.0, 0.0, 0.0, 0.0, 1.0 ], [ 0.5, -0.809017, 0.309017, 0.0, -0.809017, -0.309017, 0.5, 0.0, -0.309017, -0.5, -0.809017, 0.0, 0.0, 0.0, 0.0, 1.0 ], [ 0.309017, 0.5, 0.809017, 0.0, -0.5, 0.809017, -0.309017, 0.0, -0.809017, -0.309017, 0.5, 0.0, 0.0, 0.0, 0.0, 1.0 ], [ -1.0, 0.0, 0.0, 0.0, 0.0, -1.0, 0.0, 0.0, 0.0, 0.0, 1.0, 0.0, 0.0, 0.0, 0.0, 1.0 ], [ 0.0, 0.0, -1.0, 0.0, -1.0, 0.0, 0.0, 0.0, 0.0, 1.0, 0.0, 0.0, 0.0, 0.0, 0.0, 1.0 ], [ 0.0, -1.0, 0.0, 0.0, 0.0, 0.0, -1.0, 0.0, 1.0, 0.0, 0.0, 0.0, 0.0, 0.0, 0.0, 1.0 ], [ -0.809017, -0.309017, -0.5, 0.0, -0.309017, -0.5, 0.809017, 0.0, -0.5, 0.809017, 0.309017, 0.0, 0.0, 0.0, 0.0, 1.0 ], [ 0.5, -0.809017, -0.309017, 0.0, -0.809017, -0.309017, -0.5, 0.0, 0.309017, 0.5, -0.809017, 0.0, 0.0, 0.0, 0.0, 1.0 ], [ -0.309017, -0.5, 0.809017, 0.0, 0.5, -0.809017, -0.309017, 0.0, 0.809017, 0.309017, 0.5, 0.0, 0.0, 0.0, 0.0, 1.0 ], [ -0.5, -0.809017, -0.309017, 0.0, -0.809017, 0.309017, 0.5, 0.0, -0.309017, 0.5, -0.809017, 0.0, 0.0, 0.0, 0.0, 1.0 ], [ 0.309017, -0.5, 0.809017, 0.0, -0.5, -0.809017, -0.309017, 0.0, 0.809017, -0.309017, -0.5, 0.0, 0.0, 0.0, 0.0, 1.0 ], [ -0.809017, 0.309017, 0.5, 0.0, 0.309017, -0.5, 0.809017, 0.0, 0.5, 0.809017, 0.309017, 0.0, 0.0, 0.0, 0.0, 1.0 ], [ -0.5, -0.809017, 0.309017, 0.0, -0.809017, 0.309017, -0.5, 0.0, 0.309017, -0.5, -0.809017, 0.0, 0.0, 0.0, 0.0, 1.0 ], [ -0.309017, 0.5, 0.809017, 0.0, -0.5, -0.809017, 0.309017, 0.0, 0.809017, -0.309017, 0.5, 0.0, 0.0, 0.0, 0.0, 1.0 ], [ -0.809017, 0.309017, -0.5, 0.0, -0.309017, 0.5, 0.809017, 0.0, 0.5, 0.809017, -0.309017, 0.0, 0.0, 0.0, 0.0, 1.0 ], [ -0.809017, -0.309017, 0.5, 0.0, -0.309017, -0.5, -0.809017, 0.0, 0.5, -0.809017, 0.309017, 0.0, 0.0, 0.0, 0.0, 1.0 ], [ -0.5, 0.809017, -0.309017, 0.0, -0.809017, -0.309017, 0.5, 0.0, 0.309017, 0.5, 0.809017, 0.0, 0.0, 0.0, 0.0, 1.0 ], [ -0.309017, -0.5, -0.809017, 0.0, -0.5, 0.809017, -0.309017, 0.0, 0.809017, 0.309017, -0.5, 0.0, 0.0, 0.0, 0.0, 1.0 ], [ -1.0, 0.0, 0.0, 0.0, 0.0, 1.0, 0.0, 0.0, 0.0, 0.0, -1.0, 0.0, 0.0, 0.0, 0.0, 1.0 ], [ 0.0, 0.0, -1.0, 0.0, 1.0, 0.0, 0.0, 0.0, 0.0, -1.0, 0.0, 0.0, 0.0, 0.0, 0.0, 1.0 ], [ 0.0, -1.0, 0.0, 0.0, 0.0, 0.0, 1.0, 0.0, -1.0, 0.0, 0.0, 0.0, 0.0, 0.0, 0.0, 1.0 ], [ -0.809017, -0.309017, -0.5, 0.0, 0.309017, 0.5, -0.809017, 0.0, 0.5, -0.809017, -0.309017, 0.0, 0.0, 0.0, 0.0, 1.0 ], [ 0.5, -0.809017, -0.309017, 0.0, 0.809017, 0.309017, 0.5, 0.0, -0.309017, -0.5, 0.809017, 0.0, 0.0, 0.0, 0.0, 1.0 ], [ -0.309017, -0.5, 0.809017, 0.0, -0.5, 0.809017, 0.309017, 0.0, -0.809017, -0.309017, -0.5, 0.0, 0.0, 0.0, 0.0, 1.0 ], [ -0.5, -0.809017, -0.309017, 0.0, 0.809017, -0.309017, -0.5, 0.0, 0.309017, -0.5, 0.809017, 0.0, 0.0, 0.0, 0.0, 1.0 ], [ 0.309017, -0.5, 0.809017, 0.0, 0.5, 0.809017, 0.309017, 0.0, -0.809017, 0.309017, 0.5, 0.0, 0.0, 0.0, 0.0, 1.0 ], [ -0.809017, 0.309017, 0.5, 0.0, -0.309017, 0.5, -0.809017, 0.0, -0.5, -0.809017, -0.309017, 0.0, 0.0, 0.0, 0.0, 1.0 ], [ -0.5, -0.809017, 0.309017, 0.0, 0.809017, -0.309017, 0.5, 0.0, -0.309017, 0.5, 0.809017, 0.0, 0.0, 0.0, 0.0, 1.0 ], [ -0.309017, 0.5, 0.809017, 0.0, 0.5, 0.809017, -0.309017, 0.0, -0.809017, 0.309017, -0.5, 0.0, 0.0, 0.0, 0.0, 1.0 ], [ -0.809017, 0.309017, -0.5, 0.0, 0.309017, -0.5, -0.809017, 0.0, -0.5, -0.809017, 0.309017, 0.0, 0.0, 0.0, 0.0, 1.0 ], [ -0.809017, -0.309017, 0.5, 0.0, 0.309017, 0.5, 0.809017, 0.0, -0.5, 0.809017, -0.309017, 0.0, 0.0, 0.0, 0.0, 1.0 ], [ -0.5, 0.809017, -0.309017, 0.0, 0.809017, 0.309017, -0.5, 0.0, -0.309017, -0.5, -0.809017, 0.0, 0.0, 0.0, 0.0, 1.0 ], [ -0.309017, -0.5, -0.809017, 0.0, 0.5, -0.809017, 0.309017, 0.0, -0.809017, -0.309017, 0.5, 0.0, 0.0, 0.0, 0.0, 1.0 ] ],
  "lights" : {
    "ambientColor" : "#292929",
    "backgroundColor" : "#FFFFFF",
    "directionalLights" : [ {
      "direction" : [ 1.0, -1.0, -1.0 ],
      "color" : "#EBEBE4"
    }, {
      "direction" : [ -1.0, 0.0, 0.0 ],
      "color" : "#E4E4EB"
    }, {
      "direction" : [ 0.0, 0.0, -1.0 ],
      "color" : "#1E1E1E"
    } ]
  },
  "camera" : {
    "width" : 159.23344,
    "stereo" : false,
    "perspective" : true,
    "viewDistance" : 353.8522,
    "nearClipDistance" : 0.8846311,
    "farClipDistance" : 707.7029,
    "lookAtPoint" : {
      "x" : 0.0,
      "y" : 0.0,
      "z" : 0.0
    },
    "fieldOfView" : 0.44262877,
    "lookDirection" : {
      "x" : 0.0016043326,
      "y" : -0.09988061,
      "z" : -0.9949901
    },
    "upDirection" : {
      "x" : 0.015078828,
      "y" : 0.99487877,
      "z" : -0.09984826
    },
    "position" : {
      "x" : -0.56769663,
      "y" : 35.342976,
      "z" : 352.07944
    }
  },
  "embedding" : [ 1.0, 0.0, 0.0, 0.0, 0.0, 1.0, 0.0, 0.0, 0.0, 0.0, 1.0, 0.0, 0.0, 0.0, 0.0, 1.0 ],
  "shapes" : [ {
    "id" : "61d48ed5-1a32-4a0b-8396-cbdf594a9a7c",
    "orbit" : "blue",
    "orbitC" : "[[0,0,1],[0,0,1]]",
    "length" : "[-1,1,1]",
    "name" : "b0",
    "vertices" : [ {
      "x" : 1.0,
      "y" : 0.309017,
      "z" : 0.19098301
    }, {
      "x" : 1.0,
      "y" : -0.309017,
      "z" : 0.19098301
    }, {
      "x" : 4.236068,
      "y" : -0.309017,
      "z" : 0.19098301
    }, {
      "x" : 4.236068,
      "y" : 0.309017,
      "z" : 0.19098301
    }, {
      "x" : 4.236068,
      "y" : -0.309017,
      "z" : -0.19098301
    }, {
      "x" : 4.236068,
      "y" : 0.309017,
      "z" : -0.19098301
    }, {
      "x" : 4.854102,
      "y" : 0.0,
      "z" : 0.0
    }, {
      "x" : 0.38196602,
      "y" : 0.0,
      "z" : 0.0
    }, {
      "x" : 1.0,
      "y" : 0.309017,
      "z" : -0.19098301
    }, {
      "x" : 1.0,
      "y" : -0.309017,
      "z" : -0.19098301
    }, {
      "x" : 5.236068,
      "y" : 0.0,
      "z" : 0.0
    } ],
    "faces" : [ {
      "vertices" : [ 1, 9, 4, 2 ]
    }, {
      "vertices" : [ 0, 3, 5, 8 ]
    }, {
      "vertices" : [ 1, 7, 9 ]
    }, {
      "vertices" : [ 0, 1, 2, 3 ]
    }, {
      "vertices" : [ 7, 8, 9 ]
    }, {
      "vertices" : [ 0, 7, 1 ]
    }, {
      "vertices" : [ 4, 9, 8, 5 ]
    }, {
      "vertices" : [ 2, 6, 3 ]
    }, {
      "vertices" : [ 2, 4, 6 ]
    }, {
      "vertices" : [ 3, 6, 5 ]
    }, {
      "vertices" : [ 4, 5, 6 ]
    }, {
      "vertices" : [ 0, 8, 7 ]
    } ]
  }, {
    "id" : "2b4c39ec-9345-4bfa-a660-cf145421b692",
    "name" : "ball",
    "vertices" : [ {
      "x" : 0.309017,
      "y" : -0.309017,
      "z" : -0.309017
    }, {
      "x" : 0.5,
      "y" : 0.0,
      "z" : -0.19098301
    }, {
      "x" : 0.5,
      "y" : 0.0,
      "z" : 0.19098301
    }, {
      "x" : 0.309017,
      "y" : -0.309017,
      "z" : 0.309017
    }, {
      "x" : 0.19098301,
      "y" : -0.5,
      "z" : 0.0
    }, {
      "x" : 0.0,
      "y" : 0.19098301,
      "z" : 0.5
    }, {
      "x" : 0.0,
      "y" : -0.19098301,
      "z" : 0.5
    }, {
      "x" : 0.309017,
      "y" : 0.309017,
      "z" : 0.309017
    }, {
      "x" : -0.309017,
      "y" : -0.309017,
      "z" : 0.309017
    }, {
      "x" : -0.309017,
      "y" : 0.309017,
      "z" : 0.309017
    }, {
      "x" : -0.5,
      "y" : 0.0,
      "z" : 0.19098301
    }, {
      "x" : 0.0,
      "y" : -0.19098301,
      "z" : -0.5
    }, {
      "x" : 0.0,
      "y" : 0.19098301,
      "z" : -0.5
    }, {
      "x" : 0.309017,
      "y" : 0.309017,
      "z" : -0.309017
    }, {
      "x" : -0.309017,
      "y" : -0.309017,
      "z" : -0.309017
    }, {
      "x" : -0.19098301,
      "y" : -0.5,
      "z" : 0.0
    }, {
      "x" : -0.5,
      "y" : 0.0,
      "z" : -0.19098301
    }, {
      "x" : 0.19098301,
      "y" : 0.5,
      "z" : 0.0
    }, {
      "x" : -0.309017,
      "y" : 0.309017,
      "z" : -0.309017
    }, {
      "x" : 0.0,
      "y" : 0.0,
      "z" : 0.0
    }, {
      "x" : -0.19098301,
      "y" : 0.5,
      "z" : 0.0
    } ],
    "faces" : [ {
      "vertices" : [ 12, 18, 20, 17, 13 ]
    }, {
      "vertices" : [ 3, 6, 8, 15, 4 ]
    }, {
      "vertices" : [ 0, 11, 12, 13, 1 ]
    }, {
      "vertices" : [ 5, 9, 10, 8, 6 ]
    }, {
      "vertices" : [ 2, 7, 5, 6, 3 ]
    }, {
      "vertices" : [ 11, 14, 16, 18, 12 ]
    }, {
      "vertices" : [ 1, 13, 17, 7, 2 ]
    }, {
      "vertices" : [ 9, 20, 18, 16, 10 ]
    }, {
      "vertices" : [ 0, 1, 2, 3, 4 ]
    }, {
      "vertices" : [ 5, 7, 17, 20, 9 ]
    }, {
      "vertices" : [ 0, 4, 15, 14, 11 ]
    }, {
      "vertices" : [ 8, 10, 16, 14, 15 ]
    } ]
  }, {
    "id" : "08373f93-6ba0-404b-830b-6d05c0729b58",
    "vertices" : [ {
      "x" : 0.0,
      "y" : 0.0,
      "z" : 0.0
    }, {
      "x" : -2.618034,
      "y" : 4.236068,
      "z" : -1.618034
    }, {
      "x" : -4.236068,
      "y" : 6.854102,
      "z" : 2.618034
    }, {
      "x" : -2.618034,
      "y" : 4.236068,
      "z" : 6.854102
    }, {
      "x" : 0.0,
      "y" : 0.0,
      "z" : 5.236068
    } ],
    "faces" : [ {
      "vertices" : [ 0, 1, 2, 3, 4 ]
    }, {
      "vertices" : [ 0, 4, 3, 2, 1 ]
    } ]
  }, {
    "id" : "66cdc359-65fe-428d-ad95-f1b0671ec37c",
    "vertices" : [ {
      "x" : 0.0,
      "y" : 0.0,
      "z" : 0.0
    }, {
      "x" : 1.618034,
      "y" : -2.618034,
      "z" : 4.236068
    }, {
      "x" : 4.236068,
      "y" : -6.854102,
      "z" : 2.618034
    }, {
      "x" : 4.236068,
      "y" : -6.854102,
      "z" : -2.618034
    }, {
      "x" : 1.618034,
      "y" : -2.618034,
      "z" : -4.236068
    } ],
    "faces" : [ {
      "vertices" : [ 0, 1, 2, 3, 4 ]
    }, {
      "vertices" : [ 0, 4, 3, 2, 1 ]
    } ]
  }, {
    "id" : "211cbb58-2a30-4cd2-8d46-509492c21520",
    "vertices" : [ {
      "x" : 0.0,
      "y" : 0.0,
      "z" : 0.0
    }, {
      "x" : 0.0,
      "y" : 0.0,
      "z" : -5.236068
    }, {
      "x" : -2.618034,
      "y" : 4.236068,
      "z" : -6.854102
    }, {
      "x" : -4.236068,
      "y" : 6.854102,
      "z" : -2.618034
    }, {
      "x" : -2.618034,
      "y" : 4.236068,
      "z" : 1.618034
    } ],
    "faces" : [ {
      "vertices" : [ 0, 1, 2, 3, 4 ]
    }, {
      "vertices" : [ 0, 4, 3, 2, 1 ]
    } ]
  }, {
    "id" : "c960061c-fb13-4a06-ad73-7a8cf0d4ef20",
    "vertices" : [ {
      "x" : 0.0,
      "y" : 0.0,
      "z" : 0.0
    }, {
      "x" : 2.618034,
      "y" : -4.236068,
      "z" : -1.618034
    }, {
      "x" : 2.618034,
      "y" : -4.236068,
      "z" : -6.854102
    }, {
      "x" : 0.0,
      "y" : 0.0,
      "z" : -8.472136
    }, {
      "x" : -1.618034,
      "y" : 2.618034,
      "z" : -4.236068
    } ],
    "faces" : [ {
      "vertices" : [ 0, 1, 2, 3, 4 ]
    }, {
      "vertices" : [ 0, 4, 3, 2, 1 ]
    } ]
  }, {
    "id" : "0114b101-53e0-4e1c-a245-847663513fc6",
    "vertices" : [ {
      "x" : 0.0,
      "y" : 0.0,
      "z" : 0.0
    }, {
      "x" : -1.618034,
      "y" : 2.618034,
      "z" : 4.236068
    }, {
      "x" : 0.0,
      "y" : 0.0,
      "z" : 8.472136
    }, {
      "x" : 2.618034,
      "y" : -4.236068,
      "z" : 6.854102
    }, {
      "x" : 2.618034,
      "y" : -4.236068,
      "z" : 1.618034
    } ],
    "faces" : [ {
      "vertices" : [ 0, 1, 2, 3, 4 ]
    }, {
      "vertices" : [ 0, 4, 3, 2, 1 ]
    } ]
  } ],
  "instances" : [ {
    "shape" : "61d48ed5-1a32-4a0b-8396-cbdf594a9a7c",
    "color" : "#007695",
    "position" : {
      "x" : 0.0,
      "y" : -13.708204,
      "z" : 13.708204
    },
    "orientation" : 53
  }, {
    "shape" : "61d48ed5-1a32-4a0b-8396-cbdf594a9a7c",
    "color" : "#007695",
    "position" : {
      "x" : 8.472136,
      "y" : 13.708204,
      "z" : 0.0
    },
    "orientation" : 40
  }, {
    "shape" : "2b4c39ec-9345-4bfa-a660-cf145421b692",
    "color" : "#FFFFFF",
    "position" : {
      "x" : 13.708204,
      "y" : 0.0,
      "z" : -8.472136
    }
  }, {
    "shape" : "61d48ed5-1a32-4a0b-8396-cbdf594a9a7c",
    "color" : "#007695",
    "position" : {
      "x" : 6.854102,
      "y" : 2.618034,
      "z" : -4.236068
    },
    "orientation" : 37
  }, {
    "shape" : "2b4c39ec-9345-4bfa-a660-cf145421b692",
    "color" : "#FFFFFF",
    "position" : {
      "x" : -15.326238,
      "y" : 2.618034,
      "z" : -4.236068
    }
  }, {
    "shape" : "08373f93-6ba0-404b-830b-6d05c0729b58",
    "color" : "#D77F7F",
    "position" : {
      "x" : -11.09017,
      "y" : -4.236068,
      "z" : -6.854102
    },
    "orientation" : 17
  }, {
    "shape" : "08373f93-6ba0-404b-830b-6d05c0729b58",
    "color" : "#D77F7F",
    "position" : {
      "x" : 11.09017,
      "y" : 4.236068,
      "z" : -6.854102
    },
    "orientation" : 47
  }, {
    "shape" : "61d48ed5-1a32-4a0b-8396-cbdf594a9a7c",
    "color" : "#007695",
    "position" : {
      "x" : 13.708204,
      "y" : 0.0,
      "z" : 13.708204
    },
    "orientation" : 47
  }, {
    "shape" : "2b4c39ec-9345-4bfa-a660-cf145421b692",
    "color" : "#FFFFFF",
    "position" : {
      "x" : 6.854102,
      "y" : -2.618034,
      "z" : -17.944271
    }
  }, {
    "shape" : "61d48ed5-1a32-4a0b-8396-cbdf594a9a7c",
    "color" : "#007695",
    "position" : {
      "x" : 0.0,
      "y" : 13.708204,
      "z" : 13.708204
    },
    "orientation" : 23
  }, {
    "shape" : "2b4c39ec-9345-4bfa-a660-cf145421b692",
    "color" : "#FFFFFF",
    "position" : {
      "x" : -11.09017,
      "y" : 9.472136,
      "z" : 6.854102
    }
  }, {
    "shape" : "61d48ed5-1a32-4a0b-8396-cbdf594a9a7c",
    "color" : "#007695",
    "position" : {
      "x" : 17.944271,
      "y" : -6.854102,
      "z" : -2.618034
    },
    "orientation" : 54
  }, {
    "shape" : "2b4c39ec-9345-4bfa-a660-cf145421b692",
    "color" : "#FFFFFF",
    "position" : {
      "x" : 15.326238,
      "y" : 11.09017,
      "z" : -4.236068
    }
  }, {
    "shape" : "2b4c39ec-9345-4bfa-a660-cf145421b692",
    "color" : "#FFFFFF",
    "position" : {
      "x" : 4.236068,
      "y" : -15.326238,
      "z" : -11.09017
    }
  }, {
    "shape" : "08373f93-6ba0-404b-830b-6d05c0729b58",
    "color" : "#D77F7F",
    "position" : {
      "x" : 4.236068,
      "y" : -6.854102,
      "z" : 11.09017
    },
    "orientation" : 16
  }, {
    "shape" : "66cdc359-65fe-428d-ad95-f1b0671ec37c",
    "color" : "#D77F7F",
    "position" : {
      "x" : 2.618034,
      "y" : -4.236068,
      "z" : -6.854102
    },
    "orientation" : 0
  }, {
    "shape" : "2b4c39ec-9345-4bfa-a660-cf145421b692",
    "color" : "#FFFFFF",
    "position" : {
      "x" : -4.236068,
      "y" : 15.326238,
      "z" : 2.618034
    }
  }, {
    "shape" : "2b4c39ec-9345-4bfa-a660-cf145421b692",
    "color" : "#FFFFFF",
    "position" : {
      "x" : 13.708204,
      "y" : 0.0,
      "z" : 13.708204
    }
  }, {
    "shape" : "2b4c39ec-9345-4bfa-a660-cf145421b692",
    "color" : "#FFFFFF",
    "position" : {
      "x" : 6.854102,
      "y" : -2.618034,
      "z" : 17.944271
    }
  }, {
    "shape" : "61d48ed5-1a32-4a0b-8396-cbdf594a9a7c",
    "color" : "#007695",
    "position" : {
      "x" : 4.236068,
      "y" : -6.854102,
      "z" : -2.618034
    },
    "orientation" : 55
  }, {
    "shape" : "2b4c39ec-9345-4bfa-a660-cf145421b692",
    "color" : "#FFFFFF",
    "position" : {
      "x" : -4.236068,
      "y" : -15.326238,
      "z" : -2.618034
    }
  }, {
    "shape" : "2b4c39ec-9345-4bfa-a660-cf145421b692",
    "color" : "#FFFFFF",
    "position" : {
      "x" : -6.854102,
      "y" : 0.0,
      "z" : -11.09017
    }
  }, {
    "shape" : "61d48ed5-1a32-4a0b-8396-cbdf594a9a7c",
    "color" : "#007695",
    "position" : {
      "x" : -6.854102,
      "y" : 11.09017,
      "z" : -4.236068
    },
    "orientation" : 53
  }, {
    "shape" : "211cbb58-2a30-4cd2-8d46-509492c21520",
    "color" : "#D77F7F",
    "position" : {
      "x" : 0.0,
      "y" : -8.472136,
      "z" : 0.0
    },
    "orientation" : 47
  }, {
    "shape" : "2b4c39ec-9345-4bfa-a660-cf145421b692",
    "color" : "#FFFFFF",
    "position" : {
      "x" : 17.944271,
      "y" : 6.854102,
      "z" : -2.618034
    }
  }, {
    "shape" : "2b4c39ec-9345-4bfa-a660-cf145421b692",
    "color" : "#FFFFFF",
    "position" : {
      "x" : -15.326238,
      "y" : -2.618034,
      "z" : -4.236068
    }
  }, {
    "shape" : "61d48ed5-1a32-4a0b-8396-cbdf594a9a7c",
    "color" : "#007695",
    "position" : {
      "x" : -6.854102,
      "y" : 11.09017,
      "z" : 9.472136
    },
    "orientation" : 47
  }, {
    "shape" : "2b4c39ec-9345-4bfa-a660-cf145421b692",
    "color" : "#FFFFFF",
    "position" : {
      "x" : -2.618034,
      "y" : 17.944271,
      "z" : 6.854102
    }
  }, {
    "shape" : "61d48ed5-1a32-4a0b-8396-cbdf594a9a7c",
    "color" : "#007695",
    "position" : {
      "x" : 2.618034,
      "y" : 4.236068,
      "z" : -15.326238
    },
    "orientation" : 10
  }, {
    "shape" : "08373f93-6ba0-404b-830b-6d05c0729b58",
    "color" : "#D77F7F",
    "position" : {
      "x" : 2.618034,
      "y" : -17.944271,
      "z" : 6.854102
    },
    "orientation" : 31
  }, {
    "shape" : "2b4c39ec-9345-4bfa-a660-cf145421b692",
    "color" : "#FFFFFF",
    "position" : {
      "x" : 0.0,
      "y" : -13.708204,
      "z" : -13.708204
    }
  }, {
    "shape" : "61d48ed5-1a32-4a0b-8396-cbdf594a9a7c",
    "color" : "#007695",
    "position" : {
      "x" : 2.618034,
      "y" : 17.944271,
      "z" : 6.854102
    },
    "orientation" : 25
  }, {
    "shape" : "61d48ed5-1a32-4a0b-8396-cbdf594a9a7c",
    "color" : "#007695",
    "position" : {
      "x" : 15.326238,
      "y" : 2.618034,
      "z" : 4.236068
    },
    "orientation" : 22
  }, {
    "shape" : "2b4c39ec-9345-4bfa-a660-cf145421b692",
    "color" : "#FFFFFF",
    "position" : {
      "x" : -4.236068,
      "y" : 6.854102,
      "z" : 2.618034
    }
  }, {
    "shape" : "2b4c39ec-9345-4bfa-a660-cf145421b692",
    "color" : "#FFFFFF",
    "position" : {
      "x" : -4.236068,
      "y" : 15.326238,
      "z" : -2.618034
    }
  }, {
    "shape" : "61d48ed5-1a32-4a0b-8396-cbdf594a9a7c",
    "color" : "#007695",
    "position" : {
      "x" : 0.0,
      "y" : 0.0,
      "z" : -13.708204
    },
    "orientation" : 2
  }, {
    "shape" : "2b4c39ec-9345-4bfa-a660-cf145421b692",
    "color" : "#FFFFFF",
    "position" : {
      "x" : 6.854102,
      "y" : 2.618034,
      "z" : 17.944271
    }
  }, {
    "shape" : "61d48ed5-1a32-4a0b-8396-cbdf594a9a7c",
    "color" : "#007695",
    "position" : {
      "x" : 6.854102,
      "y" : -11.09017,
      "z" : 9.472136
    },
    "orientation" : 51
  }, {
    "shape" : "66cdc359-65fe-428d-ad95-f1b0671ec37c",
    "color" : "#D77F7F",
    "position" : {
      "x" : 0.0,
      "y" : 0.0,
      "z" : -13.708204
    },
    "orientation" : 17
  }, {
    "shape" : "61d48ed5-1a32-4a0b-8396-cbdf594a9a7c",
    "color" : "#007695",
    "position" : {
      "x" : -11.09017,
      "y" : -4.236068,
      "z" : 15.326238
    },
    "orientation" : 11
  }, {
    "shape" : "61d48ed5-1a32-4a0b-8396-cbdf594a9a7c",
    "color" : "#007695",
    "position" : {
      "x" : 6.854102,
      "y" : 2.618034,
      "z" : 4.236068
    },
    "orientation" : 54
  }, {
    "shape" : "2b4c39ec-9345-4bfa-a660-cf145421b692",
    "color" : "#FFFFFF",
    "position" : {
      "x" : 4.236068,
      "y" : 6.854102,
      "z" : 11.09017
    }
  }, {
    "shape" : "61d48ed5-1a32-4a0b-8396-cbdf594a9a7c",
    "color" : "#007695",
    "position" : {
      "x" : -13.708204,
      "y" : -13.708204,
      "z" : 0.0
    },
    "orientation" : 55
  }, {
    "shape" : "2b4c39ec-9345-4bfa-a660-cf145421b692",
    "color" : "#FFFFFF",
    "position" : {
      "x" : -15.326238,
      "y" : -11.09017,
      "z" : 4.236068
    }
  }, {
    "shape" : "66cdc359-65fe-428d-ad95-f1b0671ec37c",
    "color" : "#D77F7F",
    "position" : {
      "x" : -9.472136,
      "y" : -6.854102,
      "z" : -11.09017
    },
    "orientation" : 30
  }, {
    "shape" : "61d48ed5-1a32-4a0b-8396-cbdf594a9a7c",
    "color" : "#007695",
    "position" : {
      "x" : -2.618034,
      "y" : -4.236068,
      "z" : 15.326238
    },
    "orientation" : 6
  }, {
    "shape" : "61d48ed5-1a32-4a0b-8396-cbdf594a9a7c",
    "color" : "#007695",
    "position" : {
      "x" : 0.0,
      "y" : -13.708204,
      "z" : -13.708204
    },
    "orientation" : 8
  }, {
    "shape" : "2b4c39ec-9345-4bfa-a660-cf145421b692",
    "color" : "#FFFFFF",
    "position" : {
      "x" : 0.0,
      "y" : -11.09017,
      "z" : -6.854102
    }
  }, {
    "shape" : "61d48ed5-1a32-4a0b-8396-cbdf594a9a7c",
    "color" : "#007695",
    "position" : {
      "x" : -9.472136,
      "y" : 6.854102,
      "z" : -11.09017
    },
    "orientation" : 22
  }, {
    "shape" : "61d48ed5-1a32-4a0b-8396-cbdf594a9a7c",
    "color" : "#007695",
    "position" : {
      "x" : -13.708204,
      "y" : 0.0,
      "z" : 0.0
    },
    "orientation" : 22
  }, {
    "shape" : "61d48ed5-1a32-4a0b-8396-cbdf594a9a7c",
    "color" : "#007695",
    "position" : {
      "x" : -2.618034,
      "y" : -17.944271,
      "z" : -6.854102
    },
    "orientation" : 7
  }, {
    "shape" : "66cdc359-65fe-428d-ad95-f1b0671ec37c",
    "color" : "#D77F7F",
    "position" : {
      "x" : 0.0,
      "y" : -13.708204,
      "z" : 0.0
    },
    "orientation" : 16
  }, {
    "shape" : "61d48ed5-1a32-4a0b-8396-cbdf594a9a7c",
    "color" : "#007695",
    "position" : {
      "x" : 0.0,
      "y" : 13.708204,
      "z" : 13.708204
    },
    "orientation" : 16
  }, {
    "shape" : "61d48ed5-1a32-4a0b-8396-cbdf594a9a7c",
    "color" : "#007695",
    "position" : {
      "x" : 2.618034,
      "y" : -17.944271,
      "z" : -6.854102
    },
    "orientation" : 45
  }, {
    "shape" : "66cdc359-65fe-428d-ad95-f1b0671ec37c",
    "color" : "#D77F7F",
    "position" : {
      "x" : -9.472136,
      "y" : 6.854102,
      "z" : 11.09017
    },
    "orientation" : 45
  }, {
    "shape" : "61d48ed5-1a32-4a0b-8396-cbdf594a9a7c",
    "color" : "#007695",
    "position" : {
      "x" : 6.854102,
      "y" : -2.618034,
      "z" : -4.236068
    },
    "orientation" : 1
  }, {
    "shape" : "66cdc359-65fe-428d-ad95-f1b0671ec37c",
    "color" : "#D77F7F",
    "position" : {
      "x" : -4.236068,
      "y" : -6.854102,
      "z" : 2.618034
    },
    "orientation" : 2
  }, {
    "shape" : "08373f93-6ba0-404b-830b-6d05c0729b58",
    "color" : "#D77F7F",
    "position" : {
      "x" : -2.618034,
      "y" : -17.944271,
      "z" : -6.854102
    },
    "orientation" : 16
  }, {
    "shape" : "2b4c39ec-9345-4bfa-a660-cf145421b692",
    "color" : "#FFFFFF",
    "position" : {
      "x" : -6.854102,
      "y" : -11.09017,
      "z" : 4.236068
    }
  }, {
    "shape" : "61d48ed5-1a32-4a0b-8396-cbdf594a9a7c",
    "color" : "#007695",
    "position" : {
      "x" : -11.09017,
      "y" : -4.236068,
      "z" : 6.854102
    },
    "orientation" : 56
  }, {
    "shape" : "61d48ed5-1a32-4a0b-8396-cbdf594a9a7c",
    "color" : "#007695",
    "position" : {
      "x" : -2.618034,
      "y" : 17.944271,
      "z" : -6.854102
    },
    "orientation" : 0
  }, {
    "shape" : "61d48ed5-1a32-4a0b-8396-cbdf594a9a7c",
    "color" : "#007695",
    "position" : {
      "x" : 0.0,
      "y" : 8.472136,
      "z" : -13.708204
    },
    "orientation" : 41
  }, {
    "shape" : "61d48ed5-1a32-4a0b-8396-cbdf594a9a7c",
    "color" : "#007695",
    "position" : {
      "x" : -13.708204,
      "y" : 13.708204,
      "z" : 0.0
    },
    "orientation" : 0
  }, {
    "shape" : "61d48ed5-1a32-4a0b-8396-cbdf594a9a7c",
    "color" : "#007695",
    "position" : {
      "x" : 0.0,
      "y" : 13.708204,
      "z" : 13.708204
    },
    "orientation" : 56
  }, {
    "shape" : "66cdc359-65fe-428d-ad95-f1b0671ec37c",
    "color" : "#D77F7F",
    "position" : {
      "x" : 0.0,
      "y" : 0.0,
      "z" : -13.708204
    },
    "orientation" : 47
  }, {
    "shape" : "211cbb58-2a30-4cd2-8d46-509492c21520",
    "color" : "#D77F7F",
    "position" : {
      "x" : 0.0,
      "y" : -13.708204,
      "z" : 0.0
    },
    "orientation" : 32
  }, {
    "shape" : "2b4c39ec-9345-4bfa-a660-cf145421b692",
    "color" : "#FFFFFF",
    "position" : {
      "x" : 6.854102,
      "y" : -11.09017,
      "z" : -9.472136
    }
  }, {
    "shape" : "61d48ed5-1a32-4a0b-8396-cbdf594a9a7c",
    "color" : "#007695",
    "position" : {
      "x" : 4.236068,
      "y" : 15.326238,
      "z" : -11.09017
    },
    "orientation" : 21
  }, {
    "shape" : "61d48ed5-1a32-4a0b-8396-cbdf594a9a7c",
    "color" : "#007695",
    "position" : {
      "x" : 4.236068,
      "y" : -6.854102,
      "z" : -11.09017
    },
    "orientation" : 21
  }, {
    "shape" : "61d48ed5-1a32-4a0b-8396-cbdf594a9a7c",
    "color" : "#007695",
    "position" : {
      "x" : -6.854102,
      "y" : -2.618034,
      "z" : 17.944271
    },
    "orientation" : 26
  }, {
    "shape" : "2b4c39ec-9345-4bfa-a660-cf145421b692",
    "color" : "#FFFFFF",
    "position" : {
      "x" : 4.236068,
      "y" : -15.326238,
      "z" : 2.618034
    }
  }, {
    "shape" : "2b4c39ec-9345-4bfa-a660-cf145421b692",
    "color" : "#FFFFFF",
    "position" : {
      "x" : 8.472136,
      "y" : 0.0,
      "z" : 0.0
    }
  }, {
    "shape" : "2b4c39ec-9345-4bfa-a660-cf145421b692",
    "color" : "#FFFFFF",
    "position" : {
      "x" : 2.618034,
      "y" : 17.944271,
      "z" : -6.854102
    }
  }, {
    "shape" : "2b4c39ec-9345-4bfa-a660-cf145421b692",
    "color" : "#FFFFFF",
    "position" : {
      "x" : -15.326238,
      "y" : 11.09017,
      "z" : 4.236068
    }
  }, {
    "shape" : "61d48ed5-1a32-4a0b-8396-cbdf594a9a7c",
    "color" : "#007695",
    "position" : {
      "x" : -6.854102,
      "y" : -11.09017,
      "z" : 9.472136
    },
    "orientation" : 21
  }, {
    "shape" : "61d48ed5-1a32-4a0b-8396-cbdf594a9a7c",
    "color" : "#007695",
    "position" : {
      "x" : -13.708204,
      "y" : 0.0,
      "z" : -13.708204
    },
    "orientation" : 2
  }, {
    "shape" : "61d48ed5-1a32-4a0b-8396-cbdf594a9a7c",
    "color" : "#007695",
    "position" : {
      "x" : 6.854102,
      "y" : 11.09017,
      "z" : -4.236068
    },
    "orientation" : 39
  }, {
    "shape" : "61d48ed5-1a32-4a0b-8396-cbdf594a9a7c",
    "color" : "#007695",
    "position" : {
      "x" : 0.0,
      "y" : 0.0,
      "z" : -13.708204
    },
    "orientation" : 36
  }, {
    "shape" : "2b4c39ec-9345-4bfa-a660-cf145421b692",
    "color" : "#FFFFFF",
    "position" : {
      "x" : 0.0,
      "y" : -8.472136,
      "z" : 13.708204
    }
  }, {
    "shape" : "2b4c39ec-9345-4bfa-a660-cf145421b692",
    "color" : "#FFFFFF",
    "position" : {
      "x" : 2.618034,
      "y" : -4.236068,
      "z" : 6.854102
    }
  }, {
    "shape" : "61d48ed5-1a32-4a0b-8396-cbdf594a9a7c",
    "color" : "#007695",
    "position" : {
      "x" : 11.09017,
      "y" : 4.236068,
      "z" : -15.326238
    },
    "orientation" : 7
  }, {
    "shape" : "61d48ed5-1a32-4a0b-8396-cbdf594a9a7c",
    "color" : "#007695",
    "position" : {
      "x" : -9.472136,
      "y" : -6.854102,
      "z" : 11.09017
    },
    "orientation" : 7
  }, {
    "shape" : "61d48ed5-1a32-4a0b-8396-cbdf594a9a7c",
    "color" : "#007695",
    "position" : {
      "x" : -6.854102,
      "y" : 11.09017,
      "z" : -4.236068
    },
    "orientation" : 9
  }, {
    "shape" : "2b4c39ec-9345-4bfa-a660-cf145421b692",
    "color" : "#FFFFFF",
    "position" : {
      "x" : 0.0,
      "y" : 0.0,
      "z" : 13.708204
    }
  }, {
    "shape" : "61d48ed5-1a32-4a0b-8396-cbdf594a9a7c",
    "color" : "#007695",
    "position" : {
      "x" : 4.236068,
      "y" : -6.854102,
      "z" : 11.09017
    },
    "orientation" : 41
  }, {
    "shape" : "61d48ed5-1a32-4a0b-8396-cbdf594a9a7c",
    "color" : "#007695",
    "position" : {
      "x" : -4.236068,
      "y" : 6.854102,
      "z" : -11.09017
    },
    "orientation" : 51
  }, {
    "shape" : "61d48ed5-1a32-4a0b-8396-cbdf594a9a7c",
    "color" : "#007695",
    "position" : {
      "x" : -6.854102,
      "y" : -2.618034,
      "z" : -17.944271
    },
    "orientation" : 8
  }, {
    "shape" : "2b4c39ec-9345-4bfa-a660-cf145421b692",
    "color" : "#FFFFFF",
    "position" : {
      "x" : 15.326238,
      "y" : 2.618034,
      "z" : -4.236068
    }
  }, {
    "shape" : "2b4c39ec-9345-4bfa-a660-cf145421b692",
    "color" : "#FFFFFF",
    "position" : {
      "x" : -11.09017,
      "y" : 6.854102,
      "z" : 0.0
    }
  }, {
    "shape" : "2b4c39ec-9345-4bfa-a660-cf145421b692",
    "color" : "#FFFFFF",
    "position" : {
      "x" : -6.854102,
      "y" : -11.09017,
      "z" : -9.472136
    }
  }, {
    "shape" : "61d48ed5-1a32-4a0b-8396-cbdf594a9a7c",
    "color" : "#007695",
    "position" : {
      "x" : -6.854102,
      "y" : 2.618034,
      "z" : -4.236068
    },
    "orientation" : 9
  }, {
    "shape" : "2b4c39ec-9345-4bfa-a660-cf145421b692",
    "color" : "#FFFFFF",
    "position" : {
      "x" : -4.236068,
      "y" : -6.854102,
      "z" : 11.09017
    }
  }, {
    "shape" : "211cbb58-2a30-4cd2-8d46-509492c21520",
    "color" : "#D77F7F",
    "position" : {
      "x" : -8.472136,
      "y" : 0.0,
      "z" : 0.0
    },
    "orientation" : 1
  }, {
    "shape" : "2b4c39ec-9345-4bfa-a660-cf145421b692",
    "color" : "#FFFFFF",
    "position" : {
      "x" : -13.708204,
      "y" : 0.0,
      "z" : 8.472136
    }
  }, {
    "shape" : "61d48ed5-1a32-4a0b-8396-cbdf594a9a7c",
    "color" : "#007695",
    "position" : {
      "x" : 13.708204,
      "y" : 13.708204,
      "z" : 0.0
    },
    "orientation" : 45
  }, {
    "shape" : "08373f93-6ba0-404b-830b-6d05c0729b58",
    "color" : "#D77F7F",
    "position" : {
      "x" : 6.854102,
      "y" : 2.618034,
      "z" : -17.944271
    },
    "orientation" : 17
  }, {
    "shape" : "08373f93-6ba0-404b-830b-6d05c0729b58",
    "color" : "#D77F7F",
    "position" : {
      "x" : 11.09017,
      "y" : 4.236068,
      "z" : 6.854102
    },
    "orientation" : 2
  }, {
    "shape" : "08373f93-6ba0-404b-830b-6d05c0729b58",
    "color" : "#D77F7F",
    "position" : {
      "x" : -6.854102,
      "y" : -11.09017,
      "z" : 4.236068
    },
    "orientation" : 30
  }, {
    "shape" : "61d48ed5-1a32-4a0b-8396-cbdf594a9a7c",
    "color" : "#007695",
    "position" : {
      "x" : -11.09017,
      "y" : 4.236068,
      "z" : -15.326238
    },
    "orientation" : 26
  }, {
    "shape" : "61d48ed5-1a32-4a0b-8396-cbdf594a9a7c",
    "color" : "#007695",
    "position" : {
      "x" : -11.09017,
      "y" : -9.472136,
      "z" : -6.854102
    },
    "orientation" : 1
  }, {
    "shape" : "61d48ed5-1a32-4a0b-8396-cbdf594a9a7c",
    "color" : "#007695",
    "position" : {
      "x" : 0.0,
      "y" : 13.708204,
      "z" : -13.708204
    },
    "orientation" : 38
  }, {
    "shape" : "61d48ed5-1a32-4a0b-8396-cbdf594a9a7c",
    "color" : "#007695",
    "position" : {
      "x" : -17.944271,
      "y" : 6.854102,
      "z" : 2.618034
    },
    "orientation" : 9
  }, {
    "shape" : "61d48ed5-1a32-4a0b-8396-cbdf594a9a7c",
    "color" : "#007695",
    "position" : {
      "x" : -17.944271,
      "y" : -6.854102,
      "z" : -2.618034
    },
    "orientation" : 6
  }, {
    "shape" : "61d48ed5-1a32-4a0b-8396-cbdf594a9a7c",
    "color" : "#007695",
    "position" : {
      "x" : 13.708204,
      "y" : 0.0,
      "z" : 13.708204
    },
    "orientation" : 51
  }, {
    "shape" : "61d48ed5-1a32-4a0b-8396-cbdf594a9a7c",
    "color" : "#007695",
    "position" : {
      "x" : -11.09017,
      "y" : 4.236068,
      "z" : 15.326238
    },
    "orientation" : 52
  }, {
    "shape" : "61d48ed5-1a32-4a0b-8396-cbdf594a9a7c",
    "color" : "#007695",
    "position" : {
      "x" : -11.09017,
      "y" : -4.236068,
      "z" : -15.326238
    },
    "orientation" : 37
  }, {
    "shape" : "61d48ed5-1a32-4a0b-8396-cbdf594a9a7c",
    "color" : "#007695",
    "position" : {
      "x" : -2.618034,
      "y" : 4.236068,
      "z" : -6.854102
    },
    "orientation" : 0
  }, {
    "shape" : "61d48ed5-1a32-4a0b-8396-cbdf594a9a7c",
    "color" : "#007695",
    "position" : {
      "x" : -4.236068,
      "y" : -6.854102,
      "z" : 2.618034
    },
    "orientation" : 47
  }, {
    "shape" : "61d48ed5-1a32-4a0b-8396-cbdf594a9a7c",
    "color" : "#007695",
    "position" : {
      "x" : 15.326238,
      "y" : 2.618034,
      "z" : -4.236068
    },
    "orientation" : 56
  }, {
    "shape" : "66cdc359-65fe-428d-ad95-f1b0671ec37c",
    "color" : "#D77F7F",
    "position" : {
      "x" : 6.854102,
      "y" : -2.618034,
      "z" : -4.236068
    },
    "orientation" : 31
  }, {
    "shape" : "2b4c39ec-9345-4bfa-a660-cf145421b692",
    "color" : "#FFFFFF",
    "position" : {
      "x" : -11.09017,
      "y" : 4.236068,
      "z" : -15.326238
    }
  }, {
    "shape" : "2b4c39ec-9345-4bfa-a660-cf145421b692",
    "color" : "#FFFFFF",
    "position" : {
      "x" : -4.236068,
      "y" : -6.854102,
      "z" : 2.618034
    }
  }, {
    "shape" : "08373f93-6ba0-404b-830b-6d05c0729b58",
    "color" : "#D77F7F",
    "position" : {
      "x" : -8.472136,
      "y" : -13.708204,
      "z" : 0.0
    },
    "orientation" : 31
  }, {
    "shape" : "61d48ed5-1a32-4a0b-8396-cbdf594a9a7c",
    "color" : "#007695",
    "position" : {
      "x" : -13.708204,
      "y" : -13.708204,
      "z" : 0.0
    },
    "orientation" : 0
  }, {
    "shape" : "61d48ed5-1a32-4a0b-8396-cbdf594a9a7c",
    "color" : "#007695",
    "position" : {
      "x" : 13.708204,
      "y" : 13.708204,
      "z" : 0.0
    },
    "orientation" : 25
  }, {
    "shape" : "61d48ed5-1a32-4a0b-8396-cbdf594a9a7c",
    "color" : "#007695",
    "position" : {
      "x" : -2.618034,
      "y" : 4.236068,
      "z" : -15.326238
    },
    "orientation" : 21
  }, {
    "shape" : "61d48ed5-1a32-4a0b-8396-cbdf594a9a7c",
    "color" : "#007695",
    "position" : {
      "x" : -17.944271,
      "y" : -6.854102,
      "z" : 2.618034
    },
    "orientation" : 47
  }, {
    "shape" : "2b4c39ec-9345-4bfa-a660-cf145421b692",
    "color" : "#FFFFFF",
    "position" : {
      "x" : 0.0,
      "y" : -13.708204,
      "z" : 13.708204
    }
  }, {
    "shape" : "61d48ed5-1a32-4a0b-8396-cbdf594a9a7c",
    "color" : "#007695",
    "position" : {
      "x" : -8.472136,
      "y" : -13.708204,
      "z" : 0.0
    },
    "orientation" : 10
  }, {
    "shape" : "61d48ed5-1a32-4a0b-8396-cbdf594a9a7c",
    "color" : "#007695",
    "position" : {
      "x" : -6.854102,
      "y" : -11.09017,
      "z" : -9.472136
    },
    "orientation" : 6
  }, {
    "shape" : "211cbb58-2a30-4cd2-8d46-509492c21520",
    "color" : "#D77F7F",
    "position" : {
      "x" : 4.236068,
      "y" : 6.854102,
      "z" : -11.09017
    },
    "orientation" : 46
  }, {
    "shape" : "2b4c39ec-9345-4bfa-a660-cf145421b692",
    "color" : "#FFFFFF",
    "position" : {
      "x" : 6.854102,
      "y" : 0.0,
      "z" : 11.09017
    }
  }, {
    "shape" : "61d48ed5-1a32-4a0b-8396-cbdf594a9a7c",
    "color" : "#007695",
    "position" : {
      "x" : 6.854102,
      "y" : 11.09017,
      "z" : 4.236068
    },
    "orientation" : 36
  }, {
    "shape" : "61d48ed5-1a32-4a0b-8396-cbdf594a9a7c",
    "color" : "#007695",
    "position" : {
      "x" : -4.236068,
      "y" : -15.326238,
      "z" : 11.09017
    },
    "orientation" : 25
  }, {
    "shape" : "61d48ed5-1a32-4a0b-8396-cbdf594a9a7c",
    "color" : "#007695",
    "position" : {
      "x" : -17.944271,
      "y" : -6.854102,
      "z" : 2.618034
    },
    "orientation" : 9
  }, {
    "shape" : "211cbb58-2a30-4cd2-8d46-509492c21520",
    "color" : "#D77F7F",
    "position" : {
      "x" : 11.09017,
      "y" : -4.236068,
      "z" : 6.854102
    },
    "orientation" : 2
  }, {
    "shape" : "61d48ed5-1a32-4a0b-8396-cbdf594a9a7c",
    "color" : "#007695",
    "position" : {
      "x" : -11.09017,
      "y" : -4.236068,
      "z" : -6.854102
    },
    "orientation" : 54
  }, {
    "shape" : "61d48ed5-1a32-4a0b-8396-cbdf594a9a7c",
    "color" : "#007695",
    "position" : {
      "x" : 2.618034,
      "y" : -4.236068,
      "z" : -6.854102
    },
    "orientation" : 45
  }, {
    "shape" : "61d48ed5-1a32-4a0b-8396-cbdf594a9a7c",
    "color" : "#007695",
    "position" : {
      "x" : -9.472136,
      "y" : -6.854102,
      "z" : -11.09017
    },
    "orientation" : 0
  }, {
    "shape" : "08373f93-6ba0-404b-830b-6d05c0729b58",
    "color" : "#D77F7F",
    "position" : {
      "x" : 6.854102,
      "y" : -2.618034,
      "z" : 17.944271
    },
    "orientation" : 2
  }, {
    "shape" : "08373f93-6ba0-404b-830b-6d05c0729b58",
    "color" : "#D77F7F",
    "position" : {
      "x" : -6.854102,
      "y" : 11.09017,
      "z" : -4.236068
    },
    "orientation" : 45
  }, {
    "shape" : "66cdc359-65fe-428d-ad95-f1b0671ec37c",
    "color" : "#D77F7F",
    "position" : {
      "x" : -6.854102,
      "y" : -11.09017,
      "z" : -9.472136
    },
    "orientation" : 47
  }, {
    "shape" : "2b4c39ec-9345-4bfa-a660-cf145421b692",
    "color" : "#FFFFFF",
    "position" : {
      "x" : 13.708204,
      "y" : 13.708204,
      "z" : 0.0
    }
  }, {
    "shape" : "08373f93-6ba0-404b-830b-6d05c0729b58",
    "color" : "#D77F7F",
    "position" : {
