{
  "field" : "golden",
  "symmetry" : "icosahedral",
  "orientations" : [ [ 1.0, 0.0, 0.0, 0.0, 0.0, 1.0, 0.0, 0.0, 0.0, 0.0, 1.0, 0.0, 0.0, 0.0, 0.0, 1.0 ], [ 0.0, 0.0, 1.0, 0.0, 1.0, 0.0, 0.0, 0.0, 0.0, 1.0, 0.0, 0.0, 0.0, 0.0, 0.0, 1.0 ], [ 0.0, 1.0, 0.0, 0.0, 0.0, 0.0, 1.0, 0.0, 1.0, 0.0, 0.0, 0.0, 0.0, 0.0, 0.0, 1.0 ], [ 0.809017, 0.309017, 0.5, 0.0, 0.309017, 0.5, -0.809017, 0.0, -0.5, 0.809017, 0.309017, 0.0, 0.0, 0.0, 0.0, 1.0 ], [ -0.5, 0.809017, 0.309017, 0.0, 0.809017, 0.309017, 0.5, 0.0, 0.309017, 0.5, -0.809017, 0.0, 0.0, 0.0, 0.0, 1.0 ], [ 0.309017, 0.5, -0.809017, 0.0, -0.5, 0.809017, 0.309017, 0.0, 0.809017, 0.309017, 0.5, 0.0, 0.0, 0.0, 0.0, 1.0 ], [ 0.5, 0.809017, 0.309017, 0.0, 0.809017, -0.309017, -0.5, 0.0, -0.309017, 0.5, -0.809017, 0.0, 0.0, 0.0, 0.0, 1.0 ], [ -0.309017, 0.5, -0.809017, 0.0, 0.5, 0.809017, 0.309017, 0.0, 0.809017, -0.309017, -0.5, 0.0, 0.0, 0.0, 0.0, 1.0 ], [ 0.809017, -0.309017, -0.5, 0.0, -0.309017, 0.5, -0.809017, 0.0, 0.5, 0.809017, 0.309017, 0.0, 0.0, 0.0, 0.0, 1.0 ], [ 0.5, 0.809017, -0.309017, 0.0, 0.809017, -0.309017, 0.5, 0.0, 0.309017, -0.5, -0.809017, 0.0, 0.0, 0.0, 0.0, 1.0 ], [ 0.309017, -0.5, -0.809017, 0.0, 0.5, 0.809017, -0.309017, 0.0, 0.809017, -0.309017, 0.5, 0.0, 0.0, 0.0, 0.0, 1.0 ], [ 0.809017, -0.309017, 0.5, 0.0, 0.309017, -0.5, -0.809017, 0.0, 0.5, 0.809017, -0.309017, 0.0, 0.0, 0.0, 0.0, 1.0 ], [ 0.809017, 0.309017, -0.5, 0.0, 0.309017, 0.5, 0.809017, 0.0, 0.5, -0.809017, 0.309017, 0.0, 0.0, 0.0, 0.0, 1.0 ], [ 0.5, -0.809017, 0.309017, 0.0, 0.809017, 0.309017, -0.5, 0.0, 0.309017, 0.5, 0.809017, 0.0, 0.0, 0.0, 0.0, 1.0 ], [ 0.309017, 0.5, 0.809017, 0.0, 0.5, -0.809017, 0.309017, 0.0, 0.809017, 0.309017, -0.5, 0.0, 0.0, 0.0, 0.0, 1.0 ], [ 1.0, 0.0, 0.0, 0.0, 0.0, -1.0, 0.0, 0.0, 0.0, 0.0, -1.0, 0.0, 0.0, 0.0, 0.0, 1.0 ], [ 0.0, 0.0, 1.0, 0.0, -1.0, 0.0, 0.0, 0.0, 0.0, -1.0, 0.0, 0.0, 0.0, 0.0, 0.0, 1.0 ], [ 0.0, 1.0, 0.0, 0.0, 0.0, 0.0, -1.0, 0.0, -1.0, 0.0, 0.0, 0.0, 0.0, 0.0, 0.0, 1.0 ], [ 0.809017, 0.309017, 0.5, 0.0, -0.309017, -0.5, 0.809017, 0.0, 0.5, -0.809017, -0.309017, 0.0, 0.0, 0.0, 0.0, 1.0 ], [ -0.5, 0.809017, 0.309017, 0.0, -0.809017, -0.309017, -0.5, 0.0, -0.309017, -0.5, 0.809017, 0.0, 0.0, 0.0, 0.0, 1.0 ], [ 0.309017, 0.5, -0.809017, 0.0, 0.5, -0.809017, -0.309017, 0.0, -0.809017, -0.309017, -0.5, 0.0, 0.0, 0.0, 0.0, 1.0 ], [ 0.5, 0.809017, 0.309017, 0.0, -0.809017, 0.309017, 0.5, 0.0, 0.309017, -0.5, 0.809017, 0.0, 0.0, 0.0, 0.0, 1.0 ], [ -0.309017, 0.5, -0.809017, 0.0, -0.5, -0.809017, -0.309017, 0.0, -0.809017, 0.309017, 0.5, 0.0, 0.0, 0.0, 0.0, 1.0 ], [ 0.809017, -0.309017, -0.5, 0.0, 0.309017, -0.5, 0.809017, 0.0, -0.5, -0.809017, -0.309017, 0.0, 0.0, 0.0, 0.0, 1.0 ], [ 0.5, 0.809017, -0.309017, 0.0, -0.809017, 0.309017, -0.5, 0.0, -0.309017, 0.5, 0.809017, 0.0, 0.0, 0.0, 0.0, 1.0 ], [ 0.309017, -0.5, -0.809017, 0.0, -0.5, -0.809017, 0.309017, 0.0, -0.809017, 0.309017, -0.5, 0.0, 0.0, 0.0, 0.0, 1.0 ], [ 0.809017, -0.309017, 0.5, 0.0, -0.309017, 0.5, 0.809017, 0.0, -0.5, -0.809017, 0.309017, 0.0, 0.0, 0.0, 0.0, 1.0 ], [ 0.809017, 0.309017, -0.5, 0.0, -0.309017, -0.5, -0.809017, 0.0, -0.5, 0.809017, -0.309017, 0.0, 0.0, 0.0, 0.0, 1.0 ], [ 0.5, -0.809017, 0.309017, 0.0, -0.809017, -0.309017, 0.5, 0.0, -0.309017, -0.5, -0.809017, 0.0, 0.0, 0.0, 0.0, 1.0 ], [ 0.309017, 0.5, 0.809017, 0.0, -0.5, 0.809017, -0.309017, 0.0, -0.809017, -0.309017, 0.5, 0.0, 0.0, 0.0, 0.0, 1.0 ], [ -1.0, 0.0, 0.0, 0.0, 0.0, -1.0, 0.0, 0.0, 0.0, 0.0, 1.0, 0.0, 0.0, 0.0, 0.0, 1.0 ], [ 0.0, 0.0, -1.0, 0.0, -1.0, 0.0, 0.0, 0.0, 0.0, 1.0, 0.0, 0.0, 0.0, 0.0, 0.0, 1.0 ], [ 0.0, -1.0, 0.0, 0.0, 0.0, 0.0, -1.0, 0.0, 1.0, 0.0, 0.0, 0.0, 0.0, 0.0, 0.0, 1.0 ], [ -0.809017, -0.309017, -0.5, 0.0, -0.309017, -0.5, 0.809017, 0.0, -0.5, 0.809017, 0.309017, 0.0, 0.0, 0.0, 0.0, 1.0 ], [ 0.5, -0.809017, -0.309017, 0.0, -0.809017, -0.309017, -0.5, 0.0, 0.309017, 0.5, -0.809017, 0.0, 0.0, 0.0, 0.0, 1.0 ], [ -0.309017, -0.5, 0.809017, 0.0, 0.5, -0.809017, -0.309017, 0.0, 0.809017, 0.309017, 0.5, 0.0, 0.0, 0.0, 0.0, 1.0 ], [ -0.5, -0.809017, -0.309017, 0.0, -0.809017, 0.309017, 0.5, 0.0, -0.309017, 0.5, -0.809017, 0.0, 0.0, 0.0, 0.0, 1.0 ], [ 0.309017, -0.5, 0.809017, 0.0, -0.5, -0.809017, -0.309017, 0.0, 0.809017, -0.309017, -0.5, 0.0, 0.0, 0.0, 0.0, 1.0 ], [ -0.809017, 0.309017, 0.5, 0.0, 0.309017, -0.5, 0.809017, 0.0, 0.5, 0.809017, 0.309017, 0.0, 0.0, 0.0, 0.0, 1.0 ], [ -0.5, -0.809017, 0.309017, 0.0, -0.809017, 0.309017, -0.5, 0.0, 0.309017, -0.5, -0.809017, 0.0, 0.0, 0.0, 0.0, 1.0 ], [ -0.309017, 0.5, 0.809017, 0.0, -0.5, -0.809017, 0.309017, 0.0, 0.809017, -0.309017, 0.5, 0.0, 0.0, 0.0, 0.0, 1.0 ], [ -0.809017, 0.309017, -0.5, 0.0, -0.309017, 0.5, 0.809017, 0.0, 0.5, 0.809017, -0.309017, 0.0, 0.0, 0.0, 0.0, 1.0 ], [ -0.809017, -0.309017, 0.5, 0.0, -0.309017, -0.5, -0.809017, 0.0, 0.5, -0.809017, 0.309017, 0.0, 0.0, 0.0, 0.0, 1.0 ], [ -0.5, 0.809017, -0.309017, 0.0, -0.809017, -0.309017, 0.5, 0.0, 0.309017, 0.5, 0.809017, 0.0, 0.0, 0.0, 0.0, 1.0 ], [ -0.309017, -0.5, -0.809017, 0.0, -0.5, 0.809017, -0.309017, 0.0, 0.809017, 0.309017, -0.5, 0.0, 0.0, 0.0, 0.0, 1.0 ], [ -1.0, 0.0, 0.0, 0.0, 0.0, 1.0, 0.0, 0.0, 0.0, 0.0, -1.0, 0.0, 0.0, 0.0, 0.0, 1.0 ], [ 0.0, 0.0, -1.0, 0.0, 1.0, 0.0, 0.0, 0.0, 0.0, -1.0, 0.0, 0.0, 0.0, 0.0, 0.0, 1.0 ], [ 0.0, -1.0, 0.0, 0.0, 0.0, 0.0, 1.0, 0.0, -1.0, 0.0, 0.0, 0.0, 0.0, 0.0, 0.0, 1.0 ], [ -0.809017, -0.309017, -0.5, 0.0, 0.309017, 0.5, -0.809017, 0.0, 0.5, -0.809017, -0.309017, 0.0, 0.0, 0.0, 0.0, 1.0 ], [ 0.5, -0.809017, -0.309017, 0.0, 0.809017, 0.309017, 0.5, 0.0, -0.309017, -0.5, 0.809017, 0.0, 0.0, 0.0, 0.0, 1.0 ], [ -0.309017, -0.5, 0.809017, 0.0, -0.5, 0.809017, 0.309017, 0.0, -0.809017, -0.309017, -0.5, 0.0, 0.0, 0.0, 0.0, 1.0 ], [ -0.5, -0.809017, -0.309017, 0.0, 0.809017, -0.309017, -0.5, 0.0, 0.309017, -0.5, 0.809017, 0.0, 0.0, 0.0, 0.0, 1.0 ], [ 0.309017, -0.5, 0.809017, 0.0, 0.5, 0.809017, 0.309017, 0.0, -0.809017, 0.309017, 0.5, 0.0, 0.0, 0.0, 0.0, 1.0 ], [ -0.809017, 0.309017, 0.5, 0.0, -0.309017, 0.5, -0.809017, 0.0, -0.5, -0.809017, -0.309017, 0.0, 0.0, 0.0, 0.0, 1.0 ], [ -0.5, -0.809017, 0.309017, 0.0, 0.809017, -0.309017, 0.5, 0.0, -0.309017, 0.5, 0.809017, 0.0, 0.0, 0.0, 0.0, 1.0 ], [ -0.309017, 0.5, 0.809017, 0.0, 0.5, 0.809017, -0.309017, 0.0, -0.809017, 0.309017, -0.5, 0.0, 0.0, 0.0, 0.0, 1.0 ], [ -0.809017, 0.309017, -0.5, 0.0, 0.309017, -0.5, -0.809017, 0.0, -0.5, -0.809017, 0.309017, 0.0, 0.0, 0.0, 0.0, 1.0 ], [ -0.809017, -0.309017, 0.5, 0.0, 0.309017, 0.5, 0.809017, 0.0, -0.5, 0.809017, -0.309017, 0.0, 0.0, 0.0, 0.0, 1.0 ], [ -0.5, 0.809017, -0.309017, 0.0, 0.809017, 0.309017, -0.5, 0.0, -0.309017, -0.5, -0.809017, 0.0, 0.0, 0.0, 0.0, 1.0 ], [ -0.309017, -0.5, -0.809017, 0.0, 0.5, -0.809017, 0.309017, 0.0, -0.809017, -0.309017, 0.5, 0.0, 0.0, 0.0, 0.0, 1.0 ] ],
  "lights" : {
    "ambientColor" : "#292929",
    "backgroundColor" : "#E5E5E5",
    "directionalLights" : [ {
      "direction" : {
        "x" : 1.0,
        "y" : -1.0,
        "z" : -1.0
      },
      "color" : "#EBEBE4"
    }, {
      "direction" : {
        "x" : -1.0,
        "y" : 0.0,
        "z" : 0.0
      },
      "color" : "#E4E4EB"
    }, {
      "direction" : {
        "x" : 0.0,
        "y" : 0.0,
        "z" : -1.0
      },
      "color" : "#1E1E1E"
    } ]
  },
  "camera" : {
    "width" : 53.00425,
    "stereo" : false,
    "lookDirection" : {
      "x" : 0.0,
      "y" : 0.0,
      "z" : -1.0
    },
    "upDirection" : {
      "x" : 0.0,
      "y" : 1.0,
      "z" : 0.0
    },
    "lookAtPoint" : {
      "x" : 0.0,
      "y" : 0.0,
      "z" : 0.0
    },
    "perspective" : false,
    "viewDistance" : 117.787186,
    "nearClipDistance" : 0.2944681,
    "farClipDistance" : 235.57437,
    "fieldOfView" : 0.442629,
    "position" : {
      "x" : 0.0,
      "y" : 0.0,
      "z" : 117.787186
    }
  },
  "embedding" : [ 1.0, 0.0, 0.0, 0.0, 0.0, 1.0, 0.0, 0.0, 0.0, 0.0, 1.0, 0.0, 0.0, 0.0, 0.0, 1.0 ],
  "shapes" : [ {
    "id" : "9d409031-36c3-493d-a2b8-5acab08ba07a",
    "vertices" : [ {
      "x" : 10.781153,
      "y" : 4.118034,
      "z" : -1.572949
    }, {
      "x" : 10.399187,
      "y" : 3.663119,
      "z" : -1.381966
    }, {
      "x" : 10.236068,
      "y" : 3.927051,
      "z" : -1.809017
    }, {
      "x" : 10.163119,
      "y" : 4.190983,
      "z" : -1.618034
    }, {
      "x" : 0.85410196,
      "y" : 0.309017,
      "z" : 0.19098301
    }, {
      "x" : 0.690983,
      "y" : 0.572949,
      "z" : -0.23606798
    }, {
      "x" : 0.309017,
      "y" : 0.11803399,
      "z" : -0.045084972
    }, {
      "x" : 0.76393205,
      "y" : 0.309017,
      "z" : -0.42705098
    }, {
      "x" : 0.927051,
      "y" : 0.045084972,
      "z" : 0.0
    }, {
      "x" : 10.326238,
      "y" : 3.927051,
      "z" : -1.190983
    }, {
      "x" : 11.09017,
      "y" : 4.236068,
      "z" : -1.618034
    } ],
    "faces" : [ {
      "vertices" : [ 2, 7, 5 ]
    }, {
      "vertices" : [ 2, 5, 3 ]
    }, {
      "vertices" : [ 1, 8, 7 ]
    }, {
      "vertices" : [ 1, 7, 2 ]
    }, {
      "vertices" : [ 4, 6, 8 ]
    }, {
      "vertices" : [ 5, 7, 6 ]
    }, {
      "vertices" : [ 0, 1, 2 ]
    }, {
      "vertices" : [ 0, 2, 3 ]
    }, {
      "vertices" : [ 6, 7, 8 ]
    }, {
      "vertices" : [ 3, 5, 4 ]
    }, {
      "vertices" : [ 3, 4, 9 ]
    }, {
      "vertices" : [ 1, 9, 4 ]
    }, {
      "vertices" : [ 1, 4, 8 ]
    }, {
      "vertices" : [ 0, 9, 1 ]
    }, {
      "vertices" : [ 0, 3, 9 ]
    }, {
      "vertices" : [ 4, 5, 6 ]
    } ]
  }, {
    "id" : "42fc657f-aa4e-433e-a898-5a1222bb7a7a",
    "vertices" : [ {
      "x" : -4.236068,
      "y" : 12.708204,
      "z" : -4.236068
    }, {
      "x" : 4.236068,
      "y" : 12.708204,
      "z" : 4.236068
    }, {
      "x" : 4.236068,
      "y" : 4.236068,
      "z" : 12.708204
    }, {
      "x" : -4.236068,
      "y" : -4.236068,
      "z" : 12.708204
    }, {
      "x" : -12.708204,
      "y" : -4.236068,
      "z" : 4.236068
    }, {
      "x" : -12.708204,
      "y" : 4.236068,
      "z" : -4.236068
    } ],
    "faces" : [ {
      "vertices" : [ 0, 1, 2 ]
    }, {
      "vertices" : [ 0, 2, 3 ]
    }, {
      "vertices" : [ 0, 3, 4 ]
    }, {
      "vertices" : [ 0, 4, 5 ]
    }, {
      "vertices" : [ 0, 5, 4 ]
    }, {
      "vertices" : [ 0, 4, 3 ]
    }, {
      "vertices" : [ 0, 3, 2 ]
    }, {
      "vertices" : [ 0, 2, 1 ]
    } ]
  }, {
    "id" : "916dd1d8-520a-46f5-96c3-a11d10f78ea6",
    "vertices" : [ {
      "x" : 4.236068,
      "y" : -9.472136,
      "z" : -9.472136
    }, {
      "x" : 2.618034,
      "y" : 1.618034,
      "z" : -13.708204
    }, {
      "x" : -6.854102,
      "y" : -5.236068,
      "z" : -11.09017
    } ],
    "faces" : [ {
      "vertices" : [ 0, 1, 2 ]
    }, {
      "vertices" : [ 0, 2, 1 ]
    } ]
  }, {
    "id" : "c84e7fed-4e9e-4029-a732-85d29f35c646",
    "vertices" : [ {
      "x" : 0.309017,
      "y" : -0.309017,
      "z" : -0.309017
    }, {
      "x" : 0.5,
      "y" : 0.0,
      "z" : -0.19098301
    }, {
      "x" : 0.5,
      "y" : 0.0,
      "z" : 0.19098301
    }, {
      "x" : 0.309017,
      "y" : -0.309017,
      "z" : 0.309017
    }, {
      "x" : 0.19098301,
      "y" : -0.5,
      "z" : 0.0
    }, {
      "x" : 0.0,
      "y" : 0.19098301,
      "z" : 0.5
    }, {
      "x" : 0.0,
      "y" : -0.19098301,
      "z" : 0.5
    }, {
      "x" : 0.309017,
      "y" : 0.309017,
      "z" : 0.309017
    }, {
      "x" : -0.309017,
      "y" : -0.309017,
      "z" : 0.309017
    }, {
      "x" : -0.309017,
      "y" : 0.309017,
      "z" : 0.309017
    }, {
      "x" : -0.5,
      "y" : 0.0,
      "z" : 0.19098301
    }, {
      "x" : 0.0,
      "y" : -0.19098301,
      "z" : -0.5
    }, {
      "x" : 0.0,
      "y" : 0.19098301,
      "z" : -0.5
    }, {
      "x" : 0.309017,
      "y" : 0.309017,
      "z" : -0.309017
    }, {
      "x" : -0.309017,
      "y" : -0.309017,
      "z" : -0.309017
    }, {
      "x" : -0.19098301,
      "y" : -0.5,
      "z" : 0.0
    }, {
      "x" : -0.5,
      "y" : 0.0,
      "z" : -0.19098301
    }, {
      "x" : 0.19098301,
      "y" : 0.5,
      "z" : 0.0
    }, {
      "x" : -0.309017,
      "y" : 0.309017,
      "z" : -0.309017
    }, {
      "x" : 0.0,
      "y" : 0.0,
      "z" : 0.0
    }, {
      "x" : -0.19098301,
      "y" : 0.5,
      "z" : 0.0
    } ],
    "faces" : [ {
      "vertices" : [ 12, 18, 20 ]
    }, {
      "vertices" : [ 12, 20, 17 ]
    }, {
      "vertices" : [ 12, 17, 13 ]
    }, {
      "vertices" : [ 3, 6, 8 ]
    }, {
      "vertices" : [ 3, 8, 15 ]
    }, {
      "vertices" : [ 3, 15, 4 ]
    }, {
      "vertices" : [ 0, 11, 12 ]
    }, {
      "vertices" : [ 0, 12, 13 ]
    }, {
      "vertices" : [ 0, 13, 1 ]
    }, {
      "vertices" : [ 5, 9, 10 ]
    }, {
      "vertices" : [ 5, 10, 8 ]
    }, {
      "vertices" : [ 5, 8, 6 ]
    }, {
      "vertices" : [ 2, 7, 5 ]
    }, {
      "vertices" : [ 2, 5, 6 ]
    }, {
      "vertices" : [ 2, 6, 3 ]
    }, {
      "vertices" : [ 11, 14, 16 ]
    }, {
      "vertices" : [ 11, 16, 18 ]
    }, {
      "vertices" : [ 11, 18, 12 ]
    }, {
      "vertices" : [ 1, 13, 17 ]
    }, {
      "vertices" : [ 1, 17, 7 ]
    }, {
      "vertices" : [ 1, 7, 2 ]
    }, {
      "vertices" : [ 9, 20, 18 ]
    }, {
      "vertices" : [ 9, 18, 16 ]
    }, {
      "vertices" : [ 9, 16, 10 ]
    }, {
      "vertices" : [ 0, 1, 2 ]
    }, {
      "vertices" : [ 0, 2, 3 ]
    }, {
      "vertices" : [ 0, 3, 4 ]
    }, {
      "vertices" : [ 5, 7, 17 ]
    }, {
      "vertices" : [ 5, 17, 20 ]
    }, {
      "vertices" : [ 5, 20, 9 ]
    }, {
      "vertices" : [ 0, 4, 15 ]
    }, {
      "vertices" : [ 0, 15, 14 ]
    }, {
      "vertices" : [ 0, 14, 11 ]
    }, {
      "vertices" : [ 8, 10, 16 ]
    }, {
      "vertices" : [ 8, 16, 14 ]
    }, {
      "vertices" : [ 8, 14, 15 ]
    } ]
  }, {
    "id" : "7803c495-bce0-47a2-8332-8e182a930b2e",
    "vertices" : [ {
      "x" : -2.618034,
      "y" : 1.618034,
      "z" : 13.708204
    }, {
      "x" : 6.854102,
      "y" : -5.236068,
      "z" : 11.09017
    }, {
      "x" : -4.236068,
      "y" : -9.472136,
      "z" : 9.472136
    } ],
    "faces" : [ {
      "vertices" : [ 0, 1, 2 ]
    }, {
      "vertices" : [ 0, 2, 1 ]
    } ]
  }, {
    "id" : "6147e514-6544-49ba-be67-bcc283e3a669",
    "vertices" : [ {
      "x" : 5.236068,
      "y" : 11.09017,
      "z" : -6.854102
    }, {
      "x" : 9.472136,
      "y" : 9.472136,
      "z" : 4.236068
    }, {
      "x" : -1.618034,
      "y" : 13.708204,
      "z" : 2.618034
    } ],
    "faces" : [ {
      "vertices" : [ 0, 1, 2 ]
    }, {
      "vertices" : [ 0, 2, 1 ]
    } ]
  }, {
    "id" : "d31a14df-eea1-4555-8a5d-59727ee5eb60",
    "vertices" : [ {
      "x" : 1.618034,
      "y" : 13.708204,
      "z" : -2.618034
    }, {
      "x" : 11.09017,
      "y" : 6.854102,
      "z" : -5.236068
    }, {
      "x" : 13.708204,
      "y" : -2.618034,
      "z" : 1.618034
    }, {
      "x" : 6.854102,
      "y" : -5.236068,
      "z" : 11.09017
    }, {
      "x" : -2.618034,
      "y" : 1.618034,
      "z" : 13.708204
    }, {
      "x" : -5.236068,
      "y" : 11.09017,
      "z" : 6.854102
    } ],
    "faces" : [ {
      "vertices" : [ 0, 1, 2 ]
    }, {
      "vertices" : [ 0, 2, 3 ]
    }, {
      "vertices" : [ 0, 3, 4 ]
    }, {
      "vertices" : [ 0, 4, 5 ]
    }, {
      "vertices" : [ 0, 5, 4 ]
    }, {
      "vertices" : [ 0, 4, 3 ]
    }, {
      "vertices" : [ 0, 3, 2 ]
    }, {
      "vertices" : [ 0, 2, 1 ]
    } ]
  }, {
    "id" : "f7bd3175-7c3e-4f1d-9651-2e4dbf1a3c53",
    "vertices" : [ {
      "x" : 11.09017,
      "y" : 1.618034,
      "z" : -8.472136
    }, {
      "x" : 9.472136,
      "y" : -9.472136,
      "z" : -4.236068
    }, {
      "x" : 5.236068,
      "y" : -11.09017,
      "z" : 6.854102
    }, {
      "x" : 2.618034,
      "y" : -1.618034,
      "z" : 13.708204
    }, {
      "x" : 4.236068,
      "y" : 9.472136,
      "z" : 9.472136
    }, {
      "x" : 8.472136,
      "y" : 11.09017,
      "z" : -1.618034
    } ],
    "faces" : [ {
      "vertices" : [ 0, 1, 2 ]
    }, {
      "vertices" : [ 0, 2, 3 ]
    }, {
      "vertices" : [ 0, 3, 4 ]
    }, {
      "vertices" : [ 0, 4, 5 ]
    }, {
      "vertices" : [ 0, 5, 4 ]
    }, {
      "vertices" : [ 0, 4, 3 ]
    }, {
      "vertices" : [ 0, 3, 2 ]
    }, {
      "vertices" : [ 0, 2, 1 ]
    } ]
  }, {
    "id" : "d0142ad3-a3d3-4387-b50e-4fdda05698e7",
    "vertices" : [ {
      "x" : 6.854102,
      "y" : 5.236068,
      "z" : -11.09017
    }, {
      "x" : -4.236068,
      "y" : 9.472136,
      "z" : -9.472136
    }, {
      "x" : -2.618034,
      "y" : -1.618034,
      "z" : -13.708204
    } ],
    "faces" : [ {
      "vertices" : [ 0, 1, 2 ]
    }, {
      "vertices" : [ 0, 2, 1 ]
    } ]
  }, {
    "id" : "874e8668-274f-4a5a-b921-76bcfc7d517b",
    "vertices" : [ {
      "x" : 1.618034,
      "y" : 13.708204,
      "z" : -2.618034
    }, {
      "x" : -5.236068,
      "y" : 11.09017,
      "z" : 6.854102
    }, {
      "x" : -9.472136,
      "y" : 9.472136,
      "z" : -4.236068
    } ],
    "faces" : [ {
      "vertices" : [ 0, 1, 2 ]
    }, {
      "vertices" : [ 0, 2, 1 ]
    } ]
  }, {
    "id" : "1fccb754-05f4-433a-b97d-23f1adfc22be",
    "vertices" : [ {
      "x" : -1.618034,
      "y" : -8.472136,
      "z" : -11.09017
    }, {
      "x" : 9.472136,
      "y" : -4.236068,
      "z" : -9.472136
    }, {
      "x" : 11.09017,
      "y" : 6.854102,
      "z" : -5.236068
    }, {
      "x" : 1.618034,
      "y" : 13.708204,
      "z" : -2.618034
    }, {
      "x" : -9.472136,
      "y" : 9.472136,
      "z" : -4.236068
    }, {
      "x" : -11.09017,
      "y" : -1.618034,
      "z" : -8.472136
    } ],
    "faces" : [ {
      "vertices" : [ 0, 1, 2 ]
    }, {
      "vertices" : [ 0, 2, 3 ]
    }, {
      "vertices" : [ 0, 3, 4 ]
    }, {
      "vertices" : [ 0, 4, 5 ]
    }, {
      "vertices" : [ 0, 5, 4 ]
    }, {
      "vertices" : [ 0, 4, 3 ]
    }, {
      "vertices" : [ 0, 3, 2 ]
    }, {
      "vertices" : [ 0, 2, 1 ]
    } ]
  }, {
    "id" : "fbc10acf-76a9-4910-93cf-ae4f359782c3",
    "vertices" : [ {
      "x" : -4.236068,
      "y" : 9.472136,
      "z" : -9.472136
    }, {
      "x" : -8.472136,
      "y" : 11.09017,
      "z" : 1.618034
    }, {
      "x" : -11.09017,
      "y" : 1.618034,
      "z" : 8.472136
    }, {
      "x" : -9.472136,
      "y" : -9.472136,
      "z" : 4.236068
    }, {
      "x" : -5.236068,
      "y" : -11.09017,
      "z" : -6.854102
    }, {
      "x" : -2.618034,
      "y" : -1.618034,
      "z" : -13.708204
    } ],
    "faces" : [ {
      "vertices" : [ 0, 1, 2 ]
    }, {
      "vertices" : [ 0, 2, 3 ]
    }, {
      "vertices" : [ 0, 3, 4 ]
    }, {
      "vertices" : [ 0, 4, 5 ]
    }, {
      "vertices" : [ 0, 5, 4 ]
    }, {
      "vertices" : [ 0, 4, 3 ]
    }, {
      "vertices" : [ 0, 3, 2 ]
    }, {
      "vertices" : [ 0, 2, 1 ]
    } ]
  }, {
    "id" : "417c7f16-1394-4ecf-a617-dcf7f2b7b160",
    "vertices" : [ {
      "x" : 9.472136,
      "y" : 9.472136,
      "z" : 4.236068
    }, {
      "x" : 11.09017,
      "y" : -1.618034,
      "z" : 8.472136
    }, {
      "x" : 1.618034,
      "y" : -8.472136,
      "z" : 11.09017
    }, {
      "x" : -9.472136,
      "y" : -4.236068,
      "z" : 9.472136
    }, {
      "x" : -11.09017,
      "y" : 6.854102,
      "z" : 5.236068
    }, {
      "x" : -1.618034,
      "y" : 13.708204,
      "z" : 2.618034
    } ],
    "faces" : [ {
      "vertices" : [ 0, 1, 2 ]
    }, {
      "vertices" : [ 0, 2, 3 ]
    }, {
      "vertices" : [ 0, 3, 4 ]
    }, {
      "vertices" : [ 0, 4, 5 ]
    }, {
      "vertices" : [ 0, 5, 4 ]
    }, {
      "vertices" : [ 0, 4, 3 ]
    }, {
      "vertices" : [ 0, 3, 2 ]
    }, {
      "vertices" : [ 0, 2, 1 ]
    } ]
  }, {
    "id" : "de71489a-d807-46b5-aed2-0fc76a2a5a8f",
    "vertices" : [ {
      "x" : 9.472136,
      "y" : -9.472136,
      "z" : -4.236068
    }, {
      "x" : 11.09017,
      "y" : 1.618034,
      "z" : -8.472136
    }, {
      "x" : 1.618034,
      "y" : 8.472136,
      "z" : -11.09017
    }, {
      "x" : -9.472136,
      "y" : 4.236068,
      "z" : -9.472136
    }, {
      "x" : -11.09017,
      "y" : -6.854102,
      "z" : -5.236068
    }, {
      "x" : -1.618034,
      "y" : -13.708204,
      "z" : -2.618034
    } ],
    "faces" : [ {
      "vertices" : [ 0, 1, 2 ]
    }, {
      "vertices" : [ 0, 2, 3 ]
    }, {
      "vertices" : [ 0, 3, 4 ]
    }, {
      "vertices" : [ 0, 4, 5 ]
    }, {
      "vertices" : [ 0, 5, 4 ]
    }, {
      "vertices" : [ 0, 4, 3 ]
    }, {
      "vertices" : [ 0, 3, 2 ]
    }, {
      "vertices" : [ 0, 2, 1 ]
    } ]
  }, {
    "id" : "a33cf663-057c-42fa-a783-a421a059e2b2",
    "vertices" : [ {
      "x" : -4.236068,
      "y" : 4.236068,
      "z" : -12.708204
    }, {
      "x" : -4.236068,
      "y" : 12.708204,
      "z" : -4.236068
    }, {
      "x" : -12.708204,
      "y" : 4.236068,
      "z" : -4.236068
    } ],
    "faces" : [ {
      "vertices" : [ 0, 1, 2 ]
    }, {
      "vertices" : [ 0, 2, 1 ]
    } ]
  }, {
    "id" : "b40e8cfd-f57c-4321-8bef-8cf9b8e2d4f1",
    "vertices" : [ {
      "x" : 4.236068,
      "y" : -12.708204,
      "z" : -4.236068
    }, {
      "x" : -4.236068,
      "y" : -12.708204,
      "z" : 4.236068
    }, {
      "x" : -4.236068,
      "y" : -4.236068,
      "z" : 12.708204
    }, {
      "x" : 4.236068,
      "y" : 4.236068,
      "z" : 12.708204
    }, {
      "x" : 12.708204,
      "y" : 4.236068,
      "z" : 4.236068
    }, {
      "x" : 12.708204,
      "y" : -4.236068,
      "z" : -4.236068
    } ],
    "faces" : [ {
      "vertices" : [ 0, 1, 2 ]
    }, {
      "vertices" : [ 0, 2, 3 ]
    }, {
      "vertices" : [ 0, 3, 4 ]
    }, {
      "vertices" : [ 0, 4, 5 ]
    }, {
      "vertices" : [ 0, 5, 4 ]
    }, {
      "vertices" : [ 0, 4, 3 ]
    }, {
      "vertices" : [ 0, 3, 2 ]
    }, {
      "vertices" : [ 0, 2, 1 ]
    } ]
  }, {
    "id" : "1fdf201b-c0dd-4556-a495-a37d5db84063",
    "vertices" : [ {
      "x" : -8.472136,
      "y" : -11.09017,
      "z" : -1.618034
    }, {
      "x" : -1.618034,
      "y" : -8.472136,
      "z" : -11.09017
    }, {
      "x" : -11.09017,
      "y" : -1.618034,
      "z" : -8.472136
    } ],
    "faces" : [ {
      "vertices" : [ 0, 1, 2 ]
    }, {
      "vertices" : [ 0, 2, 1 ]
    } ]
  }, {
    "id" : "ea58dd67-7df3-4890-8d6d-4cc35881413c",
    "vertices" : [ {
      "x" : -13.708204,
      "y" : 2.618034,
      "z" : 1.618034
    }, {
      "x" : -6.854102,
      "y" : 5.236068,
      "z" : 11.09017
    }, {
      "x" : 2.618034,
      "y" : -1.618034,
      "z" : 13.708204
    }, {
      "x" : 5.236068,
      "y" : -11.09017,
      "z" : 6.854102
    }, {
      "x" : -1.618034,
      "y" : -13.708204,
      "z" : -2.618034
    }, {
      "x" : -11.09017,
      "y" : -6.854102,
      "z" : -5.236068
    } ],
    "faces" : [ {
      "vertices" : [ 0, 1, 2 ]
    }, {
      "vertices" : [ 0, 2, 3 ]
    }, {
      "vertices" : [ 0, 3, 4 ]
    }, {
      "vertices" : [ 0, 4, 5 ]
    }, {
      "vertices" : [ 0, 5, 4 ]
    }, {
      "vertices" : [ 0, 4, 3 ]
    }, {
      "vertices" : [ 0, 3, 2 ]
    }, {
      "vertices" : [ 0, 2, 1 ]
    } ]
  }, {
    "id" : "e79cf5fe-bf32-43c0-8c9a-44d9f890fc6d",
    "vertices" : [ {
      "x" : 11.09017,
      "y" : 1.618034,
      "z" : -8.472136
    }, {
      "x" : 8.472136,
      "y" : 11.09017,
      "z" : -1.618034
    }, {
      "x" : 1.618034,
      "y" : 8.472136,
      "z" : -11.09017
    } ],
    "faces" : [ {
      "vertices" : [ 0, 1, 2 ]
    }, {
      "vertices" : [ 0, 2, 1 ]
    } ]
  }, {
    "id" : "583dde0c-3cda-4152-bd82-ef64c19b7aca",
    "vertices" : [ {
      "x" : -8.472136,
      "y" : 11.09017,
      "z" : 1.618034
    }, {
      "x" : -1.618034,
      "y" : 8.472136,
      "z" : 11.09017
    }, {
      "x" : -11.09017,
      "y" : 1.618034,
      "z" : 8.472136
    } ],
    "faces" : [ {
      "vertices" : [ 0, 1, 2 ]
    }, {
      "vertices" : [ 0, 2, 1 ]
    } ]
  }, {
    "id" : "da760b47-03ba-4c65-9d65-4ef2f7303313",
    "vertices" : [ {
      "x" : 4.236068,
      "y" : 9.472136,
      "z" : 9.472136
    }, {
      "x" : 2.618034,
      "y" : -1.618034,
      "z" : 13.708204
    }, {
      "x" : -6.854102,
      "y" : 5.236068,
      "z" : 11.09017
    } ],
    "faces" : [ {
      "vertices" : [ 0, 1, 2 ]
    }, {
      "vertices" : [ 0, 2, 1 ]
    } ]
  }, {
    "id" : "e0405772-321e-46ef-90c6-38477e1b7566",
    "vertices" : [ {
      "x" : -8.472136,
      "y" : 11.09017,
      "z" : 1.618034
    }, {
      "x" : -4.236068,
      "y" : 9.472136,
      "z" : -9.472136
    }, {
      "x" : 6.854102,
      "y" : 5.236068,
      "z" : -11.09017
    }, {
      "x" : 13.708204,
      "y" : 2.618034,
      "z" : -1.618034
    }, {
      "x" : 9.472136,
      "y" : 4.236068,
      "z" : 9.472136
    }, {
      "x" : -1.618034,
      "y" : 8.472136,
      "z" : 11.09017
    } ],
    "faces" : [ {
      "vertices" : [ 0, 1, 2 ]
    }, {
      "vertices" : [ 0, 2, 3 ]
    }, {
      "vertices" : [ 0, 3, 4 ]
    }, {
      "vertices" : [ 0, 4, 5 ]
    }, {
      "vertices" : [ 0, 5, 4 ]
    }, {
      "vertices" : [ 0, 4, 3 ]
    }, {
      "vertices" : [ 0, 3, 2 ]
    }, {
      "vertices" : [ 0, 2, 1 ]
    } ]
  }, {
    "id" : "ed759a8b-da9e-4d54-8d6b-0f22d3860365",
    "vertices" : [ {
      "x" : -9.472136,
      "y" : 4.236068,
      "z" : -9.472136
    }, {
      "x" : -13.708204,
      "y" : 2.618034,
      "z" : 1.618034
    }, {
      "x" : -11.09017,
      "y" : -6.854102,
      "z" : -5.236068
    } ],
    "faces" : [ {
      "vertices" : [ 0, 1, 2 ]
    }, {
      "vertices" : [ 0, 2, 1 ]
    } ]
  }, {
    "id" : "a09a7862-6599-4145-bf7e-ec42ba8f6136",
    "vertices" : [ {
      "x" : -9.472136,
      "y" : -9.472136,
      "z" : 4.236068
    }, {
      "x" : 1.618034,
      "y" : -13.708204,
      "z" : 2.618034
    }, {
      "x" : -5.236068,
      "y" : -11.09017,
      "z" : -6.854102
    } ],
    "faces" : [ {
      "vertices" : [ 0, 1, 2 ]
    }, {
      "vertices" : [ 0, 2, 1 ]
    } ]
  }, {
    "id" : "39ce5f9b-412c-4968-8a02-f307889c3ba0",
    "vertices" : [ {
      "x" : -11.09017,
      "y" : -1.618034,
      "z" : -8.472136
    }, {
      "x" : -9.472136,
      "y" : 9.472136,
      "z" : -4.236068
    }, {
      "x" : -5.236068,
      "y" : 11.09017,
      "z" : 6.854102
    }, {
      "x" : -2.618034,
      "y" : 1.618034,
      "z" : 13.708204
    }, {
      "x" : -4.236068,
      "y" : -9.472136,
      "z" : 9.472136
    }, {
      "x" : -8.472136,
      "y" : -11.09017,
      "z" : -1.618034
    } ],
    "faces" : [ {
      "vertices" : [ 0, 1, 2 ]
    }, {
      "vertices" : [ 0, 2, 3 ]
    }, {
      "vertices" : [ 0, 3, 4 ]
    }, {
      "vertices" : [ 0, 4, 5 ]
    }, {
      "vertices" : [ 0, 5, 4 ]
    }, {
      "vertices" : [ 0, 4, 3 ]
    }, {
      "vertices" : [ 0, 3, 2 ]
    }, {
      "vertices" : [ 0, 2, 1 ]
    } ]
  }, {
    "id" : "df84d70e-e9ac-4541-b731-1c2f20c91cfc",
    "vertices" : [ {
      "x" : 1.618034,
      "y" : -13.708204,
      "z" : 2.618034
    }, {
      "x" : 11.09017,
      "y" : -6.854102,
      "z" : 5.236068
    }, {
      "x" : 13.708204,
      "y" : 2.618034,
      "z" : -1.618034
    }, {
      "x" : 6.854102,
      "y" : 5.236068,
      "z" : -11.09017
    }, {
      "x" : -2.618034,
      "y" : -1.618034,
      "z" : -13.708204
    }, {
      "x" : -5.236068,
      "y" : -11.09017,
      "z" : -6.854102
    } ],
    "faces" : [ {
      "vertices" : [ 0, 1, 2 ]
    }, {
      "vertices" : [ 0, 2, 3 ]
    }, {
      "vertices" : [ 0, 3, 4 ]
    }, {
      "vertices" : [ 0, 4, 5 ]
    }, {
      "vertices" : [ 0, 5, 4 ]
    }, {
      "vertices" : [ 0, 4, 3 ]
    }, {
      "vertices" : [ 0, 3, 2 ]
    }, {
      "vertices" : [ 0, 2, 1 ]
    } ]
  }, {
    "id" : "bf189a5f-d72b-4ea3-95fa-9cbd4b489c40",
    "vertices" : [ {
      "x" : 13.708204,
      "y" : 2.618034,
      "z" : -1.618034
    }, {
      "x" : 11.09017,
      "y" : -6.854102,
      "z" : 5.236068
    }, {
      "x" : 9.472136,
      "y" : 4.236068,
      "z" : 9.472136
    } ],
    "faces" : [ {
      "vertices" : [ 0, 1, 2 ]
    }, {
      "vertices" : [ 0, 2, 1 ]
    } ]
  }, {
    "id" : "c19bd123-6a69-4b5d-94c9-c35f6062203b",
    "vertices" : [ {
      "x" : 13.708204,
      "y" : -2.618034,
      "z" : 1.618034
    }, {
      "x" : 11.09017,
      "y" : 6.854102,
      "z" : -5.236068
    }, {
      "x" : 9.472136,
      "y" : -4.236068,
      "z" : -9.472136
    } ],
    "faces" : [ {
      "vertices" : [ 0, 1, 2 ]
    }, {
      "vertices" : [ 0, 2, 1 ]
    } ]
  }, {
    "id" : "577f7804-9a57-4c3a-bde7-31e7ab9f5940",
    "vertices" : [ {
      "x" : 1.618034,
      "y" : -8.472136,
      "z" : 11.09017
    }, {
      "x" : 11.09017,
      "y" : -1.618034,
      "z" : 8.472136
    }, {
      "x" : 8.472136,
      "y" : -11.09017,
      "z" : 1.618034
    } ],
    "faces" : [ {
      "vertices" : [ 0, 1, 2 ]
    }, {
      "vertices" : [ 0, 2, 1 ]
    } ]
  }, {
    "id" : "71dd47df-3423-4a86-94f2-4af807318378",
    "vertices" : [ {
      "x" : 4.236068,
      "y" : 12.708204,
      "z" : 4.236068
    }, {
      "x" : 12.708204,
      "y" : 4.236068,
      "z" : 4.236068
    }, {
      "x" : 4.236068,
      "y" : 4.236068,
      "z" : 12.708204
    } ],
    "faces" : [ {
      "vertices" : [ 0, 1, 2 ]
    }, {
      "vertices" : [ 0, 2, 1 ]
    } ]
  }, {
    "id" : "d26d442a-9104-4c37-9505-358b8ac513de",
    "vertices" : [ {
      "x" : 2.618034,
      "y" : 1.618034,
      "z" : -13.708204
    }, {
      "x" : 5.236068,
      "y" : 11.09017,
      "z" : -6.854102
    }, {
      "x" : -1.618034,
      "y" : 13.708204,
      "z" : 2.618034
    }, {
      "x" : -11.09017,
      "y" : 6.854102,
      "z" : 5.236068
    }, {
      "x" : -13.708204,
      "y" : -2.618034,
      "z" : -1.618034
    }, {
      "x" : -6.854102,
      "y" : -5.236068,
      "z" : -11.09017
    } ],
    "faces" : [ {
      "vertices" : [ 0, 1, 2 ]
    }, {
      "vertices" : [ 0, 2, 3 ]
    }, {
      "vertices" : [ 0, 3, 4 ]
    }, {
      "vertices" : [ 0, 4, 5 ]
    }, {
      "vertices" : [ 0, 5, 4 ]
    }, {
      "vertices" : [ 0, 4, 3 ]
    }, {
      "vertices" : [ 0, 3, 2 ]
    }, {
      "vertices" : [ 0, 2, 1 ]
    } ]
  }, {
    "id" : "907d1b35-c277-4601-a92b-d77fbd674176",
    "vertices" : [ {
      "x" : -9.472136,
      "y" : 4.236068,
      "z" : -9.472136
    }, {
      "x" : 1.618034,
      "y" : 8.472136,
      "z" : -11.09017
    }, {
      "x" : 8.472136,
      "y" : 11.09017,
      "z" : -1.618034
    }, {
      "x" : 4.236068,
      "y" : 9.472136,
      "z" : 9.472136
    }, {
      "x" : -6.854102,
      "y" : 5.236068,
      "z" : 11.09017
    }, {
      "x" : -13.708204,
      "y" : 2.618034,
      "z" : 1.618034
    } ],
    "faces" : [ {
      "vertices" : [ 0, 1, 2 ]
    }, {
      "vertices" : [ 0, 2, 3 ]
    }, {
      "vertices" : [ 0, 3, 4 ]
    }, {
      "vertices" : [ 0, 4, 5 ]
    }, {
      "vertices" : [ 0, 5, 4 ]
    }, {
      "vertices" : [ 0, 4, 3 ]
    }, {
      "vertices" : [ 0, 3, 2 ]
    }, {
      "vertices" : [ 0, 2, 1 ]
    } ]
  }, {
    "id" : "5ef21dce-efee-4388-bb95-c80c90132fe0",
    "vertices" : [ {
      "x" : 5.236068,
      "y" : -11.09017,
      "z" : 6.854102
    }, {
      "x" : 9.472136,
      "y" : -9.472136,
      "z" : -4.236068
    }, {
      "x" : -1.618034,
      "y" : -13.708204,
      "z" : -2.618034
    } ],
    "faces" : [ {
      "vertices" : [ 0, 1, 2 ]
    }, {
      "vertices" : [ 0, 2, 1 ]
    } ]
  }, {
    "id" : "1e440136-f9db-470c-b972-55f11ef02071",
    "vertices" : [ {
      "x" : 4.236068,
      "y" : -9.472136,
      "z" : -9.472136
    }, {
      "x" : 8.472136,
      "y" : -11.09017,
      "z" : 1.618034
    }, {
      "x" : 11.09017,
      "y" : -1.618034,
      "z" : 8.472136
    }, {
      "x" : 9.472136,
      "y" : 9.472136,
      "z" : 4.236068
    }, {
      "x" : 5.236068,
      "y" : 11.09017,
      "z" : -6.854102
    }, {
      "x" : 2.618034,
      "y" : 1.618034,
      "z" : -13.708204
    } ],
    "faces" : [ {
      "vertices" : [ 0, 1, 2 ]
    }, {
      "vertices" : [ 0, 2, 3 ]
    }, {
      "vertices" : [ 0, 3, 4 ]
    }, {
      "vertices" : [ 0, 4, 5 ]
    }, {
      "vertices" : [ 0, 5, 4 ]
    }, {
      "vertices" : [ 0, 4, 3 ]
    }, {
      "vertices" : [ 0, 3, 2 ]
    }, {
      "vertices" : [ 0, 2, 1 ]
    } ]
  }, {
    "id" : "fe9fc487-587e-461e-8535-c4c691e91cca",
    "vertices" : [ {
      "x" : -8.472136,
      "y" : -11.09017,
      "z" : -1.618034
    }, {
      "x" : -4.236068,
      "y" : -9.472136,
      "z" : 9.472136
    }, {
      "x" : 6.854102,
      "y" : -5.236068,
      "z" : 11.09017
    }, {
      "x" : 13.708204,
      "y" : -2.618034,
      "z" : 1.618034
    }, {
      "x" : 9.472136,
      "y" : -4.236068,
      "z" : -9.472136
    }, {
      "x" : -1.618034,
      "y" : -8.472136,
      "z" : -11.09017
    } ],
    "faces" : [ {
      "vertices" : [ 0, 1, 2 ]
    }, {
      "vertices" : [ 0, 2, 3 ]
    }, {
      "vertices" : [ 0, 3, 4 ]
    }, {
      "vertices" : [ 0, 4, 5 ]
    }, {
      "vertices" : [ 0, 5, 4 ]
    }, {
      "vertices" : [ 0, 4, 3 ]
    }, {
      "vertices" : [ 0, 3, 2 ]
    }, {
      "vertices" : [ 0, 2, 1 ]
    } ]
  }, {
    "id" : "34cbe307-8059-47b1-b716-46ee66ab891d",
    "vertices" : [ {
      "x" : -11.09017,
      "y" : 6.854102,
      "z" : 5.236068
    }, {
      "x" : -9.472136,
      "y" : -4.236068,
      "z" : 9.472136
    }, {
      "x" : -13.708204,
      "y" : -2.618034,
      "z" : -1.618034
    } ],
    "faces" : [ {
      "vertices" : [ 0, 1, 2 ]
    }, {
      "vertices" : [ 0, 2, 1 ]
    } ]
  }, {
    "id" : "ca3c27fc-0828-4622-bcbf-897346b3fc77",
    "vertices" : [ {
      "x" : -4.236068,
      "y" : -12.708204,
      "z" : 4.236068
    }, {
      "x" : 4.236068,
      "y" : -12.708204,
      "z" : -4.236068
    }, {
      "x" : 4.236068,
      "y" : -4.236068,
      "z" : -12.708204
    }, {
      "x" : -4.236068,
      "y" : 4.236068,
      "z" : -12.708204
    }, {
      "x" : -12.708204,
      "y" : 4.236068,
      "z" : -4.236068
    }, {
      "x" : -12.708204,
      "y" : -4.236068,
      "z" : 4.236068
    } ],
    "faces" : [ {
      "vertices" : [ 0, 1, 2 ]
    }, {
      "vertices" : [ 0, 2, 3 ]
    }, {
      "vertices" : [ 0, 3, 4 ]
    }, {
      "vertices" : [ 0, 4, 5 ]
    }, {
      "vertices" : [ 0, 5, 4 ]
    }, {
      "vertices" : [ 0, 4, 3 ]
    }, {
      "vertices" : [ 0, 3, 2 ]
    }, {
      "vertices" : [ 0, 2, 1 ]
    } ]
  }, {
    "id" : "2fefab89-4ebe-4173-bf9b-e097653a28a6",
    "vertices" : [ {
      "x" : -1.618034,
      "y" : 8.472136,
      "z" : 11.09017
    }, {
      "x" : 9.472136,
      "y" : 4.236068,
      "z" : 9.472136
    }, {
      "x" : 11.09017,
      "y" : -6.854102,
      "z" : 5.236068
    }, {
      "x" : 1.618034,
      "y" : -13.708204,
      "z" : 2.618034
    }, {
      "x" : -9.472136,
      "y" : -9.472136,
      "z" : 4.236068
    }, {
      "x" : -11.09017,
      "y" : 1.618034,
      "z" : 8.472136
    } ],
    "faces" : [ {
      "vertices" : [ 0, 1, 2 ]
    }, {
      "vertices" : [ 0, 2, 3 ]
    }, {
      "vertices" : [ 0, 3, 4 ]
    }, {
      "vertices" : [ 0, 4, 5 ]
    }, {
      "vertices" : [ 0, 5, 4 ]
    }, {
      "vertices" : [ 0, 4, 3 ]
    }, {
      "vertices" : [ 0, 3, 2 ]
    }, {
      "vertices" : [ 0, 2, 1 ]
    } ]
  }, {
    "id" : "46230868-0f45-43cb-8610-058f3a7768f8",
    "vertices" : [ {
      "x" : -12.708204,
      "y" : -4.236068,
      "z" : 4.236068
    }, {
      "x" : -4.236068,
      "y" : -4.236068,
      "z" : 12.708204
    }, {
      "x" : -4.236068,
      "y" : -12.708204,
      "z" : 4.236068
    } ],
    "faces" : [ {
      "vertices" : [ 0, 1, 2 ]
    }, {
      "vertices" : [ 0, 2, 1 ]
    } ]
  }, {
    "id" : "ce3478a0-2783-4cdc-a735-b8950150dd84",
    "vertices" : [ {
      "x" : 4.236068,
      "y" : -12.708204,
      "z" : -4.236068
    }, {
      "x" : 12.708204,
      "y" : -4.236068,
      "z" : -4.236068
    }, {
      "x" : 4.236068,
      "y" : -4.236068,
      "z" : -12.708204
    } ],
    "faces" : [ {
      "vertices" : [ 0, 1, 2 ]
    }, {
      "vertices" : [ 0, 2, 1 ]
    } ]
  }, {
    "id" : "40643261-419b-4759-a076-88f61ded365c",
    "vertices" : [ {
      "x" : -9.472136,
      "y" : -4.236068,
      "z" : 9.472136
    }, {
      "x" : 1.618034,
      "y" : -8.472136,
      "z" : 11.09017
    }, {
      "x" : 8.472136,
      "y" : -11.09017,
      "z" : 1.618034
    }, {
      "x" : 4.236068,
      "y" : -9.472136,
      "z" : -9.472136
    }, {
      "x" : -6.854102,
      "y" : -5.236068,
      "z" : -11.09017
    }, {
      "x" : -13.708204,
      "y" : -2.618034,
      "z" : -1.618034
    } ],
    "faces" : [ {
      "vertices" : [ 0, 1, 2 ]
    }, {
      "vertices" : [ 0, 2, 3 ]
    }, {
      "vertices" : [ 0, 3, 4 ]
    }, {
      "vertices" : [ 0, 4, 5 ]
    }, {
      "vertices" : [ 0, 5, 4 ]
    }, {
      "vertices" : [ 0, 4, 3 ]
    }, {
      "vertices" : [ 0, 3, 2 ]
    }, {
      "vertices" : [ 0, 2, 1 ]
    } ]
  }, {
    "id" : "791a1379-3f31-419d-aea8-1993b4583b4d",
    "vertices" : [ {
      "x" : 4.236068,
      "y" : 12.708204,
      "z" : 4.236068
    }, {
      "x" : -4.236068,
      "y" : 12.708204,
      "z" : -4.236068
    }, {
      "x" : -4.236068,
      "y" : 4.236068,
      "z" : -12.708204
    }, {
      "x" : 4.236068,
      "y" : -4.236068,
      "z" : -12.708204
    }, {
      "x" : 12.708204,
      "y" : -4.236068,
      "z" : -4.236068
    }, {
      "x" : 12.708204,
      "y" : 4.236068,
      "z" : 4.236068
    } ],
    "faces" : [ {
      "vertices" : [ 0, 1, 2 ]
    }, {
      "vertices" : [ 0, 2, 3 ]
    }, {
      "vertices" : [ 0, 3, 4 ]
    }, {
      "vertices" : [ 0, 4, 5 ]
    }, {
      "vertices" : [ 0, 5, 4 ]
    }, {
      "vertices" : [ 0, 4, 3 ]
    }, {
      "vertices" : [ 0, 3, 2 ]
    }, {
      "vertices" : [ 0, 2, 1 ]
    } ]
  } ],
  "instances" : [ {
    "shape" : "9d409031-36c3-493d-a2b8-5acab08ba07a",
    "color" : "#008D36",
    "position" : {
      "x" : 12.708204,
      "y" : -4.236068,
      "z" : -4.236068
    },
    "orientation" : 7
  }, {
    "shape" : "42fc657f-aa4e-433e-a898-5a1222bb7a7a",
    "color" : "#FF6666",
    "position" : {
      "x" : 0.0,
      "y" : 0.0,
      "z" : 0.0
    }
  }, {
    "shape" : "9d409031-36c3-493d-a2b8-5acab08ba07a",
    "color" : "#008D36",
    "position" : {
      "x" : -8.472136,
      "y" : -11.09017,
      "z" : -1.618034
    },
    "orientation" : 55
  }, {
    "shape" : "916dd1d8-520a-46f5-96c3-a11d10f78ea6",
    "color" : "#FFFF66",
    "position" : {
      "x" : 0.0,
      "y" : 0.0,
      "z" : 0.0
    }
  }, {
    "shape" : "c84e7fed-4e9e-4029-a732-85d29f35c646",
    "color" : "#FFFFFF",
    "position" : {
      "x" : -6.854102,
      "y" : -5.236068,
      "z" : -11.09017
    }
  }, {
    "shape" : "9d409031-36c3-493d-a2b8-5acab08ba07a",
    "color" : "#008D36",
    "position" : {
      "x" : 9.472136,
      "y" : -9.472136,
      "z" : -4.236068
    },
    "orientation" : 46
  }, {
    "shape" : "9d409031-36c3-493d-a2b8-5acab08ba07a",
    "color" : "#008D36",
    "position" : {
      "x" : 9.472136,
      "y" : -9.472136,
      "z" : -4.236068
    },
    "orientation" : 44
  }, {
    "shape" : "9d409031-36c3-493d-a2b8-5acab08ba07a",
    "color" : "#008D36",
    "position" : {
      "x" : 11.09017,
      "y" : 1.618034,
      "z" : -8.472136
    },
    "orientation" : 54
  }, {
    "shape" : "7803c495-bce0-47a2-8332-8e182a930b2e",
    "color" : "#6699FF",
    "position" : {
      "x" : 0.0,
      "y" : 0.0,
      "z" : 0.0
    }
  }, {
    "shape" : "9d409031-36c3-493d-a2b8-5acab08ba07a",
    "color" : "#008D36",
    "position" : {
      "x" : -4.236068,
      "y" : 4.236068,
      "z" : -12.708204
    },
    "orientation" : 38
  }, {
