{
  "field" : "golden",
  "symmetry" : "icosahedral",
  "orientations" : [ [ 1.0, 0.0, 0.0, 0.0, 0.0, 1.0, 0.0, 0.0, 0.0, 0.0, 1.0, 0.0, 0.0, 0.0, 0.0, 1.0 ], [ 0.0, 0.0, 1.0, 0.0, 1.0, 0.0, 0.0, 0.0, 0.0, 1.0, 0.0, 0.0, 0.0, 0.0, 0.0, 1.0 ], [ 0.0, 1.0, 0.0, 0.0, 0.0, 0.0, 1.0, 0.0, 1.0, 0.0, 0.0, 0.0, 0.0, 0.0, 0.0, 1.0 ], [ 0.809017, 0.309017, 0.5, 0.0, 0.309017, 0.5, -0.809017, 0.0, -0.5, 0.809017, 0.309017, 0.0, 0.0, 0.0, 0.0, 1.0 ], [ -0.5, 0.809017, 0.309017, 0.0, 0.809017, 0.309017, 0.5, 0.0, 0.309017, 0.5, -0.809017, 0.0, 0.0, 0.0, 0.0, 1.0 ], [ 0.309017, 0.5, -0.809017, 0.0, -0.5, 0.809017, 0.309017, 0.0, 0.809017, 0.309017, 0.5, 0.0, 0.0, 0.0, 0.0, 1.0 ], [ 0.5, 0.809017, 0.309017, 0.0, 0.809017, -0.309017, -0.5, 0.0, -0.309017, 0.5, -0.809017, 0.0, 0.0, 0.0, 0.0, 1.0 ], [ -0.309017, 0.5, -0.809017, 0.0, 0.5, 0.809017, 0.309017, 0.0, 0.809017, -0.309017, -0.5, 0.0, 0.0, 0.0, 0.0, 1.0 ], [ 0.809017, -0.309017, -0.5, 0.0, -0.309017, 0.5, -0.809017, 0.0, 0.5, 0.809017, 0.309017, 0.0, 0.0, 0.0, 0.0, 1.0 ], [ 0.5, 0.809017, -0.309017, 0.0, 0.809017, -0.309017, 0.5, 0.0, 0.309017, -0.5, -0.809017, 0.0, 0.0, 0.0, 0.0, 1.0 ], [ 0.309017, -0.5, -0.809017, 0.0, 0.5, 0.809017, -0.309017, 0.0, 0.809017, -0.309017, 0.5, 0.0, 0.0, 0.0, 0.0, 1.0 ], [ 0.809017, -0.309017, 0.5, 0.0, 0.309017, -0.5, -0.809017, 0.0, 0.5, 0.809017, -0.309017, 0.0, 0.0, 0.0, 0.0, 1.0 ], [ 0.809017, 0.309017, -0.5, 0.0, 0.309017, 0.5, 0.809017, 0.0, 0.5, -0.809017, 0.309017, 0.0, 0.0, 0.0, 0.0, 1.0 ], [ 0.5, -0.809017, 0.309017, 0.0, 0.809017, 0.309017, -0.5, 0.0, 0.309017, 0.5, 0.809017, 0.0, 0.0, 0.0, 0.0, 1.0 ], [ 0.309017, 0.5, 0.809017, 0.0, 0.5, -0.809017, 0.309017, 0.0, 0.809017, 0.309017, -0.5, 0.0, 0.0, 0.0, 0.0, 1.0 ], [ 1.0, 0.0, 0.0, 0.0, 0.0, -1.0, 0.0, 0.0, 0.0, 0.0, -1.0, 0.0, 0.0, 0.0, 0.0, 1.0 ], [ 0.0, 0.0, 1.0, 0.0, -1.0, 0.0, 0.0, 0.0, 0.0, -1.0, 0.0, 0.0, 0.0, 0.0, 0.0, 1.0 ], [ 0.0, 1.0, 0.0, 0.0, 0.0, 0.0, -1.0, 0.0, -1.0, 0.0, 0.0, 0.0, 0.0, 0.0, 0.0, 1.0 ], [ 0.809017, 0.309017, 0.5, 0.0, -0.309017, -0.5, 0.809017, 0.0, 0.5, -0.809017, -0.309017, 0.0, 0.0, 0.0, 0.0, 1.0 ], [ -0.5, 0.809017, 0.309017, 0.0, -0.809017, -0.309017, -0.5, 0.0, -0.309017, -0.5, 0.809017, 0.0, 0.0, 0.0, 0.0, 1.0 ], [ 0.309017, 0.5, -0.809017, 0.0, 0.5, -0.809017, -0.309017, 0.0, -0.809017, -0.309017, -0.5, 0.0, 0.0, 0.0, 0.0, 1.0 ], [ 0.5, 0.809017, 0.309017, 0.0, -0.809017, 0.309017, 0.5, 0.0, 0.309017, -0.5, 0.809017, 0.0, 0.0, 0.0, 0.0, 1.0 ], [ -0.309017, 0.5, -0.809017, 0.0, -0.5, -0.809017, -0.309017, 0.0, -0.809017, 0.309017, 0.5, 0.0, 0.0, 0.0, 0.0, 1.0 ], [ 0.809017, -0.309017, -0.5, 0.0, 0.309017, -0.5, 0.809017, 0.0, -0.5, -0.809017, -0.309017, 0.0, 0.0, 0.0, 0.0, 1.0 ], [ 0.5, 0.809017, -0.309017, 0.0, -0.809017, 0.309017, -0.5, 0.0, -0.309017, 0.5, 0.809017, 0.0, 0.0, 0.0, 0.0, 1.0 ], [ 0.309017, -0.5, -0.809017, 0.0, -0.5, -0.809017, 0.309017, 0.0, -0.809017, 0.309017, -0.5, 0.0, 0.0, 0.0, 0.0, 1.0 ], [ 0.809017, -0.309017, 0.5, 0.0, -0.309017, 0.5, 0.809017, 0.0, -0.5, -0.809017, 0.309017, 0.0, 0.0, 0.0, 0.0, 1.0 ], [ 0.809017, 0.309017, -0.5, 0.0, -0.309017, -0.5, -0.809017, 0.0, -0.5, 0.809017, -0.309017, 0.0, 0.0, 0.0, 0.0, 1.0 ], [ 0.5, -0.809017, 0.309017, 0.0, -0.809017, -0.309017, 0.5, 0.0, -0.309017, -0.5, -0.809017, 0.0, 0.0, 0.0, 0.0, 1.0 ], [ 0.309017, 0.5, 0.809017, 0.0, -0.5, 0.809017, -0.309017, 0.0, -0.809017, -0.309017, 0.5, 0.0, 0.0, 0.0, 0.0, 1.0 ], [ -1.0, 0.0, 0.0, 0.0, 0.0, -1.0, 0.0, 0.0, 0.0, 0.0, 1.0, 0.0, 0.0, 0.0, 0.0, 1.0 ], [ 0.0, 0.0, -1.0, 0.0, -1.0, 0.0, 0.0, 0.0, 0.0, 1.0, 0.0, 0.0, 0.0, 0.0, 0.0, 1.0 ], [ 0.0, -1.0, 0.0, 0.0, 0.0, 0.0, -1.0, 0.0, 1.0, 0.0, 0.0, 0.0, 0.0, 0.0, 0.0, 1.0 ], [ -0.809017, -0.309017, -0.5, 0.0, -0.309017, -0.5, 0.809017, 0.0, -0.5, 0.809017, 0.309017, 0.0, 0.0, 0.0, 0.0, 1.0 ], [ 0.5, -0.809017, -0.309017, 0.0, -0.809017, -0.309017, -0.5, 0.0, 0.309017, 0.5, -0.809017, 0.0, 0.0, 0.0, 0.0, 1.0 ], [ -0.309017, -0.5, 0.809017, 0.0, 0.5, -0.809017, -0.309017, 0.0, 0.809017, 0.309017, 0.5, 0.0, 0.0, 0.0, 0.0, 1.0 ], [ -0.5, -0.809017, -0.309017, 0.0, -0.809017, 0.309017, 0.5, 0.0, -0.309017, 0.5, -0.809017, 0.0, 0.0, 0.0, 0.0, 1.0 ], [ 0.309017, -0.5, 0.809017, 0.0, -0.5, -0.809017, -0.309017, 0.0, 0.809017, -0.309017, -0.5, 0.0, 0.0, 0.0, 0.0, 1.0 ], [ -0.809017, 0.309017, 0.5, 0.0, 0.309017, -0.5, 0.809017, 0.0, 0.5, 0.809017, 0.309017, 0.0, 0.0, 0.0, 0.0, 1.0 ], [ -0.5, -0.809017, 0.309017, 0.0, -0.809017, 0.309017, -0.5, 0.0, 0.309017, -0.5, -0.809017, 0.0, 0.0, 0.0, 0.0, 1.0 ], [ -0.309017, 0.5, 0.809017, 0.0, -0.5, -0.809017, 0.309017, 0.0, 0.809017, -0.309017, 0.5, 0.0, 0.0, 0.0, 0.0, 1.0 ], [ -0.809017, 0.309017, -0.5, 0.0, -0.309017, 0.5, 0.809017, 0.0, 0.5, 0.809017, -0.309017, 0.0, 0.0, 0.0, 0.0, 1.0 ], [ -0.809017, -0.309017, 0.5, 0.0, -0.309017, -0.5, -0.809017, 0.0, 0.5, -0.809017, 0.309017, 0.0, 0.0, 0.0, 0.0, 1.0 ], [ -0.5, 0.809017, -0.309017, 0.0, -0.809017, -0.309017, 0.5, 0.0, 0.309017, 0.5, 0.809017, 0.0, 0.0, 0.0, 0.0, 1.0 ], [ -0.309017, -0.5, -0.809017, 0.0, -0.5, 0.809017, -0.309017, 0.0, 0.809017, 0.309017, -0.5, 0.0, 0.0, 0.0, 0.0, 1.0 ], [ -1.0, 0.0, 0.0, 0.0, 0.0, 1.0, 0.0, 0.0, 0.0, 0.0, -1.0, 0.0, 0.0, 0.0, 0.0, 1.0 ], [ 0.0, 0.0, -1.0, 0.0, 1.0, 0.0, 0.0, 0.0, 0.0, -1.0, 0.0, 0.0, 0.0, 0.0, 0.0, 1.0 ], [ 0.0, -1.0, 0.0, 0.0, 0.0, 0.0, 1.0, 0.0, -1.0, 0.0, 0.0, 0.0, 0.0, 0.0, 0.0, 1.0 ], [ -0.809017, -0.309017, -0.5, 0.0, 0.309017, 0.5, -0.809017, 0.0, 0.5, -0.809017, -0.309017, 0.0, 0.0, 0.0, 0.0, 1.0 ], [ 0.5, -0.809017, -0.309017, 0.0, 0.809017, 0.309017, 0.5, 0.0, -0.309017, -0.5, 0.809017, 0.0, 0.0, 0.0, 0.0, 1.0 ], [ -0.309017, -0.5, 0.809017, 0.0, -0.5, 0.809017, 0.309017, 0.0, -0.809017, -0.309017, -0.5, 0.0, 0.0, 0.0, 0.0, 1.0 ], [ -0.5, -0.809017, -0.309017, 0.0, 0.809017, -0.309017, -0.5, 0.0, 0.309017, -0.5, 0.809017, 0.0, 0.0, 0.0, 0.0, 1.0 ], [ 0.309017, -0.5, 0.809017, 0.0, 0.5, 0.809017, 0.309017, 0.0, -0.809017, 0.309017, 0.5, 0.0, 0.0, 0.0, 0.0, 1.0 ], [ -0.809017, 0.309017, 0.5, 0.0, -0.309017, 0.5, -0.809017, 0.0, -0.5, -0.809017, -0.309017, 0.0, 0.0, 0.0, 0.0, 1.0 ], [ -0.5, -0.809017, 0.309017, 0.0, 0.809017, -0.309017, 0.5, 0.0, -0.309017, 0.5, 0.809017, 0.0, 0.0, 0.0, 0.0, 1.0 ], [ -0.309017, 0.5, 0.809017, 0.0, 0.5, 0.809017, -0.309017, 0.0, -0.809017, 0.309017, -0.5, 0.0, 0.0, 0.0, 0.0, 1.0 ], [ -0.809017, 0.309017, -0.5, 0.0, 0.309017, -0.5, -0.809017, 0.0, -0.5, -0.809017, 0.309017, 0.0, 0.0, 0.0, 0.0, 1.0 ], [ -0.809017, -0.309017, 0.5, 0.0, 0.309017, 0.5, 0.809017, 0.0, -0.5, 0.809017, -0.309017, 0.0, 0.0, 0.0, 0.0, 1.0 ], [ -0.5, 0.809017, -0.309017, 0.0, 0.809017, 0.309017, -0.5, 0.0, -0.309017, -0.5, -0.809017, 0.0, 0.0, 0.0, 0.0, 1.0 ], [ -0.309017, -0.5, -0.809017, 0.0, 0.5, -0.809017, 0.309017, 0.0, -0.809017, -0.309017, 0.5, 0.0, 0.0, 0.0, 0.0, 1.0 ] ],
  "lights" : {
    "ambientColor" : "#292929",
    "backgroundColor" : "#AFC8DC",
    "directionalLights" : [ {
      "direction" : {
        "x" : 1.0,
        "y" : -1.0,
        "z" : -1.0
      },
      "color" : "#EBEBE4"
    }, {
      "direction" : {
        "x" : -1.0,
        "y" : 0.0,
        "z" : 0.0
      },
      "color" : "#E4E4EB"
    }, {
      "direction" : {
        "x" : 0.0,
        "y" : 0.0,
        "z" : -1.0
      },
      "color" : "#1E1E1E"
    } ]
  },
  "camera" : {
    "stereo" : false,
    "width" : 120.34591,
    "lookDirection" : {
      "x" : -0.0023466088,
      "y" : 0.04216609,
      "z" : -0.99910206
    },
    "upDirection" : {
      "x" : -0.021304958,
      "y" : 0.99887055,
      "z" : 0.042208068
    },
    "lookAtPoint" : {
      "x" : 0.0,
      "y" : 0.0,
      "z" : 0.0
    },
    "perspective" : false,
    "viewDistance" : 267.43576,
    "nearClipDistance" : 0.6685887,
    "farClipDistance" : 534.8696,
    "fieldOfView" : 0.44262823,
    "position" : {
      "x" : 0.6275671,
      "y" : -11.276721,
      "z" : 267.19562
    }
  },
  "embedding" : [ 1.0, 0.0, 0.0, 0.0, 0.0, 1.0, 0.0, 0.0, 0.0, 0.0, 1.0, 0.0, 0.0, 0.0, 0.0, 1.0 ],
  "shapes" : [ {
    "id" : "93c9fffd-d4ac-4f49-afbe-5c074ebd4062",
    "vertices" : [ {
      "x" : -2.6832817,
      "y" : 9.708204,
      "z" : 1.6583592
    }, {
      "x" : -6.0,
      "y" : 9.708204,
      "z" : 3.708204
    }, {
      "x" : -7.0249224,
      "y" : 6.0,
      "z" : 4.341641
    } ],
    "faces" : [ {
      "vertices" : [ 0, 1, 2 ]
    }, {
      "vertices" : [ 0, 2, 1 ]
    } ]
  }, {
    "id" : "4cceaec2-1c76-45e2-a793-6101f3c631ac",
    "vertices" : [ {
      "x" : 12.702883,
      "y" : 2.1372876,
      "z" : -3.1491868
    }, {
      "x" : 13.070916,
      "y" : 2.232779,
      "z" : -3.6127124
    }, {
      "x" : 1.0954915,
      "y" : 0.1545085,
      "z" : 0.059016995
    }, {
      "x" : 12.511899,
      "y" : 2.4463046,
      "z" : -3.6491868
    }, {
      "x" : 0.9045085,
      "y" : 0.4635255,
      "z" : -0.440983
    }, {
      "x" : 12.511899,
      "y" : 1.8282706,
      "z" : -3.267221
    }, {
      "x" : 0.9045085,
      "y" : -0.1545085,
      "z" : -0.059016995
    }, {
      "x" : 12.320916,
      "y" : 2.1372876,
      "z" : -3.767221
    }, {
      "x" : 13.416408,
      "y" : 2.291796,
      "z" : -3.708204
    }, {
      "x" : 0.3454915,
      "y" : 0.059016995,
      "z" : -0.095491506
    }, {
      "x" : 0.7135255,
      "y" : 0.1545085,
      "z" : -0.559017
    } ],
    "faces" : [ {
      "vertices" : [ 2, 9, 6 ]
    }, {
      "vertices" : [ 0, 1, 3 ]
    }, {
      "vertices" : [ 0, 5, 1 ]
    }, {
      "vertices" : [ 4, 10, 9 ]
    }, {
      "vertices" : [ 3, 7, 10 ]
    }, {
      "vertices" : [ 3, 10, 4 ]
    }, {
      "vertices" : [ 0, 3, 4 ]
    }, {
      "vertices" : [ 0, 4, 2 ]
    }, {
      "vertices" : [ 6, 9, 10 ]
    }, {
      "vertices" : [ 1, 7, 3 ]
    }, {
      "vertices" : [ 5, 6, 10 ]
    }, {
      "vertices" : [ 5, 10, 7 ]
    }, {
      "vertices" : [ 0, 2, 6 ]
    }, {
      "vertices" : [ 0, 6, 5 ]
    }, {
      "vertices" : [ 1, 5, 7 ]
    }, {
      "vertices" : [ 2, 4, 9 ]
    } ]
  }, {
    "id" : "d007da5e-c2d7-4c84-a833-45798f4c5101",
    "vertices" : [ {
      "x" : 6.0,
      "y" : -9.708204,
      "z" : -3.708204
    }, {
      "x" : 8.683282,
      "y" : -14.049845,
      "z" : 0.0
    }, {
      "x" : 6.0,
      "y" : -9.708204,
      "z" : 3.708204
    }, {
      "x" : 5.3665633,
      "y" : -8.683282,
      "z" : 0.0
    } ],
    "faces" : [ {
      "vertices" : [ 0, 1, 2 ]
    }, {
      "vertices" : [ 0, 2, 3 ]
    }, {
      "vertices" : [ 0, 3, 2 ]
    }, {
      "vertices" : [ 0, 2, 1 ]
    } ]
  }, {
    "id" : "fbcb83a2-282e-4988-b305-85867f5df5b8",
    "vertices" : [ {
      "x" : 2.6832817,
      "y" : 4.341641,
      "z" : 15.708204
    }, {
      "x" : 0.0,
      "y" : 0.0,
      "z" : 12.0
    }, {
      "x" : -2.6832817,
      "y" : -4.341641,
      "z" : 15.708204
    }, {
      "x" : 0.0,
      "y" : 0.0,
      "z" : 31.416409
    } ],
    "faces" : [ {
      "vertices" : [ 0, 1, 2 ]
    }, {
      "vertices" : [ 0, 2, 3 ]
    }, {
      "vertices" : [ 0, 3, 2 ]
    }, {
      "vertices" : [ 0, 2, 1 ]
    } ]
  }, {
    "id" : "9e86b3dc-698b-42d8-be53-521dbb4b405e",
    "vertices" : [ {
      "x" : 9.708204,
      "y" : -1.6583592,
      "z" : -2.6832817
    }, {
      "x" : 9.708204,
      "y" : -3.708204,
      "z" : -6.0
    }, {
      "x" : 6.0,
      "y" : -4.341641,
      "z" : -7.0249224
    } ],
    "faces" : [ {
      "vertices" : [ 0, 1, 2 ]
    }, {
      "vertices" : [ 0, 2, 1 ]
    } ]
  }, {
    "id" : "3d745457-31ff-4759-9137-fba909597f3d",
    "vertices" : [ {
      "x" : 15.708204,
      "y" : -2.6832817,
      "z" : 4.341641
    }, {
      "x" : 12.0,
      "y" : 0.0,
      "z" : 0.0
    }, {
      "x" : 15.708204,
      "y" : 2.6832817,
      "z" : -4.341641
    }, {
      "x" : 31.416409,
      "y" : 0.0,
      "z" : 0.0
    } ],
    "faces" : [ {
      "vertices" : [ 0, 1, 2 ]
    }, {
      "vertices" : [ 0, 2, 3 ]
    }, {
      "vertices" : [ 0, 3, 2 ]
    }, {
      "vertices" : [ 0, 2, 1 ]
    } ]
  }, {
    "id" : "04124c32-e078-4ab4-8442-22209bae7b0a",
    "vertices" : [ {
      "x" : -5.3665633,
      "y" : 8.683282,
      "z" : 0.0
    }, {
      "x" : -6.0,
      "y" : 9.708204,
      "z" : -3.708204
    }, {
      "x" : -4.341641,
      "y" : 7.0249224,
      "z" : -6.0
    } ],
    "faces" : [ {
      "vertices" : [ 0, 1, 2 ]
    }, {
      "vertices" : [ 0, 2, 1 ]
    } ]
  }, {
    "id" : "280d4d23-8629-4d4c-a934-4bc3cc2bf78e",
    "vertices" : [ {
      "x" : 2.6832817,
      "y" : 4.341641,
      "z" : 15.708204
    }, {
      "x" : 3.708204,
      "y" : 6.0,
      "z" : 9.708204
    }, {
      "x" : 7.0249224,
      "y" : 11.366563,
      "z" : 9.708204
    }, {
      "x" : 9.708204,
      "y" : 15.708204,
      "z" : 25.416409
    } ],
    "faces" : [ {
      "vertices" : [ 0, 1, 2 ]
    }, {
      "vertices" : [ 0, 2, 3 ]
    }, {
      "vertices" : [ 0, 3, 2 ]
    }, {
      "vertices" : [ 0, 2, 1 ]
    } ]
  }, {
    "id" : "106477a9-4a87-424a-8c24-ab306d5d5f1e",
    "vertices" : [ {
      "x" : -13.189277,
      "y" : 0.0,
      "z" : 5.037855
    }, {
      "x" : -15.708204,
      "y" : -2.6832817,
      "z" : 4.341641
    }, {
      "x" : -31.416409,
      "y" : 0.0,
      "z" : 0.0
    }, {
      "x" : -15.708204,
      "y" : 2.6832817,
      "z" : 4.341641
    } ],
    "faces" : [ {
      "vertices" : [ 0, 1, 2 ]
    }, {
      "vertices" : [ 0, 2, 3 ]
    }, {
      "vertices" : [ 0, 3, 2 ]
    }, {
      "vertices" : [ 0, 2, 1 ]
    } ]
  }, {
    "id" : "153f1a75-3d43-43cf-8a76-a84d241b5910",
    "vertices" : [ {
      "x" : 5.037855,
      "y" : 13.189277,
      "z" : 0.0
    }, {
      "x" : 4.341641,
      "y" : 15.708204,
      "z" : 2.6832817
    }, {
      "x" : 0.0,
      "y" : 31.416409,
      "z" : 0.0
    }, {
      "x" : 4.341641,
      "y" : 15.708204,
      "z" : -2.6832817
    } ],
    "faces" : [ {
      "vertices" : [ 0, 1, 2 ]
    }, {
      "vertices" : [ 0, 2, 3 ]
    }, {
      "vertices" : [ 0, 3, 2 ]
    }, {
      "vertices" : [ 0, 2, 1 ]
    } ]
  }, {
    "id" : "93d62e4d-2626-4691-92dd-60f42b38032c",
    "vertices" : [ {
      "x" : 6.8029833,
      "y" : -4.204475,
      "z" : 0.0
    }, {
      "x" : 8.683282,
      "y" : -14.049845,
      "z" : 0.0
    }, {
      "x" : 15.708204,
      "y" : -25.416409,
      "z" : 9.708204
    }, {
      "x" : 11.366563,
      "y" : -9.708204,
      "z" : 7.0249224
    } ],
    "faces" : [ {
      "vertices" : [ 0, 1, 2 ]
    }, {
      "vertices" : [ 0, 2, 3 ]
    }, {
      "vertices" : [ 0, 3, 2 ]
    }, {
      "vertices" : [ 0, 2, 1 ]
    } ]
  }, {
    "id" : "d9b4a2cd-d732-4823-a909-4a53f704d089",
    "vertices" : [ {
      "x" : -6.0,
      "y" : -9.708204,
      "z" : 3.708204
    }, {
      "x" : -8.683282,
      "y" : -14.049845,
      "z" : 0.0
    }, {
      "x" : -6.0,
      "y" : -9.708204,
      "z" : -3.708204
    }, {
      "x" : -5.3665633,
      "y" : -8.683282,
      "z" : 0.0
    } ],
    "faces" : [ {
      "vertices" : [ 0, 1, 2 ]
    }, {
      "vertices" : [ 0, 2, 3 ]
    }, {
      "vertices" : [ 0, 3, 2 ]
    }, {
      "vertices" : [ 0, 2, 1 ]
    } ]
  }, {
    "id" : "c1bd1551-9a37-498b-8297-0b13acb18ed4",
    "vertices" : [ {
      "x" : 5.2864747,
      "y" : 0.87041384,
      "z" : -1.0993422
    }, {
      "x" : 5.6545086,
      "y" : 0.96590537,
      "z" : -1.5628678
    }, {
      "x" : 1.0954915,
      "y" : 0.1545085,
      "z" : 0.059016995
    }, {
      "x" : 5.0954914,
      "y" : 1.1794308,
      "z" : -1.5993422
    }, {
      "x" : 0.9045085,
      "y" : 0.4635255,
      "z" : -0.440983
    }, {
      "x" : 5.0954914,
      "y" : 0.5613969,
      "z" : -1.2173762
    }, {
      "x" : 0.9045085,
      "y" : -0.1545085,
      "z" : -0.059016995
    }, {
      "x" : 4.9045086,
      "y" : 0.87041384,
      "z" : -1.7173762
    }, {
      "x" : 6.0,
      "y" : 1.0249224,
      "z" : -1.6583592
    }, {
      "x" : 0.3454915,
      "y" : 0.059016995,
      "z" : -0.095491506
    }, {
      "x" : 0.7135255,
      "y" : 0.1545085,
      "z" : -0.559017
    } ],
    "faces" : [ {
      "vertices" : [ 2, 9, 6 ]
    }, {
      "vertices" : [ 0, 1, 3 ]
    }, {
      "vertices" : [ 0, 5, 1 ]
    }, {
      "vertices" : [ 4, 10, 9 ]
    }, {
      "vertices" : [ 3, 7, 10 ]
    }, {
      "vertices" : [ 3, 10, 4 ]
    }, {
      "vertices" : [ 0, 3, 4 ]
    }, {
      "vertices" : [ 0, 4, 2 ]
    }, {
      "vertices" : [ 6, 9, 10 ]
    }, {
      "vertices" : [ 1, 7, 3 ]
    }, {
      "vertices" : [ 5, 6, 10 ]
    }, {
      "vertices" : [ 5, 10, 7 ]
    }, {
      "vertices" : [ 0, 2, 6 ]
    }, {
      "vertices" : [ 0, 6, 5 ]
    }, {
      "vertices" : [ 1, 5, 7 ]
    }, {
      "vertices" : [ 2, 4, 9 ]
    } ]
  }, {
    "id" : "99bd0d72-9e24-498a-a7d9-af90d272e938",
    "vertices" : [ {
      "x" : -8.151421,
      "y" : 8.151421,
      "z" : -8.151421
    }, {
      "x" : -9.708204,
      "y" : 7.0249224,
      "z" : -11.366563
    }, {
      "x" : -9.708204,
      "y" : 15.708204,
      "z" : -25.416409
    }, {
      "x" : -7.0249224,
      "y" : 11.366563,
      "z" : -9.708204
    } ],
    "faces" : [ {
      "vertices" : [ 0, 1, 2 ]
    }, {
      "vertices" : [ 0, 2, 3 ]
    }, {
      "vertices" : [ 0, 3, 2 ]
    }, {
      "vertices" : [ 0, 2, 1 ]
    } ]
  }, {
    "id" : "4b99a6f0-ffab-449a-a1db-6b82cf0359b3",
    "vertices" : [ {
      "x" : -13.189277,
      "y" : 0.0,
      "z" : -5.037855
    }, {
      "x" : -15.708204,
      "y" : -2.6832817,
      "z" : -4.341641
    }, {
      "x" : -25.416409,
      "y" : -9.708204,
      "z" : -15.708204
    }, {
      "x" : -14.049845,
      "y" : 0.0,
      "z" : -8.683282
    } ],
    "faces" : [ {
      "vertices" : [ 0, 1, 2 ]
    }, {
      "vertices" : [ 0, 2, 3 ]
    }, {
      "vertices" : [ 0, 3, 2 ]
    }, {
      "vertices" : [ 0, 2, 1 ]
    } ]
  }, {
    "id" : "4e30d124-5308-4e5b-b471-f465d5f44cc8",
    "vertices" : [ {
      "x" : 6.0,
      "y" : 9.708204,
      "z" : -3.708204
    }, {
      "x" : 4.341641,
      "y" : 15.708204,
      "z" : -2.6832817
    }, {
      "x" : 0.0,
      "y" : 12.0,
      "z" : 0.0
    }, {
      "x" : 2.6832817,
      "y" : 9.708204,
      "z" : -1.6583592
    } ],
    "faces" : [ {
      "vertices" : [ 0, 1, 2 ]
    }, {
      "vertices" : [ 0, 2, 3 ]
    }, {
      "vertices" : [ 0, 3, 2 ]
    }, {
      "vertices" : [ 0, 2, 1 ]
    } ]
  }, {
    "id" : "053ea374-9510-40b4-afa2-6b1eda45e9f7",
    "vertices" : [ {
      "x" : 14.049845,
      "y" : 0.0,
      "z" : 8.683282
    }, {
      "x" : 9.708204,
      "y" : 3.708204,
      "z" : 6.0
    }, {
      "x" : 11.366563,
      "y" : 9.708204,
      "z" : 7.0249224
    }, {
      "x" : 25.416409,
      "y" : 9.708204,
      "z" : 15.708204
    } ],
    "faces" : [ {
      "vertices" : [ 0, 1, 2 ]
    }, {
      "vertices" : [ 0, 2, 3 ]
    }, {
      "vertices" : [ 0, 3, 2 ]
    }, {
      "vertices" : [ 0, 2, 1 ]
    } ]
  }, {
    "id" : "20a2a631-4626-4384-b48f-a05e86191b2c",
    "vertices" : [ {
      "x" : 3.708204,
      "y" : 6.0,
      "z" : 9.708204
    }, {
      "x" : 9.708204,
      "y" : 7.0249224,
      "z" : 11.366563
    }, {
      "x" : 9.708204,
      "y" : 3.708204,
      "z" : 6.0
    }, {
      "x" : 6.0,
      "y" : 4.341641,
      "z" : 7.0249224
    } ],
    "faces" : [ {
      "vertices" : [ 0, 1, 2 ]
    }, {
      "vertices" : [ 0, 2, 3 ]
    }, {
      "vertices" : [ 0, 3, 2 ]
    }, {
      "vertices" : [ 0, 2, 1 ]
    } ]
  }, {
    "id" : "4d188ee2-d4a1-41eb-bdd7-a2a506a9f986",
    "vertices" : [ {
      "x" : -6.8029833,
      "y" : -4.204475,
      "z" : 0.0
    }, {
      "x" : -15.708204,
      "y" : -2.6832817,
      "z" : -4.341641
    }, {
      "x" : -31.416409,
      "y" : 0.0,
      "z" : 0.0
    }, {
      "x" : -15.708204,
      "y" : -2.6832817,
      "z" : 4.341641
    } ],
    "faces" : [ {
      "vertices" : [ 0, 1, 2 ]
    }, {
      "vertices" : [ 0, 2, 3 ]
    }, {
      "vertices" : [ 0, 3, 2 ]
    }, {
      "vertices" : [ 0, 2, 1 ]
    } ]
  }, {
    "id" : "c561d516-8125-4bb2-840e-1988bc86befe",
    "vertices" : [ {
      "x" : 0.0,
      "y" : -6.8029833,
      "z" : -4.204475
    }, {
      "x" : 0.0,
      "y" : -8.683282,
      "z" : -14.049845
    }, {
      "x" : -9.708204,
      "y" : -15.708204,
      "z" : -25.416409
    }, {
      "x" : -7.0249224,
      "y" : -11.366563,
      "z" : -9.708204
    } ],
    "faces" : [ {
      "vertices" : [ 0, 1, 2 ]
    }, {
      "vertices" : [ 0, 2, 3 ]
    }, {
      "vertices" : [ 0, 3, 2 ]
    }, {
      "vertices" : [ 0, 2, 1 ]
    } ]
  }, {
    "id" : "acf67015-00b6-4bf2-b33f-d3149a575334",
    "vertices" : [ {
      "x" : -7.0249224,
      "y" : 6.0,
      "z" : 4.341641
    }, {
      "x" : -9.708204,
      "y" : 3.708204,
      "z" : 6.0
    }, {
      "x" : -8.683282,
      "y" : 0.0,
      "z" : 5.3665633
    } ],
    "faces" : [ {
      "vertices" : [ 0, 1, 2 ]
    }, {
      "vertices" : [ 0, 2, 1 ]
    } ]
  }, {
    "id" : "11fbd8af-2ec9-48d7-933d-e43f3b482e46",
    "vertices" : [ {
      "x" : 0.0,
      "y" : 6.8029833,
      "z" : -4.204475
    }, {
      "x" : 4.341641,
      "y" : 15.708204,
      "z" : -2.6832817
    }, {
      "x" : 0.0,
      "y" : 31.416409,
      "z" : 0.0
    }, {
      "x" : -4.341641,
      "y" : 15.708204,
      "z" : -2.6832817
    } ],
    "faces" : [ {
      "vertices" : [ 0, 1, 2 ]
    }, {
      "vertices" : [ 0, 2, 3 ]
    }, {
      "vertices" : [ 0, 3, 2 ]
    }, {
      "vertices" : [ 0, 2, 1 ]
    } ]
  }, {
    "id" : "8bd42c2d-eb07-4ed6-af16-be6f58f0be21",
    "vertices" : [ {
      "x" : 4.204475,
      "y" : 0.0,
      "z" : -6.8029833
    }, {
      "x" : 9.708204,
      "y" : -7.0249224,
      "z" : -11.366563
    }, {
      "x" : 25.416409,
      "y" : -9.708204,
      "z" : -15.708204
    }, {
      "x" : 14.049845,
      "y" : 0.0,
      "z" : -8.683282
    } ],
    "faces" : [ {
      "vertices" : [ 0, 1, 2 ]
    }, {
      "vertices" : [ 0, 2, 3 ]
    }, {
      "vertices" : [ 0, 3, 2 ]
    }, {
      "vertices" : [ 0, 2, 1 ]
    } ]
  }, {
    "id" : "dac1d272-a786-4f8f-93c3-e4515c88f7f0",
    "vertices" : [ {
      "x" : -8.151421,
      "y" : -8.151421,
      "z" : -8.151421
    }, {
      "x" : -9.708204,
      "y" : -7.0249224,
      "z" : -11.366563
    }, {
      "x" : -25.416409,
      "y" : -9.708204,
      "z" : -15.708204
    }, {
      "x" : -11.366563,
      "y" : -9.708204,
      "z" : -7.0249224
    } ],
    "faces" : [ {
      "vertices" : [ 0, 1, 2 ]
    }, {
      "vertices" : [ 0, 2, 3 ]
    }, {
      "vertices" : [ 0, 3, 2 ]
    }, {
      "vertices" : [ 0, 2, 1 ]
    } ]
  }, {
    "id" : "1574acc7-ab36-42b5-ac6d-0aea8fc433c0",
    "vertices" : [ {
      "x" : 7.0249224,
      "y" : 6.0,
      "z" : -4.341641
    }, {
      "x" : 6.0,
      "y" : 9.708204,
      "z" : -3.708204
    }, {
      "x" : 2.6832817,
      "y" : 9.708204,
      "z" : -1.6583592
    } ],
    "faces" : [ {
      "vertices" : [ 0, 1, 2 ]
    }, {
      "vertices" : [ 0, 2, 1 ]
    } ]
  }, {
    "id" : "33eb1cb8-93c8-4208-bb6c-44bb531fd175",
    "vertices" : [ {
      "x" : 0.0,
      "y" : -6.8029833,
      "z" : -4.204475
    }, {
      "x" : 7.0249224,
      "y" : -11.366563,
      "z" : -9.708204
    }, {
      "x" : 9.708204,
      "y" : -15.708204,
      "z" : -25.416409
    }, {
      "x" : 0.0,
      "y" : -8.683282,
      "z" : -14.049845
    } ],
    "faces" : [ {
      "vertices" : [ 0, 1, 2 ]
    }, {
      "vertices" : [ 0, 2, 3 ]
    }, {
      "vertices" : [ 0, 3, 2 ]
    }, {
      "vertices" : [ 0, 2, 1 ]
    } ]
  }, {
    "id" : "6d334bc7-337f-4f4c-a6c6-c1feb183a38d",
    "vertices" : [ {
      "x" : -4.204475,
      "y" : 0.0,
      "z" : -6.8029833
    }, {
      "x" : -9.708204,
      "y" : -7.0249224,
      "z" : -11.366563
    }, {
      "x" : -9.708204,
      "y" : -15.708204,
      "z" : -25.416409
    }, {
      "x" : -2.6832817,
      "y" : -4.341641,
      "z" : -15.708204
    } ],
    "faces" : [ {
      "vertices" : [ 0, 1, 2 ]
    }, {
      "vertices" : [ 0, 2, 3 ]
    }, {
      "vertices" : [ 0, 3, 2 ]
    }, {
      "vertices" : [ 0, 2, 1 ]
    } ]
  }, {
    "id" : "cb2919b4-d7e7-43a5-ab23-de77ba22583f",
    "vertices" : [ {
      "x" : -1.6583592,
      "y" : 2.6832817,
      "z" : -9.708204
    }, {
      "x" : -3.708204,
      "y" : 6.0,
      "z" : -9.708204
    }, {
      "x" : -4.341641,
      "y" : 7.0249224,
      "z" : -6.0
    } ],
    "faces" : [ {
      "vertices" : [ 0, 1, 2 ]
    }, {
      "vertices" : [ 0, 2, 1 ]
    } ]
  }, {
    "id" : "a3639edb-e4e0-4fa6-803b-569985dc43a0",
    "vertices" : [ {
      "x" : 0.0,
      "y" : 12.0,
      "z" : 0.0
    }, {
      "x" : 4.341641,
      "y" : 15.708204,
      "z" : 2.6832817
    }, {
      "x" : 6.0,
      "y" : 9.708204,
      "z" : 3.708204
    }, {
      "x" : 2.6832817,
      "y" : 9.708204,
      "z" : 1.6583592
    } ],
    "faces" : [ {
      "vertices" : [ 0, 1, 2 ]
    }, {
      "vertices" : [ 0, 2, 3 ]
    }, {
      "vertices" : [ 0, 3, 2 ]
    }, {
      "vertices" : [ 0, 2, 1 ]
    } ]
  }, {
    "id" : "ce1ac756-181c-4062-8a93-c1273318f407",
    "vertices" : [ {
      "x" : 4.204475,
      "y" : 0.0,
      "z" : 6.8029833
    }, {
      "x" : 2.6832817,
      "y" : -4.341641,
      "z" : 15.708204
    }, {
      "x" : 0.0,
      "y" : 0.0,
      "z" : 31.416409
    }, {
      "x" : 2.6832817,
      "y" : 4.341641,
      "z" : 15.708204
    } ],
    "faces" : [ {
      "vertices" : [ 0, 1, 2 ]
    }, {
      "vertices" : [ 0, 2, 3 ]
    }, {
      "vertices" : [ 0, 3, 2 ]
    }, {
      "vertices" : [ 0, 2, 1 ]
    } ]
  }, {
    "id" : "e7e00226-7f5e-49ed-a9af-b7bec0982b4b",
    "vertices" : [ {
      "x" : -8.151421,
      "y" : 8.151421,
      "z" : -8.151421
    }, {
      "x" : -11.366563,
      "y" : 9.708204,
      "z" : -7.0249224
    }, {
      "x" : -25.416409,
      "y" : 9.708204,
      "z" : -15.708204
    }, {
      "x" : -9.708204,
      "y" : 7.0249224,
      "z" : -11.366563
    } ],
    "faces" : [ {
      "vertices" : [ 0, 1, 2 ]
    }, {
      "vertices" : [ 0, 2, 3 ]
    }, {
      "vertices" : [ 0, 3, 2 ]
    }, {
      "vertices" : [ 0, 2, 1 ]
    } ]
  }, {
    "id" : "ee12e35f-6648-45e8-b826-a1c624471d9f",
    "vertices" : [ {
      "x" : 2.6832817,
      "y" : 4.341641,
      "z" : -15.708204
    }, {
      "x" : 3.708204,
      "y" : 6.0,
      "z" : -9.708204
    }, {
      "x" : 7.0249224,
      "y" : 11.366563,
      "z" : -9.708204
    }, {
      "x" : 9.708204,
      "y" : 15.708204,
      "z" : -25.416409
    } ],
    "faces" : [ {
      "vertices" : [ 0, 1, 2 ]
    }, {
      "vertices" : [ 0, 2, 3 ]
    }, {
      "vertices" : [ 0, 3, 2 ]
    }, {
      "vertices" : [ 0, 2, 1 ]
    } ]
  }, {
    "id" : "e8ac8ee5-3d0f-4b23-afaa-c7c2067eb885",
    "vertices" : [ {
      "x" : -8.151421,
      "y" : -8.151421,
      "z" : 8.151421
    }, {
      "x" : -11.366563,
      "y" : -9.708204,
      "z" : 7.0249224
    }, {
      "x" : -25.416409,
      "y" : -9.708204,
      "z" : 15.708204
    }, {
      "x" : -9.708204,
      "y" : -7.0249224,
      "z" : 11.366563
    } ],
    "faces" : [ {
      "vertices" : [ 0, 1, 2 ]
    }, {
      "vertices" : [ 0, 2, 3 ]
    }, {
      "vertices" : [ 0, 3, 2 ]
    }, {
      "vertices" : [ 0, 2, 1 ]
    } ]
  }, {
    "id" : "3548cfb7-916d-46ef-a95a-825fc0de23fa",
    "vertices" : [ {
      "x" : 8.151421,
      "y" : -8.151421,
      "z" : 8.151421
    }, {
      "x" : 7.0249224,
      "y" : -11.366563,
      "z" : 9.708204
    }, {
      "x" : 9.708204,
      "y" : -15.708204,
      "z" : 25.416409
    }, {
      "x" : 9.708204,
      "y" : -7.0249224,
      "z" : 11.366563
    } ],
    "faces" : [ {
      "vertices" : [ 0, 1, 2 ]
    }, {
      "vertices" : [ 0, 2, 3 ]
    }, {
      "vertices" : [ 0, 3, 2 ]
    }, {
      "vertices" : [ 0, 2, 1 ]
    } ]
  }, {
    "id" : "7dcdd18e-126d-4404-86ee-64c0753264be",
    "vertices" : [ {
      "x" : -8.151421,
      "y" : -8.151421,
      "z" : -8.151421
    }, {
      "x" : -11.366563,
      "y" : -9.708204,
      "z" : -7.0249224
    }, {
      "x" : -15.708204,
      "y" : -25.416409,
      "z" : -9.708204
    }, {
      "x" : -7.0249224,
      "y" : -11.366563,
      "z" : -9.708204
    } ],
    "faces" : [ {
      "vertices" : [ 0, 1, 2 ]
    }, {
      "vertices" : [ 0, 2, 3 ]
    }, {
      "vertices" : [ 0, 3, 2 ]
    }, {
      "vertices" : [ 0, 2, 1 ]
    } ]
  }, {
    "id" : "5a4fa1ed-1b1d-4c0d-8cd7-9700111bd1c6",
    "vertices" : [ {
      "x" : 4.204475,
      "y" : 0.0,
      "z" : -6.8029833
    }, {
      "x" : 2.6832817,
      "y" : -4.341641,
      "z" : -15.708204
    }, {
      "x" : 9.708204,
      "y" : -15.708204,
      "z" : -25.416409
    }, {
      "x" : 9.708204,
      "y" : -7.0249224,
      "z" : -11.366563
    } ],
    "faces" : [ {
      "vertices" : [ 0, 1, 2 ]
    }, {
      "vertices" : [ 0, 2, 3 ]
    }, {
      "vertices" : [ 0, 3, 2 ]
    }, {
      "vertices" : [ 0, 2, 1 ]
    } ]
  }, {
    "id" : "6bd2908b-4c93-4f6f-92ef-5332e369663a",
    "vertices" : [ {
      "x" : 9.708204,
      "y" : 3.708204,
      "z" : 6.0
    }, {
      "x" : 11.366563,
      "y" : 9.708204,
      "z" : 7.0249224
    }, {
      "x" : 6.0,
      "y" : 9.708204,
      "z" : 3.708204
    }, {
      "x" : 7.0249224,
      "y" : 6.0,
      "z" : 4.341641
    } ],
    "faces" : [ {
      "vertices" : [ 0, 1, 2 ]
    }, {
      "vertices" : [ 0, 2, 3 ]
    }, {
      "vertices" : [ 0, 3, 2 ]
    }, {
      "vertices" : [ 0, 2, 1 ]
    } ]
  }, {
    "id" : "de67a673-8793-4e05-9477-9f4b849f7425",
    "vertices" : [ {
      "x" : -4.204475,
      "y" : 0.0,
      "z" : 6.8029833
    }, {
      "x" : -14.049845,
      "y" : 0.0,
      "z" : 8.683282
    }, {
      "x" : -25.416409,
      "y" : 9.708204,
      "z" : 15.708204
    }, {
      "x" : -9.708204,
      "y" : 7.0249224,
      "z" : 11.366563
    } ],
    "faces" : [ {
      "vertices" : [ 0, 1, 2 ]
    }, {
      "vertices" : [ 0, 2, 3 ]
    }, {
      "vertices" : [ 0, 3, 2 ]
    }, {
      "vertices" : [ 0, 2, 1 ]
    } ]
  }, {
    "id" : "37a1c652-db41-49c5-b77d-40c06189f788",
    "vertices" : [ {
      "x" : -9.708204,
      "y" : 3.708204,
      "z" : -6.0
    }, {
      "x" : -11.366563,
      "y" : 9.708204,
      "z" : -7.0249224
    }, {
      "x" : -6.0,
      "y" : 9.708204,
      "z" : -3.708204
    }, {
      "x" : -7.0249224,
      "y" : 6.0,
      "z" : -4.341641
    } ],
    "faces" : [ {
      "vertices" : [ 0, 1, 2 ]
    }, {
      "vertices" : [ 0, 2, 3 ]
    }, {
      "vertices" : [ 0, 3, 2 ]
    }, {
      "vertices" : [ 0, 2, 1 ]
    } ]
  }, {
    "id" : "07f4666f-7682-48d6-8f17-33ec18f1ecc0",
    "vertices" : [ {
      "x" : -4.204475,
      "y" : 0.0,
      "z" : 6.8029833
    }, {
      "x" : -9.708204,
      "y" : 7.0249224,
      "z" : 11.366563
    }, {
      "x" : -9.708204,
      "y" : 15.708204,
      "z" : 25.416409
    }, {
      "x" : -2.6832817,
      "y" : 4.341641,
      "z" : 15.708204
    } ],
    "faces" : [ {
      "vertices" : [ 0, 1, 2 ]
    }, {
      "vertices" : [ 0, 2, 3 ]
    }, {
      "vertices" : [ 0, 3, 2 ]
    }, {
      "vertices" : [ 0, 2, 1 ]
    } ]
  }, {
    "id" : "ae9f41cd-cc41-45a3-a239-b69ce2c6dbc3",
    "vertices" : [ {
      "x" : -15.708204,
      "y" : -2.6832817,
      "z" : 4.341641
    }, {
      "x" : -9.708204,
      "y" : -3.708204,
      "z" : 6.0
    }, {
      "x" : -9.708204,
      "y" : -7.0249224,
      "z" : 11.366563
    }, {
      "x" : -25.416409,
      "y" : -9.708204,
      "z" : 15.708204
    } ],
    "faces" : [ {
      "vertices" : [ 0, 1, 2 ]
    }, {
      "vertices" : [ 0, 2, 3 ]
    }, {
      "vertices" : [ 0, 3, 2 ]
    }, {
      "vertices" : [ 0, 2, 1 ]
    } ]
  }, {
    "id" : "8c06439f-a1e2-42f7-ac2f-d94ae1765a33",
    "vertices" : [ {
      "x" : -4.341641,
      "y" : 15.708204,
      "z" : -2.6832817
    }, {
      "x" : -6.0,
      "y" : 9.708204,
      "z" : -3.708204
    }, {
      "x" : -11.366563,
      "y" : 9.708204,
      "z" : -7.0249224
    }, {
      "x" : -15.708204,
      "y" : 25.416409,
      "z" : -9.708204
    } ],
    "faces" : [ {
      "vertices" : [ 0, 1, 2 ]
    }, {
      "vertices" : [ 0, 2, 3 ]
    }, {
      "vertices" : [ 0, 3, 2 ]
    }, {
      "vertices" : [ 0, 2, 1 ]
    } ]
  }, {
    "id" : "c08f2eee-7457-4977-a762-c0a2d6695426",
    "vertices" : [ {
      "x" : 7.0249224,
      "y" : 6.0,
      "z" : 4.341641
    }, {
      "x" : 6.0,
      "y" : 9.708204,
      "z" : 3.708204
    }, {
      "x" : 2.6832817,
      "y" : 9.708204,
      "z" : 1.6583592
    } ],
    "faces" : [ {
      "vertices" : [ 0, 1, 2 ]
    }, {
      "vertices" : [ 0, 2, 1 ]
    } ]
  }, {
    "id" : "7e1238a9-6bfc-461b-b252-1fa59968c49f",
    "vertices" : [ {
      "x" : 6.8029833,
      "y" : 4.204475,
      "z" : 0.0
    }, {
      "x" : 15.708204,
      "y" : 2.6832817,
      "z" : -4.341641
    }, {
      "x" : 31.416409,
      "y" : 0.0,
      "z" : 0.0
    }, {
      "x" : 15.708204,
      "y" : 2.6832817,
      "z" : 4.341641
    } ],
    "faces" : [ {
      "vertices" : [ 0, 1, 2 ]
    }, {
      "vertices" : [ 0, 2, 3 ]
    }, {
      "vertices" : [ 0, 3, 2 ]
    }, {
      "vertices" : [ 0, 2, 1 ]
    } ]
  }, {
    "id" : "222beb8b-97d9-4b15-88c7-cd36b234c528",
    "vertices" : [ {
      "x" : 0.0,
      "y" : 6.8029833,
      "z" : 4.204475
    }, {
      "x" : 0.0,
      "y" : 8.683282,
      "z" : 14.049845
    }, {
      "x" : -9.708204,
      "y" : 15.708204,
      "z" : 25.416409
    }, {
      "x" : -7.0249224,
      "y" : 11.366563,
      "z" : 9.708204
    } ],
    "faces" : [ {
      "vertices" : [ 0, 1, 2 ]
    }, {
      "vertices" : [ 0, 2, 3 ]
    }, {
      "vertices" : [ 0, 3, 2 ]
    }, {
      "vertices" : [ 0, 2, 1 ]
    } ]
  }, {
    "id" : "ce64aaad-9881-4c4b-8b61-6859da72f6ef",
    "vertices" : [ {
      "x" : -13.189277,
      "y" : 0.0,
      "z" : -5.037855
    }, {
      "x" : -14.049845,
      "y" : 0.0,
      "z" : -8.683282
    }, {
      "x" : -25.416409,
      "y" : 9.708204,
      "z" : -15.708204
    }, {
      "x" : -15.708204,
      "y" : 2.6832817,
      "z" : -4.341641
    } ],
    "faces" : [ {
      "vertices" : [ 0, 1, 2 ]
    }, {
      "vertices" : [ 0, 2, 3 ]
    }, {
      "vertices" : [ 0, 3, 2 ]
    }, {
      "vertices" : [ 0, 2, 1 ]
    } ]
  }, {
    "id" : "5278c023-f1c4-4697-9c13-5f1cb01ad504",
    "vertices" : [ {
      "x" : 2.6832817,
      "y" : -9.708204,
      "z" : -1.6583592
    }, {
      "x" : 0.0,
      "y" : -12.0,
      "z" : 0.0
    }, {
      "x" : -2.6832817,
      "y" : -9.708204,
      "z" : 1.6583592
    } ],
    "faces" : [ {
      "vertices" : [ 0, 1, 2 ]
    }, {
      "vertices" : [ 0, 2, 1 ]
    } ]
  }, {
    "id" : "561c6ebb-0f44-4999-86a7-36a7fd2494da",
    "vertices" : [ {
      "x" : 0.0,
      "y" : -5.3665633,
      "z" : 8.683282
    }, {
      "x" : -3.708204,
      "y" : -6.0,
      "z" : 9.708204
    }, {
      "x" : -6.0,
      "y" : -4.341641,
      "z" : 7.0249224
    } ],
    "faces" : [ {
      "vertices" : [ 0, 1, 2 ]
    }, {
      "vertices" : [ 0, 2, 1 ]
    } ]
  }, {
    "id" : "c67260eb-9068-4261-9c86-b69c65ddfe21",
    "vertices" : [ {
      "x" : 13.189277,
      "y" : 0.0,
      "z" : 5.037855
    }, {
      "x" : 14.049845,
      "y" : 0.0,
      "z" : 8.683282
    }, {
      "x" : 25.416409,
      "y" : 9.708204,
      "z" : 15.708204
    }, {
      "x" : 15.708204,
      "y" : 2.6832817,
      "z" : 4.341641
    } ],
    "faces" : [ {
      "vertices" : [ 0, 1, 2 ]
    }, {
      "vertices" : [ 0, 2, 3 ]
    }, {
      "vertices" : [ 0, 3, 2 ]
    }, {
      "vertices" : [ 0, 2, 1 ]
    } ]
  }, {
    "id" : "f4f67db4-10e5-4445-8827-d260d21e29ed",
    "vertices" : [ {
      "x" : 2.6832817,
      "y" : -9.708204,
      "z" : -1.6583592
    }, {
      "x" : 6.0,
      "y" : -9.708204,
      "z" : -3.708204
    }, {
      "x" : 7.0249224,
      "y" : -6.0,
      "z" : -4.341641
    } ],
    "faces" : [ {
      "vertices" : [ 0, 1, 2 ]
    }, {
      "vertices" : [ 0, 2, 1 ]
    } ]
  }, {
    "id" : "f9385d1f-0b6d-4125-b5a6-aaaf15129a0f",
    "vertices" : [ {
      "x" : -2.6832817,
      "y" : -4.341641,
      "z" : -15.708204
    }, {
      "x" : 0.0,
      "y" : 0.0,
      "z" : -12.0
    }, {
      "x" : 2.6832817,
      "y" : 4.341641,
      "z" : -15.708204
    }, {
      "x" : 0.0,
      "y" : 0.0,
      "z" : -31.416409
    } ],
    "faces" : [ {
      "vertices" : [ 0, 1, 2 ]
    }, {
      "vertices" : [ 0, 2, 3 ]
    }, {
      "vertices" : [ 0, 3, 2 ]
    }, {
      "vertices" : [ 0, 2, 1 ]
    } ]
  }, {
    "id" : "fd577c11-33c0-4a44-b6aa-64d805aa7c4d",
    "vertices" : [ {
      "x" : 4.341641,
      "y" : -15.708204,
      "z" : 2.6832817
    }, {
      "x" : 0.0,
      "y" : -12.0,
      "z" : 0.0
    }, {
      "x" : -4.341641,
      "y" : -15.708204,
      "z" : -2.6832817
    }, {
      "x" : 0.0,
      "y" : -31.416409,
      "z" : 0.0
    } ],
    "faces" : [ {
      "vertices" : [ 0, 1, 2 ]
    }, {
      "vertices" : [ 0, 2, 3 ]
    }, {
      "vertices" : [ 0, 3, 2 ]
    }, {
      "vertices" : [ 0, 2, 1 ]
    } ]
  }, {
    "id" : "2730f1cc-c173-4c6f-b11d-f5cadd250c35",
    "vertices" : [ {
      "x" : 6.0,
      "y" : 9.708204,
      "z" : 3.708204
    }, {
      "x" : 8.683282,
      "y" : 14.049845,
      "z" : 0.0
    }, {
      "x" : 6.0,
      "y" : 9.708204,
      "z" : -3.708204
    }, {
      "x" : 5.3665633,
      "y" : 8.683282,
      "z" : 0.0
    } ],
    "faces" : [ {
      "vertices" : [ 0, 1, 2 ]
    }, {
      "vertices" : [ 0, 2, 3 ]
    }, {
      "vertices" : [ 0, 3, 2 ]
    }, {
      "vertices" : [ 0, 2, 1 ]
    } ]
  }, {
    "id" : "9a31b822-e1c6-417b-8d48-00fd194b2364",
    "vertices" : [ {
      "x" : 6.8029833,
      "y" : -4.204475,
      "z" : 0.0
    }, {
      "x" : 15.708204,
      "y" : -2.6832817,
      "z" : 4.341641
    }, {
      "x" : 31.416409,
      "y" : 0.0,
      "z" : 0.0
    }, {
      "x" : 15.708204,
      "y" : -2.6832817,
      "z" : -4.341641
    } ],
    "faces" : [ {
      "vertices" : [ 0, 1, 2 ]
    }, {
      "vertices" : [ 0, 2, 3 ]
    }, {
      "vertices" : [ 0, 3, 2 ]
    }, {
      "vertices" : [ 0, 2, 1 ]
    } ]
  }, {
    "id" : "8babba00-1685-496d-b5d7-c53531f4a33e",
    "vertices" : [ {
      "x" : 0.0,
      "y" : 0.0,
      "z" : 12.0
    }, {
      "x" : 2.6832817,
      "y" : 4.341641,
      "z" : 15.708204
    }, {
      "x" : 3.708204,
      "y" : 6.0,
      "z" : 9.708204
    }, {
      "x" : 1.6583592,
      "y" : 2.6832817,
      "z" : 9.708204
    } ],
    "faces" : [ {
      "vertices" : [ 0, 1, 2 ]
    }, {
      "vertices" : [ 0, 2, 3 ]
    }, {
      "vertices" : [ 0, 3, 2 ]
    }, {
      "vertices" : [ 0, 2, 1 ]
    } ]
  }, {
    "id" : "c15e8ce6-ab2c-4aa8-85b6-4cce5263a488",
    "vertices" : [ {
      "x" : 3.708204,
      "y" : -6.0,
      "z" : 9.708204
    }, {
      "x" : 2.6832817,
      "y" : -4.341641,
      "z" : 15.708204
    }, {
      "x" : 0.0,
      "y" : 0.0,
      "z" : 12.0
    }, {
      "x" : 1.6583592,
      "y" : -2.6832817,
      "z" : 9.708204
    } ],
    "faces" : [ {
      "vertices" : [ 0, 1, 2 ]
    }, {
      "vertices" : [ 0, 2, 3 ]
    }, {
      "vertices" : [ 0, 3, 2 ]
    }, {
      "vertices" : [ 0, 2, 1 ]
    } ]
  }, {
    "id" : "f3f78586-606c-4e55-9ff5-8e6f845952ac",
    "vertices" : [ {
      "x" : 0.0,
      "y" : 5.3665633,
      "z" : -8.683282
    }, {
      "x" : -3.708204,
      "y" : 6.0,
      "z" : -9.708204
    }, {
      "x" : -6.0,
      "y" : 4.341641,
      "z" : -7.0249224
    } ],
    "faces" : [ {
      "vertices" : [ 0, 1, 2 ]
    }, {
      "vertices" : [ 0, 2, 1 ]
    } ]
  }, {
    "id" : "bbbbd826-aeeb-471e-b8f9-7e8fde7daf22",
    "vertices" : [ {
      "x" : -6.8029833,
      "y" : 4.204475,
      "z" : 0.0
    }, {
      "x" : -11.366563,
      "y" : 9.708204,
      "z" : -7.0249224
    }, {
      "x" : -15.708204,
