{
  "field" : "golden",
  "symmetry" : "icosahedral",
  "orientations" : [ [ 1.0, 0.0, 0.0, 0.0, 0.0, 1.0, 0.0, 0.0, 0.0, 0.0, 1.0, 0.0, 0.0, 0.0, 0.0, 1.0 ], [ 0.0, 0.0, 1.0, 0.0, 1.0, 0.0, 0.0, 0.0, 0.0, 1.0, 0.0, 0.0, 0.0, 0.0, 0.0, 1.0 ], [ 0.0, 1.0, 0.0, 0.0, 0.0, 0.0, 1.0, 0.0, 1.0, 0.0, 0.0, 0.0, 0.0, 0.0, 0.0, 1.0 ], [ 0.809017, 0.309017, 0.5, 0.0, 0.309017, 0.5, -0.809017, 0.0, -0.5, 0.809017, 0.309017, 0.0, 0.0, 0.0, 0.0, 1.0 ], [ -0.5, 0.809017, 0.309017, 0.0, 0.809017, 0.309017, 0.5, 0.0, 0.309017, 0.5, -0.809017, 0.0, 0.0, 0.0, 0.0, 1.0 ], [ 0.309017, 0.5, -0.809017, 0.0, -0.5, 0.809017, 0.309017, 0.0, 0.809017, 0.309017, 0.5, 0.0, 0.0, 0.0, 0.0, 1.0 ], [ 0.5, 0.809017, 0.309017, 0.0, 0.809017, -0.309017, -0.5, 0.0, -0.309017, 0.5, -0.809017, 0.0, 0.0, 0.0, 0.0, 1.0 ], [ -0.309017, 0.5, -0.809017, 0.0, 0.5, 0.809017, 0.309017, 0.0, 0.809017, -0.309017, -0.5, 0.0, 0.0, 0.0, 0.0, 1.0 ], [ 0.809017, -0.309017, -0.5, 0.0, -0.309017, 0.5, -0.809017, 0.0, 0.5, 0.809017, 0.309017, 0.0, 0.0, 0.0, 0.0, 1.0 ], [ 0.5, 0.809017, -0.309017, 0.0, 0.809017, -0.309017, 0.5, 0.0, 0.309017, -0.5, -0.809017, 0.0, 0.0, 0.0, 0.0, 1.0 ], [ 0.309017, -0.5, -0.809017, 0.0, 0.5, 0.809017, -0.309017, 0.0, 0.809017, -0.309017, 0.5, 0.0, 0.0, 0.0, 0.0, 1.0 ], [ 0.809017, -0.309017, 0.5, 0.0, 0.309017, -0.5, -0.809017, 0.0, 0.5, 0.809017, -0.309017, 0.0, 0.0, 0.0, 0.0, 1.0 ], [ 0.809017, 0.309017, -0.5, 0.0, 0.309017, 0.5, 0.809017, 0.0, 0.5, -0.809017, 0.309017, 0.0, 0.0, 0.0, 0.0, 1.0 ], [ 0.5, -0.809017, 0.309017, 0.0, 0.809017, 0.309017, -0.5, 0.0, 0.309017, 0.5, 0.809017, 0.0, 0.0, 0.0, 0.0, 1.0 ], [ 0.309017, 0.5, 0.809017, 0.0, 0.5, -0.809017, 0.309017, 0.0, 0.809017, 0.309017, -0.5, 0.0, 0.0, 0.0, 0.0, 1.0 ], [ 1.0, 0.0, 0.0, 0.0, 0.0, -1.0, 0.0, 0.0, 0.0, 0.0, -1.0, 0.0, 0.0, 0.0, 0.0, 1.0 ], [ 0.0, 0.0, 1.0, 0.0, -1.0, 0.0, 0.0, 0.0, 0.0, -1.0, 0.0, 0.0, 0.0, 0.0, 0.0, 1.0 ], [ 0.0, 1.0, 0.0, 0.0, 0.0, 0.0, -1.0, 0.0, -1.0, 0.0, 0.0, 0.0, 0.0, 0.0, 0.0, 1.0 ], [ 0.809017, 0.309017, 0.5, 0.0, -0.309017, -0.5, 0.809017, 0.0, 0.5, -0.809017, -0.309017, 0.0, 0.0, 0.0, 0.0, 1.0 ], [ -0.5, 0.809017, 0.309017, 0.0, -0.809017, -0.309017, -0.5, 0.0, -0.309017, -0.5, 0.809017, 0.0, 0.0, 0.0, 0.0, 1.0 ], [ 0.309017, 0.5, -0.809017, 0.0, 0.5, -0.809017, -0.309017, 0.0, -0.809017, -0.309017, -0.5, 0.0, 0.0, 0.0, 0.0, 1.0 ], [ 0.5, 0.809017, 0.309017, 0.0, -0.809017, 0.309017, 0.5, 0.0, 0.309017, -0.5, 0.809017, 0.0, 0.0, 0.0, 0.0, 1.0 ], [ -0.309017, 0.5, -0.809017, 0.0, -0.5, -0.809017, -0.309017, 0.0, -0.809017, 0.309017, 0.5, 0.0, 0.0, 0.0, 0.0, 1.0 ], [ 0.809017, -0.309017, -0.5, 0.0, 0.309017, -0.5, 0.809017, 0.0, -0.5, -0.809017, -0.309017, 0.0, 0.0, 0.0, 0.0, 1.0 ], [ 0.5, 0.809017, -0.309017, 0.0, -0.809017, 0.309017, -0.5, 0.0, -0.309017, 0.5, 0.809017, 0.0, 0.0, 0.0, 0.0, 1.0 ], [ 0.309017, -0.5, -0.809017, 0.0, -0.5, -0.809017, 0.309017, 0.0, -0.809017, 0.309017, -0.5, 0.0, 0.0, 0.0, 0.0, 1.0 ], [ 0.809017, -0.309017, 0.5, 0.0, -0.309017, 0.5, 0.809017, 0.0, -0.5, -0.809017, 0.309017, 0.0, 0.0, 0.0, 0.0, 1.0 ], [ 0.809017, 0.309017, -0.5, 0.0, -0.309017, -0.5, -0.809017, 0.0, -0.5, 0.809017, -0.309017, 0.0, 0.0, 0.0, 0.0, 1.0 ], [ 0.5, -0.809017, 0.309017, 0.0, -0.809017, -0.309017, 0.5, 0.0, -0.309017, -0.5, -0.809017, 0.0, 0.0, 0.0, 0.0, 1.0 ], [ 0.309017, 0.5, 0.809017, 0.0, -0.5, 0.809017, -0.309017, 0.0, -0.809017, -0.309017, 0.5, 0.0, 0.0, 0.0, 0.0, 1.0 ], [ -1.0, 0.0, 0.0, 0.0, 0.0, -1.0, 0.0, 0.0, 0.0, 0.0, 1.0, 0.0, 0.0, 0.0, 0.0, 1.0 ], [ 0.0, 0.0, -1.0, 0.0, -1.0, 0.0, 0.0, 0.0, 0.0, 1.0, 0.0, 0.0, 0.0, 0.0, 0.0, 1.0 ], [ 0.0, -1.0, 0.0, 0.0, 0.0, 0.0, -1.0, 0.0, 1.0, 0.0, 0.0, 0.0, 0.0, 0.0, 0.0, 1.0 ], [ -0.809017, -0.309017, -0.5, 0.0, -0.309017, -0.5, 0.809017, 0.0, -0.5, 0.809017, 0.309017, 0.0, 0.0, 0.0, 0.0, 1.0 ], [ 0.5, -0.809017, -0.309017, 0.0, -0.809017, -0.309017, -0.5, 0.0, 0.309017, 0.5, -0.809017, 0.0, 0.0, 0.0, 0.0, 1.0 ], [ -0.309017, -0.5, 0.809017, 0.0, 0.5, -0.809017, -0.309017, 0.0, 0.809017, 0.309017, 0.5, 0.0, 0.0, 0.0, 0.0, 1.0 ], [ -0.5, -0.809017, -0.309017, 0.0, -0.809017, 0.309017, 0.5, 0.0, -0.309017, 0.5, -0.809017, 0.0, 0.0, 0.0, 0.0, 1.0 ], [ 0.309017, -0.5, 0.809017, 0.0, -0.5, -0.809017, -0.309017, 0.0, 0.809017, -0.309017, -0.5, 0.0, 0.0, 0.0, 0.0, 1.0 ], [ -0.809017, 0.309017, 0.5, 0.0, 0.309017, -0.5, 0.809017, 0.0, 0.5, 0.809017, 0.309017, 0.0, 0.0, 0.0, 0.0, 1.0 ], [ -0.5, -0.809017, 0.309017, 0.0, -0.809017, 0.309017, -0.5, 0.0, 0.309017, -0.5, -0.809017, 0.0, 0.0, 0.0, 0.0, 1.0 ], [ -0.309017, 0.5, 0.809017, 0.0, -0.5, -0.809017, 0.309017, 0.0, 0.809017, -0.309017, 0.5, 0.0, 0.0, 0.0, 0.0, 1.0 ], [ -0.809017, 0.309017, -0.5, 0.0, -0.309017, 0.5, 0.809017, 0.0, 0.5, 0.809017, -0.309017, 0.0, 0.0, 0.0, 0.0, 1.0 ], [ -0.809017, -0.309017, 0.5, 0.0, -0.309017, -0.5, -0.809017, 0.0, 0.5, -0.809017, 0.309017, 0.0, 0.0, 0.0, 0.0, 1.0 ], [ -0.5, 0.809017, -0.309017, 0.0, -0.809017, -0.309017, 0.5, 0.0, 0.309017, 0.5, 0.809017, 0.0, 0.0, 0.0, 0.0, 1.0 ], [ -0.309017, -0.5, -0.809017, 0.0, -0.5, 0.809017, -0.309017, 0.0, 0.809017, 0.309017, -0.5, 0.0, 0.0, 0.0, 0.0, 1.0 ], [ -1.0, 0.0, 0.0, 0.0, 0.0, 1.0, 0.0, 0.0, 0.0, 0.0, -1.0, 0.0, 0.0, 0.0, 0.0, 1.0 ], [ 0.0, 0.0, -1.0, 0.0, 1.0, 0.0, 0.0, 0.0, 0.0, -1.0, 0.0, 0.0, 0.0, 0.0, 0.0, 1.0 ], [ 0.0, -1.0, 0.0, 0.0, 0.0, 0.0, 1.0, 0.0, -1.0, 0.0, 0.0, 0.0, 0.0, 0.0, 0.0, 1.0 ], [ -0.809017, -0.309017, -0.5, 0.0, 0.309017, 0.5, -0.809017, 0.0, 0.5, -0.809017, -0.309017, 0.0, 0.0, 0.0, 0.0, 1.0 ], [ 0.5, -0.809017, -0.309017, 0.0, 0.809017, 0.309017, 0.5, 0.0, -0.309017, -0.5, 0.809017, 0.0, 0.0, 0.0, 0.0, 1.0 ], [ -0.309017, -0.5, 0.809017, 0.0, -0.5, 0.809017, 0.309017, 0.0, -0.809017, -0.309017, -0.5, 0.0, 0.0, 0.0, 0.0, 1.0 ], [ -0.5, -0.809017, -0.309017, 0.0, 0.809017, -0.309017, -0.5, 0.0, 0.309017, -0.5, 0.809017, 0.0, 0.0, 0.0, 0.0, 1.0 ], [ 0.309017, -0.5, 0.809017, 0.0, 0.5, 0.809017, 0.309017, 0.0, -0.809017, 0.309017, 0.5, 0.0, 0.0, 0.0, 0.0, 1.0 ], [ -0.809017, 0.309017, 0.5, 0.0, -0.309017, 0.5, -0.809017, 0.0, -0.5, -0.809017, -0.309017, 0.0, 0.0, 0.0, 0.0, 1.0 ], [ -0.5, -0.809017, 0.309017, 0.0, 0.809017, -0.309017, 0.5, 0.0, -0.309017, 0.5, 0.809017, 0.0, 0.0, 0.0, 0.0, 1.0 ], [ -0.309017, 0.5, 0.809017, 0.0, 0.5, 0.809017, -0.309017, 0.0, -0.809017, 0.309017, -0.5, 0.0, 0.0, 0.0, 0.0, 1.0 ], [ -0.809017, 0.309017, -0.5, 0.0, 0.309017, -0.5, -0.809017, 0.0, -0.5, -0.809017, 0.309017, 0.0, 0.0, 0.0, 0.0, 1.0 ], [ -0.809017, -0.309017, 0.5, 0.0, 0.309017, 0.5, 0.809017, 0.0, -0.5, 0.809017, -0.309017, 0.0, 0.0, 0.0, 0.0, 1.0 ], [ -0.5, 0.809017, -0.309017, 0.0, 0.809017, 0.309017, -0.5, 0.0, -0.309017, -0.5, -0.809017, 0.0, 0.0, 0.0, 0.0, 1.0 ], [ -0.309017, -0.5, -0.809017, 0.0, 0.5, -0.809017, 0.309017, 0.0, -0.809017, -0.309017, 0.5, 0.0, 0.0, 0.0, 0.0, 1.0 ] ],
  "lights" : {
    "ambientColor" : "#292929",
    "backgroundColor" : "#FFFFEF",
    "directionalLights" : [ {
      "direction" : {
        "x" : 1.0,
        "y" : -1.0,
        "z" : -1.0
      },
      "color" : "#EBEBE4"
    }, {
      "direction" : {
        "x" : -1.0,
        "y" : 0.0,
        "z" : 0.0
      },
      "color" : "#E4E4EB"
    }, {
      "direction" : {
        "x" : 0.0,
        "y" : 0.0,
        "z" : -1.0
      },
      "color" : "#1E1E1E"
    } ]
  },
  "camera" : {
    "perspective" : false,
    "viewDistance" : 190.35284,
    "lookAtPoint" : {
      "x" : 0.0,
      "y" : 0.0,
      "z" : 0.0
    },
    "farClipDistance" : 380.70642,
    "nearClipDistance" : 0.47588208,
    "fieldOfView" : 0.44263044,
    "lookDirection" : {
      "x" : 0.018028844,
      "y" : 0.17159379,
      "z" : -0.9850048
    },
    "upDirection" : {
      "x" : -0.025299914,
      "y" : 0.98492295,
      "z" : 0.171115
    },
    "width" : 85.65909,
    "stereo" : false,
    "position" : {
      "x" : -3.4318419,
      "y" : -32.663364,
      "z" : 187.49846
    }
  },
  "embedding" : [ 1.0, 0.0, 0.0, 0.0, 0.0, 1.0, 0.0, 0.0, 0.0, 0.0, 1.0, 0.0, 0.0, 0.0, 0.0, 1.0 ],
  "shapes" : [ {
    "id" : "9ea43ff1-f810-4321-85f8-888aee6fee4e",
    "vertices" : [ {
      "x" : 20.18034,
      "y" : 4.927051,
      "z" : -1.809017
    }, {
      "x" : 1.190983,
      "y" : 0.0,
      "z" : 0.072949015
    }, {
      "x" : 1.190983,
      "y" : 0.0,
      "z" : -0.309017
    }, {
      "x" : 20.18034,
      "y" : 4.927051,
      "z" : -2.190983
    }, {
      "x" : 20.916409,
      "y" : 5.427051,
      "z" : -2.072949
    }, {
      "x" : 1.190983,
      "y" : 0.618034,
      "z" : -0.309017
    }, {
      "x" : 20.18034,
      "y" : 5.545085,
      "z" : -2.190983
    }, {
      "x" : 20.18034,
      "y" : 5.545085,
      "z" : -1.809017
    }, {
      "x" : 1.190983,
      "y" : 0.618034,
      "z" : 0.072949015
    }, {
      "x" : 0.45491502,
      "y" : 0.11803399,
      "z" : -0.045084972
    }, {
      "x" : 21.371323,
      "y" : 5.545085,
      "z" : -2.118034
    } ],
    "faces" : [ {
      "vertices" : [ 2, 5, 6 ]
    }, {
      "vertices" : [ 2, 6, 3 ]
    }, {
      "vertices" : [ 0, 7, 8 ]
    }, {
      "vertices" : [ 0, 8, 1 ]
    }, {
      "vertices" : [ 2, 9, 5 ]
    }, {
      "vertices" : [ 4, 6, 7 ]
    }, {
      "vertices" : [ 1, 8, 9 ]
    }, {
      "vertices" : [ 0, 1, 2 ]
    }, {
      "vertices" : [ 0, 2, 3 ]
    }, {
      "vertices" : [ 5, 9, 8 ]
    }, {
      "vertices" : [ 0, 3, 4 ]
    }, {
      "vertices" : [ 5, 8, 7 ]
    }, {
      "vertices" : [ 5, 7, 6 ]
    }, {
      "vertices" : [ 0, 4, 7 ]
    }, {
      "vertices" : [ 1, 9, 2 ]
    }, {
      "vertices" : [ 3, 6, 4 ]
    } ]
  }, {
    "id" : "7ad75124-2f58-4365-8809-b87e4ef29a2b",
    "vertices" : [ {
      "x" : -0.309017,
      "y" : -0.19098301,
      "z" : 0.0
    }, {
      "x" : -0.309017,
      "y" : 0.19098301,
      "z" : 0.0
    }, {
      "x" : -0.19098301,
      "y" : 0.0,
      "z" : -0.309017
    }, {
      "x" : -0.19098301,
      "y" : 0.0,
      "z" : 0.309017
    }, {
      "x" : 0.0,
      "y" : -0.309017,
      "z" : -0.19098301
    }, {
      "x" : 0.0,
      "y" : -0.309017,
      "z" : 0.19098301
    }, {
      "x" : 0.0,
      "y" : 0.309017,
      "z" : -0.19098301
    }, {
      "x" : 0.0,
      "y" : 0.309017,
      "z" : 0.19098301
    }, {
      "x" : 0.19098301,
      "y" : 0.0,
      "z" : -0.309017
    }, {
      "x" : 0.19098301,
      "y" : 0.0,
      "z" : 0.309017
    }, {
      "x" : 0.309017,
      "y" : -0.19098301,
      "z" : 0.0
    }, {
      "x" : 0.309017,
      "y" : 0.19098301,
      "z" : 0.0
    } ],
    "faces" : [ {
      "vertices" : [ 0, 1, 2 ]
    }, {
      "vertices" : [ 0, 3, 1 ]
    }, {
      "vertices" : [ 0, 2, 4 ]
    }, {
      "vertices" : [ 0, 5, 3 ]
    }, {
      "vertices" : [ 0, 4, 5 ]
    }, {
      "vertices" : [ 1, 6, 2 ]
    }, {
      "vertices" : [ 1, 3, 7 ]
    }, {
      "vertices" : [ 1, 7, 6 ]
    }, {
      "vertices" : [ 2, 8, 4 ]
    }, {
      "vertices" : [ 2, 6, 8 ]
    }, {
      "vertices" : [ 3, 5, 9 ]
    }, {
      "vertices" : [ 3, 9, 7 ]
    }, {
      "vertices" : [ 4, 10, 5 ]
    }, {
      "vertices" : [ 4, 8, 10 ]
    }, {
      "vertices" : [ 5, 10, 9 ]
    }, {
      "vertices" : [ 6, 7, 11 ]
    }, {
      "vertices" : [ 6, 11, 8 ]
    }, {
      "vertices" : [ 7, 9, 11 ]
    }, {
      "vertices" : [ 8, 11, 10 ]
    }, {
      "vertices" : [ 9, 10, 11 ]
    } ]
  }, {
    "id" : "f3302154-ad63-49ce-8a2f-4d00a6dca6d4",
    "vertices" : [ {
      "x" : 1.0,
      "y" : 0.309017,
      "z" : 0.19098301
    }, {
      "x" : 1.0,
      "y" : -0.309017,
      "z" : 0.19098301
    }, {
      "x" : 21.18034,
      "y" : -0.309017,
      "z" : 0.19098301
    }, {
      "x" : 21.18034,
      "y" : 0.309017,
      "z" : 0.19098301
    }, {
      "x" : 21.18034,
      "y" : -0.309017,
      "z" : -0.19098301
    }, {
      "x" : 21.18034,
      "y" : 0.309017,
      "z" : -0.19098301
    }, {
      "x" : 21.798374,
      "y" : 0.0,
      "z" : 0.0
    }, {
      "x" : 0.38196602,
      "y" : 0.0,
      "z" : 0.0
    }, {
      "x" : 1.0,
      "y" : 0.309017,
      "z" : -0.19098301
    }, {
      "x" : 1.0,
      "y" : -0.309017,
      "z" : -0.19098301
    }, {
      "x" : 22.18034,
      "y" : 0.0,
      "z" : 0.0
    } ],
    "faces" : [ {
      "vertices" : [ 1, 9, 4 ]
    }, {
      "vertices" : [ 1, 4, 2 ]
    }, {
      "vertices" : [ 0, 3, 5 ]
    }, {
      "vertices" : [ 0, 5, 8 ]
    }, {
      "vertices" : [ 1, 7, 9 ]
    }, {
      "vertices" : [ 0, 1, 2 ]
    }, {
      "vertices" : [ 0, 2, 3 ]
    }, {
      "vertices" : [ 7, 8, 9 ]
    }, {
      "vertices" : [ 0, 7, 1 ]
    }, {
      "vertices" : [ 4, 9, 8 ]
    }, {
      "vertices" : [ 4, 8, 5 ]
    }, {
      "vertices" : [ 2, 6, 3 ]
    }, {
      "vertices" : [ 2, 4, 6 ]
    }, {
      "vertices" : [ 3, 6, 5 ]
    }, {
      "vertices" : [ 4, 5, 6 ]
    }, {
      "vertices" : [ 0, 8, 7 ]
    } ]
  } ],
  "instances" : [ {
    "shape" : "9ea43ff1-f810-4321-85f8-888aee6fee4e",
    "color" : "#1E1E1E",
    "position" : {
      "x" : 0.0,
      "y" : 0.0,
      "z" : 0.0
    },
    "orientation" : 19
  }, {
    "shape" : "9ea43ff1-f810-4321-85f8-888aee6fee4e",
    "color" : "#1E1E1E",
    "position" : {
      "x" : 0.0,
      "y" : 0.0,
      "z" : 0.0
    },
    "orientation" : 58
  }, {
    "shape" : "7ad75124-2f58-4365-8809-b87e4ef29a2b",
    "color" : "#FFFFFF",
    "position" : {
      "x" : -7.663119,
      "y" : -5.545085,
      "z" : 20.062305
    }
  }, {
    "shape" : "7ad75124-2f58-4365-8809-b87e4ef29a2b",
    "color" : "#FFFFFF",
    "position" : {
      "x" : -20.062305,
      "y" : 7.663119,
      "z" : -5.545085
    }
  }, {
    "shape" : "7ad75124-2f58-4365-8809-b87e4ef29a2b",
    "color" : "#FFFFFF",
    "position" : {
      "x" : 14.5172205,
      "y" : -5.545085,
      "z" : 15.826238
    }
  }, {
    "shape" : "7ad75124-2f58-4365-8809-b87e4ef29a2b",
    "color" : "#FFFFFF",
    "position" : {
      "x" : 20.062305,
      "y" : -7.663119,
      "z" : 5.545085
    }
  }, {
    "shape" : "9ea43ff1-f810-4321-85f8-888aee6fee4e",
    "color" : "#1E1E1E",
    "position" : {
      "x" : 0.0,
      "y" : 0.0,
      "z" : 0.0
    },
    "orientation" : 21
  }, {
    "shape" : "f3302154-ad63-49ce-8a2f-4d00a6dca6d4",
    "color" : "#007695",
    "position" : {
      "x" : 0.0,
      "y" : 0.0,
      "z" : 0.0
    },
    "orientation" : 7
  }, {
    "shape" : "7ad75124-2f58-4365-8809-b87e4ef29a2b",
    "color" : "#FFFFFF",
    "position" : {
      "x" : -15.826238,
      "y" : -14.5172205,
      "z" : 5.545085
    }
  }, {
    "shape" : "7ad75124-2f58-4365-8809-b87e4ef29a2b",
    "color" : "#FFFFFF",
    "position" : {
      "x" : -11.09017,
      "y" : 17.944271,
      "z" : 6.854102
    }
  }, {
    "shape" : "7ad75124-2f58-4365-8809-b87e4ef29a2b",
    "color" : "#FFFFFF",
    "position" : {
      "x" : 15.826238,
      "y" : -14.5172205,
      "z" : 5.545085
    }
  }, {
    "shape" : "7ad75124-2f58-4365-8809-b87e4ef29a2b",
    "color" : "#FFFFFF",
    "position" : {
      "x" : -11.09017,
      "y" : -17.944271,
      "z" : -6.854102
    }
  }, {
    "shape" : "7ad75124-2f58-4365-8809-b87e4ef29a2b",
    "color" : "#FFFFFF",
    "position" : {
      "x" : 16.635256,
      "y" : 2.118034,
      "z" : 14.5172205
    }
  }, {
    "shape" : "9ea43ff1-f810-4321-85f8-888aee6fee4e",
    "color" : "#1E1E1E",
    "position" : {
      "x" : -11.09017,
      "y" : -6.854102,
      "z" : 17.944271
    },
    "orientation" : 20
  }, {
    "shape" : "f3302154-ad63-49ce-8a2f-4d00a6dca6d4",
    "color" : "#007695",
    "position" : {
      "x" : 0.0,
      "y" : 0.0,
      "z" : 0.0
    },
    "orientation" : 23
  }, {
    "shape" : "7ad75124-2f58-4365-8809-b87e4ef29a2b",
    "color" : "#FFFFFF",
    "position" : {
      "x" : -17.944271,
      "y" : 11.09017,
      "z" : 6.854102
    }
  }, {
    "shape" : "9ea43ff1-f810-4321-85f8-888aee6fee4e",
    "color" : "#1E1E1E",
    "position" : {
      "x" : 0.0,
      "y" : 0.0,
      "z" : 0.0
    },
    "orientation" : 8
  }, {
    "shape" : "9ea43ff1-f810-4321-85f8-888aee6fee4e",
    "color" : "#1E1E1E",
    "position" : {
      "x" : 17.944271,
      "y" : -11.09017,
      "z" : -6.854102
    },
    "orientation" : 48
  }, {
    "shape" : "7ad75124-2f58-4365-8809-b87e4ef29a2b",
    "color" : "#FFFFFF",
    "position" : {
      "x" : 0.0,
      "y" : 0.0,
      "z" : -22.18034
    }
  }, {
    "shape" : "7ad75124-2f58-4365-8809-b87e4ef29a2b",
    "color" : "#FFFFFF",
    "position" : {
      "x" : -16.635256,
      "y" : 2.118034,
      "z" : -14.5172205
    }
  }, {
    "shape" : "7ad75124-2f58-4365-8809-b87e4ef29a2b",
    "color" : "#FFFFFF",
    "position" : {
      "x" : 15.826238,
      "y" : -14.5172205,
      "z" : -5.545085
    }
  }, {
    "shape" : "9ea43ff1-f810-4321-85f8-888aee6fee4e",
    "color" : "#1E1E1E",
    "position" : {
      "x" : 0.0,
      "y" : 0.0,
      "z" : 0.0
    },
    "orientation" : 24
  }, {
    "shape" : "9ea43ff1-f810-4321-85f8-888aee6fee4e",
    "color" : "#1E1E1E",
    "position" : {
      "x" : 0.0,
      "y" : 0.0,
      "z" : 0.0
    },
    "orientation" : 46
  }, {
    "shape" : "7ad75124-2f58-4365-8809-b87e4ef29a2b",
    "color" : "#FFFFFF",
    "position" : {
      "x" : 14.5172205,
      "y" : 16.635256,
      "z" : -2.118034
    }
  }, {
    "shape" : "7ad75124-2f58-4365-8809-b87e4ef29a2b",
    "color" : "#FFFFFF",
    "position" : {
      "x" : 14.5172205,
      "y" : -5.545085,
      "z" : -15.826238
    }
  }, {
    "shape" : "9ea43ff1-f810-4321-85f8-888aee6fee4e",
    "color" : "#1E1E1E",
    "position" : {
      "x" : -21.371323,
      "y" : 5.545085,
      "z" : -2.118034
    },
    "orientation" : 15
  }, {
    "shape" : "7ad75124-2f58-4365-8809-b87e4ef29a2b",
    "color" : "#FFFFFF",
    "position" : {
      "x" : -15.826238,
      "y" : 14.5172205,
      "z" : 5.545085
    }
  }, {
    "shape" : "7ad75124-2f58-4365-8809-b87e4ef29a2b",
    "color" : "#FFFFFF",
    "position" : {
      "x" : 11.09017,
      "y" : -17.944271,
      "z" : 6.854102
    }
  }, {
    "shape" : "9ea43ff1-f810-4321-85f8-888aee6fee4e",
    "color" : "#1E1E1E",
    "position" : {
      "x" : 0.0,
      "y" : 0.0,
      "z" : 0.0
    },
    "orientation" : 1
  }, {
    "shape" : "7ad75124-2f58-4365-8809-b87e4ef29a2b",
    "color" : "#FFFFFF",
    "position" : {
      "x" : -2.118034,
      "y" : -14.5172205,
      "z" : -16.635256
    }
  }, {
    "shape" : "7ad75124-2f58-4365-8809-b87e4ef29a2b",
    "color" : "#FFFFFF",
    "position" : {
      "x" : 2.118034,
      "y" : -21.371323,
      "z" : 5.545085
    }
  }, {
    "shape" : "f3302154-ad63-49ce-8a2f-4d00a6dca6d4",
    "color" : "#007695",
    "position" : {
      "x" : 0.0,
      "y" : 0.0,
      "z" : 0.0
    },
    "orientation" : 37
  }, {
    "shape" : "9ea43ff1-f810-4321-85f8-888aee6fee4e",
    "color" : "#1E1E1E",
    "position" : {
      "x" : 20.062305,
      "y" : -7.663119,
      "z" : 5.545085
    },
    "orientation" : 57
  }, {
    "shape" : "7ad75124-2f58-4365-8809-b87e4ef29a2b",
    "color" : "#FFFFFF",
    "position" : {
      "x" : -20.062305,
      "y" : 7.663119,
      "z" : 5.545085
    }
  }, {
    "shape" : "7ad75124-2f58-4365-8809-b87e4ef29a2b",
    "color" : "#FFFFFF",
    "position" : {
      "x" : 11.09017,
      "y" : 6.854102,
      "z" : -17.944271
    }
  }, {
    "shape" : "9ea43ff1-f810-4321-85f8-888aee6fee4e",
    "color" : "#1E1E1E",
    "position" : {
      "x" : 0.0,
      "y" : 0.0,
      "z" : 0.0
    },
    "orientation" : 34
  }, {
    "shape" : "7ad75124-2f58-4365-8809-b87e4ef29a2b",
    "color" : "#FFFFFF",
    "position" : {
      "x" : -17.944271,
      "y" : -6.854102,
      "z" : -11.09017
    }
  }, {
    "shape" : "9ea43ff1-f810-4321-85f8-888aee6fee4e",
    "color" : "#1E1E1E",
    "position" : {
      "x" : 0.0,
      "y" : 0.0,
      "z" : 0.0
    },
    "orientation" : 30
  }, {
    "shape" : "7ad75124-2f58-4365-8809-b87e4ef29a2b",
    "color" : "#FFFFFF",
    "position" : {
      "x" : -11.09017,
      "y" : 6.854102,
      "z" : 17.944271
    }
  }, {
    "shape" : "9ea43ff1-f810-4321-85f8-888aee6fee4e",
    "color" : "#1E1E1E",
    "position" : {
      "x" : 0.0,
      "y" : 0.0,
      "z" : 0.0
    },
    "orientation" : 57
  }, {
    "shape" : "7ad75124-2f58-4365-8809-b87e4ef29a2b",
    "color" : "#FFFFFF",
    "position" : {
      "x" : 5.545085,
      "y" : -2.118034,
      "z" : -21.371323
    }
  }, {
    "shape" : "9ea43ff1-f810-4321-85f8-888aee6fee4e",
    "color" : "#1E1E1E",
    "position" : {
      "x" : -14.5172205,
      "y" : 5.545085,
      "z" : 15.826238
    },
    "orientation" : 26
  }, {
    "shape" : "9ea43ff1-f810-4321-85f8-888aee6fee4e",
    "color" : "#1E1E1E",
    "position" : {
      "x" : 0.0,
      "y" : 0.0,
      "z" : 0.0
    },
    "orientation" : 50
  }, {
    "shape" : "7ad75124-2f58-4365-8809-b87e4ef29a2b",
    "color" : "#FFFFFF",
    "position" : {
      "x" : 14.5172205,
      "y" : -16.635256,
      "z" : -2.118034
    }
  }, {
    "shape" : "7ad75124-2f58-4365-8809-b87e4ef29a2b",
    "color" : "#FFFFFF",
    "position" : {
      "x" : 17.944271,
      "y" : -11.09017,
      "z" : -6.854102
    }
  }, {
    "shape" : "7ad75124-2f58-4365-8809-b87e4ef29a2b",
    "color" : "#FFFFFF",
    "position" : {
      "x" : -14.5172205,
      "y" : -5.545085,
      "z" : 15.826238
    }
  }, {
    "shape" : "9ea43ff1-f810-4321-85f8-888aee6fee4e",
    "color" : "#1E1E1E",
    "position" : {
      "x" : 0.0,
      "y" : 0.0,
      "z" : 0.0
    },
    "orientation" : 35
  }, {
    "shape" : "9ea43ff1-f810-4321-85f8-888aee6fee4e",
    "color" : "#1E1E1E",
    "position" : {
      "x" : -7.663119,
      "y" : 5.545085,
      "z" : 20.062305
    },
    "orientation" : 29
  }, {
    "shape" : "7ad75124-2f58-4365-8809-b87e4ef29a2b",
    "color" : "#FFFFFF",
    "position" : {
      "x" : -5.545085,
      "y" : 2.118034,
      "z" : 21.371323
    }
  }, {
    "shape" : "7ad75124-2f58-4365-8809-b87e4ef29a2b",
    "color" : "#FFFFFF",
    "position" : {
      "x" : 6.854102,
      "y" : -17.944271,
      "z" : 11.09017
    }
  }, {
    "shape" : "9ea43ff1-f810-4321-85f8-888aee6fee4e",
    "color" : "#1E1E1E",
    "position" : {
      "x" : 0.0,
      "y" : 0.0,
      "z" : 0.0
    },
    "orientation" : 29
  }, {
    "shape" : "f3302154-ad63-49ce-8a2f-4d00a6dca6d4",
    "color" : "#007695",
    "position" : {
      "x" : 0.0,
      "y" : 0.0,
      "z" : 0.0
    },
    "orientation" : 1
  }, {
    "shape" : "9ea43ff1-f810-4321-85f8-888aee6fee4e",
    "color" : "#1E1E1E",
    "position" : {
      "x" : 5.545085,
      "y" : 15.826238,
      "z" : -14.5172205
    },
    "orientation" : 40
  }, {
    "shape" : "7ad75124-2f58-4365-8809-b87e4ef29a2b",
    "color" : "#FFFFFF",
    "position" : {
      "x" : 5.545085,
      "y" : 20.062305,
      "z" : -7.663119
    }
  }, {
    "shape" : "7ad75124-2f58-4365-8809-b87e4ef29a2b",
    "color" : "#FFFFFF",
    "position" : {
      "x" : 17.944271,
      "y" : -6.854102,
      "z" : 11.09017
    }
  }, {
    "shape" : "9ea43ff1-f810-4321-85f8-888aee6fee4e",
    "color" : "#1E1E1E",
    "position" : {
      "x" : 0.0,
      "y" : 0.0,
      "z" : 0.0
    },
    "orientation" : 43
  }, {
    "shape" : "7ad75124-2f58-4365-8809-b87e4ef29a2b",
    "color" : "#FFFFFF",
    "position" : {
      "x" : 5.545085,
      "y" : 15.826238,
      "z" : -14.5172205
    }
  }, {
    "shape" : "9ea43ff1-f810-4321-85f8-888aee6fee4e",
    "color" : "#1E1E1E",
    "position" : {
      "x" : 0.0,
      "y" : 0.0,
      "z" : 0.0
    },
    "orientation" : 41
  }, {
    "shape" : "9ea43ff1-f810-4321-85f8-888aee6fee4e",
    "color" : "#1E1E1E",
    "position" : {
      "x" : 20.062305,
      "y" : 7.663119,
      "z" : -5.545085
    },
    "orientation" : 42
  }, {
    "shape" : "f3302154-ad63-49ce-8a2f-4d00a6dca6d4",
    "color" : "#007695",
    "position" : {
      "x" : 0.0,
      "y" : 0.0,
      "z" : 0.0
    },
    "orientation" : 39
  }, {
    "shape" : "f3302154-ad63-49ce-8a2f-4d00a6dca6d4",
    "color" : "#007695",
    "position" : {
      "x" : 0.0,
      "y" : 0.0,
      "z" : 0.0
    },
    "orientation" : 54
  }, {
    "shape" : "f3302154-ad63-49ce-8a2f-4d00a6dca6d4",
    "color" : "#007695",
    "position" : {
      "x" : 0.0,
      "y" : 0.0,
      "z" : 0.0
    },
    "orientation" : 52
  }, {
    "shape" : "9ea43ff1-f810-4321-85f8-888aee6fee4e",
    "color" : "#1E1E1E",
    "position" : {
      "x" : 0.0,
      "y" : 0.0,
      "z" : 0.0
    },
    "orientation" : 45
  }, {
    "shape" : "7ad75124-2f58-4365-8809-b87e4ef29a2b",
    "color" : "#FFFFFF",
    "position" : {
      "x" : 2.118034,
      "y" : 14.5172205,
      "z" : -16.635256
    }
  }, {
    "shape" : "7ad75124-2f58-4365-8809-b87e4ef29a2b",
    "color" : "#FFFFFF",
    "position" : {
      "x" : 6.854102,
      "y" : -17.944271,
      "z" : -11.09017
    }
  }, {
    "shape" : "7ad75124-2f58-4365-8809-b87e4ef29a2b",
    "color" : "#FFFFFF",
    "position" : {
      "x" : 14.5172205,
      "y" : 5.545085,
      "z" : 15.826238
    }
  }, {
    "shape" : "9ea43ff1-f810-4321-85f8-888aee6fee4e",
    "color" : "#1E1E1E",
    "position" : {
      "x" : 0.0,
      "y" : 0.0,
      "z" : 0.0
    },
    "orientation" : 56
  }, {
    "shape" : "9ea43ff1-f810-4321-85f8-888aee6fee4e",
    "color" : "#1E1E1E",
    "position" : {
      "x" : 0.0,
      "y" : 0.0,
      "z" : 0.0
    },
    "orientation" : 7
  }, {
    "shape" : "9ea43ff1-f810-4321-85f8-888aee6fee4e",
    "color" : "#1E1E1E",
    "position" : {
      "x" : 0.0,
      "y" : 0.0,
      "z" : 0.0
    },
    "orientation" : 27
  }, {
    "shape" : "7ad75124-2f58-4365-8809-b87e4ef29a2b",
    "color" : "#FFFFFF",
    "position" : {
      "x" : -2.118034,
      "y" : -21.371323,
      "z" : -5.545085
    }
  }, {
    "shape" : "9ea43ff1-f810-4321-85f8-888aee6fee4e",
    "color" : "#1E1E1E",
    "position" : {
      "x" : 0.0,
      "y" : 0.0,
      "z" : 0.0
    },
    "orientation" : 32
  }, {
    "shape" : "7ad75124-2f58-4365-8809-b87e4ef29a2b",
    "color" : "#FFFFFF",
    "position" : {
      "x" : 11.09017,
      "y" : 17.944271,
      "z" : 6.854102
    }
  }, {
    "shape" : "9ea43ff1-f810-4321-85f8-888aee6fee4e",
    "color" : "#1E1E1E",
    "position" : {
      "x" : 7.663119,
      "y" : 5.545085,
      "z" : -20.062305
    },
    "orientation" : 44
  }, {
    "shape" : "f3302154-ad63-49ce-8a2f-4d00a6dca6d4",
    "color" : "#007695",
    "position" : {
      "x" : 0.0,
      "y" : 0.0,
      "z" : 0.0
    },
    "orientation" : 21
  }, {
    "shape" : "7ad75124-2f58-4365-8809-b87e4ef29a2b",
    "color" : "#FFFFFF",
    "position" : {
      "x" : 0.0,
      "y" : -22.18034,
      "z" : 0.0
    }
  }, {
    "shape" : "9ea43ff1-f810-4321-85f8-888aee6fee4e",
    "color" : "#1E1E1E",
    "position" : {
      "x" : 15.826238,
      "y" : 14.5172205,
      "z" : -5.545085
    },
    "orientation" : 39
  }, {
    "shape" : "7ad75124-2f58-4365-8809-b87e4ef29a2b",
    "color" : "#FFFFFF",
    "position" : {
      "x" : -2.118034,
      "y" : -21.371323,
      "z" : 5.545085
    }
  }, {
    "shape" : "9ea43ff1-f810-4321-85f8-888aee6fee4e",
    "color" : "#1E1E1E",
    "position" : {
      "x" : 17.944271,
      "y" : 11.09017,
      "z" : 6.854102
    },
    "orientation" : 33
  }, {
    "shape" : "9ea43ff1-f810-4321-85f8-888aee6fee4e",
    "color" : "#1E1E1E",
    "position" : {
      "x" : 14.5172205,
      "y" : 16.635256,
      "z" : 2.118034
    },
    "orientation" : 36
  }, {
    "shape" : "7ad75124-2f58-4365-8809-b87e4ef29a2b",
    "color" : "#FFFFFF",
    "position" : {
      "x" : -15.826238,
      "y" : -14.5172205,
      "z" : -5.545085
    }
  }, {
    "shape" : "7ad75124-2f58-4365-8809-b87e4ef29a2b",
    "color" : "#FFFFFF",
    "position" : {
      "x" : -6.854102,
      "y" : -17.944271,
      "z" : -11.09017
    }
  }, {
    "shape" : "7ad75124-2f58-4365-8809-b87e4ef29a2b",
    "color" : "#FFFFFF",
    "position" : {
      "x" : 14.5172205,
      "y" : -16.635256,
      "z" : 2.118034
    }
  }, {
    "shape" : "7ad75124-2f58-4365-8809-b87e4ef29a2b",
    "color" : "#FFFFFF",
    "position" : {
      "x" : -11.09017,
      "y" : 17.944271,
      "z" : -6.854102
    }
  }, {
    "shape" : "9ea43ff1-f810-4321-85f8-888aee6fee4e",
    "color" : "#1E1E1E",
    "position" : {
      "x" : 21.371323,
      "y" : -5.545085,
      "z" : -2.118034
    },
    "orientation" : 45
  }, {
    "shape" : "7ad75124-2f58-4365-8809-b87e4ef29a2b",
    "color" : "#FFFFFF",
    "position" : {
      "x" : 16.635256,
      "y" : 2.118034,
      "z" : -14.5172205
    }
  }, {
    "shape" : "7ad75124-2f58-4365-8809-b87e4ef29a2b",
    "color" : "#FFFFFF",
    "position" : {
      "x" : 5.545085,
      "y" : 2.118034,
      "z" : -21.371323
    }
  }, {
    "shape" : "7ad75124-2f58-4365-8809-b87e4ef29a2b",
    "color" : "#FFFFFF",
    "position" : {
      "x" : -14.5172205,
      "y" : 5.545085,
      "z" : 15.826238
    }
  }, {
    "shape" : "9ea43ff1-f810-4321-85f8-888aee6fee4e",
    "color" : "#1E1E1E",
    "position" : {
      "x" : 0.0,
      "y" : 0.0,
      "z" : 0.0
    },
    "orientation" : 15
  }, {
    "shape" : "7ad75124-2f58-4365-8809-b87e4ef29a2b",
    "color" : "#FFFFFF",
    "position" : {
      "x" : -16.635256,
      "y" : -2.118034,
      "z" : 14.5172205
    }
  }, {
    "shape" : "9ea43ff1-f810-4321-85f8-888aee6fee4e",
    "color" : "#1E1E1E",
    "position" : {
      "x" : 0.0,
      "y" : 0.0,
      "z" : 0.0
    },
    "orientation" : 5
  }, {
    "shape" : "9ea43ff1-f810-4321-85f8-888aee6fee4e",
    "color" : "#1E1E1E",
    "position" : {
      "x" : 0.0,
      "y" : 0.0,
      "z" : 0.0
    },
    "orientation" : 17
  }, {
    "shape" : "9ea43ff1-f810-4321-85f8-888aee6fee4e",
    "color" : "#1E1E1E",
    "position" : {
      "x" : -5.545085,
      "y" : -15.826238,
      "z" : -14.5172205
    },
    "orientation" : 10
  }, {
    "shape" : "7ad75124-2f58-4365-8809-b87e4ef29a2b",
    "color" : "#FFFFFF",
    "position" : {
      "x" : 11.09017,
      "y" : 6.854102,
      "z" : 17.944271
    }
  }, {
    "shape" : "9ea43ff1-f810-4321-85f8-888aee6fee4e",
    "color" : "#1E1E1E",
    "position" : {
      "x" : -5.545085,
      "y" : -2.118034,
      "z" : 21.371323
    },
    "orientation" : 17
  }, {
    "shape" : "9ea43ff1-f810-4321-85f8-888aee6fee4e",
    "color" : "#1E1E1E",
    "position" : {
      "x" : -2.118034,
      "y" : 21.371323,
      "z" : -5.545085
    },
    "orientation" : 31
  }, {
    "shape" : "7ad75124-2f58-4365-8809-b87e4ef29a2b",
    "color" : "#FFFFFF",
    "position" : {
      "x" : -5.545085,
      "y" : -15.826238,
      "z" : 14.5172205
    }
  }, {
    "shape" : "f3302154-ad63-49ce-8a2f-4d00a6dca6d4",
    "color" : "#007695",
    "position" : {
      "x" : 0.0,
      "y" : 0.0,
      "z" : 0.0
    },
    "orientation" : 56
  }, {
    "shape" : "9ea43ff1-f810-4321-85f8-888aee6fee4e",
    "color" : "#1E1E1E",
    "position" : {
      "x" : 14.5172205,
      "y" : 5.545085,
      "z" : -15.826238
    },
    "orientation" : 41
  }, {
    "shape" : "9ea43ff1-f810-4321-85f8-888aee6fee4e",
    "color" : "#1E1E1E",
    "position" : {
      "x" : 0.0,
      "y" : 0.0,
      "z" : 0.0
    },
    "orientation" : 10
  }, {
    "shape" : "9ea43ff1-f810-4321-85f8-888aee6fee4e",
    "color" : "#1E1E1E",
    "position" : {
      "x" : 2.118034,
      "y" : -21.371323,
      "z" : -5.545085
    },
    "orientation" : 1
  }, {
    "shape" : "9ea43ff1-f810-4321-85f8-888aee6fee4e",
    "color" : "#1E1E1E",
    "position" : {
      "x" : -20.062305,
      "y" : -7.663119,
      "z" : -5.545085
    },
    "orientation" : 12
  }, {
    "shape" : "7ad75124-2f58-4365-8809-b87e4ef29a2b",
    "color" : "#FFFFFF",
    "position" : {
      "x" : 5.545085,
      "y" : -15.826238,
      "z" : -14.5172205
    }
  }, {
    "shape" : "7ad75124-2f58-4365-8809-b87e4ef29a2b",
    "color" : "#FFFFFF",
    "position" : {
      "x" : 11.09017,
      "y" : -6.854102,
      "z" : 17.944271
    }
  }, {
    "shape" : "9ea43ff1-f810-4321-85f8-888aee6fee4e",
    "color" : "#1E1E1E",
    "position" : {
      "x" : 2.118034,
      "y" : -14.5172205,
      "z" : -16.635256
    },
    "orientation" : 7
  }, {
    "shape" : "7ad75124-2f58-4365-8809-b87e4ef29a2b",
    "color" : "#FFFFFF",
    "position" : {
      "x" : 17.944271,
      "y" : -6.854102,
      "z" : -11.09017
    }
  }, {
    "shape" : "7ad75124-2f58-4365-8809-b87e4ef29a2b",
    "color" : "#FFFFFF",
    "position" : {
      "x" : -20.062305,
      "y" : -7.663119,
      "z" : -5.545085
    }
  }, {
    "shape" : "7ad75124-2f58-4365-8809-b87e4ef29a2b",
    "color" : "#FFFFFF",
    "position" : {
      "x" : -21.371323,
      "y" : 5.545085,
      "z" : -2.118034
    }
  }, {
    "shape" : "7ad75124-2f58-4365-8809-b87e4ef29a2b",
    "color" : "#FFFFFF",
    "position" : {
      "x" : -14.5172205,
      "y" : 5.545085,
      "z" : -15.826238
    }
  }, {
    "shape" : "9ea43ff1-f810-4321-85f8-888aee6fee4e",
    "color" : "#1E1E1E",
    "position" : {
      "x" : 5.545085,
      "y" : 2.118034,
      "z" : 21.371323
    },
    "orientation" : 47
  }, {
    "shape" : "7ad75124-2f58-4365-8809-b87e4ef29a2b",
    "color" : "#FFFFFF",
    "position" : {
      "x" : -21.371323,
      "y" : -5.545085,
      "z" : 2.118034
    }
  }, {
    "shape" : "9ea43ff1-f810-4321-85f8-888aee6fee4e",
    "color" : "#1E1E1E",
    "position" : {
      "x" : 6.854102,
      "y" : 17.944271,
      "z" : 11.09017
    },
    "orientation" : 19
  }, {
    "shape" : "9ea43ff1-f810-4321-85f8-888aee6fee4e",
    "color" : "#1E1E1E",
    "position" : {
      "x" : -16.635256,
      "y" : -2.118034,
      "z" : 14.5172205
    },
    "orientation" : 23
  }, {
    "shape" : "7ad75124-2f58-4365-8809-b87e4ef29a2b",
    "color" : "#FFFFFF",
    "position" : {
      "x" : 15.826238,
      "y" : 14.5172205,
      "z" : 5.545085
    }
  }, {
    "shape" : "7ad75124-2f58-4365-8809-b87e4ef29a2b",
    "color" : "#FFFFFF",
    "position" : {
      "x" : 21.371323,
      "y" : -5.545085,
      "z" : 2.118034
    }
  }, {
    "shape" : "9ea43ff1-f810-4321-85f8-888aee6fee4e",
    "color" : "#1E1E1E",
    "position" : {
      "x" : 0.0,
      "y" : 0.0,
      "z" : 0.0
    },
    "orientation" : 52
  }, {
    "shape" : "7ad75124-2f58-4365-8809-b87e4ef29a2b",
    "color" : "#FFFFFF",
    "position" : {
      "x" : -14.5172205,
      "y" : -16.635256,
      "z" : -2.118034
    }
  }, {
    "shape" : "7ad75124-2f58-4365-8809-b87e4ef29a2b",
    "color" : "#FFFFFF",
    "position" : {
      "x" : 17.944271,
      "y" : 6.854102,
      "z" : -11.09017
    }
  }, {
    "shape" : "9ea43ff1-f810-4321-85f8-888aee6fee4e",
    "color" : "#1E1E1E",
    "position" : {
      "x" : -11.09017,
      "y" : 6.854102,
      "z" : -17.944271
    },
    "orientation" : 5
  }, {
    "shape" : "7ad75124-2f58-4365-8809-b87e4ef29a2b",
    "color" : "#FFFFFF",
    "position" : {
      "x" : -5.545085,
      "y" : 15.826238,
      "z" : 14.5172205
    }
  }, {
    "shape" : "9ea43ff1-f810-4321-85f8-888aee6fee4e",
    "color" : "#1E1E1E",
    "position" : {
      "x" : 11.09017,
      "y" : 6.854102,
      "z" : 17.944271
    },
    "orientation" : 50
  }, {
    "shape" : "9ea43ff1-f810-4321-85f8-888aee6fee4e",
    "color" : "#1E1E1E",
    "position" : {
      "x" : -20.062305,
      "y" : 7.663119,
      "z" : 5.545085
    },
    "orientation" : 27
  }, {
    "shape" : "9ea43ff1-f810-4321-85f8-888aee6fee4e",
    "color" : "#1E1E1E",
    "position" : {
      "x" : -14.5172205,
      "y" : -16.635256,
      "z" : 2.118034
    },
    "orientation" : 6
  }, {
    "shape" : "7ad75124-2f58-4365-8809-b87e4ef29a2b",
    "color" : "#FFFFFF",
    "position" : {
      "x" : 22.18034,
      "y" : 0.0,
      "z" : 0.0
    }
  }, {
    "shape" : "f3302154-ad63-49ce-8a2f-4d00a6dca6d4",
    "color" : "#007695",
    "position" : {
      "x" : 0.0,
      "y" : 0.0,
      "z" : 0.0
    },
    "orientation" : 22
  }, {
    "shape" : "7ad75124-2f58-4365-8809-b87e4ef29a2b",
    "color" : "#FFFFFF",
    "position" : {
      "x" : 5.545085,
      "y" : -20.062305,
      "z" : 7.663119
    }
  }, {
    "shape" : "7ad75124-2f58-4365-8809-b87e4ef29a2b",
    "color" : "#FFFFFF",
    "position" : {
      "x" : -5.545085,
      "y" : -20.062305,
      "z" : -7.663119
    }
  }, {
    "shape" : "7ad75124-2f58-4365-8809-b87e4ef29a2b",
    "color" : "#FFFFFF",
    "position" : {
      "x" : 15.826238,
      "y" : 14.5172205,
      "z" : -5.545085
    }
  }, {
    "shape" : "9ea43ff1-f810-4321-85f8-888aee6fee4e",
    "color" : "#1E1E1E",
    "position" : {
      "x" : 14.5172205,
      "y" : -16.635256,
      "z" : -2.118034
    },
    "orientation" : 51
  }, {
    "shape" : "9ea43ff1-f810-4321-85f8-888aee6fee4e",
    "color" : "#1E1E1E",
    "position" : {
      "x" : 0.0,
      "y" : 0.0,
      "z" : 0.0
    },
    "orientation" : 22
  }, {
    "shape" : "9ea43ff1-f810-4321-85f8-888aee6fee4e",
    "color" : "#1E1E1E",
    "position" : {
      "x" : -17.944271,
      "y" : -11.09017,
      "z" : 6.854102
    },
    "orientation" : 3
  }, {
    "shape" : "7ad75124-2f58-4365-8809-b87e4ef29a2b",
    "color" : "#FFFFFF",
    "position" : {
      "x" : 16.635256,
      "y" : -2.118034,
      "z" : -14.5172205
    }
  }, {
    "shape" : "7ad75124-2f58-4365-8809-b87e4ef29a2b",
    "color" : "#FFFFFF",
    "position" : {
      "x" : 7.663119,
      "y" : 5.545085,
      "z" : 20.062305
    }
  }, {
    "shape" : "9ea43ff1-f810-4321-85f8-888aee6fee4e",
    "color" : "#1E1E1E",
    "position" : {
      "x" : 2.118034,
      "y" : 21.371323,
      "z" : 5.545085
    },
    "orientation" : 16
  }, {
    "shape" : "7ad75124-2f58-4365-8809-b87e4ef29a2b",
    "color" : "#FFFFFF",
    "position" : {
      "x" : -14.5172205,
      "y" : -5.545085,
      "z" : -15.826238
    }
  }, {
    "shape" : "f3302154-ad63-49ce-8a2f-4d00a6dca6d4",
    "color" : "#007695",
    "position" : {
      "x" : 0.0,
      "y" : 0.0,
      "z" : 0.0
    },
    "orientation" : 2
  }, {
    "shape" : "9ea43ff1-f810-4321-85f8-888aee6fee4e",
    "color" : "#1E1E1E",
    "position" : {
      "x" : -5.545085,
      "y" : -20.062305,
      "z" : -7.663119
    },
    "orientation" : 13
  }, {
    "shape" : "f3302154-ad63-49ce-8a2f-4d00a6dca6d4",
    "color" : "#007695",
    "position" : {
      "x" : 0.0,
      "y" : 0.0,
      "z" : 0.0
    },
    "orientation" : 40
  }, {
    "shape" : "9ea43ff1-f810-4321-85f8-888aee6fee4e",
    "color" : "#1E1E1E",
    "position" : {
      "x" : -5.545085,
      "y" : 20.062305,
      "z" : 7.663119
    },
    "orientation" : 28
  }, {
    "shape" : "f3302154-ad63-49ce-8a2f-4d00a6dca6d4",
    "color" : "#007695",
    "position" : {
      "x" : 0.0,
      "y" : 0.0,
      "z" : 0.0
    },
    "orientation" : 41
  }, {
    "shape" : "9ea43ff1-f810-4321-85f8-888aee6fee4e",
    "color" : "#1E1E1E",
    "position" : {
      "x" : -21.371323,
      "y" : -5.545085,
      "z" : 2.118034
    },
    "orientation" : 0
  }, {
    "shape" : "7ad75124-2f58-4365-8809-b87e4ef29a2b",
    "color" : "#FFFFFF",
    "position" : {
      "x" : -15.826238,
      "y" : 14.5172205,
      "z" : -5.545085
    }
  }, {
    "shape" : "7ad75124-2f58-4365-8809-b87e4ef29a2b",
    "color" : "#FFFFFF",
    "position" : {
      "x" : 5.545085,
      "y" : 15.826238,
      "z" : 14.5172205
    }
  }, {
    "shape" : "7ad75124-2f58-4365-8809-b87e4ef29a2b",
    "color" : "#FFFFFF",
    "position" : {
      "x" : 0.0,
      "y" : 22.18034,
      "z" : 0.0
    }
  }, {
    "shape" : "7ad75124-2f58-4365-8809-b87e4ef29a2b",
    "color" : "#FFFFFF",
    "position" : {
      "x" : 2.118034,
      "y" : 21.371323,
      "z" : -5.545085
    }
  }, {
    "shape" : "7ad75124-2f58-4365-8809-b87e4ef29a2b",
    "color" : "#FFFFFF",
    "position" : {
      "x" : 21.371323,
      "y" : 5.545085,
      "z" : -2.118034
    }
  }, {
    "shape" : "7ad75124-2f58-4365-8809-b87e4ef29a2b",
    "color" : "#FFFFFF",
    "position" : {
      "x" : -2.118034,
      "y" : 21.371323,
      "z" : -5.545085
    }
