{
  "field" : "golden",
  "symmetry" : "icosahedral",
  "orientations" : [ [ 1.0, 0.0, 0.0, 0.0, 0.0, 1.0, 0.0, 0.0, 0.0, 0.0, 1.0, 0.0, 0.0, 0.0, 0.0, 1.0 ], [ 0.0, 0.0, 1.0, 0.0, 1.0, 0.0, 0.0, 0.0, 0.0, 1.0, 0.0, 0.0, 0.0, 0.0, 0.0, 1.0 ], [ 0.0, 1.0, 0.0, 0.0, 0.0, 0.0, 1.0, 0.0, 1.0, 0.0, 0.0, 0.0, 0.0, 0.0, 0.0, 1.0 ], [ 0.809017, 0.309017, 0.5, 0.0, 0.309017, 0.5, -0.809017, 0.0, -0.5, 0.809017, 0.309017, 0.0, 0.0, 0.0, 0.0, 1.0 ], [ -0.5, 0.809017, 0.309017, 0.0, 0.809017, 0.309017, 0.5, 0.0, 0.309017, 0.5, -0.809017, 0.0, 0.0, 0.0, 0.0, 1.0 ], [ 0.309017, 0.5, -0.809017, 0.0, -0.5, 0.809017, 0.309017, 0.0, 0.809017, 0.309017, 0.5, 0.0, 0.0, 0.0, 0.0, 1.0 ], [ 0.5, 0.809017, 0.309017, 0.0, 0.809017, -0.309017, -0.5, 0.0, -0.309017, 0.5, -0.809017, 0.0, 0.0, 0.0, 0.0, 1.0 ], [ -0.309017, 0.5, -0.809017, 0.0, 0.5, 0.809017, 0.309017, 0.0, 0.809017, -0.309017, -0.5, 0.0, 0.0, 0.0, 0.0, 1.0 ], [ 0.809017, -0.309017, -0.5, 0.0, -0.309017, 0.5, -0.809017, 0.0, 0.5, 0.809017, 0.309017, 0.0, 0.0, 0.0, 0.0, 1.0 ], [ 0.5, 0.809017, -0.309017, 0.0, 0.809017, -0.309017, 0.5, 0.0, 0.309017, -0.5, -0.809017, 0.0, 0.0, 0.0, 0.0, 1.0 ], [ 0.309017, -0.5, -0.809017, 0.0, 0.5, 0.809017, -0.309017, 0.0, 0.809017, -0.309017, 0.5, 0.0, 0.0, 0.0, 0.0, 1.0 ], [ 0.809017, -0.309017, 0.5, 0.0, 0.309017, -0.5, -0.809017, 0.0, 0.5, 0.809017, -0.309017, 0.0, 0.0, 0.0, 0.0, 1.0 ], [ 0.809017, 0.309017, -0.5, 0.0, 0.309017, 0.5, 0.809017, 0.0, 0.5, -0.809017, 0.309017, 0.0, 0.0, 0.0, 0.0, 1.0 ], [ 0.5, -0.809017, 0.309017, 0.0, 0.809017, 0.309017, -0.5, 0.0, 0.309017, 0.5, 0.809017, 0.0, 0.0, 0.0, 0.0, 1.0 ], [ 0.309017, 0.5, 0.809017, 0.0, 0.5, -0.809017, 0.309017, 0.0, 0.809017, 0.309017, -0.5, 0.0, 0.0, 0.0, 0.0, 1.0 ], [ 1.0, 0.0, 0.0, 0.0, 0.0, -1.0, 0.0, 0.0, 0.0, 0.0, -1.0, 0.0, 0.0, 0.0, 0.0, 1.0 ], [ 0.0, 0.0, 1.0, 0.0, -1.0, 0.0, 0.0, 0.0, 0.0, -1.0, 0.0, 0.0, 0.0, 0.0, 0.0, 1.0 ], [ 0.0, 1.0, 0.0, 0.0, 0.0, 0.0, -1.0, 0.0, -1.0, 0.0, 0.0, 0.0, 0.0, 0.0, 0.0, 1.0 ], [ 0.809017, 0.309017, 0.5, 0.0, -0.309017, -0.5, 0.809017, 0.0, 0.5, -0.809017, -0.309017, 0.0, 0.0, 0.0, 0.0, 1.0 ], [ -0.5, 0.809017, 0.309017, 0.0, -0.809017, -0.309017, -0.5, 0.0, -0.309017, -0.5, 0.809017, 0.0, 0.0, 0.0, 0.0, 1.0 ], [ 0.309017, 0.5, -0.809017, 0.0, 0.5, -0.809017, -0.309017, 0.0, -0.809017, -0.309017, -0.5, 0.0, 0.0, 0.0, 0.0, 1.0 ], [ 0.5, 0.809017, 0.309017, 0.0, -0.809017, 0.309017, 0.5, 0.0, 0.309017, -0.5, 0.809017, 0.0, 0.0, 0.0, 0.0, 1.0 ], [ -0.309017, 0.5, -0.809017, 0.0, -0.5, -0.809017, -0.309017, 0.0, -0.809017, 0.309017, 0.5, 0.0, 0.0, 0.0, 0.0, 1.0 ], [ 0.809017, -0.309017, -0.5, 0.0, 0.309017, -0.5, 0.809017, 0.0, -0.5, -0.809017, -0.309017, 0.0, 0.0, 0.0, 0.0, 1.0 ], [ 0.5, 0.809017, -0.309017, 0.0, -0.809017, 0.309017, -0.5, 0.0, -0.309017, 0.5, 0.809017, 0.0, 0.0, 0.0, 0.0, 1.0 ], [ 0.309017, -0.5, -0.809017, 0.0, -0.5, -0.809017, 0.309017, 0.0, -0.809017, 0.309017, -0.5, 0.0, 0.0, 0.0, 0.0, 1.0 ], [ 0.809017, -0.309017, 0.5, 0.0, -0.309017, 0.5, 0.809017, 0.0, -0.5, -0.809017, 0.309017, 0.0, 0.0, 0.0, 0.0, 1.0 ], [ 0.809017, 0.309017, -0.5, 0.0, -0.309017, -0.5, -0.809017, 0.0, -0.5, 0.809017, -0.309017, 0.0, 0.0, 0.0, 0.0, 1.0 ], [ 0.5, -0.809017, 0.309017, 0.0, -0.809017, -0.309017, 0.5, 0.0, -0.309017, -0.5, -0.809017, 0.0, 0.0, 0.0, 0.0, 1.0 ], [ 0.309017, 0.5, 0.809017, 0.0, -0.5, 0.809017, -0.309017, 0.0, -0.809017, -0.309017, 0.5, 0.0, 0.0, 0.0, 0.0, 1.0 ], [ -1.0, 0.0, 0.0, 0.0, 0.0, -1.0, 0.0, 0.0, 0.0, 0.0, 1.0, 0.0, 0.0, 0.0, 0.0, 1.0 ], [ 0.0, 0.0, -1.0, 0.0, -1.0, 0.0, 0.0, 0.0, 0.0, 1.0, 0.0, 0.0, 0.0, 0.0, 0.0, 1.0 ], [ 0.0, -1.0, 0.0, 0.0, 0.0, 0.0, -1.0, 0.0, 1.0, 0.0, 0.0, 0.0, 0.0, 0.0, 0.0, 1.0 ], [ -0.809017, -0.309017, -0.5, 0.0, -0.309017, -0.5, 0.809017, 0.0, -0.5, 0.809017, 0.309017, 0.0, 0.0, 0.0, 0.0, 1.0 ], [ 0.5, -0.809017, -0.309017, 0.0, -0.809017, -0.309017, -0.5, 0.0, 0.309017, 0.5, -0.809017, 0.0, 0.0, 0.0, 0.0, 1.0 ], [ -0.309017, -0.5, 0.809017, 0.0, 0.5, -0.809017, -0.309017, 0.0, 0.809017, 0.309017, 0.5, 0.0, 0.0, 0.0, 0.0, 1.0 ], [ -0.5, -0.809017, -0.309017, 0.0, -0.809017, 0.309017, 0.5, 0.0, -0.309017, 0.5, -0.809017, 0.0, 0.0, 0.0, 0.0, 1.0 ], [ 0.309017, -0.5, 0.809017, 0.0, -0.5, -0.809017, -0.309017, 0.0, 0.809017, -0.309017, -0.5, 0.0, 0.0, 0.0, 0.0, 1.0 ], [ -0.809017, 0.309017, 0.5, 0.0, 0.309017, -0.5, 0.809017, 0.0, 0.5, 0.809017, 0.309017, 0.0, 0.0, 0.0, 0.0, 1.0 ], [ -0.5, -0.809017, 0.309017, 0.0, -0.809017, 0.309017, -0.5, 0.0, 0.309017, -0.5, -0.809017, 0.0, 0.0, 0.0, 0.0, 1.0 ], [ -0.309017, 0.5, 0.809017, 0.0, -0.5, -0.809017, 0.309017, 0.0, 0.809017, -0.309017, 0.5, 0.0, 0.0, 0.0, 0.0, 1.0 ], [ -0.809017, 0.309017, -0.5, 0.0, -0.309017, 0.5, 0.809017, 0.0, 0.5, 0.809017, -0.309017, 0.0, 0.0, 0.0, 0.0, 1.0 ], [ -0.809017, -0.309017, 0.5, 0.0, -0.309017, -0.5, -0.809017, 0.0, 0.5, -0.809017, 0.309017, 0.0, 0.0, 0.0, 0.0, 1.0 ], [ -0.5, 0.809017, -0.309017, 0.0, -0.809017, -0.309017, 0.5, 0.0, 0.309017, 0.5, 0.809017, 0.0, 0.0, 0.0, 0.0, 1.0 ], [ -0.309017, -0.5, -0.809017, 0.0, -0.5, 0.809017, -0.309017, 0.0, 0.809017, 0.309017, -0.5, 0.0, 0.0, 0.0, 0.0, 1.0 ], [ -1.0, 0.0, 0.0, 0.0, 0.0, 1.0, 0.0, 0.0, 0.0, 0.0, -1.0, 0.0, 0.0, 0.0, 0.0, 1.0 ], [ 0.0, 0.0, -1.0, 0.0, 1.0, 0.0, 0.0, 0.0, 0.0, -1.0, 0.0, 0.0, 0.0, 0.0, 0.0, 1.0 ], [ 0.0, -1.0, 0.0, 0.0, 0.0, 0.0, 1.0, 0.0, -1.0, 0.0, 0.0, 0.0, 0.0, 0.0, 0.0, 1.0 ], [ -0.809017, -0.309017, -0.5, 0.0, 0.309017, 0.5, -0.809017, 0.0, 0.5, -0.809017, -0.309017, 0.0, 0.0, 0.0, 0.0, 1.0 ], [ 0.5, -0.809017, -0.309017, 0.0, 0.809017, 0.309017, 0.5, 0.0, -0.309017, -0.5, 0.809017, 0.0, 0.0, 0.0, 0.0, 1.0 ], [ -0.309017, -0.5, 0.809017, 0.0, -0.5, 0.809017, 0.309017, 0.0, -0.809017, -0.309017, -0.5, 0.0, 0.0, 0.0, 0.0, 1.0 ], [ -0.5, -0.809017, -0.309017, 0.0, 0.809017, -0.309017, -0.5, 0.0, 0.309017, -0.5, 0.809017, 0.0, 0.0, 0.0, 0.0, 1.0 ], [ 0.309017, -0.5, 0.809017, 0.0, 0.5, 0.809017, 0.309017, 0.0, -0.809017, 0.309017, 0.5, 0.0, 0.0, 0.0, 0.0, 1.0 ], [ -0.809017, 0.309017, 0.5, 0.0, -0.309017, 0.5, -0.809017, 0.0, -0.5, -0.809017, -0.309017, 0.0, 0.0, 0.0, 0.0, 1.0 ], [ -0.5, -0.809017, 0.309017, 0.0, 0.809017, -0.309017, 0.5, 0.0, -0.309017, 0.5, 0.809017, 0.0, 0.0, 0.0, 0.0, 1.0 ], [ -0.309017, 0.5, 0.809017, 0.0, 0.5, 0.809017, -0.309017, 0.0, -0.809017, 0.309017, -0.5, 0.0, 0.0, 0.0, 0.0, 1.0 ], [ -0.809017, 0.309017, -0.5, 0.0, 0.309017, -0.5, -0.809017, 0.0, -0.5, -0.809017, 0.309017, 0.0, 0.0, 0.0, 0.0, 1.0 ], [ -0.809017, -0.309017, 0.5, 0.0, 0.309017, 0.5, 0.809017, 0.0, -0.5, 0.809017, -0.309017, 0.0, 0.0, 0.0, 0.0, 1.0 ], [ -0.5, 0.809017, -0.309017, 0.0, 0.809017, 0.309017, -0.5, 0.0, -0.309017, -0.5, -0.809017, 0.0, 0.0, 0.0, 0.0, 1.0 ], [ -0.309017, -0.5, -0.809017, 0.0, 0.5, -0.809017, 0.309017, 0.0, -0.809017, -0.309017, 0.5, 0.0, 0.0, 0.0, 0.0, 1.0 ] ],
  "lights" : {
    "ambientColor" : "#292929",
    "backgroundColor" : "#AFC8DC",
    "directionalLights" : [ {
      "direction" : {
        "x" : 1.0,
        "y" : -1.0,
        "z" : -1.0
      },
      "color" : "#EBEBE4"
    }, {
      "direction" : {
        "x" : -1.0,
        "y" : 0.0,
        "z" : 0.0
      },
      "color" : "#E4E4EB"
    }, {
      "direction" : {
        "x" : 0.0,
        "y" : 0.0,
        "z" : -1.0
      },
      "color" : "#1E1E1E"
    } ]
  },
  "camera" : {
    "width" : 82.30021,
    "stereo" : false,
    "lookDirection" : {
      "x" : 0.0,
      "y" : 0.0,
      "z" : -1.0
    },
    "upDirection" : {
      "x" : 0.0,
      "y" : 1.0,
      "z" : 0.0
    },
    "lookAtPoint" : {
      "x" : 0.0,
      "y" : 0.0,
      "z" : 0.0
    },
    "perspective" : false,
    "viewDistance" : 182.889,
    "nearClipDistance" : 0.4572227,
    "farClipDistance" : 365.77908,
    "fieldOfView" : 0.4426297,
    "position" : {
      "x" : 0.0,
      "y" : 0.0,
      "z" : 182.889
    }
  },
  "embedding" : [ 1.0, 0.0, 0.0, 0.0, 0.0, 1.0, 0.0, 0.0, 0.0, 0.0, 1.0, 0.0, 0.0, 0.0, 0.0, 1.0 ],
  "shapes" : [ {
    "id" : "65d867fe-7a55-48c3-877f-99be73f9f08b",
    "vertices" : [ {
      "x" : 0.309017,
      "y" : -0.309017,
      "z" : -0.309017
    }, {
      "x" : 0.5,
      "y" : 0.0,
      "z" : -0.19098301
    }, {
      "x" : 0.5,
      "y" : 0.0,
      "z" : 0.19098301
    }, {
      "x" : 0.309017,
      "y" : -0.309017,
      "z" : 0.309017
    }, {
      "x" : 0.19098301,
      "y" : -0.5,
      "z" : 0.0
    }, {
      "x" : 0.0,
      "y" : 0.19098301,
      "z" : 0.5
    }, {
      "x" : 0.0,
      "y" : -0.19098301,
      "z" : 0.5
    }, {
      "x" : 0.309017,
      "y" : 0.309017,
      "z" : 0.309017
    }, {
      "x" : -0.309017,
      "y" : -0.309017,
      "z" : 0.309017
    }, {
      "x" : -0.309017,
      "y" : 0.309017,
      "z" : 0.309017
    }, {
      "x" : -0.5,
      "y" : 0.0,
      "z" : 0.19098301
    }, {
      "x" : 0.0,
      "y" : -0.19098301,
      "z" : -0.5
    }, {
      "x" : 0.0,
      "y" : 0.19098301,
      "z" : -0.5
    }, {
      "x" : 0.309017,
      "y" : 0.309017,
      "z" : -0.309017
    }, {
      "x" : -0.309017,
      "y" : -0.309017,
      "z" : -0.309017
    }, {
      "x" : -0.19098301,
      "y" : -0.5,
      "z" : 0.0
    }, {
      "x" : -0.5,
      "y" : 0.0,
      "z" : -0.19098301
    }, {
      "x" : 0.19098301,
      "y" : 0.5,
      "z" : 0.0
    }, {
      "x" : -0.309017,
      "y" : 0.309017,
      "z" : -0.309017
    }, {
      "x" : 0.0,
      "y" : 0.0,
      "z" : 0.0
    }, {
      "x" : -0.19098301,
      "y" : 0.5,
      "z" : 0.0
    } ],
    "faces" : [ {
      "vertices" : [ 12, 18, 20 ]
    }, {
      "vertices" : [ 12, 20, 17 ]
    }, {
      "vertices" : [ 12, 17, 13 ]
    }, {
      "vertices" : [ 3, 6, 8 ]
    }, {
      "vertices" : [ 3, 8, 15 ]
    }, {
      "vertices" : [ 3, 15, 4 ]
    }, {
      "vertices" : [ 0, 11, 12 ]
    }, {
      "vertices" : [ 0, 12, 13 ]
    }, {
      "vertices" : [ 0, 13, 1 ]
    }, {
      "vertices" : [ 5, 9, 10 ]
    }, {
      "vertices" : [ 5, 10, 8 ]
    }, {
      "vertices" : [ 5, 8, 6 ]
    }, {
      "vertices" : [ 2, 7, 5 ]
    }, {
      "vertices" : [ 2, 5, 6 ]
    }, {
      "vertices" : [ 2, 6, 3 ]
    }, {
      "vertices" : [ 11, 14, 16 ]
    }, {
      "vertices" : [ 11, 16, 18 ]
    }, {
      "vertices" : [ 11, 18, 12 ]
    }, {
      "vertices" : [ 1, 13, 17 ]
    }, {
      "vertices" : [ 1, 17, 7 ]
    }, {
      "vertices" : [ 1, 7, 2 ]
    }, {
      "vertices" : [ 9, 20, 18 ]
    }, {
      "vertices" : [ 9, 18, 16 ]
    }, {
      "vertices" : [ 9, 16, 10 ]
    }, {
      "vertices" : [ 0, 1, 2 ]
    }, {
      "vertices" : [ 0, 2, 3 ]
    }, {
      "vertices" : [ 0, 3, 4 ]
    }, {
      "vertices" : [ 5, 7, 17 ]
    }, {
      "vertices" : [ 5, 17, 20 ]
    }, {
      "vertices" : [ 5, 20, 9 ]
    }, {
      "vertices" : [ 0, 4, 15 ]
    }, {
      "vertices" : [ 0, 15, 14 ]
    }, {
      "vertices" : [ 0, 14, 11 ]
    }, {
      "vertices" : [ 8, 10, 16 ]
    }, {
      "vertices" : [ 8, 16, 14 ]
    }, {
      "vertices" : [ 8, 14, 15 ]
    } ]
  }, {
    "id" : "7c3d4db6-f68d-479f-855b-6744ee3af64c",
    "vertices" : [ {
      "x" : 7.1334467,
      "y" : -6.96678,
      "z" : -29.100452
    }, {
      "x" : 7.033447,
      "y" : -7.36678,
      "z" : -29.000454
    }, {
      "x" : 0.26,
      "y" : -0.42666668,
      "z" : -0.47333333
    }, {
      "x" : 0.36,
      "y" : -0.026666667,
      "z" : -0.5733333
    }, {
      "x" : 7.3334465,
      "y" : -7.5001135,
      "z" : -28.76712
    }, {
      "x" : 7.4334464,
      "y" : -7.1001134,
      "z" : -28.86712
    }, {
      "x" : 0.06,
      "y" : 0.10666667,
      "z" : -0.8066667
    }, {
      "x" : -0.04,
      "y" : -0.29333332,
      "z" : -0.70666665
    } ],
    "faces" : [ {
      "vertices" : [ 2, 3, 6 ]
    }, {
      "vertices" : [ 2, 6, 7 ]
    }, {
      "vertices" : [ 0, 5, 4 ]
    }, {
      "vertices" : [ 0, 4, 1 ]
    }, {
      "vertices" : [ 2, 4, 5 ]
    }, {
      "vertices" : [ 2, 5, 3 ]
    }, {
      "vertices" : [ 0, 6, 3 ]
    }, {
      "vertices" : [ 0, 3, 5 ]
    }, {
      "vertices" : [ 0, 1, 7 ]
    }, {
      "vertices" : [ 0, 7, 6 ]
    }, {
      "vertices" : [ 1, 4, 2 ]
    }, {
      "vertices" : [ 1, 2, 7 ]
    } ]
  }, {
    "id" : "7827e925-6017-4cae-a01f-78517a5b64ff",
    "vertices" : [ {
      "x" : 7.3934464,
      "y" : 14.786893,
      "z" : -14.786893
    }, {
      "x" : 14.786893,
      "y" : 7.3934464,
      "z" : 14.786893
    }, {
      "x" : 14.786893,
      "y" : -14.786893,
      "z" : -7.3934464
    } ],
    "faces" : [ {
      "vertices" : [ 0, 1, 2 ]
    }, {
      "vertices" : [ 0, 2, 1 ]
    } ]
  }, {
    "id" : "275d61f4-ebbb-4ca6-902a-442ea0a9abe1",
    "vertices" : [ {
      "x" : 7.3934464,
      "y" : -14.786893,
      "z" : 14.786893
    }, {
      "x" : -7.3934464,
      "y" : -14.786893,
      "z" : 14.786893
    }, {
      "x" : 0.0,
      "y" : -22.18034,
      "z" : 0.0
    } ],
    "faces" : [ {
      "vertices" : [ 0, 1, 2 ]
    }, {
      "vertices" : [ 0, 2, 1 ]
    } ]
  }, {
    "id" : "18997c5e-2316-46a3-9d29-b2d5e4f295ee",
    "vertices" : [ {
      "x" : 28.725426,
      "y" : 10.972136,
      "z" : -4.190983
    }, {
      "x" : 28.343458,
      "y" : 10.5172205,
      "z" : -4.0
    }, {
      "x" : 28.18034,
      "y" : 10.781153,
      "z" : -4.427051
    }, {
      "x" : 28.107391,
      "y" : 11.045085,
      "z" : -4.236068
    }, {
      "x" : 0.85410196,
      "y" : 0.309017,
      "z" : 0.19098301
    }, {
      "x" : 0.690983,
      "y" : 0.572949,
      "z" : -0.23606798
    }, {
      "x" : 0.309017,
      "y" : 0.11803399,
      "z" : -0.045084972
    }, {
      "x" : 0.76393205,
      "y" : 0.309017,
      "z" : -0.42705098
    }, {
      "x" : 0.927051,
      "y" : 0.045084972,
      "z" : 0.0
    }, {
      "x" : 28.27051,
      "y" : 10.781153,
      "z" : -3.809017
    }, {
      "x" : 29.034441,
      "y" : 11.09017,
      "z" : -4.236068
    } ],
    "faces" : [ {
      "vertices" : [ 2, 7, 5 ]
    }, {
      "vertices" : [ 2, 5, 3 ]
    }, {
      "vertices" : [ 1, 8, 7 ]
    }, {
      "vertices" : [ 1, 7, 2 ]
    }, {
      "vertices" : [ 4, 6, 8 ]
    }, {
      "vertices" : [ 5, 7, 6 ]
    }, {
      "vertices" : [ 0, 1, 2 ]
    }, {
      "vertices" : [ 0, 2, 3 ]
    }, {
      "vertices" : [ 6, 7, 8 ]
    }, {
      "vertices" : [ 3, 5, 4 ]
    }, {
      "vertices" : [ 3, 4, 9 ]
    }, {
      "vertices" : [ 1, 9, 4 ]
    }, {
      "vertices" : [ 1, 4, 8 ]
    }, {
      "vertices" : [ 0, 9, 1 ]
    }, {
      "vertices" : [ 0, 3, 9 ]
    }, {
      "vertices" : [ 4, 5, 6 ]
    } ]
  }, {
    "id" : "74f74f3c-08de-4563-a372-63876277ea6e",
    "vertices" : [ {
      "x" : 9.36913,
      "y" : 3.5786893,
      "z" : -1.3669376
    }, {
      "x" : 8.9871645,
      "y" : 3.1237743,
      "z" : -1.1759547
    }, {
      "x" : 8.824045,
      "y" : 3.3877063,
      "z" : -1.6030056
    }, {
      "x" : 8.751097,
      "y" : 3.6516383,
      "z" : -1.4120227
    }, {
      "x" : 0.85410196,
      "y" : 0.309017,
      "z" : 0.19098301
    }, {
      "x" : 0.690983,
      "y" : 0.572949,
      "z" : -0.23606798
    }, {
      "x" : 0.309017,
      "y" : 0.11803399,
      "z" : -0.045084972
    }, {
      "x" : 0.76393205,
      "y" : 0.309017,
      "z" : -0.42705098
    }, {
      "x" : 0.927051,
      "y" : 0.045084972,
      "z" : 0.0
    }, {
      "x" : 8.914215,
      "y" : 3.3877063,
      "z" : -0.9849717
    }, {
      "x" : 9.678147,
      "y" : 3.6967232,
      "z" : -1.4120227
    } ],
    "faces" : [ {
      "vertices" : [ 2, 7, 5 ]
    }, {
      "vertices" : [ 2, 5, 3 ]
    }, {
      "vertices" : [ 1, 8, 7 ]
    }, {
      "vertices" : [ 1, 7, 2 ]
    }, {
      "vertices" : [ 4, 6, 8 ]
    }, {
      "vertices" : [ 5, 7, 6 ]
    }, {
      "vertices" : [ 0, 1, 2 ]
    }, {
      "vertices" : [ 0, 2, 3 ]
    }, {
      "vertices" : [ 6, 7, 8 ]
    }, {
      "vertices" : [ 3, 5, 4 ]
    }, {
      "vertices" : [ 3, 4, 9 ]
    }, {
      "vertices" : [ 1, 9, 4 ]
    }, {
      "vertices" : [ 1, 4, 8 ]
    }, {
      "vertices" : [ 0, 9, 1 ]
    }, {
      "vertices" : [ 0, 3, 9 ]
    }, {
      "vertices" : [ 4, 5, 6 ]
    } ]
  }, {
    "id" : "93c4a3a1-1511-4c0b-a6e6-9e437617de64",
    "vertices" : [ {
      "x" : 7.011481,
      "y" : 6.7024636,
      "z" : 14.213944
    }, {
      "x" : 0.38196602,
      "y" : 0.072949015,
      "z" : 0.95491505
    }, {
      "x" : 0.690983,
      "y" : 0.19098301,
      "z" : 0.76393205
    }, {
      "x" : 7.3204975,
      "y" : 6.8204975,
      "z" : 14.022962
    }, {
      "x" : 7.011481,
      "y" : 7.3204975,
      "z" : 13.831978
    }, {
      "x" : 7.3934464,
      "y" : 7.3934464,
      "z" : 14.786893
    }, {
      "x" : 0.38196602,
      "y" : 0.690983,
      "z" : 0.572949
    }, {
      "x" : 7.2475486,
      "y" : 7.2475486,
      "z" : 14.495097
    }, {
      "x" : 0.14589803,
      "y" : 0.14589803,
      "z" : 0.29179606
    }, {
      "x" : 0.072949015,
      "y" : 0.572949,
      "z" : 0.76393205
    }, {
      "x" : 6.7024636,
      "y" : 7.2024636,
      "z" : 14.022962
    } ],
    "faces" : [ {
      "vertices" : [ 2, 8, 6 ]
    }, {
      "vertices" : [ 0, 7, 10 ]
    }, {
      "vertices" : [ 1, 9, 8 ]
    }, {
      "vertices" : [ 0, 10, 9 ]
    }, {
      "vertices" : [ 0, 9, 1 ]
    }, {
      "vertices" : [ 4, 10, 7 ]
    }, {
      "vertices" : [ 0, 1, 2 ]
    }, {
      "vertices" : [ 0, 2, 3 ]
    }, {
      "vertices" : [ 6, 8, 9 ]
    }, {
      "vertices" : [ 0, 3, 7 ]
    }, {
      "vertices" : [ 1, 8, 2 ]
    }, {
      "vertices" : [ 4, 6, 9 ]
    }, {
      "vertices" : [ 4, 9, 10 ]
    }, {
      "vertices" : [ 3, 4, 7 ]
    }, {
      "vertices" : [ 2, 6, 4 ]
    }, {
      "vertices" : [ 2, 4, 3 ]
    } ]
  }, {
    "id" : "4f63f031-22bf-4bd1-a812-57234c470952",
    "vertices" : [ {
      "x" : -14.786893,
      "y" : 14.786893,
      "z" : 7.3934464
    }, {
      "x" : 7.3934464,
      "y" : 14.786893,
      "z" : -14.786893
    }, {
      "x" : -14.786893,
      "y" : -7.3934464,
      "z" : -14.786893
    } ],
    "faces" : [ {
      "vertices" : [ 0, 1, 2 ]
    }, {
      "vertices" : [ 0, 2, 1 ]
    } ]
  }, {
    "id" : "1a4e5688-27f4-440b-b982-593b7efc8a3a",
    "vertices" : [ {
      "x" : 14.786893,
      "y" : 14.786893,
      "z" : -7.3934464
    }, {
      "x" : 22.18034,
      "y" : 0.0,
      "z" : 0.0
    }, {
      "x" : 14.786893,
      "y" : 7.3934464,
      "z" : -14.786893
    } ],
    "faces" : [ {
      "vertices" : [ 0, 1, 2 ]
    }, {
      "vertices" : [ 0, 2, 1 ]
    } ]
  }, {
    "id" : "54c108ab-44e7-4e6f-9a3f-57e6f458e3a0",
    "vertices" : [ {
      "x" : 2.5640454,
      "y" : -2.3973787,
      "z" : -10.822848
    }, {
      "x" : 2.4640453,
      "y" : -2.7973785,
      "z" : -10.722848
    }, {
      "x" : 0.26,
      "y" : -0.42666668,
      "z" : -0.47333333
    }, {
      "x" : 0.36,
      "y" : -0.026666667,
      "z" : -0.5733333
    }, {
      "x" : 2.7640452,
      "y" : -2.930712,
      "z" : -10.489514
    }, {
      "x" : 2.8640454,
      "y" : -2.530712,
      "z" : -10.589515
    }, {
      "x" : 0.06,
      "y" : 0.10666667,
      "z" : -0.8066667
    }, {
      "x" : -0.04,
      "y" : -0.29333332,
      "z" : -0.70666665
    } ],
    "faces" : [ {
      "vertices" : [ 2, 3, 6 ]
    }, {
      "vertices" : [ 2, 6, 7 ]
    }, {
      "vertices" : [ 0, 5, 4 ]
    }, {
      "vertices" : [ 0, 4, 1 ]
    }, {
      "vertices" : [ 2, 4, 5 ]
    }, {
      "vertices" : [ 2, 5, 3 ]
    }, {
      "vertices" : [ 0, 6, 3 ]
    }, {
      "vertices" : [ 0, 3, 5 ]
    }, {
      "vertices" : [ 0, 1, 7 ]
    }, {
      "vertices" : [ 0, 7, 6 ]
    }, {
      "vertices" : [ 1, 4, 2 ]
    }, {
      "vertices" : [ 1, 2, 7 ]
    } ]
  }, {
    "id" : "6191e1bf-9d31-466b-97b3-1587536bd64c",
    "vertices" : [ {
      "x" : 7.3934464,
      "y" : -14.786893,
      "z" : -14.786893
    }, {
      "x" : 0.0,
      "y" : -22.18034,
      "z" : 0.0
    }, {
      "x" : -7.3934464,
      "y" : -14.786893,
      "z" : -14.786893
    } ],
    "faces" : [ {
      "vertices" : [ 0, 1, 2 ]
    }, {
      "vertices" : [ 0, 2, 1 ]
    } ]
  }, {
    "id" : "17c32a97-3632-4fd0-989c-aa3ae8ebfc49",
    "vertices" : [ {
      "x" : -14.786893,
      "y" : 7.3934464,
      "z" : 14.786893
    }, {
      "x" : 14.786893,
      "y" : 14.786893,
      "z" : 7.3934464
    }, {
      "x" : -7.3934464,
      "y" : 14.786893,
      "z" : -14.786893
    } ],
    "faces" : [ {
      "vertices" : [ 0, 1, 2 ]
    }, {
      "vertices" : [ 0, 2, 1 ]
    } ]
  }, {
    "id" : "d12ceeb5-7d83-4da0-873d-d912069b58fc",
    "vertices" : [ {
      "x" : -14.786893,
      "y" : -14.786893,
      "z" : 7.3934464
    }, {
      "x" : 0.0,
      "y" : -22.18034,
      "z" : 0.0
    }, {
      "x" : -7.3934464,
      "y" : -14.786893,
      "z" : 14.786893
    } ],
    "faces" : [ {
      "vertices" : [ 0, 1, 2 ]
    }, {
      "vertices" : [ 0, 2, 1 ]
    } ]
  }, {
    "id" : "c4e30c8f-d646-4058-a0b3-9f45bc751e48",
    "vertices" : [ {
      "x" : -7.3934464,
      "y" : -14.786893,
      "z" : 14.786893
    }, {
      "x" : -14.786893,
      "y" : -7.3934464,
      "z" : -14.786893
    }, {
      "x" : -14.786893,
      "y" : 14.786893,
      "z" : 7.3934464
    } ],
    "faces" : [ {
      "vertices" : [ 0, 1, 2 ]
    }, {
      "vertices" : [ 0, 2, 1 ]
    } ]
  }, {
    "id" : "72dd3553-a23c-42fa-b99e-e6ce3457c1f9",
    "vertices" : [ {
      "x" : 14.786893,
      "y" : 7.3934464,
      "z" : 14.786893
    }, {
      "x" : 14.786893,
      "y" : -7.3934464,
      "z" : 14.786893
    }, {
      "x" : 22.18034,
      "y" : 0.0,
      "z" : 0.0
    } ],
    "faces" : [ {
      "vertices" : [ 0, 1, 2 ]
    }, {
      "vertices" : [ 0, 2, 1 ]
    } ]
  }, {
    "id" : "d81f3e61-f282-43e0-936d-b52b6a062c87",
    "vertices" : [ {
      "x" : -14.786893,
      "y" : -14.786893,
      "z" : -7.3934464
    }, {
      "x" : -7.3934464,
      "y" : 14.786893,
      "z" : -14.786893
    }, {
      "x" : 14.786893,
      "y" : -7.3934464,
      "z" : -14.786893
    } ],
    "faces" : [ {
      "vertices" : [ 0, 1, 2 ]
    }, {
      "vertices" : [ 0, 2, 1 ]
    } ]
  }, {
    "id" : "1c8a665a-3cb4-498e-a96d-385d11d8a4fd",
    "vertices" : [ {
      "x" : 1.0,
      "y" : 0.309017,
      "z" : 0.19098301
    }, {
      "x" : 1.0,
      "y" : -0.309017,
      "z" : 0.19098301
    }, {
      "x" : 13.786893,
      "y" : -0.309017,
      "z" : 0.19098301
    }, {
      "x" : 13.786893,
      "y" : 0.309017,
      "z" : 0.19098301
    }, {
      "x" : 13.786893,
      "y" : -0.309017,
      "z" : -0.19098301
    }, {
      "x" : 13.786893,
      "y" : 0.309017,
      "z" : -0.19098301
    }, {
      "x" : 14.404927,
      "y" : 0.0,
      "z" : 0.0
    }, {
      "x" : 0.38196602,
      "y" : 0.0,
      "z" : 0.0
    }, {
      "x" : 1.0,
      "y" : 0.309017,
      "z" : -0.19098301
    }, {
      "x" : 1.0,
      "y" : -0.309017,
      "z" : -0.19098301
    }, {
      "x" : 14.786893,
      "y" : 0.0,
      "z" : 0.0
    } ],
    "faces" : [ {
      "vertices" : [ 1, 9, 4 ]
    }, {
      "vertices" : [ 1, 4, 2 ]
    }, {
      "vertices" : [ 0, 3, 5 ]
    }, {
      "vertices" : [ 0, 5, 8 ]
    }, {
      "vertices" : [ 1, 7, 9 ]
    }, {
      "vertices" : [ 0, 1, 2 ]
    }, {
      "vertices" : [ 0, 2, 3 ]
    }, {
      "vertices" : [ 7, 8, 9 ]
    }, {
      "vertices" : [ 0, 7, 1 ]
    }, {
      "vertices" : [ 4, 9, 8 ]
    }, {
      "vertices" : [ 4, 8, 5 ]
    }, {
      "vertices" : [ 2, 6, 3 ]
    }, {
      "vertices" : [ 2, 4, 6 ]
    }, {
      "vertices" : [ 3, 6, 5 ]
    }, {
      "vertices" : [ 4, 5, 6 ]
    }, {
      "vertices" : [ 0, 8, 7 ]
    } ]
  }, {
    "id" : "6a21a823-593e-41dc-ad1a-2d3c9b3d5592",
    "vertices" : [ {
      "x" : 10.781153,
      "y" : 4.118034,
      "z" : -1.572949
    }, {
      "x" : 10.399187,
      "y" : 3.663119,
      "z" : -1.381966
    }, {
      "x" : 10.236068,
      "y" : 3.927051,
      "z" : -1.809017
    }, {
      "x" : 10.163119,
      "y" : 4.190983,
      "z" : -1.618034
    }, {
      "x" : 0.85410196,
      "y" : 0.309017,
      "z" : 0.19098301
    }, {
      "x" : 0.690983,
      "y" : 0.572949,
      "z" : -0.23606798
    }, {
      "x" : 0.309017,
      "y" : 0.11803399,
      "z" : -0.045084972
    }, {
      "x" : 0.76393205,
      "y" : 0.309017,
      "z" : -0.42705098
    }, {
      "x" : 0.927051,
      "y" : 0.045084972,
      "z" : 0.0
    }, {
      "x" : 10.326238,
      "y" : 3.927051,
      "z" : -1.190983
    }, {
      "x" : 11.09017,
      "y" : 4.236068,
      "z" : -1.618034
    } ],
    "faces" : [ {
      "vertices" : [ 2, 7, 5 ]
    }, {
      "vertices" : [ 2, 5, 3 ]
    }, {
      "vertices" : [ 1, 8, 7 ]
    }, {
      "vertices" : [ 1, 7, 2 ]
    }, {
      "vertices" : [ 4, 6, 8 ]
    }, {
      "vertices" : [ 5, 7, 6 ]
    }, {
      "vertices" : [ 0, 1, 2 ]
    }, {
      "vertices" : [ 0, 2, 3 ]
    }, {
      "vertices" : [ 6, 7, 8 ]
    }, {
      "vertices" : [ 3, 5, 4 ]
    }, {
      "vertices" : [ 3, 4, 9 ]
    }, {
      "vertices" : [ 1, 9, 4 ]
    }, {
      "vertices" : [ 1, 4, 8 ]
    }, {
      "vertices" : [ 0, 9, 1 ]
    }, {
      "vertices" : [ 0, 3, 9 ]
    }, {
      "vertices" : [ 4, 5, 6 ]
    } ]
  }, {
    "id" : "75de0d04-6e50-4c1e-8886-3ff2c1008ee5",
    "vertices" : [ {
      "x" : -14.786893,
      "y" : -7.3934464,
      "z" : -14.786893
    }, {
      "x" : -14.786893,
      "y" : -14.786893,
      "z" : -7.3934464
    }, {
      "x" : -22.18034,
      "y" : 0.0,
      "z" : 0.0
    } ],
    "faces" : [ {
      "vertices" : [ 0, 1, 2 ]
    }, {
      "vertices" : [ 0, 2, 1 ]
    } ]
  }, {
    "id" : "c5c6c8c0-af1b-4dba-839b-85ff4e5f6ff2",
    "vertices" : [ {
      "x" : 7.3934464,
      "y" : -14.786893,
      "z" : 14.786893
    }, {
      "x" : 0.0,
      "y" : -22.18034,
      "z" : 0.0
    }, {
      "x" : 14.786893,
      "y" : -14.786893,
      "z" : 7.3934464
    } ],
    "faces" : [ {
      "vertices" : [ 0, 1, 2 ]
    }, {
      "vertices" : [ 0, 2, 1 ]
    } ]
  }, {
    "id" : "0de530fd-a3bf-46d4-ac52-e6106927f2cc",
    "vertices" : [ {
      "x" : 7.3934464,
      "y" : 14.786893,
      "z" : 14.786893
    }, {
      "x" : -14.786893,
      "y" : -7.3934464,
      "z" : 14.786893
    }, {
      "x" : 14.786893,
      "y" : -14.786893,
      "z" : 7.3934464
    } ],
    "faces" : [ {
      "vertices" : [ 0, 1, 2 ]
    }, {
      "vertices" : [ 0, 2, 1 ]
    } ]
  }, {
    "id" : "74efb239-73a1-4c2f-9a06-050d199ec603",
    "vertices" : [ {
      "x" : 14.786893,
      "y" : -14.786893,
      "z" : 7.3934464
    }, {
      "x" : 14.786893,
      "y" : -14.786893,
      "z" : -7.3934464
    }, {
      "x" : 22.18034,
      "y" : 0.0,
      "z" : 0.0
    } ],
    "faces" : [ {
      "vertices" : [ 0, 1, 2 ]
    }, {
      "vertices" : [ 0, 2, 1 ]
    } ]
  }, {
    "id" : "9f284a83-e864-460b-9d4c-331fa88e5aca",
    "vertices" : [ {
      "x" : 7.3934464,
      "y" : -14.786893,
      "z" : 14.786893
    }, {
      "x" : 0.0,
      "y" : 0.0,
      "z" : 22.18034
    }, {
      "x" : -7.3934464,
      "y" : -14.786893,
      "z" : 14.786893
    } ],
    "faces" : [ {
      "vertices" : [ 0, 1, 2 ]
    }, {
      "vertices" : [ 0, 2, 1 ]
    } ]
  }, {
    "id" : "7cc30a0f-74ef-4ede-a50a-6b9dad1fea95",
    "vertices" : [ {
      "x" : 14.786893,
      "y" : -7.3934464,
      "z" : -14.786893
    }, {
      "x" : 14.786893,
      "y" : 7.3934464,
      "z" : -14.786893
    }, {
      "x" : 22.18034,
      "y" : 0.0,
      "z" : 0.0
    } ],
    "faces" : [ {
      "vertices" : [ 0, 1, 2 ]
    }, {
      "vertices" : [ 0, 2, 1 ]
    } ]
  }, {
    "id" : "58c02361-de55-4869-84ed-a00c5886603e",
    "vertices" : [ {
      "x" : 14.786893,
      "y" : 14.786893,
      "z" : -7.3934464
    }, {
      "x" : 0.0,
      "y" : 22.18034,
      "z" : 0.0
    }, {
      "x" : 14.786893,
      "y" : 14.786893,
      "z" : 7.3934464
    } ],
    "faces" : [ {
      "vertices" : [ 0, 1, 2 ]
    }, {
      "vertices" : [ 0, 2, 1 ]
    } ]
  }, {
    "id" : "56628ad0-234e-45e3-871b-d1a6db22cc6a",
    "vertices" : [ {
      "x" : -14.786893,
      "y" : -14.786893,
      "z" : 7.3934464
    }, {
      "x" : -22.18034,
      "y" : 0.0,
      "z" : 0.0
    }, {
      "x" : -14.786893,
      "y" : -14.786893,
      "z" : -7.3934464
    } ],
    "faces" : [ {
      "vertices" : [ 0, 1, 2 ]
    }, {
      "vertices" : [ 0, 2, 1 ]
    } ]
  }, {
    "id" : "809f471f-fd8d-48ab-a102-41de6be8af72",
    "vertices" : [ {
      "x" : -7.3934464,
      "y" : 14.786893,
      "z" : 14.786893
    }, {
      "x" : 14.786893,
      "y" : -7.3934464,
      "z" : 14.786893
    }, {
      "x" : 14.786893,
      "y" : 14.786893,
      "z" : -7.3934464
    } ],
    "faces" : [ {
      "vertices" : [ 0, 1, 2 ]
    }, {
      "vertices" : [ 0, 2, 1 ]
    } ]
  }, {
    "id" : "8563759d-736c-48e0-a2bd-1ee040a29649",
    "vertices" : [ {
      "x" : -7.3934464,
      "y" : 14.786893,
      "z" : 14.786893
    }, {
      "x" : 0.0,
      "y" : 22.18034,
      "z" : 0.0
    }, {
      "x" : -14.786893,
      "y" : 14.786893,
      "z" : 7.3934464
    } ],
    "faces" : [ {
      "vertices" : [ 0, 1, 2 ]
    }, {
      "vertices" : [ 0, 2, 1 ]
    } ]
  }, {
    "id" : "65cd44e2-ea3e-4280-a28b-50733c6e3a81",
    "vertices" : [ {
      "x" : 14.786893,
      "y" : -14.786893,
      "z" : 7.3934464
    }, {
      "x" : 22.18034,
      "y" : 0.0,
      "z" : 0.0
    }, {
      "x" : 14.786893,
      "y" : -7.3934464,
      "z" : 14.786893
    } ],
    "faces" : [ {
      "vertices" : [ 0, 1, 2 ]
    }, {
      "vertices" : [ 0, 2, 1 ]
    } ]
  }, {
    "id" : "6a85609c-067a-4d88-9475-03af58791bca",
    "vertices" : [ {
      "x" : 14.786893,
      "y" : -14.786893,
      "z" : 7.3934464
    }, {
      "x" : 0.0,
      "y" : -22.18034,
      "z" : 0.0
    }, {
      "x" : 14.786893,
      "y" : -14.786893,
      "z" : -7.3934464
    } ],
    "faces" : [ {
      "vertices" : [ 0, 1, 2 ]
    }, {
      "vertices" : [ 0, 2, 1 ]
    } ]
  }, {
    "id" : "bf6e68fb-13d0-455c-9ea4-93e909f68ad2",
    "vertices" : [ {
      "x" : 7.3934464,
      "y" : -14.786893,
      "z" : 14.786893
    }, {
      "x" : 14.786893,
      "y" : -7.3934464,
      "z" : -14.786893
    }, {
      "x" : 14.786893,
      "y" : 14.786893,
      "z" : 7.3934464
    } ],
    "faces" : [ {
      "vertices" : [ 0, 1, 2 ]
    }, {
      "vertices" : [ 0, 2, 1 ]
    } ]
  }, {
    "id" : "fabe0b23-ad50-4dcf-966e-8d90fd3f61ed",
    "vertices" : [ {
      "x" : -14.786893,
      "y" : 14.786893,
      "z" : -7.3934464
    }, {
      "x" : -14.786893,
      "y" : 7.3934464,
      "z" : -14.786893
    }, {
      "x" : -22.18034,
      "y" : 0.0,
      "z" : 0.0
    } ],
    "faces" : [ {
      "vertices" : [ 0, 1, 2 ]
    }, {
      "vertices" : [ 0, 2, 1 ]
    } ]
  }, {
    "id" : "3625bfce-79bc-49ec-a301-8ae4247f85db",
    "vertices" : [ {
      "x" : 14.786893,
      "y" : 7.3934464,
      "z" : 14.786893
    }, {
      "x" : 22.18034,
      "y" : 0.0,
      "z" : 0.0
    }, {
      "x" : 14.786893,
      "y" : 14.786893,
      "z" : 7.3934464
    } ],
    "faces" : [ {
      "vertices" : [ 0, 1, 2 ]
    }, {
      "vertices" : [ 0, 2, 1 ]
    } ]
  }, {
    "id" : "f0935f00-edcf-4cbe-800e-c5cf963cd2c9",
    "vertices" : [ {
      "x" : 7.3934464,
      "y" : -14.786893,
      "z" : -14.786893
    }, {
      "x" : 14.786893,
      "y" : -7.3934464,
      "z" : 14.786893
    }, {
      "x" : 14.786893,
      "y" : 14.786893,
      "z" : -7.3934464
    } ],
    "faces" : [ {
      "vertices" : [ 0, 1, 2 ]
    }, {
      "vertices" : [ 0, 2, 1 ]
    } ]
  }, {
    "id" : "bfbb95fa-1d94-4745-90ff-d76d16c33803",
    "vertices" : [ {
      "x" : 22.18034,
      "y" : 0.0,
      "z" : 0.0
    }, {
      "x" : 0.0,
      "y" : 0.0,
      "z" : -22.18034
    }, {
      "x" : 0.0,
      "y" : 22.18034,
      "z" : 0.0
    } ],
    "faces" : [ {
      "vertices" : [ 0, 1, 2 ]
    }, {
      "vertices" : [ 0, 2, 1 ]
    } ]
  }, {
    "id" : "4015071f-8aac-4960-96c4-14fc9ed51461",
    "vertices" : [ {
      "x" : -14.786893,
      "y" : -7.3934464,
      "z" : 14.786893
    }, {
      "x" : -7.3934464,
      "y" : -14.786893,
      "z" : 14.786893
    }, {
      "x" : 0.0,
      "y" : 0.0,
      "z" : 22.18034
    } ],
    "faces" : [ {
      "vertices" : [ 0, 1, 2 ]
    }, {
      "vertices" : [ 0, 2, 1 ]
    } ]
  }, {
    "id" : "a834a339-7851-44d1-be28-62b23fee4bf1",
    "vertices" : [ {
      "x" : 22.18034,
      "y" : 0.0,
      "z" : 0.0
    }, {
      "x" : 0.0,
      "y" : 0.0,
      "z" : 22.18034
    }, {
      "x" : 0.0,
      "y" : -22.18034,
      "z" : 0.0
    } ],
    "faces" : [ {
      "vertices" : [ 0, 1, 2 ]
    }, {
      "vertices" : [ 0, 2, 1 ]
    } ]
  }, {
    "id" : "6485bf6c-2e6b-46f8-b509-00a804d3e443",
    "vertices" : [ {
      "x" : -14.786893,
      "y" : 7.3934464,
      "z" : 14.786893
    }, {
      "x" : -22.18034,
      "y" : 0.0,
      "z" : 0.0
    }, {
      "x" : -14.786893,
      "y" : -7.3934464,
      "z" : 14.786893
    } ],
    "faces" : [ {
      "vertices" : [ 0, 1, 2 ]
    }, {
      "vertices" : [ 0, 2, 1 ]
    } ]
  }, {
    "id" : "520d1902-9216-442e-ba10-0bd06e4a7818",
    "vertices" : [ {
      "x" : -7.3934464,
      "y" : 14.786893,
      "z" : 14.786893
    }, {
      "x" : -14.786893,
      "y" : 7.3934464,
      "z" : -14.786893
    }, {
      "x" : -14.786893,
      "y" : -14.786893,
      "z" : 7.3934464
    } ],
    "faces" : [ {
      "vertices" : [ 0, 1, 2 ]
    }, {
      "vertices" : [ 0, 2, 1 ]
    } ]
  }, {
    "id" : "891e1eef-f143-4a4c-ae60-655b9c50dff1",
    "vertices" : [ {
      "x" : -22.18034,
      "y" : 0.0,
      "z" : 0.0
    }, {
      "x" : 0.0,
      "y" : 0.0,
      "z" : 22.18034
    }, {
      "x" : 0.0,
      "y" : 22.18034,
      "z" : 0.0
    } ],
    "faces" : [ {
      "vertices" : [ 0, 1, 2 ]
    }, {
      "vertices" : [ 0, 2, 1 ]
    } ]
  }, {
    "id" : "c4436d26-56e2-4080-b753-7bbfa19eb9c4",
    "vertices" : [ {
      "x" : -22.18034,
      "y" : 0.0,
      "z" : 0.0
    }, {
      "x" : 0.0,
      "y" : 0.0,
      "z" : 22.18034
    }, {
      "x" : 0.0,
      "y" : -22.18034,
      "z" : 0.0
    } ],
    "faces" : [ {
      "vertices" : [ 0, 1, 2 ]
    }, {
      "vertices" : [ 0, 2, 1 ]
    } ]
  }, {
    "id" : "48854803-d5b9-4fb8-9874-59864caadc02",
    "vertices" : [ {
      "x" : 14.786893,
      "y" : 14.786893,
      "z" : -7.3934464
    }, {
      "x" : 14.786893,
      "y" : 7.3934464,
      "z" : -14.786893
    }, {
      "x" : 7.3934464,
      "y" : 14.786893,
      "z" : -14.786893
    } ],
    "faces" : [ {
      "vertices" : [ 0, 1, 2 ]
    }, {
      "vertices" : [ 0, 2, 1 ]
    } ]
  }, {
    "id" : "bc81c35d-ac50-4535-a694-e2a0da33ee62",
    "vertices" : [ {
      "x" : -14.786893,
      "y" : 7.3934464,
      "z" : -14.786893
    }, {
      "x" : 0.0,
      "y" : 0.0,
      "z" : -22.18034
    }, {
      "x" : -14.786893,
      "y" : -7.3934464,
      "z" : -14.786893
    } ],
    "faces" : [ {
      "vertices" : [ 0, 1, 2 ]
    }, {
      "vertices" : [ 0, 2, 1 ]
    } ]
  }, {
    "id" : "c6df6466-0bd7-4e0e-802f-7865835b0ec0",
    "vertices" : [ {
      "x" : -7.3934464,
      "y" : -14.786893,
      "z" : -14.786893
    }, {
      "x" : 14.786893,
      "y" : 7.3934464,
      "z" : -14.786893
    }, {
      "x" : 14.786893,
      "y" : -14.786893,
      "z" : 7.3934464
    } ],
    "faces" : [ {
      "vertices" : [ 0, 1, 2 ]
    }, {
      "vertices" : [ 0, 2, 1 ]
    } ]
  }, {
    "id" : "ec0dd49a-bbc3-40f9-9118-f3f50c6de11a",
    "vertices" : [ {
      "x" : -7.3934464,
      "y" : 14.786893,
      "z" : -14.786893
    }, {
      "x" : 0.0,
      "y" : 22.18034,
      "z" : 0.0
    }, {
      "x" : 7.3934464,
      "y" : 14.786893,
      "z" : -14.786893
    } ],
    "faces" : [ {
      "vertices" : [ 0, 1, 2 ]
    }, {
      "vertices" : [ 0, 2, 1 ]
    } ]
  }, {
    "id" : "ea03fad5-fc23-465e-b169-787dc42a80ea",
    "vertices" : [ {
      "x" : -7.3934464,
      "y" : 14.786893,
      "z" : -14.786893
    }, {
      "x" : -14.786893,
      "y" : 7.3934464,
      "z" : -14.786893
    }, {
      "x" : -14.786893,
      "y" : 14.786893,
      "z" : -7.3934464
    } ],
    "faces" : [ {
      "vertices" : [ 0, 1, 2 ]
    }, {
      "vertices" : [ 0, 2, 1 ]
    } ]
  }, {
    "id" : "20cb5404-c20e-4663-9db6-757a54705fc4",
    "vertices" : [ {
      "x" : 14.786893,
      "y" : 7.3934464,
      "z" : -14.786893
    }, {
      "x" : 0.0,
      "y" : 0.0,
      "z" : -22.18034
    }, {
      "x" : 7.3934464,
      "y" : 14.786893,
      "z" : -14.786893
    } ],
    "faces" : [ {
      "vertices" : [ 0, 1, 2 ]
    }, {
      "vertices" : [ 0, 2, 1 ]
    } ]
  }, {
    "id" : "1a9a68cd-f705-487b-ace4-fd5ab1c88aa1",
    "vertices" : [ {
      "x" : -14.786893,
      "y" : 7.3934464,
      "z" : 14.786893
    }, {
      "x" : -14.786893,
      "y" : 14.786893,
      "z" : 7.3934464
    }, {
      "x" : -22.18034,
      "y" : 0.0,
      "z" : 0.0
    } ],
    "faces" : [ {
      "vertices" : [ 0, 1, 2 ]
    }, {
      "vertices" : [ 0, 2, 1 ]
    } ]
  }, {
    "id" : "7df538fa-35da-43db-a99b-dae112cfb450",
    "vertices" : [ {
      "x" : 7.3934464,
      "y" : -14.786893,
      "z" : 14.786893
    }, {
      "x" : 14.786893,
      "y" : -7.3934464,
      "z" : 14.786893
    }, {
      "x" : 0.0,
      "y" : 0.0,
      "z" : 22.18034
    } ],
    "faces" : [ {
      "vertices" : [ 0, 1, 2 ]
    }, {
      "vertices" : [ 0, 2, 1 ]
    } ]
  }, {
    "id" : "fc7db2ef-1b6a-4cd2-bf88-678d8c597878",
    "vertices" : [ {
      "x" : 22.18034,
      "y" : 0.0,
      "z" : 0.0
    }, {
      "x" : 0.0,
      "y" : 0.0,
      "z" : 22.18034
    }, {
      "x" : 0.0,
      "y" : 22.18034,
      "z" : 0.0
    } ],
    "faces" : [ {
      "vertices" : [ 0, 1, 2 ]
    }, {
      "vertices" : [ 0, 2, 1 ]
    } ]
  }, {
    "id" : "c3c29722-ef24-4825-8c01-c4d5b4c27ca3",
    "vertices" : [ {
      "x" : -14.786893,
      "y" : -7.3934464,
      "z" : -14.786893
    }, {
      "x" : -7.3934464,
      "y" : -14.786893,
      "z" : -14.786893
    }, {
      "x" : -14.786893,
      "y" : -14.786893,
      "z" : -7.3934464
    } ],
    "faces" : [ {
      "vertices" : [ 0, 1, 2 ]
    }, {
      "vertices" : [ 0, 2, 1 ]
    } ]
  }, {
    "id" : "815cacf6-1bfd-4ff8-9283-8726ee623239",
    "vertices" : [ {
      "x" : -14.786893,
      "y" : 7.3934464,
      "z" : -14.786893
    }, {
      "x" : 14.786893,
      "y" : 14.786893,
      "z" : -7.3934464
    }, {
      "x" : -7.3934464,
      "y" : 14.786893,
      "z" : 14.786893
    } ],
    "faces" : [ {
      "vertices" : [ 0, 1, 2 ]
    }, {
      "vertices" : [ 0, 2, 1 ]
    } ]
  }, {
    "id" : "5be734b7-d467-4446-b1b3-535913d981f8",
    "vertices" : [ {
      "x" : -7.3934464,
      "y" : 14.786893,
      "z" : -14.786893
    }, {
      "x" : -14.786893,
      "y" : 7.3934464,
      "z" : 14.786893
    }, {
      "x" : -14.786893,
      "y" : -14.786893,
      "z" : -7.3934464
    } ],
    "faces" : [ {
      "vertices" : [ 0, 1, 2 ]
    }, {
      "vertices" : [ 0, 2, 1 ]
    } ]
  }, {
    "id" : "be1239aa-8c3c-4bff-a345-d04a7ba48bb9",
    "vertices" : [ {
      "x" : 7.3934464,
      "y" : -14.786893,
      "z" : 14.786893
    }, {
      "x" : 14.786893,
      "y" : -14.786893,
      "z" : 7.3934464
    }, {
      "x" : 14.786893,
      "y" : -7.3934464,
      "z" : 14.786893
    } ],
    "faces" : [ {
      "vertices" : [ 0, 1, 2 ]
    }, {
      "vertices" : [ 0, 2, 1 ]
    } ]
  }, {
    "id" : "a4b24490-a29e-4d47-bd74-33323f1808c8",
    "vertices" : [ {
      "x" : 7.3934464,
      "y" : 14.786893,
      "z" : 14.786893
    }, {
      "x" : 14.786893,
      "y" : 7.3934464,
      "z" : 14.786893
    }, {
      "x" : 14.786893,
      "y" : 14.786893,
      "z" : 7.3934464
    } ],
    "faces" : [ {
      "vertices" : [ 0, 1, 2 ]
    }, {
