{
  "field" : "golden",
  "symmetry" : "icosahedral",
  "orientations" : [ [ 1.0, 0.0, 0.0, 0.0, 0.0, 1.0, 0.0, 0.0, 0.0, 0.0, 1.0, 0.0, 0.0, 0.0, 0.0, 1.0 ], [ 0.0, 0.0, 1.0, 0.0, 1.0, 0.0, 0.0, 0.0, 0.0, 1.0, 0.0, 0.0, 0.0, 0.0, 0.0, 1.0 ], [ 0.0, 1.0, 0.0, 0.0, 0.0, 0.0, 1.0, 0.0, 1.0, 0.0, 0.0, 0.0, 0.0, 0.0, 0.0, 1.0 ], [ 0.809017, 0.309017, 0.5, 0.0, 0.309017, 0.5, -0.809017, 0.0, -0.5, 0.809017, 0.309017, 0.0, 0.0, 0.0, 0.0, 1.0 ], [ -0.5, 0.809017, 0.309017, 0.0, 0.809017, 0.309017, 0.5, 0.0, 0.309017, 0.5, -0.809017, 0.0, 0.0, 0.0, 0.0, 1.0 ], [ 0.309017, 0.5, -0.809017, 0.0, -0.5, 0.809017, 0.309017, 0.0, 0.809017, 0.309017, 0.5, 0.0, 0.0, 0.0, 0.0, 1.0 ], [ 0.5, 0.809017, 0.309017, 0.0, 0.809017, -0.309017, -0.5, 0.0, -0.309017, 0.5, -0.809017, 0.0, 0.0, 0.0, 0.0, 1.0 ], [ -0.309017, 0.5, -0.809017, 0.0, 0.5, 0.809017, 0.309017, 0.0, 0.809017, -0.309017, -0.5, 0.0, 0.0, 0.0, 0.0, 1.0 ], [ 0.809017, -0.309017, -0.5, 0.0, -0.309017, 0.5, -0.809017, 0.0, 0.5, 0.809017, 0.309017, 0.0, 0.0, 0.0, 0.0, 1.0 ], [ 0.5, 0.809017, -0.309017, 0.0, 0.809017, -0.309017, 0.5, 0.0, 0.309017, -0.5, -0.809017, 0.0, 0.0, 0.0, 0.0, 1.0 ], [ 0.309017, -0.5, -0.809017, 0.0, 0.5, 0.809017, -0.309017, 0.0, 0.809017, -0.309017, 0.5, 0.0, 0.0, 0.0, 0.0, 1.0 ], [ 0.809017, -0.309017, 0.5, 0.0, 0.309017, -0.5, -0.809017, 0.0, 0.5, 0.809017, -0.309017, 0.0, 0.0, 0.0, 0.0, 1.0 ], [ 0.809017, 0.309017, -0.5, 0.0, 0.309017, 0.5, 0.809017, 0.0, 0.5, -0.809017, 0.309017, 0.0, 0.0, 0.0, 0.0, 1.0 ], [ 0.5, -0.809017, 0.309017, 0.0, 0.809017, 0.309017, -0.5, 0.0, 0.309017, 0.5, 0.809017, 0.0, 0.0, 0.0, 0.0, 1.0 ], [ 0.309017, 0.5, 0.809017, 0.0, 0.5, -0.809017, 0.309017, 0.0, 0.809017, 0.309017, -0.5, 0.0, 0.0, 0.0, 0.0, 1.0 ], [ 1.0, 0.0, 0.0, 0.0, 0.0, -1.0, 0.0, 0.0, 0.0, 0.0, -1.0, 0.0, 0.0, 0.0, 0.0, 1.0 ], [ 0.0, 0.0, 1.0, 0.0, -1.0, 0.0, 0.0, 0.0, 0.0, -1.0, 0.0, 0.0, 0.0, 0.0, 0.0, 1.0 ], [ 0.0, 1.0, 0.0, 0.0, 0.0, 0.0, -1.0, 0.0, -1.0, 0.0, 0.0, 0.0, 0.0, 0.0, 0.0, 1.0 ], [ 0.809017, 0.309017, 0.5, 0.0, -0.309017, -0.5, 0.809017, 0.0, 0.5, -0.809017, -0.309017, 0.0, 0.0, 0.0, 0.0, 1.0 ], [ -0.5, 0.809017, 0.309017, 0.0, -0.809017, -0.309017, -0.5, 0.0, -0.309017, -0.5, 0.809017, 0.0, 0.0, 0.0, 0.0, 1.0 ], [ 0.309017, 0.5, -0.809017, 0.0, 0.5, -0.809017, -0.309017, 0.0, -0.809017, -0.309017, -0.5, 0.0, 0.0, 0.0, 0.0, 1.0 ], [ 0.5, 0.809017, 0.309017, 0.0, -0.809017, 0.309017, 0.5, 0.0, 0.309017, -0.5, 0.809017, 0.0, 0.0, 0.0, 0.0, 1.0 ], [ -0.309017, 0.5, -0.809017, 0.0, -0.5, -0.809017, -0.309017, 0.0, -0.809017, 0.309017, 0.5, 0.0, 0.0, 0.0, 0.0, 1.0 ], [ 0.809017, -0.309017, -0.5, 0.0, 0.309017, -0.5, 0.809017, 0.0, -0.5, -0.809017, -0.309017, 0.0, 0.0, 0.0, 0.0, 1.0 ], [ 0.5, 0.809017, -0.309017, 0.0, -0.809017, 0.309017, -0.5, 0.0, -0.309017, 0.5, 0.809017, 0.0, 0.0, 0.0, 0.0, 1.0 ], [ 0.309017, -0.5, -0.809017, 0.0, -0.5, -0.809017, 0.309017, 0.0, -0.809017, 0.309017, -0.5, 0.0, 0.0, 0.0, 0.0, 1.0 ], [ 0.809017, -0.309017, 0.5, 0.0, -0.309017, 0.5, 0.809017, 0.0, -0.5, -0.809017, 0.309017, 0.0, 0.0, 0.0, 0.0, 1.0 ], [ 0.809017, 0.309017, -0.5, 0.0, -0.309017, -0.5, -0.809017, 0.0, -0.5, 0.809017, -0.309017, 0.0, 0.0, 0.0, 0.0, 1.0 ], [ 0.5, -0.809017, 0.309017, 0.0, -0.809017, -0.309017, 0.5, 0.0, -0.309017, -0.5, -0.809017, 0.0, 0.0, 0.0, 0.0, 1.0 ], [ 0.309017, 0.5, 0.809017, 0.0, -0.5, 0.809017, -0.309017, 0.0, -0.809017, -0.309017, 0.5, 0.0, 0.0, 0.0, 0.0, 1.0 ], [ -1.0, 0.0, 0.0, 0.0, 0.0, -1.0, 0.0, 0.0, 0.0, 0.0, 1.0, 0.0, 0.0, 0.0, 0.0, 1.0 ], [ 0.0, 0.0, -1.0, 0.0, -1.0, 0.0, 0.0, 0.0, 0.0, 1.0, 0.0, 0.0, 0.0, 0.0, 0.0, 1.0 ], [ 0.0, -1.0, 0.0, 0.0, 0.0, 0.0, -1.0, 0.0, 1.0, 0.0, 0.0, 0.0, 0.0, 0.0, 0.0, 1.0 ], [ -0.809017, -0.309017, -0.5, 0.0, -0.309017, -0.5, 0.809017, 0.0, -0.5, 0.809017, 0.309017, 0.0, 0.0, 0.0, 0.0, 1.0 ], [ 0.5, -0.809017, -0.309017, 0.0, -0.809017, -0.309017, -0.5, 0.0, 0.309017, 0.5, -0.809017, 0.0, 0.0, 0.0, 0.0, 1.0 ], [ -0.309017, -0.5, 0.809017, 0.0, 0.5, -0.809017, -0.309017, 0.0, 0.809017, 0.309017, 0.5, 0.0, 0.0, 0.0, 0.0, 1.0 ], [ -0.5, -0.809017, -0.309017, 0.0, -0.809017, 0.309017, 0.5, 0.0, -0.309017, 0.5, -0.809017, 0.0, 0.0, 0.0, 0.0, 1.0 ], [ 0.309017, -0.5, 0.809017, 0.0, -0.5, -0.809017, -0.309017, 0.0, 0.809017, -0.309017, -0.5, 0.0, 0.0, 0.0, 0.0, 1.0 ], [ -0.809017, 0.309017, 0.5, 0.0, 0.309017, -0.5, 0.809017, 0.0, 0.5, 0.809017, 0.309017, 0.0, 0.0, 0.0, 0.0, 1.0 ], [ -0.5, -0.809017, 0.309017, 0.0, -0.809017, 0.309017, -0.5, 0.0, 0.309017, -0.5, -0.809017, 0.0, 0.0, 0.0, 0.0, 1.0 ], [ -0.309017, 0.5, 0.809017, 0.0, -0.5, -0.809017, 0.309017, 0.0, 0.809017, -0.309017, 0.5, 0.0, 0.0, 0.0, 0.0, 1.0 ], [ -0.809017, 0.309017, -0.5, 0.0, -0.309017, 0.5, 0.809017, 0.0, 0.5, 0.809017, -0.309017, 0.0, 0.0, 0.0, 0.0, 1.0 ], [ -0.809017, -0.309017, 0.5, 0.0, -0.309017, -0.5, -0.809017, 0.0, 0.5, -0.809017, 0.309017, 0.0, 0.0, 0.0, 0.0, 1.0 ], [ -0.5, 0.809017, -0.309017, 0.0, -0.809017, -0.309017, 0.5, 0.0, 0.309017, 0.5, 0.809017, 0.0, 0.0, 0.0, 0.0, 1.0 ], [ -0.309017, -0.5, -0.809017, 0.0, -0.5, 0.809017, -0.309017, 0.0, 0.809017, 0.309017, -0.5, 0.0, 0.0, 0.0, 0.0, 1.0 ], [ -1.0, 0.0, 0.0, 0.0, 0.0, 1.0, 0.0, 0.0, 0.0, 0.0, -1.0, 0.0, 0.0, 0.0, 0.0, 1.0 ], [ 0.0, 0.0, -1.0, 0.0, 1.0, 0.0, 0.0, 0.0, 0.0, -1.0, 0.0, 0.0, 0.0, 0.0, 0.0, 1.0 ], [ 0.0, -1.0, 0.0, 0.0, 0.0, 0.0, 1.0, 0.0, -1.0, 0.0, 0.0, 0.0, 0.0, 0.0, 0.0, 1.0 ], [ -0.809017, -0.309017, -0.5, 0.0, 0.309017, 0.5, -0.809017, 0.0, 0.5, -0.809017, -0.309017, 0.0, 0.0, 0.0, 0.0, 1.0 ], [ 0.5, -0.809017, -0.309017, 0.0, 0.809017, 0.309017, 0.5, 0.0, -0.309017, -0.5, 0.809017, 0.0, 0.0, 0.0, 0.0, 1.0 ], [ -0.309017, -0.5, 0.809017, 0.0, -0.5, 0.809017, 0.309017, 0.0, -0.809017, -0.309017, -0.5, 0.0, 0.0, 0.0, 0.0, 1.0 ], [ -0.5, -0.809017, -0.309017, 0.0, 0.809017, -0.309017, -0.5, 0.0, 0.309017, -0.5, 0.809017, 0.0, 0.0, 0.0, 0.0, 1.0 ], [ 0.309017, -0.5, 0.809017, 0.0, 0.5, 0.809017, 0.309017, 0.0, -0.809017, 0.309017, 0.5, 0.0, 0.0, 0.0, 0.0, 1.0 ], [ -0.809017, 0.309017, 0.5, 0.0, -0.309017, 0.5, -0.809017, 0.0, -0.5, -0.809017, -0.309017, 0.0, 0.0, 0.0, 0.0, 1.0 ], [ -0.5, -0.809017, 0.309017, 0.0, 0.809017, -0.309017, 0.5, 0.0, -0.309017, 0.5, 0.809017, 0.0, 0.0, 0.0, 0.0, 1.0 ], [ -0.309017, 0.5, 0.809017, 0.0, 0.5, 0.809017, -0.309017, 0.0, -0.809017, 0.309017, -0.5, 0.0, 0.0, 0.0, 0.0, 1.0 ], [ -0.809017, 0.309017, -0.5, 0.0, 0.309017, -0.5, -0.809017, 0.0, -0.5, -0.809017, 0.309017, 0.0, 0.0, 0.0, 0.0, 1.0 ], [ -0.809017, -0.309017, 0.5, 0.0, 0.309017, 0.5, 0.809017, 0.0, -0.5, 0.809017, -0.309017, 0.0, 0.0, 0.0, 0.0, 1.0 ], [ -0.5, 0.809017, -0.309017, 0.0, 0.809017, 0.309017, -0.5, 0.0, -0.309017, -0.5, -0.809017, 0.0, 0.0, 0.0, 0.0, 1.0 ], [ -0.309017, -0.5, -0.809017, 0.0, 0.5, -0.809017, 0.309017, 0.0, -0.809017, -0.309017, 0.5, 0.0, 0.0, 0.0, 0.0, 1.0 ] ],
  "lights" : {
    "ambientColor" : "#292929",
    "backgroundColor" : "#CCCCCC",
    "directionalLights" : [ {
      "direction" : {
        "x" : 1.0,
        "y" : -1.0,
        "z" : -1.0
      },
      "color" : "#EBEBE4"
    }, {
      "direction" : {
        "x" : -1.0,
        "y" : 0.0,
        "z" : 0.0
      },
      "color" : "#E4E4EB"
    }, {
      "direction" : {
        "x" : 0.0,
        "y" : 0.0,
        "z" : -1.0
      },
      "color" : "#1E1E1E"
    } ]
  },
  "camera" : {
    "width" : 102.55232,
    "stereo" : false,
    "lookDirection" : {
      "x" : 0.0,
      "y" : 0.0,
      "z" : -1.0
    },
    "upDirection" : {
      "x" : 0.0,
      "y" : 1.0,
      "z" : 0.0
    },
    "lookAtPoint" : {
      "x" : 0.0,
      "y" : 0.0,
      "z" : 0.0
    },
    "viewDistance" : 227.89374,
    "nearClipDistance" : 0.56973565,
    "farClipDistance" : 455.78845,
    "fieldOfView" : 0.44262946,
    "perspective" : true,
    "position" : {
      "x" : 0.0,
      "y" : 0.0,
      "z" : 227.89374
    }
  },
  "embedding" : [ 1.0, 0.0, 0.0, 0.0, 0.0, 1.0, 0.0, 0.0, 0.0, 0.0, 1.0, 0.0, 0.0, 0.0, 0.0, 1.0 ],
  "shapes" : [ {
    "id" : "cedc441a-4abd-46b5-9852-f25b642261b0",
    "vertices" : [ {
      "x" : 11.09017,
      "y" : -17.944271,
      "z" : 29.034441
    }, {
      "x" : 6.495755,
      "y" : -15.76553,
      "z" : 26.74974
    }, {
      "x" : -12.99151,
      "y" : -15.76553,
      "z" : -24.268583
    }, {
      "x" : -11.09017,
      "y" : -17.944271,
      "z" : -29.034441
    } ],
    "faces" : [ {
      "vertices" : [ 0, 1, 2 ]
    }, {
      "vertices" : [ 0, 2, 3 ]
    }, {
      "vertices" : [ 0, 3, 2 ]
    }, {
      "vertices" : [ 0, 2, 1 ]
    } ]
  }, {
    "id" : "f6edda39-0496-4d46-a823-582b02cf407a",
    "vertices" : [ {
      "x" : -24.798374,
      "y" : -9.472136,
      "z" : 15.326238
    }, {
      "x" : -27.51646,
      "y" : -7.7363343,
      "z" : 13.75823
    }, {
      "x" : 13.75823,
      "y" : 27.51646,
      "z" : 7.7363343
    }, {
      "x" : 15.326238,
      "y" : 24.798374,
      "z" : 9.472136
    } ],
    "faces" : [ {
      "vertices" : [ 0, 1, 2 ]
    }, {
      "vertices" : [ 0, 2, 3 ]
    }, {
      "vertices" : [ 0, 3, 2 ]
    }, {
      "vertices" : [ 0, 2, 1 ]
    } ]
  }, {
    "id" : "cca7a97b-4f25-40f4-bffa-00e85d54c574",
    "vertices" : [ {
      "x" : -24.798374,
      "y" : 9.472136,
      "z" : -15.326238
    }, {
      "x" : -24.268583,
      "y" : 12.99151,
      "z" : -15.76553
    }, {
      "x" : 26.74974,
      "y" : -6.495755,
      "z" : -15.76553
    }, {
      "x" : 24.798374,
      "y" : -9.472136,
      "z" : -15.326238
    } ],
    "faces" : [ {
      "vertices" : [ 0, 1, 2 ]
    }, {
      "vertices" : [ 0, 2, 3 ]
    }, {
      "vertices" : [ 0, 3, 2 ]
    }, {
      "vertices" : [ 0, 2, 1 ]
    } ]
  }, {
    "id" : "16736661-17d0-4b2e-9505-5b7acdcf1ff5",
    "vertices" : [ {
      "x" : 24.798374,
      "y" : 9.472136,
      "z" : -15.326238
    }, {
      "x" : 23.501863,
      "y" : 11.750932,
      "z" : -17.77283
    }, {
      "x" : -11.750932,
      "y" : 17.77283,
      "z" : 23.501863
    }, {
      "x" : -9.472136,
      "y" : 15.326238,
      "z" : 24.798374
    } ],
    "faces" : [ {
      "vertices" : [ 0, 1, 2 ]
    }, {
      "vertices" : [ 0, 2, 3 ]
    }, {
      "vertices" : [ 0, 3, 2 ]
    }, {
      "vertices" : [ 0, 2, 1 ]
    } ]
  }, {
    "id" : "cd6b52de-07ca-417f-a920-9a652f6d3723",
    "vertices" : [ {
      "x" : 0.309017,
      "y" : -0.309017,
      "z" : -0.309017
    }, {
      "x" : 0.5,
      "y" : 0.0,
      "z" : -0.19098301
    }, {
      "x" : 0.5,
      "y" : 0.0,
      "z" : 0.19098301
    }, {
      "x" : 0.309017,
      "y" : -0.309017,
      "z" : 0.309017
    }, {
      "x" : 0.19098301,
      "y" : -0.5,
      "z" : 0.0
    }, {
      "x" : 0.0,
      "y" : 0.19098301,
      "z" : 0.5
    }, {
      "x" : 0.0,
      "y" : -0.19098301,
      "z" : 0.5
    }, {
      "x" : 0.309017,
      "y" : 0.309017,
      "z" : 0.309017
    }, {
      "x" : -0.309017,
      "y" : -0.309017,
      "z" : 0.309017
    }, {
      "x" : -0.309017,
      "y" : 0.309017,
      "z" : 0.309017
    }, {
      "x" : -0.5,
      "y" : 0.0,
      "z" : 0.19098301
    }, {
      "x" : 0.0,
      "y" : -0.19098301,
      "z" : -0.5
    }, {
      "x" : 0.0,
      "y" : 0.19098301,
      "z" : -0.5
    }, {
      "x" : 0.309017,
      "y" : 0.309017,
      "z" : -0.309017
    }, {
      "x" : -0.309017,
      "y" : -0.309017,
      "z" : -0.309017
    }, {
      "x" : -0.19098301,
      "y" : -0.5,
      "z" : 0.0
    }, {
      "x" : -0.5,
      "y" : 0.0,
      "z" : -0.19098301
    }, {
      "x" : 0.19098301,
      "y" : 0.5,
      "z" : 0.0
    }, {
      "x" : -0.309017,
      "y" : 0.309017,
      "z" : -0.309017
    }, {
      "x" : 0.0,
      "y" : 0.0,
      "z" : 0.0
    }, {
      "x" : -0.19098301,
      "y" : 0.5,
      "z" : 0.0
    } ],
    "faces" : [ {
      "vertices" : [ 12, 18, 20 ]
    }, {
      "vertices" : [ 12, 20, 17 ]
    }, {
      "vertices" : [ 12, 17, 13 ]
    }, {
      "vertices" : [ 3, 6, 8 ]
    }, {
      "vertices" : [ 3, 8, 15 ]
    }, {
      "vertices" : [ 3, 15, 4 ]
    }, {
      "vertices" : [ 0, 11, 12 ]
    }, {
      "vertices" : [ 0, 12, 13 ]
    }, {
      "vertices" : [ 0, 13, 1 ]
    }, {
      "vertices" : [ 5, 9, 10 ]
    }, {
      "vertices" : [ 5, 10, 8 ]
    }, {
      "vertices" : [ 5, 8, 6 ]
    }, {
      "vertices" : [ 2, 7, 5 ]
    }, {
      "vertices" : [ 2, 5, 6 ]
    }, {
      "vertices" : [ 2, 6, 3 ]
    }, {
      "vertices" : [ 11, 14, 16 ]
    }, {
      "vertices" : [ 11, 16, 18 ]
    }, {
      "vertices" : [ 11, 18, 12 ]
    }, {
      "vertices" : [ 1, 13, 17 ]
    }, {
      "vertices" : [ 1, 17, 7 ]
    }, {
      "vertices" : [ 1, 7, 2 ]
    }, {
      "vertices" : [ 9, 20, 18 ]
    }, {
      "vertices" : [ 9, 18, 16 ]
    }, {
      "vertices" : [ 9, 16, 10 ]
    }, {
      "vertices" : [ 0, 1, 2 ]
    }, {
      "vertices" : [ 0, 2, 3 ]
    }, {
      "vertices" : [ 0, 3, 4 ]
    }, {
      "vertices" : [ 5, 7, 17 ]
    }, {
      "vertices" : [ 5, 17, 20 ]
    }, {
      "vertices" : [ 5, 20, 9 ]
    }, {
      "vertices" : [ 0, 4, 15 ]
    }, {
      "vertices" : [ 0, 15, 14 ]
    }, {
      "vertices" : [ 0, 14, 11 ]
    }, {
      "vertices" : [ 8, 10, 16 ]
    }, {
      "vertices" : [ 8, 16, 14 ]
    }, {
      "vertices" : [ 8, 14, 15 ]
    } ]
  }, {
    "id" : "22397233-9867-4b8e-abf2-eb2570d11b8b",
    "vertices" : [ {
      "x" : 0.0,
      "y" : 0.0,
      "z" : -35.888542
    }, {
      "x" : 1.2405789,
      "y" : 3.2478776,
      "z" : -31.53106
    }, {
      "x" : 26.74974,
      "y" : -6.495755,
      "z" : 15.76553
    }, {
      "x" : 29.034441,
      "y" : -11.09017,
      "z" : 17.944271
    } ],
    "faces" : [ {
      "vertices" : [ 0, 1, 2 ]
    }, {
      "vertices" : [ 0, 2, 3 ]
    }, {
      "vertices" : [ 0, 3, 2 ]
    }, {
      "vertices" : [ 0, 2, 1 ]
    } ]
  }, {
    "id" : "8446b6fd-8c6a-40b6-8a46-3103e4adf3b4",
    "vertices" : [ {
      "x" : -29.034441,
      "y" : -11.09017,
      "z" : 17.944271
    }, {
      "x" : -26.74974,
      "y" : -6.495755,
      "z" : 15.76553
    }, {
      "x" : 24.268583,
      "y" : 12.99151,
      "z" : 15.76553
    }, {
      "x" : 29.034441,
      "y" : 11.09017,
      "z" : 17.944271
    } ],
    "faces" : [ {
      "vertices" : [ 0, 1, 2 ]
    }, {
      "vertices" : [ 0, 2, 3 ]
    }, {
      "vertices" : [ 0, 3, 2 ]
    }, {
      "vertices" : [ 0, 2, 1 ]
    } ]
  }, {
    "id" : "64565a5b-077c-4a6f-9415-0627261ee0e0",
    "vertices" : [ {
      "x" : 15.326238,
      "y" : -24.798374,
      "z" : 9.472136
    }, {
      "x" : 15.76553,
      "y" : -24.268583,
      "z" : 12.99151
    }, {
      "x" : 15.76553,
      "y" : 26.74974,
      "z" : -6.495755
    }, {
      "x" : 15.326238,
      "y" : 24.798374,
      "z" : -9.472136
    } ],
    "faces" : [ {
      "vertices" : [ 0, 1, 2 ]
    }, {
      "vertices" : [ 0, 2, 3 ]
    }, {
      "vertices" : [ 0, 3, 2 ]
    }, {
      "vertices" : [ 0, 2, 1 ]
    } ]
  }, {
    "id" : "e40e69e1-9021-4cbb-96b7-ba6b136b1596",
    "vertices" : [ {
      "x" : 9.472136,
      "y" : -15.326238,
      "z" : 24.798374
    }, {
      "x" : 7.7363343,
      "y" : -13.75823,
      "z" : 27.51646
    }, {
      "x" : -27.51646,
      "y" : -7.7363343,
      "z" : -13.75823
    }, {
      "x" : -24.798374,
      "y" : -9.472136,
      "z" : -15.326238
    } ],
    "faces" : [ {
      "vertices" : [ 0, 1, 2 ]
    }, {
      "vertices" : [ 0, 2, 3 ]
    }, {
      "vertices" : [ 0, 3, 2 ]
    }, {
      "vertices" : [ 0, 2, 1 ]
    } ]
  }, {
    "id" : "2809cd3a-8e16-4d74-b441-af7a790255e5",
    "vertices" : [ {
      "x" : 0.0,
      "y" : 0.0,
      "z" : -35.888542
    }, {
      "x" : 1.2405789,
      "y" : -3.2478776,
      "z" : -31.53106
    }, {
      "x" : 26.74974,
      "y" : 6.495755,
      "z" : 15.76553
    }, {
      "x" : 29.034441,
      "y" : 11.09017,
      "z" : 17.944271
    } ],
    "faces" : [ {
      "vertices" : [ 0, 1, 2 ]
    }, {
      "vertices" : [ 0, 2, 3 ]
    }, {
      "vertices" : [ 0, 3, 2 ]
    }, {
      "vertices" : [ 0, 2, 1 ]
    } ]
  }, {
    "id" : "0c646317-1bb7-4252-a951-796b81259c2c",
    "vertices" : [ {
      "x" : 15.326238,
      "y" : 24.798374,
      "z" : -9.472136
    }, {
      "x" : 13.75823,
      "y" : 27.51646,
      "z" : -7.7363343
    }, {
      "x" : 7.7363343,
      "y" : -13.75823,
      "z" : 27.51646
    }, {
      "x" : 9.472136,
      "y" : -15.326238,
      "z" : 24.798374
    } ],
    "faces" : [ {
      "vertices" : [ 0, 1, 2 ]
    }, {
      "vertices" : [ 0, 2, 3 ]
    }, {
      "vertices" : [ 0, 3, 2 ]
    }, {
      "vertices" : [ 0, 2, 1 ]
    } ]
  }, {
    "id" : "811a9d9b-a113-4e39-baad-1d083080fb7c",
    "vertices" : [ {
      "x" : -17.944271,
      "y" : 29.034441,
      "z" : 11.09017
    }, {
      "x" : -17.77283,
      "y" : 23.501863,
      "z" : 11.750932
    }, {
      "x" : -11.750932,
      "y" : -17.77283,
      "z" : -23.501863
    }, {
      "x" : -11.09017,
      "y" : -17.944271,
      "z" : -29.034441
    } ],
    "faces" : [ {
      "vertices" : [ 0, 1, 2 ]
    }, {
      "vertices" : [ 0, 2, 3 ]
    }, {
      "vertices" : [ 0, 3, 2 ]
    }, {
      "vertices" : [ 0, 2, 1 ]
    } ]
  }, {
    "id" : "19eb16a3-69d9-4e13-a7a0-7579dff4aaee",
    "vertices" : [ {
      "x" : -11.09017,
      "y" : 17.944271,
      "z" : 29.034441
    }, {
      "x" : -7.7363343,
      "y" : 13.75823,
      "z" : 27.51646
    }, {
      "x" : -13.75823,
      "y" : -27.51646,
      "z" : -7.7363343
    }, {
      "x" : -17.944271,
      "y" : -29.034441,
      "z" : -11.09017
    } ],
    "faces" : [ {
      "vertices" : [ 0, 1, 2 ]
    }, {
      "vertices" : [ 0, 2, 3 ]
    }, {
      "vertices" : [ 0, 3, 2 ]
    }, {
      "vertices" : [ 0, 2, 1 ]
    } ]
  }, {
    "id" : "94be9c5e-53ed-46bb-a281-c1c56c447fa7",
    "vertices" : [ {
      "x" : -29.034441,
      "y" : 11.09017,
      "z" : -17.944271
    }, {
      "x" : -26.74974,
      "y" : 6.495755,
      "z" : -15.76553
    }, {
      "x" : 24.268583,
      "y" : -12.99151,
      "z" : -15.76553
    }, {
      "x" : 29.034441,
      "y" : -11.09017,
      "z" : -17.944271
    } ],
    "faces" : [ {
      "vertices" : [ 0, 1, 2 ]
    }, {
      "vertices" : [ 0, 2, 3 ]
    }, {
      "vertices" : [ 0, 3, 2 ]
    }, {
      "vertices" : [ 0, 2, 1 ]
    } ]
  }, {
    "id" : "5f241bad-fe25-4dad-9fdc-d8d066eba55d",
    "vertices" : [ {
      "x" : 24.798374,
      "y" : 9.472136,
      "z" : -15.326238
    }, {
      "x" : 27.51646,
      "y" : 7.7363343,
      "z" : -13.75823
    }, {
      "x" : -13.75823,
      "y" : -27.51646,
      "z" : -7.7363343
    }, {
      "x" : -15.326238,
      "y" : -24.798374,
      "z" : -9.472136
    } ],
    "faces" : [ {
      "vertices" : [ 0, 1, 2 ]
    }, {
      "vertices" : [ 0, 2, 3 ]
    }, {
      "vertices" : [ 0, 3, 2 ]
    }, {
      "vertices" : [ 0, 2, 1 ]
    } ]
  }, {
    "id" : "81a6558b-5b42-4e4c-b9d9-b7c654a0a539",
    "vertices" : [ {
      "x" : -15.326238,
      "y" : -24.798374,
      "z" : -9.472136
    }, {
      "x" : -15.76553,
      "y" : -26.74974,
      "z" : -6.495755
    }, {
      "x" : 31.53106,
      "y" : -1.2405789,
      "z" : 3.2478776
    }, {
      "x" : 30.652475,
      "y" : 0.0,
      "z" : 0.0
    } ],
    "faces" : [ {
      "vertices" : [ 0, 1, 2 ]
    }, {
      "vertices" : [ 0, 2, 3 ]
    }, {
      "vertices" : [ 0, 3, 2 ]
    }, {
      "vertices" : [ 0, 2, 1 ]
    } ]
  }, {
    "id" : "a1bcc1f8-c7f2-478d-9e68-0c408bbb0206",
    "vertices" : [ {
      "x" : 15.326238,
      "y" : 24.798374,
      "z" : 9.472136
    }, {
      "x" : 15.76553,
      "y" : 26.74974,
      "z" : 6.495755
    }, {
      "x" : -31.53106,
      "y" : 1.2405789,
      "z" : -3.2478776
    }, {
      "x" : -30.652475,
      "y" : 0.0,
      "z" : 0.0
    } ],
    "faces" : [ {
      "vertices" : [ 0, 1, 2 ]
    }, {
      "vertices" : [ 0, 2, 3 ]
    }, {
      "vertices" : [ 0, 3, 2 ]
    }, {
      "vertices" : [ 0, 2, 1 ]
    } ]
  }, {
    "id" : "fdf724d0-2bbe-496a-b66c-91b8705f1643",
    "vertices" : [ {
      "x" : -17.944271,
      "y" : -29.034441,
      "z" : 11.09017
    }, {
      "x" : -15.76553,
      "y" : -24.268583,
      "z" : 12.99151
    }, {
      "x" : 31.53106,
      "y" : 1.2405789,
      "z" : 3.2478776
    }, {
      "x" : 35.888542,
      "y" : 0.0,
      "z" : 0.0
    } ],
    "faces" : [ {
      "vertices" : [ 0, 1, 2 ]
    }, {
      "vertices" : [ 0, 2, 3 ]
    }, {
      "vertices" : [ 0, 3, 2 ]
    }, {
      "vertices" : [ 0, 2, 1 ]
    } ]
  }, {
    "id" : "d5b20b68-0bf9-4a27-b3e7-7aade90c45b1",
    "vertices" : [ {
      "x" : 0.0,
      "y" : -30.652475,
      "z" : 0.0
    }, {
      "x" : 3.2478776,
      "y" : -31.53106,
      "z" : -1.2405789
    }, {
      "x" : 12.99151,
      "y" : 15.76553,
      "z" : 24.268583
    }, {
      "x" : 9.472136,
      "y" : 15.326238,
      "z" : 24.798374
    } ],
    "faces" : [ {
      "vertices" : [ 0, 1, 2 ]
    }, {
      "vertices" : [ 0, 2, 3 ]
    }, {
      "vertices" : [ 0, 3, 2 ]
    }, {
      "vertices" : [ 0, 2, 1 ]
    } ]
  }, {
    "id" : "386c9c36-da9f-4029-9fbc-68a0884e3a4c",
    "vertices" : [ {
      "x" : -15.326238,
      "y" : 24.798374,
      "z" : 9.472136
    }, {
      "x" : -15.76553,
      "y" : 26.74974,
      "z" : 6.495755
    }, {
      "x" : 31.53106,
      "y" : 1.2405789,
      "z" : -3.2478776
    }, {
      "x" : 30.652475,
      "y" : 0.0,
      "z" : 0.0
    } ],
    "faces" : [ {
      "vertices" : [ 0, 1, 2 ]
    }, {
      "vertices" : [ 0, 2, 3 ]
    }, {
      "vertices" : [ 0, 3, 2 ]
    }, {
      "vertices" : [ 0, 2, 1 ]
    } ]
  }, {
    "id" : "299b82ca-f228-42b6-aef2-b4cc1d8163ad",
    "vertices" : [ {
      "x" : 29.034441,
      "y" : 11.09017,
      "z" : -17.944271
    }, {
      "x" : 23.501863,
      "y" : 11.750932,
      "z" : -17.77283
    }, {
      "x" : -17.77283,
      "y" : -23.501863,
      "z" : -11.750932
    }, {
      "x" : -17.944271,
      "y" : -29.034441,
      "z" : -11.09017
    } ],
    "faces" : [ {
      "vertices" : [ 0, 1, 2 ]
    }, {
      "vertices" : [ 0, 2, 3 ]
    }, {
      "vertices" : [ 0, 3, 2 ]
    }, {
      "vertices" : [ 0, 2, 1 ]
    } ]
  }, {
    "id" : "067107a3-09ac-4ae3-a815-ad35e6ee6d11",
    "vertices" : [ {
      "x" : 35.888542,
      "y" : 0.0,
      "z" : 0.0
    }, {
      "x" : 31.53106,
      "y" : 1.2405789,
      "z" : 3.2478776
    }, {
      "x" : -15.76553,
      "y" : 26.74974,
      "z" : -6.495755
    }, {
      "x" : -17.944271,
      "y" : 29.034441,
      "z" : -11.09017
    } ],
    "faces" : [ {
      "vertices" : [ 0, 1, 2 ]
    }, {
      "vertices" : [ 0, 2, 3 ]
    }, {
      "vertices" : [ 0, 3, 2 ]
    }, {
      "vertices" : [ 0, 2, 1 ]
    } ]
  }, {
    "id" : "d55aaf86-1f7f-4348-8eea-ee400d19facb",
    "vertices" : [ {
      "x" : -17.944271,
      "y" : 29.034441,
      "z" : -11.09017
    }, {
      "x" : -15.76553,
      "y" : 26.74974,
      "z" : -6.495755
    }, {
      "x" : -15.76553,
      "y" : -24.268583,
      "z" : 12.99151
    }, {
      "x" : -17.944271,
      "y" : -29.034441,
      "z" : 11.09017
    } ],
    "faces" : [ {
      "vertices" : [ 0, 1, 2 ]
    }, {
      "vertices" : [ 0, 2, 3 ]
    }, {
      "vertices" : [ 0, 3, 2 ]
    }, {
      "vertices" : [ 0, 2, 1 ]
    } ]
  }, {
    "id" : "5521264d-0977-4026-b53a-dcde960048bd",
    "vertices" : [ {
      "x" : -24.798374,
      "y" : -9.472136,
      "z" : -15.326238
    }, {
      "x" : -23.501863,
      "y" : -11.750932,
      "z" : -17.77283
    }, {
      "x" : 11.750932,
      "y" : -17.77283,
      "z" : 23.501863
    }, {
      "x" : 9.472136,
      "y" : -15.326238,
      "z" : 24.798374
    } ],
    "faces" : [ {
      "vertices" : [ 0, 1, 2 ]
    }, {
      "vertices" : [ 0, 2, 3 ]
    }, {
      "vertices" : [ 0, 3, 2 ]
    }, {
      "vertices" : [ 0, 2, 1 ]
    } ]
  }, {
    "id" : "b442fca2-f819-406d-9b25-4b0c2dd289e8",
    "vertices" : [ {
      "x" : -30.652475,
      "y" : 0.0,
      "z" : 0.0
    }, {
      "x" : -31.53106,
      "y" : -1.2405789,
      "z" : 3.2478776
    }, {
      "x" : 15.76553,
      "y" : 24.268583,
      "z" : 12.99151
    }, {
      "x" : 15.326238,
      "y" : 24.798374,
      "z" : 9.472136
    } ],
    "faces" : [ {
      "vertices" : [ 0, 1, 2 ]
    }, {
      "vertices" : [ 0, 2, 3 ]
    }, {
      "vertices" : [ 0, 3, 2 ]
    }, {
      "vertices" : [ 0, 2, 1 ]
    } ]
  }, {
    "id" : "c89bc507-e165-40a8-a419-b9f3c19b68a8",
    "vertices" : [ {
      "x" : -9.472136,
      "y" : 15.326238,
      "z" : 24.798374
    }, {
      "x" : -12.99151,
      "y" : 15.76553,
      "z" : 24.268583
    }, {
      "x" : 6.495755,
      "y" : 15.76553,
      "z" : -26.74974
    }, {
      "x" : 9.472136,
      "y" : 15.326238,
      "z" : -24.798374
    } ],
    "faces" : [ {
      "vertices" : [ 0, 1, 2 ]
    }, {
      "vertices" : [ 0, 2, 3 ]
    }, {
      "vertices" : [ 0, 3, 2 ]
    }, {
      "vertices" : [ 0, 2, 1 ]
    } ]
  }, {
    "id" : "042ae2bc-2d54-472a-9039-a89f23824a16",
    "vertices" : [ {
      "x" : 9.472136,
      "y" : 15.326238,
      "z" : 24.798374
    }, {
      "x" : 7.7363343,
      "y" : 13.75823,
      "z" : 27.51646
    }, {
      "x" : -27.51646,
      "y" : 7.7363343,
      "z" : -13.75823
    }, {
      "x" : -24.798374,
      "y" : 9.472136,
      "z" : -15.326238
    } ],
    "faces" : [ {
      "vertices" : [ 0, 1, 2 ]
    }, {
      "vertices" : [ 0, 2, 3 ]
    }, {
      "vertices" : [ 0, 3, 2 ]
    }, {
      "vertices" : [ 0, 2, 1 ]
    } ]
  }, {
    "id" : "eefc7eba-4f7c-48cb-b4ac-afbcec9df6df",
    "vertices" : [ {
      "x" : 9.472136,
      "y" : 15.326238,
      "z" : 24.798374
    }, {
      "x" : 6.495755,
      "y" : 15.76553,
      "z" : 26.74974
    }, {
      "x" : -3.2478776,
      "y" : -31.53106,
      "z" : 1.2405789
    }, {
      "x" : 0.0,
      "y" : -30.652475,
      "z" : 0.0
    } ],
    "faces" : [ {
      "vertices" : [ 0, 1, 2 ]
    }, {
      "vertices" : [ 0, 2, 3 ]
    }, {
      "vertices" : [ 0, 3, 2 ]
    }, {
      "vertices" : [ 0, 2, 1 ]
    } ]
  }, {
    "id" : "d3663a3d-895f-4bf5-8bd1-ee0188a4cd40",
    "vertices" : [ {
      "x" : -15.326238,
      "y" : -24.798374,
      "z" : -9.472136
    }, {
      "x" : -15.76553,
      "y" : -24.268583,
      "z" : -12.99151
    }, {
      "x" : -15.76553,
      "y" : 26.74974,
      "z" : 6.495755
    }, {
      "x" : -15.326238,
      "y" : 24.798374,
      "z" : 9.472136
    } ],
    "faces" : [ {
      "vertices" : [ 0, 1, 2 ]
    }, {
      "vertices" : [ 0, 2, 3 ]
    }, {
      "vertices" : [ 0, 3, 2 ]
    }, {
      "vertices" : [ 0, 2, 1 ]
    } ]
  }, {
    "id" : "0236e710-3d94-4864-baba-9fd993eba86a",
    "vertices" : [ {
      "x" : 11.09017,
      "y" : -17.944271,
      "z" : -29.034441
    }, {
      "x" : 11.750932,
      "y" : -17.77283,
      "z" : -23.501863
    }, {
      "x" : -23.501863,
      "y" : -11.750932,
      "z" : 17.77283
    }, {
      "x" : -29.034441,
      "y" : -11.09017,
      "z" : 17.944271
    } ],
    "faces" : [ {
      "vertices" : [ 0, 1, 2 ]
    }, {
      "vertices" : [ 0, 2, 3 ]
    }, {
      "vertices" : [ 0, 3, 2 ]
    }, {
      "vertices" : [ 0, 2, 1 ]
    } ]
  }, {
    "id" : "13322666-3e74-4cb2-a475-1e1fac626444",
    "vertices" : [ {
      "x" : 11.09017,
      "y" : -17.944271,
      "z" : 29.034441
    }, {
      "x" : 12.99151,
      "y" : -15.76553,
      "z" : 24.268583
    }, {
      "x" : 3.2478776,
      "y" : 31.53106,
      "z" : -1.2405789
    }, {
      "x" : 0.0,
      "y" : 35.888542,
      "z" : 0.0
    } ],
    "faces" : [ {
      "vertices" : [ 0, 1, 2 ]
    }, {
      "vertices" : [ 0, 2, 3 ]
    }, {
      "vertices" : [ 0, 3, 2 ]
    }, {
      "vertices" : [ 0, 2, 1 ]
    } ]
  }, {
    "id" : "9688f817-682e-4887-9b26-052d63c0e6e3",
    "vertices" : [ {
      "x" : 9.472136,
      "y" : -15.326238,
      "z" : -24.798374
    }, {
      "x" : 7.7363343,
      "y" : -13.75823,
      "z" : -27.51646
    }, {
      "x" : -27.51646,
      "y" : -7.7363343,
      "z" : 13.75823
    }, {
      "x" : -24.798374,
      "y" : -9.472136,
      "z" : 15.326238
    } ],
    "faces" : [ {
      "vertices" : [ 0, 1, 2 ]
    }, {
      "vertices" : [ 0, 2, 3 ]
    }, {
      "vertices" : [ 0, 3, 2 ]
    }, {
      "vertices" : [ 0, 2, 1 ]
    } ]
  }, {
    "id" : "1c4818cb-6f91-4cad-9b1e-23178f6aa6b2",
    "vertices" : [ {
      "x" : 9.472136,
      "y" : -15.326238,
      "z" : 24.798374
    }, {
      "x" : 11.750932,
      "y" : -17.77283,
      "z" : 23.501863
    }, {
      "x" : 17.77283,
      "y" : 23.501863,
      "z" : -11.750932
    }, {
      "x" : 15.326238,
      "y" : 24.798374,
      "z" : -9.472136
    } ],
    "faces" : [ {
      "vertices" : [ 0, 1, 2 ]
    }, {
      "vertices" : [ 0, 2, 3 ]
    }, {
      "vertices" : [ 0, 3, 2 ]
    }, {
      "vertices" : [ 0, 2, 1 ]
    } ]
  }, {
    "id" : "f0ab62d9-7e3d-4cd4-ba5a-f09af188899c",
    "vertices" : [ {
      "x" : -15.326238,
      "y" : 24.798374,
      "z" : 9.472136
    }, {
      "x" : -13.75823,
      "y" : 27.51646,
      "z" : 7.7363343
    }, {
      "x" : -7.7363343,
      "y" : -13.75823,
      "z" : -27.51646
    }, {
      "x" : -9.472136,
      "y" : -15.326238,
      "z" : -24.798374
    } ],
    "faces" : [ {
      "vertices" : [ 0, 1, 2 ]
    }, {
      "vertices" : [ 0, 2, 3 ]
    }, {
      "vertices" : [ 0, 3, 2 ]
    }, {
      "vertices" : [ 0, 2, 1 ]
    } ]
  }, {
    "id" : "44c33a3a-e6c2-4f57-b4b1-ecb1926c7b1b",
    "vertices" : [ {
      "x" : 15.326238,
      "y" : 24.798374,
      "z" : 9.472136
    }, {
      "x" : 13.75823,
      "y" : 27.51646,
      "z" : 7.7363343
    }, {
      "x" : 7.7363343,
      "y" : -13.75823,
      "z" : -27.51646
    }, {
      "x" : 9.472136,
      "y" : -15.326238,
      "z" : -24.798374
    } ],
    "faces" : [ {
      "vertices" : [ 0, 1, 2 ]
    }, {
      "vertices" : [ 0, 2, 3 ]
    }, {
      "vertices" : [ 0, 3, 2 ]
    }, {
      "vertices" : [ 0, 2, 1 ]
    } ]
  }, {
    "id" : "c6bff320-3517-41ea-a550-dd31f89d94fa",
    "vertices" : [ {
      "x" : 24.798374,
      "y" : 9.472136,
      "z" : 15.326238
    }, {
      "x" : 27.51646,
      "y" : 7.7363343,
      "z" : 13.75823
    }, {
      "x" : -13.75823,
      "y" : -27.51646,
      "z" : 7.7363343
    }, {
      "x" : -15.326238,
      "y" : -24.798374,
      "z" : 9.472136
    } ],
    "faces" : [ {
      "vertices" : [ 0, 1, 2 ]
    }, {
      "vertices" : [ 0, 2, 3 ]
    }, {
      "vertices" : [ 0, 3, 2 ]
    }, {
      "vertices" : [ 0, 2, 1 ]
    } ]
  }, {
    "id" : "490a32e3-343a-46d4-872a-7b347b6a323e",
    "vertices" : [ {
      "x" : -9.472136,
      "y" : -15.326238,
      "z" : 24.798374
    }, {
      "x" : -12.99151,
      "y" : -15.76553,
      "z" : 24.268583
    }, {
      "x" : 6.495755,
      "y" : -15.76553,
      "z" : -26.74974
    }, {
      "x" : 9.472136,
      "y" : -15.326238,
      "z" : -24.798374
    } ],
    "faces" : [ {
      "vertices" : [ 0, 1, 2 ]
    }, {
      "vertices" : [ 0, 2, 3 ]
    }, {
      "vertices" : [ 0, 3, 2 ]
    }, {
      "vertices" : [ 0, 2, 1 ]
    } ]
  }, {
    "id" : "89cebfb2-bed9-43b2-bde4-69ea3fa7bd01",
    "vertices" : [ {
      "x" : 11.09017,
      "y" : -17.944271,
      "z" : -29.034441
    }, {
      "x" : 6.495755,
      "y" : -15.76553,
      "z" : -26.74974
    }, {
      "x" : -12.99151,
      "y" : -15.76553,
      "z" : 24.268583
    }, {
      "x" : -11.09017,
      "y" : -17.944271,
      "z" : 29.034441
    } ],
    "faces" : [ {
      "vertices" : [ 0, 1, 2 ]
    }, {
      "vertices" : [ 0, 2, 3 ]
    }, {
      "vertices" : [ 0, 3, 2 ]
    }, {
      "vertices" : [ 0, 2, 1 ]
    } ]
  }, {
    "id" : "e7a52e73-9a64-4996-8358-96dea56d69d8",
    "vertices" : [ {
      "x" : 15.326238,
      "y" : -24.798374,
      "z" : 9.472136
    }, {
      "x" : 15.76553,
      "y" : -26.74974,
      "z" : 6.495755
    }, {
      "x" : -31.53106,
      "y" : -1.2405789,
      "z" : -3.2478776
    }, {
      "x" : -30.652475,
      "y" : 0.0,
      "z" : 0.0
    } ],
    "faces" : [ {
      "vertices" : [ 0, 1, 2 ]
    }, {
      "vertices" : [ 0, 2, 3 ]
    }, {
      "vertices" : [ 0, 3, 2 ]
    }, {
      "vertices" : [ 0, 2, 1 ]
    } ]
  }, {
    "id" : "29b0c197-5a8b-4909-b2f6-183aaa9f48b2",
    "vertices" : [ {
      "x" : -24.798374,
      "y" : 9.472136,
      "z" : -15.326238
    }, {
      "x" : -23.501863,
      "y" : 11.750932,
      "z" : -17.77283
    }, {
      "x" : 11.750932,
      "y" : 17.77283,
      "z" : 23.501863
    }, {
      "x" : 9.472136,
      "y" : 15.326238,
      "z" : 24.798374
    } ],
    "faces" : [ {
      "vertices" : [ 0, 1, 2 ]
    }, {
      "vertices" : [ 0, 2, 3 ]
    }, {
      "vertices" : [ 0, 3, 2 ]
    }, {
      "vertices" : [ 0, 2, 1 ]
    } ]
  }, {
    "id" : "3116537e-a9c3-4f3c-b124-919839cc0cd9",
    "vertices" : [ {
      "x" : 0.0,
      "y" : -30.652475,
      "z" : 0.0
    }, {
      "x" : -3.2478776,
      "y" : -31.53106,
      "z" : 1.2405789
    }, {
      "x" : -12.99151,
      "y" : 15.76553,
      "z" : -24.268583
    }, {
      "x" : -9.472136,
      "y" : 15.326238,
      "z" : -24.798374
    } ],
    "faces" : [ {
      "vertices" : [ 0, 1, 2 ]
    }, {
      "vertices" : [ 0, 2, 3 ]
    }, {
      "vertices" : [ 0, 3, 2 ]
    }, {
      "vertices" : [ 0, 2, 1 ]
    } ]
  }, {
    "id" : "b403aff6-ef74-4502-a0ba-d89d217e8c45",
    "vertices" : [ {
      "x" : -30.652475,
      "y" : 0.0,
      "z" : 0.0
    }, {
      "x" : -31.53106,
      "y" : 1.2405789,
      "z" : 3.2478776
    }, {
      "x" : 15.76553,
      "y" : -24.268583,
      "z" : 12.99151
    }, {
      "x" : 15.326238,
      "y" : -24.798374,
      "z" : 9.472136
    } ],
    "faces" : [ {
      "vertices" : [ 0, 1, 2 ]
    }, {
      "vertices" : [ 0, 2, 3 ]
    }, {
      "vertices" : [ 0, 3, 2 ]
    }, {
      "vertices" : [ 0, 2, 1 ]
    } ]
  }, {
    "id" : "db7941e8-82c8-43d8-99f5-e497e2459c02",
    "vertices" : [ {
      "x" : 0.0,
      "y" : 35.888542,
      "z" : 0.0
    }, {
      "x" : 3.2478776,
      "y" : 31.53106,
      "z" : 1.2405789
    }, {
      "x" : -6.495755,
      "y" : -15.76553,
      "z" : 26.74974
    }, {
      "x" : -11.09017,
      "y" : -17.944271,
      "z" : 29.034441
    } ],
    "faces" : [ {
      "vertices" : [ 0, 1, 2 ]
    }, {
      "vertices" : [ 0, 2, 3 ]
    }, {
      "vertices" : [ 0, 3, 2 ]
    }, {
      "vertices" : [ 0, 2, 1 ]
    } ]
  }, {
    "id" : "e1a2ea52-efde-48bf-83bc-3af365d6964b",
    "vertices" : [ {
      "x" : 29.034441,
      "y" : -11.09017,
      "z" : -17.944271
    }, {
      "x" : 24.268583,
      "y" : -12.99151,
      "z" : -15.76553
    }, {
      "x" : -1.2405789,
      "y" : -3.2478776,
      "z" : 31.53106
    }, {
      "x" : 0.0,
      "y" : 0.0,
      "z" : 35.888542
    } ],
    "faces" : [ {
      "vertices" : [ 0, 1, 2 ]
    }, {
      "vertices" : [ 0, 2, 3 ]
    }, {
      "vertices" : [ 0, 3, 2 ]
    }, {
      "vertices" : [ 0, 2, 1 ]
    } ]
  }, {
    "id" : "1e57b1ba-169b-462d-8062-11e7f41aee48",
    "vertices" : [ {
      "x" : -9.472136,
      "y" : -15.326238,
      "z" : 24.798374
    }, {
      "x" : -11.750932,
      "y" : -17.77283,
      "z" : 23.501863
    }, {
      "x" : -17.77283,
      "y" : 23.501863,
      "z" : -11.750932
    }, {
      "x" : -15.326238,
      "y" : 24.798374,
      "z" : -9.472136
    } ],
    "faces" : [ {
      "vertices" : [ 0, 1, 2 ]
    }, {
      "vertices" : [ 0, 2, 3 ]
    }, {
      "vertices" : [ 0, 3, 2 ]
    }, {
      "vertices" : [ 0, 2, 1 ]
    } ]
  }, {
    "id" : "4d39eb6d-e8bb-4333-934e-e0152d2af9af",
    "vertices" : [ {
      "x" : 29.034441,
      "y" : 11.09017,
      "z" : 17.944271
    }, {
      "x" : 27.51646,
      "y" : 7.7363343,
      "z" : 13.75823
    }, {
      "x" : -7.7363343,
      "y" : 13.75823,
      "z" : -27.51646
    }, {
      "x" : -11.09017,
      "y" : 17.944271,
      "z" : -29.034441
    } ],
    "faces" : [ {
      "vertices" : [ 0, 1, 2 ]
    }, {
      "vertices" : [ 0, 2, 3 ]
    }, {
      "vertices" : [ 0, 3, 2 ]
    }, {
      "vertices" : [ 0, 2, 1 ]
    } ]
  }, {
    "id" : "e85e5079-1392-4547-a669-f1242c22832a",
    "vertices" : [ {
      "x" : 9.472136,
      "y" : 15.326238,
      "z" : -24.798374
    }, {
      "x" : 12.99151,
      "y" : 15.76553,
      "z" : -24.268583
    }, {
      "x" : -6.495755,
      "y" : 15.76553,
      "z" : 26.74974
    }, {
      "x" : -9.472136,
      "y" : 15.326238,
      "z" : 24.798374
    } ],
    "faces" : [ {
      "vertices" : [ 0, 1, 2 ]
    }, {
      "vertices" : [ 0, 2, 3 ]
    }, {
      "vertices" : [ 0, 3, 2 ]
    }, {
      "vertices" : [ 0, 2, 1 ]
    } ]
  }, {
    "id" : "a1788245-4bde-4a42-bbdd-54d67a34cbf1",
    "vertices" : [ {
      "x" : 15.326238,
      "y" : 24.798374,
      "z" : 9.472136
    }, {
      "x" : 15.76553,
      "y" : 24.268583,
      "z" : 12.99151
    }, {
      "x" : 15.76553,
      "y" : -26.74974,
      "z" : -6.495755
    }, {
      "x" : 15.326238,
      "y" : -24.798374,
      "z" : -9.472136
    } ],
    "faces" : [ {
      "vertices" : [ 0, 1, 2 ]
    }, {
      "vertices" : [ 0, 2, 3 ]
    }, {
      "vertices" : [ 0, 3, 2 ]
    }, {
      "vertices" : [ 0, 2, 1 ]
    } ]
  }, {
    "id" : "adc11fd5-2a5b-4494-96cc-51095df15066",
    "vertices" : [ {
      "x" : 9.472136,
      "y" : 15.326238,
      "z" : 24.798374
    }, {
      "x" : 12.99151,
      "y" : 15.76553,
      "z" : 24.268583
    }, {
      "x" : -6.495755,
      "y" : 15.76553,
      "z" : -26.74974
    }, {
      "x" : -9.472136,
      "y" : 15.326238,
      "z" : -24.798374
    } ],
    "faces" : [ {
      "vertices" : [ 0, 1, 2 ]
    }, {
      "vertices" : [ 0, 2, 3 ]
    }, {
      "vertices" : [ 0, 3, 2 ]
    }, {
      "vertices" : [ 0, 2, 1 ]
    } ]
  }, {
    "id" : "d0013d23-f788-4bf3-8d92-32f7f3627ece",
    "vertices" : [ {
      "x" : 0.0,
      "y" : 30.652475,
      "z" : 0.0
    }, {
      "x" : 3.2478776,
      "y" : 31.53106,
      "z" : 1.2405789
    }, {
      "x" : 12.99151,
      "y" : -15.76553,
      "z" : -24.268583
    }, {
      "x" : 9.472136,
      "y" : -15.326238,
      "z" : -24.798374
    } ],
    "faces" : [ {
      "vertices" : [ 0, 1, 2 ]
    }, {
      "vertices" : [ 0, 2, 3 ]
    }, {
      "vertices" : [ 0, 3, 2 ]
    }, {
      "vertices" : [ 0, 2, 1 ]
    } ]
  }, {
    "id" : "0b228c1d-c197-4856-bc71-08699a274d0e",
    "vertices" : [ {
      "x" : 24.798374,
      "y" : 9.472136,
      "z" : -15.326238
    }, {
      "x" : 24.268583,
      "y" : 12.99151,
      "z" : -15.76553
    }, {
      "x" : -26.74974,
      "y" : -6.495755,
      "z" : -15.76553
    }, {
      "x" : -24.798374,
      "y" : -9.472136,
      "z" : -15.326238
    } ],
    "faces" : [ {
      "vertices" : [ 0, 1, 2 ]
    }, {
      "vertices" : [ 0, 2, 3 ]
    }, {
      "vertices" : [ 0, 3, 2 ]
    }, {
      "vertices" : [ 0, 2, 1 ]
    } ]
  }, {
    "id" : "8bc5de0d-ebdf-441c-b20c-b7c07e980204",
    "vertices" : [ {
      "x" : 9.472136,
      "y" : 15.326238,
      "z" : -24.798374
    }, {
      "x" : 6.495755,
      "y" : 15.76553,
      "z" : -26.74974
    }, {
      "x" : -3.2478776,
      "y" : -31.53106,
      "z" : -1.2405789
    }, {
      "x" : 0.0,
      "y" : -30.652475,
      "z" : 0.0
    } ],
    "faces" : [ {
      "vertices" : [ 0, 1, 2 ]
    }, {
      "vertices" : [ 0, 2, 3 ]
    }, {
      "vertices" : [ 0, 3, 2 ]
    }, {
      "vertices" : [ 0, 2, 1 ]
    } ]
  }, {
    "id" : "fee1defd-5148-4ef3-96f6-fa45bb324ee5",
    "vertices" : [ {
      "x" : 0.0,
      "y" : 0.0,
      "z" : -30.652475
    }, {
      "x" : -1.2405789,
      "y" : 3.2478776,
      "z" : -31.53106
    }, {
      "x" : 24.268583,
      "y" : 12.99151,
      "z" : 15.76553
    }, {
      "x" : 24.798374,
      "y" : 9.472136,
      "z" : 15.326238
    } ],
    "faces" : [ {
      "vertices" : [ 0, 1, 2 ]
    }, {
