{
  "polygons" : "true",
  "field" : "golden",
  "symmetry" : "icosahedral",
  "orientations" : [ [ 1.0, 0.0, 0.0, 0.0, 0.0, 1.0, 0.0, 0.0, 0.0, 0.0, 1.0, 0.0, 0.0, 0.0, 0.0, 1.0 ], [ 0.0, 0.0, 1.0, 0.0, 1.0, 0.0, 0.0, 0.0, 0.0, 1.0, 0.0, 0.0, 0.0, 0.0, 0.0, 1.0 ], [ 0.0, 1.0, 0.0, 0.0, 0.0, 0.0, 1.0, 0.0, 1.0, 0.0, 0.0, 0.0, 0.0, 0.0, 0.0, 1.0 ], [ 0.809017, 0.309017, 0.5, 0.0, 0.309017, 0.5, -0.809017, 0.0, -0.5, 0.809017, 0.309017, 0.0, 0.0, 0.0, 0.0, 1.0 ], [ -0.5, 0.809017, 0.309017, 0.0, 0.809017, 0.309017, 0.5, 0.0, 0.309017, 0.5, -0.809017, 0.0, 0.0, 0.0, 0.0, 1.0 ], [ 0.309017, 0.5, -0.809017, 0.0, -0.5, 0.809017, 0.309017, 0.0, 0.809017, 0.309017, 0.5, 0.0, 0.0, 0.0, 0.0, 1.0 ], [ 0.5, 0.809017, 0.309017, 0.0, 0.809017, -0.309017, -0.5, 0.0, -0.309017, 0.5, -0.809017, 0.0, 0.0, 0.0, 0.0, 1.0 ], [ -0.309017, 0.5, -0.809017, 0.0, 0.5, 0.809017, 0.309017, 0.0, 0.809017, -0.309017, -0.5, 0.0, 0.0, 0.0, 0.0, 1.0 ], [ 0.809017, -0.309017, -0.5, 0.0, -0.309017, 0.5, -0.809017, 0.0, 0.5, 0.809017, 0.309017, 0.0, 0.0, 0.0, 0.0, 1.0 ], [ 0.5, 0.809017, -0.309017, 0.0, 0.809017, -0.309017, 0.5, 0.0, 0.309017, -0.5, -0.809017, 0.0, 0.0, 0.0, 0.0, 1.0 ], [ 0.309017, -0.5, -0.809017, 0.0, 0.5, 0.809017, -0.309017, 0.0, 0.809017, -0.309017, 0.5, 0.0, 0.0, 0.0, 0.0, 1.0 ], [ 0.809017, -0.309017, 0.5, 0.0, 0.309017, -0.5, -0.809017, 0.0, 0.5, 0.809017, -0.309017, 0.0, 0.0, 0.0, 0.0, 1.0 ], [ 0.809017, 0.309017, -0.5, 0.0, 0.309017, 0.5, 0.809017, 0.0, 0.5, -0.809017, 0.309017, 0.0, 0.0, 0.0, 0.0, 1.0 ], [ 0.5, -0.809017, 0.309017, 0.0, 0.809017, 0.309017, -0.5, 0.0, 0.309017, 0.5, 0.809017, 0.0, 0.0, 0.0, 0.0, 1.0 ], [ 0.309017, 0.5, 0.809017, 0.0, 0.5, -0.809017, 0.309017, 0.0, 0.809017, 0.309017, -0.5, 0.0, 0.0, 0.0, 0.0, 1.0 ], [ 1.0, 0.0, 0.0, 0.0, 0.0, -1.0, 0.0, 0.0, 0.0, 0.0, -1.0, 0.0, 0.0, 0.0, 0.0, 1.0 ], [ 0.0, 0.0, 1.0, 0.0, -1.0, 0.0, 0.0, 0.0, 0.0, -1.0, 0.0, 0.0, 0.0, 0.0, 0.0, 1.0 ], [ 0.0, 1.0, 0.0, 0.0, 0.0, 0.0, -1.0, 0.0, -1.0, 0.0, 0.0, 0.0, 0.0, 0.0, 0.0, 1.0 ], [ 0.809017, 0.309017, 0.5, 0.0, -0.309017, -0.5, 0.809017, 0.0, 0.5, -0.809017, -0.309017, 0.0, 0.0, 0.0, 0.0, 1.0 ], [ -0.5, 0.809017, 0.309017, 0.0, -0.809017, -0.309017, -0.5, 0.0, -0.309017, -0.5, 0.809017, 0.0, 0.0, 0.0, 0.0, 1.0 ], [ 0.309017, 0.5, -0.809017, 0.0, 0.5, -0.809017, -0.309017, 0.0, -0.809017, -0.309017, -0.5, 0.0, 0.0, 0.0, 0.0, 1.0 ], [ 0.5, 0.809017, 0.309017, 0.0, -0.809017, 0.309017, 0.5, 0.0, 0.309017, -0.5, 0.809017, 0.0, 0.0, 0.0, 0.0, 1.0 ], [ -0.309017, 0.5, -0.809017, 0.0, -0.5, -0.809017, -0.309017, 0.0, -0.809017, 0.309017, 0.5, 0.0, 0.0, 0.0, 0.0, 1.0 ], [ 0.809017, -0.309017, -0.5, 0.0, 0.309017, -0.5, 0.809017, 0.0, -0.5, -0.809017, -0.309017, 0.0, 0.0, 0.0, 0.0, 1.0 ], [ 0.5, 0.809017, -0.309017, 0.0, -0.809017, 0.309017, -0.5, 0.0, -0.309017, 0.5, 0.809017, 0.0, 0.0, 0.0, 0.0, 1.0 ], [ 0.309017, -0.5, -0.809017, 0.0, -0.5, -0.809017, 0.309017, 0.0, -0.809017, 0.309017, -0.5, 0.0, 0.0, 0.0, 0.0, 1.0 ], [ 0.809017, -0.309017, 0.5, 0.0, -0.309017, 0.5, 0.809017, 0.0, -0.5, -0.809017, 0.309017, 0.0, 0.0, 0.0, 0.0, 1.0 ], [ 0.809017, 0.309017, -0.5, 0.0, -0.309017, -0.5, -0.809017, 0.0, -0.5, 0.809017, -0.309017, 0.0, 0.0, 0.0, 0.0, 1.0 ], [ 0.5, -0.809017, 0.309017, 0.0, -0.809017, -0.309017, 0.5, 0.0, -0.309017, -0.5, -0.809017, 0.0, 0.0, 0.0, 0.0, 1.0 ], [ 0.309017, 0.5, 0.809017, 0.0, -0.5, 0.809017, -0.309017, 0.0, -0.809017, -0.309017, 0.5, 0.0, 0.0, 0.0, 0.0, 1.0 ], [ -1.0, 0.0, 0.0, 0.0, 0.0, -1.0, 0.0, 0.0, 0.0, 0.0, 1.0, 0.0, 0.0, 0.0, 0.0, 1.0 ], [ 0.0, 0.0, -1.0, 0.0, -1.0, 0.0, 0.0, 0.0, 0.0, 1.0, 0.0, 0.0, 0.0, 0.0, 0.0, 1.0 ], [ 0.0, -1.0, 0.0, 0.0, 0.0, 0.0, -1.0, 0.0, 1.0, 0.0, 0.0, 0.0, 0.0, 0.0, 0.0, 1.0 ], [ -0.809017, -0.309017, -0.5, 0.0, -0.309017, -0.5, 0.809017, 0.0, -0.5, 0.809017, 0.309017, 0.0, 0.0, 0.0, 0.0, 1.0 ], [ 0.5, -0.809017, -0.309017, 0.0, -0.809017, -0.309017, -0.5, 0.0, 0.309017, 0.5, -0.809017, 0.0, 0.0, 0.0, 0.0, 1.0 ], [ -0.309017, -0.5, 0.809017, 0.0, 0.5, -0.809017, -0.309017, 0.0, 0.809017, 0.309017, 0.5, 0.0, 0.0, 0.0, 0.0, 1.0 ], [ -0.5, -0.809017, -0.309017, 0.0, -0.809017, 0.309017, 0.5, 0.0, -0.309017, 0.5, -0.809017, 0.0, 0.0, 0.0, 0.0, 1.0 ], [ 0.309017, -0.5, 0.809017, 0.0, -0.5, -0.809017, -0.309017, 0.0, 0.809017, -0.309017, -0.5, 0.0, 0.0, 0.0, 0.0, 1.0 ], [ -0.809017, 0.309017, 0.5, 0.0, 0.309017, -0.5, 0.809017, 0.0, 0.5, 0.809017, 0.309017, 0.0, 0.0, 0.0, 0.0, 1.0 ], [ -0.5, -0.809017, 0.309017, 0.0, -0.809017, 0.309017, -0.5, 0.0, 0.309017, -0.5, -0.809017, 0.0, 0.0, 0.0, 0.0, 1.0 ], [ -0.309017, 0.5, 0.809017, 0.0, -0.5, -0.809017, 0.309017, 0.0, 0.809017, -0.309017, 0.5, 0.0, 0.0, 0.0, 0.0, 1.0 ], [ -0.809017, 0.309017, -0.5, 0.0, -0.309017, 0.5, 0.809017, 0.0, 0.5, 0.809017, -0.309017, 0.0, 0.0, 0.0, 0.0, 1.0 ], [ -0.809017, -0.309017, 0.5, 0.0, -0.309017, -0.5, -0.809017, 0.0, 0.5, -0.809017, 0.309017, 0.0, 0.0, 0.0, 0.0, 1.0 ], [ -0.5, 0.809017, -0.309017, 0.0, -0.809017, -0.309017, 0.5, 0.0, 0.309017, 0.5, 0.809017, 0.0, 0.0, 0.0, 0.0, 1.0 ], [ -0.309017, -0.5, -0.809017, 0.0, -0.5, 0.809017, -0.309017, 0.0, 0.809017, 0.309017, -0.5, 0.0, 0.0, 0.0, 0.0, 1.0 ], [ -1.0, 0.0, 0.0, 0.0, 0.0, 1.0, 0.0, 0.0, 0.0, 0.0, -1.0, 0.0, 0.0, 0.0, 0.0, 1.0 ], [ 0.0, 0.0, -1.0, 0.0, 1.0, 0.0, 0.0, 0.0, 0.0, -1.0, 0.0, 0.0, 0.0, 0.0, 0.0, 1.0 ], [ 0.0, -1.0, 0.0, 0.0, 0.0, 0.0, 1.0, 0.0, -1.0, 0.0, 0.0, 0.0, 0.0, 0.0, 0.0, 1.0 ], [ -0.809017, -0.309017, -0.5, 0.0, 0.309017, 0.5, -0.809017, 0.0, 0.5, -0.809017, -0.309017, 0.0, 0.0, 0.0, 0.0, 1.0 ], [ 0.5, -0.809017, -0.309017, 0.0, 0.809017, 0.309017, 0.5, 0.0, -0.309017, -0.5, 0.809017, 0.0, 0.0, 0.0, 0.0, 1.0 ], [ -0.309017, -0.5, 0.809017, 0.0, -0.5, 0.809017, 0.309017, 0.0, -0.809017, -0.309017, -0.5, 0.0, 0.0, 0.0, 0.0, 1.0 ], [ -0.5, -0.809017, -0.309017, 0.0, 0.809017, -0.309017, -0.5, 0.0, 0.309017, -0.5, 0.809017, 0.0, 0.0, 0.0, 0.0, 1.0 ], [ 0.309017, -0.5, 0.809017, 0.0, 0.5, 0.809017, 0.309017, 0.0, -0.809017, 0.309017, 0.5, 0.0, 0.0, 0.0, 0.0, 1.0 ], [ -0.809017, 0.309017, 0.5, 0.0, -0.309017, 0.5, -0.809017, 0.0, -0.5, -0.809017, -0.309017, 0.0, 0.0, 0.0, 0.0, 1.0 ], [ -0.5, -0.809017, 0.309017, 0.0, 0.809017, -0.309017, 0.5, 0.0, -0.309017, 0.5, 0.809017, 0.0, 0.0, 0.0, 0.0, 1.0 ], [ -0.309017, 0.5, 0.809017, 0.0, 0.5, 0.809017, -0.309017, 0.0, -0.809017, 0.309017, -0.5, 0.0, 0.0, 0.0, 0.0, 1.0 ], [ -0.809017, 0.309017, -0.5, 0.0, 0.309017, -0.5, -0.809017, 0.0, -0.5, -0.809017, 0.309017, 0.0, 0.0, 0.0, 0.0, 1.0 ], [ -0.809017, -0.309017, 0.5, 0.0, 0.309017, 0.5, 0.809017, 0.0, -0.5, 0.809017, -0.309017, 0.0, 0.0, 0.0, 0.0, 1.0 ], [ -0.5, 0.809017, -0.309017, 0.0, 0.809017, 0.309017, -0.5, 0.0, -0.309017, -0.5, -0.809017, 0.0, 0.0, 0.0, 0.0, 1.0 ], [ -0.309017, -0.5, -0.809017, 0.0, 0.5, -0.809017, 0.309017, 0.0, -0.809017, -0.309017, 0.5, 0.0, 0.0, 0.0, 0.0, 1.0 ] ],
  "lights" : {
    "backgroundColor" : "#AFC8DC",
    "ambientColor" : "#292929",
    "directionalLights" : [ {
      "direction" : [ 1.0, -1.0, -1.0 ],
      "color" : "#EBEBE4"
    }, {
      "direction" : [ -1.0, 0.0, 0.0 ],
      "color" : "#E4E4EB"
    }, {
      "direction" : [ 0.0, 0.0, -1.0 ],
      "color" : "#1E1E1E"
    } ]
  },
  "camera" : {
    "lookAtPoint" : {
      "x" : 0.0,
      "y" : 0.0,
      "z" : 0.0
    },
    "lookDirection" : {
      "x" : 0.58062005,
      "y" : 0.6614661,
      "z" : -0.47465622
    },
    "upDirection" : {
      "x" : -0.61220753,
      "y" : -0.029587984,
      "z" : -0.7901035
    },
    "nearClipDistance" : 0.28864157,
    "farClipDistance" : 230.90913,
    "perspective" : true,
    "lookDirectionRV" : {
      "x" : 0.58062005,
      "y" : 0.6614661,
      "z" : -0.47465622,
      "zero" : false
    },
    "lookAtPointRV" : {
      "x" : 0.0,
      "y" : 0.0,
      "z" : 0.0,
      "zero" : true
    },
    "viewDistance" : 115.454834,
    "upDirectionRV" : {
      "x" : -0.61220753,
      "y" : -0.029587984,
      "z" : -0.7901035,
      "zero" : false
    },
    "fieldOfView" : 0.4426326,
    "stereo" : false,
    "width" : 51.955124,
    "position" : {
      "x" : -67.03539,
      "y" : -76.36946,
      "z" : 54.801357
    }
  },
  "embedding" : [ 1.0, 0.0, 0.0, 0.0, 0.0, 1.0, 0.0, 0.0, 0.0, 0.0, 1.0, 0.0, 0.0, 0.0, 0.0, 1.0 ],
  "shapes" : [ {
    "id" : "36a71be3-7e7e-49f4-9013-a9eacbcebd1c",
    "vertices" : [ {
      "x" : 0.0,
      "y" : 0.0,
      "z" : 0.0
    }, {
      "x" : 0.23296236,
      "y" : -0.0889837,
      "z" : 0.6099034
    }, {
      "x" : 0.15905365,
      "y" : -1.6087171,
      "z" : 0.41640785
    }, {
      "x" : -0.07390871,
      "y" : -1.5197334,
      "z" : -0.19349551
    } ],
    "faces" : [ {
      "vertices" : [ 0, 1, 2, 3 ]
    }, {
      "vertices" : [ 0, 3, 2, 1 ]
    } ]
  }, {
    "id" : "6153b853-b9fa-4d95-8041-087cef092a7b",
    "vertices" : [ {
      "x" : 0.0,
      "y" : 0.0,
      "z" : 0.0
    }, {
      "x" : 0.0,
      "y" : 0.5410197,
      "z" : 1.4164078
    }, {
      "x" : 0.58048654,
      "y" : -0.78521824,
      "z" : 1.9229857
    }, {
      "x" : 0.58048654,
      "y" : -1.3262379,
      "z" : 0.5065778
    } ],
    "faces" : [ {
      "vertices" : [ 0, 1, 2, 3 ]
    }, {
      "vertices" : [ 0, 3, 2, 1 ]
    } ]
  }, {
    "id" : "aacef1bc-6ad7-4e08-a84c-bff45fa97133",
    "vertices" : [ {
      "x" : 0.0,
      "y" : 0.0,
      "z" : 0.0
    }, {
      "x" : 0.09598577,
      "y" : 0.0366633,
      "z" : 0.75388205
    }, {
      "x" : 0.63700545,
      "y" : -1.3797445,
      "z" : 0.75388205
    }, {
      "x" : 0.5410197,
      "y" : -1.4164078,
      "z" : 0.0
    } ],
    "faces" : [ {
      "vertices" : [ 0, 1, 2, 3 ]
    }, {
      "vertices" : [ 0, 3, 2, 1 ]
    } ]
  }, {
    "id" : "1a680f5b-8697-4be0-a448-ccf28d6d79be",
    "vertices" : [ {
      "x" : 0.0,
      "y" : 0.0,
      "z" : 0.0
    }, {
      "x" : -1.4721359,
      "y" : 3.854102,
      "z" : 0.0
    }, {
      "x" : -1.4721359,
      "y" : 4.854102,
      "z" : 2.618034
    }, {
      "x" : 0.0,
      "y" : 1.0,
      "z" : 2.618034
    } ],
    "faces" : [ {
      "vertices" : [ 0, 1, 2, 3 ]
    }, {
      "vertices" : [ 0, 3, 2, 1 ]
    } ]
  }, {
    "id" : "1a192fda-469e-413f-918d-02063276e400",
    "vertices" : [ {
      "x" : 0.0,
      "y" : 0.0,
      "z" : 0.0
    }, {
      "x" : -0.12564701,
      "y" : 0.14397866,
      "z" : -0.32894814
    }, {
      "x" : -0.0366633,
      "y" : 0.75388205,
      "z" : -0.09598577
    } ],
    "faces" : [ {
      "vertices" : [ 0, 1, 2 ]
    }, {
      "vertices" : [ 0, 2, 1 ]
    } ]
  }, {
    "id" : "206f05f6-c09b-4919-8dc4-3ea963245edf",
    "vertices" : [ {
      "x" : 0.0,
      "y" : 0.0,
      "z" : 0.0
    }, {
      "x" : -0.25129402,
      "y" : -0.2879573,
      "z" : -0.6578963
    }, {
      "x" : -0.107315354,
      "y" : 0.23296236,
      "z" : -0.28095526
    } ],
    "faces" : [ {
      "vertices" : [ 0, 1, 2 ]
    }, {
      "vertices" : [ 0, 2, 1 ]
    } ]
  }, {
    "id" : "869afc1a-f239-4476-a35e-b9278eeddefd",
    "vertices" : [ {
      "x" : 0.0,
      "y" : 0.0,
      "z" : 0.0
    }, {
      "x" : 0.23606798,
      "y" : -0.23606798,
      "z" : 0.0
    }, {
      "x" : 1.854102,
      "y" : 1.381966,
      "z" : -1.618034
    }, {
      "x" : 1.618034,
      "y" : 1.618034,
      "z" : -1.618034
    } ],
    "faces" : [ {
      "vertices" : [ 0, 1, 2, 3 ]
    }, {
      "vertices" : [ 0, 3, 2, 1 ]
    } ]
  }, {
    "id" : "3c04ae18-bc91-4757-a6b7-4f59f58cd10b",
    "vertices" : [ {
      "x" : 0.0,
      "y" : 0.0,
      "z" : 0.0
    }, {
      "x" : 0.21463071,
      "y" : -0.4659247,
      "z" : 0.5619105
    }, {
      "x" : -0.01833165,
      "y" : -0.37694103,
      "z" : -0.047992885
    } ],
    "faces" : [ {
      "vertices" : [ 0, 1, 2 ]
    }, {
      "vertices" : [ 0, 2, 1 ]
    } ]
  }, {
    "id" : "fcd1825a-cda0-4a0a-8b2f-5ff2c16dd62e",
    "vertices" : [ {
      "x" : 0.0,
      "y" : 0.0,
      "z" : 0.0
    }, {
      "x" : -0.19349551,
      "y" : -0.07390871,
      "z" : -1.5197334
    }, {
      "x" : -0.7345152,
      "y" : 1.3424991,
      "z" : -1.5197334
    }, {
      "x" : -0.5410197,
      "y" : 1.4164078,
      "z" : 0.0
    } ],
    "faces" : [ {
      "vertices" : [ 0, 1, 2, 3 ]
    }, {
      "vertices" : [ 0, 3, 2, 1 ]
    } ]
  }, {
    "id" : "3348f0ba-aee8-4843-829e-911dedbdfa7f",
    "vertices" : [ {
      "x" : 0.0,
      "y" : 0.0,
      "z" : 0.0
    }, {
      "x" : -1.4721359,
      "y" : 2.381966,
      "z" : -3.854102
    }, {
      "x" : -5.708204,
      "y" : 13.472136,
      "z" : -3.854102
    }, {
      "x" : -5.708204,
      "y" : 14.472136,
      "z" : -1.236068
    }, {
      "x" : -4.236068,
      "y" : 12.09017,
      "z" : 2.618034
    }, {
      "x" : 0.0,
      "y" : 1.0,
      "z" : 2.618034
    } ],
    "faces" : [ {
      "vertices" : [ 0, 1, 2, 3, 4, 5 ]
    }, {
      "vertices" : [ 0, 5, 4, 3, 2, 1 ]
    } ]
  }, {
    "id" : "48626153-627b-4737-aadc-a55af4a1a2ae",
    "vertices" : [ {
      "x" : 0.0,
      "y" : 0.0,
      "z" : 0.0
    }, {
      "x" : 1.4721359,
      "y" : -2.381966,
      "z" : 3.854102
    }, {
      "x" : 1.545085,
      "y" : -2.645898,
      "z" : 3.663119
    }, {
      "x" : 0.072949015,
      "y" : -0.26393202,
      "z" : -0.19098301
    } ],
    "faces" : [ {
      "vertices" : [ 0, 1, 2, 3 ]
    }, {
      "vertices" : [ 0, 3, 2, 1 ]
    } ]
  }, {
    "id" : "193bb602-2725-4a6b-b84b-c21c9fc8ab57",
    "vertices" : [ {
      "x" : 0.0,
      "y" : 0.0,
      "z" : 0.0
    }, {
      "x" : 0.0,
      "y" : 1.4721359,
      "z" : 3.854102
    }, {
      "x" : 1.4721359,
      "y" : -2.381966,
      "z" : 3.854102
    } ],
    "faces" : [ {
      "vertices" : [ 0, 1, 2 ]
    }, {
      "vertices" : [ 0, 2, 1 ]
    } ]
  }, {
    "id" : "71962eeb-e7b8-4082-be41-07ea2457f057",
    "vertices" : [ {
      "x" : 0.0,
      "y" : 0.0,
      "z" : 0.0
    }, {
      "x" : -0.8753882,
      "y" : -0.8753882,
      "z" : 0.8753882
    }, {
      "x" : -0.4094635,
      "y" : -1.3413129,
      "z" : 0.8753882
    }, {
      "x" : 0.4659247,
      "y" : -0.4659247,
      "z" : 0.0
    } ],
    "faces" : [ {
      "vertices" : [ 0, 1, 2, 3 ]
    }, {
      "vertices" : [ 0, 3, 2, 1 ]
    } ]
  }, {
    "id" : "de89b5ab-87de-4907-9e5c-4a4ebc8bc817",
    "vertices" : [ {
      "x" : 0.0,
      "y" : 0.0,
      "z" : 0.0
    }, {
      "x" : 0.4659247,
      "y" : -0.4659247,
      "z" : 0.0
    }, {
      "x" : -0.4094635,
      "y" : -1.3413129,
      "z" : 0.8753882
    }, {
      "x" : -0.8753882,
      "y" : -0.8753882,
      "z" : 0.8753882
    } ],
    "faces" : [ {
      "vertices" : [ 0, 1, 2, 3 ]
    }, {
      "vertices" : [ 0, 3, 2, 1 ]
    } ]
  }, {
    "id" : "4995fc91-d0fb-4793-976c-652f265784d4",
    "vertices" : [ {
      "x" : 0.0,
      "y" : 0.0,
      "z" : 0.0
    }, {
      "x" : 1.0,
      "y" : -2.618034,
      "z" : 0.0
    }, {
      "x" : 1.0,
      "y" : -6.854102,
      "z" : -11.09017
    }, {
      "x" : 0.0,
      "y" : -4.236068,
      "z" : -11.09017
    } ],
    "faces" : [ {
      "vertices" : [ 0, 1, 2, 3 ]
    }, {
      "vertices" : [ 0, 3, 2, 1 ]
    } ]
  }, {
    "id" : "d491fa36-b679-45af-86dc-e23682365e29",
    "vertices" : [ {
      "x" : 0.0,
      "y" : 0.0,
      "z" : 0.0
    }, {
      "x" : 1.4721359,
      "y" : -3.854102,
      "z" : 0.0
    }, {
      "x" : 1.4721359,
      "y" : -4.854102,
      "z" : -2.618034
    }, {
      "x" : 0.0,
      "y" : -1.0,
      "z" : -2.618034
    } ],
    "faces" : [ {
      "vertices" : [ 0, 1, 2, 3 ]
    }, {
      "vertices" : [ 0, 3, 2, 1 ]
    } ]
  }, {
    "id" : "d4311d2d-2630-4fc7-8c43-aa70ecae68a0",
    "vertices" : [ {
      "x" : 0.0,
      "y" : 0.0,
      "z" : 0.0
    }, {
      "x" : 1.4721359,
      "y" : -2.381966,
      "z" : 3.854102
    }, {
      "x" : 1.4721359,
      "y" : -3.854102,
      "z" : 0.0
    } ],
    "faces" : [ {
      "vertices" : [ 0, 1, 2 ]
    }, {
      "vertices" : [ 0, 2, 1 ]
    } ]
  }, {
    "id" : "91e6e818-e576-4aa6-8df0-cd2f6a5c0aa1",
    "vertices" : [ {
      "x" : 0.0,
      "y" : 0.0,
      "z" : 0.0
    }, {
      "x" : 0.0,
      "y" : -0.5410197,
      "z" : -1.4164078
    }, {
      "x" : -0.58048654,
      "y" : 0.78521824,
      "z" : -1.9229857
    }, {
      "x" : -0.58048654,
      "y" : 1.3262379,
      "z" : -0.5065778
    } ],
    "faces" : [ {
      "vertices" : [ 0, 1, 2, 3 ]
    }, {
      "vertices" : [ 0, 3, 2, 1 ]
    } ]
  }, {
    "id" : "9d5e93f8-f942-44bb-83d2-858473499a68",
    "vertices" : [ {
      "x" : 0.0,
      "y" : 0.0,
      "z" : 0.0
    }, {
      "x" : 0.0,
      "y" : -1.4721359,
      "z" : -3.854102
    }, {
      "x" : -4.236068,
      "y" : 9.618034,
      "z" : -3.854102
    }, {
      "x" : -4.236068,
      "y" : 11.09017,
      "z" : 0.0
    } ],
    "faces" : [ {
      "vertices" : [ 0, 1, 2, 3 ]
    }, {
      "vertices" : [ 0, 3, 2, 1 ]
    } ]
  }, {
    "id" : "08e5261d-7fda-44bb-94a4-491877b42519",
    "vertices" : [ {
      "x" : 0.0,
      "y" : 0.0,
      "z" : 0.0
    }, {
      "x" : -0.8753882,
      "y" : -0.8753882,
      "z" : 0.8753882
    }, {
      "x" : -1.3413129,
      "y" : -0.4094635,
      "z" : 0.8753882
    }, {
      "x" : -0.4659247,
      "y" : 0.4659247,
      "z" : 0.0
    } ],
    "faces" : [ {
      "vertices" : [ 0, 1, 2, 3 ]
    }, {
      "vertices" : [ 0, 3, 2, 1 ]
    } ]
  }, {
    "id" : "b0c6f23e-95a6-487b-ba24-70de62063e2f",
    "vertices" : [ {
      "x" : 0.0,
      "y" : 0.0,
      "z" : 0.0
    }, {
      "x" : -0.12564701,
      "y" : 0.14397866,
      "z" : -0.32894814
    }, {
      "x" : 0.0889837,
      "y" : 0.6099034,
      "z" : 0.23296236
    } ],
    "faces" : [ {
      "vertices" : [ 0, 1, 2 ]
    }, {
      "vertices" : [ 0, 2, 1 ]
    } ]
  }, {
    "id" : "b4cacefb-a590-4543-9374-1e8da590a905",
    "vertices" : [ {
      "x" : 0.0,
      "y" : 0.0,
      "z" : 0.0
    }, {
      "x" : 0.5065778,
      "y" : 0.58048654,
      "z" : 1.3262379
    }, {
      "x" : 0.5955615,
      "y" : -0.029416855,
      "z" : 1.5592003
    }, {
      "x" : 0.0889837,
      "y" : -0.6099034,
      "z" : 0.23296236
    } ],
    "faces" : [ {
      "vertices" : [ 0, 1, 2, 3 ]
    }, {
      "vertices" : [ 0, 3, 2, 1 ]
    } ]
  }, {
    "id" : "f36994ad-8403-4a0c-a629-ab4e9195a1ef",
    "vertices" : [ {
      "x" : 0.0,
      "y" : 0.0,
      "z" : 0.0
    }, {
      "x" : -0.047992885,
      "y" : -0.01833165,
      "z" : -0.37694103
    }, {
      "x" : -0.58901256,
      "y" : 1.3980762,
      "z" : -0.37694103
    }, {
      "x" : -0.5410197,
      "y" : 1.4164078,
      "z" : 0.0
    } ],
    "faces" : [ {
      "vertices" : [ 0, 1, 2, 3 ]
    }, {
      "vertices" : [ 0, 3, 2, 1 ]
    } ]
  }, {
    "id" : "11443dd5-988c-4f4e-8ccb-10d60836e273",
    "vertices" : [ {
      "x" : 0.0,
      "y" : 0.0,
      "z" : 0.0
    }, {
      "x" : 0.23606798,
      "y" : -0.23606798,
      "z" : 0.0
    }, {
      "x" : -1.381966,
      "y" : -1.854102,
      "z" : 1.618034
    }, {
      "x" : -1.618034,
      "y" : -1.618034,
      "z" : 1.618034
    } ],
    "faces" : [ {
      "vertices" : [ 0, 1, 2, 3 ]
    }, {
      "vertices" : [ 0, 3, 2, 1 ]
    } ]
  }, {
    "id" : "0ffa276e-da0c-498d-99b9-0b644cd5a489",
    "vertices" : [ {
      "x" : 0.0,
      "y" : 0.0,
      "z" : 0.0
    }, {
      "x" : -0.4659247,
      "y" : 0.4659247,
      "z" : 0.0
    }, {
      "x" : -1.3413129,
      "y" : -0.4094635,
      "z" : 0.8753882
    }, {
      "x" : -0.8753882,
      "y" : -0.8753882,
      "z" : 0.8753882
    } ],
    "faces" : [ {
      "vertices" : [ 0, 1, 2, 3 ]
    }, {
      "vertices" : [ 0, 3, 2, 1 ]
    } ]
  }, {
    "id" : "8d6ecbf1-73b5-40cf-a28e-cdd7208d130c",
    "vertices" : [ {
      "x" : 0.0,
      "y" : 0.0,
      "z" : 0.0
    }, {
      "x" : -0.23606798,
      "y" : 0.23606798,
      "z" : 0.0
    }, {
      "x" : -7.09017,
      "y" : -6.618034,
      "z" : 6.854102
    }, {
      "x" : -6.854102,
      "y" : -6.854102,
      "z" : 6.854102
    } ],
    "faces" : [ {
      "vertices" : [ 0, 1, 2, 3 ]
    }, {
      "vertices" : [ 0, 3, 2, 1 ]
    } ]
  }, {
    "id" : "e17b58b4-41a8-4c48-b2e1-2c50e180885a",
    "vertices" : [ {
      "x" : 0.0,
      "y" : 0.0,
      "z" : 0.0
    }, {
      "x" : -0.07390871,
      "y" : -1.5197334,
      "z" : -0.19349551
    }, {
      "x" : -0.30687106,
      "y" : -1.4307498,
      "z" : -0.80339885
    }, {
      "x" : -0.23296236,
      "y" : 0.0889837,
      "z" : -0.6099034
    } ],
    "faces" : [ {
      "vertices" : [ 0, 1, 2, 3 ]
    }, {
      "vertices" : [ 0, 3, 2, 1 ]
    } ]
  }, {
    "id" : "eef12252-14ec-4714-8da9-f49ef3676318",
    "vertices" : [ {
      "x" : 0.0,
      "y" : 0.0,
      "z" : 0.0
    }, {
      "x" : 0.0,
      "y" : 1.4721359,
      "z" : 3.854102
    }, {
      "x" : 4.236068,
      "y" : -9.618034,
      "z" : 3.854102
    }, {
      "x" : 4.236068,
      "y" : -11.09017,
      "z" : 0.0
    } ],
    "faces" : [ {
      "vertices" : [ 0, 1, 2, 3 ]
    }, {
      "vertices" : [ 0, 3, 2, 1 ]
    } ]
  }, {
    "id" : "e88c8a55-180f-4789-8da9-8cb8fc19817d",
    "vertices" : [ {
      "x" : 0.0,
      "y" : 0.0,
      "z" : 0.0
    }, {
      "x" : -0.07390871,
      "y" : 1.5197334,
      "z" : -0.19349551
    }, {
      "x" : 0.15905365,
      "y" : 1.6087171,
      "z" : 0.41640785
    }, {
      "x" : 0.23296236,
      "y" : 0.0889837,
      "z" : 0.6099034
    } ],
    "faces" : [ {
      "vertices" : [ 0, 1, 2, 3 ]
    }, {
      "vertices" : [ 0, 3, 2, 1 ]
    } ]
  }, {
    "id" : "83beb703-5356-4dec-8de5-eaf6e9b3cb95",
    "vertices" : [ {
      "x" : 0.0,
      "y" : 0.0,
      "z" : 0.0
    }, {
      "x" : 0.107315354,
      "y" : 0.23296236,
      "z" : 0.28095526
    }, {
      "x" : 0.14397866,
      "y" : -0.5209197,
      "z" : 0.37694103
    } ],
    "faces" : [ {
      "vertices" : [ 0, 1, 2 ]
    }, {
      "vertices" : [ 0, 2, 1 ]
    } ]
  }, {
    "id" : "48deceed-3f8d-4ba6-88df-20d0af87b450",
    "vertices" : [ {
      "x" : 0.0,
      "y" : 0.0,
      "z" : 0.0
    }, {
      "x" : 0.58048654,
      "y" : -1.3262379,
      "z" : 0.5065778
    }, {
      "x" : 0.58048654,
      "y" : -1.8672576,
      "z" : -0.90983003
    }, {
      "x" : 0.0,
      "y" : -0.5410197,
      "z" : -1.4164078
    } ],
    "faces" : [ {
      "vertices" : [ 0, 1, 2, 3 ]
    }, {
      "vertices" : [ 0, 3, 2, 1 ]
    } ]
  }, {
    "id" : "e246273c-5c32-479a-aa88-5d8107d55416",
    "vertices" : [ {
      "x" : 0.0,
      "y" : 0.0,
      "z" : 0.0
    }, {
      "x" : -0.23606798,
      "y" : 0.23606798,
      "z" : 0.0
    }, {
      "x" : 6.618034,
      "y" : 7.09017,
      "z" : -6.854102
    }, {
      "x" : 6.854102,
      "y" : 6.854102,
      "z" : -6.854102
    } ],
    "faces" : [ {
      "vertices" : [ 0, 1, 2, 3 ]
    }, {
      "vertices" : [ 0, 3, 2, 1 ]
    } ]
  }, {
    "id" : "8a1fbe0f-5f9c-448a-8c6d-330dbe79a1f9",
    "vertices" : [ {
      "x" : 0.0,
      "y" : 0.0,
      "z" : 0.0
    }, {
      "x" : -0.4659247,
      "y" : 0.4659247,
      "z" : 0.0
    }, {
      "x" : 0.4094635,
      "y" : 1.3413129,
      "z" : -0.8753882
    }, {
      "x" : 0.8753882,
      "y" : 0.8753882,
      "z" : -0.8753882
    } ],
    "faces" : [ {
      "vertices" : [ 0, 1, 2, 3 ]
    }, {
      "vertices" : [ 0, 3, 2, 1 ]
    } ]
  }, {
    "id" : "fa01104f-0a77-4a57-a9ca-754da31a7d06",
    "vertices" : [ {
      "x" : 0.0,
      "y" : 0.0,
      "z" : 0.0
    }, {
      "x" : -0.23296236,
      "y" : -0.0889837,
      "z" : -0.6099034
    }, {
      "x" : -0.30687106,
      "y" : 1.4307498,
      "z" : -0.80339885
    }, {
      "x" : -0.07390871,
      "y" : 1.5197334,
      "z" : -0.19349551
    } ],
    "faces" : [ {
      "vertices" : [ 0, 1, 2, 3 ]
    }, {
      "vertices" : [ 0, 3, 2, 1 ]
    } ]
  }, {
    "id" : "81267630-7c84-4d9c-90c5-15c2e5e11369",
    "vertices" : [ {
      "x" : 0.0,
      "y" : 0.0,
      "z" : 0.0
    }, {
      "x" : 0.23296236,
      "y" : -0.0889837,
      "z" : 0.6099034
    }, {
      "x" : -0.01833165,
      "y" : -0.37694103,
      "z" : -0.047992885
    } ],
    "faces" : [ {
      "vertices" : [ 0, 1, 2 ]
    }, {
      "vertices" : [ 0, 2, 1 ]
    } ]
  }, {
    "id" : "07eff23f-40a3-429f-9dd0-1116f85a9b81",
    "vertices" : [ {
      "x" : 0.0,
      "y" : 0.0,
      "z" : 0.0
    }, {
      "x" : 0.107315354,
      "y" : 0.23296236,
      "z" : 0.28095526
    }, {
      "x" : 0.25129402,
      "y" : -0.2879573,
      "z" : 0.6578963
    } ],
    "faces" : [ {
      "vertices" : [ 0, 1, 2 ]
    }, {
      "vertices" : [ 0, 2, 1 ]
    } ]
  }, {
    "id" : "f1471d22-5a8f-4e6f-b4df-7d285e1b4ef3",
    "vertices" : [ {
      "x" : 0.0,
      "y" : 0.0,
      "z" : 0.0
    }, {
      "x" : 0.19349551,
      "y" : 0.07390871,
      "z" : 1.5197334
    }, {
      "x" : 0.7345152,
      "y" : -1.3424991,
      "z" : 1.5197334
    }, {
      "x" : 0.5410197,
      "y" : -1.4164078,
      "z" : 0.0
    } ],
    "faces" : [ {
      "vertices" : [ 0, 1, 2, 3 ]
    }, {
      "vertices" : [ 0, 3, 2, 1 ]
    } ]
  }, {
    "id" : "8fb05992-93a7-4746-81d1-8a9c72a586d9",
    "vertices" : [ {
      "x" : 0.0,
      "y" : 0.0,
      "z" : 0.0
    }, {
      "x" : 0.14397866,
      "y" : -0.5209197,
      "z" : 0.37694103
    }, {
      "x" : -0.28869045,
      "y" : -1.4601666,
      "z" : -0.7558014
    }, {
      "x" : -0.4326691,
      "y" : -0.9392469,
      "z" : -1.1327424
    } ],
    "faces" : [ {
      "vertices" : [ 0, 1, 2, 3 ]
    }, {
      "vertices" : [ 0, 3, 2, 1 ]
    } ]
  }, {
    "id" : "af910674-c086-4a85-968a-63d7c0697d81",
    "vertices" : [ {
      "x" : 0.0,
      "y" : 0.0,
      "z" : 0.0
    }, {
      "x" : -0.072949015,
      "y" : 0.26393202,
      "z" : 0.19098301
    }, {
      "x" : 1.399187,
      "y" : -2.118034,
      "z" : 4.045085
    }, {
      "x" : 1.4721359,
      "y" : -2.381966,
      "z" : 3.854102
    } ],
    "faces" : [ {
      "vertices" : [ 0, 1, 2, 3 ]
    }, {
      "vertices" : [ 0, 3, 2, 1 ]
    } ]
  }, {
    "id" : "46242751-e9cc-454f-bf97-4cf88340d48f",
    "vertices" : [ {
      "x" : 0.0,
      "y" : 0.0,
      "z" : 0.0
    }, {
      "x" : 0.07390871,
      "y" : -1.5197334,
      "z" : 0.19349551
    }, {
      "x" : -0.15905365,
      "y" : -1.6087171,
      "z" : -0.41640785
    }, {
      "x" : -0.23296236,
      "y" : -0.0889837,
      "z" : -0.6099034
    } ],
    "faces" : [ {
      "vertices" : [ 0, 1, 2, 3 ]
    }, {
      "vertices" : [ 0, 3, 2, 1 ]
    } ]
  }, {
    "id" : "453b5035-36c5-493c-8c14-7111f50764c3",
    "vertices" : [ {
      "x" : 0.0,
      "y" : 0.0,
      "z" : 0.0
    }, {
      "x" : -0.4326691,
      "y" : 0.9392469,
      "z" : -1.1327424
    }, {
      "x" : -0.28869045,
      "y" : 1.4601666,
      "z" : -0.7558014
    }, {
      "x" : 0.14397866,
      "y" : 0.5209197,
      "z" : 0.37694103
    } ],
    "faces" : [ {
      "vertices" : [ 0, 1, 2, 3 ]
    }, {
      "vertices" : [ 0, 3, 2, 1 ]
    } ]
  }, {
    "id" : "fe8c1f15-909e-4294-aef7-6e4915329a10",
    "vertices" : [ {
      "x" : 0.0,
      "y" : 0.0,
      "z" : 0.0
    }, {
      "x" : 0.0889837,
      "y" : 0.6099034,
      "z" : 0.23296236
    }, {
      "x" : 0.5955615,
      "y" : 0.029416855,
      "z" : 1.5592003
    }, {
      "x" : 0.5065778,
      "y" : -0.58048654,
      "z" : 1.3262379
    } ],
    "faces" : [ {
      "vertices" : [ 0, 1, 2, 3 ]
    }, {
      "vertices" : [ 0, 3, 2, 1 ]
    } ]
  }, {
    "id" : "667f9fbb-d764-4207-8e43-e657f0824960",
    "vertices" : [ {
      "x" : 0.0,
      "y" : 0.0,
      "z" : 0.0
    }, {
      "x" : -0.14397866,
      "y" : -0.5209197,
      "z" : -0.37694103
    }, {
      "x" : -0.57664776,
      "y" : 0.41832724,
      "z" : -1.5096834
    }, {
      "x" : -0.4326691,
      "y" : 0.9392469,
      "z" : -1.1327424
    } ],
    "faces" : [ {
      "vertices" : [ 0, 1, 2, 3 ]
    }, {
      "vertices" : [ 0, 3, 2, 1 ]
    } ]
  }, {
    "id" : "234ea09d-b0fd-485e-9f7f-546c909cc2aa",
    "vertices" : [ {
      "x" : 0.0,
      "y" : 0.0,
      "z" : 0.0
    }, {
      "x" : 0.4326691,
      "y" : 0.9392469,
      "z" : 1.1327424
    }, {
      "x" : 0.57664776,
      "y" : 0.41832724,
      "z" : 1.5096834
    }, {
      "x" : 0.14397866,
      "y" : -0.5209197,
      "z" : 0.37694103
    } ],
    "faces" : [ {
      "vertices" : [ 0, 1, 2, 3 ]
    }, {
      "vertices" : [ 0, 3, 2, 1 ]
    } ]
  }, {
    "id" : "317703c3-fad0-4779-a5fb-e45022e12d62",
    "vertices" : [ {
      "x" : 0.0,
      "y" : 0.0,
      "z" : 0.0
    }, {
      "x" : 0.5065778,
      "y" : -0.58048654,
      "z" : 1.3262379
    }, {
      "x" : 0.4175941,
      "y" : -1.1903899,
      "z" : 1.0932755
    }, {
      "x" : -0.0889837,
      "y" : -0.6099034,
      "z" : -0.23296236
    } ],
    "faces" : [ {
      "vertices" : [ 0, 1, 2, 3 ]
    }, {
      "vertices" : [ 0, 3, 2, 1 ]
    } ]
  }, {
    "id" : "895a76ee-639f-4ec9-afdb-5a5e168b3d1b",
    "vertices" : [ {
      "x" : 0.0,
      "y" : 0.0,
      "z" : 0.0
    }, {
      "x" : 0.01833165,
      "y" : -0.37694103,
      "z" : 0.047992885
    }, {
      "x" : -0.21463071,
      "y" : -0.4659247,
      "z" : -0.5619105
    } ],
    "faces" : [ {
      "vertices" : [ 0, 1, 2 ]
    }, {
      "vertices" : [ 0, 2, 1 ]
    } ]
  }, {
    "id" : "20f11161-85e4-4615-bda1-f641e2349870",
    "vertices" : [ {
      "x" : 0.0,
      "y" : 0.0,
      "z" : 0.0
    }, {
      "x" : 0.01833165,
      "y" : -0.37694103,
      "z" : 0.047992885
    }, {
      "x" : -0.23296236,
      "y" : -0.0889837,
      "z" : -0.6099034
    } ],
    "faces" : [ {
      "vertices" : [ 0, 1, 2 ]
    }, {
      "vertices" : [ 0, 2, 1 ]
    } ]
  }, {
    "id" : "89aeb3c7-731a-407d-ba6a-ee3eb08dd63a",
    "vertices" : [ {
      "x" : 0.0,
      "y" : 0.0,
      "z" : 0.0
    }, {
      "x" : -0.5065778,
      "y" : 0.58048654,
      "z" : -1.3262379
    }, {
      "x" : -0.4175941,
      "y" : 1.1903899,
      "z" : -1.0932755
    }, {
      "x" : 0.0889837,
      "y" : 0.6099034,
      "z" : 0.23296236
    } ],
    "faces" : [ {
      "vertices" : [ 0, 1, 2, 3 ]
    }, {
      "vertices" : [ 0, 3, 2, 1 ]
    } ]
  }, {
    "id" : "4638a1ed-dcbe-4853-b5b8-0f72878c1ec6",
    "vertices" : [ {
      "x" : 0.0,
      "y" : 0.0,
      "z" : 0.0
    }, {
      "x" : 0.0366633,
      "y" : 0.75388205,
      "z" : 0.09598577
    }, {
      "x" : 0.12564701,
      "y" : 0.14397866,
      "z" : 0.32894814
    } ],
    "faces" : [ {
      "vertices" : [ 0, 1, 2 ]
    }, {
      "vertices" : [ 0, 2, 1 ]
    } ]
  }, {
    "id" : "1ec58b8a-0e97-43be-8ec2-3ffeac2f26c9",
    "vertices" : [ {
      "x" : 0.0,
      "y" : 0.0,
      "z" : 0.0
    }, {
      "x" : -0.0889837,
      "y" : 0.6099034,
      "z" : -0.23296236
    }, {
      "x" : 0.12564701,
      "y" : 0.14397866,
      "z" : 0.32894814
    } ],
    "faces" : [ {
      "vertices" : [ 0, 1, 2 ]
    }, {
      "vertices" : [ 0, 2, 1 ]
    } ]
  }, {
    "id" : "6f606237-4390-4d60-bc68-1e39c5a00434",
    "vertices" : [ {
      "x" : 0.0,
      "y" : 0.0,
      "z" : 0.0
    }, {
      "x" : -0.5410197,
      "y" : 1.4164078,
      "z" : 0.0
    }, {
      "x" : -0.34752417,
      "y" : 1.4903166,
      "z" : 1.5197334
    }, {
      "x" : 0.19349551,
      "y" : 0.07390871,
      "z" : 1.5197334
    } ],
    "faces" : [ {
      "vertices" : [ 0, 1, 2, 3 ]
    }, {
      "vertices" : [ 0, 3, 2, 1 ]
    } ]
  }, {
    "id" : "78fe75d7-7599-47f9-a1c1-d5982a853498",
    "vertices" : [ {
      "x" : 0.0,
      "y" : 0.0,
      "z" : 0.0
    }, {
      "x" : -0.14397866,
      "y" : -0.5209197,
      "z" : -0.37694103
    }, {
      "x" : -0.107315354,
      "y" : 0.23296236,
      "z" : -0.28095526
    } ],
    "faces" : [ {
      "vertices" : [ 0, 1, 2 ]
    }, {
      "vertices" : [ 0, 2, 1 ]
    } ]
  }, {
    "id" : "1051c9d5-47f4-437c-bc3a-a1f48599d6fe",
    "vertices" : [ {
      "x" : 0.0,
      "y" : 0.0,
      "z" : 0.0
    }, {
      "x" : -0.0889837,
      "y" : 0.6099034,
      "z" : -0.23296236
    }, {
      "x" : 0.4175941,
      "y" : 1.1903899,
      "z" : 1.0932755
    }, {
      "x" : 0.5065778,
      "y" : 0.58048654,
      "z" : 1.3262379
    } ],
    "faces" : [ {
      "vertices" : [ 0, 1, 2, 3 ]
    }, {
      "vertices" : [ 0, 3, 2, 1 ]
    } ]
  }, {
    "id" : "fe205a85-60dd-405f-9642-ed0927f47e24",
    "vertices" : [ {
      "x" : 0.0,
      "y" : 0.0,
      "z" : 0.0
    }, {
      "x" : -0.4326691,
      "y" : -0.9392469,
      "z" : -1.1327424
    }, {
      "x" : -0.57664776,
      "y" : -0.41832724,
      "z" : -1.5096834
    }, {
      "x" : -0.14397866,
      "y" : 0.5209197,
      "z" : -0.37694103
    } ],
    "faces" : [ {
      "vertices" : [ 0, 1, 2, 3 ]
    }, {
      "vertices" : [ 0, 3, 2, 1 ]
    } ]
  }, {
    "id" : "b84a2748-9e39-430d-bd7b-0a826cf8d17c",
    "orbit" : "blue",
    "orbitC" : "[[0,0,1],[0,0,1]]",
    "length" : "[-148,92,1]",
    "name" : " :-148 +92*phi",
    "vertices" : [ {
      "x" : 1.0,
      "y" : 0.309017,
      "z" : 0.19098301
    }, {
      "x" : 1.0,
      "y" : -0.309017,
      "z" : 0.19098301
    }, {
      "x" : 6.2786403,
      "y" : -0.309017,
      "z" : 0.19098301
    }, {
      "x" : 6.2786403,
      "y" : 0.309017,
      "z" : 0.19098301
    }, {
      "x" : 6.2786403,
      "y" : -0.309017,
      "z" : -0.19098301
    }, {
      "x" : 6.2786403,
      "y" : 0.309017,
      "z" : -0.19098301
    }, {
      "x" : 6.8966746,
      "y" : 0.0,
      "z" : 0.0
    }, {
      "x" : 0.38196602,
      "y" : 0.0,
      "z" : 0.0
    }, {
      "x" : 1.0,
      "y" : 0.309017,
      "z" : -0.19098301
    }, {
      "x" : 1.0,
      "y" : -0.309017,
      "z" : -0.19098301
    }, {
      "x" : 7.2786403,
      "y" : 0.0,
      "z" : 0.0
    } ],
    "faces" : [ {
      "vertices" : [ 1, 9, 4, 2 ]
    }, {
      "vertices" : [ 0, 3, 5, 8 ]
    }, {
      "vertices" : [ 1, 7, 9 ]
    }, {
      "vertices" : [ 0, 1, 2, 3 ]
    }, {
      "vertices" : [ 7, 8, 9 ]
    }, {
      "vertices" : [ 0, 7, 1 ]
    }, {
      "vertices" : [ 4, 9, 8, 5 ]
    }, {
      "vertices" : [ 2, 6, 3 ]
    }, {
      "vertices" : [ 2, 4, 6 ]
    }, {
      "vertices" : [ 3, 6, 5 ]
    }, {
      "vertices" : [ 4, 5, 6 ]
    }, {
      "vertices" : [ 0, 8, 7 ]
    } ]
  }, {
    "id" : "dc983469-c4b9-4dc3-ba9d-2a46631148b5",
    "orbit" : "yellow",
    "orbitC" : "[[0,0,1],[2,-1,1]]",
    "length" : "[-148,92,1]",
    "name" : " :-148 +92*phi",
    "vertices" : [ {
      "x" : 5.8885436,
      "y" : 0.0,
      "z" : -2.2492237
    }, {
      "x" : 5.579527,
      "y" : 0.0,
      "z" : -2.1311896
    }, {
      "x" : 5.1750183,
      "y" : -0.1545085,
      "z" : -1.6902066
    }, {
      "x" : 4.9840355,
      "y" : -0.1545085,
      "z" : -2.1902065
    }, {
      "x" : 0.9045085,
      "y" : -0.1545085,
      "z" : -0.059016995
    }, {
      "x" : 0.809017,
      "y" : 0.309017,
      "z" : -0.309017
    }, {
      "x" : 0.309017,
      "y" : 0.0,
      "z" : -0.11803399
    }, {
      "x" : 5.079527,
      "y" : 0.309017,
      "z" : -1.9402066
    }, {
      "x" : 0.7135255,
      "y" : -0.1545085,
      "z" : -0.559017
    } ],
    "faces" : [ {
      "vertices" : [ 2, 4, 8, 3 ]
    }, {
      "vertices" : [ 2, 7, 5, 4 ]
    }, {
      "vertices" : [ 4, 6, 8 ]
    }, {
      "vertices" : [ 5, 8, 6 ]
    }, {
      "vertices" : [ 1, 2, 3 ]
    }, {
      "vertices" : [ 3, 8, 5, 7 ]
    }, {
      "vertices" : [ 1, 7, 2 ]
    }, {
      "vertices" : [ 1, 3, 7 ]
    }, {
      "vertices" : [ 4, 5, 6 ]
    } ]
  }, {
    "id" : "67e22eb0-983d-464e-93ea-29b6f72645dc",
    "name" : "ball",
    "vertices" : [ {
      "x" : -0.309017,
      "y" : -0.19098301,
      "z" : 0.0
    }, {
      "x" : -0.309017,
      "y" : 0.19098301,
      "z" : 0.0
    }, {
      "x" : -0.19098301,
      "y" : 0.0,
      "z" : -0.309017
    }, {
      "x" : -0.19098301,
      "y" : 0.0,
      "z" : 0.309017
    }, {
      "x" : 0.0,
      "y" : -0.309017,
      "z" : -0.19098301
    }, {
      "x" : 0.0,
      "y" : -0.309017,
      "z" : 0.19098301
    }, {
      "x" : 0.0,
      "y" : 0.309017,
      "z" : -0.19098301
    }, {
      "x" : 0.0,
      "y" : 0.309017,
      "z" : 0.19098301
    }, {
      "x" : 0.19098301,
      "y" : 0.0,
      "z" : -0.309017
    }, {
      "x" : 0.19098301,
      "y" : 0.0,
      "z" : 0.309017
    }, {
      "x" : 0.309017,
      "y" : -0.19098301,
      "z" : 0.0
    }, {
      "x" : 0.309017,
      "y" : 0.19098301,
      "z" : 0.0
    } ],
    "faces" : [ {
      "vertices" : [ 0, 1, 2 ]
    }, {
      "vertices" : [ 0, 3, 1 ]
    }, {
      "vertices" : [ 0, 2, 4 ]
    }, {
      "vertices" : [ 0, 5, 3 ]
    }, {
      "vertices" : [ 0, 4, 5 ]
    }, {
      "vertices" : [ 1, 6, 2 ]
    }, {
      "vertices" : [ 1, 3, 7 ]
    }, {
      "vertices" : [ 1, 7, 6 ]
    }, {
      "vertices" : [ 2, 8, 4 ]
    }, {
      "vertices" : [ 2, 6, 8 ]
    }, {
      "vertices" : [ 3, 5, 9 ]
    }, {
      "vertices" : [ 3, 9, 7 ]
    }, {
      "vertices" : [ 4, 10, 5 ]
    }, {
      "vertices" : [ 4, 8, 10 ]
    }, {
      "vertices" : [ 5, 10, 9 ]
    }, {
      "vertices" : [ 6, 7, 11 ]
    }, {
      "vertices" : [ 6, 11, 8 ]
    }, {
      "vertices" : [ 7, 9, 11 ]
    }, {
      "vertices" : [ 8, 11, 10 ]
    }, {
      "vertices" : [ 9, 10, 11 ]
    } ]
  }, {
    "id" : "3a72e39c-fc5d-4e15-9bd3-0b82e76d5322",
    "vertices" : [ {
      "x" : 0.0,
      "y" : 0.0,
      "z" : 0.0
    }, {
      "x" : -2.2492237,
      "y" : 3.6393201,
      "z" : -5.8885436
    }, {
      "x" : -2.2492237,
      "y" : 10.386991,
      "z" : 11.777087
    }, {
      "x" : 0.0,
      "y" : 4.4984474,
      "z" : 11.777087
    } ],
    "faces" : [ {
      "vertices" : [ 0, 1, 2, 3 ]
    }, {
      "vertices" : [ 0, 3, 2, 1 ]
    } ]
  }, {
    "id" : "688842ad-ee0e-4e5e-9d65-8d9f36bea26a",
    "vertices" : [ {
      "x" : 0.0,
      "y" : 0.0,
      "z" : 0.0
    }, {
      "x" : -2.2492237,
      "y" : 5.8885436,
      "z" : 0.0
    }, {
      "x" : -2.2492237,
      "y" : 10.386991,
      "z" : 11.777087
    }, {
      "x" : 0.0,
      "y" : 6.7476707,
      "z" : 17.665632
    } ],
    "faces" : [ {
      "vertices" : [ 0, 1, 2, 3 ]
    }, {
      "vertices" : [ 0, 3, 2, 1 ]
    } ]
  }, {
    "id" : "4c7a2d56-67c7-4542-bb89-960e2a4af646",
    "orbit" : "blue",
    "orbitC" : "[[0,0,1],[0,0,1]]",
    "length" : "[-74,46,1]",
    "name" : " :-74 +46*phi",
    "vertices" : [ {
      "x" : 1.0,
      "y" : 0.309017,
      "z" : 0.19098301
    }, {
      "x" : 1.0,
      "y" : -0.309017,
      "z" : 0.19098301
    }, {
      "x" : 2.6393201,
      "y" : -0.309017,
      "z" : 0.19098301
    }, {
      "x" : 2.6393201,
      "y" : 0.309017,
      "z" : 0.19098301
    }, {
      "x" : 2.6393201,
      "y" : -0.309017,
      "z" : -0.19098301
    }, {
      "x" : 2.6393201,
      "y" : 0.309017,
      "z" : -0.19098301
    }, {
      "x" : 3.2573543,
      "y" : 0.0,
      "z" : 0.0
    }, {
      "x" : 0.38196602,
      "y" : 0.0,
      "z" : 0.0
    }, {
      "x" : 1.0,
      "y" : 0.309017,
      "z" : -0.19098301
    }, {
      "x" : 1.0,
      "y" : -0.309017,
      "z" : -0.19098301
    }, {
      "x" : 3.6393201,
      "y" : 0.0,
      "z" : 0.0
    } ],
    "faces" : [ {
      "vertices" : [ 1, 9, 4, 2 ]
    }, {
      "vertices" : [ 0, 3, 5, 8 ]
    }, {
      "vertices" : [ 1, 7, 9 ]
    }, {
      "vertices" : [ 0, 1, 2, 3 ]
    }, {
      "vertices" : [ 7, 8, 9 ]
    }, {
      "vertices" : [ 0, 7, 1 ]
    }, {
      "vertices" : [ 4, 9, 8, 5 ]
    }, {
      "vertices" : [ 2, 6, 3 ]
    }, {
      "vertices" : [ 2, 4, 6 ]
    }, {
      "vertices" : [ 3, 6, 5 ]
    }, {
      "vertices" : [ 4, 5, 6 ]
    }, {
      "vertices" : [ 0, 8, 7 ]
    } ]
  }, {
    "id" : "d818ed8a-5966-478a-9227-9d2a6b458489",
    "orbit" : "green",
    "orbitC" : "[[2,-1,1],[5,-3,1]]",
    "length" : "[-74,46,1]",
    "name" : " :-74 +46*phi",
    "vertices" : [ {
