{
  "polygons" : "true",
  "field" : "golden",
  "symmetry" : "icosahedral",
  "orientations" : [ [ 1.0, 0.0, 0.0, 0.0, 0.0, 1.0, 0.0, 0.0, 0.0, 0.0, 1.0, 0.0, 0.0, 0.0, 0.0, 1.0 ], [ 0.0, 0.0, 1.0, 0.0, 1.0, 0.0, 0.0, 0.0, 0.0, 1.0, 0.0, 0.0, 0.0, 0.0, 0.0, 1.0 ], [ 0.0, 1.0, 0.0, 0.0, 0.0, 0.0, 1.0, 0.0, 1.0, 0.0, 0.0, 0.0, 0.0, 0.0, 0.0, 1.0 ], [ 0.809017, 0.309017, 0.5, 0.0, 0.309017, 0.5, -0.809017, 0.0, -0.5, 0.809017, 0.309017, 0.0, 0.0, 0.0, 0.0, 1.0 ], [ -0.5, 0.809017, 0.309017, 0.0, 0.809017, 0.309017, 0.5, 0.0, 0.309017, 0.5, -0.809017, 0.0, 0.0, 0.0, 0.0, 1.0 ], [ 0.309017, 0.5, -0.809017, 0.0, -0.5, 0.809017, 0.309017, 0.0, 0.809017, 0.309017, 0.5, 0.0, 0.0, 0.0, 0.0, 1.0 ], [ 0.5, 0.809017, 0.309017, 0.0, 0.809017, -0.309017, -0.5, 0.0, -0.309017, 0.5, -0.809017, 0.0, 0.0, 0.0, 0.0, 1.0 ], [ -0.309017, 0.5, -0.809017, 0.0, 0.5, 0.809017, 0.309017, 0.0, 0.809017, -0.309017, -0.5, 0.0, 0.0, 0.0, 0.0, 1.0 ], [ 0.809017, -0.309017, -0.5, 0.0, -0.309017, 0.5, -0.809017, 0.0, 0.5, 0.809017, 0.309017, 0.0, 0.0, 0.0, 0.0, 1.0 ], [ 0.5, 0.809017, -0.309017, 0.0, 0.809017, -0.309017, 0.5, 0.0, 0.309017, -0.5, -0.809017, 0.0, 0.0, 0.0, 0.0, 1.0 ], [ 0.309017, -0.5, -0.809017, 0.0, 0.5, 0.809017, -0.309017, 0.0, 0.809017, -0.309017, 0.5, 0.0, 0.0, 0.0, 0.0, 1.0 ], [ 0.809017, -0.309017, 0.5, 0.0, 0.309017, -0.5, -0.809017, 0.0, 0.5, 0.809017, -0.309017, 0.0, 0.0, 0.0, 0.0, 1.0 ], [ 0.809017, 0.309017, -0.5, 0.0, 0.309017, 0.5, 0.809017, 0.0, 0.5, -0.809017, 0.309017, 0.0, 0.0, 0.0, 0.0, 1.0 ], [ 0.5, -0.809017, 0.309017, 0.0, 0.809017, 0.309017, -0.5, 0.0, 0.309017, 0.5, 0.809017, 0.0, 0.0, 0.0, 0.0, 1.0 ], [ 0.309017, 0.5, 0.809017, 0.0, 0.5, -0.809017, 0.309017, 0.0, 0.809017, 0.309017, -0.5, 0.0, 0.0, 0.0, 0.0, 1.0 ], [ 1.0, 0.0, 0.0, 0.0, 0.0, -1.0, 0.0, 0.0, 0.0, 0.0, -1.0, 0.0, 0.0, 0.0, 0.0, 1.0 ], [ 0.0, 0.0, 1.0, 0.0, -1.0, 0.0, 0.0, 0.0, 0.0, -1.0, 0.0, 0.0, 0.0, 0.0, 0.0, 1.0 ], [ 0.0, 1.0, 0.0, 0.0, 0.0, 0.0, -1.0, 0.0, -1.0, 0.0, 0.0, 0.0, 0.0, 0.0, 0.0, 1.0 ], [ 0.809017, 0.309017, 0.5, 0.0, -0.309017, -0.5, 0.809017, 0.0, 0.5, -0.809017, -0.309017, 0.0, 0.0, 0.0, 0.0, 1.0 ], [ -0.5, 0.809017, 0.309017, 0.0, -0.809017, -0.309017, -0.5, 0.0, -0.309017, -0.5, 0.809017, 0.0, 0.0, 0.0, 0.0, 1.0 ], [ 0.309017, 0.5, -0.809017, 0.0, 0.5, -0.809017, -0.309017, 0.0, -0.809017, -0.309017, -0.5, 0.0, 0.0, 0.0, 0.0, 1.0 ], [ 0.5, 0.809017, 0.309017, 0.0, -0.809017, 0.309017, 0.5, 0.0, 0.309017, -0.5, 0.809017, 0.0, 0.0, 0.0, 0.0, 1.0 ], [ -0.309017, 0.5, -0.809017, 0.0, -0.5, -0.809017, -0.309017, 0.0, -0.809017, 0.309017, 0.5, 0.0, 0.0, 0.0, 0.0, 1.0 ], [ 0.809017, -0.309017, -0.5, 0.0, 0.309017, -0.5, 0.809017, 0.0, -0.5, -0.809017, -0.309017, 0.0, 0.0, 0.0, 0.0, 1.0 ], [ 0.5, 0.809017, -0.309017, 0.0, -0.809017, 0.309017, -0.5, 0.0, -0.309017, 0.5, 0.809017, 0.0, 0.0, 0.0, 0.0, 1.0 ], [ 0.309017, -0.5, -0.809017, 0.0, -0.5, -0.809017, 0.309017, 0.0, -0.809017, 0.309017, -0.5, 0.0, 0.0, 0.0, 0.0, 1.0 ], [ 0.809017, -0.309017, 0.5, 0.0, -0.309017, 0.5, 0.809017, 0.0, -0.5, -0.809017, 0.309017, 0.0, 0.0, 0.0, 0.0, 1.0 ], [ 0.809017, 0.309017, -0.5, 0.0, -0.309017, -0.5, -0.809017, 0.0, -0.5, 0.809017, -0.309017, 0.0, 0.0, 0.0, 0.0, 1.0 ], [ 0.5, -0.809017, 0.309017, 0.0, -0.809017, -0.309017, 0.5, 0.0, -0.309017, -0.5, -0.809017, 0.0, 0.0, 0.0, 0.0, 1.0 ], [ 0.309017, 0.5, 0.809017, 0.0, -0.5, 0.809017, -0.309017, 0.0, -0.809017, -0.309017, 0.5, 0.0, 0.0, 0.0, 0.0, 1.0 ], [ -1.0, 0.0, 0.0, 0.0, 0.0, -1.0, 0.0, 0.0, 0.0, 0.0, 1.0, 0.0, 0.0, 0.0, 0.0, 1.0 ], [ 0.0, 0.0, -1.0, 0.0, -1.0, 0.0, 0.0, 0.0, 0.0, 1.0, 0.0, 0.0, 0.0, 0.0, 0.0, 1.0 ], [ 0.0, -1.0, 0.0, 0.0, 0.0, 0.0, -1.0, 0.0, 1.0, 0.0, 0.0, 0.0, 0.0, 0.0, 0.0, 1.0 ], [ -0.809017, -0.309017, -0.5, 0.0, -0.309017, -0.5, 0.809017, 0.0, -0.5, 0.809017, 0.309017, 0.0, 0.0, 0.0, 0.0, 1.0 ], [ 0.5, -0.809017, -0.309017, 0.0, -0.809017, -0.309017, -0.5, 0.0, 0.309017, 0.5, -0.809017, 0.0, 0.0, 0.0, 0.0, 1.0 ], [ -0.309017, -0.5, 0.809017, 0.0, 0.5, -0.809017, -0.309017, 0.0, 0.809017, 0.309017, 0.5, 0.0, 0.0, 0.0, 0.0, 1.0 ], [ -0.5, -0.809017, -0.309017, 0.0, -0.809017, 0.309017, 0.5, 0.0, -0.309017, 0.5, -0.809017, 0.0, 0.0, 0.0, 0.0, 1.0 ], [ 0.309017, -0.5, 0.809017, 0.0, -0.5, -0.809017, -0.309017, 0.0, 0.809017, -0.309017, -0.5, 0.0, 0.0, 0.0, 0.0, 1.0 ], [ -0.809017, 0.309017, 0.5, 0.0, 0.309017, -0.5, 0.809017, 0.0, 0.5, 0.809017, 0.309017, 0.0, 0.0, 0.0, 0.0, 1.0 ], [ -0.5, -0.809017, 0.309017, 0.0, -0.809017, 0.309017, -0.5, 0.0, 0.309017, -0.5, -0.809017, 0.0, 0.0, 0.0, 0.0, 1.0 ], [ -0.309017, 0.5, 0.809017, 0.0, -0.5, -0.809017, 0.309017, 0.0, 0.809017, -0.309017, 0.5, 0.0, 0.0, 0.0, 0.0, 1.0 ], [ -0.809017, 0.309017, -0.5, 0.0, -0.309017, 0.5, 0.809017, 0.0, 0.5, 0.809017, -0.309017, 0.0, 0.0, 0.0, 0.0, 1.0 ], [ -0.809017, -0.309017, 0.5, 0.0, -0.309017, -0.5, -0.809017, 0.0, 0.5, -0.809017, 0.309017, 0.0, 0.0, 0.0, 0.0, 1.0 ], [ -0.5, 0.809017, -0.309017, 0.0, -0.809017, -0.309017, 0.5, 0.0, 0.309017, 0.5, 0.809017, 0.0, 0.0, 0.0, 0.0, 1.0 ], [ -0.309017, -0.5, -0.809017, 0.0, -0.5, 0.809017, -0.309017, 0.0, 0.809017, 0.309017, -0.5, 0.0, 0.0, 0.0, 0.0, 1.0 ], [ -1.0, 0.0, 0.0, 0.0, 0.0, 1.0, 0.0, 0.0, 0.0, 0.0, -1.0, 0.0, 0.0, 0.0, 0.0, 1.0 ], [ 0.0, 0.0, -1.0, 0.0, 1.0, 0.0, 0.0, 0.0, 0.0, -1.0, 0.0, 0.0, 0.0, 0.0, 0.0, 1.0 ], [ 0.0, -1.0, 0.0, 0.0, 0.0, 0.0, 1.0, 0.0, -1.0, 0.0, 0.0, 0.0, 0.0, 0.0, 0.0, 1.0 ], [ -0.809017, -0.309017, -0.5, 0.0, 0.309017, 0.5, -0.809017, 0.0, 0.5, -0.809017, -0.309017, 0.0, 0.0, 0.0, 0.0, 1.0 ], [ 0.5, -0.809017, -0.309017, 0.0, 0.809017, 0.309017, 0.5, 0.0, -0.309017, -0.5, 0.809017, 0.0, 0.0, 0.0, 0.0, 1.0 ], [ -0.309017, -0.5, 0.809017, 0.0, -0.5, 0.809017, 0.309017, 0.0, -0.809017, -0.309017, -0.5, 0.0, 0.0, 0.0, 0.0, 1.0 ], [ -0.5, -0.809017, -0.309017, 0.0, 0.809017, -0.309017, -0.5, 0.0, 0.309017, -0.5, 0.809017, 0.0, 0.0, 0.0, 0.0, 1.0 ], [ 0.309017, -0.5, 0.809017, 0.0, 0.5, 0.809017, 0.309017, 0.0, -0.809017, 0.309017, 0.5, 0.0, 0.0, 0.0, 0.0, 1.0 ], [ -0.809017, 0.309017, 0.5, 0.0, -0.309017, 0.5, -0.809017, 0.0, -0.5, -0.809017, -0.309017, 0.0, 0.0, 0.0, 0.0, 1.0 ], [ -0.5, -0.809017, 0.309017, 0.0, 0.809017, -0.309017, 0.5, 0.0, -0.309017, 0.5, 0.809017, 0.0, 0.0, 0.0, 0.0, 1.0 ], [ -0.309017, 0.5, 0.809017, 0.0, 0.5, 0.809017, -0.309017, 0.0, -0.809017, 0.309017, -0.5, 0.0, 0.0, 0.0, 0.0, 1.0 ], [ -0.809017, 0.309017, -0.5, 0.0, 0.309017, -0.5, -0.809017, 0.0, -0.5, -0.809017, 0.309017, 0.0, 0.0, 0.0, 0.0, 1.0 ], [ -0.809017, -0.309017, 0.5, 0.0, 0.309017, 0.5, 0.809017, 0.0, -0.5, 0.809017, -0.309017, 0.0, 0.0, 0.0, 0.0, 1.0 ], [ -0.5, 0.809017, -0.309017, 0.0, 0.809017, 0.309017, -0.5, 0.0, -0.309017, -0.5, -0.809017, 0.0, 0.0, 0.0, 0.0, 1.0 ], [ -0.309017, -0.5, -0.809017, 0.0, 0.5, -0.809017, 0.309017, 0.0, -0.809017, -0.309017, 0.5, 0.0, 0.0, 0.0, 0.0, 1.0 ] ],
  "lights" : {
    "ambientColor" : "#292929",
    "backgroundColor" : "#E0EFFF",
    "directionalLights" : [ {
      "direction" : [ 1.0, -1.0, -1.0 ],
      "color" : "#EBEBE4"
    }, {
      "direction" : [ -1.0, 0.0, 0.0 ],
      "color" : "#E4E4EB"
    }, {
      "direction" : [ 0.0, 0.0, -1.0 ],
      "color" : "#1E1E1E"
    } ]
  },
  "camera" : {
    "viewDistance" : 246.87433,
    "nearClipDistance" : 0.61718774,
    "farClipDistance" : 493.74957,
    "lookAtPoint" : {
      "x" : 0.0,
      "y" : 0.0,
      "z" : 0.0
    },
    "fieldOfView" : 0.44262943,
    "perspective" : false,
    "lookDirection" : {
      "x" : -0.44192308,
      "y" : 0.84250337,
      "z" : -0.30804834
    },
    "upDirection" : {
      "x" : 0.79158485,
      "y" : 0.5278114,
      "z" : 0.30793345
    },
    "width" : 111.09359,
    "stereo" : false,
    "position" : {
      "x" : 109.099464,
      "y" : -207.99245,
      "z" : 76.049225
    }
  },
  "embedding" : [ 1.0, 0.0, 0.0, 0.0, 0.0, 1.0, 0.0, 0.0, 0.0, 0.0, 1.0, 0.0, 0.0, 0.0, 0.0, 1.0 ],
  "shapes" : [ {
    "id" : "c408a0dc-ea9d-4986-addc-4e410fd142cf",
    "vertices" : [ {
      "x" : 0.0,
      "y" : 0.0,
      "z" : 0.0
    }, {
      "x" : 0.021338558,
      "y" : 2.0644832,
      "z" : 0.40087518
    }, {
      "x" : -11.686866,
      "y" : -5.1715846,
      "z" : 38.289417
    }, {
      "x" : -11.708204,
      "y" : -7.236068,
      "z" : 37.888542
    } ],
    "faces" : [ {
      "vertices" : [ 0, 1, 2, 3 ]
    }, {
      "vertices" : [ 0, 3, 2, 1 ]
    } ]
  }, {
    "id" : "c988a8a5-13c3-45d7-9a8b-022e20535d2b",
    "vertices" : [ {
      "x" : 0.0,
      "y" : 0.0,
      "z" : 0.0
    }, {
      "x" : -0.3194513,
      "y" : 2.717641,
      "z" : 0.42030737
    }, {
      "x" : 11.388753,
      "y" : 9.953709,
      "z" : -37.468235
    }, {
      "x" : 11.708204,
      "y" : 7.236068,
      "z" : -37.888542
    } ],
    "faces" : [ {
      "vertices" : [ 0, 1, 2, 3 ]
    }, {
      "vertices" : [ 0, 3, 2, 1 ]
    } ]
  }, {
    "id" : "3f49d650-e7e3-47e3-8075-131ea80ce976",
    "vertices" : [ {
      "x" : 0.0,
      "y" : 0.0,
      "z" : 0.0
    }, {
      "x" : -0.021338558,
      "y" : -2.0644832,
      "z" : -0.40087518
    }, {
      "x" : 11.686866,
      "y" : 5.1715846,
      "z" : -38.289417
    }, {
      "x" : 11.708204,
      "y" : 7.236068,
      "z" : -37.888542
    } ],
    "faces" : [ {
      "vertices" : [ 0, 1, 2, 3 ]
    }, {
      "vertices" : [ 0, 3, 2, 1 ]
    } ]
  }, {
    "id" : "4acd93b0-f0e8-43a9-93db-725babf1cc4f",
    "vertices" : [ {
      "x" : 0.0,
      "y" : 0.0,
      "z" : 0.0
    }, {
      "x" : -0.56541973,
      "y" : 1.6808156,
      "z" : 0.14628293
    }, {
      "x" : -12.273623,
      "y" : -5.5552526,
      "z" : 38.03483
    }, {
      "x" : -11.708204,
      "y" : -7.236068,
      "z" : 37.888542
    } ],
    "faces" : [ {
      "vertices" : [ 0, 1, 2, 3 ]
    }, {
      "vertices" : [ 0, 3, 2, 1 ]
    } ]
  }, {
    "id" : "595f24d9-a6c0-4831-9e0e-68fb4c271e89",
    "vertices" : [ {
      "x" : 0.0,
      "y" : 0.0,
      "z" : 0.0
    }, {
      "x" : -0.2952289,
      "y" : 0.1529122,
      "z" : 0.6772958
    }, {
      "x" : -7.5312967,
      "y" : 38.041454,
      "z" : -11.030909
    }, {
      "x" : -7.236068,
      "y" : 37.888542,
      "z" : -11.708204
    } ],
    "faces" : [ {
      "vertices" : [ 0, 1, 2, 3 ]
    }, {
      "vertices" : [ 0, 3, 2, 1 ]
    } ]
  }, {
    "id" : "a0452655-4e15-4fda-ba11-8fa39eb52910",
    "vertices" : [ {
      "x" : 0.0,
      "y" : 0.0,
      "z" : 0.0
    }, {
      "x" : 0.56541973,
      "y" : -1.6808156,
      "z" : -0.14628293
    }, {
      "x" : 12.273623,
      "y" : 5.5552526,
      "z" : -38.03483
    }, {
      "x" : 11.708204,
      "y" : 7.236068,
      "z" : -37.888542
    } ],
    "faces" : [ {
      "vertices" : [ 0, 1, 2, 3 ]
    }, {
      "vertices" : [ 0, 3, 2, 1 ]
    } ]
  }, {
    "id" : "aa1befdc-95ea-4a7e-bc4c-0ad16d709761",
    "vertices" : [ {
      "x" : 0.0,
      "y" : 0.0,
      "z" : 0.0
    }, {
      "x" : -1.3083925,
      "y" : 1.1175005,
      "z" : 2.1687744
    }, {
      "x" : -0.48725778,
      "y" : 0.41616783,
      "z" : 3.973523
    }, {
      "x" : 0.56271845,
      "y" : -0.48061892,
      "z" : 5.095825
    }, {
      "x" : 1.6126946,
      "y" : -1.3774056,
      "z" : 3.973523
    }, {
      "x" : 2.4338293,
      "y" : -2.0787385,
      "z" : 2.1687744
    }, {
      "x" : 1.1254369,
      "y" : -0.96123785,
      "z" : 0.0
    }, {
      "x" : 0.56271845,
      "y" : -0.48061892,
      "z" : -0.14705516
    } ],
    "faces" : [ {
      "vertices" : [ 0, 1, 2, 3, 4, 5, 6, 7 ]
    }, {
      "vertices" : [ 0, 7, 6, 5, 4, 3, 2, 1 ]
    } ]
  }, {
    "id" : "4fb9b3da-193a-4975-909d-11eeb8c313ec",
    "name" : "ball",
    "vertices" : [ {
      "x" : 0.309017,
      "y" : -0.309017,
      "z" : -0.309017
    }, {
      "x" : 0.5,
      "y" : 0.0,
      "z" : -0.19098301
    }, {
      "x" : 0.5,
      "y" : 0.0,
      "z" : 0.19098301
    }, {
      "x" : 0.309017,
      "y" : -0.309017,
      "z" : 0.309017
    }, {
      "x" : 0.19098301,
      "y" : -0.5,
      "z" : 0.0
    }, {
      "x" : 0.0,
      "y" : 0.19098301,
      "z" : 0.5
    }, {
      "x" : 0.0,
      "y" : -0.19098301,
      "z" : 0.5
    }, {
      "x" : 0.309017,
      "y" : 0.309017,
      "z" : 0.309017
    }, {
      "x" : -0.309017,
      "y" : -0.309017,
      "z" : 0.309017
    }, {
      "x" : -0.309017,
      "y" : 0.309017,
      "z" : 0.309017
    }, {
      "x" : -0.5,
      "y" : 0.0,
      "z" : 0.19098301
    }, {
      "x" : 0.0,
      "y" : -0.19098301,
      "z" : -0.5
    }, {
      "x" : 0.0,
      "y" : 0.19098301,
      "z" : -0.5
    }, {
      "x" : 0.309017,
      "y" : 0.309017,
      "z" : -0.309017
    }, {
      "x" : -0.309017,
      "y" : -0.309017,
      "z" : -0.309017
    }, {
      "x" : -0.19098301,
      "y" : -0.5,
      "z" : 0.0
    }, {
      "x" : -0.5,
      "y" : 0.0,
      "z" : -0.19098301
    }, {
      "x" : 0.19098301,
      "y" : 0.5,
      "z" : 0.0
    }, {
      "x" : -0.309017,
      "y" : 0.309017,
      "z" : -0.309017
    }, {
      "x" : 0.0,
      "y" : 0.0,
      "z" : 0.0
    }, {
      "x" : -0.19098301,
      "y" : 0.5,
      "z" : 0.0
    } ],
    "faces" : [ {
      "vertices" : [ 12, 18, 20, 17, 13 ]
    }, {
      "vertices" : [ 3, 6, 8, 15, 4 ]
    }, {
      "vertices" : [ 0, 11, 12, 13, 1 ]
    }, {
      "vertices" : [ 5, 9, 10, 8, 6 ]
    }, {
      "vertices" : [ 2, 7, 5, 6, 3 ]
    }, {
      "vertices" : [ 11, 14, 16, 18, 12 ]
    }, {
      "vertices" : [ 1, 13, 17, 7, 2 ]
    }, {
      "vertices" : [ 9, 20, 18, 16, 10 ]
    }, {
      "vertices" : [ 0, 1, 2, 3, 4 ]
    }, {
      "vertices" : [ 5, 7, 17, 20, 9 ]
    }, {
      "vertices" : [ 0, 4, 15, 14, 11 ]
    }, {
      "vertices" : [ 8, 10, 16, 14, 15 ]
    } ]
  }, {
    "id" : "2c1ea0e2-7519-4dfe-a431-377123ca79bb",
    "vertices" : [ {
      "x" : 0.0,
      "y" : 0.0,
      "z" : 0.0
    }, {
      "x" : -3.0018644,
      "y" : -6.5165086,
      "z" : -7.8589835
    }, {
      "x" : 5.686814,
      "y" : 53.03658,
      "z" : 14.888271
    }, {
      "x" : 6.1995935,
      "y" : 42.492645,
      "z" : 16.230747
    } ],
    "faces" : [ {
      "vertices" : [ 0, 1, 2, 3 ]
    }, {
      "vertices" : [ 0, 3, 2, 1 ]
    } ]
  }, {
    "id" : "de9a4a18-bb49-4be1-9afd-4b16badcad9b",
    "vertices" : [ {
      "x" : 0.0,
      "y" : 0.0,
      "z" : 0.0
    }, {
      "x" : 3.5146441,
      "y" : -4.027424,
      "z" : 9.201458
    }, {
      "x" : -19.23261,
      "y" : -12.716103,
      "z" : -50.351627
    }, {
      "x" : -16.230747,
      "y" : -6.1995935,
      "z" : -42.492645
    } ],
    "faces" : [ {
      "vertices" : [ 0, 1, 2, 3 ]
    }, {
      "vertices" : [ 0, 3, 2, 1 ]
    } ]
  }, {
    "id" : "2712cb9b-f834-4a83-a89b-a3db4f73b7ca",
    "vertices" : [ {
      "x" : 0.0,
      "y" : 0.0,
      "z" : 0.0
    }, {
      "x" : -0.51277965,
      "y" : 10.543933,
      "z" : -1.3424746
    }, {
      "x" : 13.545797,
      "y" : -40.320477,
      "z" : 35.463356
    }, {
      "x" : 10.031153,
      "y" : -36.293053,
      "z" : 26.2619
    } ],
    "faces" : [ {
      "vertices" : [ 0, 1, 2, 3 ]
    }, {
      "vertices" : [ 0, 3, 2, 1 ]
    } ]
  }, {
    "id" : "0a0c31b3-7b7d-4df4-a4b5-18354e824155",
    "vertices" : [ {
      "x" : 0.0,
      "y" : 0.0,
      "z" : 0.0
    }, {
      "x" : 0.56541973,
      "y" : -1.6808156,
      "z" : -0.14628293
    }, {
      "x" : -19.60099,
      "y" : -14.144342,
      "z" : 65.113594
    }, {
      "x" : -20.16641,
      "y" : -12.463527,
      "z" : 65.25987
    } ],
    "faces" : [ {
      "vertices" : [ 0, 1, 2, 3 ]
    }, {
      "vertices" : [ 0, 3, 2, 1 ]
    } ]
  }, {
    "id" : "04fa23c4-8db8-4b6b-968a-a8528d2b74c9",
    "vertices" : [ {
      "x" : 0.0,
      "y" : 0.0,
      "z" : 0.0
    }, {
      "x" : 0.021338558,
      "y" : 2.0644832,
      "z" : 0.40087518
    }, {
      "x" : 20.187748,
      "y" : 14.52801,
      "z" : -64.859
    }, {
      "x" : 20.16641,
      "y" : 12.463527,
      "z" : -65.25987
    } ],
    "faces" : [ {
      "vertices" : [ 0, 1, 2, 3 ]
    }, {
      "vertices" : [ 0, 3, 2, 1 ]
    } ]
  }, {
    "id" : "49aaa2bb-6275-446d-aa57-832421813527",
    "vertices" : [ {
      "x" : 0.0,
      "y" : 0.0,
      "z" : 0.0
    }, {
      "x" : 0.82113475,
      "y" : -0.7013328,
      "z" : 1.8047485
    }, {
      "x" : 1.8711109,
      "y" : -1.5981195,
      "z" : 2.927051
    }, {
      "x" : 2.9210873,
      "y" : -2.4949062,
      "z" : 1.8047485
    }, {
      "x" : 3.7422218,
      "y" : -3.196239,
      "z" : 0.0
    }, {
      "x" : 2.0185862,
      "y" : -1.7240784,
      "z" : -2.2772896
    }, {
      "x" : 1.8711109,
      "y" : -1.5981195,
      "z" : -2.3158295
    }, {
      "x" : 1.7236357,
      "y" : -1.4721606,
      "z" : -2.2772896
    } ],
    "faces" : [ {
      "vertices" : [ 0, 1, 2, 3, 4, 5, 6, 7 ]
    }, {
      "vertices" : [ 0, 7, 6, 5, 4, 3, 2, 1 ]
    } ]
  }, {
    "id" : "e43ad5ef-1395-454b-9177-4a480b58c9b0",
    "vertices" : [ {
      "x" : 0.0,
      "y" : 0.0,
      "z" : 0.0
    }, {
      "x" : -2.988018,
      "y" : -0.57365304,
      "z" : -1.0329064
    }, {
      "x" : 17.178392,
      "y" : 11.8898735,
      "z" : -66.29278
    }, {
      "x" : 20.16641,
      "y" : 12.463527,
      "z" : -65.25987
    } ],
    "faces" : [ {
      "vertices" : [ 0, 1, 2, 3 ]
    }, {
      "vertices" : [ 0, 3, 2, 1 ]
    } ]
  }, {
    "id" : "b593895f-e916-4018-be54-6c30b9e2e067",
    "vertices" : [ {
      "x" : 0.0,
      "y" : 0.0,
      "z" : 0.0
    }, {
      "x" : 0.07737254,
      "y" : -0.040074687,
      "z" : -0.17750327
    }, {
      "x" : 12.540899,
      "y" : -65.29995,
      "z" : 19.988907
    }, {
      "x" : 12.463527,
      "y" : -65.25987,
      "z" : 20.16641
    } ],
    "faces" : [ {
      "vertices" : [ 0, 1, 2, 3 ]
    }, {
      "vertices" : [ 0, 3, 2, 1 ]
    } ]
  }, {
    "id" : "1b3060fc-1bd6-4c24-bea0-d6a3e204ada6",
    "vertices" : [ {
      "x" : 0.0,
      "y" : 0.0,
      "z" : 0.0
    }, {
      "x" : 0.021338558,
      "y" : 2.0644832,
      "z" : 0.40087518
    }, {
      "x" : -20.145071,
      "y" : -10.399044,
      "z" : 65.66075
    }, {
      "x" : -20.16641,
      "y" : -12.463527,
      "z" : 65.25987
    } ],
    "faces" : [ {
      "vertices" : [ 0, 1, 2, 3 ]
    }, {
      "vertices" : [ 0, 3, 2, 1 ]
    } ]
  }, {
    "id" : "02100bff-0850-4c83-8eba-0d9141e0588e",
    "vertices" : [ {
      "x" : 0.0,
      "y" : 0.0,
      "z" : 0.0
    }, {
      "x" : 0.56541973,
      "y" : -1.6808156,
      "z" : -0.14628293
    }, {
      "x" : 20.73183,
      "y" : 10.782711,
      "z" : -65.40616
    }, {
      "x" : 20.16641,
      "y" : 12.463527,
      "z" : -65.25987
    } ],
    "faces" : [ {
      "vertices" : [ 0, 1, 2, 3 ]
    }, {
      "vertices" : [ 0, 3, 2, 1 ]
    } ]
  }, {
    "id" : "23848427-df91-4222-a91a-931c484c940d",
    "vertices" : [ {
      "x" : 0.0,
      "y" : 0.0,
      "z" : 0.0
    }, {
      "x" : -2.988018,
      "y" : -0.57365304,
      "z" : -1.0329064
    }, {
      "x" : -23.154428,
      "y" : -13.03718,
      "z" : 64.22697
    }, {
      "x" : -20.16641,
      "y" : -12.463527,
      "z" : 65.25987
    } ],
    "faces" : [ {
      "vertices" : [ 0, 1, 2, 3 ]
    }, {
      "vertices" : [ 0, 3, 2, 1 ]
    } ]
  }, {
    "id" : "afc045e3-c606-464e-8421-b9a698a8ea32",
    "vertices" : [ {
      "x" : 0.0,
      "y" : 0.0,
      "z" : 0.0
    }, {
      "x" : 6.5429797,
      "y" : 3.1681335,
      "z" : -0.5411818
    }, {
      "x" : 6.561554,
      "y" : 3.767526,
      "z" : 3.1922855
    }, {
      "x" : 0.018574,
      "y" : 0.5993925,
      "z" : 3.7334673
    } ],
    "faces" : [ {
      "vertices" : [ 0, 1, 2, 3 ]
    }, {
      "vertices" : [ 0, 3, 2, 1 ]
    } ]
  }, {
    "id" : "7bf5d50b-1285-498b-957c-617ce4e15ae2",
    "vertices" : [ {
      "x" : 0.0,
      "y" : 0.0,
      "z" : 0.0
    }, {
      "x" : -2.0163946,
      "y" : -0.21337304,
      "z" : 1.6312975
    }, {
      "x" : 63.11541,
      "y" : -0.21337304,
      "z" : 82.13863
    }, {
      "x" : 65.131805,
      "y" : 0.0,
      "z" : 80.50734
    } ],
    "faces" : [ {
      "vertices" : [ 0, 1, 2, 3 ]
    }, {
      "vertices" : [ 0, 3, 2, 1 ]
    } ]
  }, {
    "id" : "badb2f52-f650-4255-a444-db2c98f788f4",
    "vertices" : [ {
      "x" : 0.0,
      "y" : 0.0,
      "z" : 0.0
    }, {
      "x" : 4.5737786,
      "y" : 0.17717919,
      "z" : 2.2292943
    }, {
      "x" : -40.43119,
      "y" : -7.510587,
      "z" : 95.1757
    }, {
      "x" : -45.00497,
      "y" : -7.6877666,
      "z" : 92.9464
    } ],
    "faces" : [ {
      "vertices" : [ 0, 1, 2, 3 ]
    }, {
      "vertices" : [ 0, 3, 2, 1 ]
    } ]
  }, {
    "id" : "f5cab827-a8e2-46ef-972d-949512ce9923",
    "vertices" : [ {
      "x" : 0.0,
      "y" : 0.0,
      "z" : 0.0
    }, {
      "x" : 0.018574,
      "y" : 0.5993925,
      "z" : 3.7334673
    }, {
      "x" : -92.92783,
      "y" : -44.40558,
      "z" : 11.421234
    }, {
      "x" : -92.9464,
      "y" : -45.00497,
      "z" : 7.6877666
    } ],
    "faces" : [ {
      "vertices" : [ 0, 1, 2, 3 ]
    }, {
      "vertices" : [ 0, 3, 2, 1 ]
    } ]
  }, {
    "id" : "2907075e-e0f0-429c-a1fc-bdacc701e553",
    "vertices" : [ {
      "x" : 0.0,
      "y" : 0.0,
      "z" : 0.0
    }, {
      "x" : -6.5429797,
      "y" : -3.1681335,
      "z" : 0.5411818
    }, {
      "x" : -6.524406,
      "y" : -2.5687408,
      "z" : 4.274649
    }, {
      "x" : 0.018574,
      "y" : 0.5993925,
      "z" : 3.7334673
    } ],
    "faces" : [ {
      "vertices" : [ 0, 1, 2, 3 ]
    }, {
      "vertices" : [ 0, 3, 2, 1 ]
    } ]
  }, {
    "id" : "e4d5319a-e9eb-4610-a1e1-7d14cf58067d",
    "vertices" : [ {
      "x" : 0.0,
      "y" : 0.0,
      "z" : 0.0
    }, {
      "x" : -3.1681335,
      "y" : -0.5411818,
      "z" : 6.5429797
    }, {
      "x" : -5.228534,
      "y" : -1.7391369,
      "z" : 5.4462414
    }, {
      "x" : -2.060401,
      "y" : -1.1979553,
      "z" : -1.0967383
    } ],
    "faces" : [ {
      "vertices" : [ 0, 1, 2, 3 ]
    }, {
      "vertices" : [ 0, 3, 2, 1 ]
    } ]
  }, {
    "id" : "cc775744-15eb-4f85-8e4c-b61902c95caa",
    "vertices" : [ {
      "x" : 0.0,
      "y" : 0.0,
      "z" : 0.0
    }, {
      "x" : 2.0163946,
      "y" : 0.21337304,
      "z" : -1.6312975
    }, {
      "x" : 6.6013603,
      "y" : 0.21337304,
      "z" : 4.0360317
    }, {
      "x" : 4.5849657,
      "y" : 0.0,
      "z" : 5.6673293
    } ],
    "faces" : [ {
      "vertices" : [ 0, 1, 2, 3 ]
    }, {
      "vertices" : [ 0, 3, 2, 1 ]
    } ]
  }, {
    "id" : "1432d010-2598-4f43-9c18-1a8671f0b840",
    "vertices" : [ {
      "x" : 0.0,
      "y" : 0.0,
      "z" : 0.0
    }, {
      "x" : 4.5737786,
      "y" : 0.17717919,
      "z" : 2.2292943
    }, {
      "x" : 1.4056454,
      "y" : -0.3640026,
      "z" : 8.772274
    }, {
      "x" : -3.1681335,
      "y" : -0.5411818,
      "z" : 6.5429797
    } ],
    "faces" : [ {
      "vertices" : [ 0, 1, 2, 3 ]
    }, {
      "vertices" : [ 0, 3, 2, 1 ]
    } ]
  }, {
    "id" : "205b102c-bdd8-41a2-8649-878a7cb0bb90",
    "vertices" : [ {
      "x" : 0.0,
      "y" : 0.0,
      "z" : 0.0
    }, {
      "x" : -2.060401,
      "y" : -1.1979553,
      "z" : -1.0967383
    }, {
      "x" : -47.065372,
      "y" : -8.885722,
      "z" : 91.84966
    }, {
      "x" : -45.00497,
      "y" : -7.6877666,
      "z" : 92.9464
    } ],
    "faces" : [ {
      "vertices" : [ 0, 1, 2, 3 ]
    }, {
      "vertices" : [ 0, 3, 2, 1 ]
    } ]
  }, {
    "id" : "f7a99bb2-b897-47e3-a9c8-a4e1348a2b96",
    "vertices" : [ {
      "x" : 0.0,
      "y" : 0.0,
      "z" : 0.0
    }, {
      "x" : -3.3258743,
      "y" : -0.67807317,
      "z" : 1.6664846
    }, {
      "x" : -3.603751,
      "y" : -3.2635303,
      "z" : 2.0148811
    }, {
      "x" : -2.1490922,
      "y" : -8.133194,
      "z" : 1.7133092
    }, {
      "x" : 2.4246867,
      "y" : -7.956014,
      "z" : -0.51598513
    }, {
      "x" : 4.4850874,
      "y" : -6.758059,
      "z" : -1.6127235
    }, {
      "x" : 3.885695,
      "y" : -3.0245917,
      "z" : -1.6312975
    }, {
      "x" : 2.049534,
      "y" : -1.3396735,
      "z" : -0.88158464
    } ],
    "faces" : [ {
      "vertices" : [ 0, 1, 2, 3, 4, 5, 6, 7 ]
    }, {
      "vertices" : [ 0, 7, 6, 5, 4, 3, 2, 1 ]
    } ]
  }, {
    "id" : "dfe09549-0d6c-4fc9-93ab-f0605b523d3c",
    "vertices" : [ {
      "x" : 0.0,
      "y" : 0.0,
      "z" : 0.0
    }, {
      "x" : 4.5737786,
      "y" : 0.17717919,
      "z" : 2.2292943
    }, {
      "x" : 7.7419124,
      "y" : 0.71836096,
      "z" : -4.3136854
    }, {
      "x" : 3.1681335,
      "y" : 0.5411818,
      "z" : -6.5429797
    } ],
    "faces" : [ {
      "vertices" : [ 0, 1, 2, 3 ]
    }, {
      "vertices" : [ 0, 3, 2, 1 ]
    } ]
  }, {
    "id" : "e749c106-4ca5-41e4-9f80-a194479a82df",
    "vertices" : [ {
      "x" : 0.0,
      "y" : 0.0,
      "z" : 0.0
    }, {
      "x" : 2.0163946,
      "y" : 0.21337304,
      "z" : -1.6312975
    }, {
      "x" : -2.568571,
      "y" : 0.21337304,
      "z" : -7.298627
    }, {
      "x" : -4.5849657,
      "y" : 0.0,
      "z" : -5.6673293
    } ],
    "faces" : [ {
      "vertices" : [ 0, 1, 2, 3 ]
    }, {
      "vertices" : [ 0, 3, 2, 1 ]
    } ]
  }, {
    "id" : "b914562f-074e-4423-bcb5-846f62f93f31",
    "vertices" : [ {
      "x" : 0.0,
      "y" : 0.0,
      "z" : 0.0
    }, {
      "x" : 2.3416407,
      "y" : 3.7888544,
      "z" : 1.4472136
    }, {
      "x" : 30.758049,
      "y" : 8.642957,
      "z" : -57.239704
    }, {
      "x" : 28.416409,
      "y" : 4.854102,
      "z" : -58.686916
    } ],
    "faces" : [ {
      "vertices" : [ 0, 1, 2, 3 ]
    }, {
      "vertices" : [ 0, 3, 2, 1 ]
    } ]
  }, {
    "id" : "65005296-a56d-4ddf-af8d-853e8870d553",
    "vertices" : [ {
      "x" : 0.0,
      "y" : 0.0,
      "z" : 0.0
    }, {
      "x" : 3.1681335,
      "y" : 0.5411818,
      "z" : -6.5429797
    }, {
      "x" : 1.1077324,
      "y" : -0.6567734,
      "z" : -7.639718
    }, {
      "x" : -2.060401,
      "y" : -1.1979553,
      "z" : -1.0967383
    } ],
    "faces" : [ {
      "vertices" : [ 0, 1, 2, 3 ]
    }, {
      "vertices" : [ 0, 3, 2, 1 ]
    } ]
  }, {
    "id" : "ff7ce333-100a-4261-9dca-14c13cd17a24",
    "vertices" : [ {
      "x" : 0.0,
      "y" : 0.0,
      "z" : 0.0
    }, {
      "x" : 4.5737786,
      "y" : 0.17717919,
      "z" : 2.2292943
    }, {
      "x" : 49.578747,
      "y" : 7.864946,
      "z" : -90.71711
    }, {
      "x" : 45.00497,
      "y" : 7.6877666,
      "z" : -92.9464
    } ],
    "faces" : [ {
      "vertices" : [ 0, 1, 2, 3 ]
    }, {
      "vertices" : [ 0, 3, 2, 1 ]
    } ]
  }, {
    "id" : "d6c484f0-08b0-4e47-b1f4-fa265212c5ae",
    "vertices" : [ {
      "x" : 0.0,
      "y" : 0.0,
      "z" : 0.0
    }, {
      "x" : 3.1681335,
      "y" : 0.5411818,
      "z" : -6.5429797
    }, {
      "x" : -1.4056454,
      "y" : 0.3640026,
      "z" : -8.772274
    }, {
      "x" : -4.5737786,
      "y" : -0.17717919,
      "z" : -2.2292943
    } ],
    "faces" : [ {
      "vertices" : [ 0, 1, 2, 3 ]
    }, {
      "vertices" : [ 0, 3, 2, 1 ]
    } ]
  }, {
    "id" : "3ab541a6-5581-4d09-a4e0-f8b2b7cc824f",
    "vertices" : [ {
      "x" : 0.0,
      "y" : 0.0,
      "z" : 0.0
    }, {
      "x" : -4.5849657,
      "y" : 0.0,
      "z" : -5.6673293
    }, {
      "x" : -6.6013603,
      "y" : -0.21337304,
      "z" : -4.0360317
    }, {
      "x" : -2.0163946,
      "y" : -0.21337304,
      "z" : 1.6312975
    } ],
    "faces" : [ {
      "vertices" : [ 0, 1, 2, 3 ]
    }, {
      "vertices" : [ 0, 3, 2, 1 ]
    } ]
  }, {
    "id" : "1fee72e3-5cdd-4f8a-986a-9a3b0d9ca205",
    "vertices" : [ {
      "x" : 0.0,
      "y" : 0.0,
      "z" : 0.0
    }, {
      "x" : 0.018574,
      "y" : 0.5993925,
      "z" : 3.7334673
    }, {
      "x" : 92.96498,
      "y" : 45.604362,
      "z" : -3.9542992
    }, {
      "x" : 92.9464,
      "y" : 45.00497,
      "z" : -7.6877666
    } ],
    "faces" : [ {
      "vertices" : [ 0, 1, 2, 3 ]
    }, {
      "vertices" : [ 0, 3, 2, 1 ]
    } ]
  }, {
    "id" : "e2546507-935d-48f0-bc40-513bf4cea056",
    "vertices" : [ {
      "x" : 0.0,
      "y" : 0.0,
      "z" : 0.0
    }, {
      "x" : 4.5849657,
      "y" : 0.0,
      "z" : 5.6673293
    }, {
      "x" : 2.568571,
      "y" : -0.21337304,
      "z" : 7.298627
    }, {
      "x" : -2.0163946,
      "y" : -0.21337304,
      "z" : 1.6312975
    } ],
    "faces" : [ {
      "vertices" : [ 0, 1, 2, 3 ]
    }, {
      "vertices" : [ 0, 3, 2, 1 ]
    } ]
  }, {
    "id" : "2a2c0a53-986f-41af-8162-a40abea0b86d",
    "vertices" : [ {
      "x" : 0.0,
      "y" : 0.0,
      "z" : 0.0
    }, {
      "x" : -0.018574,
      "y" : -0.5993925,
      "z" : -3.7334673
    }, {
      "x" : 6.524406,
      "y" : 2.5687408,
      "z" : -4.274649
    }, {
      "x" : 6.5429797,
      "y" : 3.1681335,
      "z" : -0.5411818
    } ],
    "faces" : [ {
      "vertices" : [ 0, 1, 2, 3 ]
    }, {
      "vertices" : [ 0, 3, 2, 1 ]
    } ]
  }, {
    "id" : "7b9e0e24-8ac3-420a-a707-0e2ebeecf34d",
    "vertices" : [ {
      "x" : 0.0,
      "y" : 0.0,
      "z" : 0.0
    }, {
      "x" : -0.018574,
      "y" : -0.5993925,
      "z" : -3.7334673
    }, {
      "x" : -6.561554,
      "y" : -3.767526,
      "z" : -3.1922855
    }, {
      "x" : -6.5429797,
      "y" : -3.1681335,
      "z" : 0.5411818
    } ],
    "faces" : [ {
      "vertices" : [ 0, 1, 2, 3 ]
    }, {
      "vertices" : [ 0, 3, 2, 1 ]
    } ]
  }, {
    "id" : "70bfc472-2ef1-4b55-9712-6be2934cc059",
    "vertices" : [ {
      "x" : 0.0,
      "y" : 0.0,
      "z" : 0.0
    }, {
      "x" : -3.1681335,
      "y" : -0.5411818,
      "z" : 6.5429797
    }, {
      "x" : -7.7419124,
      "y" : -0.71836096,
      "z" : 4.3136854
    }, {
      "x" : -4.5737786,
      "y" : -0.17717919,
      "z" : -2.2292943
    } ],
    "faces" : [ {
      "vertices" : [ 0, 1, 2, 3 ]
    }, {
      "vertices" : [ 0, 3, 2, 1 ]
    } ]
  }, {
    "id" : "37430e2f-d157-4d90-ba24-9c427064432b",
    "vertices" : [ {
      "x" : 0.0,
      "y" : 0.0,
      "z" : 0.0
    }, {
      "x" : -2.0163946,
      "y" : -0.21337304,
      "z" : 1.6312975
    }, {
      "x" : -67.1482,
      "y" : -0.21337304,
      "z" : -78.87604
    }, {
      "x" : -65.131805,
      "y" : 0.0,
      "z" : -80.50734
    } ],
    "faces" : [ {
      "vertices" : [ 0, 1, 2, 3 ]
    }, {
      "vertices" : [ 0, 3, 2, 1 ]
    } ]
  }, {
    "id" : "de33a2cd-2636-4103-8946-28e20c3056c3",
    "vertices" : [ {
      "x" : 0.0,
      "y" : 0.0,
      "z" : 0.0
    }, {
      "x" : -2.060401,
      "y" : -1.1979553,
      "z" : -1.0967383
    }, {
      "x" : 42.94457,
      "y" : 6.4898114,
      "z" : -94.043144
    }, {
      "x" : 45.00497,
      "y" : 7.6877666,
      "z" : -92.9464
    } ],
    "faces" : [ {
      "vertices" : [ 0, 1, 2, 3 ]
    }, {
      "vertices" : [ 0, 3, 2, 1 ]
    } ]
  }, {
    "id" : "ba7b91d7-25dc-42a5-919f-3631373f0e5a",
    "vertices" : [ {
      "x" : 0.0,
      "y" : 0.0,
      "z" : 0.0
    }, {
      "x" : 0.2952289,
      "y" : -0.1529122,
      "z" : -0.6772958
    }, {
      "x" : 12.758756,
      "y" : -65.41279,
      "z" : 19.489115
    }, {
      "x" : 12.463527,
      "y" : -65.25987,
      "z" : 20.16641
    } ],
    "faces" : [ {
      "vertices" : [ 0, 1, 2, 3 ]
    }, {
      "vertices" : [ 0, 3, 2, 1 ]
    } ]
  }, {
    "id" : "8a9af3a0-57c5-48d6-b1ef-9cbc307251b9",
    "vertices" : [ {
      "x" : 0.0,
      "y" : 0.0,
      "z" : 0.0
    }, {
      "x" : -0.3194513,
      "y" : 2.717641,
      "z" : 0.42030737
    }, {
      "x" : -20.48586,
      "y" : -9.745886,
      "z" : 65.68018
    }, {
      "x" : -20.16641,
      "y" : -12.463527,
      "z" : 65.25987
    } ],
    "faces" : [ {
      "vertices" : [ 0, 1, 2, 3 ]
    }, {
      "vertices" : [ 0, 3, 2, 1 ]
    } ]
  }, {
    "id" : "9ada4fd3-8e11-4247-8e63-ada1407e4627",
    "vertices" : [ {
      "x" : 0.0,
      "y" : 0.0,
      "z" : 0.0
    }, {
      "x" : -1.3083925,
      "y" : 1.1175005,
      "z" : 2.1687744
    }, {
      "x" : -0.48725778,
      "y" : 0.41616783,
      "z" : 3.973523
    }, {
      "x" : 0.7101937,
      "y" : -0.6065778,
      "z" : 5.134365
    }, {
      "x" : 1.6126946,
      "y" : -1.3774056,
      "z" : 3.973523
    }, {
      "x" : 2.4338293,
      "y" : -2.0787385,
      "z" : 2.1687744
    }, {
      "x" : 1.1254369,
      "y" : -0.96123785,
      "z" : 0.0
    }, {
      "x" : 0.56271845,
      "y" : -0.48061892,
      "z" : -0.14705516
    } ],
    "faces" : [ {
      "vertices" : [ 0, 1, 2, 3, 4, 5, 6, 7 ]
    }, {
      "vertices" : [ 0, 7, 6, 5, 4, 3, 2, 1 ]
    } ]
  }, {
    "id" : "9f6d3827-79f5-478f-96e0-82c494b576fa",
    "vertices" : [ {
      "x" : 0.0,
      "y" : 0.0,
      "z" : 0.0
    }, {
      "x" : -0.3194513,
      "y" : 2.717641,
      "z" : 0.42030737
    }, {
      "x" : 19.846958,
      "y" : 15.181168,
      "z" : -64.83957
    }, {
      "x" : 20.16641,
      "y" : 12.463527,
      "z" : -65.25987
    } ],
    "faces" : [ {
      "vertices" : [ 0, 1, 2, 3 ]
    }, {
      "vertices" : [ 0, 3, 2, 1 ]
    } ]
  }, {
    "id" : "86d19817-04c0-44aa-bf49-5f1d7ec60bfe",
    "vertices" : [ {
      "x" : 0.0,
      "y" : 0.0,
      "z" : 0.0
    }, {
      "x" : 0.2952289,
      "y" : -0.1529122,
      "z" : -0.6772958
    }, {
      "x" : -12.168298,
      "y" : 65.106964,
      "z" : -20.843706
    }, {
      "x" : -12.463527,
      "y" : 65.25987,
      "z" : -20.16641
    } ],
    "faces" : [ {
      "vertices" : [ 0, 1, 2, 3 ]
    }, {
      "vertices" : [ 0, 3, 2, 1 ]
    } ]
  }, {
    "id" : "99575505-c4b7-4a60-aaef-6bccd6c8e4fe",
    "vertices" : [ {
      "x" : 0.0,
      "y" : 0.0,
      "z" : 0.0
    }, {
      "x" : 2.7148747,
      "y" : -3.0652475,
      "z" : -1.4842035
    }, {
      "x" : 9.805044,
      "y" : -51.661995,
      "z" : 17.078102
    }, {
      "x" : 7.813777,
      "y" : -53.556423,
      "z" : 20.456734
    } ],
    "faces" : [ {
      "vertices" : [ 0, 1, 2, 3 ]
    }, {
      "vertices" : [ 0, 3, 2, 1 ]
    } ]
  }, {
    "id" : "c06e3826-da8b-4604-a32e-b588a6db4d8a",
    "vertices" : [ {
      "x" : 0.0,
      "y" : 0.0,
      "z" : 0.0
    }, {
      "x" : 1.8345764,
      "y" : -1.4014916,
      "z" : -1.8345764
    }, {
      "x" : -38.526104,
      "y" : 38.959187,
      "z" : -1.8345764
    }, {
      "x" : -37.12461,
      "y" : 37.12461,
      "z" : 0.0
    } ],
    "faces" : [ {
      "vertices" : [ 0, 1, 2, 3 ]
    }, {
      "vertices" : [ 0, 3, 2, 1 ]
    } ]
  }, {
    "id" : "7fcaedb2-7554-4f28-9197-19901d54dcc9",
    "vertices" : [ {
      "x" : 0.0,
      "y" : 0.0,
      "z" : 0.0
    }, {
      "x" : 2.618034,
      "y" : 6.0706444,
      "z" : -6.421017
    }, {
      "x" : 35.27051,
      "y" : 18.54278,
      "z" : -51.545628
    }, {
      "x" : 41.69153,
      "y" : 15.9247465,
      "z" : -57.616272
    } ],
    "faces" : [ {
      "vertices" : [ 0, 1, 2, 3 ]
    }, {
      "vertices" : [ 0, 3, 2, 1 ]
    } ]
  }, {
    "id" : "a40c244f-6b2e-4c11-b97d-018888b68bcd",
    "vertices" : [ {
      "x" : 0.0,
      "y" : 0.0,
      "z" : 0.0
    }, {
      "x" : 1.9912679,
      "y" : 1.8944272,
      "z" : -3.3786306
    }, {
      "x" : -5.098902,
      "y" : 50.491177,
      "z" : -21.940937
    }, {
      "x" : -7.813777,
      "y" : 53.556423,
      "z" : -20.456734
    } ],
    "faces" : [ {
      "vertices" : [ 0, 1, 2, 3 ]
    }, {
      "vertices" : [ 0, 3, 2, 1 ]
    } ]
  } ],
  "instances" : [ {
    "shape" : "c408a0dc-ea9d-4986-addc-4e410fd142cf",
    "color" : "#000099",
    "position" : {
      "x" : -13.728118,
      "y" : 22.798374,
      "z" : -14.961281
    },
    "orientation" : 52
  }, {
    "shape" : "c988a8a5-13c3-45d7-9a8b-022e20535d2b",
    "color" : "#000099",
    "position" : {
      "x" : -1.190983,
      "y" : 5.3181677,
      "z" : -28.33148
    },
    "orientation" : 28
  }, {
    "shape" : "c988a8a5-13c3-45d7-9a8b-022e20535d2b",
    "color" : "#000099",
    "position" : {
      "x" : -20.6296,
      "y" : -13.652888,
      "z" : 14.845619
    },
    "orientation" : 51
  }, {
    "shape" : "c408a0dc-ea9d-4986-addc-4e410fd142cf",
    "color" : "#000099",
    "position" : {
      "x" : -3.4194443,
      "y" : 4.946965,
      "z" : -29.931622
    },
    "orientation" : 56
  }, {
    "shape" : "c988a8a5-13c3-45d7-9a8b-022e20535d2b",
    "color" : "#000099",
    "position" : {
      "x" : -28.33148,
      "y" : -1.190983,
      "z" : 5.3181677
    },
    "orientation" : 59
  }, {
    "shape" : "3f49d650-e7e3-47e3-8075-131ea80ce976",
    "color" : "#000099",
    "position" : {
      "x" : -15.513456,
      "y" : -26.747583,
      "z" : 7.5740304
    },
    "orientation" : 32
  }, {
    "shape" : "4acd93b0-f0e8-43a9-93db-725babf1cc4f",
    "color" : "#000099",
    "position" : {
      "x" : 5.3208885,
      "y" : -17.059164,
      "z" : -26.346527
    },
    "orientation" : 19
  }, {
    "shape" : "c408a0dc-ea9d-4986-addc-4e410fd142cf",
    "color" : "#000099",
    "position" : {
      "x" : -25.632006,
      "y" : 3.5374782,
      "z" : -16.203503
    },
    "orientation" : 50
  }, {
    "shape" : "4acd93b0-f0e8-43a9-93db-725babf1cc4f",
    "color" : "#000099",
    "position" : {
      "x" : 5.3208885,
      "y" : 17.059164,
      "z" : 26.346527
    },
    "orientation" : 4
  }, {
    "shape" : "595f24d9-a6c0-4831-9e0e-68fb4c271e89",
    "color" : "#000099",
    "position" : {
      "x" : -4.3871703,
      "y" : -12.952693,
      "z" : 25.273726
    },
    "orientation" : 42
  }, {
    "shape" : "4acd93b0-f0e8-43a9-93db-725babf1cc4f",
    "color" : "#000099",
    "position" : {
      "x" : -17.059164,
      "y" : 26.346527,
      "z" : -5.3208885
    },
    "orientation" : 48
  }, {
    "shape" : "c408a0dc-ea9d-4986-addc-4e410fd142cf",
    "color" : "#000099",
    "position" : {
      "x" : 3.4194443,
      "y" : -4.946965,
      "z" : -29.931622
    },
    "orientation" : 26
  }, {
    "shape" : "c408a0dc-ea9d-4986-addc-4e410fd142cf",
    "color" : "#000099",
    "position" : {
      "x" : 27.745338,
      "y" : -6.9569225,
      "z" : 10.670726
    },
    "orientation" : 27
  }, {
    "shape" : "c408a0dc-ea9d-4986-addc-4e410fd142cf",
    "color" : "#000099",
    "position" : {
      "x" : -14.961281,
      "y" : -13.728118,
      "z" : 22.798374
    },
    "orientation" : 38
  }, {
    "shape" : "c988a8a5-13c3-45d7-9a8b-022e20535d2b",
    "color" : "#000099",
    "position" : {
      "x" : 5.0479126,
      "y" : -11.558811,
      "z" : 25.947767
    },
    "orientation" : 24
  }, {
    "shape" : "595f24d9-a6c0-4831-9e0e-68fb4c271e89",
    "color" : "#000099",
    "position" : {
      "x" : 12.183557,
      "y" : 25.56751,
      "z" : -4.8625226
    },
    "orientation" : 23
  }, {
    "shape" : "595f24d9-a6c0-4831-9e0e-68fb4c271e89",
    "color" : "#000099",
    "position" : {
      "x" : 20.482544,
      "y" : -13.09017,
      "z" : -15.326238
    },
    "orientation" : 3
  }, {
    "shape" : "a0452655-4e15-4fda-ba11-8fa39eb52910",
    "color" : "#000099",
    "position" : {
      "x" : 15.326238,
      "y" : 25.725426,
      "z" : 13.09017
    },
    "orientation" : 52
  }, {
    "shape" : "aa1befdc-95ea-4a7e-bc4c-0ad16d709761",
    "color" : "#7F7FCC",
    "position" : {
      "x" : 20.6296,
      "y" : -13.652888,
      "z" : -14.845619
    },
    "orientation" : 1
  }, {
    "shape" : "aa1befdc-95ea-4a7e-bc4c-0ad16d709761",
    "color" : "#7F7FCC",
    "position" : {
      "x" : -5.0479126,
      "y" : 11.558811,
      "z" : 25.947767
    },
    "orientation" : 59
  }, {
    "shape" : "595f24d9-a6c0-4831-9e0e-68fb4c271e89",
    "color" : "#000099",
    "position" : {
      "x" : 20.18876,
      "y" : 12.614818,
      "z" : -16.095375
    },
    "orientation" : 15
  }, {
    "shape" : "c988a8a5-13c3-45d7-9a8b-022e20535d2b",
    "color" : "#000099",
    "position" : {
      "x" : 5.3181677,
      "y" : 28.33148,
