{
  "field" : "golden",
  "symmetry" : "icosahedral",
  "orientations" : [ [ 1.0, 0.0, 0.0, 0.0, 0.0, 1.0, 0.0, 0.0, 0.0, 0.0, 1.0, 0.0, 0.0, 0.0, 0.0, 1.0 ], [ 0.0, 0.0, 1.0, 0.0, 1.0, 0.0, 0.0, 0.0, 0.0, 1.0, 0.0, 0.0, 0.0, 0.0, 0.0, 1.0 ], [ 0.0, 1.0, 0.0, 0.0, 0.0, 0.0, 1.0, 0.0, 1.0, 0.0, 0.0, 0.0, 0.0, 0.0, 0.0, 1.0 ], [ 0.809017, 0.309017, 0.5, 0.0, 0.309017, 0.5, -0.809017, 0.0, -0.5, 0.809017, 0.309017, 0.0, 0.0, 0.0, 0.0, 1.0 ], [ -0.5, 0.809017, 0.309017, 0.0, 0.809017, 0.309017, 0.5, 0.0, 0.309017, 0.5, -0.809017, 0.0, 0.0, 0.0, 0.0, 1.0 ], [ 0.309017, 0.5, -0.809017, 0.0, -0.5, 0.809017, 0.309017, 0.0, 0.809017, 0.309017, 0.5, 0.0, 0.0, 0.0, 0.0, 1.0 ], [ 0.5, 0.809017, 0.309017, 0.0, 0.809017, -0.309017, -0.5, 0.0, -0.309017, 0.5, -0.809017, 0.0, 0.0, 0.0, 0.0, 1.0 ], [ -0.309017, 0.5, -0.809017, 0.0, 0.5, 0.809017, 0.309017, 0.0, 0.809017, -0.309017, -0.5, 0.0, 0.0, 0.0, 0.0, 1.0 ], [ 0.809017, -0.309017, -0.5, 0.0, -0.309017, 0.5, -0.809017, 0.0, 0.5, 0.809017, 0.309017, 0.0, 0.0, 0.0, 0.0, 1.0 ], [ 0.5, 0.809017, -0.309017, 0.0, 0.809017, -0.309017, 0.5, 0.0, 0.309017, -0.5, -0.809017, 0.0, 0.0, 0.0, 0.0, 1.0 ], [ 0.309017, -0.5, -0.809017, 0.0, 0.5, 0.809017, -0.309017, 0.0, 0.809017, -0.309017, 0.5, 0.0, 0.0, 0.0, 0.0, 1.0 ], [ 0.809017, -0.309017, 0.5, 0.0, 0.309017, -0.5, -0.809017, 0.0, 0.5, 0.809017, -0.309017, 0.0, 0.0, 0.0, 0.0, 1.0 ], [ 0.809017, 0.309017, -0.5, 0.0, 0.309017, 0.5, 0.809017, 0.0, 0.5, -0.809017, 0.309017, 0.0, 0.0, 0.0, 0.0, 1.0 ], [ 0.5, -0.809017, 0.309017, 0.0, 0.809017, 0.309017, -0.5, 0.0, 0.309017, 0.5, 0.809017, 0.0, 0.0, 0.0, 0.0, 1.0 ], [ 0.309017, 0.5, 0.809017, 0.0, 0.5, -0.809017, 0.309017, 0.0, 0.809017, 0.309017, -0.5, 0.0, 0.0, 0.0, 0.0, 1.0 ], [ 1.0, 0.0, 0.0, 0.0, 0.0, -1.0, 0.0, 0.0, 0.0, 0.0, -1.0, 0.0, 0.0, 0.0, 0.0, 1.0 ], [ 0.0, 0.0, 1.0, 0.0, -1.0, 0.0, 0.0, 0.0, 0.0, -1.0, 0.0, 0.0, 0.0, 0.0, 0.0, 1.0 ], [ 0.0, 1.0, 0.0, 0.0, 0.0, 0.0, -1.0, 0.0, -1.0, 0.0, 0.0, 0.0, 0.0, 0.0, 0.0, 1.0 ], [ 0.809017, 0.309017, 0.5, 0.0, -0.309017, -0.5, 0.809017, 0.0, 0.5, -0.809017, -0.309017, 0.0, 0.0, 0.0, 0.0, 1.0 ], [ -0.5, 0.809017, 0.309017, 0.0, -0.809017, -0.309017, -0.5, 0.0, -0.309017, -0.5, 0.809017, 0.0, 0.0, 0.0, 0.0, 1.0 ], [ 0.309017, 0.5, -0.809017, 0.0, 0.5, -0.809017, -0.309017, 0.0, -0.809017, -0.309017, -0.5, 0.0, 0.0, 0.0, 0.0, 1.0 ], [ 0.5, 0.809017, 0.309017, 0.0, -0.809017, 0.309017, 0.5, 0.0, 0.309017, -0.5, 0.809017, 0.0, 0.0, 0.0, 0.0, 1.0 ], [ -0.309017, 0.5, -0.809017, 0.0, -0.5, -0.809017, -0.309017, 0.0, -0.809017, 0.309017, 0.5, 0.0, 0.0, 0.0, 0.0, 1.0 ], [ 0.809017, -0.309017, -0.5, 0.0, 0.309017, -0.5, 0.809017, 0.0, -0.5, -0.809017, -0.309017, 0.0, 0.0, 0.0, 0.0, 1.0 ], [ 0.5, 0.809017, -0.309017, 0.0, -0.809017, 0.309017, -0.5, 0.0, -0.309017, 0.5, 0.809017, 0.0, 0.0, 0.0, 0.0, 1.0 ], [ 0.309017, -0.5, -0.809017, 0.0, -0.5, -0.809017, 0.309017, 0.0, -0.809017, 0.309017, -0.5, 0.0, 0.0, 0.0, 0.0, 1.0 ], [ 0.809017, -0.309017, 0.5, 0.0, -0.309017, 0.5, 0.809017, 0.0, -0.5, -0.809017, 0.309017, 0.0, 0.0, 0.0, 0.0, 1.0 ], [ 0.809017, 0.309017, -0.5, 0.0, -0.309017, -0.5, -0.809017, 0.0, -0.5, 0.809017, -0.309017, 0.0, 0.0, 0.0, 0.0, 1.0 ], [ 0.5, -0.809017, 0.309017, 0.0, -0.809017, -0.309017, 0.5, 0.0, -0.309017, -0.5, -0.809017, 0.0, 0.0, 0.0, 0.0, 1.0 ], [ 0.309017, 0.5, 0.809017, 0.0, -0.5, 0.809017, -0.309017, 0.0, -0.809017, -0.309017, 0.5, 0.0, 0.0, 0.0, 0.0, 1.0 ], [ -1.0, 0.0, 0.0, 0.0, 0.0, -1.0, 0.0, 0.0, 0.0, 0.0, 1.0, 0.0, 0.0, 0.0, 0.0, 1.0 ], [ 0.0, 0.0, -1.0, 0.0, -1.0, 0.0, 0.0, 0.0, 0.0, 1.0, 0.0, 0.0, 0.0, 0.0, 0.0, 1.0 ], [ 0.0, -1.0, 0.0, 0.0, 0.0, 0.0, -1.0, 0.0, 1.0, 0.0, 0.0, 0.0, 0.0, 0.0, 0.0, 1.0 ], [ -0.809017, -0.309017, -0.5, 0.0, -0.309017, -0.5, 0.809017, 0.0, -0.5, 0.809017, 0.309017, 0.0, 0.0, 0.0, 0.0, 1.0 ], [ 0.5, -0.809017, -0.309017, 0.0, -0.809017, -0.309017, -0.5, 0.0, 0.309017, 0.5, -0.809017, 0.0, 0.0, 0.0, 0.0, 1.0 ], [ -0.309017, -0.5, 0.809017, 0.0, 0.5, -0.809017, -0.309017, 0.0, 0.809017, 0.309017, 0.5, 0.0, 0.0, 0.0, 0.0, 1.0 ], [ -0.5, -0.809017, -0.309017, 0.0, -0.809017, 0.309017, 0.5, 0.0, -0.309017, 0.5, -0.809017, 0.0, 0.0, 0.0, 0.0, 1.0 ], [ 0.309017, -0.5, 0.809017, 0.0, -0.5, -0.809017, -0.309017, 0.0, 0.809017, -0.309017, -0.5, 0.0, 0.0, 0.0, 0.0, 1.0 ], [ -0.809017, 0.309017, 0.5, 0.0, 0.309017, -0.5, 0.809017, 0.0, 0.5, 0.809017, 0.309017, 0.0, 0.0, 0.0, 0.0, 1.0 ], [ -0.5, -0.809017, 0.309017, 0.0, -0.809017, 0.309017, -0.5, 0.0, 0.309017, -0.5, -0.809017, 0.0, 0.0, 0.0, 0.0, 1.0 ], [ -0.309017, 0.5, 0.809017, 0.0, -0.5, -0.809017, 0.309017, 0.0, 0.809017, -0.309017, 0.5, 0.0, 0.0, 0.0, 0.0, 1.0 ], [ -0.809017, 0.309017, -0.5, 0.0, -0.309017, 0.5, 0.809017, 0.0, 0.5, 0.809017, -0.309017, 0.0, 0.0, 0.0, 0.0, 1.0 ], [ -0.809017, -0.309017, 0.5, 0.0, -0.309017, -0.5, -0.809017, 0.0, 0.5, -0.809017, 0.309017, 0.0, 0.0, 0.0, 0.0, 1.0 ], [ -0.5, 0.809017, -0.309017, 0.0, -0.809017, -0.309017, 0.5, 0.0, 0.309017, 0.5, 0.809017, 0.0, 0.0, 0.0, 0.0, 1.0 ], [ -0.309017, -0.5, -0.809017, 0.0, -0.5, 0.809017, -0.309017, 0.0, 0.809017, 0.309017, -0.5, 0.0, 0.0, 0.0, 0.0, 1.0 ], [ -1.0, 0.0, 0.0, 0.0, 0.0, 1.0, 0.0, 0.0, 0.0, 0.0, -1.0, 0.0, 0.0, 0.0, 0.0, 1.0 ], [ 0.0, 0.0, -1.0, 0.0, 1.0, 0.0, 0.0, 0.0, 0.0, -1.0, 0.0, 0.0, 0.0, 0.0, 0.0, 1.0 ], [ 0.0, -1.0, 0.0, 0.0, 0.0, 0.0, 1.0, 0.0, -1.0, 0.0, 0.0, 0.0, 0.0, 0.0, 0.0, 1.0 ], [ -0.809017, -0.309017, -0.5, 0.0, 0.309017, 0.5, -0.809017, 0.0, 0.5, -0.809017, -0.309017, 0.0, 0.0, 0.0, 0.0, 1.0 ], [ 0.5, -0.809017, -0.309017, 0.0, 0.809017, 0.309017, 0.5, 0.0, -0.309017, -0.5, 0.809017, 0.0, 0.0, 0.0, 0.0, 1.0 ], [ -0.309017, -0.5, 0.809017, 0.0, -0.5, 0.809017, 0.309017, 0.0, -0.809017, -0.309017, -0.5, 0.0, 0.0, 0.0, 0.0, 1.0 ], [ -0.5, -0.809017, -0.309017, 0.0, 0.809017, -0.309017, -0.5, 0.0, 0.309017, -0.5, 0.809017, 0.0, 0.0, 0.0, 0.0, 1.0 ], [ 0.309017, -0.5, 0.809017, 0.0, 0.5, 0.809017, 0.309017, 0.0, -0.809017, 0.309017, 0.5, 0.0, 0.0, 0.0, 0.0, 1.0 ], [ -0.809017, 0.309017, 0.5, 0.0, -0.309017, 0.5, -0.809017, 0.0, -0.5, -0.809017, -0.309017, 0.0, 0.0, 0.0, 0.0, 1.0 ], [ -0.5, -0.809017, 0.309017, 0.0, 0.809017, -0.309017, 0.5, 0.0, -0.309017, 0.5, 0.809017, 0.0, 0.0, 0.0, 0.0, 1.0 ], [ -0.309017, 0.5, 0.809017, 0.0, 0.5, 0.809017, -0.309017, 0.0, -0.809017, 0.309017, -0.5, 0.0, 0.0, 0.0, 0.0, 1.0 ], [ -0.809017, 0.309017, -0.5, 0.0, 0.309017, -0.5, -0.809017, 0.0, -0.5, -0.809017, 0.309017, 0.0, 0.0, 0.0, 0.0, 1.0 ], [ -0.809017, -0.309017, 0.5, 0.0, 0.309017, 0.5, 0.809017, 0.0, -0.5, 0.809017, -0.309017, 0.0, 0.0, 0.0, 0.0, 1.0 ], [ -0.5, 0.809017, -0.309017, 0.0, 0.809017, 0.309017, -0.5, 0.0, -0.309017, -0.5, -0.809017, 0.0, 0.0, 0.0, 0.0, 1.0 ], [ -0.309017, -0.5, -0.809017, 0.0, 0.5, -0.809017, 0.309017, 0.0, -0.809017, -0.309017, 0.5, 0.0, 0.0, 0.0, 0.0, 1.0 ] ],
  "lights" : {
    "ambientColor" : "#292929",
    "backgroundColor" : "#AFC8DC",
    "directionalLights" : [ {
      "direction" : {
        "x" : 1.0,
        "y" : -1.0,
        "z" : -1.0
      },
      "color" : "#EBEBE4"
    }, {
      "direction" : {
        "x" : -1.0,
        "y" : 0.0,
        "z" : 0.0
      },
      "color" : "#E4E4EB"
    }, {
      "direction" : {
        "x" : 0.0,
        "y" : 0.0,
        "z" : -1.0
      },
      "color" : "#1E1E1E"
    } ]
  },
  "camera" : {
    "lookDirection" : {
      "x" : 0.58001626,
      "y" : -0.55574065,
      "z" : 0.5956025
    },
    "upDirection" : {
      "x" : -0.70389247,
      "y" : -0.70993274,
      "z" : 0.023051335
    },
    "lookAtPoint" : {
      "x" : 0.0,
      "y" : 0.0,
      "z" : 0.0
    },
    "viewDistance" : 527.8855,
    "nearClipDistance" : 1.3197137,
    "farClipDistance" : 1055.771,
    "fieldOfView" : 0.4426289,
    "perspective" : true,
    "stereo" : false,
    "width" : 237.54848,
    "position" : {
      "x" : -306.18216,
      "y" : 293.36743,
      "z" : -314.40994
    }
  },
  "embedding" : [ 1.0, 0.0, 0.0, 0.0, 0.0, 1.0, 0.0, 0.0, 0.0, 0.0, 1.0, 0.0, 0.0, 0.0, 0.0, 1.0 ],
  "shapes" : [ {
    "id" : "600bfa2f-8b06-4388-8ecd-fcc26f7eacd2",
    "vertices" : [ {
      "x" : 29.034441,
      "y" : 37.506577,
      "z" : -20.562305
    }, {
      "x" : 24.798374,
      "y" : 33.27051,
      "z" : -24.798374
    }, {
      "x" : 29.034441,
      "y" : 29.034441,
      "z" : -29.034441
    }, {
      "x" : 33.27051,
      "y" : 33.27051,
      "z" : -24.798374
    } ],
    "faces" : [ {
      "vertices" : [ 0, 1, 2 ]
    }, {
      "vertices" : [ 0, 2, 3 ]
    }, {
      "vertices" : [ 0, 3, 2 ]
    }, {
      "vertices" : [ 0, 2, 1 ]
    } ]
  }, {
    "id" : "853a6912-df20-4611-ad01-43e22076988a",
    "vertices" : [ {
      "x" : -44.36068,
      "y" : 9.472136,
      "z" : -24.798374
    }, {
      "x" : -46.978714,
      "y" : 13.708204,
      "z" : -17.944271
    }, {
      "x" : -51.214783,
      "y" : 9.472136,
      "z" : -22.18034
    } ],
    "faces" : [ {
      "vertices" : [ 0, 1, 2 ]
    }, {
      "vertices" : [ 0, 2, 1 ]
    } ]
  }, {
    "id" : "4b8f5382-7b2c-4e10-9be9-b2473760f79f",
    "vertices" : [ {
      "x" : -24.798374,
      "y" : 49.59675,
      "z" : 4.236068
    }, {
      "x" : -17.944271,
      "y" : 49.59675,
      "z" : 6.854102
    }, {
      "x" : -17.944271,
      "y" : 53.832817,
      "z" : 17.944271
    }, {
      "x" : -24.798374,
      "y" : 53.832817,
      "z" : 15.326238
    } ],
    "faces" : [ {
      "vertices" : [ 0, 1, 2 ]
    }, {
      "vertices" : [ 0, 2, 3 ]
    }, {
      "vertices" : [ 0, 3, 2 ]
    }, {
      "vertices" : [ 0, 2, 1 ]
    } ]
  }, {
    "id" : "bb343ee9-feec-44a7-8912-e490679c852f",
    "vertices" : [ {
      "x" : 2.618034,
      "y" : 11.09017,
      "z" : -55.45085
    }, {
      "x" : 2.618034,
      "y" : 13.708204,
      "z" : -53.832817
    }, {
      "x" : 6.854102,
      "y" : 17.944271,
      "z" : -49.59675
    }, {
      "x" : 6.854102,
      "y" : 15.326238,
      "z" : -51.214783
    } ],
    "faces" : [ {
      "vertices" : [ 0, 1, 2 ]
    }, {
      "vertices" : [ 0, 2, 3 ]
    }, {
      "vertices" : [ 0, 3, 2 ]
    }, {
      "vertices" : [ 0, 2, 1 ]
    } ]
  }, {
    "id" : "7c74d44e-6021-4a91-8339-ba122f4f22ec",
    "vertices" : [ {
      "x" : -22.18034,
      "y" : 40.12461,
      "z" : -2.618034
    }, {
      "x" : -22.18034,
      "y" : 42.742645,
      "z" : 4.236068
    }, {
      "x" : -17.944271,
      "y" : 46.978714,
      "z" : 0.0
    }, {
      "x" : -17.944271,
      "y" : 44.36068,
      "z" : -6.854102
    } ],
    "faces" : [ {
      "vertices" : [ 0, 1, 2 ]
    }, {
      "vertices" : [ 0, 2, 3 ]
    }, {
      "vertices" : [ 0, 3, 2 ]
    }, {
      "vertices" : [ 0, 2, 1 ]
    } ]
  }, {
    "id" : "75031171-5da6-4766-90a2-0e79d5e41ea5",
    "vertices" : [ {
      "x" : 27.416409,
      "y" : -29.034441,
      "z" : 40.12461
    }, {
      "x" : 29.034441,
      "y" : -29.034441,
      "z" : 37.506577
    }, {
      "x" : 33.27051,
      "y" : -24.798374,
      "z" : 33.27051
    }, {
      "x" : 31.652475,
      "y" : -24.798374,
      "z" : 35.888542
    } ],
    "faces" : [ {
      "vertices" : [ 0, 1, 2 ]
    }, {
      "vertices" : [ 0, 2, 3 ]
    }, {
      "vertices" : [ 0, 3, 2 ]
    }, {
      "vertices" : [ 0, 2, 1 ]
    } ]
  }, {
    "id" : "91a8ffa4-498c-4187-9b23-065aa504240b",
    "vertices" : [ {
      "x" : 24.798374,
      "y" : -29.034441,
      "z" : -49.59675
    }, {
      "x" : 29.034441,
      "y" : -22.18034,
      "z" : -46.978714
    }, {
      "x" : 22.18034,
      "y" : -22.18034,
      "z" : -49.59675
    } ],
    "faces" : [ {
      "vertices" : [ 0, 1, 2 ]
    }, {
      "vertices" : [ 0, 2, 1 ]
    } ]
  }, {
    "id" : "9c35d612-8e48-41c1-ada5-cfe6205a789c",
    "vertices" : [ {
      "x" : -51.214783,
      "y" : 6.854102,
      "z" : 15.326238
    }, {
      "x" : -46.978714,
      "y" : 11.09017,
      "z" : 11.09017
    }, {
      "x" : -40.12461,
      "y" : 17.944271,
      "z" : 17.944271
    }, {
      "x" : -44.36068,
      "y" : 13.708204,
      "z" : 22.18034
    } ],
    "faces" : [ {
      "vertices" : [ 0, 1, 2 ]
    }, {
      "vertices" : [ 0, 2, 3 ]
    }, {
      "vertices" : [ 0, 3, 2 ]
    }, {
      "vertices" : [ 0, 2, 1 ]
    } ]
  }, {
    "id" : "ec984843-6d0f-4a29-b7da-71d7a9e1897c",
    "vertices" : [ {
      "x" : 24.798374,
      "y" : -33.27051,
      "z" : -38.506577
    }, {
      "x" : 26.416409,
      "y" : -33.27051,
      "z" : -35.888542
    }, {
      "x" : 26.416409,
      "y" : -29.034441,
      "z" : -46.978714
    }, {
      "x" : 24.798374,
      "y" : -29.034441,
      "z" : -49.59675
    } ],
    "faces" : [ {
      "vertices" : [ 0, 1, 2 ]
    }, {
      "vertices" : [ 0, 2, 3 ]
    }, {
      "vertices" : [ 0, 3, 2 ]
    }, {
      "vertices" : [ 0, 2, 1 ]
    } ]
  }, {
    "id" : "a1a98663-72e1-40da-85a5-3f8646209a17",
    "vertices" : [ {
      "x" : 49.59675,
      "y" : 4.236068,
      "z" : -24.798374
    }, {
      "x" : 49.59675,
      "y" : 6.854102,
      "z" : -17.944271
    }, {
      "x" : 53.832817,
      "y" : 17.944271,
      "z" : -17.944271
    }, {
      "x" : 53.832817,
      "y" : 15.326238,
      "z" : -24.798374
    } ],
    "faces" : [ {
      "vertices" : [ 0, 1, 2 ]
    }, {
      "vertices" : [ 0, 2, 3 ]
    }, {
      "vertices" : [ 0, 3, 2 ]
    }, {
      "vertices" : [ 0, 2, 1 ]
    } ]
  }, {
    "id" : "f34b43db-bd8a-4b94-b631-9943193924b2",
    "vertices" : [ {
      "x" : -29.034441,
      "y" : 37.506577,
      "z" : 20.562305
    }, {
      "x" : -29.034441,
      "y" : 38.506577,
      "z" : 17.944271
    }, {
      "x" : -22.18034,
      "y" : 45.36068,
      "z" : 11.09017
    }, {
      "x" : -22.18034,
      "y" : 44.36068,
      "z" : 13.708204
    } ],
    "faces" : [ {
      "vertices" : [ 0, 1, 2 ]
    }, {
      "vertices" : [ 0, 2, 3 ]
    }, {
      "vertices" : [ 0, 3, 2 ]
    }, {
      "vertices" : [ 0, 2, 1 ]
    } ]
  }, {
    "id" : "24a6acf5-fb70-4cdb-a065-7c010e7baed8",
    "vertices" : [ {
      "x" : 45.36068,
      "y" : 11.09017,
      "z" : -22.18034
    }, {
      "x" : 42.742645,
      "y" : 6.854102,
      "z" : -29.034441
    }, {
      "x" : 49.59675,
      "y" : 6.854102,
      "z" : -26.416409
    } ],
    "faces" : [ {
      "vertices" : [ 0, 1, 2 ]
    }, {
      "vertices" : [ 0, 2, 1 ]
    } ]
  }, {
    "id" : "603e9c8d-d77d-421f-9dd9-9809b9567c9a",
    "vertices" : [ {
      "x" : 0.0,
      "y" : 0.0,
      "z" : -58.068882
    }, {
      "x" : 4.236068,
      "y" : -4.236068,
      "z" : -62.30495
    }, {
      "x" : 8.472136,
      "y" : 0.0,
      "z" : -58.068882
    } ],
    "faces" : [ {
      "vertices" : [ 0, 1, 2 ]
    }, {
      "vertices" : [ 0, 2, 1 ]
    } ]
  }, {
    "id" : "e113e50c-2d90-4102-9838-15a3d1b77fa1",
    "vertices" : [ {
      "x" : 15.326238,
      "y" : 42.742645,
      "z" : -6.854102
    }, {
      "x" : 11.09017,
      "y" : 46.978714,
      "z" : -2.618034
    }, {
      "x" : 17.944271,
      "y" : 46.978714,
      "z" : 0.0
    }, {
      "x" : 22.18034,
      "y" : 42.742645,
      "z" : -4.236068
    } ],
    "faces" : [ {
      "vertices" : [ 0, 1, 2 ]
    }, {
      "vertices" : [ 0, 2, 3 ]
    }, {
      "vertices" : [ 0, 3, 2 ]
    }, {
      "vertices" : [ 0, 2, 1 ]
    } ]
  }, {
    "id" : "6ba2654f-a045-4acd-aa04-4cbf8c6b4cc2",
    "vertices" : [ {
      "x" : 24.798374,
      "y" : -46.978714,
      "z" : -2.618034
    }, {
      "x" : 26.416409,
      "y" : -46.978714,
      "z" : 0.0
    }, {
      "x" : 26.416409,
      "y" : -42.742645,
      "z" : -11.09017
    }, {
      "x" : 24.798374,
      "y" : -44.36068,
      "z" : -9.472136
    } ],
    "faces" : [ {
      "vertices" : [ 0, 1, 2 ]
    }, {
      "vertices" : [ 0, 2, 3 ]
    }, {
      "vertices" : [ 0, 3, 2 ]
    }, {
      "vertices" : [ 0, 2, 1 ]
    } ]
  }, {
    "id" : "95bd2272-4f92-4c13-9949-2bf1164cbd0f",
    "vertices" : [ {
      "x" : -24.798374,
      "y" : -49.59675,
      "z" : -4.236068
    }, {
      "x" : -17.944271,
      "y" : -49.59675,
      "z" : -6.854102
    }, {
      "x" : -17.944271,
      "y" : -53.832817,
      "z" : -17.944271
    }, {
      "x" : -24.798374,
      "y" : -53.832817,
      "z" : -15.326238
    } ],
    "faces" : [ {
      "vertices" : [ 0, 1, 2 ]
    }, {
      "vertices" : [ 0, 2, 3 ]
    }, {
      "vertices" : [ 0, 3, 2 ]
    }, {
      "vertices" : [ 0, 2, 1 ]
    } ]
  }, {
    "id" : "998f3331-1054-4038-be91-6fd767815d5e",
    "vertices" : [ {
      "x" : -44.36068,
      "y" : 9.472136,
      "z" : -24.798374
    }, {
      "x" : -44.36068,
      "y" : 6.854102,
      "z" : -17.944271
    }, {
      "x" : -46.978714,
      "y" : 0.0,
      "z" : -17.944271
    }, {
      "x" : -46.978714,
      "y" : 2.618034,
      "z" : -24.798374
    } ],
    "faces" : [ {
      "vertices" : [ 0, 1, 2 ]
    }, {
      "vertices" : [ 0, 2, 3 ]
    }, {
      "vertices" : [ 0, 3, 2 ]
    }, {
      "vertices" : [ 0, 2, 1 ]
    } ]
  }, {
    "id" : "9ed29a29-0b4b-4dba-a0b6-1f50029464d1",
    "vertices" : [ {
      "x" : -35.888542,
      "y" : -29.034441,
      "z" : 26.416409
    }, {
      "x" : -38.506577,
      "y" : -22.18034,
      "z" : 26.416409
    }, {
      "x" : -38.506577,
      "y" : -24.798374,
      "z" : 33.27051
    } ],
    "faces" : [ {
      "vertices" : [ 0, 1, 2 ]
    }, {
      "vertices" : [ 0, 2, 1 ]
    } ]
  }, {
    "id" : "11805f60-be6b-4926-a681-129edc34cad8",
    "vertices" : [ {
      "x" : 42.742645,
      "y" : -6.854102,
      "z" : 29.034441
    }, {
      "x" : 45.36068,
      "y" : -11.09017,
      "z" : 22.18034
    }, {
      "x" : 42.742645,
      "y" : -4.236068,
      "z" : 22.18034
    } ],
    "faces" : [ {
      "vertices" : [ 0, 1, 2 ]
    }, {
      "vertices" : [ 0, 2, 1 ]
    } ]
  }, {
    "id" : "d07168a3-1ec9-4c77-b523-b59495c7981e",
    "vertices" : [ {
      "x" : -20.562305,
      "y" : -51.214783,
      "z" : 6.854102
    }, {
      "x" : -24.798374,
      "y" : -46.978714,
      "z" : 2.618034
    }, {
      "x" : -35.888542,
      "y" : -46.978714,
      "z" : 6.854102
    }, {
      "x" : -31.652475,
      "y" : -51.214783,
      "z" : 11.09017
    } ],
    "faces" : [ {
      "vertices" : [ 0, 1, 2 ]
    }, {
      "vertices" : [ 0, 2, 3 ]
    }, {
      "vertices" : [ 0, 3, 2 ]
    }, {
      "vertices" : [ 0, 2, 1 ]
    } ]
  }, {
    "id" : "3941eeed-bc30-4113-b22a-007f2923113c",
    "vertices" : [ {
      "x" : -51.214783,
      "y" : -1.618034,
      "z" : 6.854102
    }, {
      "x" : -58.068882,
      "y" : -8.472136,
      "z" : 0.0
    }, {
      "x" : -58.068882,
      "y" : 0.0,
      "z" : 0.0
    }, {
      "x" : -51.214783,
      "y" : 6.854102,
      "z" : 6.854102
    } ],
    "faces" : [ {
      "vertices" : [ 0, 1, 2 ]
    }, {
      "vertices" : [ 0, 2, 3 ]
    }, {
      "vertices" : [ 0, 3, 2 ]
    }, {
      "vertices" : [ 0, 2, 1 ]
    } ]
  }, {
    "id" : "f1eb879c-a6bf-4240-bed4-7e746b404a71",
    "vertices" : [ {
      "x" : 6.854102,
      "y" : -35.888542,
      "z" : -46.978714
    }, {
      "x" : 13.708204,
      "y" : -33.27051,
      "z" : -51.214783
    }, {
      "x" : 11.09017,
      "y" : -31.652475,
      "z" : -51.214783
    } ],
    "faces" : [ {
      "vertices" : [ 0, 1, 2 ]
    }, {
      "vertices" : [ 0, 2, 1 ]
    } ]
  }, {
    "id" : "adf8a623-1ade-42ab-acbd-3fbd15bbb8ee",
    "vertices" : [ {
      "x" : -33.27051,
      "y" : -24.798374,
      "z" : -33.27051
    }, {
      "x" : -37.506577,
      "y" : -29.034441,
      "z" : -29.034441
    }, {
      "x" : -33.27051,
      "y" : -33.27051,
      "z" : -24.798374
    }, {
      "x" : -29.034441,
      "y" : -29.034441,
      "z" : -29.034441
    } ],
    "faces" : [ {
      "vertices" : [ 0, 1, 2 ]
    }, {
      "vertices" : [ 0, 2, 3 ]
    }, {
      "vertices" : [ 0, 3, 2 ]
    }, {
      "vertices" : [ 0, 2, 1 ]
    } ]
  }, {
    "id" : "2f734a2b-2535-422b-a42e-c704d0c1045b",
    "vertices" : [ {
      "x" : -26.416409,
      "y" : -53.832817,
      "z" : -17.944271
    }, {
      "x" : -17.944271,
      "y" : -53.832817,
      "z" : -17.944271
    }, {
      "x" : -22.18034,
      "y" : -49.59675,
      "z" : -22.18034
    } ],
    "faces" : [ {
      "vertices" : [ 0, 1, 2 ]
    }, {
      "vertices" : [ 0, 2, 1 ]
    } ]
  }, {
    "id" : "c526760a-febd-4515-aa62-d2fbaac996c5",
    "vertices" : [ {
      "x" : 26.416409,
      "y" : -33.27051,
      "z" : -35.888542
    }, {
      "x" : 29.034441,
      "y" : -26.416409,
      "z" : -35.888542
    }, {
      "x" : 29.034441,
      "y" : -22.18034,
      "z" : -46.978714
    }, {
      "x" : 26.416409,
      "y" : -29.034441,
      "z" : -46.978714
    } ],
    "faces" : [ {
      "vertices" : [ 0, 1, 2 ]
    }, {
      "vertices" : [ 0, 2, 3 ]
    }, {
      "vertices" : [ 0, 3, 2 ]
    }, {
      "vertices" : [ 0, 2, 1 ]
    } ]
  }, {
    "id" : "7d92b93a-93d8-4152-b027-43e281a0dda6",
    "vertices" : [ {
      "x" : -49.59675,
      "y" : -4.236068,
      "z" : -24.798374
    }, {
      "x" : -49.59675,
      "y" : -6.854102,
      "z" : -17.944271
    }, {
      "x" : -53.832817,
      "y" : -17.944271,
      "z" : -17.944271
    }, {
      "x" : -53.832817,
      "y" : -15.326238,
      "z" : -24.798374
    } ],
    "faces" : [ {
      "vertices" : [ 0, 1, 2 ]
    }, {
      "vertices" : [ 0, 2, 3 ]
    }, {
      "vertices" : [ 0, 3, 2 ]
    }, {
      "vertices" : [ 0, 2, 1 ]
    } ]
  }, {
    "id" : "3a8cce0e-8f6c-428c-8aec-c355ec2c6cba",
    "vertices" : [ {
      "x" : -33.27051,
      "y" : -33.27051,
      "z" : -24.798374
    }, {
      "x" : -35.888542,
      "y" : -31.652475,
      "z" : -24.798374
    }, {
      "x" : -29.034441,
      "y" : -38.506577,
      "z" : -17.944271
    }, {
      "x" : -29.034441,
      "y" : -37.506577,
      "z" : -20.562305
    } ],
    "faces" : [ {
      "vertices" : [ 0, 1, 2 ]
    }, {
      "vertices" : [ 0, 2, 3 ]
    }, {
      "vertices" : [ 0, 3, 2 ]
    }, {
      "vertices" : [ 0, 2, 1 ]
    } ]
  }, {
    "id" : "189c175a-cde6-462b-b22a-2db64a603aae",
    "vertices" : [ {
      "x" : -29.034441,
      "y" : 40.12461,
      "z" : 27.416409
    }, {
      "x" : -22.18034,
      "y" : 40.12461,
      "z" : 24.798374
    }, {
      "x" : -17.944271,
      "y" : 35.888542,
      "z" : 29.034441
    }, {
      "x" : -24.798374,
      "y" : 35.888542,
      "z" : 31.652475
    } ],
    "faces" : [ {
      "vertices" : [ 0, 1, 2 ]
    }, {
      "vertices" : [ 0, 2, 3 ]
    }, {
      "vertices" : [ 0, 3, 2 ]
    }, {
      "vertices" : [ 0, 2, 1 ]
    } ]
  }, {
    "id" : "f0868864-1756-4b62-8155-e3527426f204",
    "vertices" : [ {
      "x" : -2.618034,
      "y" : -13.708204,
      "z" : -53.832817
    }, {
      "x" : 4.236068,
      "y" : -13.708204,
      "z" : -51.214783
    }, {
      "x" : 11.09017,
      "y" : -6.854102,
      "z" : -58.068882
    }, {
      "x" : 4.236068,
      "y" : -6.854102,
      "z" : -60.686916
    } ],
    "faces" : [ {
      "vertices" : [ 0, 1, 2 ]
    }, {
      "vertices" : [ 0, 2, 3 ]
    }, {
      "vertices" : [ 0, 3, 2 ]
    }, {
      "vertices" : [ 0, 2, 1 ]
    } ]
  }, {
    "id" : "ecab8a4f-1d01-4d97-99af-6c40c21e67e0",
    "vertices" : [ {
      "x" : -29.034441,
      "y" : -46.978714,
      "z" : -17.944271
    }, {
      "x" : -26.416409,
      "y" : -53.832817,
      "z" : -17.944271
    }, {
      "x" : -22.18034,
      "y" : -49.59675,
      "z" : -22.18034
    } ],
    "faces" : [ {
      "vertices" : [ 0, 1, 2 ]
    }, {
      "vertices" : [ 0, 2, 1 ]
    } ]
  }, {
    "id" : "f70d9ac8-bc4a-42c2-8f42-5ab46e90a403",
    "vertices" : [ {
      "x" : 6.854102,
      "y" : -26.416409,
      "z" : 49.59675
    }, {
      "x" : 6.854102,
      "y" : -29.034441,
      "z" : 42.742645
    }, {
      "x" : 0.0,
      "y" : -29.034441,
      "z" : 40.12461
    }, {
      "x" : 0.0,
      "y" : -26.416409,
      "z" : 46.978714
    } ],
    "faces" : [ {
      "vertices" : [ 0, 1, 2 ]
    }, {
      "vertices" : [ 0, 2, 3 ]
    }, {
      "vertices" : [ 0, 3, 2 ]
    }, {
      "vertices" : [ 0, 2, 1 ]
    } ]
  }, {
    "id" : "63109261-0ebd-471b-9b30-7c53a8f2e21a",
    "vertices" : [ {
      "x" : 51.214783,
      "y" : 9.472136,
      "z" : 22.18034
    }, {
      "x" : 46.978714,
      "y" : 13.708204,
      "z" : 17.944271
    }, {
      "x" : 46.978714,
      "y" : 11.09017,
      "z" : 11.09017
    }, {
      "x" : 51.214783,
      "y" : 6.854102,
      "z" : 15.326238
    } ],
    "faces" : [ {
      "vertices" : [ 0, 1, 2 ]
    }, {
      "vertices" : [ 0, 2, 3 ]
    }, {
      "vertices" : [ 0, 3, 2 ]
    }, {
      "vertices" : [ 0, 2, 1 ]
    } ]
  }, {
    "id" : "174af292-af2d-4549-9260-7d405a99c8fd",
    "vertices" : [ {
      "x" : -6.854102,
      "y" : -51.214783,
      "z" : -6.854102
    }, {
      "x" : -11.09017,
      "y" : -46.978714,
      "z" : -2.618034
    }, {
      "x" : -15.326238,
      "y" : -42.742645,
      "z" : -6.854102
    }, {
      "x" : -11.09017,
      "y" : -46.978714,
      "z" : -11.09017
    } ],
    "faces" : [ {
      "vertices" : [ 0, 1, 2 ]
    }, {
      "vertices" : [ 0, 2, 3 ]
    }, {
      "vertices" : [ 0, 3, 2 ]
    }, {
      "vertices" : [ 0, 2, 1 ]
    } ]
  }, {
    "id" : "840384d0-614f-46ad-9172-49ad4d4f393a",
    "vertices" : [ {
      "x" : 49.59675,
      "y" : 6.854102,
      "z" : -26.416409
    }, {
      "x" : 49.59675,
      "y" : 4.236068,
      "z" : -24.798374
    }, {
      "x" : 49.59675,
      "y" : 6.854102,
      "z" : -17.944271
    } ],
    "faces" : [ {
      "vertices" : [ 0, 1, 2 ]
    }, {
      "vertices" : [ 0, 2, 1 ]
    } ]
  }, {
    "id" : "bfa02c61-62ae-46c3-ae18-660c3f49a0ef",
    "vertices" : [ {
      "x" : 11.09017,
      "y" : 55.45085,
      "z" : -2.618034
    }, {
      "x" : 13.708204,
      "y" : 53.832817,
      "z" : -2.618034
    }, {
      "x" : 17.944271,
      "y" : 49.59675,
      "z" : -6.854102
    }, {
      "x" : 15.326238,
      "y" : 51.214783,
      "z" : -6.854102
    } ],
    "faces" : [ {
      "vertices" : [ 0, 1, 2 ]
    }, {
      "vertices" : [ 0, 2, 3 ]
    }, {
      "vertices" : [ 0, 3, 2 ]
    }, {
      "vertices" : [ 0, 2, 1 ]
    } ]
  }, {
    "id" : "3e6a1178-4a97-4eb2-965e-345781a82e2a",
    "vertices" : [ {
      "x" : -37.506577,
      "y" : 20.562305,
      "z" : 29.034441
    }, {
      "x" : -44.36068,
      "y" : 13.708204,
      "z" : 35.888542
    }, {
      "x" : -46.978714,
      "y" : 17.944271,
      "z" : 29.034441
    }, {
      "x" : -40.12461,
      "y" : 24.798374,
      "z" : 22.18034
    } ],
    "faces" : [ {
      "vertices" : [ 0, 1, 2 ]
    }, {
      "vertices" : [ 0, 2, 3 ]
    }, {
      "vertices" : [ 0, 3, 2 ]
    }, {
      "vertices" : [ 0, 2, 1 ]
    } ]
  }, {
    "id" : "7767c10c-85a8-483f-8b74-e7256a730881",
    "vertices" : [ {
      "x" : 17.944271,
      "y" : 40.12461,
      "z" : -17.944271
    }, {
      "x" : 11.09017,
      "y" : 46.978714,
      "z" : -11.09017
    }, {
      "x" : 15.326238,
      "y" : 42.742645,
      "z" : -6.854102
    }, {
      "x" : 22.18034,
      "y" : 35.888542,
      "z" : -13.708204
    } ],
    "faces" : [ {
      "vertices" : [ 0, 1, 2 ]
    }, {
      "vertices" : [ 0, 2, 3 ]
    }, {
      "vertices" : [ 0, 3, 2 ]
    }, {
      "vertices" : [ 0, 2, 1 ]
    } ]
  }, {
    "id" : "791be05f-7839-4f9a-b2ef-cb31278a4a0a",
    "vertices" : [ {
      "x" : 26.416409,
      "y" : 38.506577,
      "z" : 22.18034
    }, {
      "x" : 29.034441,
      "y" : 31.652475,
      "z" : 22.18034
    }, {
      "x" : 29.034441,
      "y" : 29.034441,
      "z" : 29.034441
    }, {
      "x" : 26.416409,
      "y" : 35.888542,
      "z" : 29.034441
    } ],
    "faces" : [ {
      "vertices" : [ 0, 1, 2 ]
    }, {
      "vertices" : [ 0, 2, 3 ]
    }, {
      "vertices" : [ 0, 3, 2 ]
    }, {
      "vertices" : [ 0, 2, 1 ]
    } ]
  }, {
    "id" : "5224def1-e9f0-4be9-bc6b-dfc6bd82a388",
    "vertices" : [ {
      "x" : 38.506577,
      "y" : 24.798374,
      "z" : 33.27051
    }, {
      "x" : 35.888542,
      "y" : 26.416409,
      "z" : 33.27051
    }, {
      "x" : 46.978714,
      "y" : 26.416409,
      "z" : 29.034441
    }, {
      "x" : 49.59675,
      "y" : 24.798374,
      "z" : 29.034441
    } ],
    "faces" : [ {
      "vertices" : [ 0, 1, 2 ]
    }, {
      "vertices" : [ 0, 2, 3 ]
    }, {
      "vertices" : [ 0, 3, 2 ]
    }, {
      "vertices" : [ 0, 2, 1 ]
    } ]
  }, {
    "id" : "9f1a8c82-8c38-4720-bc4c-f5dff5e811b3",
    "vertices" : [ {
      "x" : 49.59675,
      "y" : 6.854102,
      "z" : -26.416409
    }, {
      "x" : 49.59675,
      "y" : 4.236068,
      "z" : -24.798374
    }, {
      "x" : 46.978714,
      "y" : -2.618034,
      "z" : -24.798374
    }, {
      "x" : 46.978714,
      "y" : 0.0,
      "z" : -26.416409
    } ],
    "faces" : [ {
      "vertices" : [ 0, 1, 2 ]
    }, {
      "vertices" : [ 0, 2, 3 ]
    }, {
      "vertices" : [ 0, 3, 2 ]
    }, {
      "vertices" : [ 0, 2, 1 ]
    } ]
  }, {
    "id" : "197109d9-3962-4f7f-b67c-441f2feae282",
    "vertices" : [ {
      "x" : -9.472136,
      "y" : 24.798374,
      "z" : -44.36068
    }, {
      "x" : -6.854102,
      "y" : 17.944271,
      "z" : -44.36068
    }, {
      "x" : 0.0,
      "y" : 17.944271,
      "z" : -46.978714
    }, {
      "x" : -2.618034,
      "y" : 24.798374,
      "z" : -46.978714
    } ],
    "faces" : [ {
      "vertices" : [ 0, 1, 2 ]
    }, {
      "vertices" : [ 0, 2, 3 ]
    }, {
      "vertices" : [ 0, 3, 2 ]
    }, {
      "vertices" : [ 0, 2, 1 ]
    } ]
  }, {
    "id" : "39f08da1-5d22-4b91-a218-aff40310f312",
    "vertices" : [ {
      "x" : -6.854102,
      "y" : 20.562305,
      "z" : -51.214783
    }, {
      "x" : -2.618034,
      "y" : 24.798374,
      "z" : -46.978714
    }, {
      "x" : -6.854102,
      "y" : 35.888542,
      "z" : -46.978714
    }, {
      "x" : -11.09017,
      "y" : 31.652475,
      "z" : -51.214783
    } ],
    "faces" : [ {
      "vertices" : [ 0, 1, 2 ]
    }, {
      "vertices" : [ 0, 2, 3 ]
    }, {
      "vertices" : [ 0, 3, 2 ]
    }, {
      "vertices" : [ 0, 2, 1 ]
    } ]
  }, {
    "id" : "235eab27-6129-48f0-8f5c-b3c11953fabd",
    "vertices" : [ {
      "x" : 6.854102,
      "y" : 26.416409,
      "z" : -49.59675
    }, {
      "x" : 6.854102,
      "y" : 29.034441,
      "z" : -42.742645
    }, {
      "x" : 0.0,
      "y" : 29.034441,
      "z" : -40.12461
    }, {
      "x" : 0.0,
      "y" : 26.416409,
      "z" : -46.978714
    } ],
    "faces" : [ {
      "vertices" : [ 0, 1, 2 ]
    }, {
      "vertices" : [ 0, 2, 3 ]
    }, {
      "vertices" : [ 0, 3, 2 ]
    }, {
      "vertices" : [ 0, 2, 1 ]
    } ]
  }, {
    "id" : "e6714b6a-a715-4dd6-90eb-6995af5eef43",
    "vertices" : [ {
      "x" : 46.978714,
      "y" : -13.708204,
      "z" : -17.944271
    }, {
      "x" : 44.36068,
      "y" : -6.854102,
      "z" : -17.944271
    }, {
      "x" : 44.36068,
      "y" : -4.236068,
      "z" : -11.09017
    }, {
      "x" : 46.978714,
      "y" : -11.09017,
      "z" : -11.09017
    } ],
    "faces" : [ {
      "vertices" : [ 0, 1, 2 ]
    }, {
      "vertices" : [ 0, 2, 3 ]
    }, {
      "vertices" : [ 0, 3, 2 ]
    }, {
      "vertices" : [ 0, 2, 1 ]
    } ]
  }, {
    "id" : "012c3de8-bb68-4eb0-b698-c8972b7c0b57",
    "vertices" : [ {
      "x" : 35.888542,
      "y" : 13.708204,
      "z" : 22.18034
    }, {
      "x" : 40.12461,
      "y" : 2.618034,
      "z" : 22.18034
    }, {
      "x" : 44.36068,
      "y" : 6.854102,
      "z" : 17.944271
    }, {
      "x" : 40.12461,
      "y" : 17.944271,
      "z" : 17.944271
    } ],
    "faces" : [ {
      "vertices" : [ 0, 1, 2 ]
    }, {
      "vertices" : [ 0, 2, 3 ]
    }, {
      "vertices" : [ 0, 3, 2 ]
    }, {
      "vertices" : [ 0, 2, 1 ]
    } ]
  }, {
    "id" : "1a76d425-c387-4fb5-93da-4afc175219a3",
    "vertices" : [ {
      "x" : 46.978714,
      "y" : 2.618034,
      "z" : 24.798374
    }, {
      "x" : 44.36068,
      "y" : 9.472136,
      "z" : 24.798374
    }, {
      "x" : 51.214783,
      "y" : 9.472136,
      "z" : 22.18034
    } ],
    "faces" : [ {
      "vertices" : [ 0, 1, 2 ]
    }, {
      "vertices" : [ 0, 2, 1 ]
    } ]
  }, {
    "id" : "3665b4d4-389a-4bcd-8b4a-04082a837cf7",
    "vertices" : [ {
      "x" : -4.236068,
      "y" : 4.236068,
      "z" : -62.30495
    }, {
      "x" : -11.09017,
      "y" : 6.854102,
      "z" : -58.068882
    }, {
      "x" : -8.472136,
      "y" : 0.0,
      "z" : -58.068882
    } ],
    "faces" : [ {
      "vertices" : [ 0, 1, 2 ]
    }, {
      "vertices" : [ 0, 2, 1 ]
    } ]
  }, {
    "id" : "f05f986d-1bb6-4ed2-a367-5b53e851d7ad",
    "vertices" : [ {
      "x" : 33.27051,
      "y" : -33.27051,
      "z" : 24.798374
    }, {
      "x" : 29.034441,
      "y" : -37.506577,
      "z" : 20.562305
    }, {
      "x" : 29.034441,
      "y" : -40.12461,
      "z" : 27.416409
    } ],
    "faces" : [ {
      "vertices" : [ 0, 1, 2 ]
    }, {
      "vertices" : [ 0, 2, 1 ]
    } ]
  }, {
    "id" : "6f08c54f-0f62-43cf-9fe2-dfb12d297c6e",
    "vertices" : [ {
      "x" : -51.214783,
      "y" : -9.472136,
      "z" : 22.18034
    }, {
      "x" : -46.978714,
      "y" : -13.708204,
      "z" : 17.944271
    }, {
      "x" : -46.978714,
      "y" : -11.09017,
      "z" : 11.09017
    }, {
      "x" : -51.214783,
      "y" : -6.854102,
      "z" : 15.326238
    } ],
    "faces" : [ {
      "vertices" : [ 0, 1, 2 ]
    }, {
      "vertices" : [ 0, 2, 3 ]
    }, {
      "vertices" : [ 0, 3, 2 ]
    }, {
      "vertices" : [ 0, 2, 1 ]
    } ]
  }, {
    "id" : "e5837d1e-84f4-47e9-8456-f8a30746a0f0",
    "vertices" : [ {
      "x" : -2.618034,
      "y" : 4.236068,
      "z" : -51.214783
    }, {
      "x" : -6.854102,
      "y" : 0.0,
      "z" : -46.978714
    }, {
      "x" : -2.618034,
      "y" : -11.09017,
      "z" : -46.978714
    }, {
      "x" : 1.618034,
      "y" : -6.854102,
      "z" : -51.214783
    } ],
    "faces" : [ {
      "vertices" : [ 0, 1, 2 ]
    }, {
      "vertices" : [ 0, 2, 3 ]
    }, {
      "vertices" : [ 0, 3, 2 ]
    }, {
      "vertices" : [ 0, 2, 1 ]
    } ]
  }, {
    "id" : "8b5005d4-246d-457d-bde2-a4e998316868",
    "vertices" : [ {
      "x" : 38.506577,
      "y" : -24.798374,
      "z" : -33.27051
    }, {
      "x" : 35.888542,
      "y" : -26.416409,
      "z" : -33.27051
    }, {
      "x" : 29.034441,
      "y" : -26.416409,
      "z" : -35.888542
    }, {
      "x" : 31.652475,
      "y" : -24.798374,
      "z" : -35.888542
    } ],
    "faces" : [ {
      "vertices" : [ 0, 1, 2 ]
    }, {
      "vertices" : [ 0, 2, 3 ]
    }, {
      "vertices" : [ 0, 3, 2 ]
    }, {
      "vertices" : [ 0, 2, 1 ]
    } ]
  }, {
    "id" : "506e9cab-ba31-4959-bee2-1e3a6aef4be4",
    "vertices" : [ {
      "x" : 22.18034,
      "y" : -26.416409,
      "z" : -38.506577
    }, {
      "x" : 29.034441,
      "y" : -26.416409,
      "z" : -35.888542
    }, {
      "x" : 29.034441,
      "y" : -22.18034,
      "z" : -46.978714
    }, {
      "x" : 22.18034,
      "y" : -22.18034,
      "z" : -49.59675
    } ],
    "faces" : [ {
      "vertices" : [ 0, 1, 2 ]
    }, {
      "vertices" : [ 0, 2, 3 ]
    }, {
      "vertices" : [ 0, 3, 2 ]
    }, {
      "vertices" : [ 0, 2, 1 ]
    } ]
  }, {
    "id" : "88321cd2-9fda-4910-9120-9c38245b0949",
    "vertices" : [ {
      "x" : 0.0,
      "y" : 0.0,
      "z" : -44.36068
    }, {
      "x" : 4.236068,
      "y" : -11.09017,
      "z" : -44.36068
    }, {
      "x" : -2.618034,
      "y" : -11.09017,
      "z" : -46.978714
    }, {
      "x" : -6.854102,
      "y" : 0.0,
      "z" : -46.978714
    } ],
    "faces" : [ {
      "vertices" : [ 0, 1, 2 ]
    }, {
      "vertices" : [ 0, 2, 3 ]
    }, {
      "vertices" : [ 0, 3, 2 ]
    }, {
      "vertices" : [ 0, 2, 1 ]
    } ]
  }, {
    "id" : "735a8aa4-3193-4487-96cc-b0fa9c64ad81",
    "vertices" : [ {
      "x" : -33.27051,
      "y" : 38.506577,
      "z" : -24.798374
    }, {
      "x" : -33.27051,
      "y" : 35.888542,
      "z" : -26.416409
    }, {
      "x" : -29.034441,
      "y" : 46.978714,
      "z" : -26.416409
    }, {
      "x" : -29.034441,
      "y" : 49.59675,
      "z" : -24.798374
    } ],
    "faces" : [ {
      "vertices" : [ 0, 1, 2 ]
    }, {
      "vertices" : [ 0, 2, 3 ]
    }, {
      "vertices" : [ 0, 3, 2 ]
    }, {
      "vertices" : [ 0, 2, 1 ]
    } ]
  }, {
    "id" : "8b6a8c78-ed23-46be-951d-f592a6a31ba3",
    "vertices" : [ {
      "x" : -22.18034,
      "y" : -46.978714,
      "z" : 29.034441
    }, {
      "x" : -29.034441,
      "y" : -49.59675,
      "z" : 24.798374
    }, {
      "x" : -29.034441,
      "y" : -46.978714,
      "z" : 26.416409
    } ],
    "faces" : [ {
      "vertices" : [ 0, 1, 2 ]
    }, {
      "vertices" : [ 0, 2, 1 ]
    } ]
  }, {
    "id" : "88603ed3-3d9b-4a74-bf5a-912eb12762be",
    "vertices" : [ {
      "x" : 33.27051,
      "y" : 33.27051,
      "z" : -24.798374
    }, {
      "x" : 29.034441,
      "y" : 37.506577,
      "z" : -29.034441
    }, {
      "x" : 24.798374,
      "y" : 33.27051,
      "z" : -33.27051
    }, {
      "x" : 29.034441,
      "y" : 29.034441,
      "z" : -29.034441
    } ],
    "faces" : [ {
      "vertices" : [ 0, 1, 2 ]
    }, {
      "vertices" : [ 0, 2, 3 ]
    }, {
      "vertices" : [ 0, 3, 2 ]
    }, {
      "vertices" : [ 0, 2, 1 ]
    } ]
  }, {
    "id" : "0067fdb8-8405-463f-864f-09bf46cb4232",
    "vertices" : [ {
      "x" : -35.888542,
      "y" : -26.416409,
      "z" : 33.27051
    }, {
      "x" : -35.888542,
      "y" : -29.034441,
      "z" : 26.416409
    }, {
      "x" : -46.978714,
      "y" : -29.034441,
      "z" : 22.18034
    }, {
      "x" : -46.978714,
      "y" : -26.416409,
      "z" : 29.034441
    } ],
    "faces" : [ {
      "vertices" : [ 0, 1, 2 ]
    }, {
      "vertices" : [ 0, 2, 3 ]
    }, {
      "vertices" : [ 0, 3, 2 ]
    }, {
      "vertices" : [ 0, 2, 1 ]
    } ]
  }, {
    "id" : "aa692280-10a9-481b-8697-563c4b13b551",
    "vertices" : [ {
      "x" : 6.854102,
      "y" : -51.214783,
      "z" : 6.854102
    }, {
      "x" : 11.09017,
      "y" : -55.45085,
      "z" : 2.618034
    }, {
      "x" : 4.236068,
      "y" : -62.30495,
      "z" : -4.236068
    }, {
      "x" : 0.0,
      "y" : -58.068882,
      "z" : 0.0
    } ],
    "faces" : [ {
      "vertices" : [ 0, 1, 2 ]
    }, {
      "vertices" : [ 0, 2, 3 ]
    }, {
      "vertices" : [ 0, 3, 2 ]
    }, {
      "vertices" : [ 0, 2, 1 ]
    } ]
  }, {
    "id" : "88959d32-4c44-4fd3-97af-54510dd94f18",
    "vertices" : [ {
      "x" : -6.854102,
      "y" : 6.854102,
      "z" : 51.214783
    }, {
      "x" : -2.618034,
      "y" : 11.09017,
      "z" : 55.45085
    }, {
      "x" : 4.236068,
      "y" : 4.236068,
      "z" : 62.30495
    }, {
      "x" : 0.0,
      "y" : 0.0,
      "z" : 58.068882
    } ],
    "faces" : [ {
      "vertices" : [ 0, 1, 2 ]
    }, {
      "vertices" : [ 0, 2, 3 ]
    }, {
      "vertices" : [ 0, 3, 2 ]
    }, {
      "vertices" : [ 0, 2, 1 ]
    } ]
  }, {
    "id" : "baaa073b-6b67-4b8d-a06a-f1bcde34669e",
    "vertices" : [ {
      "x" : -15.326238,
      "y" : -51.214783,
      "z" : 6.854102
    }, {
      "x" : -11.09017,
      "y" : -46.978714,
      "z" : 11.09017
    }, {
      "x" : 0.0,
      "y" : -46.978714,
      "z" : 6.854102
    }, {
      "x" : -4.236068,
      "y" : -51.214783,
      "z" : 2.618034
    } ],
    "faces" : [ {
      "vertices" : [ 0, 1, 2 ]
    }, {
      "vertices" : [ 0, 2, 3 ]
    }, {
      "vertices" : [ 0, 3, 2 ]
    }, {
      "vertices" : [ 0, 2, 1 ]
    } ]
  }, {
    "id" : "08c77aaf-fd4a-4221-be18-49f76dff5dab",
    "vertices" : [ {
      "x" : -58.068882,
      "y" : 0.0,
      "z" : 0.0
    }, {
      "x" : -62.30495,
      "y" : 4.236068,
      "z" : -4.236068
    }, {
      "x" : -58.068882,
      "y" : 8.472136,
      "z" : 0.0
    } ],
    "faces" : [ {
      "vertices" : [ 0, 1, 2 ]
    }, {
      "vertices" : [ 0, 2, 1 ]
    } ]
  }, {
    "id" : "49557bdc-d4f7-4dd8-b93e-c8228959730f",
