{
  "field" : "golden",
  "symmetry" : "icosahedral",
  "orientations" : [ [ 1.0, 0.0, 0.0, 0.0, 0.0, 1.0, 0.0, 0.0, 0.0, 0.0, 1.0, 0.0, 0.0, 0.0, 0.0, 1.0 ], [ 0.0, 0.0, 1.0, 0.0, 1.0, 0.0, 0.0, 0.0, 0.0, 1.0, 0.0, 0.0, 0.0, 0.0, 0.0, 1.0 ], [ 0.0, 1.0, 0.0, 0.0, 0.0, 0.0, 1.0, 0.0, 1.0, 0.0, 0.0, 0.0, 0.0, 0.0, 0.0, 1.0 ], [ 0.809017, 0.309017, 0.5, 0.0, 0.309017, 0.5, -0.809017, 0.0, -0.5, 0.809017, 0.309017, 0.0, 0.0, 0.0, 0.0, 1.0 ], [ -0.5, 0.809017, 0.309017, 0.0, 0.809017, 0.309017, 0.5, 0.0, 0.309017, 0.5, -0.809017, 0.0, 0.0, 0.0, 0.0, 1.0 ], [ 0.309017, 0.5, -0.809017, 0.0, -0.5, 0.809017, 0.309017, 0.0, 0.809017, 0.309017, 0.5, 0.0, 0.0, 0.0, 0.0, 1.0 ], [ 0.5, 0.809017, 0.309017, 0.0, 0.809017, -0.309017, -0.5, 0.0, -0.309017, 0.5, -0.809017, 0.0, 0.0, 0.0, 0.0, 1.0 ], [ -0.309017, 0.5, -0.809017, 0.0, 0.5, 0.809017, 0.309017, 0.0, 0.809017, -0.309017, -0.5, 0.0, 0.0, 0.0, 0.0, 1.0 ], [ 0.809017, -0.309017, -0.5, 0.0, -0.309017, 0.5, -0.809017, 0.0, 0.5, 0.809017, 0.309017, 0.0, 0.0, 0.0, 0.0, 1.0 ], [ 0.5, 0.809017, -0.309017, 0.0, 0.809017, -0.309017, 0.5, 0.0, 0.309017, -0.5, -0.809017, 0.0, 0.0, 0.0, 0.0, 1.0 ], [ 0.309017, -0.5, -0.809017, 0.0, 0.5, 0.809017, -0.309017, 0.0, 0.809017, -0.309017, 0.5, 0.0, 0.0, 0.0, 0.0, 1.0 ], [ 0.809017, -0.309017, 0.5, 0.0, 0.309017, -0.5, -0.809017, 0.0, 0.5, 0.809017, -0.309017, 0.0, 0.0, 0.0, 0.0, 1.0 ], [ 0.809017, 0.309017, -0.5, 0.0, 0.309017, 0.5, 0.809017, 0.0, 0.5, -0.809017, 0.309017, 0.0, 0.0, 0.0, 0.0, 1.0 ], [ 0.5, -0.809017, 0.309017, 0.0, 0.809017, 0.309017, -0.5, 0.0, 0.309017, 0.5, 0.809017, 0.0, 0.0, 0.0, 0.0, 1.0 ], [ 0.309017, 0.5, 0.809017, 0.0, 0.5, -0.809017, 0.309017, 0.0, 0.809017, 0.309017, -0.5, 0.0, 0.0, 0.0, 0.0, 1.0 ], [ 1.0, 0.0, 0.0, 0.0, 0.0, -1.0, 0.0, 0.0, 0.0, 0.0, -1.0, 0.0, 0.0, 0.0, 0.0, 1.0 ], [ 0.0, 0.0, 1.0, 0.0, -1.0, 0.0, 0.0, 0.0, 0.0, -1.0, 0.0, 0.0, 0.0, 0.0, 0.0, 1.0 ], [ 0.0, 1.0, 0.0, 0.0, 0.0, 0.0, -1.0, 0.0, -1.0, 0.0, 0.0, 0.0, 0.0, 0.0, 0.0, 1.0 ], [ 0.809017, 0.309017, 0.5, 0.0, -0.309017, -0.5, 0.809017, 0.0, 0.5, -0.809017, -0.309017, 0.0, 0.0, 0.0, 0.0, 1.0 ], [ -0.5, 0.809017, 0.309017, 0.0, -0.809017, -0.309017, -0.5, 0.0, -0.309017, -0.5, 0.809017, 0.0, 0.0, 0.0, 0.0, 1.0 ], [ 0.309017, 0.5, -0.809017, 0.0, 0.5, -0.809017, -0.309017, 0.0, -0.809017, -0.309017, -0.5, 0.0, 0.0, 0.0, 0.0, 1.0 ], [ 0.5, 0.809017, 0.309017, 0.0, -0.809017, 0.309017, 0.5, 0.0, 0.309017, -0.5, 0.809017, 0.0, 0.0, 0.0, 0.0, 1.0 ], [ -0.309017, 0.5, -0.809017, 0.0, -0.5, -0.809017, -0.309017, 0.0, -0.809017, 0.309017, 0.5, 0.0, 0.0, 0.0, 0.0, 1.0 ], [ 0.809017, -0.309017, -0.5, 0.0, 0.309017, -0.5, 0.809017, 0.0, -0.5, -0.809017, -0.309017, 0.0, 0.0, 0.0, 0.0, 1.0 ], [ 0.5, 0.809017, -0.309017, 0.0, -0.809017, 0.309017, -0.5, 0.0, -0.309017, 0.5, 0.809017, 0.0, 0.0, 0.0, 0.0, 1.0 ], [ 0.309017, -0.5, -0.809017, 0.0, -0.5, -0.809017, 0.309017, 0.0, -0.809017, 0.309017, -0.5, 0.0, 0.0, 0.0, 0.0, 1.0 ], [ 0.809017, -0.309017, 0.5, 0.0, -0.309017, 0.5, 0.809017, 0.0, -0.5, -0.809017, 0.309017, 0.0, 0.0, 0.0, 0.0, 1.0 ], [ 0.809017, 0.309017, -0.5, 0.0, -0.309017, -0.5, -0.809017, 0.0, -0.5, 0.809017, -0.309017, 0.0, 0.0, 0.0, 0.0, 1.0 ], [ 0.5, -0.809017, 0.309017, 0.0, -0.809017, -0.309017, 0.5, 0.0, -0.309017, -0.5, -0.809017, 0.0, 0.0, 0.0, 0.0, 1.0 ], [ 0.309017, 0.5, 0.809017, 0.0, -0.5, 0.809017, -0.309017, 0.0, -0.809017, -0.309017, 0.5, 0.0, 0.0, 0.0, 0.0, 1.0 ], [ -1.0, 0.0, 0.0, 0.0, 0.0, -1.0, 0.0, 0.0, 0.0, 0.0, 1.0, 0.0, 0.0, 0.0, 0.0, 1.0 ], [ 0.0, 0.0, -1.0, 0.0, -1.0, 0.0, 0.0, 0.0, 0.0, 1.0, 0.0, 0.0, 0.0, 0.0, 0.0, 1.0 ], [ 0.0, -1.0, 0.0, 0.0, 0.0, 0.0, -1.0, 0.0, 1.0, 0.0, 0.0, 0.0, 0.0, 0.0, 0.0, 1.0 ], [ -0.809017, -0.309017, -0.5, 0.0, -0.309017, -0.5, 0.809017, 0.0, -0.5, 0.809017, 0.309017, 0.0, 0.0, 0.0, 0.0, 1.0 ], [ 0.5, -0.809017, -0.309017, 0.0, -0.809017, -0.309017, -0.5, 0.0, 0.309017, 0.5, -0.809017, 0.0, 0.0, 0.0, 0.0, 1.0 ], [ -0.309017, -0.5, 0.809017, 0.0, 0.5, -0.809017, -0.309017, 0.0, 0.809017, 0.309017, 0.5, 0.0, 0.0, 0.0, 0.0, 1.0 ], [ -0.5, -0.809017, -0.309017, 0.0, -0.809017, 0.309017, 0.5, 0.0, -0.309017, 0.5, -0.809017, 0.0, 0.0, 0.0, 0.0, 1.0 ], [ 0.309017, -0.5, 0.809017, 0.0, -0.5, -0.809017, -0.309017, 0.0, 0.809017, -0.309017, -0.5, 0.0, 0.0, 0.0, 0.0, 1.0 ], [ -0.809017, 0.309017, 0.5, 0.0, 0.309017, -0.5, 0.809017, 0.0, 0.5, 0.809017, 0.309017, 0.0, 0.0, 0.0, 0.0, 1.0 ], [ -0.5, -0.809017, 0.309017, 0.0, -0.809017, 0.309017, -0.5, 0.0, 0.309017, -0.5, -0.809017, 0.0, 0.0, 0.0, 0.0, 1.0 ], [ -0.309017, 0.5, 0.809017, 0.0, -0.5, -0.809017, 0.309017, 0.0, 0.809017, -0.309017, 0.5, 0.0, 0.0, 0.0, 0.0, 1.0 ], [ -0.809017, 0.309017, -0.5, 0.0, -0.309017, 0.5, 0.809017, 0.0, 0.5, 0.809017, -0.309017, 0.0, 0.0, 0.0, 0.0, 1.0 ], [ -0.809017, -0.309017, 0.5, 0.0, -0.309017, -0.5, -0.809017, 0.0, 0.5, -0.809017, 0.309017, 0.0, 0.0, 0.0, 0.0, 1.0 ], [ -0.5, 0.809017, -0.309017, 0.0, -0.809017, -0.309017, 0.5, 0.0, 0.309017, 0.5, 0.809017, 0.0, 0.0, 0.0, 0.0, 1.0 ], [ -0.309017, -0.5, -0.809017, 0.0, -0.5, 0.809017, -0.309017, 0.0, 0.809017, 0.309017, -0.5, 0.0, 0.0, 0.0, 0.0, 1.0 ], [ -1.0, 0.0, 0.0, 0.0, 0.0, 1.0, 0.0, 0.0, 0.0, 0.0, -1.0, 0.0, 0.0, 0.0, 0.0, 1.0 ], [ 0.0, 0.0, -1.0, 0.0, 1.0, 0.0, 0.0, 0.0, 0.0, -1.0, 0.0, 0.0, 0.0, 0.0, 0.0, 1.0 ], [ 0.0, -1.0, 0.0, 0.0, 0.0, 0.0, 1.0, 0.0, -1.0, 0.0, 0.0, 0.0, 0.0, 0.0, 0.0, 1.0 ], [ -0.809017, -0.309017, -0.5, 0.0, 0.309017, 0.5, -0.809017, 0.0, 0.5, -0.809017, -0.309017, 0.0, 0.0, 0.0, 0.0, 1.0 ], [ 0.5, -0.809017, -0.309017, 0.0, 0.809017, 0.309017, 0.5, 0.0, -0.309017, -0.5, 0.809017, 0.0, 0.0, 0.0, 0.0, 1.0 ], [ -0.309017, -0.5, 0.809017, 0.0, -0.5, 0.809017, 0.309017, 0.0, -0.809017, -0.309017, -0.5, 0.0, 0.0, 0.0, 0.0, 1.0 ], [ -0.5, -0.809017, -0.309017, 0.0, 0.809017, -0.309017, -0.5, 0.0, 0.309017, -0.5, 0.809017, 0.0, 0.0, 0.0, 0.0, 1.0 ], [ 0.309017, -0.5, 0.809017, 0.0, 0.5, 0.809017, 0.309017, 0.0, -0.809017, 0.309017, 0.5, 0.0, 0.0, 0.0, 0.0, 1.0 ], [ -0.809017, 0.309017, 0.5, 0.0, -0.309017, 0.5, -0.809017, 0.0, -0.5, -0.809017, -0.309017, 0.0, 0.0, 0.0, 0.0, 1.0 ], [ -0.5, -0.809017, 0.309017, 0.0, 0.809017, -0.309017, 0.5, 0.0, -0.309017, 0.5, 0.809017, 0.0, 0.0, 0.0, 0.0, 1.0 ], [ -0.309017, 0.5, 0.809017, 0.0, 0.5, 0.809017, -0.309017, 0.0, -0.809017, 0.309017, -0.5, 0.0, 0.0, 0.0, 0.0, 1.0 ], [ -0.809017, 0.309017, -0.5, 0.0, 0.309017, -0.5, -0.809017, 0.0, -0.5, -0.809017, 0.309017, 0.0, 0.0, 0.0, 0.0, 1.0 ], [ -0.809017, -0.309017, 0.5, 0.0, 0.309017, 0.5, 0.809017, 0.0, -0.5, 0.809017, -0.309017, 0.0, 0.0, 0.0, 0.0, 1.0 ], [ -0.5, 0.809017, -0.309017, 0.0, 0.809017, 0.309017, -0.5, 0.0, -0.309017, -0.5, -0.809017, 0.0, 0.0, 0.0, 0.0, 1.0 ], [ -0.309017, -0.5, -0.809017, 0.0, 0.5, -0.809017, 0.309017, 0.0, -0.809017, -0.309017, 0.5, 0.0, 0.0, 0.0, 0.0, 1.0 ] ],
  "lights" : {
    "backgroundColor" : "#FFF9F9",
    "ambientColor" : "#292929",
    "directionalLights" : [ {
      "direction" : {
        "x" : 1.0,
        "y" : -1.0,
        "z" : -1.0
      },
      "color" : "#EBEBE4"
    }, {
      "direction" : {
        "x" : -1.0,
        "y" : 0.0,
        "z" : 0.0
      },
      "color" : "#E4E4EB"
    }, {
      "direction" : {
        "x" : 0.0,
        "y" : 0.0,
        "z" : -1.0
      },
      "color" : "#1E1E1E"
    } ]
  },
  "camera" : {
    "width" : 83.96262,
    "stereo" : false,
    "lookDirection" : {
      "x" : 0.69358605,
      "y" : 0.4457651,
      "z" : 0.56588954
    },
    "upDirection" : {
      "x" : 0.47462553,
      "y" : -0.8737179,
      "z" : 0.106518716
    },
    "lookAtPoint" : {
      "x" : 0.0,
      "y" : 0.0,
      "z" : 0.0
    },
    "viewDistance" : 186.5836,
    "nearClipDistance" : 0.466459,
    "farClipDistance" : 373.1672,
    "fieldOfView" : 0.4426289,
    "perspective" : false,
    "position" : {
      "x" : -129.41179,
      "y" : -83.17246,
      "z" : -105.58571
    }
  },
  "embedding" : [ 1.0, 0.0, 0.0, 0.0, 0.0, 1.0, 0.0, 0.0, 0.0, 0.0, 1.0, 0.0, 0.0, 0.0, 0.0, 1.0 ],
  "shapes" : [ {
    "id" : "7856fd2c-f929-49a2-a7fd-da73cdde555f",
    "vertices" : [ {
      "x" : -2.745356,
      "y" : 21.204657,
      "z" : 7.663119
    }, {
      "x" : -6.172407,
      "y" : 19.89564,
      "z" : 12.399187
    }, {
      "x" : -6.981424,
      "y" : 14.350554,
      "z" : 10.281153
    }, {
      "x" : -3.554373,
      "y" : 15.659572,
      "z" : 5.545085
    } ],
    "faces" : [ {
      "vertices" : [ 0, 1, 2 ]
    }, {
      "vertices" : [ 0, 2, 3 ]
    }, {
      "vertices" : [ 0, 3, 2 ]
    }, {
      "vertices" : [ 0, 2, 1 ]
    } ]
  }, {
    "id" : "5e525e63-6eb4-411c-b442-824a04cb2e55",
    "vertices" : [ {
      "x" : 3.427051,
      "y" : 2.618034,
      "z" : -8.163119
    }, {
      "x" : 8.972136,
      "y" : 4.736068,
      "z" : -7.354102
    }, {
      "x" : 10.281153,
      "y" : 0.0,
      "z" : -3.927051
    }, {
      "x" : 4.736068,
      "y" : -2.118034,
      "z" : -4.736068
    } ],
    "faces" : [ {
      "vertices" : [ 0, 1, 2 ]
    }, {
      "vertices" : [ 0, 2, 3 ]
    }, {
      "vertices" : [ 0, 3, 2 ]
    }, {
      "vertices" : [ 0, 2, 1 ]
    } ]
  }, {
    "id" : "7d58310d-b176-46f6-b209-36a280de9e02",
    "vertices" : [ {
      "x" : 6.9177628,
      "y" : -6.5207686,
      "z" : -8.163119
    }, {
      "x" : 9.099458,
      "y" : -10.923503,
      "z" : -11.59017
    }, {
      "x" : 3.554373,
      "y" : -13.041537,
      "z" : -12.399187
    }, {
      "x" : 1.372678,
      "y" : -8.638803,
      "z" : -8.972136
    } ],
    "faces" : [ {
      "vertices" : [ 0, 1, 2 ]
    }, {
      "vertices" : [ 0, 2, 3 ]
    }, {
      "vertices" : [ 0, 3, 2 ]
    }, {
      "vertices" : [ 0, 2, 1 ]
    } ]
  }, {
    "id" : "35669ac7-2a3b-48c6-a605-f2294cbae2a0",
    "vertices" : [ {
      "x" : 10.281153,
      "y" : 5.236068,
      "z" : -17.635256
    }, {
      "x" : 11.09017,
      "y" : 10.781153,
      "z" : -15.5172205
    }, {
      "x" : 8.972136,
      "y" : 9.972136,
      "z" : -21.062305
    } ],
    "faces" : [ {
      "vertices" : [ 0, 1, 2 ]
    }, {
      "vertices" : [ 0, 2, 1 ]
    } ]
  }, {
    "id" : "17985a2a-9e7d-4441-8a28-8faa5da9d020",
    "vertices" : [ {
      "x" : 0.74535596,
      "y" : 12.065854,
      "z" : 7.663119
    }, {
      "x" : -0.5,
      "y" : 6.354102,
      "z" : 8.972136
    }, {
      "x" : 5.045085,
      "y" : 8.472136,
      "z" : 9.781153
    } ],
    "faces" : [ {
      "vertices" : [ 0, 1, 2 ]
    }, {
      "vertices" : [ 0, 2, 1 ]
    } ]
  }, {
    "id" : "b10f89f3-c40c-4d32-831a-dd0a3f655fe4",
    "vertices" : [ {
      "x" : 3.36339,
      "y" : 13.065854,
      "z" : -12.899187
    }, {
      "x" : 6.790441,
      "y" : 14.37487,
      "z" : -17.635256
    }, {
      "x" : 1.245356,
      "y" : 12.256837,
      "z" : -18.444271
    } ],
    "faces" : [ {
      "vertices" : [ 0, 1, 2 ]
    }, {
      "vertices" : [ 0, 2, 1 ]
    } ]
  }, {
    "id" : "546c5753-e9bb-4fa7-9526-fa192b80b854",
    "vertices" : [ {
      "x" : 5.608746,
      "y" : -7.0207686,
      "z" : 2.118034
    }, {
      "x" : 7.790441,
      "y" : -11.423503,
      "z" : -1.309017
    }, {
      "x" : 4.36339,
      "y" : -12.73252,
      "z" : 3.427051
    } ],
    "faces" : [ {
      "vertices" : [ 0, 1, 2 ]
    }, {
      "vertices" : [ 0, 2, 1 ]
    } ]
  }, {
    "id" : "09ae2073-142e-4e23-8fd6-e850c566e6d2",
    "vertices" : [ {
      "x" : 6.854102,
      "y" : -1.309017,
      "z" : 0.809017
    }, {
      "x" : 11.153831,
      "y" : -4.9027348,
      "z" : 2.927051
    }, {
      "x" : 8.972136,
      "y" : -0.5,
      "z" : 6.354102
    } ],
    "faces" : [ {
      "vertices" : [ 0, 1, 2 ]
    }, {
      "vertices" : [ 0, 2, 1 ]
    } ]
  }, {
    "id" : "10d520ca-27a9-4c82-9618-69529045b029",
    "vertices" : [ {
      "x" : 6.22678,
      "y" : 24.631708,
      "z" : 3.736068
    }, {
      "x" : 4.108746,
      "y" : 23.822691,
      "z" : -1.809017
    }, {
      "x" : 8.844814,
      "y" : 20.39564,
      "z" : -3.118034
    }, {
      "x" : 10.962848,
      "y" : 21.204657,
      "z" : 2.427051
    } ],
    "faces" : [ {
      "vertices" : [ 0, 1, 2 ]
    }, {
      "vertices" : [ 0, 2, 3 ]
    }, {
      "vertices" : [ 0, 3, 2 ]
    }, {
      "vertices" : [ 0, 2, 1 ]
    } ]
  }, {
    "id" : "570b05a6-f3dd-4942-ae2b-f1e7cbc22251",
    "vertices" : [ {
      "x" : 9.844814,
      "y" : -5.4027348,
      "z" : 13.208204
    }, {
      "x" : 7.72678,
      "y" : -6.2117515,
      "z" : 7.663119
    }, {
      "x" : 8.972136,
      "y" : -0.5,
      "z" : 6.354102
    }, {
      "x" : 11.09017,
      "y" : 0.309017,
      "z" : 11.899187
    } ],
    "faces" : [ {
      "vertices" : [ 0, 1, 2 ]
    }, {
      "vertices" : [ 0, 2, 3 ]
    }, {
      "vertices" : [ 0, 3, 2 ]
    }, {
      "vertices" : [ 0, 2, 1 ]
    } ]
  }, {
    "id" : "545e4403-7f0c-4df6-8756-5390f25c00af",
    "vertices" : [ {
      "x" : -13.771865,
      "y" : 6.5207686,
      "z" : 10.781153
    }, {
      "x" : -9.472136,
      "y" : 2.927051,
      "z" : 12.899187
    }, {
      "x" : -11.59017,
      "y" : 2.118034,
      "z" : 7.354102
    } ],
    "faces" : [ {
      "vertices" : [ 0, 1, 2 ]
    }, {
      "vertices" : [ 0, 2, 1 ]
    } ]
  }, {
    "id" : "3923fbc0-e3cf-4828-baca-e6b0bd42e813",
    "vertices" : [ {
      "x" : 8.472136,
      "y" : 4.545085,
      "z" : 18.753288
    }, {
      "x" : 3.736068,
      "y" : 7.972136,
      "z" : 20.062305
    }, {
      "x" : 9.281153,
      "y" : 10.09017,
      "z" : 20.871323
    } ],
    "faces" : [ {
      "vertices" : [ 0, 1, 2 ]
    }, {
      "vertices" : [ 0, 2, 1 ]
    } ]
  }, {
    "id" : "151ee254-11a9-4dbc-9a56-aaf5f074457a",
    "vertices" : [ {
      "x" : -15.326238,
      "y" : -9.781153,
      "z" : -2.427051
    }, {
      "x" : -11.026509,
      "y" : -13.37487,
      "z" : -0.309017
    }, {
      "x" : -13.208204,
      "y" : -8.972136,
      "z" : 3.118034
    } ],
    "faces" : [ {
      "vertices" : [ 0, 1, 2 ]
    }, {
      "vertices" : [ 0, 2, 1 ]
    } ]
  }, {
    "id" : "abae2a3f-e498-40e4-b27e-3a2c1c548fb0",
    "vertices" : [ {
      "x" : 4.236068,
      "y" : 2.927051,
      "z" : 7.663119
    }, {
      "x" : -0.5,
      "y" : 6.354102,
      "z" : 8.972136
    }, {
      "x" : -2.618034,
      "y" : 5.545085,
      "z" : 3.427051
    }, {
      "x" : 2.118034,
      "y" : 2.118034,
      "z" : 2.118034
    } ],
    "faces" : [ {
      "vertices" : [ 0, 1, 2 ]
    }, {
      "vertices" : [ 0, 2, 3 ]
    }, {
      "vertices" : [ 0, 3, 2 ]
    }, {
      "vertices" : [ 0, 2, 1 ]
    } ]
  }, {
    "id" : "c6784ee7-fd2a-4010-aded-97898765607a",
    "vertices" : [ {
      "x" : 0.127322,
      "y" : -14.350554,
      "z" : -7.663119
    }, {
      "x" : 2.245356,
      "y" : -13.541537,
      "z" : -2.118034
    }, {
      "x" : 6.981424,
      "y" : -16.968588,
      "z" : -3.427051
    }, {
      "x" : 4.86339,
      "y" : -17.777605,
      "z" : -8.972136
    } ],
    "faces" : [ {
      "vertices" : [ 0, 1, 2 ]
    }, {
      "vertices" : [ 0, 2, 3 ]
    }, {
      "vertices" : [ 0, 3, 2 ]
    }, {
      "vertices" : [ 0, 2, 1 ]
    } ]
  }, {
    "id" : "5dadd91c-5614-41cf-bd07-4396765e5a2c",
    "vertices" : [ {
      "x" : 9.717492,
      "y" : 15.492905,
      "z" : 3.736068
    }, {
      "x" : 11.8355255,
      "y" : 16.301922,
      "z" : 9.281153
    }, {
      "x" : 15.262577,
      "y" : 17.610939,
      "z" : 4.545085
    } ],
    "faces" : [ {
      "vertices" : [ 0, 1, 2 ]
    }, {
      "vertices" : [ 0, 2, 1 ]
    } ]
  }, {
    "id" : "da8a8fa3-e96b-49dc-a7fc-109ae1558386",
    "vertices" : [ {
      "x" : -3.427051,
      "y" : -5.236068,
      "z" : 15.0172205
    }, {
      "x" : -1.245356,
      "y" : -9.638803,
      "z" : 11.59017
    }, {
      "x" : 0.0,
      "y" : -3.927051,
      "z" : 10.281153
    } ],
    "faces" : [ {
      "vertices" : [ 0, 1, 2 ]
    }, {
      "vertices" : [ 0, 2, 1 ]
    } ]
  }, {
    "id" : "d491a816-aff7-444d-ae05-39d5c36574ec",
    "vertices" : [ {
      "x" : 3.490712,
      "y" : -7.829786,
      "z" : -3.427051
    }, {
      "x" : 6.9177628,
      "y" : -6.5207686,
      "z" : -8.163119
    }, {
      "x" : 1.372678,
      "y" : -8.638803,
      "z" : -8.972136
    } ],
    "faces" : [ {
      "vertices" : [ 0, 1, 2 ]
    }, {
      "vertices" : [ 0, 2, 1 ]
    } ]
  }, {
    "id" : "7be51b77-65b6-4ba6-b10d-45a2a962a853",
    "vertices" : [ {
      "x" : 13.208204,
      "y" : 6.354102,
      "z" : 3.736068
    }, {
      "x" : 11.09017,
      "y" : 5.545085,
      "z" : -1.809017
    }, {
      "x" : 15.826238,
      "y" : 2.118034,
      "z" : -3.118034
    }, {
      "x" : 17.944271,
      "y" : 2.927051,
      "z" : 2.427051
    } ],
    "faces" : [ {
      "vertices" : [ 0, 1, 2 ]
    }, {
      "vertices" : [ 0, 2, 3 ]
    }, {
      "vertices" : [ 0, 3, 2 ]
    }, {
      "vertices" : [ 0, 2, 1 ]
    } ]
  }, {
    "id" : "a6cd541a-b556-4a76-b348-08b0abfbcfc7",
    "vertices" : [ {
      "x" : 0.74535596,
      "y" : 12.065854,
      "z" : 7.663119
    }, {
      "x" : 5.045085,
      "y" : 8.472136,
      "z" : 9.781153
    }, {
      "x" : 8.472136,
      "y" : 9.781153,
      "z" : 5.045085
    }, {
      "x" : 4.172407,
      "y" : 13.37487,
      "z" : 2.927051
    } ],
    "faces" : [ {
      "vertices" : [ 0, 1, 2 ]
    }, {
      "vertices" : [ 0, 2, 3 ]
    }, {
      "vertices" : [ 0, 3, 2 ]
    }, {
      "vertices" : [ 0, 2, 1 ]
    } ]
  }, {
    "id" : "ed560366-967a-43e0-ba0a-56e14f6b5874",
    "vertices" : [ {
      "x" : 1.372678,
      "y" : -8.638803,
      "z" : -8.972136
    }, {
      "x" : -0.74535596,
      "y" : -9.44782,
      "z" : -14.5172205
    }, {
      "x" : 0.5,
      "y" : -3.736068,
      "z" : -15.826238
    }, {
      "x" : 2.618034,
      "y" : -2.927051,
      "z" : -10.281153
    } ],
    "faces" : [ {
      "vertices" : [ 0, 1, 2 ]
    }, {
      "vertices" : [ 0, 2, 3 ]
    }, {
      "vertices" : [ 0, 3, 2 ]
    }, {
      "vertices" : [ 0, 2, 1 ]
    } ]
  }, {
    "id" : "ca50487f-2b63-4a2f-9733-e7a891d05d1b",
    "vertices" : [ {
      "x" : -5.481424,
      "y" : -11.256837,
      "z" : 0.5
    }, {
      "x" : -3.2997289,
      "y" : -15.659572,
      "z" : -2.927051
    }, {
      "x" : -6.72678,
      "y" : -16.968588,
      "z" : 1.809017
    } ],
    "faces" : [ {
      "vertices" : [ 0, 1, 2 ]
    }, {
      "vertices" : [ 0, 2, 1 ]
    } ]
  }, {
    "id" : "c441f1ab-57b4-4bac-8229-c06320c9eac7",
    "vertices" : [ {
      "x" : -9.844814,
      "y" : 8.020768,
      "z" : -20.062305
    }, {
      "x" : -7.663119,
      "y" : 3.618034,
      "z" : -23.489357
    }, {
      "x" : -11.09017,
      "y" : 2.309017,
      "z" : -18.753288
    } ],
    "faces" : [ {
      "vertices" : [ 0, 1, 2 ]
    }, {
      "vertices" : [ 0, 2, 1 ]
    } ]
  }, {
    "id" : "dab33dec-0752-4722-b51a-d5c1c4b5ae0a",
    "vertices" : [ {
      "x" : -14.5172205,
      "y" : -4.236068,
      "z" : -0.309017
    }, {
      "x" : -20.062305,
      "y" : -6.354102,
      "z" : -1.118034
    }, {
      "x" : -17.944271,
      "y" : -5.545085,
      "z" : 4.427051
    } ],
    "faces" : [ {
      "vertices" : [ 0, 1, 2 ]
    }, {
      "vertices" : [ 0, 2, 1 ]
    } ]
  }, {
    "id" : "6bdeb763-adbb-4da2-8d3d-5a03c3eacabb",
    "vertices" : [ {
      "x" : -15.826238,
      "y" : -4.736068,
      "z" : 9.972136
    }, {
      "x" : -17.135256,
      "y" : 0.0,
      "z" : 6.545085
    }, {
      "x" : -11.59017,
      "y" : 2.118034,
      "z" : 7.354102
    }, {
      "x" : -10.281153,
      "y" : -2.618034,
      "z" : 10.781153
    } ],
    "faces" : [ {
      "vertices" : [ 0, 1, 2 ]
    }, {
      "vertices" : [ 0, 2, 3 ]
    }, {
      "vertices" : [ 0, 3, 2 ]
    }, {
      "vertices" : [ 0, 2, 1 ]
    } ]
  }, {
    "id" : "ab1ff7d0-f3a9-4a9b-a6c2-19556c120563",
    "vertices" : [ {
      "x" : 11.217492,
      "y" : -15.350554,
      "z" : 7.663119
    }, {
      "x" : 6.481424,
      "y" : -11.923503,
      "z" : 8.972136
    }, {
      "x" : 4.36339,
      "y" : -12.73252,
      "z" : 3.427051
    }, {
      "x" : 9.099458,
      "y" : -16.15957,
      "z" : 2.118034
    } ],
    "faces" : [ {
      "vertices" : [ 0, 1, 2 ]
    }, {
      "vertices" : [ 0, 2, 3 ]
    }, {
      "vertices" : [ 0, 3, 2 ]
    }, {
      "vertices" : [ 0, 2, 1 ]
    } ]
  }, {
    "id" : "8f2719ed-d4bc-4fea-9d06-cb99f2ea617c",
    "vertices" : [ {
      "x" : 12.462848,
      "y" : -4.4027348,
      "z" : -7.354102
    }, {
      "x" : 10.344814,
      "y" : -5.2117515,
      "z" : -12.899187
    }, {
      "x" : 11.59017,
      "y" : 0.5,
      "z" : -14.208204
    }, {
      "x" : 13.708204,
      "y" : 1.309017,
      "z" : -8.663119
    } ],
    "faces" : [ {
      "vertices" : [ 0, 1, 2 ]
    }, {
      "vertices" : [ 0, 2, 3 ]
    }, {
      "vertices" : [ 0, 3, 2 ]
    }, {
      "vertices" : [ 0, 2, 1 ]
    } ]
  }, {
    "id" : "0efa5b50-a847-4167-9521-0036011118cb",
    "vertices" : [ {
      "x" : -0.5,
      "y" : 6.354102,
      "z" : 8.972136
    }, {
      "x" : -6.045085,
      "y" : 4.236068,
      "z" : 8.163119
    }, {
      "x" : -4.736068,
      "y" : -0.5,
      "z" : 11.59017
    }, {
      "x" : 0.809017,
      "y" : 1.618034,
      "z" : 12.399187
    } ],
    "faces" : [ {
      "vertices" : [ 0, 1, 2 ]
    }, {
      "vertices" : [ 0, 2, 3 ]
    }, {
      "vertices" : [ 0, 3, 2 ]
    }, {
      "vertices" : [ 0, 2, 1 ]
    } ]
  }, {
    "id" : "672ca1f1-4866-40cb-96a8-f3ad7a9a1440",
    "vertices" : [ {
      "x" : -21.498646,
      "y" : 14.041537,
      "z" : -0.309017
    }, {
      "x" : -15.95356,
      "y" : 16.15957,
      "z" : 0.5
    }, {
      "x" : -14.644543,
      "y" : 11.423503,
      "z" : 3.927051
    }, {
      "x" : -20.189629,
      "y" : 9.3054695,
      "z" : 3.118034
    } ],
    "faces" : [ {
      "vertices" : [ 0, 1, 2 ]
    }, {
      "vertices" : [ 0, 2, 3 ]
    }, {
      "vertices" : [ 0, 3, 2 ]
    }, {
      "vertices" : [ 0, 2, 1 ]
    } ]
  }, {
    "id" : "1afeec99-b954-47dc-baaa-e94158a353e1",
    "vertices" : [ {
      "x" : 10.408475,
      "y" : -15.659572,
      "z" : -8.163119
    }, {
      "x" : 11.217492,
      "y" : -10.114487,
      "z" : -6.045085
    }, {
      "x" : 7.790441,
      "y" : -11.423503,
      "z" : -1.309017
    }, {
      "x" : 6.981424,
      "y" : -16.968588,
      "z" : -3.427051
    } ],
    "faces" : [ {
      "vertices" : [ 0, 1, 2 ]
    }, {
      "vertices" : [ 0, 2, 3 ]
    }, {
      "vertices" : [ 0, 3, 2 ]
    }, {
      "vertices" : [ 0, 2, 1 ]
    } ]
  }, {
    "id" : "306f9d66-3293-423c-8745-4e73c1e534da",
    "vertices" : [ {
      "x" : -1.9907119,
      "y" : -20.39564,
      "z" : 0.5
    }, {
      "x" : -3.2997289,
      "y" : -15.659572,
      "z" : -2.927051
    }, {
      "x" : 2.245356,
      "y" : -13.541537,
      "z" : -2.118034
    }, {
      "x" : 3.554373,
      "y" : -18.277605,
      "z" : 1.309017
    } ],
    "faces" : [ {
      "vertices" : [ 0, 1, 2 ]
    }, {
      "vertices" : [ 0, 2, 3 ]
    }, {
      "vertices" : [ 0, 3, 2 ]
    }, {
      "vertices" : [ 0, 2, 1 ]
    } ]
  }, {
    "id" : "852c83db-5403-4d0a-8d89-274621e8467c",
    "vertices" : [ {
      "x" : 2.86339,
      "y" : 12.87487,
      "z" : 13.208204
    }, {
      "x" : 0.74535596,
      "y" : 12.065854,
      "z" : 7.663119
    }, {
      "x" : 1.9907119,
      "y" : 17.777605,
      "z" : 6.354102
    }, {
      "x" : 4.108746,
      "y" : 18.586622,
      "z" : 11.899187
    } ],
    "faces" : [ {
      "vertices" : [ 0, 1, 2 ]
    }, {
      "vertices" : [ 0, 2, 3 ]
    }, {
      "vertices" : [ 0, 3, 2 ]
    }, {
      "vertices" : [ 0, 2, 1 ]
    } ]
  }, {
    "id" : "aea23353-3923-4380-a432-1108966d862f",
    "vertices" : [ {
      "x" : -2.681695,
      "y" : 10.756837,
      "z" : 12.399187
    }, {
      "x" : 1.618034,
      "y" : 7.163119,
      "z" : 14.5172205
    }, {
      "x" : -0.5,
      "y" : 6.354102,
      "z" : 8.972136
    } ],
    "faces" : [ {
      "vertices" : [ 0, 1, 2 ]
    }, {
      "vertices" : [ 0, 2, 1 ]
    } ]
  }, {
    "id" : "b308474b-ec68-43e6-a1b5-60fdd69e7544",
    "vertices" : [ {
      "x" : 10.59017,
      "y" : 10.59017,
      "z" : 10.59017
    }, {
      "x" : 5.045085,
      "y" : 8.472136,
      "z" : 9.781153
    }, {
      "x" : 6.354102,
      "y" : 3.736068,
      "z" : 13.208204
    }, {
      "x" : 11.899187,
      "y" : 5.854102,
      "z" : 14.0172205
    } ],
    "faces" : [ {
      "vertices" : [ 0, 1, 2 ]
    }, {
      "vertices" : [ 0, 2, 3 ]
    }, {
      "vertices" : [ 0, 3, 2 ]
    }, {
      "vertices" : [ 0, 2, 1 ]
    } ]
  }, {
    "id" : "8ad45790-4d1f-4b53-9168-1d07aa177f45",
    "vertices" : [ {
      "x" : -1.9907119,
      "y" : -20.39564,
      "z" : 0.5
    }, {
      "x" : -6.72678,
      "y" : -16.968588,
      "z" : 1.809017
    }, {
      "x" : -4.608746,
      "y" : -16.15957,
      "z" : 7.354102
    }, {
      "x" : 0.127322,
      "y" : -19.586622,
      "z" : 6.045085
    } ],
    "faces" : [ {
      "vertices" : [ 0, 1, 2 ]
    }, {
      "vertices" : [ 0, 2, 3 ]
    }, {
      "vertices" : [ 0, 3, 2 ]
    }, {
      "vertices" : [ 0, 2, 1 ]
    } ]
  }, {
    "id" : "f8a442a1-ef4d-4a64-a5fb-eb6d2a03995f",
    "vertices" : [ {
      "x" : 9.717492,
      "y" : 15.492905,
      "z" : 3.736068
    }, {
      "x" : 4.172407,
      "y" : 13.37487,
      "z" : 2.927051
    }, {
      "x" : 7.5994577,
      "y" : 14.6838875,
      "z" : -1.809017
    } ],
    "faces" : [ {
      "vertices" : [ 0, 1, 2 ]
    }, {
      "vertices" : [ 0, 2, 1 ]
    } ]
  }, {
    "id" : "4b452914-7425-4e3b-8468-d456cdcd43dd",
    "vertices" : [ {
      "x" : 2.618034,
      "y" : -2.927051,
      "z" : -10.281153
    }, {
      "x" : 6.9177628,
      "y" : -6.5207686,
      "z" : -8.163119
    }, {
      "x" : 4.736068,
      "y" : -2.118034,
      "z" : -4.736068
    } ],
    "faces" : [ {
      "vertices" : [ 0, 1, 2 ]
    }, {
      "vertices" : [ 0, 2, 1 ]
    } ]
  }, {
    "id" : "263c2938-f9bf-46f3-b0a9-a80eb7050927",
    "vertices" : [ {
      "x" : -19.31695,
      "y" : 4.4027348,
      "z" : 9.972136
    }, {
      "x" : -17.135256,
      "y" : 0.0,
      "z" : 6.545085
    }, {
      "x" : -20.562305,
      "y" : -1.309017,
      "z" : 11.281153
    } ],
    "faces" : [ {
      "vertices" : [ 0, 1, 2 ]
    }, {
      "vertices" : [ 0, 2, 1 ]
    } ]
  }, {
    "id" : "d33d4a74-0d09-4437-9558-e878c5863e08",
    "vertices" : [ {
      "x" : -12.899187,
      "y" : 1.618034,
      "z" : 17.635256
    }, {
      "x" : -9.472136,
      "y" : 2.927051,
      "z" : 12.899187
    }, {
      "x" : -13.771865,
      "y" : 6.5207686,
      "z" : 10.781153
    }, {
      "x" : -17.198915,
      "y" : 5.2117515,
      "z" : 15.5172205
    } ],
    "faces" : [ {
      "vertices" : [ 0, 1, 2 ]
    }, {
      "vertices" : [ 0, 2, 3 ]
    }, {
      "vertices" : [ 0, 3, 2 ]
    }, {
      "vertices" : [ 0, 2, 1 ]
    } ]
  }, {
    "id" : "1be44035-1ebb-4387-a7d6-85be02db226f",
    "vertices" : [ {
      "x" : 15.326238,
      "y" : 7.163119,
      "z" : 9.281153
    }, {
      "x" : 10.59017,
      "y" : 10.59017,
      "z" : 10.59017
    }, {
      "x" : 8.472136,
      "y" : 9.781153,
      "z" : 5.045085
    }, {
      "x" : 13.208204,
      "y" : 6.354102,
      "z" : 3.736068
    } ],
    "faces" : [ {
      "vertices" : [ 0, 1, 2 ]
    }, {
      "vertices" : [ 0, 2, 3 ]
    }, {
      "vertices" : [ 0, 3, 2 ]
    }, {
      "vertices" : [ 0, 2, 1 ]
    } ]
  }, {
    "id" : "99269755-a12d-480d-8f84-85fe51f8be72",
    "vertices" : [ {
      "x" : -16.698915,
      "y" : 5.4027348,
      "z" : -10.59017
    }, {
      "x" : -14.5172205,
      "y" : 1.0,
      "z" : -14.0172205
    }, {
      "x" : -17.944271,
      "y" : -0.309017,
      "z" : -9.281153
    } ],
    "faces" : [ {
      "vertices" : [ 0, 1, 2 ]
    }, {
      "vertices" : [ 0, 2, 1 ]
    } ]
  }, {
    "id" : "4039d392-198c-40ca-934e-7558306dc92d",
    "vertices" : [ {
      "x" : -0.809017,
      "y" : -4.236068,
      "z" : -5.545085
    }, {
      "x" : 1.372678,
      "y" : -8.638803,
      "z" : -8.972136
    }, {
      "x" : 2.618034,
      "y" : -2.927051,
      "z" : -10.281153
    } ],
    "faces" : [ {
      "vertices" : [ 0, 1, 2 ]
    }, {
      "vertices" : [ 0, 2, 1 ]
    } ]
  }, {
    "id" : "49f5c464-e72a-4641-8c04-64417531aacf",
    "vertices" : [ {
      "x" : -18.007933,
      "y" : 4.9027348,
      "z" : -0.309017
    }, {
      "x" : -13.708204,
      "y" : 1.309017,
      "z" : 1.809017
    }, {
      "x" : -15.826238,
      "y" : 0.5,
      "z" : -3.736068
    } ],
    "faces" : [ {
      "vertices" : [ 0, 1, 2 ]
    }, {
      "vertices" : [ 0, 2, 1 ]
    } ]
  }, {
    "id" : "e8391c75-71e7-4926-a195-e854e01488c0",
    "vertices" : [ {
      "x" : -0.809017,
      "y" : 1.0,
      "z" : -19.253288
    }, {
      "x" : 0.0,
      "y" : 6.545085,
      "z" : -17.135256
    }, {
      "x" : -2.118034,
      "y" : 5.736068,
      "z" : -22.68034
    } ],
    "faces" : [ {
      "vertices" : [ 0, 1, 2 ]
    }, {
      "vertices" : [ 0, 2, 1 ]
    } ]
  }, {
    "id" : "8c71621f-ef98-48c6-b9fb-c3f408aca6e4",
    "vertices" : [ {
      "x" : -6.354102,
      "y" : -6.354102,
      "z" : -6.354102
    }, {
      "x" : -7.5994577,
      "y" : -12.065854,
      "z" : -5.045085
    }, {
      "x" : -11.899187,
      "y" : -8.472136,
      "z" : -7.163119
    } ],
    "faces" : [ {
      "vertices" : [ 0, 1, 2 ]
    }, {
      "vertices" : [ 0, 2, 1 ]
    } ]
  }, {
    "id" : "07de5b6d-7f2a-461b-99ef-346d6c4caf99",
    "vertices" : [ {
      "x" : -13.208204,
      "y" : -3.736068,
      "z" : -10.59017
    }, {
      "x" : -17.944271,
      "y" : -0.309017,
      "z" : -9.281153
    }, {
      "x" : -15.826238,
      "y" : 0.5,
      "z" : -3.736068
    }, {
      "x" : -11.09017,
      "y" : -2.927051,
      "z" : -5.045085
    } ],
    "faces" : [ {
      "vertices" : [ 0, 1, 2 ]
    }, {
      "vertices" : [ 0, 2, 3 ]
    }, {
      "vertices" : [ 0, 3, 2 ]
    }, {
      "vertices" : [ 0, 2, 1 ]
    } ]
  }, {
    "id" : "b18e687e-5e85-4642-b17d-dff05cfbf053",
    "vertices" : [ {
      "x" : -11.09017,
      "y" : -8.163119,
      "z" : 8.663119
    }, {
      "x" : -10.281153,
      "y" : -2.618034,
      "z" : 10.781153
    }, {
      "x" : -8.972136,
      "y" : -7.354102,
      "z" : 14.208204
    } ],
    "faces" : [ {
      "vertices" : [ 0, 1, 2 ]
    }, {
      "vertices" : [ 0, 2, 1 ]
    } ]
  }, {
    "id" : "d577a77f-d107-43fd-9b15-cb8214544c8d",
    "vertices" : [ {
      "x" : -17.944271,
      "y" : -5.545085,
      "z" : 4.427051
    }, {
      "x" : -22.68034,
      "y" : -2.118034,
      "z" : 5.736068
    }, {
      "x" : -17.135256,
      "y" : 0.0,
      "z" : 6.545085
    } ],
    "faces" : [ {
      "vertices" : [ 0, 1, 2 ]
    }, {
      "vertices" : [ 0, 2, 1 ]
    } ]
  }, {
    "id" : "ee021b72-45c0-4bb1-aec0-038973d20838",
    "vertices" : [ {
      "x" : 2.618034,
      "y" : -2.927051,
      "z" : -10.281153
    }, {
      "x" : 3.427051,
      "y" : 2.618034,
      "z" : -8.163119
    }, {
      "x" : 4.736068,
      "y" : -2.118034,
      "z" : -4.736068
    } ],
    "faces" : [ {
      "vertices" : [ 0, 1, 2 ]
    }, {
      "vertices" : [ 0, 2, 1 ]
    } ]
  }, {
    "id" : "9b7a26bd-1a95-486e-bf92-bf69981ef609",
    "vertices" : [ {
      "x" : 3.490712,
      "y" : -7.829786,
      "z" : -3.427051
    }, {
      "x" : 2.245356,
      "y" : -13.541537,
      "z" : -2.118034
    }, {
      "x" : 7.790441,
      "y" : -11.423503,
      "z" : -1.309017
    } ],
    "faces" : [ {
      "vertices" : [ 0, 1, 2 ]
    }, {
      "vertices" : [ 0, 2, 1 ]
    } ]
  }, {
    "id" : "d28cda18-4241-4907-9ad0-4995673a0769",
    "vertices" : [ {
      "x" : -3.36339,
      "y" : -10.44782,
      "z" : 6.045085
    }, {
      "x" : -6.790441,
      "y" : -11.756837,
      "z" : 10.781153
    }, {
      "x" : -11.09017,
      "y" : -8.163119,
      "z" : 8.663119
    }, {
      "x" : -7.663119,
      "y" : -6.854102,
      "z" : 3.927051
    } ],
    "faces" : [ {
      "vertices" : [ 0, 1, 2 ]
    }, {
      "vertices" : [ 0, 2, 3 ]
    }, {
      "vertices" : [ 0, 3, 2 ]
    }, {
      "vertices" : [ 0, 2, 1 ]
    } ]
  }, {
    "id" : "4ee6a122-64a2-4d10-8613-302901062d68",
    "vertices" : [ {
      "x" : 6.981424,
      "y" : -16.968588,
      "z" : -3.427051
    }, {
      "x" : 10.408475,
      "y" : -15.659572,
      "z" : -8.163119
    }, {
      "x" : 4.86339,
      "y" : -17.777605,
      "z" : -8.972136
    } ],
    "faces" : [ {
      "vertices" : [ 0, 1, 2 ]
    }, {
      "vertices" : [ 0, 2, 1 ]
    } ]
  }, {
    "id" : "e5153db7-5d4a-4ef6-9566-09c3abd381a8",
    "vertices" : [ {
      "x" : -11.09017,
      "y" : -8.163119,
      "z" : 8.663119
    }, {
      "x" : -6.790441,
      "y" : -11.756837,
      "z" : 10.781153
    }, {
      "x" : -8.972136,
      "y" : -7.354102,
      "z" : 14.208204
    } ],
    "faces" : [ {
      "vertices" : [ 0, 1, 2 ]
    }, {
      "vertices" : [ 0, 2, 1 ]
    } ]
  }, {
    "id" : "b52535e4-29db-4ef8-96b5-a82c8f9132cc",
    "vertices" : [ {
      "x" : -11.09017,
      "y" : 2.309017,
      "z" : -18.753288
    }, {
      "x" : -8.972136,
      "y" : 3.118034,
      "z" : -13.208204
    }, {
      "x" : -4.236068,
      "y" : -0.309017,
      "z" : -14.5172205
    }, {
      "x" : -6.354102,
      "y" : -1.118034,
      "z" : -20.062305
    } ],
    "faces" : [ {
      "vertices" : [ 0, 1, 2 ]
    }, {
      "vertices" : [ 0, 2, 3 ]
    }, {
      "vertices" : [ 0, 3, 2 ]
    }, {
      "vertices" : [ 0, 2, 1 ]
    } ]
  }, {
    "id" : "d1aad41b-6532-4b0b-bd76-93a44c8160dc",
    "vertices" : [ {
      "x" : -11.217492,
      "y" : 12.73252,
      "z" : -0.809017
    }, {
      "x" : -6.9177628,
      "y" : 9.138803,
      "z" : 1.309017
    }, {
      "x" : -9.099458,
      "y" : 13.541537,
      "z" : 4.736068
    } ],
    "faces" : [ {
      "vertices" : [ 0, 1, 2 ]
    }, {
      "vertices" : [ 0, 2, 1 ]
    } ]
  }, {
    "id" : "f8388626-93c4-4a6f-8add-9cb4298a7c1f",
    "vertices" : [ {
      "x" : 10.408475,
      "y" : -15.659572,
      "z" : -8.163119
    }, {
      "x" : 11.217492,
      "y" : -10.114487,
      "z" : -6.045085
    }, {
      "x" : 9.099458,
      "y" : -10.923503,
      "z" : -11.59017
    } ],
    "faces" : [ {
      "vertices" : [ 0, 1, 2 ]
    }, {
      "vertices" : [ 0, 2, 1 ]
    } ]
  }, {
    "id" : "3ddbd02e-d4d5-4b65-b1db-427f2084af75",
    "vertices" : [ {
      "x" : 7.535797,
      "y" : 19.89564,
      "z" : 7.163119
    }, {
      "x" : 9.717492,
      "y" : 15.492905,
      "z" : 3.736068
    }, {
      "x" : 10.962848,
      "y" : 21.204657,
      "z" : 2.427051
    } ],
    "faces" : [ {
      "vertices" : [ 0, 1, 2 ]
    }, {
      "vertices" : [ 0, 2, 1 ]
    } ]
  }, {
    "id" : "1f7f75e3-e232-425a-b16a-2cce15035e60",
    "vertices" : [ {
      "x" : 0.0,
      "y" : 6.545085,
      "z" : -17.135256
    }, {
      "x" : 2.118034,
      "y" : 7.354102,
      "z" : -11.59017
    }, {
      "x" : 3.36339,
      "y" : 13.065854,
      "z" : -12.899187
    }, {
      "x" : 1.245356,
      "y" : 12.256837,
      "z" : -18.444271
    } ],
    "faces" : [ {
      "vertices" : [ 0, 1, 2 ]
    }, {
      "vertices" : [ 0, 2, 3 ]
    }, {
      "vertices" : [ 0, 3, 2 ]
    }, {
      "vertices" : [ 0, 2, 1 ]
    } ]
  }, {
    "id" : "f3018188-4c4c-4071-9c47-05be2673a238",
    "vertices" : [ {
      "x" : -20.062305,
      "y" : -6.354102,
      "z" : -1.118034
    }, {
      "x" : -24.798374,
      "y" : -2.927051,
      "z" : 0.19098301
    }, {
      "x" : -22.68034,
      "y" : -2.118034,
      "z" : 5.736068
    }, {
      "x" : -17.944271,
      "y" : -5.545085,
      "z" : 4.427051
    } ],
    "faces" : [ {
      "vertices" : [ 0, 1, 2 ]
    }, {
      "vertices" : [ 0, 2, 3 ]
    }, {
      "vertices" : [ 0, 3, 2 ]
    }, {
      "vertices" : [ 0, 2, 1 ]
    } ]
  }, {
    "id" : "fa1e8c7f-0c27-490b-a726-d6640e73b2e8",
    "vertices" : [ {
      "x" : 14.5172205,
      "y" : 6.854102,
      "z" : -6.545085
    }, {
      "x" : 13.208204,
      "y" : 11.59017,
      "z" : -9.972136
    }, {
      "x" : 7.663119,
      "y" : 9.472136,
      "z" : -10.781153
    }, {
      "x" : 8.972136,
      "y" : 4.736068,
      "z" : -7.354102
    } ],
    "faces" : [ {
      "vertices" : [ 0, 1, 2 ]
    }, {
      "vertices" : [ 0, 2, 3 ]
    }, {
      "vertices" : [ 0, 3, 2 ]
    }, {
      "vertices" : [ 0, 2, 1 ]
    } ]
  }, {
    "id" : "72124ef6-49a8-49e7-813f-776be70906ae",
    "vertices" : [ {
      "x" : -1.372678,
      "y" : 11.256837,
      "z" : 2.118034
    }, {
      "x" : -3.490712,
      "y" : 10.44782,
      "z" : -3.427051
    }, {
      "x" : -2.245356,
      "y" : 16.15957,
      "z" : -4.736068
    }, {
      "x" : -0.127322,
      "y" : 16.968588,
      "z" : 0.809017
    } ],
    "faces" : [ {
      "vertices" : [ 0, 1, 2 ]
    }, {
      "vertices" : [ 0, 2, 3 ]
    }, {
      "vertices" : [ 0, 3, 2 ]
    }, {
      "vertices" : [ 0, 2, 1 ]
    } ]
  }, {
    "id" : "d6d5a6f5-14c3-4fa4-a54e-4430e3cdedff",
    "vertices" : [ {
      "x" : 1.9907119,
      "y" : 17.777605,
      "z" : 6.354102
    }, {
      "x" : -2.745356,
      "y" : 21.204657,
      "z" : 7.663119
    }, {
      "x" : -3.554373,
      "y" : 15.659572,
      "z" : 5.545085
    } ],
    "faces" : [ {
      "vertices" : [ 0, 1, 2 ]
    }, {
      "vertices" : [ 0, 2, 1 ]
    } ]
  }, {
    "id" : "e8d3a579-ae63-4847-b766-7a2850611f19",
    "vertices" : [ {
      "x" : -4.36339,
      "y" : 15.350554,
      "z" : -10.281153
    }, {
      "x" : -3.554373,
      "y" : 20.89564,
      "z" : -8.163119
    }, {
      "x" : -2.245356,
      "y" : 16.15957,
      "z" : -4.736068
    } ],
    "faces" : [ {
      "vertices" : [ 0, 1, 2 ]
    }, {
      "vertices" : [ 0, 2, 1 ]
    } ]
  }, {
    "id" : "05653283-1802-463c-b659-b7943e1e51a0",
    "vertices" : [ {
      "x" : -11.09017,
      "y" : -2.927051,
      "z" : -5.045085
    }, {
      "x" : -15.826238,
      "y" : 0.5,
      "z" : -3.736068
    }, {
      "x" : -10.281153,
      "y" : 2.618034,
      "z" : -2.927051
    } ],
    "faces" : [ {
      "vertices" : [ 0, 1, 2 ]
    }, {
      "vertices" : [ 0, 2, 1 ]
    } ]
  }, {
    "id" : "27e13216-a63e-408c-880a-b680a4539eeb",
    "vertices" : [ {
      "x" : -4.236068,
      "y" : -0.309017,
      "z" : -14.5172205
    }, {
      "x" : -0.809017,
      "y" : 1.0,
      "z" : -19.253288
    }, {
      "x" : -6.354102,
      "y" : -1.118034,
      "z" : -20.062305
    } ],
    "faces" : [ {
      "vertices" : [ 0, 1, 2 ]
    }, {
      "vertices" : [ 0, 2, 1 ]
    } ]
  }, {
    "id" : "23d2d578-1089-4366-9693-5e5a1702ae45",
    "vertices" : [ {
      "x" : 6.354102,
      "y" : 3.736068,
      "z" : 13.208204
    }, {
      "x" : 5.045085,
      "y" : 8.472136,
      "z" : 9.781153
    }, {
      "x" : 1.618034,
      "y" : 7.163119,
      "z" : 14.5172205
    } ],
    "faces" : [ {
      "vertices" : [ 0, 1, 2 ]
    }, {
      "vertices" : [ 0, 2, 1 ]
    } ]
  }, {
    "id" : "d93d0fb2-4848-487c-a7e8-7488219664e4",
    "vertices" : [ {
      "x" : -7.5994577,
      "y" : -12.065854,
      "z" : -5.045085
    }, {
      "x" : -11.026509,
      "y" : -13.37487,
      "z" : -0.309017
    }, {
      "x" : -15.326238,
      "y" : -9.781153,
      "z" : -2.427051
    }, {
      "x" : -11.899187,
      "y" : -8.472136,
      "z" : -7.163119
    } ],
    "faces" : [ {
      "vertices" : [ 0, 1, 2 ]
    }, {
      "vertices" : [ 0, 2, 3 ]
    }, {
      "vertices" : [ 0, 3, 2 ]
    }, {
      "vertices" : [ 0, 2, 1 ]
    } ]
  }, {
    "id" : "6ba23215-8878-4355-8538-d9a167ba677f",
    "vertices" : [ {
      "x" : 10.281153,
      "y" : 5.236068,
      "z" : -17.635256
    }, {
      "x" : 11.09017,
      "y" : 10.781153,
      "z" : -15.5172205
    }, {
      "x" : 7.663119,
      "y" : 9.472136,
